0	0.000000	0.000000	0.000000	
1	0.000000	0.000000	0.000000	
2	0.000000	0.000000	0.000000	
3	0.000000	0.000000	0.000000	
4	0.000950	0.001918	0.001837	
5	0.000684	0.002203	0.002072	
6	0.000437	0.003021	0.002002	
7	0.000866	0.002659	0.001787	
8	0.000473	0.005627	0.002367	
9	0.000889	0.004696	0.001779	
10	0.000976	0.006118	0.002175	
11	0.001061	0.004864	0.001826	
12	0.001071	0.004689	0.002122	
13	0.001335	0.004923	0.002214	
14	0.000735	0.003780	0.001725	
15	0.000790	0.003228	0.001632	
16	0.000984	0.002429	0.001298	
17	0.000822	0.000807	0.000556	
18	0.001459	0.001300	0.000799	
19	0.001209	0.000857	0.000183	
20	0.000987	0.001460	0.000367	
21	0.001496	0.001117	0.000236	
22	0.003107	0.001993	0.000287	
23	0.003385	0.002172	-0.000084	
24	0.003361	0.001409	-0.000715	
25	0.004224	0.001745	-0.001015	
26	0.004607	0.001576	-0.001701	
27	0.004731	0.000702	-0.002638	
28	0.006324	0.001249	-0.002892	
29	0.005940	0.001596	-0.003281	
30	0.005448	0.000681	-0.004161	
31	0.006758	0.000993	-0.004338	
32	0.007136	0.002366	-0.004173	
33	0.006683	0.002991	-0.004769	
34	0.007078	0.003602	-0.004930	
35	0.007490	0.003687	-0.005017	
36	0.007295	0.003943	-0.005233	
37	0.007980	0.004907	-0.004950	
38	0.008930	0.006490	-0.004891	
39	0.008007	0.006364	-0.005559	
40	0.008447	0.006950	-0.005305	
41	0.009138	0.006976	-0.005559	
42	0.009325	0.006054	-0.006328	
43	0.009544	0.004894	-0.006888	
44	0.010080	0.004645	-0.006983	
45	0.010398	0.005167	-0.007246	
46	0.010520	0.005215	-0.007660	
47	0.011007	0.005677	-0.007869	
48	0.010990	0.006341	-0.008208	
49	0.010654	0.005908	-0.008537	
50	0.011615	0.006122	-0.008691	
51	0.011895	0.005388	-0.009399	
52	0.011117	0.005113	-0.009628	
53	0.011710	0.006159	-0.009705	
54	0.011356	0.005865	-0.010079	
55	0.011478	0.005637	-0.010492	
56	0.011662	0.005965	-0.010463	
57	0.011415	0.006045	-0.010784	
58	0.011248	0.006148	-0.010911	
59	0.012190	0.007695	-0.010188	
60	0.011718	0.007899	-0.009989	
61	0.010639	0.008562	-0.009629	
62	0.011509	0.009663	-0.008937	
63	0.011734	0.010594	-0.008265	
64	0.010809	0.011906	-0.007581	
65	0.010403	0.011989	-0.007315	
66	0.010376	0.012011	-0.006979	
67	0.010230	0.013605	-0.006117	
68	0.009143	0.013819	-0.005991	
69	0.007288	0.014459	-0.006043	
70	0.005854	0.014577	-0.006185	
71	0.003515	0.013425	-0.007358	
72	0.000721	0.013274	-0.008732	
73	-0.002265	0.011090	-0.011620	
74	-0.007776	0.009485	-0.015320	
75	-0.014464	0.008518	-0.019024	
76	-0.019719	0.007966	-0.023310	
77	-0.032857	0.005165	-0.032993	
78	-0.041493	0.004283	-0.037841	
79	-0.050473	0.004466	-0.042056	
80	-0.059351	0.003995	-0.046755	
81	-0.068538	0.003870	-0.051082	
82	-0.079801	0.004568	-0.055651	
83	-0.090774	0.006569	-0.059482	
84	-0.101396	0.008143	-0.063030	
85	-0.112919	0.010608	-0.066212	
86	-0.125115	0.012689	-0.069120	
87	-0.138435	0.015624	-0.071543	
88	-0.151462	0.018599	-0.073824	
89	-0.163396	0.021011	-0.076077	
90	-0.176889	0.022788	-0.078752	
91	-0.189075	0.026736	-0.080183	
92	-0.200298	0.030256	-0.081853	
93	-0.212975	0.032728	-0.083742	
94	-0.224703	0.034593	-0.085056	
95	-0.235392	0.036220	-0.087014	
96	-0.245513	0.038443	-0.088595	
97	-0.255529	0.038737	-0.090294	
98	-0.265616	0.038276	-0.091934	
99	-0.276011	0.038120	-0.092626	
100	-0.284496	0.038076	-0.093210	
101	-0.295040	0.036496	-0.093719	
102	-0.305111	0.035769	-0.093611	
103	-0.314216	0.034613	-0.093383	
104	-0.322433	0.032720	-0.093541	
105	-0.331784	0.030447	-0.093770	
106	-0.341721	0.029347	-0.092981	
107	-0.349528	0.028983	-0.091894	
108	-0.368627	0.025207	-0.090420	
109	-0.377891	0.024619	-0.088663	
110	-0.387148	0.023713	-0.086957	
111	-0.396867	0.022360	-0.084554	
112	-0.408359	0.021213	-0.081883	
113	-0.419378	0.020434	-0.079091	
114	-0.429618	0.018097	-0.076467	
115	-0.440337	0.014569	-0.073337	
116	-0.452496	0.010367	-0.070189	
117	-0.462746	0.007198	-0.066037	
118	-0.470154	0.005379	-0.060229	
119	-0.494022	-0.000799	-0.048222	
120	-0.502047	-0.001319	-0.040509	
121	-0.506982	-0.005508	-0.033477	
122	-0.516380	-0.009113	-0.026478	
123	-0.523990	-0.010212	-0.019534	
124	-0.531928	-0.014743	-0.014065	
125	-0.539407	-0.018540	-0.008038	
126	-0.546799	-0.020821	-0.002208	
127	-0.555011	-0.025584	0.002135	
128	-0.562050	-0.029838	0.006851	
129	-0.567950	-0.033566	0.011573	
130	-0.576556	-0.037741	0.015911	
131	-0.582745	-0.040579	0.021100	
132	-0.588680	-0.044474	0.026430	
133	-0.594871	-0.048493	0.031522	
134	-0.609960	-0.053375	0.042645	
135	-0.617327	-0.056173	0.048403	
136	-0.625403	-0.057928	0.053999	
137	-0.633486	-0.060734	0.059440	
138	-0.647696	-0.065394	0.070529	
139	-0.656576	-0.066277	0.076261	
140	-0.674117	-0.070222	0.087481	
141	-0.682717	-0.072301	0.093148	
142	-0.692040	-0.072419	0.099343	
143	-0.700984	-0.074130	0.105057	
144	-0.709789	-0.076582	0.110703	
145	-0.717666	-0.079420	0.115806	
146	-0.727493	-0.083660	0.120635	
147	-0.737350	-0.084335	0.126355	
148	-0.745374	-0.087967	0.131306	
149	-0.754104	-0.090743	0.136370	
150	-0.763565	-0.091900	0.142154	
151	-0.778271	-0.098515	0.153151	
152	-0.786091	-0.100354	0.158513	
153	-0.792464	-0.104107	0.163530	
154	-0.797012	-0.108272	0.168369	
155	-0.803596	-0.109625	0.173724	
156	-0.810030	-0.110965	0.179353	
157	-0.814552	-0.113675	0.184931	
158	-0.819393	-0.117226	0.190514	
159	-0.826293	-0.119650	0.196512	
160	-0.831174	-0.121577	0.202432	
161	-0.835373	-0.124986	0.207765	
162	-0.841246	-0.126342	0.212966	
163	-0.848045	-0.127787	0.218254	
164	-0.852629	-0.129824	0.223264	
165	-0.857251	-0.133057	0.227649	
166	-0.863814	-0.134680	0.232588	
167	-0.868924	-0.136931	0.237650	
168	-0.872323	-0.140157	0.242033	
169	-0.878395	-0.141965	0.247383	
170	-0.885097	-0.143667	0.253030	
171	-0.889202	-0.149435	0.258060	
172	-0.894520	-0.154326	0.263101	
173	-0.901250	-0.157733	0.268594	
174	-0.911359	-0.164084	0.280258	
175	-0.917547	-0.168338	0.286414	
176	-0.923319	-0.170619	0.292979	
177	-0.927814	-0.174420	0.299706	
178	-0.932533	-0.178145	0.306437	
179	-0.937838	-0.182159	0.313270	
180	-0.942587	-0.185876	0.319825	
181	-0.947636	-0.188792	0.326181	
182	-0.952015	-0.192235	0.332000	
183	-0.958212	-0.197151	0.338226	
184	-0.962535	-0.198663	0.344368	
185	-0.965102	-0.202583	0.349266	
186	-0.971262	-0.204184	0.355005	
187	-0.978159	-0.206617	0.360690	
188	-0.982913	-0.208713	0.366011	
189	-0.987401	-0.210549	0.371217	
190	-0.995405	-0.211016	0.377254	
191	-1.002607	-0.211889	0.383513	
192	-1.007570	-0.212615	0.389817	
193	-1.013016	-0.213989	0.395762	
194	-1.022026	-0.214509	0.402431	
195	-1.031975	-0.214164	0.409434	
196	-1.040736	-0.215655	0.415296	
197	-1.050494	-0.215985	0.420775	
198	-1.063190	-0.217043	0.426767	
199	-1.073877	-0.217360	0.431686	
200	-1.083696	-0.218311	0.436087	
201	-1.094810	-0.218675	0.440770	
202	-1.107517	-0.218856	0.445977	
203	-1.116334	-0.218221	0.449911	
204	-1.126875	-0.220134	0.454360	
205	-1.147149	-0.222937	0.462792	
206	-1.154887	-0.224094	0.466181	
207	-1.165054	-0.227174	0.470693	
208	-1.174572	-0.229891	0.475193	
209	-1.180666	-0.230779	0.479105	
210	-1.188270	-0.234120	0.482908	
211	-1.198004	-0.236829	0.488191	
212	-1.203660	-0.238568	0.492542	
213	-1.209407	-0.241241	0.496702	
214	-1.218381	-0.245418	0.502001	
215	-1.223581	-0.246433	0.507272	
216	-1.227792	-0.249536	0.511797	
217	-1.235679	-0.253075	0.517657	
218	-1.240116	-0.255505	0.523495	
219	-1.244490	-0.257723	0.529222	
220	-1.250008	-0.261418	0.535228	
221	-1.255195	-0.263796	0.541435	
222	-1.259228	-0.267130	0.547205	
223	-1.263892	-0.271527	0.553268	
224	-1.268803	-0.275106	0.559619	
225	-1.272239	-0.279169	0.565615	
226	-1.276528	-0.283415	0.572210	
227	-1.278671	-0.287468	0.578322	
228	-1.281456	-0.292848	0.584463	
229	-1.285302	-0.299301	0.590608	
230	-1.288604	-0.303794	0.596567	
231	-1.292046	-0.308071	0.602191	
232	-1.295985	-0.312715	0.608288	
233	-1.298279	-0.317817	0.613811	
234	-1.301982	-0.322894	0.619802	
235	-1.307865	-0.326635	0.626978	
236	-1.311363	-0.330788	0.632838	
237	-1.314895	-0.335068	0.638539	
238	-1.319374	-0.338901	0.644562	
239	-1.323493	-0.342135	0.650799	
240	-1.327587	-0.345306	0.656997	
241	-1.333140	-0.349864	0.663229	
242	-1.338323	-0.352435	0.669204	
243	-1.342916	-0.355652	0.674367	
244	-1.349401	-0.360040	0.680178	
245	-1.355044	-0.363086	0.685652	
246	-1.359112	-0.367553	0.689927	
247	-1.364660	-0.372830	0.694097	
248	-1.370410	-0.376674	0.698090	
249	-1.375612	-0.380505	0.701487	
250	-1.381148	-0.385093	0.704391	
251	-1.389027	-0.387956	0.707540	
252	-1.395511	-0.390394	0.710663	
253	-1.402627	-0.394464	0.712969	
254	-1.412174	-0.396502	0.715868	
255	-1.420706	-0.397687	0.717915	
256	-1.439583	-0.401119	0.721007	
257	-1.450638	-0.400810	0.722532	
258	-1.470287	-0.400730	0.723879	
259	-1.482131	-0.400740	0.725099	
260	-1.493128	-0.400033	0.726259	
261	-1.503339	-0.398540	0.727314	
262	-1.513825	-0.398516	0.728397	
263	-1.524348	-0.399608	0.729592	
264	-1.534312	-0.397742	0.731487	
265	-1.544138	-0.397278	0.732758	
266	-1.555411	-0.398055	0.734124	
267	-1.564632	-0.398001	0.735975	
268	-1.573931	-0.399134	0.737415	
269	-1.585270	-0.399041	0.739876	
270	-1.595349	-0.397700	0.742624	
271	-1.605098	-0.398114	0.745106	
272	-1.614717	-0.399023	0.747722	
273	-1.623350	-0.399602	0.750744	
274	-1.632256	-0.400505	0.753840	
275	-1.641644	-0.398045	0.758089	
276	-1.649906	-0.396432	0.762898	
277	-1.658518	-0.394091	0.768411	
278	-1.666567	-0.389541	0.775051	
279	-1.673872	-0.385482	0.782218	
280	-1.680525	-0.380679	0.789839	
281	-1.686697	-0.375252	0.797749	
282	-1.691205	-0.370891	0.805450	
283	-1.694914	-0.366979	0.813751	
284	-1.698534	-0.363153	0.821812	
285	-1.701145	-0.360111	0.829160	
286	-1.703973	-0.359115	0.837178	
287	-1.706779	-0.356668	0.846551	
288	-1.706152	-0.353245	0.854832	
289	-1.707472	-0.353324	0.862406	
290	-1.708395	-0.350914	0.871194	
291	-1.708230	-0.348518	0.880243	
292	-1.708448	-0.347371	0.888868	
293	-1.709160	-0.345577	0.897959	
294	-1.710012	-0.343056	0.907598	
295	-1.710848	-0.340841	0.916858	
296	-1.711650	-0.340982	0.925791	
297	-1.713035	-0.340702	0.934858	
298	-1.713758	-0.341286	0.943402	
299	-1.714819	-0.342697	0.950507	
300	-1.717214	-0.343451	0.958823	
301	-1.719462	-0.344936	0.966715	
302	-1.721586	-0.344801	0.975080	
303	-1.723713	-0.347211	0.982012	
304	-1.725944	-0.349729	0.989083	
305	-1.728239	-0.353765	0.995916	
306	-1.731769	-0.356966	1.002114	
307	-1.735547	-0.357828	1.009484	
308	-1.739680	-0.361237	1.015877	
309	-1.743249	-0.364952	1.021697	
310	-1.746938	-0.367927	1.027793	
311	-1.750631	-0.370068	1.033806	
312	-1.754242	-0.373543	1.039220	
313	-1.758083	-0.377176	1.044751	
314	-1.762124	-0.378515	1.051037	
315	-1.766213	-0.382457	1.056898	
316	-1.771217	-0.386020	1.062071	
317	-1.775934	-0.390762	1.067188	
318	-1.781335	-0.394955	1.072666	
319	-1.786829	-0.398839	1.078022	
320	-1.792907	-0.403461	1.083354	
321	-1.798359	-0.408761	1.088185	
322	-1.803474	-0.413238	1.092409	
323	-1.809298	-0.418678	1.096850	
324	-1.815165	-0.424020	1.101801	
325	-1.820480	-0.427814	1.105681	
326	-1.825123	-0.432447	1.108323	
327	-1.829481	-0.438122	1.111577	
328	-1.834254	-0.443322	1.114944	
329	-1.838805	-0.447188	1.118254	
330	-1.843501	-0.452744	1.123159	
331	-1.847889	-0.458763	1.127384	
332	-1.852042	-0.464210	1.131759	
333	-1.856195	-0.469426	1.137354	
334	-1.859736	-0.477140	1.142220	
335	-1.863830	-0.481842	1.147894	
336	-1.868050	-0.487739	1.154313	
337	-1.871465	-0.493957	1.158810	
338	-1.874679	-0.499325	1.164839	
339	-1.877200	-0.506656	1.170630	
340	-1.879567	-0.513381	1.175431	
341	-1.881963	-0.518516	1.181612	
342	-1.884037	-0.525003	1.189126	
343	-1.885072	-0.531115	1.193341	
344	-1.886815	-0.535839	1.199939	
345	-1.887806	-0.542655	1.207012	
346	-1.889159	-0.548147	1.212535	
347	-1.890627	-0.551071	1.219832	
348	-1.890555	-0.557117	1.226961	
349	-1.890201	-0.563715	1.230383	
350	-1.890621	-0.568139	1.236622	
351	-1.890507	-0.572988	1.243881	
352	-1.890089	-0.578744	1.248878	
353	-1.890227	-0.584264	1.255637	
354	-1.889781	-0.595650	1.268382	
355	-1.889681	-0.601112	1.275697	
356	-1.889139	-0.606655	1.282513	
357	-1.888149	-0.610990	1.287859	
358	-1.887951	-0.616693	1.294992	
359	-1.887047	-0.623697	1.302635	
360	-1.886452	-0.634706	1.317923	
361	-1.886003	-0.641703	1.326143	
362	-1.885034	-0.647777	1.332621	
363	-1.884758	-0.653789	1.340328	
364	-1.884635	-0.658780	1.347284	
365	-1.884811	-0.663574	1.354772	
366	-1.884946	-0.667678	1.362758	
367	-1.884233	-0.670413	1.367599	
368	-1.884498	-0.674211	1.374093	
369	-1.884018	-0.678496	1.380618	
370	-1.883477	-0.681692	1.386909	
371	-1.883398	-0.684408	1.391934	
372	-1.882541	-0.687302	1.397590	
373	-1.882150	-0.690321	1.401925	
374	-1.882696	-0.692787	1.405677	
375	-1.883117	-0.694721	1.410223	
376	-1.883573	-0.697247	1.415199	
377	-1.884629	-0.699039	1.419216	
378	-1.886086	-0.700315	1.423673	
379	-1.887599	-0.701920	1.429061	
380	-1.889378	-0.703914	1.434729	
381	-1.891258	-0.705881	1.439654	
382	-1.893358	-0.708735	1.445986	
383	-1.895776	-0.712101	1.450973	
384	-1.898437	-0.715694	1.456647	
385	-1.901746	-0.718818	1.462522	
386	-1.904935	-0.723646	1.467303	
387	-1.909051	-0.727746	1.473577	
388	-1.912868	-0.733538	1.478831	
389	-1.916795	-0.739977	1.484049	
390	-1.921580	-0.743451	1.489408	
391	-1.925966	-0.749702	1.494290	
392	-1.930945	-0.755444	1.499331	
393	-1.936066	-0.761539	1.506021	
394	-1.941500	-0.766659	1.510881	
395	-1.946746	-0.773925	1.516812	
396	-1.952498	-0.779970	1.523909	
397	-1.958099	-0.785795	1.529315	
398	-1.968075	-0.800256	1.540689	
399	-1.972033	-0.807304	1.546194	
400	-1.976402	-0.813809	1.550685	
401	-1.979909	-0.823592	1.558321	
402	-1.983045	-0.830319	1.562659	
403	-1.986620	-0.836930	1.567743	
404	-1.990081	-0.845786	1.576849	
405	-1.992996	-0.850826	1.583530	
406	-1.995895	-0.857552	1.589613	
407	-1.999139	-0.863112	1.597264	
408	-2.001083	-0.869529	1.605970	
409	-2.003415	-0.871243	1.610644	
410	-2.005693	-0.874939	1.616341	
411	-2.007376	-0.880220	1.625352	
412	-2.008904	-0.883548	1.632898	
413	-2.010486	-0.883824	1.637306	
414	-2.011740	-0.886937	1.645287	
415	-2.012504	-0.892520	1.656248	
416	-2.013887	-0.893076	1.662791	
417	-2.015284	-0.893753	1.669631	
418	-2.016698	-0.895143	1.678272	
419	-2.018127	-0.898880	1.687008	
420	-2.019435	-0.901659	1.695963	
421	-2.021279	-0.900609	1.701816	
422	-2.022475	-0.903620	1.710116	
423	-2.023823	-0.904371	1.716071	
424	-2.025131	-0.905850	1.723007	
425	-2.026395	-0.906205	1.729200	
426	-2.028734	-0.909019	1.740056	
427	-2.029996	-0.911102	1.745913	
428	-2.030807	-0.912870	1.751423	
429	-2.032171	-0.914584	1.756762	
430	-2.034164	-0.918168	1.761611	
431	-2.035280	-0.924044	1.770577	
432	-2.036663	-0.934648	1.781027	
433	-2.037379	-0.940353	1.786335	
434	-2.037883	-0.946161	1.790991	
435	-2.039263	-0.951575	1.793721	
436	-2.040373	-0.956641	1.798490	
437	-2.041397	-0.963761	1.804513	
438	-2.043161	-0.969207	1.808729	
439	-2.044527	-0.975812	1.815318	
440	-2.045623	-0.980989	1.819111	
441	-2.047016	-0.987667	1.823995	
442	-2.048192	-0.994063	1.831024	
443	-2.049532	-0.998966	1.835474	
444	-2.050752	-1.005305	1.841273	
445	-2.052260	-1.010553	1.846392	
446	-2.052870	-1.017975	1.854034	
447	-2.054369	-1.023433	1.857737	
448	-2.055567	-1.030234	1.862810	
449	-2.056733	-1.036947	1.870329	
450	-2.058052	-1.043042	1.874424	
451	-2.059746	-1.049032	1.880001	
452	-2.061133	-1.054918	1.887023	
453	-2.063796	-1.059947	1.889792	
454	-2.065466	-1.067231	1.897990	
455	-2.067275	-1.073883	1.904178	
456	-2.070463	-1.080070	1.909233	
457	-2.074005	-1.086396	1.917280	
458	-2.078004	-1.092947	1.924284	
459	-2.081655	-1.102325	1.933677	
460	-2.087674	-1.107314	1.941741	
461	-2.092617	-1.115073	1.951416	
462	-2.097809	-1.122976	1.962660	
463	-2.102815	-1.129750	1.972924	
464	-2.107030	-1.136821	1.984361	
465	-2.111619	-1.143900	1.996309	
466	-2.114877	-1.151010	2.008513	
467	-2.117818	-1.157640	2.020156	
468	-2.121202	-1.164854	2.030579	
469	-2.124857	-1.171922	2.041138	
470	-2.127151	-1.178003	2.053051	
471	-2.130948	-1.184194	2.062177	
472	-2.134378	-1.191028	2.073873	
473	-2.137166	-1.196729	2.084244	
474	-2.139931	-1.202141	2.095119	
475	-2.142372	-1.207881	2.104649	
476	-2.144051	-1.213247	2.114990	
477	-2.146100	-1.217202	2.124146	
478	-2.146930	-1.220350	2.133590	
479	-2.147716	-1.222567	2.141955	
480	-2.147916	-1.226097	2.149617	
481	-2.147370	-1.227609	2.158214	
482	-2.145085	-1.229139	2.168141	
483	-2.144896	-1.230623	2.174715	
484	-2.144491	-1.231693	2.183035	
485	-2.140525	-1.232559	2.192958	
486	-2.137944	-1.233042	2.200449	
487	-2.136417	-1.233716	2.206947	
488	-2.128569	-1.236814	2.226641	
489	-2.125896	-1.237831	2.234238	
490	-2.122299	-1.239794	2.245163	
491	-2.118911	-1.242510	2.251420	
492	-2.114875	-1.246938	2.258365	
493	-2.110706	-1.250141	2.267856	
494	-2.107158	-1.254787	2.273973	
495	-2.103724	-1.259141	2.280182	
496	-2.099170	-1.263751	2.290544	
497	-2.091331	-1.274472	2.303785	
498	-2.086954	-1.278876	2.312041	
499	-2.082156	-1.282372	2.320396	
500	-2.078520	-1.288230	2.323957	
501	-2.075140	-1.291436	2.329763	
502	-2.069585	-1.296602	2.336643	
503	-2.066789	-1.300515	2.339818	
504	-2.063268	-1.303749	2.345217	
505	-2.058957	-1.306000	2.352283	
506	-2.055701	-1.309802	2.356745	
507	-2.052006	-1.314656	2.359231	
508	-2.046897	-1.318720	2.364864	
509	-2.044311	-1.321923	2.367282	
510	-2.041088	-1.324781	2.370188	
511	-2.036212	-1.327473	2.375727	
512	-2.032229	-1.332879	2.377364	
513	-2.027839	-1.338238	2.379391	
514	-2.021385	-1.342507	2.385641	
515	-2.018287	-1.345827	2.389206	
516	-2.013456	-1.350241	2.393559	
517	-2.007225	-1.354864	2.400767	
518	-2.002719	-1.359372	2.406400	
519	-1.997948	-1.363596	2.414424	
520	-1.991234	-1.368809	2.424573	
521	-1.987583	-1.373019	2.432369	
522	-1.982524	-1.377571	2.441457	
523	-1.977255	-1.382718	2.451536	
524	-1.972288	-1.388218	2.461159	
525	-1.966454	-1.394478	2.470582	
526	-1.962953	-1.402084	2.477530	
527	-1.957561	-1.406834	2.487359	
528	-1.951409	-1.412377	2.496818	
529	-1.947161	-1.418107	2.504940	
530	-1.942935	-1.423212	2.512903	
531	-1.937839	-1.427409	2.521983	
532	-1.933352	-1.432566	2.529731	
533	-1.929430	-1.435457	2.538863	
534	-1.924585	-1.438252	2.546881	
535	-1.919036	-1.442485	2.554217	
536	-1.914583	-1.446223	2.561065	
537	-1.909039	-1.448928	2.568723	
538	-1.902757	-1.453303	2.574530	
539	-1.900196	-1.455509	2.580612	
540	-1.894298	-1.458928	2.586714	
541	-1.886496	-1.463669	2.592786	
542	-1.882646	-1.466456	2.598434	
543	-1.876806	-1.469182	2.604582	
544	-1.869556	-1.472221	2.610350	
545	-1.863492	-1.474699	2.615776	
546	-1.858459	-1.476442	2.621004	
547	-1.851549	-1.477513	2.627240	
548	-1.843218	-1.479542	2.631154	
549	-1.836384	-1.480475	2.635670	
550	-1.828460	-1.482160	2.639264	
551	-1.820617	-1.482147	2.644404	
552	-1.811871	-1.483189	2.647589	
553	-1.805504	-1.483266	2.651186	
554	-1.795627	-1.482143	2.655692	
555	-1.782146	-1.483099	2.660366	
556	-1.775988	-1.482033	2.664123	
557	-1.765872	-1.481101	2.669094	
558	-1.753361	-1.480433	2.674356	
559	-1.745343	-1.479337	2.678576	
560	-1.736871	-1.477229	2.683082	
561	-1.724232	-1.476529	2.687527	
562	-1.714584	-1.476264	2.691146	
563	-1.696109	-1.474028	2.698011	
564	-1.685040	-1.473896	2.700740	
565	-1.676731	-1.473562	2.702220	
566	-1.667068	-1.472771	2.704226	
567	-1.656918	-1.472903	2.706675	
568	-1.648198	-1.473698	2.706930	
569	-1.640456	-1.474141	2.707876	
570	-1.631507	-1.474359	2.710131	
571	-1.623432	-1.475255	2.710998	
572	-1.615897	-1.477119	2.710122	
573	-1.607973	-1.478665	2.710447	
574	-1.600122	-1.480091	2.710926	
575	-1.593830	-1.480884	2.711563	
576	-1.587601	-1.481338	2.712137	
577	-1.579265	-1.482530	2.714199	
578	-1.568199	-1.485154	2.714383	
579	-1.561093	-1.485901	2.716143	
580	-1.553578	-1.486880	2.717633	
581	-1.548347	-1.488503	2.717278	
582	-1.541869	-1.488835	2.719434	
583	-1.533880	-1.490721	2.720774	
584	-1.528955	-1.492394	2.721848	
585	-1.516198	-1.494400	2.726295	
586	-1.510777	-1.495320	2.729203	
587	-1.505394	-1.496095	2.730974	
588	-1.498975	-1.496784	2.733749	
589	-1.492317	-1.498142	2.734447	
590	-1.479843	-1.499068	2.739593	
591	-1.473712	-1.499803	2.742118	
592	-1.466078	-1.500964	2.744765	
593	-1.460522	-1.501471	2.748300	
594	-1.455341	-1.502498	2.750568	
595	-1.448207	-1.503509	2.753239	
596	-1.441129	-1.503928	2.756923	
597	-1.437290	-1.503699	2.759684	
598	-1.430066	-1.503508	2.762680	
599	-1.422575	-1.503196	2.766087	
600	-1.417733	-1.502805	2.767320	
601	-1.412343	-1.502661	2.768079	
602	-1.403473	-1.501390	2.772555	
603	-1.396370	-1.499310	2.776885	
604	-1.391830	-1.499254	2.776054	
605	-1.382913	-1.498021	2.779355	
606	-1.373821	-1.496361	2.782565	
607	-1.368392	-1.495363	2.783627	
608	-1.359651	-1.493646	2.787293	
609	-1.351270	-1.492802	2.788011	
610	-1.342504	-1.491532	2.790639	
611	-1.334431	-1.490461	2.792462	
612	-1.327581	-1.489286	2.792649	
613	-1.317846	-1.488367	2.793094	
614	-1.310447	-1.487039	2.792533	
615	-1.303357	-1.485758	2.791378	
616	-1.294884	-1.484181	2.790715	
617	-1.286963	-1.483020	2.790157	
618	-1.280310	-1.482261	2.787932	
619	-1.271430	-1.482089	2.785714	
620	-1.264301	-1.482214	2.783921	
621	-1.258645	-1.482194	2.781842	
622	-1.250668	-1.482188	2.780433	
623	-1.243481	-1.482315	2.778574	
624	-1.238613	-1.482892	2.774793	
625	-1.231036	-1.483083	2.773402	
626	-1.223678	-1.483463	2.771135	
627	-1.211266	-1.483799	2.767359	
628	-1.203134	-1.484609	2.765266	
629	-1.197786	-1.485718	2.762540	
630	-1.190785	-1.486705	2.761232	
631	-1.184658	-1.487695	2.759438	
632	-1.178737	-1.489124	2.757107	
633	-1.171643	-1.490593	2.755180	
634	-1.166384	-1.491450	2.753052	
635	-1.160952	-1.492282	2.751584	
636	-1.156001	-1.492690	2.750334	
637	-1.147153	-1.492616	2.745893	
638	-1.143038	-1.492423	2.743547	
639	-1.138241	-1.491195	2.742106	
640	-1.131850	-1.490258	2.739749	
641	-1.125303	-1.489754	2.737752	
642	-1.123165	-1.488430	2.735723	
643	-1.119555	-1.486888	2.734533	
644	-1.113035	-1.486217	2.732233	
645	-1.110170	-1.484447	2.731359	
646	-1.107078	-1.482775	2.730225	
647	-1.100217	-1.480931	2.729465	
648	-1.094070	-1.479448	2.727652	
649	-1.090515	-1.477339	2.726193	
650	-1.085792	-1.474974	2.724689	
651	-1.080631	-1.472377	2.722389	
652	-1.074876	-1.469122	2.721114	
653	-1.070721	-1.465468	2.719388	
654	-1.064228	-1.461837	2.717702	
655	-1.057872	-1.458098	2.715798	
656	-1.052989	-1.453761	2.713933	
657	-1.044564	-1.450114	2.711480	
658	-1.041956	-1.445227	2.710097	
659	-1.037019	-1.440603	2.708835	
660	-1.027274	-1.437847	2.705927	
661	-1.022199	-1.433840	2.704367	
662	-1.018904	-1.429545	2.702604	
663	-1.012499	-1.425893	2.699584	
664	-1.008005	-1.421837	2.696574	
665	-1.004074	-1.417496	2.693645	
666	-1.001112	-1.412758	2.689702	
667	-0.998954	-1.407742	2.685876	
668	-0.992296	-1.403749	2.680828	
669	-0.987270	-1.398784	2.676237	
670	-0.984100	-1.392922	2.672954	
671	-0.977502	-1.388206	2.667544	
672	-0.971162	-1.383079	2.662381	
673	-0.959618	-1.374014	2.650723	
674	-0.951994	-1.370037	2.644862	
675	-0.938706	-1.362629	2.633636	
676	-0.928185	-1.361207	2.626167	
677	-0.926275	-1.356135	2.623363	
678	-0.922760	-1.351664	2.620022	
679	-0.916058	-1.348939	2.614237	
680	-0.910094	-1.344756	2.610275	
681	-0.906981	-1.339371	2.608153	
682	-0.901540	-1.336336	2.604326	
683	-0.895997	-1.332838	2.601562	
684	-0.887768	-1.324469	2.598343	
685	-0.882213	-1.321889	2.595738	
686	-0.881104	-1.316049	2.596250	
687	-0.877860	-1.312192	2.595101	
688	-0.870780	-1.310151	2.592892	
689	-0.868939	-1.303562	2.595232	
690	-0.865846	-1.298701	2.595459	
691	-0.860834	-1.295276	2.594714	
692	-0.858265	-1.290050	2.596042	
693	-0.857570	-1.284329	2.598141	
694	-0.853339	-1.281845	2.597638	
695	-0.850942	-1.277786	2.599200	
696	-0.849709	-1.273546	2.600586	
697	-0.844336	-1.272780	2.599225	
698	-0.843451	-1.268458	2.601847	
699	-0.842093	-1.265650	2.603065	
700	-0.837485	-1.265246	2.602666	
701	-0.836328	-1.261694	2.605202	
702	-0.834572	-1.259418	2.606547	
703	-0.830879	-1.257973	2.607679	
704	-0.829271	-1.255012	2.610597	
705	-0.826825	-1.253015	2.612715	
706	-0.823752	-1.250607	2.615055	
707	-0.821418	-1.247831	2.617978	
708	-0.819318	-1.245250	2.620801	
709	-0.816396	-1.243592	2.622616	
710	-0.814013	-1.240774	2.625442	
711	-0.811941	-1.238051	2.628096	
712	-0.803370	-1.231308	2.636405	
713	-0.798073	-1.231848	2.636090	
714	-0.792127	-1.232226	2.637236	
715	-0.790813	-1.229240	2.641089	
716	-0.784873	-1.230342	2.641768	
717	-0.781249	-1.229593	2.644450	
718	-0.779425	-1.227331	2.647883	
719	-0.774494	-1.227479	2.649612	
720	-0.770853	-1.226519	2.652182	
721	-0.768180	-1.224774	2.655550	
722	-0.762429	-1.226073	2.655986	
723	-0.757608	-1.226616	2.658297	
724	-0.755184	-1.225713	2.661784	
725	-0.752423	-1.225143	2.663974	
726	-0.746323	-1.227738	2.664754	
727	-0.743619	-1.226603	2.669242	
728	-0.740694	-1.225667	2.672190	
729	-0.735199	-1.227732	2.673077	
730	-0.731614	-1.227015	2.677544	
731	-0.728517	-1.226937	2.680189	
732	-0.723397	-1.228181	2.681132	
733	-0.720424	-1.227773	2.685326	
734	-0.716447	-1.228542	2.687726	
735	-0.711916	-1.229931	2.688824	
736	-0.709419	-1.229305	2.692402	
737	-0.705773	-1.230298	2.694274	
738	-0.701721	-1.231557	2.696328	
739	-0.698686	-1.232773	2.699458	
740	-0.694315	-1.236216	2.699325	
741	-0.692554	-1.237365	2.702044	
742	-0.690863	-1.238242	2.705266	
743	-0.689419	-1.239637	2.707375	
744	-0.688878	-1.239645	2.711209	
745	-0.686944	-1.240764	2.713202	
746	-0.685015	-1.242346	2.716521	
747	-0.683730	-1.243258	2.719523	
748	-0.681611	-1.243869	2.721989	
749	-0.678864	-1.245797	2.724555	
750	-0.679042	-1.244996	2.728998	
751	-0.676523	-1.246340	2.731200	
752	-0.673669	-1.248601	2.735308	
753	-0.672857	-1.248996	2.740539	
754	-0.670332	-1.251343	2.744298	
755	-0.667030	-1.254778	2.747636	
756	-0.665568	-1.257155	2.752717	
757	-0.663350	-1.260324	2.757215	
758	-0.659167	-1.265792	2.760950	
759	-0.658295	-1.268302	2.767722	
760	-0.655315	-1.272720	2.772121	
761	-0.652459	-1.276630	2.777954	
762	-0.650920	-1.280380	2.784853	
763	-0.649058	-1.283690	2.790569	
764	-0.646479	-1.287494	2.795986	
765	-0.643536	-1.291617	2.801482	
766	-0.640491	-1.295931	2.807161	
767	-0.638619	-1.299205	2.814126	
768	-0.634810	-1.304028	2.818367	
769	-0.632904	-1.307373	2.824673	
770	-0.632343	-1.308860	2.831592	
771	-0.627963	-1.313472	2.835210	
772	-0.625307	-1.316410	2.841044	
773	-0.622784	-1.318778	2.846133	
774	-0.618064	-1.322644	2.848043	
775	-0.616796	-1.323356	2.854312	
776	-0.615132	-1.323895	2.859400	
777	-0.610078	-1.326061	2.862166	
778	-0.606104	-1.327067	2.866259	
779	-0.602429	-1.327572	2.870188	
780	-0.596263	-1.330599	2.870355	
781	-0.591558	-1.332436	2.871971	
782	-0.587581	-1.333989	2.873326	
783	-0.581613	-1.336580	2.872710	
784	-0.575247	-1.339268	2.873712	
785	-0.570299	-1.340961	2.875238	
786	-0.562860	-1.343176	2.875903	
787	-0.557359	-1.344713	2.877354	
788	-0.545700	-1.348077	2.881118	
789	-0.538240	-1.350047	2.883463	
790	-0.531877	-1.352272	2.885839	
791	-0.523764	-1.354764	2.886726	
792	-0.515797	-1.357072	2.887774	
793	-0.506859	-1.360587	2.888242	
794	-0.499971	-1.362565	2.890608	
795	-0.491273	-1.365074	2.891248	
796	-0.481585	-1.368323	2.891247	
797	-0.474546	-1.369517	2.894033	
798	-0.466667	-1.371380	2.895652	
799	-0.457145	-1.374511	2.896101	
800	-0.450565	-1.375757	2.898701	
801	-0.433286	-1.381192	2.898564	
802	-0.421106	-1.383747	2.900448	
803	-0.408822	-1.386653	2.900867	
804	-0.403314	-1.387744	2.901335	
805	-0.396465	-1.389348	2.900782	
806	-0.392790	-1.388744	2.902090	
807	-0.386076	-1.389266	2.901648	
808	-0.379072	-1.390161	2.901143	
809	-0.372941	-1.389541	2.901856	
810	-0.365665	-1.390408	2.900934	
811	-0.357450	-1.391906	2.899930	
812	-0.350754	-1.391182	2.901142	
813	-0.344310	-1.392078	2.901183	
814	-0.336465	-1.393637	2.899818	
815	-0.330490	-1.393019	2.900796	
816	-0.323193	-1.393992	2.900604	
817	-0.315790	-1.394762	2.898903	
818	-0.310825	-1.393737	2.899173	
819	-0.304112	-1.394592	2.896560	
820	-0.297826	-1.395260	2.894506	
821	-0.292740	-1.394904	2.893409	
822	-0.287601	-1.394837	2.891648	
823	-0.282609	-1.394255	2.890139	
824	-0.277212	-1.392756	2.888941	
825	-0.271840	-1.392384	2.886809	
826	-0.265880	-1.390423	2.885167	
827	-0.261800	-1.387827	2.884040	
828	-0.257199	-1.385647	2.881803	
829	-0.245890	-1.379546	2.877836	
830	-0.239779	-1.376589	2.874697	
831	-0.233794	-1.373448	2.870769	
832	-0.227915	-1.368831	2.867749	
833	-0.221772	-1.364666	2.863429	
834	-0.213859	-1.360882	2.858156	
835	-0.205913	-1.356212	2.853495	
836	-0.197249	-1.350848	2.848982	
837	-0.188650	-1.347672	2.842285	
838	-0.178891	-1.343751	2.836107	
839	-0.170499	-1.339228	2.830343	
840	-0.161712	-1.335651	2.823648	
841	-0.144646	-1.328595	2.809508	
842	-0.136861	-1.325013	2.803051	
843	-0.129910	-1.321858	2.795806	
844	-0.121490	-1.317936	2.789491	
845	-0.115994	-1.315587	2.782615	
846	-0.107932	-1.312201	2.776753	
847	-0.100746	-1.309155	2.770016	
848	-0.095298	-1.307437	2.763628	
849	-0.088002	-1.304063	2.757969	
850	-0.081270	-1.304900	2.748390	
851	-0.074665	-1.304369	2.741558	
852	-0.066037	-1.300876	2.737336	
853	-0.062432	-1.302049	2.728923	
854	-0.056479	-1.303192	2.721481	
855	-0.048079	-1.302320	2.715108	
856	-0.044052	-1.301861	2.708350	
857	-0.039053	-1.301023	2.701514	
858	-0.033582	-1.299977	2.693973	
859	-0.026669	-1.298355	2.687325	
860	-0.020499	-1.296380	2.681215	
861	-0.014130	-1.296021	2.674076	
862	-0.008085	-1.295820	2.667355	
863	-0.000036	-1.296268	2.660867	
864	0.005791	-1.297573	2.653788	
865	0.014397	-1.298163	2.648837	
866	0.020494	-1.300235	2.641797	
867	0.027955	-1.301984	2.635996	
868	0.034727	-1.303672	2.630602	
869	0.040353	-1.306045	2.623546	
870	0.046090	-1.308822	2.616143	
871	0.052900	-1.310568	2.609975	
872	0.059175	-1.312739	2.603600	
873	0.064579	-1.314922	2.595891	
874	0.068657	-1.317498	2.587655	
875	0.079999	-1.319461	2.573739	
876	0.082145	-1.321329	2.564471	
877	0.087433	-1.322092	2.557131	
878	0.090146	-1.323418	2.547772	
879	0.097892	-1.323111	2.533059	
880	0.099181	-1.322599	2.524126	
881	0.101013	-1.322127	2.515583	
882	0.105433	-1.320051	2.508967	
883	0.107105	-1.318887	2.501761	
884	0.107670	-1.318775	2.492490	
885	0.108008	-1.317100	2.484522	
886	0.111017	-1.315671	2.474818	
887	0.112124	-1.314299	2.466645	
888	0.115720	-1.312340	2.457991	
889	0.117130	-1.310507	2.449376	
890	0.120249	-1.309307	2.439633	
891	0.121850	-1.309011	2.429198	
892	0.126231	-1.307916	2.420341	
893	0.128146	-1.306985	2.410418	
894	0.129698	-1.306722	2.399539	
895	0.133632	-1.306834	2.389277	
896	0.137239	-1.307353	2.379678	
897	0.140070	-1.308577	2.371061	
898	0.144840	-1.308810	2.364074	
899	0.148520	-1.308370	2.356586	
900	0.151157	-1.307616	2.348549	
901	0.153576	-1.306579	2.340633	
902	0.158450	-1.304790	2.335055	
903	0.160613	-1.302850	2.327823	
904	0.163290	-1.301117	2.320865	
905	0.165927	-1.298745	2.314982	
906	0.167494	-1.296569	2.308522	
907	0.170678	-1.294894	2.302182	
908	0.174667	-1.292669	2.296457	
909	0.178932	-1.290597	2.289727	
910	0.181777	-1.289464	2.283913	
911	0.187315	-1.287490	2.280734	
912	0.192324	-1.286054	2.277608	
913	0.197072	-1.285515	2.274728	
914	0.201567	-1.283588	2.271826	
915	0.204691	-1.281413	2.267703	
916	0.208485	-1.279469	2.264468	
917	0.213161	-1.276908	2.263174	
918	0.214847	-1.274854	2.259975	
919	0.219800	-1.273510	2.257176	
920	0.222432	-1.271353	2.256181	
921	0.227344	-1.269651	2.253829	
922	0.228836	-1.268824	2.252596	
923	0.234237	-1.266879	2.251055	
924	0.237806	-1.265721	2.249292	
925	0.241801	-1.264970	2.248575	
926	0.244279	-1.263863	2.249068	
927	0.250738	-1.263460	2.247497	
928	0.255774	-1.263435	2.247659	
929	0.257120	-1.262583	2.249425	
930	0.262137	-1.262620	2.249605	
931	0.265481	-1.263217	2.251201	
932	0.267792	-1.263358	2.254841	
933	0.270886	-1.264190	2.256182	
934	0.274859	-1.264944	2.258632	
935	0.277078	-1.265465	2.261349	
936	0.280857	-1.266307	2.262516	
937	0.283987	-1.267355	2.264588	
938	0.287817	-1.267722	2.268597	
939	0.290825	-1.268602	2.272548	
940	0.292666	-1.269241	2.276080	
941	0.296230	-1.269726	2.279115	
942	0.299663	-1.270188	2.281712	
943	0.301659	-1.270819	2.284431	
944	0.303621	-1.270756	2.288799	
945	0.306926	-1.271067	2.292061	
946	0.310153	-1.271560	2.295097	
947	0.311562	-1.271656	2.298581	
948	0.314272	-1.272799	2.300910	
949	0.317582	-1.273443	2.304046	
950	0.324015	-1.275027	2.307319	
951	0.326180	-1.275639	2.310715	
952	0.328945	-1.276229	2.313108	
953	0.329857	-1.276175	2.316954	
954	0.332078	-1.275651	2.322089	
955	0.335480	-1.274717	2.324582	
956	0.338837	-1.273897	2.326594	
957	0.340701	-1.272507	2.331709	
958	0.342062	-1.270892	2.337257	
959	0.341973	-1.268643	2.341168	
960	0.345642	-1.268368	2.345425	
961	0.346682	-1.268027	2.350223	
962	0.347128	-1.266546	2.355240	
963	0.351589	-1.267066	2.356712	
964	0.352339	-1.267170	2.362619	
965	0.353403	-1.266490	2.367931	
966	0.358889	-1.267658	2.370669	
967	0.360300	-1.267754	2.376243	
968	0.363355	-1.268553	2.381382	
969	0.369365	-1.271486	2.385083	
970	0.372810	-1.272074	2.390611	
971	0.374674	-1.273373	2.397974	
972	0.379680	-1.276331	2.402858	
973	0.382571	-1.278011	2.412130	
974	0.383252	-1.276666	2.418309	
975	0.387126	-1.279756	2.424590	
976	0.388882	-1.280067	2.433760	
977	0.392319	-1.281417	2.438217	
978	0.397528	-1.284944	2.446172	
979	0.396340	-1.283479	2.453978	
980	0.398181	-1.283756	2.455177	
981	0.404062	-1.285579	2.461211	
982	0.405276	-1.285086	2.469143	
983	0.407396	-1.286042	2.471491	
984	0.410517	-1.286671	2.476593	
985	0.410623	-1.286511	2.482939	
986	0.411716	-1.286910	2.485534	
987	0.414195	-1.287763	2.491513	
988	0.416430	-1.288461	2.495151	
989	0.419059	-1.290163	2.498227	
990	0.421930	-1.290308	2.504754	
991	0.422473	-1.290135	2.509239	
992	0.424077	-1.291033	2.512822	
993	0.425666	-1.289714	2.519365	
994	0.427753	-1.289370	2.522558	
995	0.430462	-1.290005	2.525223	
996	0.432663	-1.288037	2.531065	
997	0.432371	-1.284985	2.538664	
998	0.435307	-1.284622	2.542054	
999	0.437502	-1.282744	2.548413	
1000	0.440484	-1.280696	2.559646	
1001	0.441996	-1.278099	2.570092	
1002	0.442516	-1.277351	2.577944	
1003	0.443202	-1.278110	2.583336	
1004	0.442228	-1.276167	2.589656	
1005	0.441135	-1.275600	2.594067	
1006	0.440805	-1.274183	2.599529	
1007	0.441507	-1.273497	2.602519	
1008	0.441798	-1.273323	2.605769	
1009	0.441924	-1.272878	2.608742	
1010	0.442707	-1.273425	2.610539	
1011	0.443809	-1.273707	2.612899	
1012	0.443760	-1.273080	2.616193	
1013	0.443713	-1.272587	2.619685	
1014	0.445219	-1.273158	2.620366	
1015	0.447419	-1.275238	2.623863	
1016	0.446195	-1.273910	2.627165	
1017	0.447628	-1.274531	2.629364	
1018	0.449759	-1.275653	2.631017	
1019	0.451706	-1.273850	2.632937	
1020	0.454059	-1.274496	2.633260	
1021	0.452286	-1.270465	2.633983	
1022	0.454998	-1.270541	2.634168	
1023	0.455384	-1.264608	2.632687	
1024	0.458416	-1.259632	2.631175	
1025	0.457741	-1.254410	2.630020	
1026	0.458260	-1.250390	2.628769	
1027	0.461636	-1.248781	2.627542	
1028	0.462287	-1.244212	2.626344	
1029	0.463865	-1.241040	2.627221	
1030	0.466620	-1.237926	2.627003	
1031	0.466214	-1.232032	2.626806	
1032	0.468565	-1.229048	2.627762	
1033	0.472074	-1.227210	2.628205	
1034	0.472145	-1.221921	2.628121	
1035	0.474632	-1.218329	2.627067	
1036	0.478689	-1.217622	2.628541	
1037	0.480675	-1.213603	2.627674	
1038	0.481619	-1.210196	2.628379	
1039	0.485462	-1.208621	2.627819	
1040	0.487596	-1.206438	2.627391	
1041	0.489344	-1.203130	2.625504	
1042	0.490920	-1.200525	2.624175	
1043	0.493503	-1.199057	2.621543	
1044	0.494771	-1.196532	2.619322	
1045	0.496135	-1.194971	2.618443	
1046	0.498189	-1.193036	2.616508	
1047	0.499363	-1.189823	2.616644	
1048	0.501800	-1.188465	2.615141	
1049	0.502887	-1.187137	2.614542	
1050	0.503414	-1.186879	2.616238	
1051	0.504716	-1.184772	2.614640	
1052	0.505413	-1.183033	2.614341	
1053	0.505762	-1.182042	2.615478	
1054	0.506463	-1.180609	2.615773	
1055	0.507016	-1.179334	2.616622	
1056	0.507066	-1.177669	2.618000	
1057	0.507187	-1.175739	2.619350	
1058	0.507078	-1.174728	2.622266	
1059	0.506473	-1.173437	2.625066	
1060	0.507179	-1.173636	2.628315	
1061	0.506788	-1.175375	2.633997	
1062	0.504624	-1.174919	2.638877	
1063	0.505122	-1.175918	2.642597	
1064	0.505809	-1.173662	2.642449	
1065	0.504897	-1.170164	2.642211	
1066	0.507207	-1.171738	2.644828	
1067	0.507355	-1.171965	2.648041	
1068	0.506281	-1.169013	2.649272	
1069	0.507809	-1.170286	2.652821	
1070	0.507774	-1.172581	2.659225	
1071	0.505110	-1.169329	2.662677	
1072	0.505342	-1.166998	2.663904	
1073	0.504467	-1.168012	2.670526	
1074	0.501262	-1.165546	2.676081	
1075	0.501453	-1.163313	2.678014	
1076	0.500378	-1.163730	2.684296	
1077	0.498344	-1.161956	2.689272	
1078	0.497239	-1.161474	2.694844	
1079	0.496345	-1.162466	2.701380	
1080	0.495655	-1.162706	2.706286	
1081	0.493077	-1.162498	2.713515	
1082	0.494627	-1.162630	2.715672	
1083	0.495370	-1.160922	2.716180	
1084	0.492956	-1.156150	2.716374	
1085	0.495759	-1.157761	2.716830	
1086	0.496381	-1.151372	2.709131	
1087	0.494183	-1.147898	2.709192	
1088	0.496485	-1.143998	2.701172	
1089	0.494068	-1.141516	2.701193	
1090	0.490572	-1.141872	2.705453	
1091	0.491515	-1.144317	2.704899	
1092	0.488353	-1.143941	2.706330	
1093	0.485485	-1.143743	2.707345	
1094	0.485888	-1.144924	2.703831	
1095	0.480994	-1.146877	2.709887	
1096	0.480352	-1.147985	2.707911	
1097	0.479149	-1.149741	2.707421	
1098	0.474372	-1.151509	2.713053	
1099	0.474200	-1.153264	2.710719	
1100	0.470816	-1.155905	2.714130	
1101	0.464850	-1.161708	2.720830	
1102	0.461119	-1.162474	2.722817	
1103	0.457707	-1.161717	2.722397	
1104	0.453781	-1.163360	2.726247	
1105	0.449336	-1.164379	2.729663	
1106	0.445303	-1.166542	2.733976	
1107	0.441934	-1.168364	2.736895	
1108	0.437470	-1.171965	2.744517	
1109	0.433527	-1.174743	2.749603	
1110	0.429415	-1.176361	2.752510	
1111	0.425060	-1.180469	2.759631	
1112	0.420565	-1.183729	2.764386	
1113	0.416737	-1.187831	2.768604	
1114	0.412052	-1.189963	2.770765	
1115	0.407838	-1.193770	2.775201	
1116	0.395851	-1.199329	2.784777	
1117	0.391121	-1.203656	2.789786	
1118	0.385672	-1.205508	2.791387	
1119	0.379050	-1.205998	2.792843	
1120	0.374602	-1.212437	2.800909	
1121	0.368433	-1.215160	2.806446	
1122	0.362165	-1.216466	2.808681	
1123	0.357488	-1.218785	2.809634	
1124	0.351949	-1.224414	2.821451	
1125	0.345850	-1.223398	2.821357	
1126	0.341697	-1.226643	2.825748	
1127	0.336636	-1.227817	2.830246	
1128	0.332813	-1.230109	2.834809	
1129	0.329377	-1.232163	2.836820	
1130	0.325457	-1.233150	2.839940	
1131	0.323214	-1.235795	2.842424	
1132	0.320800	-1.237959	2.846234	
1133	0.318201	-1.238685	2.846588	
1134	0.317295	-1.240527	2.845550	
1135	0.316414	-1.243857	2.848770	
1136	0.315114	-1.245075	2.848222	
1137	0.314177	-1.246531	2.848823	
1138	0.313776	-1.248494	2.849090	
1139	0.312046	-1.248586	2.850141	
1140	0.311124	-1.248357	2.848030	
1141	0.311057	-1.250546	2.849614	
1142	0.308882	-1.249351	2.849728	
1143	0.307821	-1.250116	2.851481	
1144	0.306918	-1.251107	2.852587	
1145	0.305233	-1.251339	2.855137	
1146	0.303347	-1.251250	2.856934	
1147	0.301685	-1.252337	2.862377	
1148	0.298823	-1.251890	2.864953	
1149	0.296961	-1.252882	2.869153	
1150	0.295804	-1.255241	2.873748	
1151	0.292112	-1.255125	2.878222	
1152	0.291060	-1.258328	2.882888	
1153	0.289175	-1.260522	2.886119	
1154	0.285810	-1.261980	2.890391	
1155	0.284337	-1.265390	2.893245	
1156	0.281951	-1.267941	2.895965	
1157	0.279304	-1.270510	2.898259	
1158	0.277333	-1.274182	2.901224	
1159	0.274803	-1.276637	2.904087	
1160	0.272920	-1.279777	2.905533	
1161	0.270433	-1.283469	2.909071	
1162	0.267406	-1.285661	2.911362	
1163	0.266220	-1.290252	2.912663	
1164	0.263566	-1.293628	2.917366	
1165	0.261229	-1.296552	2.916601	
1166	0.259583	-1.300472	2.920251	
1167	0.257101	-1.302807	2.922473	
1168	0.256087	-1.306906	2.924175	
1169	0.254422	-1.310239	2.928352	
1170	0.252546	-1.312571	2.930674	
1171	0.251760	-1.316433	2.933947	
1172	0.250523	-1.319504	2.937953	
1173	0.248550	-1.321623	2.939770	
1174	0.246052	-1.323608	2.942750	
1175	0.245574	-1.327954	2.945049	
1176	0.242531	-1.328948	2.950171	
1177	0.240105	-1.330763	2.952079	
1178	0.237972	-1.332314	2.956288	
1179	0.235005	-1.333694	2.960433	
1180	0.233065	-1.336081	2.964110	
1181	0.230563	-1.338445	2.969173	
1182	0.228765	-1.342544	2.974492	
1183	0.225928	-1.345556	2.979698	
1184	0.223328	-1.349162	2.984423	
1185	0.219748	-1.352958	2.988592	
1186	0.216255	-1.356815	2.992092	
1187	0.212937	-1.361938	2.997967	
1188	0.207998	-1.365468	3.004127	
1189	0.203801	-1.369493	3.008423	
1190	0.200508	-1.375135	3.013294	
1191	0.195461	-1.379039	3.018402	
1192	0.190654	-1.383528	3.023903	
1193	0.185469	-1.388691	3.029199	
1194	0.178609	-1.392804	3.036664	
1195	0.174227	-1.398980	3.042232	
1196	0.169004	-1.404328	3.047993	
1197	0.164460	-1.409519	3.054587	
1198	0.159794	-1.414481	3.061322	
1199	0.155651	-1.420012	3.067801	
1200	0.151187	-1.425191	3.073985	
1201	0.146630	-1.430282	3.080329	
1202	0.138741	-1.440914	3.095407	
1203	0.135166	-1.446274	3.102858	
1204	0.131881	-1.451581	3.110162	
1205	0.128890	-1.456859	3.117336	
1206	0.127017	-1.462378	3.125869	
1207	0.124332	-1.466566	3.134347	
1208	0.122627	-1.471317	3.140934	
1209	0.120882	-1.476139	3.149773	
1210	0.119156	-1.481137	3.158084	
1211	0.117299	-1.485343	3.163678	
1212	0.115058	-1.489279	3.170996	
1213	0.112535	-1.496791	3.183512	
1214	0.111784	-1.500376	3.190089	
1215	0.111891	-1.504134	3.194544	
1216	0.113361	-1.508453	3.200706	
1217	0.115058	-1.512285	3.207162	
1218	0.116974	-1.515856	3.213319	
1219	0.119993	-1.519433	3.218581	
1220	0.122813	-1.522615	3.224577	
1221	0.126957	-1.525964	3.230866	
1222	0.131134	-1.528446	3.236708	
1223	0.136331	-1.531394	3.242486	
1224	0.141709	-1.533602	3.249969	
1225	0.148101	-1.535858	3.256267	
1226	0.155355	-1.538021	3.263538	
1227	0.163033	-1.540193	3.271924	
1228	0.171041	-1.542342	3.278935	
1229	0.179250	-1.545076	3.285529	
1230	0.188444	-1.548074	3.295382	
1231	0.196159	-1.550382	3.301805	
1232	0.205360	-1.554126	3.309015	
1233	0.214082	-1.557551	3.315558	
1234	0.222589	-1.561615	3.321250	
1235	0.231085	-1.565226	3.327597	
1236	0.238926	-1.568624	3.332392	
1237	0.247230	-1.572562	3.337394	
1238	0.255050	-1.575525	3.342877	
1239	0.262107	-1.578083	3.348597	
1240	0.269186	-1.581867	3.354499	
1241	0.275175	-1.586224	3.359527	
1242	0.281606	-1.590068	3.366013	
1243	0.287109	-1.594058	3.370156	
1244	0.293209	-1.597976	3.375459	
1245	0.298990	-1.601758	3.381177	
1246	0.303930	-1.605951	3.385043	
1247	0.311023	-1.610436	3.391923	
1248	0.316116	-1.614556	3.396957	
1249	0.322204	-1.619948	3.401773	
1250	0.333451	-1.627805	3.409424	
1251	0.339879	-1.633017	3.414709	
1252	0.346030	-1.638112	3.420472	
1253	0.353631	-1.643443	3.426558	
1254	0.368060	-1.654942	3.440154	
1255	0.375842	-1.661028	3.446991	
1256	0.381993	-1.666126	3.453901	
1257	0.389271	-1.671260	3.460304	
1258	0.395807	-1.675450	3.467811	
1259	0.402361	-1.678848	3.475175	
1260	0.409352	-1.683667	3.479575	
1261	0.416474	-1.688013	3.484768	
1262	0.422402	-1.691943	3.490719	
1263	0.429754	-1.695681	3.495420	
1264	0.435476	-1.698781	3.499266	
1265	0.443168	-1.701404	3.504122	
1266	0.450508	-1.703875	3.508127	
1267	0.459066	-1.707106	3.511129	
1268	0.469283	-1.709402	3.515781	
1269	0.477147	-1.711766	3.519042	
1270	0.487949	-1.713919	3.522963	
1271	0.497864	-1.715533	3.526591	
1272	0.507927	-1.716993	3.530025	
1273	0.519946	-1.718965	3.532279	
1274	0.531638	-1.720276	3.535468	
1275	0.542379	-1.720642	3.538822	
1276	0.554368	-1.722447	3.540168	
1277	0.567386	-1.723178	3.543007	
1278	0.579262	-1.724027	3.545203	
1279	0.591225	-1.723635	3.548090	
1280	0.604323	-1.724137	3.549868	
1281	0.616012	-1.724571	3.551737	
1282	0.627236	-1.725072	3.553508	
1283	0.639375	-1.725736	3.554111	
1284	0.651435	-1.727455	3.554262	
1285	0.664357	-1.728629	3.555503	
1286	0.677514	-1.729799	3.557047	
1287	0.689798	-1.731303	3.557792	
1288	0.701474	-1.732642	3.558331	
1289	0.713874	-1.733360	3.559741	
1290	0.728031	-1.734552	3.560146	
1291	0.740642	-1.734577	3.561345	
1292	0.752370	-1.735695	3.561053	
1293	0.765989	-1.736568	3.561551	
1294	0.777972	-1.737665	3.561689	
1295	0.789744	-1.739010	3.562114	
1296	0.802469	-1.740281	3.562185	
1297	0.813206	-1.740931	3.562718	
1298	0.824540	-1.741139	3.563450	
1299	0.838144	-1.742261	3.564156	
1300	0.850012	-1.743818	3.564801	
1301	0.862991	-1.744407	3.566802	
1302	0.875945	-1.746823	3.567737	
1303	0.887781	-1.746987	3.571487	
1304	0.899257	-1.749103	3.573566	
1305	0.913834	-1.749729	3.577721	
1306	0.926160	-1.751271	3.580658	
1307	0.939679	-1.753274	3.584756	
1308	0.950586	-1.756068	3.588983	
1309	0.961668	-1.758237	3.594397	
1310	0.973081	-1.761060	3.599982	
1311	0.987356	-1.762876	3.606030	
1312	0.998147	-1.764961	3.612180	
1313	1.009352	-1.768856	3.616607	
1314	1.021622	-1.771590	3.621608	
1315	1.031008	-1.773610	3.626578	
1316	1.040862	-1.776778	3.630267	
1317	1.048919	-1.779108	3.635049	
1318	1.066539	-1.782217	3.644275	
1319	1.074907	-1.784041	3.648026	
1320	1.084600	-1.784858	3.652514	
1321	1.092646	-1.786080	3.655977	
1322	1.102323	-1.788173	3.658257	
1323	1.117642	-1.787317	3.661599	
1324	1.126989	-1.788382	3.663598	
1325	1.137553	-1.790242	3.664611	
1326	1.147939	-1.789950	3.667463	
1327	1.158047	-1.790518	3.668831	
1328	1.168920	-1.791960	3.668694	
1329	1.179801	-1.790907	3.669878	
1330	1.190954	-1.791398	3.669353	
1331	1.202382	-1.790811	3.668384	
1332	1.213483	-1.789636	3.668101	
1333	1.226811	-1.787169	3.668171	
1334	1.251497	-1.784756	3.663274	
1335	1.264585	-1.781115	3.663209	
1336	1.276071	-1.777231	3.663548	
1337	1.306929	-1.773169	3.658800	
1338	1.333635	-1.769635	3.653194	
1339	1.348073	-1.764717	3.652258	
1340	1.358443	-1.762054	3.649152	
1341	1.371087	-1.760758	3.644351	
1342	1.381979	-1.758675	3.640795	
1343	1.393807	-1.757812	3.635703	
1344	1.404331	-1.758139	3.630169	
1345	1.421824	-1.753592	3.626263	
1346	1.424357	-1.754942	3.621993	
1347	1.440878	-1.751994	3.616695	
1348	1.445259	-1.750853	3.613892	
1349	1.451664	-1.750929	3.608378	
1350	1.461972	-1.749420	3.603565	
1351	1.471777	-1.745859	3.600346	
1352	1.477811	-1.746801	3.594663	
1353	1.487065	-1.745043	3.589966	
1354	1.496621	-1.742334	3.586380	
1355	1.505199	-1.741856	3.580165	
1356	1.515652	-1.738959	3.575978	
1357	1.525172	-1.736707	3.571584	
1358	1.537452	-1.734844	3.564814	
1359	1.548349	-1.731682	3.561306	
1360	1.558134	-1.729220	3.558311	
1361	1.570109	-1.727012	3.555102	
1362	1.584107	-1.724092	3.550552	
1363	1.594284	-1.720507	3.548752	
1364	1.606252	-1.718875	3.545134	
1365	1.620012	-1.716241	3.541801	
1366	1.631952	-1.713604	3.538994	
1367	1.642383	-1.712269	3.535198	
1368	1.655108	-1.708840	3.531718	
1369	1.664068	-1.706761	3.528502	
1370	1.675543	-1.703983	3.524327	
1371	1.686469	-1.700148	3.521785	
1372	1.695751	-1.697771	3.518559	
1373	1.705937	-1.695112	3.514739	
1374	1.714612	-1.691877	3.511130	
1375	1.722950	-1.689387	3.507454	
1376	1.730930	-1.686607	3.503402	
1377	1.739987	-1.683405	3.498403	
1378	1.748332	-1.680458	3.493475	
1379	1.755512	-1.677522	3.488514	
1380	1.764068	-1.673864	3.482416	
1381	1.773438	-1.667497	3.478312	
1382	1.778291	-1.664303	3.474099	
1383	1.784730	-1.660359	3.467906	
1384	1.794460	-1.653661	3.461023	
1385	1.799388	-1.649997	3.454310	
1386	1.807493	-1.644628	3.446105	
1387	1.815959	-1.638253	3.437442	
1388	1.821667	-1.634334	3.428110	
1389	1.828516	-1.628874	3.419206	
1390	1.834419	-1.622982	3.412920	
1391	1.842157	-1.617996	3.403706	
1392	1.851893	-1.612633	3.393317	
1393	1.858713	-1.606399	3.386625	
1394	1.863972	-1.602368	3.379831	
1395	1.877676	-1.594380	3.365657	
1396	1.889739	-1.584629	3.350636	
1397	1.896471	-1.579717	3.342905	
1398	1.903059	-1.574818	3.335548	
1399	1.909304	-1.572175	3.326222	
1400	1.915717	-1.567856	3.319108	
1401	1.922045	-1.564194	3.311785	
1402	1.928682	-1.561223	3.302491	
1403	1.934514	-1.558070	3.293922	
1404	1.939939	-1.555003	3.284927	
1405	1.945284	-1.550522	3.278396	
1406	1.951201	-1.545520	3.273197	
1407	1.957315	-1.541639	3.264902	
1408	1.964562	-1.536616	3.256786	
1409	1.971252	-1.530710	3.251020	
1410	1.978447	-1.525183	3.243339	
1411	1.986403	-1.519132	3.234985	
1412	1.993989	-1.513491	3.226649	
1413	2.002747	-1.508964	3.216920	
1414	2.012417	-1.501646	3.209872	
1415	2.020686	-1.495703	3.203464	
1416	2.030319	-1.490010	3.196868	
1417	2.040714	-1.483540	3.190451	
1418	2.050413	-1.476772	3.186035	
1419	2.059481	-1.471022	3.179932	
1420	2.070558	-1.464841	3.172692	
1421	2.080819	-1.458367	3.165984	
1422	2.090947	-1.452502	3.158888	
1423	2.098962	-1.447127	3.153872	
1424	2.114577	-1.438064	3.140260	
1425	2.120585	-1.433303	3.135664	
1426	2.126714	-1.429882	3.130114	
1427	2.133047	-1.426933	3.122372	
1428	2.139466	-1.422909	3.115233	
1429	2.144366	-1.418903	3.110043	
1430	2.149034	-1.414439	3.106129	
1431	2.153422	-1.410796	3.101515	
1432	2.158348	-1.407456	3.093305	
1433	2.163750	-1.402498	3.086715	
1434	2.167538	-1.397485	3.082720	
1435	2.171438	-1.392125	3.077593	
1436	2.175786	-1.386571	3.072383	
1437	2.178198	-1.383719	3.064138	
1438	2.181423	-1.379302	3.056493	
1439	2.184325	-1.373612	3.051859	
1440	2.187456	-1.367926	3.045306	
1441	2.191128	-1.363221	3.036693	
1442	2.194191	-1.357548	3.028781	
1443	2.196639	-1.352503	3.021218	
1444	2.200559	-1.347288	3.010770	
1445	2.204296	-1.342068	2.998695	
1446	2.206423	-1.337491	2.992270	
1447	2.208661	-1.334281	2.980895	
1448	2.212945	-1.328472	2.967021	
1449	2.214389	-1.323727	2.963051	
1450	2.215193	-1.320434	2.955466	
1451	2.219735	-1.312170	2.944512	
1452	2.221590	-1.305607	2.936667	
1453	2.220169	-1.303384	2.927086	
1454	2.221838	-1.297157	2.915986	
1455	2.224256	-1.288890	2.907401	
1456	2.224425	-1.283913	2.900605	
1457	2.226650	-1.277879	2.889629	
1458	2.228279	-1.271674	2.880388	
1459	2.229841	-1.265646	2.872060	
1460	2.232543	-1.257877	2.866561	
1461	2.234377	-1.252988	2.855433	
1462	2.236546	-1.248408	2.845034	
1463	2.239740	-1.241589	2.840881	
1464	2.241672	-1.237056	2.828770	
1465	2.245866	-1.230091	2.819761	
1466	2.248872	-1.223424	2.814414	
1467	2.249822	-1.220354	2.802784	
1468	2.254598	-1.213633	2.791495	
1469	2.257474	-1.209381	2.780361	
1470	2.260345	-1.206318	2.768832	
1471	2.269446	-1.195685	2.752980	
1472	2.273070	-1.192341	2.743771	
1473	2.278279	-1.187888	2.737726	
1474	2.283339	-1.184093	2.726976	
1475	2.288797	-1.180547	2.717999	
1476	2.294508	-1.176915	2.708516	
1477	2.300078	-1.173184	2.698034	
1478	2.306312	-1.166467	2.688251	
1479	2.312118	-1.160860	2.681214	
1480	2.316675	-1.156729	2.671633	
1481	2.322115	-1.150274	2.662729	
1482	2.325620	-1.146296	2.655269	
1483	2.329529	-1.141654	2.647446	
1484	2.333277	-1.136040	2.637441	
1485	2.337152	-1.129915	2.632417	
1486	2.340143	-1.125869	2.624001	
1487	2.342855	-1.120718	2.615178	
1488	2.345924	-1.114787	2.609366	
1489	2.347114	-1.111455	2.600509	
1490	2.349168	-1.105726	2.589864	
1491	2.350041	-1.100465	2.581052	
1492	2.350741	-1.095515	2.570927	
1493	2.352844	-1.084466	2.553169	
1494	2.353056	-1.080314	2.542462	
1495	2.353472	-1.074156	2.533289	
1496	2.353491	-1.068010	2.528220	
1497	2.353622	-1.061847	2.520609	
1498	2.351102	-1.058941	2.506271	
1499	2.350744	-1.050792	2.499309	
1500	2.350437	-1.043161	2.492996	
1501	2.349916	-1.034585	2.483526	
1502	2.349857	-1.026080	2.475607	
1503	2.348547	-1.019588	2.465867	
1504	2.347067	-1.013646	2.454381	
1505	2.345545	-1.008539	2.442063	
1506	2.343878	-1.004683	2.429173	
1507	2.343009	-0.998732	2.417274	
1508	2.342071	-0.992697	2.406191	
1509	2.341712	-0.986658	2.396471	
1510	2.340189	-0.981175	2.384391	
1511	2.339611	-0.974946	2.374365	
1512	2.338548	-0.968922	2.364751	
1513	2.336034	-0.965879	2.354996	
1514	2.335890	-0.958603	2.345649	
1515	2.334980	-0.953161	2.338156	
1516	2.332376	-0.951035	2.328634	
1517	2.330567	-0.946398	2.321175	
1518	2.328545	-0.943115	2.314130	
1519	2.327098	-0.938986	2.307285	
1520	2.326090	-0.933639	2.300966	
1521	2.325001	-0.930243	2.295130	
1522	2.324556	-0.927265	2.289718	
1523	2.324826	-0.923000	2.284412	
1524	2.325355	-0.918722	2.279686	
1525	2.325369	-0.916547	2.273037	
1526	2.324746	-0.914456	2.264297	
1527	2.325986	-0.911046	2.258180	
1528	2.326416	-0.908567	2.249916	
1529	2.327853	-0.904513	2.242261	
1530	2.330413	-0.899364	2.234336	
1531	2.333639	-0.893394	2.226251	
1532	2.337425	-0.887134	2.217412	
1533	2.341044	-0.881170	2.208294	
1534	2.344046	-0.876626	2.199423	
1535	2.347009	-0.872140	2.188921	
1536	2.351879	-0.865037	2.180659	
1537	2.355360	-0.860927	2.171161	
1538	2.358909	-0.855569	2.160841	
1539	2.362839	-0.850924	2.152362	
1540	2.366635	-0.846441	2.144222	
1541	2.370117	-0.841801	2.134068	
1542	2.374806	-0.836452	2.126972	
1543	2.377999	-0.832684	2.118954	
1544	2.381616	-0.830020	2.110445	
1545	2.385345	-0.824250	2.102675	
1546	2.388871	-0.819408	2.095830	
1547	2.391816	-0.815742	2.087410	
1548	2.394547	-0.810643	2.079268	
1549	2.397074	-0.805844	2.070895	
1550	2.400638	-0.800424	2.063137	
1551	2.403262	-0.794649	2.054018	
1552	2.405427	-0.789776	2.045853	
1553	2.406100	-0.787179	2.036714	
1554	2.408135	-0.781502	2.028757	
1555	2.409791	-0.776318	2.020327	
1556	2.410840	-0.771426	2.011949	
1557	2.411342	-0.767034	2.003295	
1558	2.412153	-0.763019	1.995247	
1559	2.412547	-0.757812	1.986544	
1560	2.414063	-0.750870	1.978279	
1561	2.414748	-0.745666	1.969744	
1562	2.414520	-0.740881	1.958775	
1563	2.414360	-0.735524	1.949230	
1564	2.414270	-0.724092	1.928331	
1565	2.415510	-0.717609	1.919598	
1566	2.416178	-0.712179	1.909603	
1567	2.417955	-0.704478	1.899060	
1568	2.420353	-0.699292	1.889367	
1569	2.423340	-0.690869	1.879435	
1570	2.425496	-0.685868	1.870907	
1571	2.427232	-0.682843	1.861071	
1572	2.429648	-0.677567	1.851190	
1573	2.431650	-0.673421	1.843942	
1574	2.432315	-0.671551	1.834485	
1575	2.435265	-0.666170	1.826972	
1576	2.436601	-0.664373	1.818069	
1577	2.439157	-0.660904	1.809710	
1578	2.441376	-0.658596	1.802336	
1579	2.446190	-0.653292	1.784882	
1580	2.448471	-0.649858	1.775821	
1581	2.450276	-0.648055	1.766764	
1582	2.453959	-0.644246	1.758822	
1583	2.458279	-0.639912	1.749631	
1584	2.461140	-0.636915	1.739153	
1585	2.465144	-0.633442	1.730117	
1586	2.468482	-0.628720	1.719099	
1587	2.471898	-0.625321	1.708189	
1588	2.475492	-0.621411	1.697865	
1589	2.481691	-0.613855	1.688803	
1590	2.485882	-0.609530	1.678072	
1591	2.488888	-0.607639	1.666586	
1592	2.493467	-0.602239	1.655458	
1593	2.497058	-0.600221	1.645618	
1594	2.501403	-0.595570	1.636018	
1595	2.506659	-0.589615	1.625652	
1596	2.511139	-0.582694	1.616661	
1597	2.515812	-0.577521	1.606791	
1598	2.520585	-0.571122	1.598871	
1599	2.524390	-0.564224	1.589472	
1600	2.528471	-0.559254	1.582499	
1601	2.531865	-0.552391	1.573716	
1602	2.534360	-0.545760	1.565906	
1603	2.537682	-0.539511	1.558842	
1604	2.539212	-0.534196	1.551726	
1605	2.541736	-0.528997	1.547088	
1606	2.543288	-0.521379	1.540103	
1607	2.543518	-0.516408	1.533917	
1608	2.544405	-0.511430	1.527747	
1609	2.545165	-0.505437	1.521760	
1610	2.544431	-0.500653	1.514625	
1611	2.544724	-0.495733	1.509014	
1612	2.543536	-0.492437	1.503156	
1613	2.541694	-0.486524	1.496073	
1614	2.538245	-0.473722	1.480365	
1615	2.534924	-0.468617	1.470496	
1616	2.531779	-0.463532	1.462673	
1617	2.528745	-0.457149	1.453819	
1618	2.526054	-0.450590	1.445730	
1619	2.521424	-0.444866	1.436318	
1620	2.518208	-0.437784	1.428182	
1621	2.514078	-0.432278	1.419291	
1622	2.509799	-0.427912	1.411669	
1623	2.504648	-0.423681	1.402793	
1624	2.500219	-0.418803	1.394383	
1625	2.495580	-0.413033	1.385714	
1626	2.491666	-0.409226	1.379026	
1627	2.486155	-0.406524	1.371229	
1628	2.480782	-0.403978	1.364034	
1629	2.474573	-0.402021	1.355610	
1630	2.470019	-0.399207	1.349580	
1631	2.464883	-0.397773	1.341959	
1632	2.460399	-0.395049	1.333069	
1633	2.456435	-0.393369	1.324809	
1634	2.452272	-0.390857	1.316405	
1635	2.449434	-0.388129	1.309661	
1636	2.446003	-0.386673	1.302999	
1637	2.441463	-0.384436	1.296048	
1638	2.438148	-0.382230	1.290550	
1639	2.434224	-0.379138	1.285333	
1640	2.430396	-0.377243	1.280366	
1641	2.424769	-0.375911	1.274714	
1642	2.420870	-0.373359	1.270351	
1643	2.417745	-0.370965	1.266962	
1644	2.412383	-0.370236	1.262729	
1645	2.408878	-0.368402	1.259729	
1646	2.405088	-0.367912	1.258058	
1647	2.400163	-0.365910	1.254718	
1648	2.397764	-0.362357	1.254792	
1649	2.394358	-0.358315	1.254105	
1650	2.390043	-0.356855	1.253037	
1651	2.385652	-0.354774	1.250962	
1652	2.378902	-0.352762	1.246871	
1653	2.374212	-0.350266	1.244908	
1654	2.370006	-0.347859	1.243795	
1655	2.364100	-0.346295	1.241530	
1656	2.358149	-0.344471	1.239140	
1657	2.352135	-0.340761	1.237710	
1658	2.345642	-0.339523	1.236381	
1659	2.338284	-0.337665	1.233991	
1660	2.331167	-0.336555	1.232354	
1661	2.322187	-0.334963	1.229495	
1662	2.313540	-0.333760	1.227182	
1663	2.305406	-0.332075	1.225487	
1664	2.294629	-0.331548	1.222276	
1665	2.285453	-0.330699	1.219868	
1666	2.277830	-0.329240	1.218451	
1667	2.268270	-0.329789	1.216246	
1668	2.256442	-0.330015	1.211207	
1669	2.248290	-0.329948	1.209260	
1670	2.238763	-0.329058	1.206828	
1671	2.226175	-0.328381	1.203147	
1672	2.215920	-0.327998	1.201258	
1673	2.205645	-0.328539	1.200826	
1674	2.192464	-0.328389	1.198640	
1675	2.180877	-0.327432	1.196895	
1676	2.170384	-0.326605	1.196090	
1677	2.158221	-0.325912	1.194509	
1678	2.147109	-0.324334	1.193392	
1679	2.137666	-0.323090	1.193689	
1680	2.127766	-0.322708	1.193802	
1681	2.117881	-0.321201	1.193202	
1682	2.108819	-0.320898	1.193180	
1683	2.100358	-0.319341	1.192848	
1684	2.092624	-0.316994	1.192701	
1685	2.084692	-0.316483	1.192315	
1686	2.077106	-0.314979	1.190712	
1687	2.070558	-0.313463	1.190077	
1688	2.056146	-0.310988	1.187933	
1689	2.049847	-0.309625	1.187494	
1690	2.043130	-0.307342	1.185980	
1691	2.036421	-0.305282	1.184270	
1692	2.029536	-0.302558	1.182273	
1693	2.023716	-0.298756	1.180745	
1694	2.016732	-0.294531	1.178282	
1695	2.009637	-0.290535	1.175585	
1696	2.002900	-0.287125	1.172498	
1697	1.996910	-0.282088	1.169706	
1698	1.990758	-0.277777	1.165841	
1699	1.984406	-0.273959	1.161886	
1700	1.979223	-0.269075	1.158618	
1701	1.973976	-0.264847	1.155211	
1702	1.968120	-0.260875	1.151005	
1703	1.963404	-0.255910	1.147652	
1704	1.957481	-0.252452	1.142218	
1705	1.951636	-0.248693	1.136949	
1706	1.947674	-0.244626	1.133154	
1707	1.941496	-0.241842	1.127628	
1708	1.936276	-0.237674	1.122768	
1709	1.931540	-0.234519	1.118714	
1710	1.924593	-0.231697	1.113814	
1711	1.918448	-0.227231	1.109194	
1712	1.913416	-0.223833	1.105958	
1713	1.906672	-0.221277	1.101500	
1714	1.899611	-0.217973	1.097207	
1715	1.892842	-0.215191	1.093502	
1716	1.884627	-0.212371	1.088351	
1717	1.877145	-0.209107	1.084074	
1718	1.869044	-0.206664	1.079427	
1719	1.860141	-0.203778	1.074721	
1720	1.851472	-0.200471	1.070423	
1721	1.842469	-0.198298	1.065927	
1722	1.833488	-0.195794	1.062422	
1723	1.823062	-0.192937	1.057854	
1724	1.813095	-0.190844	1.053973	
1725	1.801262	-0.189027	1.049381	
1726	1.790473	-0.186790	1.045753	
1727	1.781595	-0.185122	1.042480	
1728	1.772079	-0.183276	1.039677	
1729	1.754149	-0.179115	1.034325	
1730	1.745649	-0.177571	1.032499	
1731	1.736650	-0.175671	1.030346	
1732	1.728981	-0.174181	1.028629	
1733	1.721221	-0.173264	1.027529	
1734	1.713279	-0.171808	1.025694	
1735	1.706709	-0.169330	1.024478	
1736	1.700041	-0.167953	1.023216	
1737	1.693392	-0.167729	1.021655	
1738	1.686868	-0.166380	1.019433	
1739	1.680348	-0.165611	1.017634	
1740	1.675695	-0.165087	1.017090	
1741	1.668722	-0.163528	1.015439	
1742	1.665220	-0.162612	1.015367	
1743	1.659231	-0.160983	1.013843	
1744	1.654333	-0.159424	1.012606	
1745	1.649114	-0.158539	1.010697	
1746	1.643905	-0.157638	1.008254	
1747	1.637509	-0.155859	1.005561	
1748	1.632920	-0.155837	1.003097	
1749	1.627001	-0.154754	0.999799	
1750	1.621709	-0.152199	0.996893	
1751	1.616513	-0.150275	0.993798	
1752	1.610666	-0.148655	0.989965	
1753	1.604218	-0.145380	0.985865	
1754	1.597792	-0.141603	0.981558	
1755	1.591303	-0.139578	0.976394	
1756	1.585410	-0.134845	0.971659	
1757	1.579329	-0.131125	0.966523	
1758	1.565870	-0.123951	0.954514	
1759	1.560341	-0.120633	0.949014	
1760	1.554050	-0.117375	0.943071	
1761	1.547036	-0.113599	0.936301	
1762	1.541889	-0.111130	0.930476	
1763	1.535115	-0.107532	0.924017	
1764	1.530457	-0.102707	0.918893	
1765	1.524920	-0.099022	0.912997	
1766	1.512214	-0.092693	0.901234	
1767	1.506320	-0.089638	0.895136	
1768	1.499860	-0.084514	0.889740	
1769	1.493707	-0.080132	0.884548	
1770	1.488276	-0.078183	0.878955	
1771	1.483347	-0.074214	0.874064	
1772	1.479681	-0.071234	0.869666	
1773	1.474382	-0.068047	0.865282	
1774	1.470016	-0.066914	0.861010	
1775	1.465460	-0.066796	0.857242	
1776	1.454231	-0.069851	0.847738	
1777	1.448928	-0.071083	0.843274	
1778	1.443241	-0.072970	0.838521	
1779	1.436859	-0.076915	0.833474	
1780	1.430371	-0.080029	0.828535	
1781	1.416014	-0.087300	0.817919	
1782	1.409342	-0.089021	0.813514	
1783	1.401743	-0.090608	0.809168	
1784	1.394082	-0.091074	0.805284	
1785	1.386696	-0.091223	0.801621	
1786	1.379454	-0.092406	0.797935	
1787	1.372885	-0.093501	0.794281	
1788	1.365746	-0.093102	0.790920	
1789	1.352291	-0.092701	0.785532	
1790	1.344975	-0.093235	0.782382	
1791	1.339629	-0.093461	0.780208	
1792	1.333743	-0.092964	0.777996	
1793	1.327466	-0.093892	0.774627	
1794	1.321641	-0.092774	0.772122	
1795	1.317217	-0.093008	0.769575	
1796	1.310545	-0.093172	0.766629	
1797	1.304214	-0.092391	0.764133	
1798	1.298649	-0.091695	0.761481	
1799	1.293666	-0.091373	0.758890	
1800	1.288059	-0.089171	0.756634	
1801	1.283721	-0.087852	0.753286	
1802	1.277756	-0.086737	0.749906	
1803	1.272266	-0.085818	0.746542	
1804	1.268949	-0.085233	0.743563	
1805	1.264502	-0.082624	0.741697	
1806	1.260303	-0.080576	0.740044	
1807	1.256171	-0.079936	0.737432	
1808	1.252558	-0.077568	0.735017	
1809	1.249576	-0.074830	0.732970	
1810	1.245146	-0.073698	0.729474	
1811	1.242373	-0.070176	0.726206	
1812	1.237955	-0.066697	0.722983	
1813	1.234095	-0.063551	0.717993	
1814	1.228642	-0.060652	0.712444	
1815	1.225099	-0.055766	0.708009	
1816	1.222928	-0.053814	0.701589	
1817	1.218987	-0.050261	0.695396	
1818	1.215965	-0.046413	0.690056	
1819	1.214365	-0.043287	0.684311	
1820	1.210861	-0.038106	0.679075	
1821	1.206332	-0.034797	0.673980	
1822	1.203728	-0.031590	0.668701	
1823	1.199799	-0.026488	0.664503	
1824	1.196450	-0.024947	0.659214	
1825	1.193585	-0.025607	0.653101	
1826	1.188032	-0.021471	0.649097	
1827	1.185935	-0.020236	0.644361	
1828	1.180940	-0.019159	0.639181	
1829	1.176103	-0.016743	0.635614	
1830	1.171945	-0.016833	0.631074	
1831	1.166743	-0.017110	0.626365	
1832	1.159475	-0.016407	0.622318	
1833	1.151464	-0.014027	0.618949	
1834	1.144973	-0.015411	0.613869	
1835	1.135359	-0.015043	0.609666	
1836	1.127577	-0.014928	0.605730	
1837	1.121417	-0.015620	0.601725	
1838	1.112124	-0.017997	0.597188	
1839	1.102319	-0.020675	0.593536	
1840	1.094692	-0.023813	0.590469	
1841	1.084692	-0.030074	0.586667	
1842	1.074476	-0.033268	0.584488	
1843	1.065064	-0.038042	0.583055	
1844	1.054740	-0.041305	0.582755	
1845	1.043705	-0.042977	0.583218	
1846	1.032412	-0.048454	0.582794	
1847	1.021661	-0.053358	0.583183	
1848	1.010260	-0.055618	0.584297	
1849	1.001602	-0.056921	0.585433	
1850	0.991192	-0.061937	0.586789	
1851	0.979595	-0.064035	0.588758	
1852	0.969548	-0.067780	0.590118	
1853	0.958301	-0.070329	0.591699	
1854	0.947211	-0.074267	0.592652	
1855	0.937860	-0.078720	0.593427	
1856	0.926937	-0.082113	0.595821	
1857	0.917311	-0.084079	0.597890	
1858	0.908702	-0.085571	0.599794	
1859	0.899395	-0.089808	0.601829	
1860	0.890568	-0.090430	0.603879	
1861	0.883435	-0.092813	0.606114	
1862	0.875081	-0.094032	0.609668	
1863	0.868208	-0.096663	0.611875	
1864	0.861244	-0.097696	0.614499	
1865	0.853745	-0.099502	0.617861	
1866	0.846503	-0.101463	0.621008	
1867	0.839725	-0.102885	0.623784	
1868	0.831322	-0.101542	0.627876	
1869	0.826274	-0.103297	0.631663	
1870	0.821278	-0.107441	0.633440	
1871	0.814197	-0.107646	0.636293	
1872	0.805556	-0.109354	0.640353	
1873	0.801597	-0.114762	0.641753	
1874	0.796698	-0.116138	0.643565	
1875	0.788688	-0.115925	0.647135	
1876	0.784665	-0.120854	0.648929	
1877	0.779529	-0.120834	0.651397	
1878	0.772725	-0.121421	0.654770	
1879	0.768208	-0.122602	0.657135	
1880	0.763223	-0.123044	0.659681	
1881	0.758245	-0.125947	0.663102	
1882	0.753684	-0.126192	0.666686	
1883	0.749771	-0.126583	0.670060	
1884	0.741766	-0.127042	0.677423	
1885	0.737087	-0.128748	0.680940	
1886	0.731603	-0.125095	0.685628	
1887	0.727319	-0.125861	0.689598	
1888	0.723905	-0.127722	0.693172	
1889	0.719675	-0.126671	0.697770	
1890	0.718038	-0.127530	0.702712	
1891	0.714818	-0.126117	0.707683	
1892	0.711159	-0.125000	0.713608	
1893	0.708985	-0.125412	0.720126	
1894	0.705344	-0.125032	0.727428	
1895	0.702721	-0.124282	0.735753	
1896	0.700889	-0.124039	0.744132	
1897	0.697981	-0.124547	0.752548	
1898	0.695459	-0.123188	0.761419	
1899	0.693130	-0.121562	0.769965	
1900	0.691008	-0.124269	0.777682	
1901	0.688949	-0.125985	0.785268	
1902	0.684541	-0.123822	0.792828	
1903	0.682041	-0.126216	0.800296	
1904	0.679761	-0.129237	0.807946	
1905	0.676099	-0.128958	0.816350	
1906	0.672690	-0.131279	0.824151	
1907	0.669656	-0.136855	0.831548	
1908	0.665809	-0.137559	0.839952	
1909	0.663524	-0.143149	0.847725	
1910	0.660439	-0.145924	0.854745	
1911	0.657846	-0.147767	0.863595	
1912	0.655221	-0.152403	0.871382	
1913	0.651780	-0.156065	0.877728	
1914	0.649961	-0.157474	0.886401	
1915	0.649320	-0.160688	0.893908	
1916	0.647968	-0.163838	0.900530	
1917	0.646782	-0.165441	0.907960	
1918	0.646566	-0.167007	0.915131	
1919	0.646361	-0.170985	0.920767	
1920	0.646085	-0.173193	0.927167	
1921	0.646054	-0.173787	0.933449	
1922	0.647005	-0.176722	0.938945	
1923	0.649266	-0.179868	0.945015	
1924	0.650403	-0.181800	0.950704	
1925	0.651913	-0.185584	0.955578	
1926	0.652680	-0.188121	0.960454	
1927	0.653929	-0.189925	0.965893	
1928	0.655696	-0.191767	0.971305	
1929	0.656446	-0.194481	0.976131	
1930	0.657594	-0.195169	0.982754	
1931	0.657926	-0.198166	0.988100	
1932	0.659217	-0.199908	0.993403	
1933	0.661348	-0.200458	0.999828	
1934	0.662968	-0.203966	1.004366	
1935	0.663087	-0.203671	1.009117	
1936	0.664529	-0.203558	1.014768	
1937	0.665360	-0.204596	1.019239	
1938	0.667464	-0.205151	1.029720	
1939	0.667923	-0.204232	1.034081	
1940	0.668452	-0.203443	1.038363	
1941	0.669833	-0.200356	1.048985	
1942	0.669929	-0.198817	1.053699	
1943	0.670531	-0.196377	1.059620	
1944	0.672031	-0.194087	1.064981	
1945	0.672311	-0.191784	1.070849	
1946	0.672292	-0.188994	1.076784	
1947	0.672649	-0.186788	1.082459	
1948	0.670640	-0.179595	1.100471	
1949	0.670579	-0.177215	1.107224	
1950	0.670777	-0.175756	1.114099	
1951	0.670874	-0.173790	1.128361	
1952	0.670560	-0.173382	1.135561	
1953	0.669737	-0.172966	1.142698	
1954	0.668940	-0.172534	1.149256	
1955	0.669215	-0.173159	1.155666	
1956	0.669608	-0.172752	1.162287	
1957	0.669049	-0.173960	1.173285	
1958	0.669069	-0.174777	1.178869	
1959	0.668686	-0.175333	1.183934	
1960	0.669600	-0.175370	1.189614	
1961	0.670077	-0.175765	1.195254	
1962	0.670474	-0.176402	1.200351	
1963	0.670503	-0.176795	1.205213	
1964	0.671733	-0.176525	1.210377	
1965	0.672720	-0.176641	1.215302	
1966	0.673198	-0.177479	1.219609	
1967	0.673514	-0.177003	1.224278	
1968	0.673100	-0.176876	1.228248	
1969	0.673612	-0.176561	1.231925	
1970	0.673341	-0.175059	1.236254	
1971	0.674047	-0.173829	1.239978	
1972	0.674449	-0.172447	1.243161	
1973	0.674041	-0.170939	1.246377	
1974	0.675768	-0.170140	1.249431	
1975	0.675689	-0.168921	1.251775	
1976	0.674275	-0.167674	1.253911	
1977	0.673643	-0.166981	1.255622	
1978	0.673400	-0.166182	1.257813	
1979	0.672917	-0.165937	1.259356	
1980	0.671317	-0.164766	1.260828	
1981	0.669997	-0.163476	1.262650	
1982	0.668798	-0.162364	1.264378	
1983	0.664884	-0.161600	1.267112	
1984	0.662766	-0.159376	1.269213	
1985	0.660681	-0.156475	1.271109	
1986	0.657702	-0.153751	1.273065	
1987	0.654387	-0.151676	1.274138	
1988	0.650513	-0.148493	1.275393	
1989	0.647146	-0.146609	1.276553	
1990	0.643708	-0.145478	1.277277	
1991	0.640176	-0.144311	1.277927	
1992	0.637917	-0.143611	1.278976	
1993	0.635008	-0.143706	1.279700	
1994	0.632249	-0.143338	1.280765	
1995	0.630495	-0.142840	1.282187	
1996	0.628216	-0.142356	1.283687	
1997	0.625085	-0.141577	1.285173	
1998	0.621910	-0.140699	1.286700	
1999	0.617901	-0.140307	1.287529	
2000	0.613603	-0.139524	1.288527	
2001	0.609078	-0.140220	1.288608	
2002	0.604621	-0.139593	1.289043	
2003	0.599991	-0.139235	1.289570	
2004	0.596355	-0.139199	1.290059	
2005	0.592075	-0.138700	1.290611	
2006	0.588085	-0.138341	1.291353	
2007	0.584110	-0.139150	1.291351	
2008	0.579336	-0.139276	1.291189	
2009	0.574094	-0.139313	1.290574	
2010	0.569271	-0.138691	1.290082	
2011	0.563784	-0.137969	1.289601	
2012	0.558299	-0.137459	1.288903	
2013	0.552885	-0.138486	1.287319	
2014	0.547587	-0.137150	1.286281	
2015	0.542668	-0.136166	1.285411	
2016	0.538716	-0.135155	1.284685	
2017	0.535015	-0.132752	1.284636	
2018	0.530651	-0.133507	1.283162	
2019	0.527813	-0.132146	1.282885	
2020	0.524403	-0.131904	1.282493	
2021	0.521597	-0.131505	1.281865	
2022	0.518649	-0.130515	1.281309	
2023	0.513361	-0.130569	1.280039	
2024	0.511127	-0.129912	1.279539	
2025	0.508637	-0.130108	1.279031	
2026	0.505606	-0.130325	1.277775	
2027	0.503276	-0.128503	1.277760	
2028	0.500690	-0.129037	1.277071	
2029	0.498454	-0.127710	1.276326	
2030	0.496168	-0.127477	1.275957	
2031	0.493342	-0.126811	1.274956	
2032	0.490631	-0.125996	1.274208	
2033	0.487563	-0.125962	1.273161	
2034	0.483776	-0.125124	1.271472	
2035	0.480724	-0.124507	1.270510	
2036	0.476822	-0.123840	1.268660	
2037	0.473304	-0.123295	1.267201	
2038	0.469198	-0.122766	1.264790	
2039	0.465880	-0.122799	1.263442	
2040	0.462217	-0.121627	1.261262	
2041	0.459112	-0.121421	1.259465	
2042	0.456108	-0.121146	1.257639	
2043	0.453344	-0.120212	1.256045	
2044	0.446132	-0.118405	1.249885	
2045	0.439356	-0.115215	1.244102	
2046	0.435057	-0.114054	1.240126	
2047	0.432768	-0.112608	1.237753	
2048	0.428959	-0.111391	1.233770	
2049	0.425777	-0.109021	1.230721	
2050	0.422286	-0.108616	1.227252	
2051	0.419227	-0.107151	1.224352	
2052	0.416667	-0.105470	1.222166	
2053	0.413350	-0.104920	1.218814	
2054	0.410968	-0.103115	1.216666	
2055	0.407309	-0.102187	1.213332	
2056	0.403871	-0.101182	1.210183	
2057	0.398141	-0.098049	1.204814	
2058	0.395054	-0.097502	1.201705	
2059	0.392508	-0.095706	1.199533	
2060	0.389230	-0.094238	1.196389	
2061	0.386623	-0.091835	1.193875	
2062	0.381025	-0.087771	1.188912	
2063	0.378557	-0.085404	1.186477	
2064	0.374351	-0.079845	1.182130	
2065	0.372530	-0.077875	1.180422	
2066	0.370861	-0.076121	1.178206	
2067	0.369269	-0.073917	1.176622	
2068	0.366944	-0.073093	1.173888	
2069	0.365466	-0.072079	1.171666	
2070	0.361897	-0.070879	1.167234	
2071	0.360387	-0.070766	1.165082	
2072	0.358271	-0.069714	1.162390	
2073	0.356612	-0.070556	1.159356	
2074	0.354846	-0.070775	1.156087	
2075	0.353957	-0.069846	1.153541	
2076	0.351822	-0.070018	1.149429	
2077	0.351003	-0.068841	1.146109	
2078	0.350180	-0.068268	1.142790	
2079	0.349210	-0.068747	1.138798	
2080	0.348484	-0.067791	1.135005	
2081	0.347710	-0.066296	1.131065	
2082	0.346697	-0.065829	1.126485	
2083	0.346452	-0.064519	1.122054	
2084	0.345905	-0.063216	1.117117	
2085	0.345099	-0.061645	1.111523	
2086	0.345163	-0.060029	1.106471	
2087	0.345402	-0.060008	1.101298	
2088	0.345628	-0.058372	1.095201	
2089	0.346498	-0.056374	1.089355	
2090	0.347178	-0.055365	1.083428	
2091	0.348645	-0.052738	1.077971	
2092	0.352183	-0.048749	1.072784	
2093	0.351307	-0.048065	1.066419	
2094	0.352629	-0.044406	1.061363	
2095	0.356939	-0.043073	1.055312	
2096	0.353954	-0.042128	1.048500	
2097	0.354473	-0.039064	1.042333	
2098	0.355690	-0.037848	1.035095	
2099	0.354637	-0.035965	1.026759	
2100	0.355784	-0.033085	1.019853	
2101	0.355239	-0.032266	1.011425	
2102	0.354743	-0.030284	1.003740	
2103	0.354617	-0.027923	0.996976	
2104	0.354015	-0.026943	0.990279	
2105	0.353111	-0.026716	0.983605	
2106	0.352100	-0.026697	0.977098	
2107	0.350107	-0.027323	0.970804	
2108	0.347767	-0.028708	0.964653	
2109	0.345527	-0.028735	0.959976	
2110	0.342534	-0.029777	0.954256	
2111	0.339623	-0.029873	0.948895	
2112	0.336440	-0.029084	0.944116	
2113	0.332840	-0.030218	0.938651	
2114	0.329122	-0.029050	0.933870	
2115	0.325157	-0.027319	0.929509	
2116	0.323604	-0.027818	0.925764	
2117	0.319130	-0.026453	0.920979	
2118	0.316615	-0.024560	0.917084	
2119	0.312858	-0.024742	0.912014	
2120	0.309937	-0.023816	0.906974	
2121	0.310038	-0.022165	0.903612	
2122	0.305160	-0.024611	0.891371	
2123	0.304997	-0.022444	0.886147	
2124	0.301316	-0.025420	0.871875	
2125	0.302284	-0.022287	0.866319	
2126	0.299719	-0.024528	0.857945	
2127	0.299349	-0.023781	0.850785	
2128	0.301373	-0.021377	0.845582	
2129	0.300519	-0.022969	0.837169	
2130	0.300066	-0.025639	0.828762	
2131	0.298838	-0.022268	0.820877	
2132	0.300046	-0.022945	0.813419	
2133	0.298078	-0.021198	0.797558	
2134	0.298636	-0.022182	0.782352	
2135	0.299401	-0.021227	0.776854	
2136	0.299447	-0.019425	0.770332	
2137	0.298692	-0.020422	0.763465	
2138	0.299686	-0.019061	0.758189	
2139	0.300869	-0.018013	0.752550	
2140	0.301683	-0.018434	0.746464	
2141	0.301910	-0.018342	0.740204	
2142	0.302965	-0.016398	0.734291	
2143	0.303814	-0.013573	0.728507	
2144	0.305864	-0.013690	0.722239	
2145	0.305547	-0.012235	0.715801	
2146	0.307630	-0.009424	0.710104	
2147	0.308985	-0.009736	0.703781	
2148	0.311433	-0.008552	0.697292	
2149	0.316627	-0.003058	0.686110	
2150	0.318178	-0.004167	0.678561	
2151	0.320521	-0.000790	0.672522	
2152	0.324876	0.001272	0.656446	
2153	0.326686	0.003199	0.648224	
2154	0.327555	0.006721	0.641021	
2155	0.329009	0.009483	0.632310	
2156	0.329712	0.009881	0.622723	
2157	0.331125	0.011115	0.613835	
2158	0.332635	0.014213	0.604604	
2159	0.333208	0.015455	0.592993	
2160	0.334460	0.017196	0.582585	
2161	0.339905	0.023799	0.561647	
2162	0.339508	0.025762	0.551159	
2163	0.340454	0.028687	0.540965	
2164	0.340872	0.030625	0.529089	
2165	0.339724	0.031250	0.515993	
2166	0.340047	0.034406	0.505678	
2167	0.340457	0.038944	0.495596	
2168	0.341067	0.039125	0.482892	
2169	0.338931	0.040482	0.470386	
2170	0.338471	0.040858	0.460099	
2171	0.337575	0.044384	0.449892	
2172	0.336247	0.044365	0.438938	
2173	0.336196	0.046331	0.429916	
2174	0.335160	0.050176	0.421936	
2175	0.334212	0.051610	0.412896	
2176	0.331736	0.052221	0.404191	
2177	0.331063	0.055074	0.397557	
2178	0.331050	0.057131	0.390495	
2179	0.331129	0.057074	0.382498	
2180	0.327411	0.060049	0.370605	
2181	0.324881	0.060955	0.364409	
2182	0.320601	0.061699	0.358721	
2183	0.312278	0.063301	0.353137	
2184	0.310096	0.064692	0.347233	
2185	0.304589	0.064991	0.340849	
2186	0.298223	0.065756	0.336070	
2187	0.291766	0.067089	0.330755	
2188	0.285134	0.067454	0.324768	
2189	0.277713	0.069290	0.319602	
2190	0.269432	0.071270	0.314594	
2191	0.261456	0.072377	0.307914	
2192	0.252738	0.072918	0.300541	
2193	0.243113	0.074319	0.294906	
2194	0.234156	0.076331	0.289270	
2195	0.226249	0.076796	0.282715	
2196	0.216066	0.076786	0.275854	
2197	0.206937	0.078424	0.270023	
2198	0.198880	0.079886	0.263638	
2199	0.189910	0.079669	0.256837	
2200	0.181033	0.081100	0.251061	
2201	0.174594	0.081947	0.245321	
2202	0.167398	0.083005	0.239184	
2203	0.158351	0.082920	0.233217	
2204	0.150813	0.083268	0.228222	
2205	0.142583	0.084713	0.223266	
2206	0.134512	0.084966	0.217897	
2207	0.126763	0.085294	0.212364	
2208	0.119729	0.085278	0.206721	
2209	0.113219	0.086066	0.200905	
2210	0.105703	0.086130	0.194828	
2211	0.098819	0.085971	0.189443	
2212	0.091468	0.086453	0.184349	
2213	0.084872	0.087343	0.179160	
2214	0.068056	0.089736	0.169815	
2215	0.059719	0.090424	0.164020	
2216	0.051645	0.091233	0.158338	
2217	0.043651	0.091541	0.152373	
2218	0.035418	0.092110	0.145513	
2219	0.026327	0.092372	0.139082	
2220	0.019009	0.093808	0.132826	
2221	0.011274	0.094378	0.125244	
2222	0.000911	0.095980	0.118064	
2223	-0.007314	0.097990	0.111645	
2224	-0.015304	0.100563	0.104164	
2225	-0.026069	0.102466	0.096471	
2226	-0.034176	0.104412	0.090167	
2227	-0.042744	0.108294	0.083946	
2228	-0.052126	0.111077	0.077214	
2229	-0.061401	0.114263	0.071491	
2230	-0.068131	0.118494	0.065914	
2231	-0.077161	0.121623	0.059790	
2232	-0.086773	0.125320	0.054293	
2233	-0.094033	0.129011	0.049027	
2234	-0.101398	0.134410	0.043595	
2235	-0.119532	0.143724	0.033874	
2236	-0.124058	0.149233	0.029788	
2237	-0.133462	0.153011	0.024006	
2238	-0.141373	0.156865	0.020157	
2239	-0.147335	0.159623	0.016783	
2240	-0.152989	0.161257	0.013419	
2241	-0.159826	0.162426	0.009831	
2242	-0.164935	0.163509	0.006708	
2243	-0.171763	0.164028	0.003238	
2244	-0.178486	0.165249	0.000593	
2245	-0.184223	0.165630	-0.002174	
2246	-0.193050	0.166148	-0.005280	
2247	-0.201392	0.166304	-0.008011	
2248	-0.207470	0.167189	-0.009594	
2249	-0.212329	0.168289	-0.012408	
2250	-0.220890	0.168973	-0.014997	
2251	-0.228983	0.170140	-0.016587	
2252	-0.236109	0.170825	-0.018585	
2253	-0.243282	0.171431	-0.020116	
2254	-0.251348	0.171709	-0.021387	
2255	-0.258576	0.171438	-0.022528	
2256	-0.279183	0.169402	-0.024304	
2257	-0.293880	0.167752	-0.026949	
2258	-0.301115	0.168188	-0.027834	
2259	-0.307725	0.168628	-0.028703	
2260	-0.315236	0.168745	-0.029368	
2261	-0.322038	0.169928	-0.029509	
2262	-0.327844	0.171860	-0.029472	
2263	-0.335278	0.172872	-0.029450	
2264	-0.344174	0.173401	-0.029951	
2265	-0.351460	0.175066	-0.029855	
2266	-0.357811	0.176886	-0.030411	
2267	-0.364599	0.176579	-0.032150	
2268	-0.372568	0.176661	-0.033907	
2269	-0.380428	0.176971	-0.035528	
2270	-0.387985	0.175645	-0.037906	
2271	-0.396353	0.173794	-0.040464	
2272	-0.402600	0.172879	-0.042699	
2273	-0.409917	0.171830	-0.045168	
2274	-0.416720	0.168991	-0.048455	
2275	-0.425910	0.167736	-0.051001	
2276	-0.432795	0.166734	-0.053353	
2277	-0.438897	0.165550	-0.055844	
2278	-0.447253	0.165135	-0.057734	
2279	-0.454315	0.164184	-0.059535	
2280	-0.458809	0.164445	-0.061018	
2281	-0.467815	0.163788	-0.062727	
2282	-0.475692	0.165157	-0.063581	
2283	-0.481665	0.164703	-0.065342	
2284	-0.489850	0.162860	-0.067078	
2285	-0.494920	0.161913	-0.068374	
2286	-0.498750	0.161187	-0.070291	
2287	-0.505105	0.161003	-0.072873	
2288	-0.511539	0.159786	-0.075738	
2289	-0.517666	0.158181	-0.079427	
2290	-0.523907	0.157777	-0.083369	
2291	-0.530336	0.157965	-0.087789	
2292	-0.536983	0.158545	-0.092018	
2293	-0.543010	0.159591	-0.096846	
2294	-0.548299	0.160519	-0.101965	
2295	-0.556911	0.164154	-0.106964	
2296	-0.563691	0.168126	-0.112023	
2297	-0.569614	0.171528	-0.117290	
2298	-0.578356	0.174773	-0.122500	
2299	-0.585482	0.177623	-0.127899	
2300	-0.592085	0.183091	-0.132124	
2301	-0.596675	0.186558	-0.137277	
2302	-0.604663	0.189788	-0.141787	
2303	-0.611504	0.194575	-0.145836	
2304	-0.618314	0.200315	-0.149616	
2305	-0.623731	0.204953	-0.153682	
2306	-0.631343	0.208107	-0.157228	
2307	-0.637358	0.213294	-0.160389	
2308	-0.642856	0.217844	-0.164027	
2309	-0.649570	0.220570	-0.167622	
2310	-0.653891	0.224395	-0.170967	
2311	-0.660610	0.226986	-0.174032	
2312	-0.665044	0.230635	-0.176696	
2313	-0.671236	0.232806	-0.178952	
2314	-0.676806	0.232356	-0.181808	
2315	-0.681866	0.234409	-0.184033	
2316	-0.686545	0.235062	-0.186154	
2317	-0.691285	0.236724	-0.188102	
2318	-0.699803	0.238227	-0.189787	
2319	-0.704885	0.239638	-0.191476	
2320	-0.709426	0.239599	-0.194024	
2321	-0.715133	0.239825	-0.196904	
2322	-0.721159	0.240664	-0.199152	
2323	-0.727122	0.240871	-0.201773	
2324	-0.732399	0.240250	-0.204991	
2325	-0.738968	0.238942	-0.207871	
2326	-0.745897	0.238822	-0.210667	
2327	-0.751215	0.238886	-0.214093	
2328	-0.757460	0.236091	-0.217136	
2329	-0.764494	0.232681	-0.220399	
2330	-0.785549	0.231050	-0.220410	
2331	-0.793195	0.230268	-0.222917	
2332	-0.798683	0.227735	-0.225695	
2333	-0.808083	0.227245	-0.227849	
2334	-0.815618	0.227309	-0.229983	
2335	-0.822855	0.224769	-0.232320	
2336	-0.833953	0.225260	-0.233787	
2337	-0.839534	0.225609	-0.236369	
2338	-0.846163	0.224478	-0.239197	
2339	-0.858814	0.226182	-0.241336	
2340	-0.872561	0.228948	-0.243318	
2341	-0.876740	0.230086	-0.246775	
2342	-0.883707	0.230761	-0.250124	
2343	-0.895025	0.232481	-0.252449	
2344	-0.901059	0.231127	-0.255877	
2345	-0.909297	0.230494	-0.258866	
2346	-0.913302	0.230977	-0.262052	
2347	-0.919870	0.228611	-0.265953	
2348	-0.929771	0.228055	-0.268444	
2349	-0.937666	0.227894	-0.271297	
2350	-0.944136	0.227286	-0.274592	
2351	-0.951424	0.228270	-0.278022	
2352	-0.955661	0.225445	-0.282680	
2353	-0.962384	0.222985	-0.286825	
2354	-0.969429	0.221012	-0.290692	
2355	-0.975083	0.219162	-0.294882	
2356	-0.978619	0.219748	-0.299380	
2357	-0.987845	0.220283	-0.302840	
2358	-0.994266	0.222621	-0.305912	
2359	-1.000718	0.223359	-0.310093	
2360	-1.015343	0.225541	-0.318267	
2361	-1.027174	0.229377	-0.328655	
2362	-1.037366	0.234514	-0.333052	
2363	-1.044622	0.238276	-0.338162	
2364	-1.057818	0.245305	-0.347959	
2365	-1.075213	0.253646	-0.356719	
2366	-1.092169	0.259338	-0.365342	
2367	-1.102074	0.265357	-0.369326	
2368	-1.106626	0.268350	-0.374185	
2369	-1.114528	0.272157	-0.377188	
2370	-1.123400	0.278507	-0.379344	
2371	-1.132038	0.283803	-0.381069	
2372	-1.135330	0.287236	-0.383458	
2373	-1.140049	0.288793	-0.384347	
2374	-1.150863	0.293240	-0.382014	
2375	-1.157240	0.297538	-0.379930	
2376	-1.156287	0.297740	-0.379195	
2377	-1.160381	0.299801	-0.377160	
2378	-1.168865	0.301275	-0.373333	
2379	-1.178288	0.300276	-0.367007	
2380	-1.182142	0.302213	-0.362922	
2381	-1.188714	0.300321	-0.358894	
2382	-1.196550	0.297198	-0.353363	
2383	-1.199487	0.295932	-0.348898	
2384	-1.205284	0.296302	-0.342692	
2385	-1.211988	0.293157	-0.336178	
2386	-1.219289	0.290681	-0.329283	
2387	-1.225387	0.288556	-0.322628	
2388	-1.231327	0.281460	-0.315781	
2389	-1.239922	0.278731	-0.307482	
2390	-1.246935	0.276605	-0.299927	
2391	-1.251862	0.272757	-0.292300	
2392	-1.255126	0.266377	-0.285594	
2393	-1.263997	0.260943	-0.277498	
2394	-1.271714	0.256796	-0.269889	
2395	-1.277261	0.255064	-0.263088	
2396	-1.283226	0.249634	-0.256536	
2397	-1.287925	0.242336	-0.250442	
2398	-1.294818	0.236921	-0.243548	
2399	-1.305968	0.227753	-0.234460	
2400	-1.311296	0.221509	-0.228606	
2401	-1.314288	0.214691	-0.223036	
2402	-1.315649	0.208177	-0.218268	
2403	-1.321124	0.202899	-0.212613	
2404	-1.325412	0.197206	-0.207741	
2405	-1.326792	0.191432	-0.203476	
2406	-1.331064	0.188700	-0.198425	
2407	-1.335446	0.183690	-0.193449	
2408	-1.340363	0.178880	-0.188389	
2409	-1.344460	0.174452	-0.183224	
2410	-1.351259	0.168365	-0.173186	
2411	-1.354117	0.160244	-0.164956	
2412	-1.358822	0.157861	-0.159999	
2413	-1.360916	0.155104	-0.155494	
2414	-1.358647	0.150347	-0.152669	
2415	-1.362772	0.147449	-0.147193	
2416	-1.364105	0.143966	-0.143061	
2417	-1.363369	0.140303	-0.139053	
2418	-1.363538	0.137383	-0.135239	
2419	-1.367892	0.134983	-0.129727	
2420	-1.367378	0.130901	-0.126462	
2421	-1.370518	0.128016	-0.121433	
2422	-1.373289	0.125876	-0.116807	
2423	-1.374031	0.121561	-0.113201	
2424	-1.378318	0.120453	-0.107973	
2425	-1.379606	0.120183	-0.103274	
2426	-1.379856	0.117736	-0.098901	
2427	-1.384785	0.114869	-0.092751	
2428	-1.386806	0.113636	-0.086732	
2429	-1.388573	0.113690	-0.081374	
2430	-1.385633	0.112041	-0.077431	
2431	-1.387951	0.111309	-0.071443	
2432	-1.390109	0.111753	-0.065697	
2433	-1.391792	0.109396	-0.060146	
2434	-1.392859	0.107561	-0.054024	
2435	-1.390975	0.106597	-0.049422	
2436	-1.391271	0.105683	-0.043226	
2437	-1.389752	0.103209	-0.037418	
2438	-1.384360	0.100913	-0.032041	
2439	-1.382024	0.097041	-0.025247	
2440	-1.379979	0.091629	-0.017688	
2441	-1.375906	0.087056	-0.009956	
2442	-1.368556	0.084059	-0.003160	
2443	-1.363593	0.078841	0.005010	
2444	-1.363433	0.072803	0.015106	
2445	-1.356042	0.069258	0.023687	
2446	-1.345039	0.062685	0.030117	
2447	-1.343717	0.054775	0.039771	
2448	-1.336745	0.050488	0.048473	
2449	-1.322341	0.044418	0.053521	
2450	-1.320139	0.034242	0.061939	
2451	-1.318208	0.028260	0.071726	
2452	-1.302822	0.023643	0.077684	
2453	-1.293690	0.016420	0.084313	
2454	-1.292319	0.011174	0.093669	
2455	-1.284697	0.006675	0.100620	
2456	-1.274439	0.003354	0.105801	
2457	-1.272125	-0.001071	0.112847	
2458	-1.268219	-0.003321	0.119166	
2459	-1.258421	-0.006646	0.123130	
2460	-1.250425	-0.010018	0.126444	
2461	-1.247645	-0.010863	0.131630	
2462	-1.245132	-0.011072	0.136461	
2463	-1.236556	-0.012227	0.139215	
2464	-1.228627	-0.012503	0.142774	
2465	-1.225297	-0.012010	0.148062	
2466	-1.222236	-0.012817	0.153067	
2467	-1.214847	-0.014594	0.157684	
2468	-1.208851	-0.012223	0.163704	
2469	-1.205012	-0.010610	0.168658	
2470	-1.200478	-0.011262	0.173124	
2471	-1.196876	-0.009506	0.178419	
2472	-1.194917	-0.006465	0.184644	
2473	-1.188962	-0.006147	0.188043	
2474	-1.185596	-0.006677	0.192424	
2475	-1.182550	-0.004476	0.197033	
2476	-1.176640	-0.004666	0.199667	
2477	-1.174242	-0.006180	0.202913	
2478	-1.170253	-0.005790	0.205877	
2479	-1.166423	-0.003946	0.208813	
2480	-1.165033	-0.003683	0.211946	
2481	-1.160163	-0.003764	0.214929	
2482	-1.156174	-0.002658	0.218688	
2483	-1.150057	-0.005712	0.221464	
2484	-1.149936	-0.003596	0.228187	
2485	-1.147708	-0.000617	0.234131	
2486	-1.140038	-0.002709	0.237590	
2487	-1.136676	-0.004359	0.242040	
2488	-1.138880	-0.001707	0.247537	
2489	-1.134778	-0.002739	0.251590	
2490	-1.130140	-0.002228	0.255502	
2491	-1.127884	-0.001723	0.259751	
2492	-1.126796	-0.002770	0.264563	
2493	-1.122510	0.003069	0.269251	
2494	-1.115779	0.002477	0.271306	
2495	-1.116605	0.003812	0.275620	
2496	-1.116744	0.008426	0.280522	
2497	-1.111196	0.008589	0.282155	
2498	-1.111461	0.008952	0.285131	
2499	-1.114425	0.014361	0.290030	
2500	-1.110482	0.014907	0.291221	
2501	-1.110640	0.014594	0.293200	
2502	-1.112328	0.017354	0.296455	
2503	-1.110411	0.017281	0.297657	
2504	-1.111804	0.016737	0.299151	
2505	-1.114283	0.017796	0.301344	
2506	-1.113017	0.018258	0.302501	
2507	-1.112854	0.017791	0.303392	
2508	-1.114168	0.019334	0.305071	
2509	-1.113548	0.019879	0.306307	
2510	-1.111130	0.020873	0.306777	
2511	-1.112556	0.021451	0.308007	
2512	-1.114517	0.024346	0.310334	
2513	-1.113564	0.025954	0.311844	
2514	-1.113971	0.026422	0.313150	
2515	-1.117731	0.029213	0.316401	
2516	-1.115189	0.031282	0.317880	
2517	-1.113352	0.031522	0.318763	
2518	-1.118449	0.034315	0.322491	
2519	-1.117401	0.036923	0.324719	
2520	-1.115189	0.036913	0.326052	
2521	-1.118037	0.039028	0.329359	
2522	-1.117024	0.041028	0.331666	
2523	-1.114696	0.042459	0.333818	
2524	-1.112750	0.044174	0.335590	
2525	-1.114515	0.045752	0.338492	
2526	-1.110736	0.047078	0.340204	
2527	-1.108232	0.048723	0.341715	
2528	-1.109962	0.050634	0.344404	
2529	-1.108997	0.052486	0.346461	
2530	-1.104253	0.053586	0.346468	
2531	-1.103858	0.054028	0.347312	
2532	-1.105386	0.055919	0.348985	
2533	-1.102189	0.056747	0.349059	
2534	-1.100761	0.056393	0.348799	
2535	-1.103006	0.057158	0.350598	
2536	-1.100278	0.057821	0.351184	
2537	-1.099216	0.057120	0.351268	
2538	-1.099315	0.056744	0.351981	
2539	-1.098701	0.056344	0.352821	
2540	-1.096847	0.056279	0.352920	
2541	-1.095441	0.055240	0.353385	
2542	-1.092775	0.054717	0.352760	
2543	-1.092444	0.054143	0.352733	
2544	-1.091520	0.053713	0.352891	
2545	-1.089561	0.053285	0.352664	
2546	-1.090452	0.051898	0.352754	
2547	-1.089951	0.052549	0.353202	
2548	-1.087089	0.053729	0.352804	
2549	-1.087759	0.053770	0.353114	
2550	-1.087977	0.054786	0.353635	
2551	-1.085093	0.056876	0.353526	
2552	-1.084204	0.057026	0.353267	
2553	-1.083926	0.059082	0.354053	
2554	-1.080431	0.060965	0.353436	
2555	-1.080057	0.061499	0.353354	
2556	-1.079661	0.063050	0.353799	
2557	-1.076555	0.065415	0.353074	
2558	-1.075596	0.065950	0.352591	
2559	-1.076192	0.067316	0.353000	
2560	-1.072798	0.069402	0.352348	
2561	-1.072519	0.069952	0.351935	
2562	-1.072954	0.071328	0.352308	
2563	-1.068740	0.073922	0.351470	
2564	-1.068583	0.075046	0.351394	
2565	-1.067414	0.077209	0.351407	
2566	-1.063255	0.080822	0.350107	
2567	-1.063550	0.082329	0.350072	
2568	-1.060348	0.084217	0.348624	
2569	-1.059837	0.085612	0.347488	
2570	-1.057914	0.086550	0.346512	
2571	-1.057983	0.086759	0.345430	
2572	-1.057460	0.087324	0.344707	
2573	-1.055108	0.087969	0.343443	
2574	-1.054936	0.088529	0.342119	
2575	-1.052648	0.088140	0.340616	
2576	-1.053553	0.088303	0.340280	
2577	-1.051359	0.088295	0.339309	
2578	-1.049531	0.088535	0.337390	
2579	-1.048378	0.089278	0.336826	
2580	-1.045516	0.090040	0.335707	
2581	-1.045227	0.090537	0.335148	
2582	-1.045619	0.091050	0.335100	
2583	-1.043561	0.091842	0.334324	
