0	0.000000	0.000000	0.000000	
1	0.000000	0.000000	0.000000	
2	0.000000	0.000000	0.000000	
3	0.000000	0.000000	0.000000	
4	0.001049	0.001975	0.001853	
5	0.000720	0.001997	0.002036	
6	0.000493	0.002907	0.001993	
7	0.000911	0.002659	0.001806	
8	0.000453	0.005695	0.002385	
9	0.000918	0.004673	0.001767	
10	0.001048	0.006088	0.002169	
11	0.001023	0.004806	0.001808	
12	0.001005	0.004534	0.002088	
13	0.001333	0.004870	0.002198	
14	0.000692	0.003768	0.001710	
15	0.000810	0.003233	0.001631	
16	0.001008	0.002407	0.001269	
17	0.000924	0.000884	0.000542	
18	0.001465	0.001173	0.000779	
19	0.001135	0.000767	0.000177	
20	0.000978	0.001491	0.000383	
21	0.001473	0.001123	0.000248	
22	0.003062	0.001960	0.000301	
23	0.003372	0.001950	-0.000093	
24	0.003318	0.001176	-0.000739	
25	0.004241	0.001662	-0.001047	
26	0.004611	0.001508	-0.001707	
27	0.004615	0.000666	-0.002645	
28	0.006289	0.001168	-0.002909	
29	0.006044	0.001585	-0.003291	
30	0.005450	0.000703	-0.004167	
31	0.006827	0.000971	-0.004335	
32	0.007128	0.002256	-0.004176	
33	0.006610	0.002929	-0.004771	
34	0.007058	0.003495	-0.004942	
35	0.007510	0.003630	-0.005018	
36	0.007265	0.003916	-0.005229	
37	0.007963	0.004880	-0.004965	
38	0.008882	0.006359	-0.004914	
39	0.007997	0.006327	-0.005554	
40	0.008496	0.006808	-0.005311	
41	0.009019	0.006989	-0.005532	
42	0.009337	0.005994	-0.006323	
43	0.009499	0.004783	-0.006918	
44	0.010069	0.004570	-0.006966	
45	0.010343	0.005188	-0.007242	
46	0.010469	0.005138	-0.007653	
47	0.010890	0.005501	-0.007873	
48	0.010943	0.006313	-0.008194	
49	0.010600	0.005880	-0.008547	
50	0.011602	0.006052	-0.008681	
51	0.011830	0.005316	-0.009416	
52	0.011094	0.005056	-0.009620	
53	0.011614	0.006191	-0.009705	
54	0.011392	0.005755	-0.010093	
55	0.011425	0.005623	-0.010518	
56	0.011679	0.005826	-0.010485	
57	0.011415	0.005986	-0.010801	
58	0.011255	0.006015	-0.010929	
59	0.012142	0.007569	-0.010212	
60	0.011679	0.007914	-0.009972	
61	0.010588	0.008473	-0.009660	
62	0.011358	0.009599	-0.008923	
63	0.011689	0.010581	-0.008266	
64	0.010703	0.011764	-0.007606	
65	0.010305	0.011897	-0.007307	
66	0.010331	0.011982	-0.006962	
67	0.010350	0.013591	-0.006126	
68	0.009185	0.013688	-0.006002	
69	0.007340	0.014419	-0.006052	
70	0.005956	0.014385	-0.006191	
71	0.003421	0.013638	-0.007352	
72	0.000718	0.013360	-0.008695	
73	-0.002393	0.010970	-0.011650	
74	-0.007755	0.009399	-0.015350	
75	-0.014486	0.008467	-0.019043	
76	-0.019830	0.007860	-0.023332	
77	-0.032846	0.005011	-0.032990	
78	-0.041481	0.004079	-0.037838	
79	-0.050508	0.004422	-0.042038	
80	-0.059424	0.004042	-0.046730	
81	-0.068523	0.003691	-0.051100	
82	-0.079833	0.004563	-0.055605	
83	-0.090772	0.006453	-0.059467	
84	-0.101393	0.008164	-0.062991	
85	-0.112991	0.010214	-0.066261	
86	-0.125211	0.012619	-0.069104	
87	-0.138495	0.015502	-0.071578	
88	-0.151467	0.018407	-0.073879	
89	-0.163304	0.020913	-0.076075	
90	-0.177039	0.022649	-0.078740	
91	-0.189027	0.026669	-0.080196	
92	-0.200409	0.030169	-0.081820	
93	-0.212892	0.032473	-0.083794	
94	-0.224667	0.034399	-0.085084	
95	-0.235413	0.035850	-0.087065	
96	-0.245585	0.038400	-0.088588	
97	-0.255688	0.038651	-0.090325	
98	-0.265687	0.038101	-0.091946	
99	-0.275928	0.037992	-0.092602	
100	-0.284688	0.038061	-0.093205	
101	-0.295179	0.036304	-0.093747	
102	-0.305215	0.035676	-0.093607	
103	-0.314297	0.034429	-0.093413	
104	-0.322649	0.032607	-0.093561	
105	-0.331728	0.030453	-0.093754	
106	-0.341654	0.029285	-0.092992	
107	-0.349689	0.028846	-0.091921	
108	-0.368761	0.025178	-0.090395	
109	-0.377952	0.024416	-0.088688	
110	-0.387051	0.023633	-0.086979	
111	-0.396774	0.022286	-0.084546	
112	-0.408385	0.021164	-0.081891	
113	-0.419322	0.020459	-0.079093	
114	-0.429764	0.017984	-0.076482	
115	-0.440342	0.014350	-0.073354	
116	-0.452552	0.010294	-0.070217	
117	-0.462702	0.007228	-0.066003	
118	-0.470126	0.005298	-0.060243	
119	-0.493993	-0.001096	-0.048262	
120	-0.502126	-0.001556	-0.040555	
121	-0.506979	-0.005585	-0.033494	
122	-0.516440	-0.009272	-0.026496	
123	-0.523983	-0.010269	-0.019544	
124	-0.531985	-0.014830	-0.014077	
125	-0.539538	-0.018753	-0.008033	
126	-0.546875	-0.020914	-0.002209	
127	-0.555046	-0.025662	0.002127	
128	-0.562091	-0.029690	0.006883	
129	-0.568018	-0.033570	0.011600	
130	-0.576619	-0.037827	0.015941	
131	-0.582829	-0.040613	0.021126	
132	-0.588739	-0.044679	0.026421	
133	-0.594782	-0.048560	0.031528	
134	-0.609829	-0.053612	0.042586	
135	-0.617243	-0.056218	0.048383	
136	-0.625447	-0.058105	0.053979	
137	-0.633557	-0.060810	0.059428	
138	-0.647599	-0.065448	0.070475	
139	-0.656762	-0.066231	0.076335	
140	-0.674242	-0.070271	0.087511	
141	-0.682813	-0.072403	0.093176	
142	-0.692044	-0.072501	0.099319	
143	-0.700792	-0.074216	0.105069	
144	-0.710009	-0.076583	0.110729	
145	-0.717830	-0.079422	0.115815	
146	-0.727436	-0.083427	0.120670	
147	-0.737433	-0.084612	0.126329	
148	-0.745289	-0.088098	0.131330	
149	-0.754277	-0.090475	0.136348	
150	-0.763536	-0.092093	0.142162	
151	-0.778267	-0.098520	0.153134	
152	-0.786105	-0.100448	0.158505	
153	-0.792602	-0.104171	0.163550	
154	-0.797167	-0.108375	0.168383	
155	-0.803511	-0.109721	0.173713	
156	-0.810057	-0.110987	0.179394	
157	-0.814454	-0.113877	0.184943	
158	-0.819440	-0.117575	0.190480	
159	-0.826252	-0.119585	0.196552	
160	-0.831290	-0.121610	0.202421	
161	-0.835506	-0.125023	0.207744	
162	-0.841352	-0.126353	0.213024	
163	-0.847968	-0.127777	0.218246	
164	-0.852558	-0.129989	0.223250	
165	-0.857196	-0.133187	0.227633	
166	-0.864100	-0.134612	0.232595	
167	-0.868931	-0.136849	0.237666	
168	-0.872395	-0.140254	0.242019	
169	-0.878382	-0.142157	0.247351	
170	-0.885195	-0.143547	0.253034	
171	-0.889356	-0.149248	0.258101	
172	-0.894376	-0.154308	0.263076	
173	-0.901388	-0.157740	0.268612	
174	-0.911300	-0.164177	0.280260	
175	-0.917470	-0.168622	0.286389	
176	-0.923394	-0.170665	0.292984	
177	-0.927842	-0.174537	0.299684	
178	-0.932574	-0.178263	0.306454	
179	-0.937891	-0.182241	0.313261	
180	-0.942685	-0.185829	0.319798	
181	-0.947732	-0.188784	0.326189	
182	-0.952220	-0.192323	0.332049	
183	-0.958251	-0.197092	0.338264	
184	-0.962699	-0.198672	0.344369	
185	-0.965156	-0.202689	0.349274	
186	-0.971270	-0.204389	0.354973	
187	-0.978134	-0.206595	0.360713	
188	-0.982972	-0.208731	0.365993	
189	-0.987376	-0.210566	0.371206	
190	-0.995482	-0.211035	0.377317	
191	-1.002637	-0.211961	0.383489	
192	-1.007473	-0.212287	0.389831	
193	-1.013080	-0.214118	0.395758	
194	-1.022100	-0.214581	0.402497	
195	-1.032207	-0.214085	0.409498	
196	-1.040842	-0.215545	0.415212	
197	-1.050590	-0.215877	0.420732	
198	-1.063066	-0.216959	0.426800	
199	-1.074219	-0.217535	0.431752	
200	-1.083403	-0.218100	0.436109	
201	-1.094349	-0.218324	0.440742	
202	-1.107255	-0.218892	0.445961	
203	-1.116718	-0.218315	0.450087	
204	-1.126966	-0.220165	0.454301	
205	-1.147850	-0.223607	0.462886	
206	-1.155581	-0.224531	0.466524	
207	-1.165198	-0.227428	0.470722	
208	-1.174622	-0.229961	0.475330	
209	-1.180665	-0.230843	0.479151	
210	-1.188693	-0.234247	0.483041	
211	-1.198249	-0.237200	0.488125	
212	-1.203668	-0.238639	0.492576	
213	-1.209383	-0.241334	0.496783	
214	-1.218290	-0.245563	0.502139	
215	-1.223542	-0.246470	0.507281	
216	-1.227981	-0.249525	0.511808	
217	-1.235613	-0.253180	0.517657	
218	-1.240097	-0.255621	0.523582	
219	-1.244484	-0.257686	0.529230	
220	-1.250173	-0.261374	0.535285	
221	-1.255180	-0.263841	0.541517	
222	-1.259529	-0.267012	0.547426	
223	-1.264071	-0.271564	0.553263	
224	-1.268950	-0.275154	0.559674	
225	-1.272105	-0.279389	0.565562	
226	-1.276711	-0.283286	0.572333	
227	-1.278580	-0.287626	0.578272	
228	-1.281425	-0.292923	0.584411	
229	-1.285429	-0.299216	0.590713	
230	-1.288714	-0.303785	0.596619	
231	-1.292147	-0.307917	0.602338	
232	-1.296068	-0.312667	0.608374	
233	-1.298259	-0.317820	0.613844	
234	-1.302171	-0.322989	0.619869	
235	-1.308085	-0.326693	0.627039	
236	-1.311309	-0.330759	0.632881	
237	-1.315230	-0.335167	0.638599	
238	-1.319455	-0.338783	0.644674	
239	-1.323622	-0.342093	0.650889	
240	-1.327804	-0.345629	0.656910	
241	-1.333101	-0.349874	0.663317	
242	-1.338294	-0.352356	0.669296	
243	-1.343022	-0.355485	0.674517	
244	-1.349551	-0.360044	0.680273	
245	-1.355117	-0.363091	0.685566	
246	-1.359263	-0.367730	0.690099	
247	-1.364794	-0.372758	0.694253	
248	-1.370463	-0.376606	0.698303	
249	-1.375647	-0.380638	0.701568	
250	-1.381227	-0.385080	0.704491	
251	-1.388934	-0.388032	0.707705	
252	-1.395642	-0.390420	0.710792	
253	-1.402718	-0.394491	0.713052	
254	-1.412280	-0.396397	0.716046	
255	-1.420817	-0.397564	0.718086	
256	-1.439653	-0.401088	0.721092	
257	-1.450672	-0.400545	0.722725	
258	-1.470305	-0.400765	0.723853	
259	-1.482431	-0.401036	0.725333	
260	-1.493183	-0.400022	0.726475	
261	-1.503968	-0.398936	0.727545	
262	-1.514092	-0.398636	0.728522	
263	-1.524050	-0.399366	0.729628	
264	-1.534483	-0.397822	0.731568	
265	-1.543989	-0.397111	0.732817	
266	-1.555501	-0.398151	0.734211	
267	-1.564927	-0.398304	0.736071	
268	-1.573879	-0.399055	0.737437	
269	-1.585488	-0.399028	0.740050	
270	-1.595473	-0.397805	0.742778	
271	-1.605216	-0.398211	0.745260	
272	-1.614802	-0.399102	0.747825	
273	-1.623367	-0.399655	0.750741	
274	-1.632170	-0.400452	0.753725	
275	-1.641788	-0.398124	0.758394	
276	-1.650033	-0.396579	0.762903	
277	-1.658489	-0.393980	0.768451	
278	-1.666763	-0.389623	0.774908	
279	-1.673999	-0.385417	0.782133	
280	-1.680747	-0.380700	0.789777	
281	-1.686632	-0.375265	0.797771	
282	-1.691094	-0.370933	0.805678	
283	-1.695069	-0.367037	0.813726	
284	-1.698681	-0.363137	0.821691	
285	-1.701218	-0.359977	0.829406	
286	-1.704028	-0.359253	0.837015	
287	-1.706950	-0.356351	0.847112	
288	-1.706309	-0.353220	0.855006	
289	-1.707350	-0.353685	0.861997	
290	-1.708650	-0.350622	0.871655	
291	-1.708255	-0.348449	0.880341	
292	-1.708533	-0.347343	0.888960	
293	-1.709076	-0.345847	0.897823	
294	-1.710083	-0.342935	0.907707	
295	-1.710884	-0.340927	0.916837	
296	-1.711683	-0.340869	0.925851	
297	-1.712979	-0.340997	0.934616	
298	-1.713846	-0.341273	0.943460	
299	-1.715029	-0.342291	0.950956	
300	-1.717355	-0.343064	0.959243	
301	-1.719577	-0.344713	0.966963	
302	-1.721452	-0.345393	0.974598	
303	-1.723573	-0.347737	0.981582	
304	-1.725971	-0.349859	0.989037	
305	-1.728202	-0.354463	0.995442	
306	-1.731920	-0.356182	1.002670	
307	-1.735641	-0.357828	1.009513	
308	-1.739707	-0.361294	1.015896	
309	-1.743313	-0.365019	1.021724	
310	-1.746948	-0.368803	1.027857	
311	-1.750660	-0.370181	1.033837	
312	-1.754278	-0.373914	1.039179	
313	-1.758157	-0.377322	1.044844	
314	-1.762183	-0.378674	1.051141	
315	-1.766389	-0.382109	1.056910	
316	-1.771057	-0.386461	1.062046	
317	-1.775977	-0.390821	1.067215	
318	-1.781311	-0.394773	1.072610	
319	-1.786615	-0.398874	1.077679	
320	-1.792745	-0.403483	1.083112	
321	-1.798317	-0.408588	1.088102	
322	-1.803807	-0.413620	1.092903	
323	-1.809725	-0.419136	1.097382	
324	-1.815058	-0.423938	1.101621	
325	-1.820600	-0.428041	1.105937	
326	-1.825174	-0.432386	1.108368	
327	-1.829545	-0.438409	1.111695	
328	-1.834218	-0.443288	1.114906	
329	-1.838989	-0.447109	1.118403	
330	-1.843661	-0.453079	1.123465	
331	-1.848103	-0.458213	1.127461	
332	-1.852181	-0.463202	1.131764	
333	-1.856284	-0.469498	1.137493	
334	-1.859657	-0.476723	1.142093	
335	-1.863776	-0.481436	1.147820	
336	-1.868014	-0.487673	1.154306	
337	-1.871244	-0.493766	1.158555	
338	-1.874652	-0.499290	1.164933	
339	-1.877189	-0.506559	1.170645	
340	-1.879309	-0.513084	1.175476	
341	-1.881763	-0.518250	1.181444	
342	-1.884052	-0.524868	1.189202	
343	-1.884948	-0.530844	1.193453	
344	-1.886892	-0.535569	1.200305	
345	-1.887914	-0.542543	1.207083	
346	-1.889136	-0.548128	1.212613	
347	-1.890679	-0.550933	1.219827	
348	-1.890532	-0.556750	1.226629	
349	-1.889848	-0.563384	1.230403	
350	-1.890608	-0.568053	1.236731	
351	-1.890532	-0.573022	1.243855	
352	-1.890284	-0.578974	1.249094	
353	-1.890323	-0.584274	1.255841	
354	-1.889876	-0.595643	1.268584	
355	-1.889683	-0.600904	1.275681	
356	-1.889046	-0.606434	1.282270	
357	-1.888332	-0.611358	1.288352	
358	-1.888530	-0.617285	1.296132	
359	-1.887418	-0.623771	1.303298	
360	-1.886445	-0.634696	1.317962	
361	-1.885764	-0.641577	1.325747	
362	-1.885485	-0.647759	1.333289	
363	-1.884885	-0.653814	1.340464	
364	-1.884641	-0.658718	1.347301	
365	-1.884745	-0.663491	1.354644	
366	-1.884846	-0.667414	1.362522	
367	-1.884342	-0.670339	1.367684	
368	-1.884656	-0.674166	1.374238	
369	-1.884150	-0.678450	1.380828	
370	-1.883339	-0.681828	1.386843	
371	-1.883075	-0.684690	1.391800	
372	-1.882646	-0.687169	1.397642	
373	-1.882226	-0.690199	1.402062	
374	-1.882877	-0.692543	1.405822	
375	-1.883028	-0.695002	1.410373	
376	-1.883776	-0.697227	1.415480	
377	-1.884856	-0.698715	1.419392	
378	-1.886190	-0.700284	1.423895	
379	-1.887589	-0.702143	1.429201	
380	-1.889395	-0.704033	1.434878	
381	-1.891257	-0.705956	1.439756	
382	-1.893358	-0.709190	1.446246	
383	-1.895946	-0.711711	1.451013	
384	-1.898481	-0.715709	1.456741	
385	-1.901724	-0.719520	1.462774	
386	-1.904939	-0.723666	1.467359	
387	-1.909113	-0.727659	1.473666	
388	-1.912980	-0.733049	1.478861	
389	-1.917000	-0.739217	1.484162	
390	-1.921568	-0.743635	1.489491	
391	-1.925850	-0.750464	1.494505	
392	-1.930819	-0.756204	1.499482	
393	-1.936090	-0.761621	1.505986	
394	-1.941505	-0.766797	1.511021	
395	-1.946622	-0.774386	1.516780	
396	-1.952326	-0.781051	1.524122	
397	-1.958021	-0.786229	1.529435	
398	-1.968203	-0.798787	1.539964	
399	-1.971992	-0.807879	1.546525	
400	-1.976383	-0.815368	1.551519	
401	-1.979782	-0.824690	1.558657	
402	-1.983052	-0.829783	1.562665	
403	-1.986641	-0.836325	1.567552	
404	-1.990046	-0.846425	1.577161	
405	-1.992996	-0.850690	1.583500	
406	-1.995965	-0.856663	1.589054	
407	-1.999099	-0.863700	1.597671	
408	-2.001083	-0.870334	1.606556	
409	-2.003302	-0.871971	1.610900	
410	-2.005584	-0.876480	1.617458	
411	-2.007449	-0.879445	1.624902	
412	-2.009004	-0.882514	1.632323	
413	-2.010414	-0.885436	1.638659	
414	-2.011750	-0.888741	1.647003	
415	-2.012501	-0.891900	1.655692	
416	-2.013877	-0.893734	1.663502	
417	-2.015168	-0.896178	1.671673	
418	-2.016575	-0.897479	1.680388	
419	-2.018130	-0.898536	1.686686	
420	-2.019487	-0.900790	1.695168	
421	-2.021171	-0.901412	1.702213	
422	-2.022542	-0.902424	1.709331	
423	-2.023910	-0.903458	1.715560	
424	-2.025158	-0.905656	1.723040	
425	-2.026191	-0.907711	1.730112	
426	-2.028708	-0.908860	1.739917	
427	-2.029946	-0.911325	1.746047	
428	-2.030831	-0.913548	1.752060	
429	-2.032146	-0.915516	1.757551	
430	-2.034127	-0.919361	1.762610	
431	-2.035263	-0.923944	1.770521	
432	-2.036627	-0.934962	1.781272	
433	-2.037339	-0.940925	1.786959	
434	-2.037963	-0.945773	1.790852	
435	-2.039271	-0.951184	1.793475	
436	-2.040259	-0.957523	1.799075	
437	-2.041437	-0.963837	1.804808	
438	-2.043130	-0.969120	1.808728	
439	-2.044588	-0.975554	1.815302	
440	-2.045567	-0.981750	1.819949	
441	-2.047029	-0.987578	1.824078	
442	-2.048322	-0.993529	1.830794	
443	-2.049455	-0.999653	1.836448	
444	-2.050682	-1.005948	1.842002	
445	-2.052318	-1.010386	1.846162	
446	-2.052928	-1.017476	1.853473	
447	-2.054371	-1.023357	1.857347	
448	-2.055564	-1.030410	1.863058	
449	-2.056718	-1.036511	1.869317	
450	-2.058045	-1.043167	1.874566	
451	-2.059790	-1.049531	1.881290	
452	-2.061050	-1.054663	1.885962	
453	-2.063780	-1.059927	1.889587	
454	-2.065386	-1.067010	1.896503	
455	-2.067306	-1.073685	1.903713	
456	-2.070250	-1.080682	1.910302	
457	-2.073893	-1.086632	1.917554	
458	-2.077923	-1.093128	1.924677	
459	-2.081492	-1.102598	1.934399	
460	-2.087641	-1.107315	1.941096	
461	-2.092544	-1.115160	1.951385	
462	-2.097870	-1.122738	1.962311	
463	-2.102727	-1.129893	1.973526	
464	-2.107117	-1.136675	1.983826	
465	-2.111609	-1.143902	1.996053	
466	-2.114924	-1.150929	2.008577	
467	-2.117773	-1.157781	2.020216	
468	-2.121269	-1.164721	2.030548	
469	-2.124607	-1.172182	2.041401	
470	-2.127158	-1.178047	2.053206	
471	-2.130957	-1.184243	2.062288	
472	-2.134478	-1.190991	2.073801	
473	-2.137203	-1.196731	2.084381	
474	-2.140008	-1.202098	2.094727	
475	-2.142401	-1.207855	2.104751	
476	-2.143934	-1.213460	2.115001	
477	-2.146202	-1.217245	2.123858	
478	-2.147015	-1.220433	2.133620	
479	-2.147678	-1.222376	2.142108	
480	-2.147847	-1.226065	2.149587	
481	-2.147449	-1.227743	2.158529	
482	-2.145060	-1.229252	2.168348	
483	-2.144847	-1.230941	2.174743	
484	-2.144328	-1.231703	2.183191	
485	-2.140382	-1.232665	2.192967	
486	-2.137880	-1.233197	2.200531	
487	-2.136218	-1.234168	2.207211	
488	-2.128382	-1.236997	2.226433	
489	-2.125835	-1.238083	2.234112	
490	-2.122286	-1.240094	2.245014	
491	-2.118931	-1.242669	2.251450	
492	-2.114924	-1.247119	2.258203	
493	-2.110693	-1.250406	2.267989	
494	-2.106768	-1.255002	2.274111	
495	-2.104093	-1.259105	2.280046	
496	-2.098888	-1.263776	2.290736	
497	-2.091541	-1.274275	2.303629	
498	-2.086829	-1.278836	2.312169	
499	-2.082120	-1.282691	2.320157	
500	-2.078195	-1.288070	2.324188	
501	-2.075005	-1.291524	2.329866	
502	-2.069545	-1.296653	2.336529	
503	-2.066761	-1.300562	2.339885	
504	-2.062971	-1.303539	2.345298	
505	-2.058680	-1.306131	2.352591	
506	-2.055644	-1.309980	2.356799	
507	-2.051977	-1.314592	2.359289	
508	-2.047079	-1.318970	2.364652	
509	-2.043893	-1.321999	2.367476	
510	-2.040999	-1.324918	2.370052	
511	-2.036300	-1.327754	2.375727	
512	-2.032136	-1.332965	2.377579	
513	-2.027699	-1.338186	2.379583	
514	-2.021215	-1.342649	2.385649	
515	-2.018024	-1.345602	2.389302	
516	-2.013213	-1.350267	2.393686	
517	-2.007214	-1.354982	2.400709	
518	-2.002239	-1.359872	2.406311	
519	-1.997802	-1.363902	2.414679	
520	-1.991038	-1.368995	2.424649	
521	-1.987440	-1.373684	2.432141	
522	-1.982681	-1.377877	2.441640	
523	-1.977258	-1.383288	2.451431	
524	-1.972098	-1.388731	2.461195	
525	-1.966326	-1.395127	2.470509	
526	-1.962898	-1.402173	2.477563	
527	-1.957223	-1.407408	2.487380	
528	-1.951344	-1.412547	2.496868	
529	-1.947115	-1.418128	2.505094	
530	-1.942903	-1.423313	2.513179	
531	-1.937863	-1.427373	2.522043	
532	-1.933228	-1.432755	2.529827	
533	-1.929204	-1.435827	2.538832	
534	-1.924477	-1.438346	2.546946	
535	-1.919085	-1.442504	2.554408	
536	-1.914474	-1.446324	2.561334	
537	-1.909049	-1.448915	2.568524	
538	-1.902544	-1.453521	2.574308	
539	-1.900054	-1.455695	2.580607	
540	-1.894240	-1.458879	2.586719	
541	-1.886537	-1.463687	2.592847	
542	-1.882497	-1.466670	2.598365	
543	-1.876661	-1.469193	2.604540	
544	-1.869484	-1.472208	2.610380	
545	-1.863409	-1.475069	2.615678	
546	-1.858439	-1.476493	2.621017	
547	-1.851328	-1.477971	2.626891	
548	-1.843137	-1.479689	2.631055	
549	-1.836275	-1.480775	2.635489	
550	-1.828532	-1.481968	2.639362	
551	-1.820613	-1.482122	2.644407	
552	-1.811844	-1.483220	2.647589	
553	-1.805559	-1.483287	2.651107	
554	-1.795679	-1.482024	2.655832	
555	-1.782232	-1.482909	2.660501	
556	-1.775880	-1.482170	2.663994	
557	-1.765817	-1.481094	2.669092	
558	-1.753333	-1.480334	2.674424	
559	-1.745228	-1.479493	2.678652	
560	-1.736700	-1.477449	2.683064	
561	-1.724211	-1.476557	2.687614	
562	-1.714489	-1.476336	2.691101	
563	-1.696238	-1.473745	2.697955	
564	-1.684981	-1.473881	2.700744	
565	-1.676732	-1.473472	2.702124	
566	-1.667159	-1.472677	2.704351	
567	-1.656900	-1.472859	2.706934	
568	-1.648096	-1.473749	2.707016	
569	-1.640316	-1.474377	2.707912	
570	-1.631397	-1.474408	2.710340	
571	-1.623270	-1.475399	2.711171	
572	-1.615817	-1.477136	2.710113	
573	-1.607813	-1.478827	2.710469	
574	-1.600101	-1.480076	2.710965	
575	-1.593865	-1.480763	2.711385	
576	-1.587386	-1.481534	2.712317	
577	-1.579230	-1.482509	2.714247	
578	-1.567901	-1.485513	2.714489	
579	-1.561095	-1.485886	2.716095	
580	-1.553441	-1.487035	2.717789	
581	-1.548272	-1.488623	2.717307	
582	-1.541875	-1.488746	2.719351	
583	-1.533701	-1.490864	2.720690	
584	-1.528931	-1.492465	2.721799	
585	-1.516032	-1.494559	2.726534	
586	-1.510729	-1.495334	2.729299	
587	-1.505343	-1.496087	2.731219	
588	-1.498850	-1.496860	2.733749	
589	-1.492288	-1.498208	2.734590	
590	-1.479479	-1.499239	2.739816	
591	-1.473517	-1.499963	2.742137	
592	-1.465834	-1.501089	2.744991	
593	-1.460509	-1.501477	2.748187	
594	-1.455185	-1.502576	2.750604	
595	-1.448034	-1.503648	2.753243	
596	-1.441130	-1.503910	2.756873	
597	-1.437024	-1.503863	2.759695	
598	-1.429728	-1.503700	2.762803	
599	-1.422358	-1.503345	2.766156	
600	-1.417475	-1.502863	2.767548	
601	-1.412295	-1.502602	2.768255	
602	-1.403501	-1.501367	2.772589	
603	-1.396071	-1.499476	2.776846	
604	-1.391803	-1.499241	2.776108	
605	-1.382747	-1.498174	2.779305	
606	-1.373645	-1.496472	2.782626	
607	-1.368050	-1.495525	2.783719	
608	-1.359560	-1.493623	2.787340	
609	-1.351076	-1.492901	2.787951	
610	-1.342232	-1.491605	2.790724	
611	-1.334400	-1.490463	2.792582	
612	-1.327505	-1.489284	2.792736	
613	-1.317786	-1.488393	2.793283	
614	-1.310229	-1.487241	2.792510	
615	-1.303274	-1.485742	2.791738	
616	-1.294698	-1.484279	2.790935	
617	-1.287006	-1.482874	2.790332	
618	-1.280318	-1.482246	2.787803	
619	-1.271164	-1.482177	2.785765	
620	-1.264152	-1.482232	2.784251	
621	-1.258772	-1.482070	2.781927	
622	-1.250690	-1.482124	2.780609	
623	-1.243392	-1.482309	2.778718	
624	-1.238456	-1.482904	2.774903	
625	-1.230834	-1.483148	2.773258	
626	-1.223463	-1.483517	2.771173	
627	-1.210986	-1.483838	2.767216	
628	-1.203013	-1.484850	2.764944	
629	-1.197695	-1.485760	2.762615	
630	-1.190773	-1.486783	2.761111	
631	-1.184631	-1.487759	2.759476	
632	-1.178582	-1.489097	2.757271	
633	-1.171928	-1.490700	2.754908	
634	-1.166597	-1.491455	2.752984	
635	-1.161331	-1.492322	2.751374	
636	-1.156132	-1.492766	2.750362	
637	-1.147222	-1.492673	2.745871	
638	-1.142980	-1.492340	2.743698	
639	-1.138179	-1.490973	2.742298	
640	-1.132030	-1.490273	2.739731	
641	-1.125259	-1.489660	2.737906	
642	-1.123082	-1.488434	2.735761	
643	-1.119637	-1.486810	2.734612	
644	-1.112901	-1.486347	2.732230	
645	-1.110100	-1.484423	2.731447	
646	-1.106954	-1.482760	2.730398	
647	-1.100083	-1.480940	2.729584	
648	-1.094163	-1.479382	2.727721	
649	-1.090447	-1.477405	2.726112	
650	-1.085818	-1.474998	2.724625	
651	-1.080604	-1.472458	2.722311	
652	-1.074621	-1.469156	2.721255	
653	-1.070478	-1.465421	2.719634	
654	-1.063843	-1.461867	2.717893	
655	-1.058041	-1.458075	2.715781	
656	-1.052837	-1.453832	2.714007	
657	-1.044347	-1.450141	2.711596	
658	-1.041833	-1.445198	2.710175	
659	-1.037165	-1.440458	2.708966	
660	-1.027117	-1.437863	2.706018	
661	-1.022243	-1.433861	2.704316	
662	-1.018634	-1.429570	2.702673	
663	-1.012758	-1.425826	2.699424	
664	-1.007983	-1.421793	2.696670	
665	-1.004614	-1.417393	2.693501	
666	-1.001044	-1.412790	2.689653	
667	-0.998268	-1.407923	2.685971	
668	-0.992169	-1.403828	2.680815	
669	-0.987273	-1.398793	2.676252	
670	-0.984400	-1.392774	2.672993	
671	-0.977350	-1.388165	2.667695	
672	-0.970928	-1.383003	2.662460	
673	-0.959797	-1.373931	2.650670	
674	-0.952003	-1.370037	2.644890	
675	-0.938694	-1.362622	2.633514	
676	-0.928378	-1.360896	2.626551	
677	-0.925872	-1.356402	2.623200	
678	-0.922802	-1.351610	2.620092	
679	-0.916210	-1.348655	2.614534	
680	-0.910211	-1.344542	2.610595	
681	-0.907010	-1.339475	2.608044	
682	-0.901380	-1.336261	2.604446	
683	-0.895885	-1.332748	2.601652	
684	-0.887587	-1.324487	2.598360	
685	-0.882182	-1.321890	2.595776	
686	-0.880896	-1.316011	2.596255	
687	-0.877698	-1.312090	2.595127	
688	-0.870959	-1.310051	2.592940	
689	-0.869012	-1.303464	2.595353	
690	-0.865759	-1.298656	2.595478	
691	-0.860752	-1.295317	2.594707	
692	-0.858315	-1.290027	2.596081	
693	-0.857652	-1.284318	2.598189	
694	-0.853622	-1.281695	2.597761	
695	-0.850912	-1.277779	2.599204	
696	-0.849836	-1.273446	2.600619	
697	-0.844437	-1.272718	2.599253	
698	-0.843345	-1.268504	2.601730	
699	-0.842130	-1.265587	2.603136	
700	-0.837347	-1.265230	2.602592	
701	-0.836469	-1.261621	2.605361	
702	-0.834489	-1.259346	2.606434	
703	-0.831017	-1.257897	2.607787	
704	-0.829194	-1.255012	2.610619	
705	-0.826723	-1.252974	2.612656	
706	-0.823816	-1.250632	2.614967	
707	-0.821471	-1.247835	2.618093	
708	-0.819260	-1.245226	2.620785	
709	-0.816387	-1.243583	2.622691	
710	-0.814053	-1.240772	2.625359	
711	-0.812027	-1.238021	2.628079	
712	-0.803448	-1.231304	2.636420	
713	-0.798027	-1.231707	2.636195	
714	-0.791976	-1.231877	2.637296	
715	-0.790841	-1.229038	2.641271	
716	-0.784885	-1.230227	2.641879	
717	-0.781324	-1.229408	2.644563	
718	-0.779350	-1.227354	2.647864	
719	-0.774575	-1.227222	2.649709	
720	-0.770848	-1.226351	2.652234	
721	-0.768025	-1.224880	2.655597	
722	-0.762372	-1.226066	2.656021	
723	-0.757720	-1.226515	2.658304	
724	-0.755398	-1.225320	2.661948	
725	-0.752358	-1.225196	2.663916	
726	-0.745895	-1.228083	2.664680	
727	-0.743732	-1.226204	2.669305	
728	-0.740642	-1.225743	2.672145	
729	-0.734847	-1.227926	2.673002	
730	-0.731462	-1.227115	2.677507	
731	-0.728633	-1.226737	2.680143	
732	-0.723165	-1.228356	2.681121	
733	-0.720379	-1.227749	2.685277	
734	-0.716557	-1.228243	2.687713	
735	-0.711639	-1.230221	2.688932	
736	-0.709188	-1.229547	2.692478	
737	-0.705751	-1.230229	2.694266	
738	-0.701456	-1.232022	2.696429	
739	-0.698789	-1.232660	2.699449	
740	-0.694349	-1.235950	2.699263	
741	-0.692506	-1.237437	2.702030	
742	-0.690779	-1.238235	2.705328	
743	-0.689238	-1.239661	2.707460	
744	-0.688713	-1.239832	2.711286	
745	-0.686990	-1.240566	2.713261	
746	-0.685294	-1.241798	2.716571	
747	-0.683745	-1.243015	2.719603	
748	-0.681376	-1.244108	2.722002	
749	-0.678864	-1.245694	2.724596	
750	-0.679242	-1.244485	2.728958	
751	-0.676413	-1.246314	2.731275	
752	-0.674042	-1.247938	2.735437	
753	-0.672567	-1.249278	2.740501	
754	-0.670367	-1.251114	2.744321	
755	-0.666922	-1.254874	2.747709	
756	-0.665502	-1.257123	2.752691	
757	-0.663236	-1.260414	2.757221	
758	-0.659080	-1.265765	2.761053	
759	-0.658221	-1.268292	2.767766	
760	-0.655282	-1.272582	2.772215	
761	-0.652569	-1.276796	2.778026	
762	-0.650949	-1.280313	2.784958	
763	-0.648876	-1.283504	2.790647	
764	-0.646464	-1.287455	2.796012	
765	-0.643484	-1.291543	2.801496	
766	-0.640352	-1.295712	2.807179	
767	-0.638442	-1.299016	2.814129	
768	-0.634709	-1.303862	2.818522	
769	-0.632707	-1.307224	2.824730	
770	-0.632317	-1.308753	2.831613	
771	-0.627861	-1.313371	2.835173	
772	-0.625288	-1.316336	2.841041	
773	-0.622719	-1.318603	2.846181	
774	-0.617954	-1.322595	2.848130	
775	-0.616666	-1.323241	2.854363	
776	-0.614974	-1.323854	2.859406	
777	-0.609829	-1.326044	2.862103	
778	-0.606084	-1.327006	2.866258	
779	-0.602238	-1.327535	2.870160	
780	-0.596238	-1.330511	2.870306	
781	-0.591394	-1.332394	2.872061	
782	-0.587406	-1.334030	2.873386	
783	-0.581538	-1.336631	2.872844	
784	-0.575205	-1.339240	2.873683	
785	-0.570158	-1.340866	2.875385	
786	-0.562656	-1.343083	2.876074	
787	-0.557312	-1.344594	2.877416	
788	-0.545733	-1.347908	2.881165	
789	-0.538050	-1.350017	2.883407	
790	-0.531486	-1.352207	2.885865	
791	-0.523953	-1.354604	2.886833	
792	-0.515637	-1.356943	2.887804	
793	-0.506699	-1.360464	2.888238	
794	-0.499807	-1.362449	2.890642	
795	-0.491200	-1.365048	2.891337	
796	-0.481538	-1.368177	2.891214	
797	-0.474621	-1.369321	2.894110	
798	-0.466552	-1.371268	2.895526	
799	-0.457129	-1.374331	2.896003	
800	-0.450308	-1.375656	2.898827	
801	-0.433376	-1.381048	2.898429	
802	-0.421056	-1.383564	2.900588	
803	-0.408793	-1.386533	2.901014	
804	-0.403286	-1.387541	2.901421	
805	-0.396420	-1.389175	2.900868	
806	-0.392619	-1.388589	2.902320	
807	-0.386044	-1.389080	2.901839	
808	-0.379015	-1.389978	2.901165	
809	-0.373090	-1.389365	2.901772	
810	-0.365478	-1.390305	2.901050	
811	-0.357375	-1.391747	2.900063	
812	-0.350607	-1.391070	2.901230	
813	-0.344110	-1.391936	2.901178	
814	-0.336367	-1.393487	2.899885	
815	-0.330059	-1.392982	2.901117	
816	-0.323512	-1.393755	2.900581	
817	-0.315698	-1.394613	2.898863	
818	-0.310563	-1.393620	2.899162	
819	-0.304287	-1.394525	2.896765	
820	-0.298026	-1.395156	2.894649	
821	-0.292513	-1.394814	2.893337	
822	-0.287913	-1.394752	2.891838	
823	-0.282520	-1.394131	2.890161	
824	-0.277319	-1.392650	2.889040	
825	-0.271911	-1.392283	2.886920	
826	-0.266090	-1.390301	2.885388	
827	-0.261553	-1.387638	2.884080	
828	-0.257084	-1.385548	2.881771	
829	-0.245584	-1.379427	2.877888	
830	-0.239641	-1.376452	2.874755	
831	-0.233904	-1.373312	2.870956	
832	-0.227465	-1.368656	2.867770	
833	-0.221654	-1.364443	2.863555	
834	-0.213225	-1.360821	2.858154	
835	-0.205764	-1.355854	2.853666	
836	-0.197126	-1.350701	2.849051	
837	-0.188557	-1.347600	2.842320	
838	-0.178739	-1.343568	2.836348	
839	-0.170196	-1.339077	2.830258	
840	-0.161958	-1.335431	2.823745	
841	-0.144734	-1.328288	2.809766	
842	-0.136746	-1.324868	2.803061	
843	-0.129334	-1.321793	2.795738	
844	-0.121868	-1.317650	2.789976	
845	-0.115785	-1.315556	2.782375	
846	-0.108131	-1.311988	2.776911	
847	-0.100774	-1.309038	2.770044	
848	-0.095473	-1.307350	2.763640	
849	-0.087930	-1.303967	2.758019	
850	-0.081026	-1.304775	2.748422	
851	-0.074231	-1.304218	2.741625	
852	-0.065763	-1.300721	2.737450	
853	-0.062606	-1.301946	2.728900	
854	-0.056152	-1.303061	2.721558	
855	-0.048195	-1.302233	2.715231	
856	-0.043588	-1.301732	2.708390	
857	-0.038211	-1.300956	2.701404	
858	-0.032712	-1.299826	2.694036	
859	-0.026336	-1.298204	2.687502	
860	-0.020191	-1.296187	2.681414	
861	-0.014726	-1.296013	2.673783	
862	-0.007364	-1.295475	2.668099	
863	-0.000220	-1.296211	2.660585	
864	0.006738	-1.297308	2.654193	
865	0.014226	-1.298065	2.648888	
866	0.021178	-1.300178	2.641845	
867	0.028708	-1.301852	2.636122	
868	0.034699	-1.303549	2.630692	
869	0.040840	-1.305894	2.623713	
870	0.045432	-1.308692	2.616112	
871	0.053761	-1.310360	2.610340	
872	0.058680	-1.312617	2.603384	
873	0.064409	-1.314800	2.595935	
874	0.069252	-1.317339	2.587953	
875	0.079567	-1.319243	2.573828	
876	0.082586	-1.321171	2.564589	
877	0.087146	-1.322053	2.556967	
878	0.090259	-1.323245	2.547936	
879	0.098101	-1.322927	2.533185	
880	0.099282	-1.322464	2.524190	
881	0.101010	-1.321969	2.515639	
882	0.105959	-1.319804	2.509518	
883	0.106926	-1.318886	2.501367	
884	0.108471	-1.318459	2.493360	
885	0.108282	-1.316903	2.484714	
886	0.111499	-1.315477	2.475356	
887	0.112678	-1.314211	2.466802	
888	0.115685	-1.312179	2.457872	
889	0.117697	-1.310358	2.449587	
890	0.120388	-1.309131	2.439803	
891	0.122899	-1.308835	2.429484	
892	0.126498	-1.307781	2.420342	
893	0.128629	-1.306845	2.410630	
894	0.130688	-1.306614	2.399321	
895	0.133045	-1.306661	2.389622	
896	0.137724	-1.307259	2.379646	
897	0.140745	-1.308426	2.371309	
898	0.145090	-1.308704	2.364030	
899	0.149222	-1.308196	2.357070	
900	0.151684	-1.307450	2.348722	
901	0.153403	-1.306369	2.340837	
902	0.157622	-1.304437	2.335562	
903	0.159880	-1.302545	2.328447	
904	0.161844	-1.300966	2.320857	
905	0.164821	-1.298647	2.314996	
906	0.167287	-1.296445	2.308843	
907	0.169351	-1.294886	2.301482	
908	0.173844	-1.292557	2.295988	
909	0.178091	-1.290512	2.289679	
910	0.182512	-1.289192	2.285106	
911	0.186797	-1.287378	2.280590	
912	0.191012	-1.286003	2.277048	
913	0.196064	-1.285439	2.274839	
914	0.201766	-1.283398	2.272185	
915	0.205940	-1.281146	2.268406	
916	0.207530	-1.279383	2.264307	
917	0.212593	-1.276730	2.263384	
918	0.215817	-1.274637	2.260129	
919	0.218706	-1.273490	2.257333	
920	0.223508	-1.271070	2.256196	
921	0.225835	-1.269660	2.254430	
922	0.230437	-1.268531	2.252314	
923	0.235004	-1.266607	2.250662	
924	0.237374	-1.265623	2.249609	
925	0.241334	-1.264896	2.248809	
926	0.245516	-1.263611	2.248681	
927	0.249094	-1.263396	2.248245	
928	0.255490	-1.263299	2.247920	
929	0.257328	-1.262414	2.249382	
930	0.260741	-1.262431	2.250084	
931	0.266853	-1.263049	2.250927	
932	0.268559	-1.263204	2.254708	
933	0.272241	-1.264040	2.255843	
934	0.275317	-1.264829	2.258492	
935	0.277566	-1.265272	2.261087	
936	0.280906	-1.266188	2.262510	
937	0.284441	-1.267164	2.264195	
938	0.287977	-1.267549	2.268528	
939	0.290514	-1.268407	2.272318	
940	0.292735	-1.269069	2.276114	
941	0.296207	-1.269461	2.278643	
942	0.299313	-1.269956	2.281374	
943	0.301810	-1.270696	2.284331	
944	0.303748	-1.270654	2.288908	
945	0.306952	-1.270911	2.292116	
946	0.310328	-1.271328	2.294920	
947	0.311183	-1.271509	2.298728	
948	0.314645	-1.272758	2.301084	
949	0.317719	-1.273234	2.303689	
950	0.323831	-1.274839	2.307165	
951	0.325500	-1.275611	2.311107	
952	0.328415	-1.276229	2.313833	
953	0.330832	-1.276018	2.316646	
954	0.332826	-1.275264	2.320742	
955	0.334942	-1.274684	2.324453	
956	0.338530	-1.273616	2.325811	
957	0.341015	-1.272243	2.331058	
958	0.342027	-1.270809	2.337356	
959	0.341453	-1.268850	2.341089	
960	0.344819	-1.268515	2.345461	
961	0.346635	-1.267955	2.350248	
962	0.347292	-1.266501	2.355526	
963	0.351513	-1.267094	2.357000	
964	0.352664	-1.266764	2.362071	
965	0.353513	-1.266380	2.367634	
966	0.358619	-1.267661	2.370301	
967	0.360825	-1.267349	2.376101	
968	0.363420	-1.268572	2.381671	
969	0.369316	-1.271566	2.385375	
970	0.372994	-1.272477	2.391438	
971	0.374832	-1.273812	2.398590	
972	0.380223	-1.276592	2.403164	
973	0.382967	-1.277756	2.411911	
974	0.383816	-1.276706	2.418508	
975	0.387796	-1.279666	2.424527	
976	0.389324	-1.279960	2.433905	
977	0.392846	-1.281475	2.438408	
978	0.397652	-1.284850	2.445986	
979	0.396708	-1.283175	2.453389	
980	0.398386	-1.283512	2.454727	
981	0.404506	-1.285391	2.460820	
982	0.405417	-1.285167	2.469113	
983	0.407988	-1.285772	2.471148	
984	0.410331	-1.286388	2.476448	
985	0.410809	-1.286247	2.482502	
986	0.411818	-1.286777	2.485317	
987	0.414238	-1.287524	2.491192	
988	0.416740	-1.288400	2.495281	
989	0.419152	-1.289908	2.497771	
990	0.422132	-1.290169	2.504658	
991	0.422571	-1.289983	2.508928	
992	0.423765	-1.290868	2.512488	
993	0.425650	-1.289597	2.519280	
994	0.427928	-1.289250	2.522482	
995	0.430777	-1.289872	2.525181	
996	0.432532	-1.287856	2.530642	
997	0.432774	-1.284939	2.539166	
998	0.435665	-1.284496	2.542179	
999	0.437594	-1.282609	2.548000	
1000	0.440664	-1.280570	2.559391	
1001	0.442225	-1.277973	2.569741	
1002	0.443032	-1.277491	2.578059	
1003	0.443544	-1.278095	2.583254	
1004	0.442497	-1.276362	2.589618	
1005	0.441469	-1.275538	2.593921	
1006	0.441305	-1.274110	2.599254	
1007	0.441366	-1.273200	2.602551	
1008	0.442230	-1.273379	2.606460	
1009	0.442426	-1.273003	2.608974	
1010	0.443116	-1.273483	2.610764	
1011	0.444316	-1.273842	2.613039	
1012	0.443813	-1.272914	2.616111	
1013	0.443812	-1.272329	2.619398	
1014	0.445470	-1.273136	2.620539	
1015	0.447701	-1.275367	2.624294	
1016	0.446416	-1.273987	2.627446	
1017	0.447729	-1.274387	2.629240	
1018	0.450011	-1.275582	2.631014	
1019	0.452097	-1.273884	2.633176	
1020	0.454319	-1.274338	2.633165	
1021	0.452585	-1.270474	2.634110	
1022	0.455237	-1.270616	2.634566	
1023	0.455662	-1.264556	2.632792	
1024	0.458721	-1.259728	2.631389	
1025	0.458117	-1.254615	2.630447	
1026	0.458724	-1.250430	2.628934	
1027	0.461873	-1.248568	2.627387	
1028	0.462702	-1.244446	2.626704	
1029	0.464282	-1.240878	2.627116	
1030	0.466763	-1.238235	2.627605	
1031	0.466480	-1.231691	2.626508	
1032	0.468859	-1.228912	2.627719	
1033	0.472095	-1.227348	2.628489	
1034	0.472274	-1.221688	2.628049	
1035	0.475394	-1.218566	2.627450	
1036	0.479030	-1.217319	2.628290	
1037	0.480820	-1.213449	2.627553	
1038	0.481836	-1.210058	2.628524	
1039	0.485581	-1.208302	2.627681	
1040	0.487906	-1.206468	2.627567	
1041	0.489539	-1.202931	2.625411	
1042	0.491158	-1.200822	2.624783	
1043	0.493745	-1.198944	2.621619	
1044	0.494962	-1.196439	2.619382	
1045	0.496408	-1.194858	2.618339	
1046	0.498483	-1.192728	2.616180	
1047	0.499718	-1.189299	2.616000	
1048	0.502048	-1.188651	2.615394	
1049	0.502966	-1.187329	2.615205	
1050	0.503682	-1.187005	2.616541	
1051	0.504875	-1.184722	2.614965	
1052	0.505829	-1.182839	2.614102	
1053	0.505935	-1.182217	2.615936	
1054	0.506732	-1.181033	2.616392	
1055	0.507211	-1.178962	2.616451	
1056	0.507290	-1.177519	2.618005	
1057	0.507591	-1.175067	2.618472	
1058	0.506797	-1.176049	2.624472	
1059	0.506610	-1.173367	2.625177	
1060	0.507534	-1.172907	2.627520	
1061	0.507019	-1.175159	2.633865	
1062	0.504827	-1.174628	2.638810	
1063	0.505356	-1.175724	2.642614	
1064	0.506155	-1.173346	2.642104	
1065	0.505061	-1.170429	2.642726	
1066	0.507615	-1.171062	2.643970	
1067	0.507619	-1.171587	2.647683	
1068	0.506495	-1.168746	2.649107	
1069	0.508416	-1.169488	2.651570	
1070	0.509798	-1.167428	2.651317	
1071	0.507062	-1.164129	2.654667	
1072	0.506457	-1.164135	2.659665	
1073	0.508235	-1.156769	2.653293	
1074	0.505677	-1.152522	2.655685	
1075	0.506249	-1.149091	2.655740	
1076	0.505006	-1.148782	2.661171	
1077	0.502631	-1.147472	2.667033	
1078	0.501643	-1.146266	2.671196	
1079	0.501500	-1.142607	2.670871	
1080	0.501025	-1.142853	2.675112	
1081	0.498166	-1.141135	2.680228	
1082	0.499461	-1.141559	2.682709	
1083	0.499349	-1.142531	2.687484	
1084	0.496516	-1.139601	2.690554	
1085	0.499197	-1.141392	2.691354	
1086	0.499116	-1.141563	2.693132	
1087	0.496723	-1.137698	2.693156	
1088	0.498350	-1.139000	2.692788	
1089	0.495816	-1.136788	2.693252	
1090	0.492344	-1.136936	2.697071	
1091	0.493264	-1.139044	2.696139	
1092	0.490030	-1.138147	2.696996	
1093	0.487056	-1.138330	2.698579	
1094	0.487452	-1.140351	2.696146	
1095	0.482611	-1.140219	2.699242	
1096	0.481812	-1.142101	2.698544	
1097	0.480488	-1.144602	2.699162	
1098	0.475936	-1.143739	2.700916	
1099	0.475767	-1.146645	2.700094	
1100	0.472096	-1.150260	2.705120	
1101	0.465922	-1.154321	2.709371	
1102	0.462127	-1.156954	2.713819	
1103	0.458653	-1.160169	2.719163	
1104	0.454868	-1.160485	2.720833	
1105	0.450105	-1.160004	2.722462	
1106	0.446007	-1.162409	2.727240	
1107	0.442599	-1.164261	2.730088	
1108	0.437910	-1.165509	2.734290	
1109	0.433721	-1.168017	2.739246	
1110	0.429533	-1.169195	2.741354	
1111	0.425364	-1.173396	2.747758	
1112	0.420691	-1.177289	2.753740	
1113	0.416746	-1.182914	2.760353	
1114	0.412049	-1.184971	2.762237	
1115	0.407261	-1.189775	2.769575	
1116	0.395830	-1.195989	2.778969	
1117	0.391205	-1.201158	2.785407	
1118	0.385960	-1.203577	2.787452	
1119	0.379066	-1.204819	2.791014	
1120	0.374601	-1.208285	2.793234	
1121	0.368790	-1.214963	2.805604	
1122	0.362212	-1.213852	2.803770	
1123	0.357459	-1.216519	2.805414	
1124	0.351691	-1.221889	2.816991	
1125	0.345561	-1.220839	2.816855	
1126	0.341596	-1.224978	2.822896	
1127	0.336435	-1.225583	2.826315	
1128	0.333094	-1.229320	2.833180	
1129	0.329554	-1.231532	2.835611	
1130	0.325492	-1.232289	2.838805	
1131	0.323446	-1.235254	2.840805	
1132	0.320863	-1.237283	2.844651	
1133	0.318283	-1.238042	2.844830	
1134	0.317288	-1.239661	2.844193	
1135	0.316349	-1.242957	2.847430	
1136	0.314875	-1.243696	2.846900	
1137	0.314203	-1.245774	2.848047	
1138	0.313746	-1.247632	2.847384	
1139	0.312150	-1.247717	2.848056	
1140	0.311407	-1.248079	2.847504	
1141	0.310807	-1.249491	2.848596	
1142	0.308836	-1.248631	2.848534	
1143	0.308468	-1.250359	2.850811	
1144	0.307352	-1.250896	2.851768	
1145	0.305148	-1.250562	2.854120	
1146	0.303443	-1.250512	2.855618	
1147	0.301755	-1.251846	2.861513	
1148	0.298871	-1.251309	2.864059	
1149	0.297143	-1.252634	2.868624	
1150	0.296124	-1.254967	2.873072	
1151	0.291976	-1.254163	2.876812	
1152	0.290943	-1.257274	2.881253	
1153	0.289483	-1.260508	2.885684	
1154	0.285907	-1.261956	2.890329	
1155	0.284446	-1.264789	2.892073	
1156	0.281904	-1.267168	2.894773	
1157	0.279529	-1.270695	2.898407	
1158	0.277301	-1.273408	2.900004	
1159	0.274892	-1.276332	2.903619	
1160	0.272998	-1.279555	2.905029	
1161	0.270427	-1.283098	2.908658	
1162	0.267962	-1.286124	2.911449	
1163	0.266473	-1.290170	2.911768	
1164	0.263111	-1.292359	2.915928	
1165	0.260752	-1.295447	2.915663	
1166	0.259471	-1.299757	2.918922	
1167	0.256986	-1.302007	2.920960	
1168	0.255853	-1.306307	2.923726	
1169	0.254626	-1.309860	2.926392	
1170	0.252953	-1.312858	2.930517	
1171	0.251760	-1.316020	2.933497	
1172	0.250789	-1.319413	2.936882	
1173	0.248562	-1.321333	2.939581	
1174	0.246190	-1.323421	2.941770	
1175	0.245522	-1.327490	2.943919	
1176	0.242451	-1.328588	2.950120	
1177	0.240056	-1.330239	2.950838	
1178	0.238268	-1.332502	2.955918	
1179	0.235052	-1.333578	2.961133	
1180	0.232738	-1.335265	2.963678	
1181	0.230694	-1.338243	2.967914	
1182	0.228517	-1.342010	2.974508	
1183	0.225872	-1.345198	2.979426	
1184	0.223930	-1.349384	2.982811	
1185	0.219659	-1.352479	2.988112	
1186	0.215835	-1.356114	2.992170	
1187	0.212474	-1.361146	2.998094	
1188	0.207957	-1.365056	3.003571	
1189	0.204281	-1.369634	3.007242	
1190	0.200753	-1.374817	3.011894	
1191	0.195113	-1.378536	3.018504	
1192	0.190862	-1.383393	3.022943	
1193	0.185517	-1.388607	3.028971	
1194	0.178524	-1.392448	3.035401	
1195	0.174171	-1.398697	3.041516	
1196	0.169098	-1.404141	3.047364	
1197	0.164285	-1.409157	3.053410	
1198	0.159839	-1.414252	3.060331	
1199	0.155403	-1.419464	3.067487	
1200	0.151089	-1.424854	3.073394	
1201	0.146456	-1.429738	3.079137	
1202	0.138604	-1.440490	3.094748	
1203	0.135042	-1.445800	3.102466	
1204	0.131681	-1.451220	3.109973	
1205	0.128643	-1.456372	3.116559	
1206	0.126873	-1.461954	3.125292	
1207	0.123813	-1.465989	3.133305	
1208	0.122642	-1.470970	3.141008	
1209	0.120824	-1.475738	3.149789	
1210	0.119211	-1.480741	3.158010	
1211	0.117357	-1.484935	3.164217	
1212	0.114663	-1.488600	3.170644	
1213	0.112339	-1.496208	3.183259	
1214	0.111825	-1.500070	3.190124	
1215	0.112003	-1.503718	3.194488	
1216	0.112950	-1.507980	3.201145	
1217	0.115015	-1.511998	3.207285	
1218	0.116730	-1.515244	3.213562	
1219	0.119799	-1.518857	3.218754	
1220	0.122838	-1.522128	3.224718	
1221	0.126964	-1.525491	3.230976	
1222	0.131229	-1.528068	3.236567	
1223	0.136031	-1.530785	3.242549	
1224	0.142092	-1.533419	3.250142	
1225	0.148354	-1.535478	3.256433	
1226	0.155566	-1.537727	3.263464	
1227	0.163031	-1.539875	3.271805	
1228	0.170552	-1.541548	3.278969	
1229	0.179409	-1.544808	3.285523	
1230	0.187760	-1.547172	3.295145	
1231	0.195953	-1.549786	3.301696	
1232	0.205791	-1.553948	3.309293	
1233	0.213810	-1.557011	3.315689	
1234	0.222445	-1.561063	3.321486	
1235	0.231215	-1.564883	3.327808	
1236	0.238913	-1.568364	3.332206	
1237	0.246772	-1.571657	3.337521	
1238	0.254664	-1.574702	3.342866	
1239	0.262274	-1.577685	3.348634	
1240	0.269073	-1.581547	3.354438	
1241	0.275596	-1.585792	3.359556	
1242	0.282173	-1.589696	3.366147	
1243	0.286958	-1.593589	3.369890	
1244	0.292975	-1.597402	3.375292	
1245	0.298527	-1.601151	3.380872	
1246	0.303902	-1.605502	3.384847	
1247	0.310292	-1.609725	3.391628	
1248	0.315975	-1.614033	3.396966	
1249	0.322078	-1.619357	3.401918	
1250	0.333447	-1.627232	3.409836	
1251	0.339694	-1.632276	3.414907	
1252	0.346107	-1.637580	3.420595	
1253	0.353343	-1.642827	3.426797	
1254	0.368195	-1.654439	3.440349	
1255	0.376074	-1.660695	3.447021	
1256	0.382324	-1.665812	3.453937	
1257	0.389318	-1.670807	3.460538	
1258	0.396016	-1.675069	3.467858	
1259	0.402317	-1.678475	3.475275	
1260	0.409291	-1.683217	3.479849	
1261	0.416289	-1.687436	3.485045	
1262	0.422499	-1.691456	3.491088	
1263	0.429676	-1.695309	3.495626	
1264	0.435561	-1.698242	3.499576	
1265	0.442625	-1.700944	3.504130	
1266	0.450312	-1.703535	3.508231	
1267	0.459905	-1.706514	3.511673	
1268	0.468473	-1.708963	3.515676	
1269	0.477283	-1.711351	3.519341	
1270	0.487496	-1.713669	3.522975	
1271	0.497706	-1.715246	3.526542	
1272	0.508039	-1.716663	3.530335	
1273	0.519871	-1.718404	3.532974	
1274	0.531565	-1.720054	3.535253	
1275	0.542373	-1.720205	3.539204	
1276	0.554770	-1.722139	3.540061	
1277	0.567529	-1.722721	3.543063	
1278	0.578989	-1.723500	3.545646	
1279	0.590953	-1.723321	3.548517	
1280	0.603726	-1.723729	3.550208	
1281	0.616105	-1.724016	3.552113	
1282	0.628094	-1.724469	3.553573	
1283	0.639459	-1.725094	3.554558	
1284	0.651912	-1.726884	3.554450	
1285	0.664569	-1.728055	3.555789	
1286	0.677834	-1.729226	3.557452	
1287	0.690037	-1.730811	3.557969	
1288	0.701565	-1.732264	3.558543	
1289	0.713825	-1.732900	3.559955	
1290	0.728140	-1.734235	3.560261	
1291	0.740662	-1.734152	3.561660	
1292	0.752498	-1.735281	3.561271	
1293	0.765856	-1.736208	3.561644	
1294	0.778466	-1.737307	3.561805	
1295	0.790095	-1.738747	3.562100	
1296	0.802542	-1.739979	3.562277	
1297	0.813569	-1.740503	3.562965	
1298	0.824537	-1.740616	3.563882	
1299	0.838048	-1.742182	3.564060	
1300	0.849656	-1.743345	3.565411	
1301	0.862099	-1.744499	3.566665	
1302	0.875869	-1.746273	3.568294	
1303	0.887537	-1.746779	3.571595	
1304	0.899530	-1.748664	3.573739	
1305	0.914443	-1.749333	3.577535	
1306	0.926509	-1.750753	3.580825	
1307	0.938635	-1.753574	3.584808	
1308	0.950467	-1.755755	3.589245	
1309	0.960613	-1.758076	3.594942	
1310	0.973178	-1.760741	3.599990	
1311	0.986779	-1.762935	3.606171	
1312	0.998325	-1.764520	3.612314	
1313	1.009064	-1.768673	3.616677	
1314	1.021122	-1.771495	3.621826	
1315	1.030463	-1.773474	3.626890	
1316	1.040268	-1.776730	3.630520	
1317	1.048869	-1.778662	3.635376	
1318	1.065871	-1.782196	3.644608	
1319	1.074613	-1.783821	3.648364	
1320	1.083905	-1.784773	3.652719	
1321	1.092258	-1.786097	3.656034	
1322	1.102450	-1.787796	3.658542	
1323	1.117420	-1.787291	3.661516	
1324	1.126655	-1.788156	3.663909	
1325	1.137441	-1.789757	3.665159	
1326	1.147860	-1.789785	3.667572	
1327	1.157909	-1.790420	3.668849	
1328	1.168649	-1.791797	3.668849	
1329	1.179672	-1.790538	3.670146	
1330	1.190889	-1.791219	3.669603	
1331	1.202335	-1.790467	3.668682	
1332	1.213427	-1.789512	3.668153	
1333	1.226535	-1.787187	3.668158	
1334	1.250877	-1.784252	3.664172	
1335	1.264703	-1.780949	3.662970	
1336	1.276085	-1.777054	3.663710	
1337	1.306472	-1.772708	3.659607	
1338	1.333638	-1.769691	3.653106	
1339	1.347952	-1.764863	3.651921	
1340	1.358671	-1.761727	3.649343	
1341	1.370917	-1.760581	3.644432	
1342	1.381710	-1.758599	3.640986	
1343	1.393845	-1.757604	3.635910	
1344	1.404294	-1.757961	3.630303	
1345	1.421546	-1.753695	3.626278	
1346	1.424078	-1.754744	3.622309	
1347	1.440340	-1.751878	3.616987	
1348	1.444957	-1.750758	3.614177	
1349	1.451335	-1.750866	3.608651	
1350	1.461652	-1.749183	3.603986	
1351	1.471405	-1.745696	3.600604	
1352	1.477710	-1.746635	3.594812	
1353	1.487050	-1.744744	3.590233	
1354	1.496447	-1.742005	3.586993	
1355	1.504661	-1.741398	3.581118	
1356	1.515748	-1.738987	3.575488	
1357	1.525180	-1.736430	3.571792	
1358	1.537022	-1.734582	3.565276	
1359	1.548530	-1.731330	3.561648	
1360	1.557620	-1.728970	3.558983	
1361	1.570031	-1.726826	3.555289	
1362	1.583713	-1.723897	3.551116	
1363	1.594020	-1.720259	3.549391	
1364	1.605691	-1.718580	3.546123	
1365	1.619784	-1.716146	3.542002	
1366	1.631816	-1.713449	3.539142	
1367	1.642109	-1.712126	3.535584	
1368	1.654646	-1.708628	3.532348	
1369	1.663925	-1.706412	3.528804	
1370	1.675247	-1.703887	3.524513	
1371	1.686288	-1.699813	3.522258	
1372	1.695690	-1.697400	3.519043	
1373	1.705730	-1.694875	3.515191	
1374	1.714415	-1.691537	3.511664	
1375	1.723212	-1.688864	3.507746	
1376	1.730917	-1.686383	3.503738	
1377	1.739967	-1.683039	3.498639	
1378	1.747962	-1.680485	3.493804	
1379	1.755118	-1.677446	3.488881	
1380	1.763668	-1.673813	3.482940	
1381	1.773370	-1.667310	3.478599	
1382	1.778084	-1.663851	3.474792	
1383	1.785090	-1.659801	3.468080	
1384	1.794277	-1.653554	3.461244	
1385	1.799221	-1.649911	3.454591	
1386	1.807004	-1.644666	3.446570	
1387	1.815388	-1.638109	3.438006	
1388	1.821290	-1.634110	3.428658	
1389	1.828633	-1.628578	3.419416	
1390	1.834023	-1.622772	3.413483	
1391	1.841827	-1.617899	3.403962	
1392	1.852312	-1.612493	3.393230	
1393	1.858426	-1.606324	3.386877	
1394	1.864412	-1.602152	3.379794	
1395	1.877785	-1.594116	3.365902	
1396	1.889218	-1.584569	3.351306	
1397	1.896234	-1.579498	3.343237	
1398	1.902590	-1.574643	3.336239	
1399	1.908814	-1.572105	3.327081	
1400	1.915657	-1.567676	3.319308	
1401	1.922034	-1.564053	3.311886	
1402	1.928754	-1.561040	3.302556	
1403	1.934009	-1.558049	3.294400	
1404	1.939997	-1.554826	3.285299	
1405	1.945072	-1.550452	3.278728	
1406	1.951025	-1.545431	3.273524	
1407	1.956816	-1.541589	3.265688	
1408	1.963856	-1.536719	3.257558	
1409	1.971085	-1.530640	3.251317	
1410	1.978237	-1.525129	3.243635	
1411	1.986300	-1.519163	3.235244	
1412	1.993799	-1.513493	3.226909	
1413	2.002498	-1.508784	3.217308	
1414	2.012350	-1.501663	3.209962	
1415	2.020389	-1.495652	3.203642	
1416	2.030142	-1.490117	3.197361	
1417	2.040468	-1.483670	3.190667	
1418	2.050223	-1.476904	3.186420	
1419	2.059620	-1.470999	3.180067	
1420	2.070522	-1.464942	3.172680	
1421	2.080841	-1.458312	3.166150	
1422	2.090707	-1.452460	3.159369	
1423	2.098922	-1.446897	3.154106	
1424	2.114447	-1.438064	3.140402	
1425	2.120527	-1.432949	3.136238	
1426	2.126426	-1.429861	3.130535	
1427	2.133014	-1.426766	3.122848	
1428	2.139197	-1.422707	3.115415	
1429	2.144377	-1.418759	3.110236	
1430	2.148834	-1.414342	3.106493	
1431	2.153329	-1.410619	3.101750	
1432	2.158290	-1.407445	3.093719	
1433	2.163633	-1.402559	3.086948	
1434	2.167621	-1.397174	3.082798	
1435	2.171432	-1.391910	3.077915	
1436	2.175944	-1.386110	3.072224	
1437	2.178041	-1.383621	3.064403	
1438	2.181209	-1.379235	3.057085	
1439	2.184043	-1.373810	3.052606	
1440	2.186983	-1.368660	3.046082	
1441	2.191023	-1.363288	3.037143	
1442	2.193880	-1.357894	3.029356	
1443	2.196498	-1.353109	3.021711	
1444	2.200458	-1.347090	3.010972	
1445	2.204114	-1.341695	2.998781	
1446	2.206514	-1.337788	2.992639	
1447	2.208611	-1.334430	2.981328	
1448	2.212812	-1.328597	2.967218	
1449	2.214232	-1.323542	2.963247	
1450	2.215181	-1.320368	2.955666	
1451	2.219571	-1.312223	2.944976	
1452	2.221509	-1.305601	2.936775	
1453	2.220172	-1.303280	2.927114	
1454	2.221897	-1.296834	2.915817	
1455	2.224158	-1.288798	2.907792	
1456	2.224453	-1.283683	2.900833	
1457	2.226546	-1.277949	2.889927	
1458	2.228308	-1.271597	2.880546	
1459	2.229796	-1.265558	2.872287	
1460	2.232368	-1.258119	2.866980	
1461	2.234105	-1.253527	2.855921	
1462	2.236401	-1.248601	2.845305	
1463	2.240038	-1.241155	2.840815	
1464	2.241676	-1.236932	2.828973	
1465	2.245780	-1.230222	2.819922	
1466	2.248775	-1.223512	2.814636	
1467	2.249887	-1.220289	2.802903	
1468	2.254652	-1.213618	2.791561	
1469	2.257358	-1.209431	2.780650	
1470	2.260271	-1.206376	2.769021	
1471	2.269368	-1.195669	2.753116	
1472	2.273044	-1.192327	2.744321	
1473	2.278259	-1.188026	2.737954	
1474	2.283391	-1.184165	2.727273	
1475	2.288928	-1.180514	2.718403	
1476	2.294657	-1.177080	2.709011	
1477	2.299903	-1.173084	2.698230	
1478	2.306396	-1.166497	2.688325	
1479	2.312222	-1.160979	2.681512	
1480	2.316438	-1.156771	2.671798	
1481	2.322137	-1.150296	2.663080	
1482	2.325600	-1.146217	2.655367	
1483	2.329700	-1.141725	2.647920	
1484	2.333517	-1.135949	2.637966	
1485	2.337404	-1.129702	2.632765	
1486	2.340175	-1.125805	2.624110	
1487	2.342742	-1.120473	2.615289	
1488	2.345831	-1.114835	2.609241	
1489	2.347072	-1.111088	2.600379	
1490	2.349140	-1.105716	2.590049	
1491	2.350191	-1.100596	2.581804	
1492	2.350757	-1.095324	2.571013	
1493	2.352835	-1.084473	2.553588	
1494	2.352970	-1.080349	2.542655	
1495	2.353223	-1.074145	2.533526	
1496	2.353690	-1.067755	2.528634	
1497	2.353671	-1.061815	2.520926	
1498	2.351472	-1.058763	2.506602	
1499	2.350853	-1.050802	2.499527	
1500	2.350422	-1.043128	2.493409	
1501	2.350088	-1.034446	2.483868	
1502	2.349990	-1.026096	2.475807	
1503	2.348419	-1.019661	2.466458	
1504	2.347323	-1.013602	2.454782	
1505	2.346208	-1.008347	2.442193	
1506	2.344316	-1.004400	2.429208	
1507	2.343343	-0.998605	2.417168	
1508	2.342136	-0.992768	2.406542	
1509	2.342048	-0.986518	2.396095	
1510	2.340448	-0.980865	2.384137	
1511	2.340107	-0.974143	2.373888	
1512	2.338709	-0.968866	2.364873	
1513	2.336104	-0.965929	2.355163	
1514	2.335882	-0.958879	2.345957	
1515	2.334907	-0.953683	2.338968	
1516	2.332743	-0.950747	2.328611	
1517	2.330719	-0.946179	2.321218	
1518	2.328677	-0.942853	2.313930	
1519	2.327197	-0.939136	2.307653	
1520	2.326365	-0.933518	2.301381	
1521	2.325109	-0.930247	2.295434	
1522	2.324670	-0.927086	2.289941	
1523	2.325035	-0.922814	2.284742	
1524	2.325531	-0.918897	2.280021	
1525	2.325496	-0.916786	2.273376	
1526	2.324864	-0.914478	2.264618	
1527	2.326140	-0.911070	2.258409	
1528	2.326599	-0.908470	2.250164	
1529	2.328036	-0.904367	2.242461	
1530	2.330435	-0.899454	2.234324	
1531	2.333969	-0.893336	2.226953	
1532	2.337573	-0.887119	2.217673	
1533	2.341338	-0.881358	2.209083	
1534	2.344030	-0.876851	2.199516	
1535	2.347598	-0.872073	2.190079	
1536	2.351710	-0.864966	2.179960	
1537	2.355133	-0.860877	2.170178	
1538	2.359004	-0.855484	2.160864	
1539	2.362939	-0.850863	2.152209	
1540	2.366543	-0.846622	2.144022	
1541	2.370420	-0.841650	2.134182	
1542	2.374946	-0.836527	2.127074	
1543	2.378194	-0.832658	2.119160	
1544	2.381612	-0.829844	2.110298	
1545	2.386107	-0.823755	2.103659	
1546	2.388781	-0.819560	2.095998	
1547	2.391411	-0.816088	2.087168	
1548	2.395096	-0.810568	2.079779	
1549	2.398295	-0.804868	2.072490	
1550	2.401152	-0.799887	2.063604	
1551	2.403006	-0.794570	2.053799	
1552	2.405600	-0.789238	2.046189	
1553	2.406827	-0.785897	2.037277	
1554	2.409044	-0.779913	2.029647	
1555	2.409965	-0.775733	2.020436	
1556	2.411318	-0.770608	2.012377	
1557	2.411786	-0.766299	2.003868	
1558	2.412314	-0.762689	1.995557	
1559	2.412541	-0.757864	1.986619	
1560	2.413979	-0.751422	1.978667	
1561	2.414804	-0.745834	1.970155	
1562	2.415025	-0.739873	1.959284	
1563	2.414715	-0.734807	1.949745	
1564	2.414784	-0.723253	1.928904	
1565	2.415499	-0.717739	1.919827	
1566	2.416566	-0.711327	1.910053	
1567	2.418094	-0.704673	1.899377	
1568	2.420646	-0.698990	1.889699	
1569	2.423382	-0.691288	1.879883	
1570	2.425803	-0.685896	1.871204	
1571	2.427894	-0.682374	1.862043	
1572	2.430168	-0.677437	1.852043	
1573	2.431484	-0.673634	1.843652	
1574	2.432950	-0.670893	1.835433	
1575	2.435488	-0.666192	1.827551	
1576	2.436868	-0.664137	1.818435	
1577	2.439264	-0.660727	1.809739	
1578	2.441672	-0.658749	1.802923	
1579	2.446427	-0.653288	1.785264	
1580	2.448564	-0.650073	1.776082	
1581	2.451217	-0.647784	1.768356	
1582	2.454164	-0.644548	1.759111	
1583	2.457965	-0.640461	1.749437	
1584	2.462081	-0.636412	1.740664	
1585	2.465232	-0.633325	1.730083	
1586	2.468366	-0.629132	1.719100	
1587	2.472955	-0.623933	1.709440	
1588	2.476573	-0.620130	1.698768	
1589	2.481390	-0.614303	1.688626	
1590	2.485371	-0.610426	1.677771	
1591	2.488837	-0.607758	1.666789	
1592	2.493749	-0.602388	1.656129	
1593	2.497500	-0.600005	1.646358	
1594	2.501752	-0.595596	1.636615	
1595	2.506335	-0.590156	1.625920	
1596	2.511992	-0.581991	1.617677	
1597	2.515800	-0.577724	1.607302	
1598	2.520919	-0.570854	1.599242	
1599	2.524360	-0.565137	1.590158	
1600	2.528660	-0.558474	1.582170	
1601	2.532204	-0.552636	1.574347	
1602	2.534583	-0.545865	1.566163	
1603	2.538134	-0.539923	1.559806	
1604	2.539712	-0.534013	1.552481	
1605	2.541939	-0.528820	1.547066	
1606	2.543579	-0.521647	1.540615	
1607	2.544038	-0.516293	1.534832	
1608	2.544829	-0.511658	1.528660	
1609	2.545465	-0.505419	1.522340	
1610	2.544713	-0.500497	1.514937	
1611	2.545128	-0.495143	1.509224	
1612	2.543707	-0.491751	1.502854	
1613	2.541985	-0.486501	1.496507	
1614	2.538467	-0.473980	1.480766	
1615	2.535223	-0.468521	1.470961	
1616	2.532212	-0.463304	1.463253	
1617	2.529260	-0.456830	1.454270	
1618	2.526356	-0.450669	1.446322	
1619	2.522273	-0.444591	1.437206	
1620	2.518453	-0.437480	1.428413	
1621	2.514572	-0.432206	1.419907	
1622	2.509736	-0.427955	1.411706	
1623	2.505101	-0.423263	1.403039	
1624	2.501001	-0.418490	1.395075	
1625	2.497113	-0.412519	1.387320	
1626	2.491832	-0.409170	1.379271	
1627	2.486573	-0.406536	1.371803	
1628	2.480568	-0.403851	1.363973	
1629	2.474788	-0.401810	1.356305	
1630	2.470285	-0.399038	1.349849	
1631	2.465344	-0.397087	1.342144	
1632	2.460598	-0.394753	1.333287	
1633	2.456334	-0.393265	1.324830	
1634	2.452999	-0.390346	1.316933	
1635	2.449954	-0.387985	1.310065	
1636	2.446102	-0.386116	1.303148	
1637	2.442555	-0.382658	1.297282	
1638	2.438103	-0.382473	1.290626	
1639	2.434687	-0.378695	1.285843	
1640	2.430010	-0.377948	1.280175	
1641	2.425217	-0.375691	1.275261	
1642	2.420947	-0.373108	1.270305	
1643	2.417901	-0.370803	1.266891	
1644	2.412745	-0.369669	1.263111	
1645	2.409382	-0.368159	1.260407	
1646	2.405138	-0.367849	1.258037	
1647	2.400476	-0.365664	1.255124	
1648	2.398227	-0.361943	1.255450	
1649	2.394475	-0.357922	1.254198	
1650	2.390244	-0.356761	1.253129	
1651	2.386105	-0.354601	1.251583	
1652	2.379259	-0.352399	1.247128	
1653	2.374597	-0.349924	1.245267	
1654	2.370409	-0.347814	1.244204	
1655	2.364611	-0.345931	1.242060	
1656	2.358462	-0.344156	1.239351	
1657	2.352509	-0.340674	1.238081	
1658	2.345846	-0.339463	1.236442	
1659	2.338472	-0.337417	1.234113	
1660	2.331468	-0.336337	1.232603	
1661	2.322540	-0.334823	1.229970	
1662	2.313716	-0.333771	1.227397	
1663	2.305574	-0.332111	1.225684	
1664	2.294852	-0.331475	1.222351	
1665	2.285926	-0.330662	1.220485	
1666	2.278259	-0.329360	1.218959	
1667	2.268415	-0.329746	1.216347	
1668	2.256694	-0.330000	1.211483	
1669	2.248641	-0.329650	1.209555	
1670	2.238997	-0.329233	1.207232	
1671	2.226546	-0.328059	1.203372	
1672	2.216227	-0.327912	1.201715	
1673	2.205913	-0.328399	1.201020	
1674	2.192902	-0.328105	1.199077	
1675	2.181156	-0.327048	1.197029	
1676	2.170832	-0.326383	1.196395	
1677	2.158309	-0.325789	1.194513	
1678	2.147261	-0.324068	1.193481	
1679	2.137868	-0.323286	1.194057	
1680	2.127804	-0.322584	1.193851	
1681	2.118076	-0.321187	1.193362	
1682	2.109126	-0.320685	1.193425	
1683	2.100775	-0.318970	1.193176	
1684	2.092782	-0.317005	1.192822	
1685	2.084862	-0.316142	1.192419	
1686	2.077583	-0.314894	1.191139	
1687	2.070733	-0.313402	1.190187	
1688	2.056517	-0.310946	1.188281	
1689	2.050290	-0.309053	1.187898	
1690	2.043511	-0.307192	1.186314	
1691	2.036589	-0.305606	1.184416	
1692	2.029809	-0.302736	1.182582	
1693	2.024075	-0.298763	1.181019	
1694	2.016922	-0.294415	1.178395	
1695	2.010152	-0.290383	1.176040	
1696	2.002999	-0.286975	1.172621	
1697	1.997401	-0.281857	1.170039	
1698	1.990817	-0.277879	1.166051	
1699	1.984992	-0.273499	1.162333	
1700	1.979437	-0.269244	1.158845	
1701	1.974428	-0.264863	1.155653	
1702	1.968469	-0.260617	1.151258	
1703	1.963786	-0.255864	1.147904	
1704	1.957889	-0.252284	1.142553	
1705	1.951892	-0.248810	1.137257	
1706	1.947947	-0.244678	1.133482	
1707	1.941701	-0.241771	1.127828	
1708	1.936591	-0.237476	1.123011	
1709	1.931793	-0.234297	1.118889	
1710	1.925039	-0.231124	1.114011	
1711	1.918680	-0.227140	1.109418	
1712	1.913766	-0.223532	1.106224	
1713	1.907334	-0.221533	1.102114	
1714	1.899955	-0.217531	1.097383	
1715	1.892766	-0.214856	1.093278	
1716	1.885153	-0.212446	1.088791	
1717	1.877769	-0.209128	1.084718	
1718	1.869125	-0.206369	1.079475	
1719	1.860349	-0.203577	1.074884	
1720	1.851766	-0.200337	1.070673	
1721	1.842805	-0.198137	1.066261	
1722	1.833850	-0.195709	1.062691	
1723	1.823257	-0.192810	1.057988	
1724	1.813148	-0.190886	1.053923	
1725	1.801433	-0.188900	1.049361	
1726	1.790602	-0.186831	1.045833	
1727	1.781833	-0.185201	1.042665	
1728	1.772374	-0.183110	1.039806	
1729	1.754492	-0.179151	1.034674	
1730	1.745718	-0.177483	1.032429	
1731	1.737012	-0.175495	1.030568	
1732	1.729232	-0.174071	1.028880	
1733	1.721591	-0.173151	1.027746	
1734	1.713955	-0.171897	1.026441	
1735	1.707211	-0.169343	1.024980	
1736	1.700894	-0.168057	1.023979	
1737	1.694350	-0.168015	1.022437	
1738	1.687984	-0.166605	1.020243	
1739	1.680921	-0.165585	1.018082	
1740	1.676132	-0.165084	1.017492	
1741	1.669388	-0.163648	1.015953	
1742	1.665309	-0.162658	1.015533	
1743	1.659269	-0.160581	1.013821	
1744	1.654694	-0.159350	1.012876	
1745	1.649103	-0.158200	1.010437	
1746	1.644147	-0.157493	1.008377	
1747	1.637225	-0.155644	1.005331	
1748	1.632753	-0.155615	1.002984	
1749	1.627367	-0.154725	1.000051	
1750	1.621906	-0.151956	0.996966	
1751	1.616542	-0.150166	0.993747	
1752	1.610655	-0.148507	0.989938	
1753	1.604723	-0.145281	0.986229	
1754	1.598060	-0.141408	0.981572	
1755	1.591586	-0.139341	0.976516	
1756	1.585627	-0.134592	0.971764	
1757	1.579913	-0.130990	0.966788	
1758	1.566368	-0.124040	0.955001	
1759	1.560836	-0.120788	0.949199	
1760	1.554708	-0.117270	0.943370	
1761	1.548137	-0.113716	0.937199	
1762	1.542285	-0.110853	0.930681	
1763	1.535731	-0.107857	0.924268	
1764	1.530600	-0.102693	0.919066	
1765	1.525279	-0.099002	0.913194	
1766	1.512320	-0.092797	0.901380	
1767	1.506370	-0.089570	0.895324	
1768	1.499640	-0.083925	0.890046	
1769	1.493936	-0.079820	0.884657	
1770	1.488687	-0.078359	0.878932	
1771	1.484104	-0.074532	0.874212	
1772	1.479730	-0.070887	0.869841	
1773	1.474166	-0.067317	0.865213	
1774	1.470617	-0.068641	0.861060	
1775	1.466109	-0.067837	0.857418	
1776	1.454524	-0.070221	0.847787	
1777	1.448821	-0.070849	0.843147	
1778	1.443184	-0.073016	0.838728	
1779	1.436905	-0.076249	0.833539	
1780	1.430676	-0.079922	0.828766	
1781	1.416352	-0.087347	0.818089	
1782	1.409447	-0.089075	0.813568	
1783	1.402473	-0.090710	0.809571	
1784	1.394260	-0.090796	0.805432	
1785	1.387001	-0.091348	0.801756	
1786	1.380123	-0.092462	0.798251	
1787	1.372808	-0.093505	0.794394	
1788	1.365479	-0.093044	0.790919	
1789	1.353433	-0.092761	0.786068	
1790	1.346249	-0.093247	0.783051	
1791	1.340346	-0.093625	0.780596	
1792	1.333891	-0.092844	0.778251	
1793	1.328872	-0.094043	0.775306	
1794	1.322140	-0.093081	0.772485	
1795	1.317817	-0.093069	0.769919	
1796	1.310607	-0.093089	0.766738	
1797	1.304880	-0.092466	0.764408	
1798	1.299689	-0.091682	0.761769	
1799	1.294231	-0.091511	0.759169	
1800	1.288512	-0.089204	0.756828	
1801	1.283704	-0.088009	0.753438	
1802	1.278794	-0.086735	0.750133	
1803	1.272125	-0.085751	0.746693	
1804	1.269336	-0.085373	0.743757	
1805	1.265326	-0.082659	0.741877	
1806	1.261011	-0.080754	0.740264	
1807	1.256729	-0.079941	0.737528	
1808	1.253664	-0.077499	0.735281	
1809	1.249847	-0.075172	0.733124	
1810	1.246384	-0.073610	0.729690	
1811	1.241153	-0.070566	0.726134	
1812	1.239120	-0.066326	0.723264	
1813	1.235061	-0.064260	0.718030	
1814	1.229528	-0.061027	0.712603	
1815	1.225646	-0.055444	0.708231	
1816	1.222978	-0.052898	0.701983	
1817	1.219116	-0.049842	0.695666	
1818	1.216076	-0.045692	0.690454	
1819	1.214548	-0.042175	0.684898	
1820	1.211243	-0.039284	0.678764	
1821	1.206762	-0.035206	0.673994	
1822	1.204401	-0.032469	0.668573	
1823	1.200288	-0.027494	0.664353	
1824	1.196692	-0.024366	0.659484	
1825	1.193980	-0.025867	0.653184	
1826	1.189075	-0.023292	0.648728	
1827	1.185937	-0.019901	0.644589	
1828	1.181898	-0.020291	0.638887	
1829	1.177097	-0.017430	0.635624	
1830	1.173352	-0.017604	0.631099	
1831	1.165973	-0.016162	0.626781	
1832	1.158661	-0.015857	0.622726	
1833	1.152492	-0.015064	0.618862	
1834	1.144607	-0.014863	0.614213	
1835	1.136200	-0.016179	0.609390	
1836	1.127764	-0.015247	0.605811	
1837	1.121840	-0.015633	0.601857	
1838	1.112938	-0.018346	0.597279	
1839	1.102638	-0.020959	0.593639	
1840	1.094859	-0.024893	0.590342	
1841	1.085393	-0.030252	0.586833	
1842	1.073939	-0.034978	0.584272	
1843	1.065272	-0.038771	0.583089	
1844	1.056036	-0.040229	0.583101	
1845	1.044168	-0.042747	0.583415	
1846	1.033025	-0.048316	0.582956	
1847	1.022548	-0.052249	0.583384	
1848	1.011310	-0.055760	0.584496	
1849	1.002550	-0.057594	0.585574	
1850	0.991972	-0.061525	0.586984	
1851	0.980243	-0.065618	0.588973	
1852	0.970084	-0.068079	0.590218	
1853	0.958676	-0.070144	0.591727	
1854	0.947520	-0.075435	0.592978	
1855	0.938007	-0.080124	0.593595	
1856	0.927334	-0.080746	0.595857	
1857	0.917888	-0.084486	0.597993	
1858	0.909101	-0.085739	0.599950	
1859	0.899711	-0.090096	0.601990	
1860	0.890891	-0.090589	0.604063	
1861	0.883821	-0.093781	0.606249	
1862	0.875713	-0.093329	0.609782	
1863	0.868639	-0.095848	0.612066	
1864	0.861580	-0.097766	0.614649	
1865	0.854156	-0.099099	0.617932	
1866	0.846927	-0.100693	0.621096	
1867	0.840042	-0.104369	0.623990	
1868	0.831426	-0.101815	0.628029	
1869	0.826512	-0.103579	0.631784	
1870	0.821544	-0.107481	0.633563	
1871	0.814547	-0.108821	0.636396	
1872	0.805947	-0.109206	0.640498	
1873	0.801893	-0.114531	0.641960	
1874	0.796956	-0.116248	0.643696	
1875	0.788957	-0.116366	0.647176	
1876	0.784811	-0.119761	0.649051	
1877	0.779600	-0.119756	0.651397	
1878	0.772932	-0.120181	0.654881	
1879	0.768538	-0.122625	0.657284	
1880	0.763752	-0.124516	0.659772	
1881	0.758320	-0.125226	0.663230	
1882	0.753624	-0.125157	0.666850	
1883	0.749974	-0.126730	0.670150	
1884	0.741831	-0.126221	0.677645	
1885	0.737297	-0.128319	0.681048	
1886	0.732191	-0.127096	0.685633	
1887	0.728316	-0.129255	0.689583	
1888	0.723999	-0.125805	0.693393	
1889	0.720080	-0.127252	0.697857	
1890	0.717834	-0.124765	0.702969	
1891	0.715086	-0.127162	0.707702	
1892	0.711833	-0.126810	0.713558	
1893	0.709260	-0.124874	0.720322	
1894	0.705634	-0.125078	0.727541	
1895	0.702784	-0.123568	0.735942	
1896	0.701101	-0.123790	0.744225	
1897	0.698194	-0.124332	0.752674	
1898	0.695563	-0.122232	0.761566	
1899	0.693523	-0.121702	0.770111	
1900	0.690588	-0.122674	0.777808	
1901	0.688628	-0.124971	0.785374	
1902	0.684768	-0.123689	0.792909	
1903	0.683168	-0.127469	0.800442	
1904	0.679958	-0.128864	0.808087	
1905	0.676327	-0.128923	0.816487	
1906	0.673319	-0.132335	0.824332	
1907	0.669761	-0.136406	0.831600	
1908	0.666618	-0.139186	0.840111	
1909	0.663580	-0.142345	0.847828	
1910	0.660696	-0.146105	0.854847	
1911	0.658131	-0.147953	0.863716	
1912	0.655310	-0.152289	0.871450	
1913	0.651919	-0.155765	0.877823	
1914	0.650147	-0.157325	0.886536	
1915	0.649445	-0.160572	0.894059	
1916	0.648136	-0.163496	0.900610	
1917	0.647332	-0.165808	0.908010	
1918	0.646937	-0.168437	0.915113	
1919	0.646622	-0.171068	0.920889	
1920	0.646137	-0.172151	0.927383	
1921	0.646404	-0.174503	0.933507	
1922	0.647278	-0.176937	0.939031	
1923	0.649513	-0.179852	0.945111	
1924	0.650812	-0.182675	0.950793	
1925	0.651913	-0.185230	0.955683	
1926	0.652978	-0.188058	0.960566	
1927	0.654085	-0.189880	0.965997	
1928	0.655982	-0.191433	0.971405	
1929	0.656814	-0.194483	0.976253	
1930	0.657837	-0.195163	0.982846	
1931	0.658293	-0.198223	0.988211	
1932	0.659208	-0.199474	0.993586	
1933	0.661819	-0.201373	0.999854	
1934	0.663039	-0.203228	1.004585	
1935	0.663512	-0.204329	1.009136	
1936	0.664973	-0.204088	1.014823	
1937	0.665866	-0.205624	1.019258	
1938	0.667501	-0.204200	1.029924	
1939	0.668089	-0.204122	1.034192	
1940	0.668738	-0.203415	1.038478	
1941	0.670150	-0.200638	1.049137	
1942	0.670101	-0.198579	1.053795	
1943	0.670590	-0.196084	1.059706	
1944	0.672402	-0.194360	1.065116	
1945	0.672564	-0.191731	1.070959	
1946	0.672492	-0.189018	1.076869	
1947	0.672938	-0.186808	1.082514	
1948	0.670915	-0.179682	1.100561	
1949	0.670601	-0.177002	1.107331	
1950	0.670857	-0.175445	1.114216	
1951	0.671180	-0.173820	1.128416	
1952	0.670902	-0.173443	1.135677	
1953	0.669599	-0.172805	1.142789	
1954	0.669640	-0.172979	1.149387	
1955	0.669329	-0.172994	1.155738	
1956	0.669929	-0.172727	1.162394	
1957	0.669394	-0.173965	1.173388	
1958	0.669253	-0.174699	1.178965	
1959	0.668918	-0.175405	1.184055	
1960	0.669878	-0.175324	1.189722	
1961	0.670454	-0.175848	1.195373	
1962	0.670808	-0.176336	1.200475	
1963	0.670748	-0.176930	1.205328	
1964	0.671991	-0.176529	1.210516	
1965	0.672931	-0.176752	1.215407	
1966	0.673538	-0.177475	1.219718	
1967	0.673815	-0.176902	1.224382	
1968	0.673472	-0.176873	1.228373	
1969	0.674001	-0.176438	1.232022	
1970	0.673649	-0.175141	1.236350	
1971	0.674231	-0.173832	1.240106	
1972	0.674726	-0.172460	1.243255	
1973	0.674263	-0.170775	1.246462	
1974	0.675984	-0.170030	1.249518	
1975	0.676020	-0.168670	1.251891	
1976	0.674504	-0.167665	1.253997	
1977	0.673902	-0.166963	1.255743	
1978	0.673668	-0.166070	1.257917	
1979	0.673180	-0.165824	1.259464	
1980	0.671568	-0.164553	1.260932	
1981	0.670279	-0.163322	1.262771	
1982	0.669022	-0.162510	1.264489	
1983	0.665070	-0.161488	1.267220	
1984	0.663079	-0.159316	1.269361	
1985	0.660859	-0.156691	1.271188	
1986	0.657943	-0.153606	1.273178	
1987	0.654614	-0.151629	1.274224	
1988	0.650715	-0.148485	1.275499	
1989	0.647348	-0.146594	1.276670	
1990	0.643947	-0.145415	1.277404	
1991	0.640437	-0.144485	1.278047	
1992	0.638182	-0.143591	1.279091	
1993	0.635261	-0.143863	1.279817	
1994	0.632435	-0.143408	1.280866	
1995	0.630658	-0.142715	1.282281	
1996	0.628294	-0.142331	1.283754	
1997	0.625098	-0.141403	1.285203	
1998	0.622028	-0.140578	1.286811	
1999	0.618099	-0.140245	1.287648	
2000	0.613718	-0.139435	1.288595	
2001	0.609240	-0.140118	1.288712	
2002	0.604444	-0.139440	1.289048	
2003	0.600160	-0.139006	1.289691	
2004	0.596528	-0.139268	1.290138	
2005	0.592432	-0.139053	1.290735	
2006	0.588421	-0.138180	1.291514	
2007	0.584294	-0.139204	1.291444	
2008	0.579669	-0.139344	1.291339	
2009	0.574232	-0.139243	1.290657	
2010	0.569332	-0.138706	1.290119	
2011	0.564034	-0.137906	1.289734	
2012	0.558555	-0.137442	1.289028	
2013	0.553025	-0.138529	1.287374	
2014	0.547873	-0.137148	1.286414	
2015	0.542835	-0.136129	1.285476	
2016	0.538923	-0.135184	1.284792	
2017	0.535137	-0.132945	1.284657	
2018	0.530795	-0.133511	1.283206	
2019	0.528032	-0.132064	1.282997	
2020	0.524584	-0.131950	1.282598	
2021	0.521821	-0.131545	1.281990	
2022	0.518875	-0.130531	1.281443	
2023	0.513503	-0.130666	1.280082	
2024	0.511312	-0.129995	1.279614	
2025	0.509004	-0.130146	1.279279	
2026	0.505828	-0.130361	1.277895	
2027	0.503403	-0.128497	1.277841	
2028	0.500906	-0.128953	1.277181	
2029	0.498469	-0.127626	1.276308	
2030	0.496294	-0.127504	1.276002	
2031	0.493537	-0.126803	1.275045	
2032	0.490734	-0.125921	1.274245	
2033	0.487596	-0.125909	1.273170	
2034	0.483882	-0.125091	1.271519	
2035	0.480873	-0.124507	1.270583	
2036	0.477022	-0.123802	1.268753	
2037	0.473433	-0.123240	1.267223	
2038	0.469398	-0.122633	1.264872	
2039	0.466084	-0.122660	1.263520	
2040	0.462296	-0.121725	1.261281	
2041	0.459163	-0.121393	1.259447	
2042	0.456166	-0.121135	1.257602	
2043	0.453329	-0.120087	1.255972	
2044	0.446294	-0.118371	1.249922	
2045	0.439467	-0.115262	1.244112	
2046	0.435260	-0.114029	1.240222	
2047	0.432770	-0.112470	1.237625	
2048	0.429151	-0.111474	1.233855	
2049	0.425865	-0.108981	1.230729	
2050	0.422513	-0.108534	1.227346	
2051	0.419240	-0.107078	1.224276	
2052	0.416720	-0.105499	1.222171	
2053	0.413361	-0.104844	1.218779	
2054	0.410986	-0.102940	1.216635	
2055	0.407526	-0.102062	1.213406	
2056	0.404006	-0.101172	1.210236	
2057	0.398287	-0.098017	1.204856	
2058	0.395234	-0.097630	1.201764	
2059	0.392748	-0.095963	1.199608	
2060	0.389487	-0.094432	1.196464	
2061	0.386214	-0.091962	1.193584	
2062	0.381327	-0.087780	1.189035	
2063	0.378674	-0.085411	1.186477	
2064	0.374532	-0.079864	1.182187	
2065	0.372582	-0.077977	1.180377	
2066	0.370737	-0.076222	1.178078	
2067	0.369242	-0.073843	1.176544	
2068	0.367140	-0.073168	1.173955	
2069	0.365520	-0.072012	1.171641	
2070	0.361952	-0.070907	1.167229	
2071	0.360554	-0.070745	1.165162	
2072	0.358581	-0.069820	1.162503	
2073	0.356683	-0.070592	1.159385	
2074	0.354849	-0.070709	1.156024	
2075	0.354019	-0.069763	1.153550	
2076	0.352025	-0.070035	1.149569	
2077	0.351119	-0.068850	1.146186	
2078	0.350229	-0.068219	1.142772	
2079	0.349250	-0.068722	1.138814	
2080	0.348479	-0.067803	1.134935	
2081	0.348230	-0.066397	1.131337	
2082	0.346862	-0.065852	1.126505	
2083	0.346542	-0.064722	1.122180	
2084	0.345959	-0.063319	1.117160	
2085	0.345407	-0.061609	1.111652	
2086	0.345415	-0.060090	1.106613	
2087	0.345622	-0.059737	1.101290	
2088	0.345711	-0.058354	1.095260	
2089	0.346430	-0.056453	1.089241	
2090	0.347560	-0.055513	1.083683	
2091	0.348717	-0.052744	1.077996	
2092	0.352562	-0.048757	1.072891	
2093	0.351388	-0.048056	1.066421	
2094	0.352351	-0.044442	1.061205	
2095	0.357080	-0.042842	1.055217	
2096	0.353780	-0.042350	1.048394	
2097	0.354806	-0.038949	1.042527	
2098	0.355664	-0.038238	1.034851	
2099	0.354847	-0.035995	1.026925	
2100	0.356004	-0.032965	1.019960	
2101	0.355306	-0.032436	1.011398	
2102	0.355566	-0.030118	1.004187	
2103	0.354723	-0.027753	0.996974	
2104	0.354336	-0.026937	0.990365	
2105	0.353509	-0.026819	0.983743	
2106	0.351958	-0.026809	0.977062	
2107	0.350866	-0.027517	0.971078	
2108	0.348378	-0.028792	0.964915	
2109	0.346311	-0.028738	0.960141	
2110	0.342688	-0.029931	0.954308	
2111	0.339800	-0.029587	0.949061	
2112	0.336709	-0.029109	0.944253	
2113	0.332957	-0.030596	0.938613	
2114	0.329105	-0.029045	0.933831	
2115	0.325505	-0.027345	0.929673	
2116	0.323973	-0.027963	0.925915	
2117	0.319767	-0.026608	0.921454	
2118	0.316902	-0.024886	0.917542	
2119	0.313272	-0.025163	0.912247	
2120	0.310092	-0.023880	0.907161	
2121	0.309520	-0.022078	0.903260	
2122	0.304908	-0.024772	0.891276	
2123	0.305495	-0.022583	0.886341	
2124	0.300711	-0.025095	0.871561	
2125	0.301696	-0.022361	0.865996	
2126	0.299552	-0.025185	0.857777	
2127	0.299981	-0.024011	0.851462	
2128	0.300430	-0.020713	0.844745	
2129	0.300990	-0.023746	0.837481	
2130	0.299203	-0.024693	0.828033	
2131	0.299370	-0.022495	0.821315	
2132	0.300117	-0.022578	0.813543	
2133	0.298317	-0.020947	0.797777	
2134	0.298859	-0.022175	0.782490	
2135	0.298429	-0.019310	0.776385	
2136	0.299075	-0.018858	0.770317	
2137	0.299491	-0.021500	0.763581	
2138	0.300456	-0.019894	0.758299	
2139	0.301163	-0.018072	0.752655	
2140	0.301421	-0.017890	0.746493	
2141	0.301877	-0.018255	0.740251	
2142	0.302792	-0.015942	0.734248	
2143	0.304034	-0.013543	0.728583	
2144	0.306056	-0.013536	0.722276	
2145	0.306016	-0.012337	0.715948	
2146	0.307065	-0.009594	0.709740	
2147	0.308376	-0.010125	0.703338	
2148	0.310968	-0.008826	0.697001	
2149	0.316698	-0.002940	0.686239	
2150	0.319159	-0.003267	0.679185	
2151	0.320008	-0.001667	0.672118	
2152	0.325615	0.001339	0.656679	
2153	0.326796	0.003447	0.648340	
2154	0.327045	0.006108	0.640619	
2155	0.328863	0.008442	0.632066	
2156	0.329800	0.009388	0.622664	
2157	0.331406	0.011011	0.613940	
2158	0.332755	0.013733	0.604555	
2159	0.333566	0.016140	0.593310	
2160	0.334933	0.017731	0.582857	
2161	0.340275	0.024249	0.561924	
2162	0.340093	0.025850	0.551306	
2163	0.340668	0.028381	0.540981	
2164	0.341031	0.031080	0.529324	
2165	0.339922	0.031767	0.516224	
2166	0.340464	0.033991	0.505657	
2167	0.340662	0.038550	0.495572	
2168	0.341477	0.038513	0.482795	
2169	0.339246	0.039286	0.470180	
2170	0.338734	0.041035	0.460272	
2171	0.337475	0.043524	0.449785	
2172	0.336498	0.043599	0.438758	
2173	0.336483	0.046571	0.430088	
2174	0.335061	0.049069	0.421661	
2175	0.334392	0.050722	0.412714	
2176	0.332226	0.051841	0.404163	
2177	0.331680	0.054194	0.397439	
2178	0.331342	0.056928	0.390556	
2179	0.331589	0.056825	0.382648	
2180	0.327738	0.060020	0.370646	
2181	0.324271	0.060916	0.364195	
2182	0.320511	0.061726	0.358737	
2183	0.311730	0.063384	0.353091	
2184	0.309799	0.064906	0.347307	
2185	0.304523	0.064920	0.340791	
2186	0.298650	0.065495	0.336123	
2187	0.292363	0.066658	0.330894	
2188	0.284949	0.067529	0.324689	
2189	0.277350	0.069453	0.319535	
2190	0.269714	0.070968	0.314634	
2191	0.263061	0.071927	0.308154	
2192	0.253481	0.072550	0.300661	
2193	0.243675	0.073958	0.295061	
2194	0.234791	0.075968	0.289407	
2195	0.226736	0.076435	0.282780	
2196	0.216184	0.076725	0.275874	
2197	0.207130	0.078207	0.270065	
2198	0.199079	0.080093	0.263599	
2199	0.190066	0.079705	0.256871	
2200	0.181447	0.080391	0.251164	
2201	0.174784	0.081803	0.245408	
2202	0.167449	0.083060	0.239217	
2203	0.158421	0.082840	0.233228	
2204	0.151078	0.083262	0.228220	
2205	0.142923	0.084540	0.223415	
2206	0.134423	0.084845	0.217811	
2207	0.126904	0.085239	0.212324	
2208	0.120279	0.085426	0.206803	
2209	0.113330	0.086053	0.200959	
2210	0.106058	0.086079	0.194957	
2211	0.098348	0.085676	0.189413	
2212	0.091620	0.086404	0.184431	
2213	0.085104	0.087383	0.179234	
2214	0.068235	0.089662	0.169847	
2215	0.059680	0.090121	0.164035	
2216	0.051832	0.091118	0.158412	
2217	0.043738	0.091085	0.152339	
2218	0.035464	0.092619	0.145733	
2219	0.026266	0.092109	0.139064	
2220	0.019201	0.093659	0.132834	
2221	0.011669	0.094038	0.125228	
2222	0.001200	0.095253	0.117936	
2223	-0.007374	0.097630	0.111653	
2224	-0.015306	0.100253	0.104198	
2225	-0.025906	0.102156	0.096484	
2226	-0.034038	0.104440	0.090251	
2227	-0.042736	0.108318	0.083994	
2228	-0.052081	0.111166	0.077311	
2229	-0.061354	0.114186	0.071533	
2230	-0.067870	0.118729	0.065992	
2231	-0.077242	0.121411	0.059872	
2232	-0.086765	0.125428	0.054369	
2233	-0.093976	0.128987	0.049079	
2234	-0.101461	0.134312	0.043682	
2235	-0.119430	0.143775	0.033937	
2236	-0.124056	0.149237	0.029882	
2237	-0.133563	0.152827	0.024055	
2238	-0.141528	0.156449	0.020216	
2239	-0.147237	0.159204	0.016777	
2240	-0.152980	0.161148	0.013459	
2241	-0.159967	0.162308	0.009952	
2242	-0.165006	0.163416	0.006790	
2243	-0.171736	0.163792	0.003312	
2244	-0.178716	0.165207	0.000751	
2245	-0.183822	0.165708	-0.002093	
2246	-0.192700	0.165899	-0.005171	
2247	-0.201881	0.166080	-0.007837	
2248	-0.207357	0.166933	-0.009538	
2249	-0.212539	0.168067	-0.012301	
2250	-0.220674	0.168922	-0.014904	
2251	-0.229199	0.170163	-0.016490	
2252	-0.236026	0.170949	-0.018471	
2253	-0.243145	0.171337	-0.020033	
2254	-0.251214	0.171460	-0.021305	
2255	-0.258557	0.171351	-0.022490	
2256	-0.279120	0.169347	-0.024189	
2257	-0.294025	0.167851	-0.026773	
2258	-0.301280	0.168064	-0.027790	
2259	-0.307552	0.168631	-0.028579	
2260	-0.315174	0.168592	-0.029322	
2261	-0.321800	0.169854	-0.029454	
2262	-0.327958	0.171833	-0.029351	
2263	-0.335043	0.172792	-0.029425	
2264	-0.344307	0.173133	-0.029912	
2265	-0.352008	0.175252	-0.029624	
2266	-0.357553	0.176452	-0.030483	
2267	-0.365126	0.176785	-0.031907	
2268	-0.372244	0.176542	-0.033824	
2269	-0.380272	0.176688	-0.035493	
2270	-0.388288	0.175359	-0.037863	
2271	-0.396080	0.173746	-0.040388	
2272	-0.402557	0.173105	-0.042630	
2273	-0.410122	0.171739	-0.045126	
2274	-0.416721	0.168787	-0.048300	
2275	-0.425858	0.167254	-0.050958	
2276	-0.432803	0.166262	-0.053301	
2277	-0.438477	0.165599	-0.055774	
2278	-0.446976	0.165191	-0.057637	
2279	-0.454236	0.164247	-0.059393	
2280	-0.458647	0.164656	-0.060906	
2281	-0.467810	0.163501	-0.062653	
2282	-0.475673	0.165160	-0.063494	
2283	-0.481746	0.164591	-0.065310	
2284	-0.489864	0.162631	-0.066939	
2285	-0.494940	0.161842	-0.068225	
2286	-0.498895	0.161069	-0.070212	
2287	-0.505321	0.160787	-0.072691	
2288	-0.511309	0.159941	-0.075694	
2289	-0.517424	0.158271	-0.079367	
2290	-0.523639	0.157910	-0.083271	
2291	-0.530421	0.158010	-0.087660	
2292	-0.536982	0.158365	-0.091948	
2293	-0.543017	0.159387	-0.096738	
2294	-0.548455	0.160410	-0.101863	
2295	-0.556875	0.163762	-0.106909	
2296	-0.563604	0.167053	-0.112263	
2297	-0.569376	0.171340	-0.117240	
2298	-0.577903	0.173499	-0.122880	
2299	-0.585618	0.178635	-0.127389	
2300	-0.591338	0.181893	-0.132335	
2301	-0.597161	0.188043	-0.136749	
2302	-0.604736	0.191078	-0.141289	
2303	-0.611533	0.193517	-0.145977	
2304	-0.618619	0.199938	-0.149529	
2305	-0.623568	0.204748	-0.153667	
2306	-0.631300	0.209340	-0.156710	
2307	-0.637434	0.212857	-0.160331	
2308	-0.643085	0.217586	-0.163888	
2309	-0.649477	0.219991	-0.167687	
2310	-0.654401	0.224819	-0.170627	
2311	-0.660124	0.227034	-0.174050	
2312	-0.664779	0.230789	-0.176562	
2313	-0.671175	0.232649	-0.178899	
2314	-0.676864	0.232353	-0.181681	
2315	-0.681784	0.234036	-0.183968	
2316	-0.686280	0.235728	-0.185877	
2317	-0.690893	0.236837	-0.188018	
2318	-0.699447	0.238382	-0.189661	
2319	-0.705126	0.239297	-0.191436	
2320	-0.709444	0.239556	-0.193910	
2321	-0.715044	0.239866	-0.196718	
2322	-0.721241	0.240344	-0.199057	
2323	-0.727215	0.240549	-0.201613	
2324	-0.732639	0.240103	-0.204835	
2325	-0.738692	0.238845	-0.207858	
2326	-0.745564	0.238743	-0.210597	
2327	-0.751026	0.238875	-0.214058	
2328	-0.757023	0.235978	-0.217126	
2329	-0.763917	0.232613	-0.220414	
2330	-0.785719	0.230915	-0.220253	
2331	-0.793150	0.230103	-0.222852	
2332	-0.798632	0.227809	-0.225592	
2333	-0.807854	0.227213	-0.227785	
2334	-0.815528	0.226935	-0.229980	
2335	-0.822744	0.224782	-0.232172	
2336	-0.833832	0.225093	-0.233713	
2337	-0.839132	0.225855	-0.236249	
2338	-0.846244	0.224401	-0.239038	
2339	-0.858683	0.226343	-0.241266	
2340	-0.872338	0.228603	-0.243255	
2341	-0.876686	0.229752	-0.246751	
2342	-0.883780	0.230435	-0.250059	
2343	-0.894936	0.232349	-0.252380	
2344	-0.901206	0.230936	-0.255671	
2345	-0.909322	0.230291	-0.258749	
2346	-0.913396	0.230627	-0.261921	
2347	-0.919891	0.228519	-0.265815	
2348	-0.929618	0.227844	-0.268388	
2349	-0.937556	0.228020	-0.271083	
2350	-0.944242	0.226841	-0.274479	
2351	-0.951253	0.227981	-0.278003	
2352	-0.955630	0.225116	-0.282624	
2353	-0.962154	0.223076	-0.286710	
2354	-0.969403	0.220745	-0.290587	
2355	-0.975025	0.218707	-0.294874	
2356	-0.978790	0.219573	-0.299211	
2357	-0.987674	0.220541	-0.302603	
2358	-0.994055	0.222253	-0.305995	
2359	-1.000578	0.223374	-0.309986	
2360	-1.015045	0.225389	-0.318228	
2361	-1.027075	0.229176	-0.328583	
2362	-1.037651	0.234119	-0.332923	
2363	-1.044559	0.237736	-0.338173	
2364	-1.058540	0.244815	-0.347730	
2365	-1.075229	0.253484	-0.356561	
2366	-1.091988	0.259027	-0.365341	
2367	-1.102010	0.265134	-0.369235	
2368	-1.106585	0.268408	-0.374012	
2369	-1.114583	0.271918	-0.377143	
2370	-1.122856	0.278561	-0.379344	
2371	-1.131997	0.283663	-0.380988	
2372	-1.135247	0.287122	-0.383373	
2373	-1.140234	0.288338	-0.384234	
2374	-1.150910	0.293121	-0.381919	
2375	-1.157038	0.297337	-0.379936	
2376	-1.156139	0.297624	-0.379161	
2377	-1.160003	0.299551	-0.377309	
2378	-1.168896	0.301198	-0.373176	
2379	-1.178325	0.300312	-0.366894	
2380	-1.182179	0.302123	-0.362731	
2381	-1.188562	0.300144	-0.358831	
2382	-1.196573	0.297071	-0.353185	
2383	-1.199316	0.295759	-0.348823	
2384	-1.205229	0.295955	-0.342666	
2385	-1.211385	0.293181	-0.336188	
2386	-1.219222	0.290609	-0.329189	
2387	-1.225074	0.288323	-0.322651	
2388	-1.231244	0.281539	-0.315557	
2389	-1.239574	0.278646	-0.307439	
2390	-1.246686	0.276443	-0.299921	
2391	-1.251649	0.272478	-0.292293	
2392	-1.255007	0.266230	-0.285518	
2393	-1.263951	0.261088	-0.277243	
2394	-1.271572	0.256582	-0.269840	
2395	-1.277048	0.254820	-0.263107	
2396	-1.282946	0.249463	-0.256532	
2397	-1.287695	0.242239	-0.250442	
2398	-1.294622	0.236597	-0.243577	
2399	-1.305817	0.227771	-0.234336	
2400	-1.311260	0.221313	-0.228521	
2401	-1.314185	0.214717	-0.222915	
2402	-1.315689	0.207822	-0.218136	
2403	-1.320937	0.202734	-0.212524	
2404	-1.325266	0.196957	-0.207702	
2405	-1.326593	0.190912	-0.203467	
2406	-1.330901	0.188380	-0.198428	
2407	-1.335061	0.183372	-0.193533	
2408	-1.340139	0.178826	-0.188296	
2409	-1.344220	0.174088	-0.183164	
2410	-1.351146	0.168186	-0.173108	
2411	-1.353922	0.159985	-0.164861	
2412	-1.358739	0.157539	-0.159993	
2413	-1.360791	0.154790	-0.155476	
2414	-1.358607	0.150275	-0.152571	
2415	-1.362621	0.147152	-0.147192	
2416	-1.363993	0.143814	-0.142992	
2417	-1.363131	0.140184	-0.139032	
2418	-1.363510	0.137201	-0.135093	
2419	-1.367863	0.134900	-0.129615	
2420	-1.367051	0.130653	-0.126470	
2421	-1.370443	0.127804	-0.121355	
2422	-1.373138	0.125579	-0.116760	
2423	-1.373934	0.121599	-0.113043	
2424	-1.378131	0.120350	-0.107903	
2425	-1.379441	0.120045	-0.103154	
2426	-1.379748	0.117608	-0.098785	
2427	-1.384663	0.114670	-0.092552	
2428	-1.386767	0.113590	-0.086594	
2429	-1.388489	0.113546	-0.081316	
2430	-1.385538	0.111917	-0.077393	
2431	-1.387789	0.111136	-0.071398	
2432	-1.389897	0.111600	-0.065606	
2433	-1.391531	0.109147	-0.060107	
2434	-1.392811	0.107406	-0.053833	
2435	-1.390827	0.106318	-0.049371	
2436	-1.391164	0.105635	-0.043103	
2437	-1.389505	0.103112	-0.037427	
2438	-1.384295	0.100770	-0.031967	
2439	-1.381955	0.096828	-0.025059	
2440	-1.379747	0.091482	-0.017602	
2441	-1.375851	0.087002	-0.009840	
2442	-1.368288	0.083956	-0.003142	
2443	-1.363467	0.078705	0.005100	
2444	-1.363328	0.072596	0.015178	
2445	-1.355915	0.069138	0.023802	
2446	-1.345014	0.062659	0.030271	
2447	-1.343600	0.054608	0.039875	
2448	-1.336473	0.050481	0.048484	
2449	-1.322223	0.044310	0.053600	
2450	-1.320031	0.034171	0.062055	
2451	-1.318060	0.027956	0.071750	
2452	-1.302769	0.023336	0.077784	
2453	-1.293415	0.016501	0.084413	
2454	-1.292228	0.011058	0.093771	
2455	-1.284567	0.006343	0.100650	
2456	-1.274407	0.003226	0.105896	
2457	-1.272005	-0.001007	0.112992	
2458	-1.268008	-0.003416	0.119218	
2459	-1.258276	-0.006759	0.123232	
2460	-1.250224	-0.010332	0.126465	
2461	-1.247387	-0.011007	0.131670	
2462	-1.244948	-0.011066	0.136613	
2463	-1.236285	-0.012446	0.139272	
2464	-1.228480	-0.012492	0.142917	
2465	-1.225208	-0.012033	0.148196	
2466	-1.222030	-0.012900	0.153165	
2467	-1.214776	-0.014930	0.157752	
2468	-1.208701	-0.012471	0.163784	
2469	-1.204788	-0.010708	0.168754	
2470	-1.200379	-0.011439	0.173231	
2471	-1.196703	-0.009541	0.178519	
2472	-1.194824	-0.006920	0.184674	
2473	-1.188879	-0.006214	0.188188	
2474	-1.185428	-0.006855	0.192527	
2475	-1.182573	-0.004726	0.197179	
2476	-1.176630	-0.004564	0.199862	
2477	-1.174176	-0.006025	0.203084	
2478	-1.170028	-0.005490	0.206054	
2479	-1.166248	-0.003841	0.208945	
2480	-1.164876	-0.004006	0.211992	
2481	-1.160011	-0.003702	0.215060	
2482	-1.156082	-0.002825	0.218826	
2483	-1.149899	-0.005834	0.221558	
2484	-1.149743	-0.003595	0.228320	
2485	-1.147542	-0.000756	0.234210	
2486	-1.139831	-0.002793	0.237691	
2487	-1.136576	-0.004401	0.242151	
2488	-1.138671	-0.001716	0.247655	
2489	-1.134719	-0.002905	0.251697	
2490	-1.129978	-0.002109	0.255647	
2491	-1.127697	-0.001835	0.259836	
2492	-1.126589	-0.002798	0.264672	
2493	-1.122387	0.003068	0.269377	
2494	-1.115575	0.002300	0.271404	
2495	-1.116543	0.003672	0.275751	
2496	-1.116601	0.008383	0.280638	
2497	-1.111043	0.008582	0.282290	
2498	-1.111350	0.008858	0.285276	
2499	-1.114235	0.014406	0.290153	
2500	-1.110380	0.014746	0.291331	
2501	-1.110480	0.014562	0.293338	
2502	-1.112250	0.016944	0.296497	
2503	-1.110251	0.017061	0.297723	
2504	-1.111681	0.016565	0.299250	
2505	-1.114087	0.017821	0.301461	
2506	-1.112901	0.018229	0.302648	
2507	-1.112693	0.017696	0.303511	
2508	-1.114042	0.019284	0.305196	
2509	-1.113382	0.019886	0.306445	
2510	-1.110919	0.020879	0.306904	
2511	-1.112402	0.021217	0.308129	
2512	-1.114322	0.024272	0.310452	
2513	-1.113414	0.025935	0.311974	
2514	-1.113917	0.026216	0.313274	
2515	-1.117652	0.029141	0.316566	
2516	-1.115096	0.031081	0.318014	
2517	-1.113232	0.031375	0.318886	
2518	-1.118401	0.034219	0.322632	
2519	-1.117224	0.036757	0.324818	
2520	-1.115069	0.036849	0.326198	
2521	-1.117900	0.038907	0.329497	
2522	-1.116859	0.040872	0.331767	
2523	-1.114573	0.042354	0.333930	
2524	-1.112578	0.044178	0.335727	
2525	-1.114368	0.045627	0.338593	
2526	-1.110505	0.047010	0.340324	
2527	-1.108108	0.048568	0.341850	
2528	-1.109751	0.050483	0.344493	
2529	-1.108912	0.052333	0.346568	
2530	-1.104183	0.053526	0.346602	
2531	-1.103711	0.053978	0.347426	
2532	-1.105252	0.055785	0.349114	
2533	-1.102015	0.056586	0.349172	
2534	-1.100610	0.056287	0.348925	
2535	-1.102927	0.056941	0.350707	
2536	-1.100100	0.057685	0.351276	
2537	-1.099083	0.057051	0.351403	
2538	-1.099244	0.056608	0.352115	
2539	-1.098526	0.056252	0.352940	
2540	-1.096741	0.056174	0.353040	
2541	-1.095407	0.055023	0.353480	
2542	-1.092607	0.054675	0.352902	
2543	-1.092445	0.054042	0.352891	
2544	-1.091384	0.053608	0.353015	
2545	-1.089409	0.053180	0.352795	
2546	-1.090310	0.051891	0.352899	
2547	-1.089753	0.052433	0.353313	
2548	-1.087083	0.053524	0.352947	
2549	-1.087570	0.053647	0.353211	
2550	-1.087754	0.054745	0.353746	
2551	-1.084955	0.056713	0.353626	
2552	-1.084054	0.057050	0.353412	
2553	-1.083747	0.058910	0.354119	
2554	-1.080346	0.060869	0.353571	
2555	-1.079773	0.061560	0.353482	
2556	-1.079548	0.062951	0.353951	
2557	-1.076348	0.065393	0.353190	
2558	-1.075529	0.065768	0.352730	
2559	-1.076050	0.067195	0.353107	
2560	-1.072631	0.069271	0.352472	
2561	-1.072437	0.069818	0.352085	
2562	-1.072679	0.071292	0.352401	
2563	-1.068530	0.073805	0.351554	
2564	-1.068494	0.074883	0.351509	
2565	-1.067239	0.077098	0.351517	
2566	-1.063067	0.080806	0.350240	
2567	-1.063403	0.082119	0.350151	
2568	-1.060155	0.084264	0.348750	
2569	-1.059707	0.085439	0.347590	
2570	-1.057843	0.086457	0.346655	
2571	-1.057827	0.086654	0.345565	
2572	-1.057341	0.087208	0.344835	
2573	-1.055040	0.087750	0.343548	
2574	-1.054749	0.088408	0.342240	
2575	-1.052559	0.087948	0.340724	
2576	-1.053433	0.088174	0.340403	
2577	-1.051162	0.088272	0.339443	
2578	-1.049363	0.088418	0.337510	
2579	-1.048243	0.089248	0.336982	
2580	-1.045394	0.089859	0.335830	
2581	-1.045030	0.090395	0.335258	
2582	-1.045486	0.090923	0.335242	
2583	-1.043434	0.091637	0.334433	
