0	0.000000	0.000000	0.000000	
1	0.000000	0.000000	0.000000	
2	0.000000	0.000000	0.000000	
3	0.000000	0.000000	0.000000	
4	0.001049	0.001975	0.001853	
5	0.000716	0.002041	0.002043	
6	0.000449	0.002959	0.001988	
7	0.000860	0.002686	0.001817	
8	0.000459	0.005801	0.002409	
9	0.000923	0.004757	0.001784	
10	0.001020	0.006186	0.002196	
11	0.001009	0.004836	0.001811	
12	0.000974	0.004659	0.002116	
13	0.001284	0.004930	0.002211	
14	0.000647	0.003788	0.001726	
15	0.000804	0.003292	0.001633	
16	0.000922	0.002343	0.001257	
17	0.000867	0.000838	0.000549	
18	0.001417	0.001235	0.000791	
19	0.001167	0.000801	0.000170	
20	0.000942	0.001533	0.000402	
21	0.001438	0.001227	0.000262	
22	0.003042	0.002016	0.000307	
23	0.003361	0.001981	-0.000088	
24	0.003249	0.001245	-0.000725	
25	0.004150	0.001646	-0.001050	
26	0.004602	0.001556	-0.001698	
27	0.004613	0.000820	-0.002620	
28	0.006256	0.001207	-0.002884	
29	0.005990	0.001602	-0.003284	
30	0.005383	0.000777	-0.004168	
31	0.006800	0.001080	-0.004321	
32	0.007117	0.002334	-0.004173	
33	0.006601	0.002983	-0.004759	
34	0.007018	0.003524	-0.004953	
35	0.007471	0.003697	-0.005003	
36	0.007363	0.003956	-0.005215	
37	0.007909	0.004939	-0.004942	
38	0.008875	0.006430	-0.004898	
39	0.007972	0.006343	-0.005547	
40	0.008445	0.006847	-0.005297	
41	0.009025	0.007005	-0.005537	
42	0.009323	0.006070	-0.006317	
43	0.009511	0.004874	-0.006906	
44	0.010013	0.004663	-0.006959	
45	0.010312	0.005230	-0.007240	
46	0.010434	0.005064	-0.007680	
47	0.010909	0.005527	-0.007874	
48	0.010957	0.006338	-0.008192	
49	0.010609	0.005902	-0.008538	
50	0.011572	0.006104	-0.008688	
51	0.011833	0.005340	-0.009410	
52	0.011107	0.005141	-0.009615	
53	0.011631	0.006175	-0.009714	
54	0.011400	0.005827	-0.010077	
55	0.011444	0.005658	-0.010513	
56	0.011681	0.005900	-0.010474	
57	0.011370	0.006066	-0.010800	
58	0.011290	0.006081	-0.010928	
59	0.012115	0.007627	-0.010208	
60	0.011650	0.007963	-0.009961	
61	0.010609	0.008539	-0.009656	
62	0.011344	0.009638	-0.008929	
63	0.011644	0.010625	-0.008259	
64	0.010686	0.011817	-0.007604	
65	0.010301	0.011974	-0.007306	
66	0.010297	0.012011	-0.006951	
67	0.010352	0.013616	-0.006121	
68	0.009152	0.013730	-0.005998	
69	0.007427	0.014460	-0.006054	
70	0.005942	0.014434	-0.006198	
71	0.003368	0.013576	-0.007335	
72	0.000703	0.013336	-0.008698	
73	-0.002420	0.011040	-0.011641	
74	-0.007777	0.009501	-0.015353	
75	-0.014460	0.008532	-0.019036	
76	-0.019827	0.007938	-0.023323	
77	-0.032886	0.005136	-0.032985	
78	-0.041523	0.004157	-0.037845	
79	-0.050559	0.004418	-0.042042	
80	-0.059432	0.004066	-0.046717	
81	-0.068583	0.003724	-0.051097	
82	-0.079877	0.004626	-0.055595	
83	-0.090763	0.006532	-0.059464	
84	-0.101392	0.008174	-0.062989	
85	-0.112996	0.010382	-0.066235	
86	-0.125232	0.012596	-0.069106	
87	-0.138436	0.015492	-0.071597	
88	-0.151507	0.018316	-0.073897	
89	-0.163343	0.020971	-0.076088	
90	-0.177049	0.022717	-0.078721	
91	-0.189030	0.026702	-0.080201	
92	-0.200491	0.030267	-0.081803	
93	-0.213087	0.032480	-0.083788	
94	-0.224754	0.034409	-0.085084	
95	-0.235368	0.035931	-0.087047	
96	-0.245661	0.038474	-0.088570	
97	-0.255600	0.038755	-0.090302	
98	-0.265737	0.038125	-0.091953	
99	-0.276015	0.038007	-0.092597	
100	-0.284671	0.038046	-0.093214	
101	-0.295197	0.036315	-0.093752	
102	-0.305216	0.035677	-0.093596	
103	-0.314271	0.034440	-0.093404	
104	-0.322612	0.032673	-0.093559	
105	-0.331761	0.030411	-0.093763	
106	-0.341725	0.029391	-0.092976	
107	-0.349672	0.028944	-0.091896	
108	-0.368771	0.025208	-0.090391	
109	-0.377960	0.024405	-0.088698	
110	-0.387065	0.023685	-0.086988	
111	-0.396774	0.022347	-0.084543	
112	-0.408427	0.021216	-0.081872	
113	-0.419271	0.020400	-0.079084	
114	-0.429797	0.018011	-0.076441	
115	-0.440409	0.014380	-0.073366	
116	-0.452502	0.010520	-0.070184	
117	-0.462655	0.007259	-0.066017	
118	-0.470191	0.005448	-0.060214	
119	-0.493964	-0.000938	-0.048229	
120	-0.502118	-0.001482	-0.040536	
121	-0.507041	-0.005507	-0.033485	
122	-0.516533	-0.009293	-0.026502	
123	-0.523993	-0.010188	-0.019516	
124	-0.531981	-0.014729	-0.014055	
125	-0.539556	-0.018760	-0.008040	
126	-0.546825	-0.020937	-0.002202	
127	-0.555029	-0.025539	0.002129	
128	-0.562067	-0.029697	0.006884	
129	-0.567986	-0.033585	0.011587	
130	-0.576565	-0.037758	0.015925	
131	-0.582779	-0.040681	0.021089	
132	-0.588765	-0.044657	0.026432	
133	-0.594885	-0.048491	0.031568	
134	-0.609950	-0.053417	0.042638	
135	-0.617465	-0.056202	0.048448	
136	-0.625450	-0.058012	0.054012	
137	-0.633507	-0.060763	0.059432	
138	-0.647659	-0.065345	0.070508	
139	-0.656630	-0.066153	0.076300	
140	-0.674258	-0.070233	0.087534	
141	-0.682701	-0.072350	0.093129	
142	-0.691968	-0.072378	0.099339	
143	-0.701088	-0.074160	0.105083	
144	-0.709863	-0.076479	0.110720	
145	-0.717675	-0.079409	0.115817	
146	-0.727512	-0.083479	0.120655	
147	-0.737377	-0.084598	0.126333	
148	-0.745430	-0.087955	0.131338	
149	-0.754207	-0.090627	0.136394	
150	-0.763556	-0.091926	0.142139	
151	-0.778160	-0.098421	0.153121	
152	-0.786214	-0.100462	0.158557	
153	-0.792582	-0.104299	0.163556	
154	-0.797164	-0.108208	0.168440	
155	-0.803557	-0.109709	0.173742	
156	-0.810138	-0.110872	0.179403	
157	-0.814529	-0.113931	0.184950	
158	-0.819474	-0.117458	0.190503	
159	-0.826246	-0.119521	0.196556	
160	-0.831344	-0.121555	0.202433	
161	-0.835506	-0.124985	0.207753	
162	-0.841459	-0.126235	0.213053	
163	-0.847975	-0.127484	0.218285	
164	-0.852608	-0.129662	0.223248	
165	-0.857187	-0.133506	0.227669	
166	-0.864108	-0.134837	0.232591	
167	-0.868982	-0.137061	0.237661	
168	-0.872388	-0.140323	0.242018	
169	-0.878513	-0.142219	0.247403	
170	-0.885221	-0.143520	0.253036	
171	-0.889387	-0.149324	0.258090	
172	-0.894462	-0.154273	0.263083	
173	-0.901390	-0.157847	0.268577	
174	-0.911397	-0.164150	0.280272	
175	-0.917563	-0.168564	0.286413	
176	-0.923448	-0.170443	0.292994	
177	-0.927834	-0.174569	0.299716	
178	-0.932552	-0.178261	0.306467	
179	-0.937973	-0.182139	0.313344	
180	-0.942584	-0.185818	0.319774	
181	-0.947555	-0.188757	0.326196	
182	-0.952235	-0.192275	0.332074	
183	-0.958238	-0.197167	0.338231	
184	-0.962622	-0.198636	0.344361	
185	-0.965188	-0.202744	0.349260	
186	-0.971290	-0.204327	0.355021	
187	-0.978218	-0.206604	0.360659	
188	-0.983027	-0.208749	0.365987	
189	-0.987383	-0.210549	0.371241	
190	-0.995519	-0.211112	0.377266	
191	-1.002583	-0.212029	0.383492	
192	-1.007662	-0.212698	0.389819	
193	-1.013076	-0.213931	0.395799	
194	-1.022213	-0.214565	0.402446	
195	-1.032086	-0.214084	0.409472	
196	-1.040519	-0.215698	0.415361	
197	-1.050701	-0.215974	0.420784	
198	-1.063461	-0.217222	0.426832	
199	-1.074010	-0.217101	0.431796	
200	-1.083392	-0.218143	0.436097	
201	-1.095231	-0.218758	0.440833	
202	-1.107539	-0.218884	0.446042	
203	-1.116402	-0.218259	0.450032	
204	-1.127373	-0.220390	0.454395	
205	-1.147216	-0.223047	0.462766	
206	-1.154759	-0.223962	0.466282	
207	-1.165636	-0.227491	0.470982	
208	-1.174659	-0.230065	0.475362	
209	-1.180809	-0.230940	0.479016	
210	-1.188585	-0.234282	0.482983	
211	-1.198199	-0.237072	0.488157	
212	-1.203700	-0.238562	0.492632	
213	-1.209469	-0.241229	0.496734	
214	-1.218441	-0.245465	0.502100	
215	-1.223536	-0.246617	0.507334	
216	-1.227875	-0.249584	0.511831	
217	-1.235772	-0.253060	0.517731	
218	-1.240156	-0.255635	0.523523	
219	-1.244318	-0.257804	0.529207	
220	-1.250103	-0.261429	0.535312	
221	-1.255201	-0.263956	0.541510	
222	-1.259544	-0.267125	0.547310	
223	-1.263998	-0.271608	0.553226	
224	-1.268750	-0.275344	0.559575	
225	-1.272154	-0.279317	0.565573	
226	-1.276643	-0.283157	0.572331	
227	-1.278816	-0.287545	0.578386	
228	-1.281292	-0.293016	0.584360	
229	-1.285496	-0.299234	0.590671	
230	-1.288747	-0.303655	0.596668	
231	-1.292103	-0.307981	0.602278	
232	-1.295980	-0.312793	0.608335	
233	-1.298421	-0.317920	0.613861	
234	-1.302202	-0.323004	0.619871	
235	-1.308042	-0.326569	0.627077	
236	-1.311458	-0.330879	0.632854	
237	-1.315102	-0.335122	0.638587	
238	-1.319225	-0.338740	0.644656	
239	-1.323545	-0.342102	0.650867	
240	-1.327697	-0.345355	0.657046	
241	-1.333169	-0.349927	0.663312	
242	-1.338238	-0.352219	0.669397	
243	-1.343027	-0.355553	0.674466	
244	-1.349499	-0.360148	0.680235	
245	-1.355146	-0.362984	0.685637	
246	-1.359245	-0.367466	0.690087	
247	-1.364822	-0.372725	0.694360	
248	-1.370505	-0.376616	0.698212	
249	-1.375676	-0.380429	0.701620	
250	-1.381254	-0.385177	0.704530	
251	-1.388947	-0.388219	0.707657	
252	-1.395635	-0.390619	0.710777	
253	-1.402744	-0.394364	0.713020	
254	-1.412280	-0.396386	0.716031	
255	-1.420821	-0.397712	0.717979	
256	-1.439615	-0.401104	0.721130	
257	-1.450743	-0.400548	0.722639	
258	-1.470438	-0.401138	0.723922	
259	-1.482289	-0.401094	0.725277	
260	-1.493127	-0.399929	0.726426	
261	-1.503983	-0.398995	0.727534	
262	-1.513946	-0.398575	0.728469	
263	-1.523926	-0.399280	0.729650	
264	-1.534117	-0.397580	0.731577	
265	-1.544508	-0.397611	0.732833	
266	-1.555344	-0.397903	0.734139	
267	-1.565136	-0.398647	0.736117	
268	-1.574330	-0.399351	0.737669	
269	-1.585143	-0.398947	0.739897	
270	-1.595116	-0.397711	0.742533	
271	-1.604576	-0.398109	0.744746	
272	-1.614652	-0.398941	0.747648	
273	-1.623549	-0.399723	0.750956	
274	-1.632069	-0.400444	0.753653	
275	-1.641797	-0.398174	0.758168	
276	-1.649978	-0.396404	0.763151	
277	-1.658586	-0.393927	0.768464	
278	-1.666539	-0.389511	0.775233	
279	-1.674211	-0.385448	0.781989	
280	-1.680762	-0.380795	0.789731	
281	-1.686956	-0.375229	0.797763	
282	-1.691091	-0.370965	0.805662	
283	-1.694940	-0.367068	0.813888	
284	-1.698582	-0.363175	0.821855	
285	-1.701243	-0.360056	0.829203	
286	-1.704061	-0.359161	0.837167	
287	-1.706926	-0.356467	0.846842	
288	-1.706313	-0.353333	0.854908	
289	-1.707568	-0.353213	0.862538	
290	-1.708583	-0.350673	0.871484	
291	-1.708233	-0.348474	0.880315	
292	-1.708473	-0.347330	0.888960	
293	-1.709188	-0.345541	0.898039	
294	-1.710021	-0.343053	0.907555	
295	-1.711079	-0.340403	0.917290	
296	-1.711744	-0.340793	0.925916	
297	-1.712995	-0.340943	0.934682	
298	-1.713951	-0.340590	0.943954	
299	-1.715019	-0.342175	0.950986	
300	-1.717306	-0.343060	0.959236	
301	-1.719621	-0.344543	0.967071	
302	-1.721615	-0.344849	0.975127	
303	-1.723562	-0.347754	0.981580	
304	-1.726012	-0.349895	0.989013	
305	-1.728424	-0.353672	0.996156	
306	-1.731830	-0.356619	1.002379	
307	-1.735624	-0.357826	1.009603	
308	-1.739864	-0.361607	1.016037	
309	-1.743420	-0.365417	1.021877	
310	-1.746917	-0.368520	1.027812	
311	-1.750649	-0.370380	1.033877	
312	-1.754495	-0.373111	1.039477	
313	-1.758342	-0.376467	1.044971	
314	-1.762427	-0.378294	1.051283	
315	-1.766316	-0.382638	1.057008	
316	-1.771052	-0.386583	1.062129	
317	-1.775952	-0.390693	1.067203	
318	-1.781414	-0.394664	1.072767	
319	-1.786681	-0.398948	1.077746	
320	-1.792879	-0.403469	1.083351	
321	-1.798545	-0.408764	1.088455	
322	-1.803731	-0.413563	1.092840	
323	-1.809372	-0.418376	1.096887	
324	-1.814803	-0.422997	1.101158	
325	-1.820359	-0.427176	1.105339	
326	-1.825046	-0.432756	1.108419	
327	-1.829640	-0.437445	1.111433	
328	-1.834165	-0.442688	1.114674	
329	-1.838926	-0.447152	1.118372	
330	-1.843617	-0.452744	1.123339	
331	-1.847915	-0.458904	1.127475	
332	-1.852112	-0.463463	1.131754	
333	-1.856215	-0.469051	1.137398	
334	-1.859617	-0.476224	1.142057	
335	-1.863979	-0.481848	1.148100	
336	-1.868220	-0.487722	1.154590	
337	-1.871325	-0.493750	1.158679	
338	-1.874687	-0.499245	1.164934	
339	-1.877275	-0.506556	1.170729	
340	-1.879581	-0.513196	1.175620	
341	-1.881980	-0.518412	1.181692	
342	-1.883906	-0.524641	1.189209	
343	-1.885151	-0.531006	1.193489	
344	-1.886839	-0.535717	1.200046	
345	-1.887964	-0.542675	1.207067	
346	-1.889225	-0.548158	1.212637	
347	-1.890673	-0.550888	1.219961	
348	-1.890796	-0.556756	1.226892	
349	-1.889938	-0.563483	1.230343	
350	-1.890669	-0.568084	1.236855	
351	-1.891024	-0.573389	1.244559	
352	-1.890485	-0.579165	1.249400	
353	-1.890477	-0.584678	1.256135	
354	-1.890284	-0.596137	1.269196	
355	-1.889446	-0.600727	1.275343	
356	-1.888942	-0.605968	1.281947	
357	-1.888435	-0.611311	1.288519	
358	-1.888569	-0.617214	1.296206	
359	-1.887060	-0.623281	1.302561	
360	-1.886637	-0.634508	1.318217	
361	-1.885930	-0.641521	1.326040	
362	-1.885198	-0.647676	1.332880	
363	-1.885197	-0.653775	1.340842	
364	-1.884977	-0.658721	1.347700	
365	-1.885086	-0.663742	1.355246	
366	-1.884828	-0.667450	1.362494	
367	-1.884334	-0.670508	1.367846	
368	-1.884409	-0.674131	1.373919	
369	-1.884066	-0.678510	1.380839	
370	-1.883608	-0.681696	1.387116	
371	-1.883125	-0.684635	1.391850	
372	-1.882695	-0.687174	1.397761	
373	-1.882379	-0.689994	1.402194	
374	-1.882965	-0.692492	1.405936	
375	-1.882998	-0.695058	1.410352	
376	-1.883758	-0.697311	1.415529	
377	-1.884638	-0.698999	1.419228	
378	-1.886034	-0.700470	1.423786	
379	-1.887721	-0.701825	1.429229	
380	-1.889406	-0.704148	1.434920	
381	-1.891227	-0.706413	1.439930	
382	-1.893524	-0.708732	1.446256	
383	-1.895937	-0.711951	1.451163	
384	-1.898546	-0.715502	1.456723	
385	-1.901863	-0.718769	1.462625	
386	-1.905135	-0.723271	1.467404	
387	-1.909250	-0.727357	1.473749	
388	-1.913074	-0.732891	1.478903	
389	-1.916983	-0.739420	1.484149	
390	-1.921560	-0.743969	1.489554	
391	-1.925862	-0.750442	1.494550	
392	-1.931079	-0.755229	1.499608	
393	-1.936184	-0.761318	1.506008	
394	-1.941604	-0.766294	1.510938	
395	-1.946846	-0.773507	1.516755	
396	-1.952534	-0.780127	1.523992	
397	-1.958017	-0.786888	1.529822	
398	-1.968035	-0.800529	1.540763	
399	-1.972122	-0.806999	1.546269	
400	-1.976517	-0.814101	1.551062	
401	-1.979919	-0.824173	1.558708	
402	-1.983054	-0.831076	1.563237	
403	-1.986595	-0.837273	1.567831	
404	-1.990128	-0.845693	1.576875	
405	-1.993048	-0.851057	1.583785	
406	-1.995860	-0.858010	1.589813	
407	-1.998991	-0.864984	1.598309	
408	-2.001248	-0.868608	1.605677	
409	-2.003389	-0.872066	1.611173	
410	-2.005696	-0.875124	1.616512	
411	-2.007469	-0.879281	1.624832	
412	-2.009011	-0.883150	1.632836	
413	-2.010508	-0.886369	1.639855	
414	-2.011793	-0.888281	1.646706	
415	-2.012552	-0.892056	1.655997	
416	-2.013925	-0.892893	1.662927	
417	-2.015259	-0.895097	1.670942	
418	-2.016631	-0.897078	1.680205	
419	-2.018196	-0.898018	1.686339	
420	-2.019647	-0.899100	1.693875	
421	-2.021239	-0.901269	1.702111	
422	-2.022550	-0.902946	1.709865	
423	-2.023891	-0.904177	1.716095	
424	-2.025183	-0.905783	1.723113	
425	-2.026293	-0.907465	1.730121	
426	-2.028742	-0.908752	1.739786	
427	-2.030098	-0.910080	1.745271	
428	-2.030954	-0.912416	1.751383	
429	-2.032168	-0.915898	1.757821	
430	-2.034137	-0.918975	1.762436	
431	-2.035314	-0.924040	1.770730	
432	-2.036614	-0.935069	1.781309	
433	-2.037498	-0.940101	1.786441	
434	-2.038016	-0.945505	1.790776	
435	-2.039398	-0.950583	1.793279	
436	-2.040350	-0.957220	1.799027	
437	-2.041512	-0.963393	1.804451	
438	-2.043221	-0.969034	1.808812	
439	-2.044666	-0.974967	1.814843	
440	-2.045617	-0.981814	1.820089	
441	-2.047076	-0.987449	1.824071	
442	-2.048378	-0.993237	1.830638	
443	-2.049518	-0.999496	1.836439	
444	-2.050788	-1.005075	1.840938	
445	-2.052320	-1.010518	1.846462	
446	-2.053028	-1.017125	1.853224	
447	-2.054350	-1.023871	1.858354	
448	-2.055610	-1.030319	1.863359	
449	-2.056755	-1.037009	1.870581	
450	-2.058054	-1.042781	1.873857	
451	-2.059869	-1.049096	1.880823	
452	-2.061086	-1.054432	1.885617	
453	-2.063878	-1.060353	1.891146	
454	-2.065529	-1.067066	1.897833	
455	-2.067386	-1.073447	1.903574	
456	-2.070359	-1.080518	1.910383	
457	-2.074102	-1.086223	1.917152	
458	-2.078192	-1.092783	1.924216	
459	-2.081677	-1.102285	1.933820	
460	-2.087733	-1.107229	1.941498	
461	-2.092661	-1.114933	1.950995	
462	-2.097870	-1.122821	1.962502	
463	-2.102870	-1.129667	1.973343	
464	-2.107073	-1.136721	1.984217	
465	-2.111829	-1.143542	1.995669	
466	-2.114959	-1.150810	2.008358	
467	-2.118037	-1.157469	2.019855	
468	-2.121400	-1.164510	2.030081	
469	-2.124988	-1.171754	2.040917	
470	-2.127255	-1.177817	2.052923	
471	-2.131032	-1.184105	2.061965	
472	-2.134609	-1.190742	2.073942	
473	-2.137197	-1.196561	2.084138	
474	-2.140146	-1.201853	2.094646	
475	-2.142338	-1.207677	2.104923	
476	-2.143873	-1.213230	2.115142	
477	-2.146209	-1.217000	2.124058	
478	-2.147248	-1.220143	2.133320	
479	-2.147709	-1.222184	2.142075	
480	-2.148062	-1.225974	2.149656	
481	-2.147717	-1.227626	2.158328	
482	-2.145007	-1.229008	2.168208	
483	-2.144844	-1.230551	2.174671	
484	-2.144577	-1.231551	2.182979	
485	-2.140613	-1.232720	2.192719	
486	-2.138259	-1.233088	2.200186	
487	-2.136374	-1.233448	2.207121	
488	-2.128588	-1.236613	2.226363	
489	-2.126121	-1.237778	2.233949	
490	-2.122533	-1.239850	2.244931	
491	-2.119145	-1.242555	2.251227	
492	-2.114861	-1.246664	2.258514	
493	-2.110756	-1.250091	2.267929	
494	-2.106797	-1.254786	2.274041	
495	-2.103898	-1.258960	2.280210	
496	-2.099433	-1.263486	2.290457	
497	-2.091552	-1.274326	2.303722	
498	-2.087202	-1.278726	2.311910	
499	-2.081977	-1.282242	2.320387	
500	-2.078536	-1.288102	2.324010	
501	-2.075236	-1.291555	2.329693	
502	-2.069422	-1.296567	2.336671	
503	-2.066759	-1.300405	2.339957	
504	-2.062952	-1.303686	2.345517	
505	-2.059007	-1.305906	2.352581	
506	-2.055842	-1.309531	2.356846	
507	-2.052291	-1.314526	2.359267	
508	-2.047079	-1.318851	2.364712	
509	-2.044240	-1.321914	2.367308	
510	-2.041112	-1.324794	2.370091	
511	-2.036232	-1.327587	2.375631	
512	-2.032038	-1.333004	2.377491	
513	-2.027945	-1.337933	2.379577	
514	-2.021550	-1.342576	2.385630	
515	-2.018202	-1.345429	2.389400	
516	-2.013283	-1.350047	2.393720	
517	-2.007448	-1.354619	2.400757	
518	-2.002708	-1.359432	2.406371	
519	-1.997885	-1.363554	2.414580	
520	-1.991278	-1.368763	2.424642	
521	-1.987833	-1.372987	2.432080	
522	-1.982483	-1.377592	2.441608	
523	-1.977451	-1.382922	2.451560	
524	-1.972535	-1.387895	2.461252	
525	-1.966579	-1.394362	2.470648	
526	-1.962994	-1.401592	2.477553	
527	-1.957473	-1.406861	2.487363	
528	-1.951477	-1.412180	2.496812	
529	-1.947246	-1.417952	2.505065	
530	-1.943006	-1.423100	2.513090	
531	-1.938092	-1.427005	2.521868	
532	-1.933393	-1.432496	2.529579	
533	-1.929600	-1.435180	2.538797	
534	-1.924705	-1.438040	2.546813	
535	-1.919097	-1.442460	2.554198	
536	-1.914711	-1.445992	2.561296	
537	-1.909239	-1.448650	2.568870	
538	-1.902744	-1.453272	2.574406	
539	-1.900233	-1.455426	2.580490	
540	-1.894375	-1.458724	2.586724	
541	-1.886647	-1.463556	2.592817	
542	-1.882753	-1.466403	2.598437	
543	-1.876904	-1.469052	2.604563	
544	-1.869690	-1.472055	2.610361	
545	-1.863646	-1.474535	2.615759	
546	-1.858650	-1.476197	2.621030	
547	-1.851598	-1.477480	2.627086	
548	-1.843439	-1.479073	2.631384	
549	-1.836251	-1.480978	2.635462	
550	-1.828618	-1.482018	2.639208	
551	-1.820851	-1.481872	2.644251	
552	-1.811899	-1.483155	2.647502	
553	-1.805746	-1.482980	2.651184	
554	-1.795696	-1.482046	2.655772	
555	-1.782330	-1.482807	2.660500	
556	-1.776034	-1.482007	2.663918	
557	-1.766024	-1.480717	2.669162	
558	-1.753542	-1.480080	2.674332	
559	-1.745454	-1.479155	2.678590	
560	-1.736874	-1.477260	2.683153	
561	-1.724319	-1.476424	2.687537	
562	-1.714674	-1.476004	2.690842	
563	-1.696324	-1.473640	2.697858	
564	-1.685098	-1.473753	2.700612	
565	-1.677013	-1.473112	2.702215	
566	-1.667141	-1.472708	2.704544	
567	-1.657069	-1.472708	2.706901	
568	-1.648138	-1.473730	2.707025	
569	-1.640506	-1.474097	2.707873	
570	-1.631624	-1.474114	2.710210	
571	-1.623503	-1.475079	2.710967	
572	-1.615970	-1.476985	2.710201	
573	-1.607970	-1.478650	2.710459	
574	-1.600211	-1.479967	2.710961	
575	-1.593908	-1.480717	2.711557	
576	-1.587717	-1.481180	2.712161	
577	-1.579380	-1.482314	2.714278	
578	-1.568142	-1.485225	2.714387	
579	-1.561204	-1.485772	2.716151	
580	-1.553773	-1.486638	2.717689	
581	-1.548488	-1.488387	2.717384	
582	-1.541936	-1.488724	2.719401	
583	-1.533928	-1.490632	2.720740	
584	-1.529055	-1.492294	2.721868	
585	-1.516355	-1.494197	2.726402	
586	-1.510900	-1.495120	2.729405	
587	-1.505620	-1.495841	2.731300	
588	-1.498992	-1.496718	2.733712	
589	-1.492552	-1.497933	2.734444	
590	-1.479713	-1.499048	2.739745	
591	-1.473646	-1.499806	2.742098	
592	-1.466207	-1.500777	2.744863	
593	-1.460699	-1.501269	2.748184	
594	-1.455265	-1.502473	2.750724	
595	-1.448226	-1.503501	2.753150	
596	-1.441255	-1.503745	2.756960	
597	-1.437113	-1.503731	2.759823	
598	-1.429963	-1.503481	2.762795	
599	-1.422559	-1.503169	2.766136	
600	-1.417628	-1.502689	2.767497	
601	-1.412599	-1.502379	2.768159	
602	-1.403553	-1.501251	2.772621	
603	-1.396128	-1.499329	2.777048	
604	-1.391837	-1.499161	2.776064	
605	-1.382910	-1.498013	2.779315	
606	-1.373784	-1.496370	2.782641	
607	-1.368201	-1.495310	2.783628	
608	-1.359553	-1.493559	2.787286	
609	-1.351230	-1.492775	2.787985	
610	-1.342360	-1.491623	2.790529	
611	-1.334516	-1.490343	2.792657	
612	-1.327676	-1.489141	2.792748	
613	-1.317918	-1.488258	2.793289	
614	-1.310493	-1.486992	2.792639	
615	-1.303416	-1.485647	2.791728	
616	-1.294868	-1.484063	2.790962	
617	-1.287133	-1.482711	2.790138	
618	-1.280296	-1.482192	2.787781	
619	-1.271524	-1.481908	2.785863	
620	-1.264411	-1.482075	2.783894	
621	-1.258900	-1.481956	2.782104	
622	-1.250847	-1.481962	2.780577	
623	-1.243414	-1.482262	2.778886	
624	-1.238522	-1.482855	2.774768	
625	-1.231025	-1.482983	2.773427	
626	-1.223795	-1.483274	2.771531	
627	-1.211132	-1.483570	2.767678	
628	-1.203231	-1.484478	2.765266	
629	-1.197961	-1.485694	2.762370	
630	-1.190850	-1.486596	2.761232	
631	-1.184845	-1.487577	2.759379	
632	-1.178679	-1.488957	2.757293	
633	-1.171787	-1.490523	2.755110	
634	-1.166820	-1.491333	2.752967	
635	-1.161275	-1.492180	2.751463	
636	-1.156194	-1.492559	2.750355	
637	-1.147336	-1.492473	2.745899	
638	-1.143100	-1.492232	2.743682	
639	-1.138286	-1.490948	2.742288	
640	-1.132195	-1.490243	2.739662	
641	-1.125514	-1.489632	2.737725	
642	-1.123161	-1.488366	2.735761	
643	-1.119587	-1.486836	2.734566	
644	-1.113154	-1.486124	2.732252	
645	-1.110116	-1.484457	2.731380	
646	-1.107030	-1.482677	2.730351	
647	-1.100230	-1.480774	2.729620	
648	-1.094457	-1.479088	2.727789	
649	-1.090506	-1.477289	2.726142	
650	-1.086214	-1.474748	2.724690	
651	-1.080451	-1.472341	2.722464	
652	-1.074872	-1.469025	2.721188	
653	-1.070950	-1.465324	2.719378	
654	-1.064305	-1.461775	2.717687	
655	-1.057953	-1.458033	2.715824	
656	-1.053114	-1.453764	2.713880	
657	-1.044512	-1.449933	2.711718	
658	-1.041674	-1.445225	2.710172	
659	-1.036904	-1.440411	2.709040	
660	-1.027249	-1.437725	2.706066	
661	-1.022371	-1.433757	2.704322	
662	-1.018799	-1.429478	2.702591	
663	-1.012682	-1.425818	2.699440	
664	-1.008192	-1.421679	2.696640	
665	-1.004243	-1.417501	2.693490	
666	-1.001374	-1.412647	2.689646	
667	-0.998951	-1.407695	2.685902	
668	-0.992815	-1.403534	2.680809	
669	-0.987240	-1.398832	2.676193	
670	-0.984318	-1.392775	2.672963	
671	-0.977260	-1.388205	2.667659	
672	-0.971437	-1.382798	2.662366	
673	-0.959826	-1.373806	2.650679	
674	-0.952195	-1.370031	2.644731	
675	-0.939000	-1.362452	2.633654	
676	-0.928220	-1.361037	2.626235	
677	-0.926122	-1.356164	2.623291	
678	-0.923088	-1.351482	2.620149	
679	-0.916289	-1.348581	2.614563	
680	-0.910260	-1.344728	2.610322	
681	-0.906981	-1.339330	2.608134	
682	-0.901646	-1.336208	2.604419	
683	-0.896001	-1.332747	2.601550	
684	-0.887644	-1.324517	2.598279	
685	-0.882290	-1.321863	2.595735	
686	-0.881022	-1.315941	2.596278	
687	-0.877816	-1.312074	2.595143	
688	-0.871024	-1.310012	2.592922	
689	-0.869115	-1.303484	2.595323	
690	-0.865976	-1.298470	2.595580	
691	-0.860932	-1.295171	2.594722	
692	-0.858466	-1.289818	2.596136	
693	-0.857725	-1.284138	2.598241	
694	-0.853584	-1.281735	2.597709	
695	-0.850950	-1.277791	2.599176	
696	-0.850046	-1.273295	2.600727	
697	-0.844533	-1.272713	2.599223	
698	-0.843457	-1.268302	2.601847	
699	-0.842310	-1.265439	2.603195	
700	-0.837297	-1.265318	2.602472	
701	-0.836605	-1.261646	2.605388	
702	-0.834539	-1.259220	2.606421	
703	-0.831032	-1.257888	2.607693	
704	-0.829395	-1.254940	2.610633	
705	-0.826957	-1.252934	2.612745	
706	-0.824097	-1.250571	2.615279	
707	-0.821586	-1.247687	2.618049	
708	-0.819491	-1.245151	2.620798	
709	-0.816382	-1.243483	2.622547	
710	-0.814221	-1.240704	2.625425	
711	-0.812083	-1.237976	2.628127	
712	-0.803564	-1.231371	2.636408	
713	-0.798003	-1.231621	2.636178	
714	-0.792171	-1.231976	2.637359	
715	-0.790946	-1.229168	2.641105	
716	-0.784986	-1.230011	2.641946	
717	-0.781428	-1.229316	2.644623	
718	-0.779691	-1.226954	2.648009	
719	-0.774760	-1.227090	2.649697	
720	-0.770927	-1.226281	2.652274	
721	-0.768350	-1.224590	2.655686	
722	-0.762734	-1.225706	2.656187	
723	-0.757764	-1.226593	2.658232	
724	-0.755306	-1.225560	2.661909	
725	-0.752511	-1.225009	2.664014	
726	-0.746313	-1.227684	2.664759	
727	-0.743978	-1.226077	2.669274	
728	-0.740833	-1.225581	2.672215	
729	-0.735253	-1.227571	2.673081	
730	-0.731807	-1.226861	2.677535	
731	-0.729081	-1.226326	2.680137	
732	-0.723355	-1.228351	2.681194	
733	-0.720571	-1.227668	2.685306	
734	-0.716921	-1.227931	2.687734	
735	-0.711926	-1.230016	2.688924	
736	-0.709390	-1.229348	2.692435	
737	-0.705918	-1.230080	2.694299	
738	-0.701617	-1.231876	2.696419	
739	-0.698913	-1.232522	2.699457	
740	-0.694425	-1.236054	2.699308	
741	-0.692373	-1.237692	2.702132	
742	-0.690817	-1.238272	2.705343	
743	-0.689334	-1.239710	2.707475	
744	-0.688991	-1.239412	2.711206	
745	-0.686877	-1.240804	2.713319	
746	-0.685434	-1.241657	2.716557	
747	-0.683862	-1.242970	2.719622	
748	-0.681394	-1.244262	2.722029	
749	-0.679223	-1.245309	2.724589	
750	-0.679325	-1.244509	2.728909	
751	-0.676263	-1.246702	2.731208	
752	-0.674041	-1.247962	2.735373	
753	-0.672862	-1.248845	2.740529	
754	-0.670399	-1.251211	2.744301	
755	-0.667239	-1.254510	2.747770	
756	-0.665633	-1.257149	2.752754	
757	-0.663363	-1.260396	2.757285	
758	-0.659274	-1.265446	2.761073	
759	-0.658297	-1.268129	2.767785	
760	-0.655383	-1.272511	2.772240	
761	-0.652703	-1.276728	2.778069	
762	-0.650859	-1.280071	2.784968	
763	-0.648981	-1.283391	2.790601	
764	-0.646529	-1.287241	2.795949	
765	-0.643692	-1.291510	2.801493	
766	-0.640553	-1.295658	2.807228	
767	-0.638618	-1.299001	2.814196	
768	-0.634865	-1.303829	2.818454	
769	-0.632880	-1.307199	2.824691	
770	-0.632418	-1.308622	2.831642	
771	-0.628023	-1.313301	2.835239	
772	-0.625368	-1.316220	2.841041	
773	-0.622922	-1.318659	2.846114	
774	-0.618149	-1.322503	2.848189	
775	-0.616888	-1.323145	2.854488	
776	-0.615074	-1.323732	2.859373	
777	-0.610184	-1.325918	2.862247	
778	-0.606187	-1.326911	2.866234	
779	-0.602491	-1.327440	2.870149	
780	-0.596243	-1.330543	2.870378	
781	-0.591772	-1.332201	2.872074	
782	-0.587675	-1.333886	2.873324	
783	-0.581708	-1.336404	2.872792	
784	-0.575427	-1.339095	2.873674	
785	-0.570305	-1.340777	2.875443	
786	-0.562953	-1.342978	2.876073	
787	-0.557458	-1.344547	2.877315	
788	-0.545790	-1.347897	2.881215	
789	-0.538465	-1.349824	2.883430	
790	-0.531704	-1.352133	2.885843	
791	-0.523842	-1.354580	2.886744	
792	-0.516140	-1.356861	2.887812	
793	-0.506828	-1.360478	2.888279	
794	-0.499961	-1.362389	2.890669	
795	-0.491178	-1.364958	2.891288	
796	-0.481712	-1.368180	2.891212	
797	-0.474732	-1.369343	2.894045	
798	-0.466724	-1.371229	2.895521	
799	-0.457266	-1.374324	2.896094	
800	-0.450521	-1.375592	2.898863	
801	-0.433620	-1.380980	2.898418	
802	-0.421196	-1.383593	2.900463	
803	-0.408882	-1.386532	2.901022	
804	-0.403437	-1.387587	2.901376	
805	-0.396601	-1.389156	2.900703	
806	-0.392751	-1.388547	2.902449	
807	-0.386267	-1.389120	2.901610	
808	-0.379385	-1.389937	2.901077	
809	-0.373104	-1.389337	2.901922	
810	-0.365540	-1.390282	2.901170	
811	-0.357503	-1.391739	2.900126	
812	-0.351032	-1.390984	2.901052	
813	-0.344250	-1.391956	2.901326	
814	-0.336407	-1.393482	2.900032	
815	-0.330386	-1.392945	2.900988	
816	-0.323349	-1.393723	2.900551	
817	-0.315757	-1.394527	2.898836	
818	-0.311119	-1.393589	2.899375	
819	-0.304289	-1.394506	2.896686	
820	-0.298529	-1.395156	2.894854	
821	-0.292725	-1.394786	2.893377	
822	-0.287870	-1.394725	2.891757	
823	-0.283269	-1.394205	2.890328	
824	-0.277499	-1.392692	2.889041	
825	-0.271718	-1.392204	2.886856	
826	-0.266206	-1.390261	2.885402	
827	-0.261722	-1.387606	2.884082	
828	-0.257641	-1.385551	2.881861	
829	-0.245683	-1.379427	2.877832	
830	-0.239689	-1.376488	2.874824	
831	-0.233603	-1.373316	2.870883	
832	-0.227736	-1.368633	2.867754	
833	-0.221738	-1.364454	2.863564	
834	-0.213754	-1.360793	2.858229	
835	-0.205945	-1.355861	2.853671	
836	-0.197070	-1.350641	2.849102	
837	-0.188594	-1.347530	2.842427	
838	-0.179307	-1.343609	2.836196	
839	-0.170545	-1.339036	2.830400	
840	-0.162403	-1.335417	2.823905	
841	-0.144613	-1.328387	2.809607	
842	-0.137073	-1.324804	2.803168	
843	-0.129787	-1.321726	2.795942	
844	-0.121706	-1.317779	2.789611	
845	-0.116015	-1.315589	2.782422	
846	-0.108332	-1.311985	2.776951	
847	-0.101011	-1.308962	2.770195	
848	-0.095686	-1.307292	2.763736	
849	-0.088031	-1.303928	2.758124	
850	-0.081131	-1.304777	2.748464	
851	-0.074094	-1.304256	2.741577	
852	-0.066855	-1.300751	2.737467	
853	-0.062981	-1.301960	2.728934	
854	-0.056196	-1.303071	2.721605	
855	-0.048106	-1.302251	2.715195	
856	-0.043783	-1.301753	2.708419	
857	-0.038380	-1.300960	2.701507	
858	-0.033686	-1.299891	2.694060	
859	-0.026284	-1.298236	2.687458	
860	-0.020314	-1.296216	2.681458	
861	-0.015529	-1.296144	2.673525	
862	-0.007907	-1.295598	2.667704	
863	-0.000350	-1.296227	2.660676	
864	0.007498	-1.297252	2.654474	
865	0.012944	-1.298128	2.648826	
866	0.020414	-1.300131	2.641898	
867	0.028647	-1.301917	2.636094	
868	0.034480	-1.303550	2.630715	
869	0.039914	-1.305911	2.623627	
870	0.046025	-1.308699	2.616265	
871	0.052963	-1.310438	2.610264	
872	0.058684	-1.312667	2.603479	
873	0.063554	-1.314864	2.595761	
874	0.068410	-1.317374	2.587751	
875	0.079937	-1.319337	2.573843	
876	0.082733	-1.321219	2.564726	
877	0.087341	-1.322044	2.557243	
878	0.089538	-1.323432	2.547664	
879	0.097706	-1.322993	2.533202	
880	0.099558	-1.322398	2.524439	
881	0.101019	-1.322003	2.515756	
882	0.105659	-1.319908	2.509499	
883	0.106544	-1.318907	2.501454	
884	0.107564	-1.318752	2.492413	
885	0.107909	-1.317008	2.484734	
886	0.111046	-1.315529	2.475317	
887	0.112333	-1.314232	2.466992	
888	0.114861	-1.312227	2.457740	
889	0.117013	-1.310431	2.449506	
890	0.120148	-1.309212	2.439784	
891	0.122427	-1.308896	2.429493	
892	0.125885	-1.307867	2.420382	
893	0.128448	-1.306925	2.410439	
894	0.129971	-1.306674	2.399536	
895	0.132609	-1.306768	2.389594	
896	0.135946	-1.307363	2.379908	
897	0.139981	-1.308514	2.371304	
898	0.145135	-1.308769	2.364036	
899	0.148976	-1.308273	2.357022	
900	0.151223	-1.307549	2.348708	
901	0.152986	-1.306448	2.340697	
902	0.156286	-1.304684	2.334597	
903	0.158788	-1.302785	2.327776	
904	0.162484	-1.300947	2.321513	
905	0.165192	-1.298654	2.315374	
906	0.167843	-1.296306	2.309762	
907	0.169897	-1.294845	2.302148	
908	0.173823	-1.292633	2.295990	
909	0.178796	-1.290502	2.290569	
910	0.181880	-1.289344	2.284595	
911	0.186062	-1.287543	2.279970	
912	0.191531	-1.285977	2.277729	
913	0.195067	-1.285668	2.274125	
914	0.199842	-1.283601	2.271383	
915	0.204822	-1.281367	2.267858	
916	0.208602	-1.279430	2.264719	
917	0.212861	-1.276802	2.263274	
918	0.214334	-1.274818	2.260115	
919	0.219864	-1.273456	2.257248	
920	0.223235	-1.271158	2.256176	
921	0.227133	-1.269638	2.253885	
922	0.229636	-1.268682	2.252402	
923	0.234694	-1.266717	2.250808	
924	0.238167	-1.265608	2.249085	
925	0.242128	-1.264982	2.248590	
926	0.245105	-1.263741	2.248944	
927	0.248721	-1.263556	2.248372	
928	0.255506	-1.263350	2.247818	
929	0.257463	-1.262563	2.249509	
930	0.260658	-1.262533	2.250001	
931	0.266872	-1.263163	2.250761	
932	0.268704	-1.263324	2.254759	
933	0.272066	-1.264102	2.255881	
934	0.273718	-1.264952	2.258991	
935	0.277744	-1.265409	2.261159	
936	0.280927	-1.266290	2.262467	
937	0.284183	-1.267270	2.264324	
938	0.288257	-1.267617	2.268306	
939	0.290417	-1.268502	2.272488	
940	0.292632	-1.269155	2.275697	
941	0.295828	-1.269560	2.278493	
942	0.299443	-1.270134	2.281022	
943	0.301701	-1.270749	2.284225	
944	0.303500	-1.270753	2.288746	
945	0.306768	-1.270981	2.291833	
946	0.310358	-1.271540	2.295225	
947	0.311440	-1.271665	2.298823	
948	0.314765	-1.272768	2.300982	
949	0.317178	-1.273510	2.304633	
950	0.324011	-1.275095	2.307668	
951	0.325830	-1.275759	2.311102	
952	0.328604	-1.276098	2.312762	
953	0.330833	-1.276140	2.316580	
954	0.332856	-1.275455	2.320902	
955	0.335741	-1.274637	2.324625	
956	0.338583	-1.273964	2.327051	
957	0.341188	-1.272211	2.330867	
958	0.341808	-1.270921	2.337279	
959	0.341743	-1.268817	2.341387	
960	0.344516	-1.268498	2.345129	
961	0.346774	-1.267836	2.349932	
962	0.346733	-1.266672	2.355256	
963	0.351543	-1.267021	2.356695	
964	0.352618	-1.266901	2.362118	
965	0.353270	-1.266644	2.368602	
966	0.358235	-1.267892	2.370933	
967	0.360390	-1.267636	2.375909	
968	0.363313	-1.268574	2.381534	
969	0.369709	-1.270859	2.384583	
970	0.372499	-1.272331	2.390946	
971	0.374356	-1.272771	2.397402	
972	0.379817	-1.276319	2.402753	
973	0.382522	-1.278385	2.412532	
974	0.383605	-1.276876	2.418614	
975	0.387494	-1.279606	2.424293	
976	0.388657	-1.280134	2.434005	
977	0.392729	-1.281065	2.437738	
978	0.397600	-1.284429	2.445609	
979	0.396199	-1.283468	2.453920	
980	0.398146	-1.283451	2.454534	
981	0.404039	-1.285247	2.460722	
982	0.405107	-1.285095	2.469025	
983	0.407411	-1.285603	2.470800	
984	0.410475	-1.286577	2.476642	
985	0.410593	-1.286341	2.482652	
986	0.411442	-1.286712	2.485296	
987	0.414082	-1.287696	2.491381	
988	0.416486	-1.288437	2.495156	
989	0.419142	-1.290079	2.498134	
990	0.421573	-1.290176	2.504680	
991	0.422612	-1.290040	2.508988	
992	0.423900	-1.291020	2.512746	
993	0.425341	-1.289589	2.518979	
994	0.427754	-1.289357	2.522764	
995	0.430560	-1.289945	2.525469	
996	0.432350	-1.287967	2.530675	
997	0.432691	-1.285021	2.539379	
998	0.435233	-1.284556	2.542018	
999	0.437387	-1.282710	2.548242	
1000	0.440356	-1.280579	2.559532	
1001	0.442297	-1.278051	2.570232	
1002	0.442885	-1.277371	2.578325	
1003	0.443301	-1.278000	2.583395	
1004	0.442204	-1.276301	2.589630	
1005	0.441230	-1.275756	2.594159	
1006	0.441044	-1.274239	2.599329	
1007	0.441531	-1.273454	2.602522	
1008	0.441785	-1.273335	2.606422	
1009	0.442015	-1.272884	2.608805	
1010	0.442552	-1.273342	2.610664	
1011	0.443908	-1.273693	2.612827	
1012	0.443732	-1.273104	2.616280	
1013	0.443688	-1.272481	2.619555	
1014	0.445341	-1.273447	2.621137	
1015	0.447443	-1.275107	2.623705	
1016	0.446223	-1.274007	2.627298	
1017	0.447660	-1.274603	2.629660	
1018	0.449870	-1.275797	2.631299	
1019	0.451960	-1.274032	2.633371	
1020	0.454143	-1.274363	2.633224	
1021	0.452453	-1.270565	2.634138	
1022	0.455113	-1.270726	2.634618	
1023	0.455370	-1.264599	2.632749	
1024	0.458497	-1.259629	2.631338	
1025	0.457930	-1.254524	2.630169	
1026	0.458551	-1.250771	2.629324	
1027	0.461399	-1.248253	2.626975	
1028	0.462597	-1.244762	2.627182	
1029	0.463921	-1.240613	2.626781	
1030	0.466733	-1.238420	2.627711	
1031	0.465935	-1.231630	2.626402	
1032	0.468306	-1.228796	2.627544	
1033	0.471777	-1.226899	2.627978	
1034	0.471970	-1.221741	2.628022	
1035	0.474848	-1.218443	2.627204	
1036	0.478703	-1.217457	2.628338	
1037	0.480698	-1.213812	2.627930	
1038	0.481721	-1.210091	2.628475	
1039	0.485538	-1.208530	2.627769	
1040	0.487686	-1.206466	2.627481	
1041	0.489450	-1.203329	2.625911	
1042	0.491028	-1.200721	2.624457	
1043	0.493614	-1.199303	2.622045	
1044	0.494882	-1.196792	2.619790	
1045	0.496266	-1.194946	2.618435	
1046	0.498319	-1.193251	2.616872	
1047	0.499620	-1.189354	2.615994	
1048	0.501876	-1.188685	2.615440	
1049	0.503000	-1.187117	2.614605	
1050	0.503628	-1.186505	2.615702	
1051	0.504757	-1.184894	2.614987	
1052	0.505720	-1.183128	2.614310	
1053	0.505894	-1.182066	2.615544	
1054	0.507000	-1.179849	2.614412	
1055	0.507382	-1.178829	2.615891	
1056	0.507257	-1.177069	2.617280	
1057	0.507189	-1.175789	2.619564	
1058	0.506937	-1.175178	2.623126	
1059	0.506546	-1.173271	2.625010	
1060	0.507410	-1.172858	2.627394	
1061	0.506908	-1.175310	2.633913	
1062	0.504662	-1.174639	2.638709	
1063	0.505240	-1.175526	2.642283	
1064	0.505952	-1.173833	2.642676	
1065	0.504903	-1.169967	2.642201	
1066	0.507406	-1.171010	2.643861	
1067	0.507566	-1.171535	2.647397	
1068	0.506590	-1.168190	2.648098	
1069	0.508535	-1.168578	2.650118	
1070	0.510078	-1.166205	2.649399	
1071	0.507445	-1.162619	2.652258	
1072	0.507254	-1.162025	2.655980	
1073	0.506923	-1.160599	2.659002	
1074	0.504579	-1.155213	2.659883	
1075	0.505876	-1.149374	2.656310	
1076	0.504633	-1.149679	2.662484	
1077	0.502302	-1.147890	2.667703	
1078	0.501139	-1.147509	2.673061	
1079	0.501027	-1.143971	2.672867	
1080	0.500648	-1.143097	2.675704	
1081	0.498000	-1.141632	2.680779	
1082	0.499121	-1.141856	2.683323	
1083	0.499091	-1.142620	2.687758	
1084	0.496144	-1.140480	2.691932	
1085	0.498918	-1.142074	2.692299	
1086	0.499012	-1.141235	2.692655	
1087	0.496735	-1.137586	2.692685	
1088	0.498180	-1.139232	2.693042	
1089	0.495808	-1.136032	2.692116	
1090	0.492215	-1.136696	2.696749	
1091	0.493193	-1.138990	2.695947	
1092	0.489914	-1.138133	2.696887	
1093	0.486923	-1.138138	2.698250	
1094	0.487381	-1.140228	2.695804	
1095	0.482484	-1.140466	2.699541	
1096	0.481731	-1.141880	2.698173	
1097	0.480435	-1.144291	2.698621	
1098	0.475771	-1.144796	2.702298	
1099	0.475594	-1.146842	2.700372	
1100	0.471842	-1.151427	2.706786	
1101	0.465797	-1.155354	2.710665	
1102	0.461944	-1.158373	2.715860	
1103	0.458564	-1.159214	2.717679	
1104	0.454633	-1.160621	2.721118	
1105	0.450037	-1.160420	2.722918	
1106	0.445882	-1.162451	2.727256	
1107	0.442557	-1.164216	2.729743	
1108	0.437764	-1.165445	2.734157	
1109	0.433625	-1.168104	2.739309	
1110	0.429180	-1.168909	2.741394	
1111	0.425034	-1.172992	2.747482	
1112	0.420841	-1.178076	2.754254	
1113	0.416580	-1.182898	2.760444	
1114	0.411763	-1.184531	2.761830	
1115	0.407439	-1.190160	2.769408	
1116	0.395986	-1.196210	2.778673	
1117	0.391571	-1.201625	2.785018	
1118	0.385504	-1.202952	2.786713	
1119	0.378938	-1.204638	2.790462	
1120	0.374739	-1.210058	2.796164	
1121	0.368603	-1.214299	2.804333	
1122	0.362088	-1.213151	2.802196	
1123	0.357419	-1.217975	2.808058	
1124	0.351550	-1.221030	2.815013	
1125	0.345502	-1.220680	2.816193	
1126	0.341618	-1.224994	2.822453	
1127	0.336806	-1.227378	2.829340	
1128	0.333017	-1.229258	2.832343	
1129	0.329799	-1.232356	2.837055	
1130	0.325623	-1.232652	2.839299	
1131	0.322945	-1.234276	2.840167	
1132	0.320560	-1.236807	2.844564	
1133	0.318116	-1.238018	2.845473	
1134	0.317293	-1.239974	2.844197	
1135	0.316137	-1.242774	2.847550	
1136	0.314907	-1.243883	2.847134	
1137	0.314128	-1.245929	2.848039	
1138	0.313845	-1.248099	2.848053	
1139	0.312354	-1.248386	2.848966	
1140	0.311379	-1.248295	2.847364	
1141	0.311302	-1.250292	2.848696	
1142	0.308855	-1.248765	2.848296	
1143	0.308374	-1.250436	2.850870	
1144	0.306938	-1.250653	2.851582	
1145	0.305389	-1.251246	2.854718	
1146	0.303652	-1.251306	2.856483	
1147	0.301949	-1.252507	2.861992	
1148	0.298942	-1.251917	2.864699	
1149	0.297085	-1.252474	2.868028	
1150	0.295714	-1.254154	2.871684	
1151	0.292076	-1.254619	2.877446	
1152	0.291304	-1.258745	2.883266	
1153	0.289176	-1.260248	2.885465	
1154	0.285974	-1.262502	2.891046	
1155	0.284367	-1.265397	2.893267	
1156	0.282013	-1.267772	2.895315	
1157	0.279161	-1.269878	2.897325	
1158	0.277042	-1.273007	2.899385	
1159	0.274623	-1.276118	2.903333	
1160	0.272999	-1.279953	2.905731	
1161	0.270179	-1.282632	2.907893	
1162	0.267789	-1.285841	2.910898	
1163	0.265817	-1.289558	2.912061	
1164	0.263132	-1.292477	2.915788	
1165	0.260945	-1.295854	2.915867	
1166	0.259372	-1.300040	2.919716	
1167	0.257128	-1.302557	2.921807	
1168	0.255877	-1.306545	2.924019	
1169	0.254640	-1.310232	2.927318	
1170	0.252932	-1.312888	2.930098	
1171	0.251961	-1.316601	2.933818	
1172	0.250379	-1.318986	2.936541	
1173	0.248456	-1.321332	2.939237	
1174	0.245893	-1.323224	2.941974	
1175	0.245288	-1.327480	2.944959	
1176	0.242455	-1.328785	2.950069	
1177	0.239770	-1.330301	2.952374	
1178	0.237934	-1.332184	2.955864	
1179	0.234867	-1.333354	2.960211	
1180	0.232834	-1.335639	2.963682	
1181	0.230923	-1.338837	2.967897	
1182	0.228770	-1.342283	2.973582	
1183	0.225802	-1.345254	2.979029	
1184	0.223773	-1.349337	2.982759	
1185	0.220066	-1.352859	2.986719	
1186	0.216013	-1.356359	2.991263	
1187	0.212377	-1.361142	2.998072	
1188	0.207659	-1.364940	3.003622	
1189	0.204239	-1.369485	3.006430	
1190	0.200462	-1.374713	3.012586	
1191	0.195174	-1.378662	3.018043	
1192	0.190526	-1.383217	3.023213	
1193	0.185038	-1.388236	3.029477	
1194	0.178480	-1.392531	3.035676	
1195	0.173938	-1.398517	3.041838	
1196	0.168936	-1.404166	3.047630	
1197	0.164145	-1.409128	3.053264	
1198	0.159703	-1.414203	3.061152	
1199	0.155254	-1.419472	3.067271	
1200	0.150927	-1.424876	3.073329	
1201	0.146352	-1.429692	3.079336	
1202	0.138687	-1.440707	3.095399	
1203	0.134984	-1.445908	3.102039	
1204	0.131814	-1.451391	3.110108	
1205	0.128881	-1.456660	3.116687	
1206	0.126781	-1.462031	3.125440	
1207	0.124164	-1.466160	3.134300	
1208	0.122629	-1.471167	3.140881	
1209	0.120830	-1.475838	3.149893	
1210	0.119009	-1.480696	3.158125	
1211	0.116932	-1.484803	3.163712	
1212	0.114561	-1.488600	3.170737	
1213	0.112105	-1.496330	3.183658	
1214	0.111581	-1.500012	3.189770	
1215	0.111830	-1.503769	3.194628	
1216	0.112930	-1.508036	3.201093	
1217	0.114839	-1.511962	3.207306	
1218	0.116608	-1.515312	3.213554	
1219	0.119525	-1.518829	3.218889	
1220	0.122908	-1.522290	3.224730	
1221	0.126746	-1.525530	3.231036	
1222	0.131015	-1.527956	3.236660	
1223	0.136534	-1.531194	3.242720	
1224	0.141764	-1.533316	3.250050	
1225	0.148682	-1.535854	3.256483	
1226	0.155861	-1.538158	3.263578	
1227	0.162526	-1.539655	3.271792	
1228	0.170609	-1.541700	3.279002	
1229	0.179170	-1.544720	3.285587	
1230	0.187632	-1.547194	3.295232	
1231	0.196517	-1.550323	3.302109	
1232	0.205874	-1.554037	3.309464	
1233	0.213728	-1.557027	3.315622	
1234	0.222285	-1.561099	3.321352	
1235	0.231007	-1.564901	3.327892	
1236	0.238685	-1.568310	3.332262	
1237	0.246539	-1.571630	3.337418	
1238	0.254837	-1.575019	3.342885	
1239	0.262271	-1.577842	3.348833	
1240	0.269225	-1.581698	3.354559	
1241	0.274855	-1.585737	3.359515	
1242	0.281626	-1.589709	3.366181	
1243	0.286721	-1.593585	3.369905	
1244	0.292830	-1.597476	3.375397	
1245	0.298522	-1.601275	3.380737	
1246	0.303751	-1.605527	3.385041	
1247	0.310410	-1.609813	3.391887	
1248	0.315999	-1.614172	3.397010	
1249	0.322154	-1.619547	3.401829	
1250	0.333258	-1.627254	3.409935	
1251	0.339653	-1.632426	3.414955	
1252	0.345782	-1.637708	3.420687	
1253	0.353370	-1.642845	3.426941	
1254	0.368439	-1.654528	3.440391	
1255	0.375663	-1.660624	3.447125	
1256	0.381706	-1.665692	3.454098	
1257	0.388761	-1.670764	3.460583	
1258	0.395450	-1.674999	3.467995	
1259	0.402324	-1.678691	3.475111	
1260	0.408807	-1.683194	3.479960	
1261	0.415813	-1.687407	3.485285	
1262	0.422496	-1.691632	3.490870	
1263	0.429613	-1.695233	3.495788	
1264	0.435631	-1.698384	3.499728	
1265	0.442770	-1.700909	3.504308	
1266	0.450123	-1.703461	3.508395	
1267	0.459388	-1.706649	3.511767	
1268	0.468504	-1.709116	3.515953	
1269	0.477956	-1.711428	3.519704	
1270	0.487419	-1.713730	3.522947	
1271	0.497369	-1.715458	3.526484	
1272	0.507871	-1.716773	3.530036	
1273	0.519921	-1.718616	3.532541	
1274	0.531454	-1.719875	3.535643	
1275	0.542284	-1.720257	3.539474	
1276	0.554159	-1.722168	3.540326	
1277	0.566956	-1.722760	3.543407	
1278	0.578882	-1.723646	3.545508	
1279	0.591469	-1.723333	3.548020	
1280	0.604115	-1.723727	3.550240	
1281	0.616105	-1.724102	3.552145	
1282	0.628001	-1.724521	3.553620	
1283	0.639438	-1.725228	3.554536	
1284	0.651681	-1.727058	3.554446	
1285	0.664313	-1.728125	3.555819	
1286	0.677568	-1.729372	3.557438	
1287	0.689715	-1.730978	3.557978	
1288	0.701341	-1.732338	3.558599	
1289	0.714196	-1.732980	3.559927	
1290	0.727664	-1.734410	3.560292	
1291	0.740988	-1.734124	3.561756	
1292	0.752057	-1.735360	3.561209	
1293	0.765430	-1.736275	3.561861	
1294	0.777165	-1.737521	3.561930	
1295	0.789802	-1.738786	3.562207	
1296	0.801761	-1.740495	3.562000	
1297	0.813830	-1.740232	3.563439	
1298	0.824468	-1.740689	3.563778	
1299	0.838370	-1.742234	3.563989	
1300	0.849689	-1.743598	3.565189	
1301	0.862310	-1.744340	3.566858	
1302	0.876051	-1.746264	3.568279	
1303	0.887661	-1.746750	3.571794	
1304	0.898911	-1.748995	3.573689	
1305	0.913361	-1.749732	3.577765	
1306	0.925858	-1.751216	3.580814	
1307	0.938847	-1.753700	3.584578	
1308	0.950526	-1.755688	3.589338	
1309	0.960680	-1.758012	3.595072	
1310	0.973816	-1.760608	3.599854	
1311	0.987324	-1.762645	3.606119	
1312	0.997918	-1.764771	3.612355	
1313	1.009444	-1.768629	3.616524	
1314	1.021334	-1.771544	3.621722	
1315	1.030844	-1.773532	3.626757	
1316	1.040576	-1.776687	3.630446	
1317	1.048788	-1.778711	3.635484	
1318	1.065839	-1.782328	3.644633	
1319	1.074761	-1.783556	3.648634	
1320	1.084210	-1.784651	3.652846	
1321	1.092025	-1.786171	3.656172	
1322	1.102072	-1.787959	3.658612	
1323	1.117616	-1.787224	3.661656	
1324	1.126821	-1.788267	3.663777	
1325	1.137046	-1.789978	3.665281	
1326	1.147917	-1.789566	3.667916	
1327	1.158021	-1.790627	3.668561	
1328	1.168331	-1.791859	3.669180	
1329	1.179407	-1.790599	3.670332	
1330	1.190615	-1.791101	3.669955	
1331	1.202020	-1.790132	3.669540	
1332	1.213376	-1.789595	3.668167	
1333	1.226665	-1.787803	3.667359	
1334	1.250917	-1.784527	3.664001	
1335	1.264417	-1.780792	3.663695	
1336	1.275990	-1.777322	3.663474	
1337	1.306773	-1.773425	3.658489	
1338	1.332971	-1.769332	3.654007	
1339	1.347697	-1.764815	3.652339	
1340	1.358254	-1.761917	3.649463	
1341	1.370692	-1.760711	3.644590	
1342	1.381766	-1.758920	3.640747	
1343	1.393615	-1.757811	3.635983	
1344	1.404335	-1.757901	3.630407	
1345	1.421406	-1.753793	3.626375	
1346	1.424055	-1.754907	3.622344	
1347	1.440292	-1.751981	3.617117	
1348	1.444846	-1.750892	3.614211	
1349	1.451197	-1.750961	3.608784	
1350	1.461647	-1.749289	3.604062	
1351	1.471372	-1.745900	3.600741	
1352	1.477609	-1.746758	3.594999	
1353	1.487232	-1.744859	3.590264	
1354	1.496143	-1.742339	3.586781	
1355	1.504605	-1.741496	3.581149	
1356	1.515599	-1.738753	3.576385	
1357	1.525150	-1.736764	3.571588	
1358	1.536652	-1.734510	3.566339	
1359	1.548441	-1.731580	3.561644	
1360	1.557840	-1.729345	3.558447	
1361	1.570374	-1.727227	3.554501	
1362	1.583594	-1.724065	3.551110	
1363	1.594050	-1.720341	3.549374	
1364	1.605822	-1.719010	3.545765	
1365	1.619708	-1.716398	3.541988	
1366	1.631679	-1.713316	3.539846	
1367	1.642204	-1.712432	3.535094	
1368	1.654726	-1.708755	3.532362	
1369	1.663813	-1.706718	3.528880	
1370	1.675210	-1.703992	3.524539	
1371	1.686238	-1.700079	3.522200	
1372	1.695409	-1.697951	3.518955	
1373	1.705480	-1.695082	3.515405	
1374	1.714428	-1.691725	3.511699	
1375	1.723020	-1.689267	3.507726	
1376	1.730921	-1.686575	3.503986	
1377	1.739377	-1.683583	3.498814	
1378	1.748034	-1.680658	3.493659	
1379	1.755294	-1.677631	3.488894	
1380	1.763574	-1.673855	3.483383	
1381	1.773079	-1.667660	3.478760	
1382	1.778053	-1.663932	3.474998	
1383	1.784752	-1.660396	3.468057	
1384	1.794124	-1.653601	3.461755	
1385	1.799341	-1.649600	3.455193	
1386	1.807249	-1.644602	3.446560	
1387	1.815547	-1.638481	3.437752	
1388	1.821652	-1.634296	3.428452	
1389	1.827898	-1.629314	3.419565	
1390	1.833738	-1.623061	3.413454	
1391	1.841971	-1.617947	3.404133	
1392	1.852333	-1.612721	3.393157	
1393	1.858585	-1.606519	3.386641	
1394	1.863954	-1.602478	3.380076	
1395	1.877670	-1.594384	3.365906	
1396	1.889149	-1.584876	3.351150	
1397	1.896343	-1.579794	3.343109	
1398	1.902535	-1.574924	3.336177	
1399	1.908823	-1.572398	3.326671	
1400	1.915330	-1.568025	3.319763	
1401	1.921891	-1.564514	3.311902	
1402	1.928465	-1.561520	3.302694	
1403	1.934102	-1.558378	3.294319	
1404	1.939711	-1.555203	3.285573	
1405	1.944932	-1.550803	3.278842	
1406	1.950985	-1.545752	3.273491	
1407	1.956982	-1.541890	3.265558	
1408	1.963889	-1.537050	3.257391	
1409	1.970788	-1.531069	3.251466	
1410	1.978110	-1.525632	3.243632	
1411	1.986259	-1.519522	3.235106	
1412	1.993634	-1.513885	3.226914	
1413	2.002352	-1.509189	3.217293	
1414	2.012283	-1.502165	3.210004	
1415	2.020136	-1.496153	3.203765	
1416	2.030172	-1.490515	3.197235	
1417	2.040534	-1.484012	3.190630	
1418	2.050169	-1.477375	3.186458	
1419	2.059530	-1.471317	3.180254	
1420	2.070530	-1.465252	3.172735	
1421	2.080583	-1.458652	3.166409	
1422	2.090849	-1.452892	3.159216	
1423	2.098947	-1.447307	3.154109	
1424	2.114419	-1.438300	3.140579	
1425	2.120563	-1.433356	3.135813	
1426	2.126441	-1.430196	3.130352	
1427	2.132950	-1.427112	3.122900	
1428	2.139242	-1.423077	3.115655	
1429	2.144312	-1.418983	3.110260	
1430	2.148883	-1.414798	3.106657	
1431	2.153351	-1.410909	3.101720	
1432	2.158307	-1.407783	3.093589	
1433	2.163684	-1.402900	3.086917	
1434	2.167527	-1.397527	3.082763	
1435	2.171497	-1.392445	3.077902	
1436	2.175878	-1.386928	3.072369	
1437	2.178298	-1.383713	3.064006	
1438	2.181384	-1.379505	3.056940	
1439	2.184210	-1.373901	3.052266	
1440	2.187117	-1.369002	3.046011	
1441	2.191018	-1.363694	3.037122	
1442	2.194109	-1.357826	3.028773	
1443	2.196483	-1.353251	3.021639	
1444	2.200400	-1.347714	3.011143	
1445	2.204213	-1.342136	2.998794	
1446	2.206493	-1.337797	2.992383	
1447	2.208497	-1.334551	2.981086	
1448	2.212633	-1.328977	2.966986	
1449	2.214078	-1.324331	2.963274	
1450	2.214892	-1.321223	2.955884	
1451	2.219731	-1.312380	2.944343	
1452	2.221777	-1.305754	2.936297	
1453	2.220061	-1.303886	2.927322	
1454	2.221839	-1.297483	2.915869	
1455	2.223880	-1.289690	2.908080	
1456	2.224508	-1.284100	2.900503	
1457	2.226403	-1.278465	2.889944	
1458	2.228053	-1.272284	2.880733	
1459	2.229700	-1.266166	2.872350	
1460	2.232347	-1.258587	2.866970	
1461	2.234231	-1.253770	2.855767	
1462	2.236701	-1.248576	2.845084	
1463	2.240016	-1.241668	2.840816	
1464	2.241431	-1.237709	2.829179	
1465	2.245750	-1.230789	2.819922	
1466	2.248706	-1.224113	2.814684	
1467	2.250031	-1.220571	2.802733	
1468	2.254568	-1.214054	2.791554	
1469	2.257256	-1.209983	2.780461	
1470	2.260056	-1.206963	2.769100	
1471	2.269239	-1.196183	2.753044	
1472	2.273008	-1.192740	2.744159	
1473	2.278193	-1.188469	2.737833	
1474	2.283518	-1.184527	2.727293	
1475	2.288815	-1.180899	2.718211	
1476	2.294640	-1.177382	2.708751	
1477	2.299957	-1.173499	2.698165	
1478	2.306205	-1.166937	2.688301	
1479	2.312258	-1.161453	2.681596	
1480	2.316586	-1.157189	2.671912	
1481	2.322203	-1.150741	2.663070	
1482	2.325565	-1.146571	2.655171	
1483	2.329628	-1.142041	2.647664	
1484	2.333560	-1.136499	2.637961	
1485	2.337399	-1.130185	2.632647	
1486	2.340115	-1.126185	2.624143	
1487	2.342731	-1.120919	2.615260	
1488	2.345961	-1.115348	2.609452	
1489	2.347183	-1.111805	2.600721	
1490	2.349108	-1.106084	2.589854	
1491	2.350134	-1.100875	2.581435	
1492	2.350801	-1.095928	2.571187	
1493	2.352703	-1.084899	2.553328	
1494	2.352949	-1.080850	2.542732	
1495	2.353338	-1.074576	2.533401	
1496	2.353613	-1.068228	2.528611	
1497	2.353870	-1.062057	2.520884	
1498	2.351106	-1.059278	2.506510	
1499	2.350899	-1.051109	2.499363	
1500	2.350343	-1.043650	2.493419	
1501	2.350026	-1.034972	2.483814	
1502	2.350203	-1.026387	2.475513	
1503	2.348524	-1.020100	2.466202	
1504	2.347347	-1.013945	2.454545	
1505	2.345842	-1.008965	2.442347	
1506	2.344124	-1.004981	2.429436	
1507	2.343229	-0.999096	2.417308	
1508	2.342583	-0.992749	2.405936	
1509	2.342096	-0.986777	2.396161	
1510	2.340518	-0.981239	2.383458	
1511	2.339881	-0.974900	2.374017	
1512	2.338812	-0.969195	2.364795	
1513	2.336214	-0.966034	2.354807	
1514	2.335799	-0.959560	2.346097	
1515	2.335061	-0.953851	2.338389	
1516	2.332616	-0.951435	2.328860	
1517	2.330879	-0.946428	2.321179	
1518	2.328632	-0.943448	2.313983	
1519	2.327272	-0.939323	2.307252	
1520	2.326247	-0.933977	2.301112	
1521	2.325228	-0.930235	2.294949	
1522	2.324733	-0.927724	2.289860	
1523	2.325089	-0.923178	2.284530	
1524	2.325633	-0.919327	2.279995	
1525	2.325499	-0.917136	2.273225	
1526	2.324881	-0.914804	2.264412	
1527	2.326151	-0.911487	2.258235	
1528	2.326623	-0.908907	2.250132	
1529	2.328079	-0.904884	2.242397	
1530	2.330401	-0.900060	2.234150	
1531	2.334071	-0.893618	2.226829	
1532	2.337399	-0.887511	2.217280	
1533	2.341520	-0.881868	2.209310	
1534	2.344192	-0.877256	2.199725	
1535	2.347243	-0.872749	2.189209	
1536	2.352098	-0.865663	2.181061	
1537	2.355243	-0.861147	2.170527	
1538	2.359334	-0.856287	2.161939	
1539	2.363033	-0.851264	2.152399	
1540	2.366858	-0.846793	2.144167	
1541	2.370337	-0.842035	2.133672	
1542	2.375168	-0.836863	2.127000	
1543	2.378489	-0.832988	2.119196	
1544	2.381957	-0.830212	2.110563	
1545	2.385850	-0.824559	2.103449	
1546	2.389225	-0.819678	2.096252	
1547	2.391850	-0.816382	2.087469	
1548	2.395411	-0.810890	2.080247	
1549	2.398315	-0.805452	2.072351	
1550	2.401001	-0.800698	2.063630	
1551	2.403766	-0.794539	2.054513	
1552	2.405425	-0.790167	2.045961	
1553	2.406673	-0.786906	2.037186	
1554	2.408916	-0.780943	2.029501	
1555	2.410032	-0.776313	2.020552	
1556	2.411546	-0.771094	2.012672	
1557	2.412021	-0.766856	2.004266	
1558	2.411931	-0.764208	1.995236	
1559	2.412647	-0.758237	1.986645	
1560	2.414407	-0.751097	1.978715	
1561	2.415060	-0.745848	1.970140	
1562	2.415266	-0.740142	1.959392	
1563	2.414709	-0.735672	1.949685	
1564	2.414848	-0.723894	1.928643	
1565	2.415532	-0.718395	1.919646	
1566	2.416447	-0.712159	1.909736	
1567	2.418178	-0.705184	1.899265	
1568	2.420634	-0.699445	1.889467	
1569	2.423515	-0.691307	1.879720	
1570	2.425878	-0.686327	1.871307	
1571	2.427874	-0.682542	1.861582	
1572	2.429981	-0.677932	1.851442	
1573	2.431351	-0.673899	1.843076	
1574	2.432849	-0.671403	1.834743	
1575	2.436019	-0.666057	1.827902	
1576	2.436799	-0.664310	1.817954	
1577	2.439517	-0.661065	1.809926	
1578	2.441546	-0.658971	1.802243	
1579	2.446332	-0.653394	1.784637	
1580	2.448535	-0.650017	1.775466	
1581	2.450946	-0.647978	1.767354	
1582	2.454967	-0.644223	1.760082	
1583	2.457804	-0.640858	1.748909	
1584	2.461162	-0.637354	1.739090	
1585	2.464968	-0.634228	1.729696	
1586	2.469357	-0.628878	1.720241	
1587	2.472800	-0.624756	1.709135	
1588	2.476457	-0.620632	1.698602	
1589	2.481957	-0.614156	1.689024	
1590	2.485600	-0.610528	1.677704	
1591	2.488967	-0.608042	1.666550	
1592	2.493606	-0.602910	1.655754	
1593	2.497758	-0.599986	1.646376	
1594	2.501931	-0.595568	1.636433	
1595	2.507027	-0.589810	1.626016	
1596	2.511365	-0.583428	1.617023	
1597	2.515368	-0.578869	1.606894	
1598	2.521241	-0.570807	1.599189	
1599	2.524411	-0.565759	1.590249	
1600	2.528845	-0.558321	1.581672	
1601	2.532312	-0.552666	1.574176	
1602	2.534927	-0.546840	1.567050	
1603	2.538431	-0.540479	1.560199	
1604	2.539960	-0.534604	1.552778	
1605	2.541942	-0.528611	1.546381	
1606	2.543801	-0.522239	1.540915	
1607	2.543985	-0.516586	1.534685	
1608	2.544854	-0.512255	1.528528	
1609	2.545632	-0.506208	1.522743	
1610	2.544831	-0.501361	1.515189	
1611	2.545281	-0.495759	1.509356	
1612	2.543873	-0.492555	1.502875	
1613	2.541984	-0.487017	1.496348	
1614	2.538558	-0.474505	1.480823	
1615	2.535334	-0.468837	1.470830	
1616	2.532000	-0.463984	1.463173	
1617	2.529739	-0.456914	1.454845	
1618	2.526144	-0.451584	1.445780	
1619	2.522199	-0.445165	1.437077	
1620	2.518181	-0.437895	1.428082	
1621	2.514943	-0.432589	1.420126	
1622	2.510165	-0.428205	1.411764	
1623	2.505421	-0.423799	1.403169	
1624	2.501441	-0.418776	1.395274	
1625	2.497140	-0.413024	1.387144	
1626	2.492183	-0.409699	1.379464	
1627	2.486631	-0.406817	1.371671	
1628	2.481388	-0.404399	1.364594	
1629	2.474513	-0.402471	1.355628	
1630	2.470088	-0.399774	1.349422	
1631	2.465736	-0.397677	1.342477	
1632	2.460475	-0.395744	1.333096	
1633	2.457064	-0.393291	1.325408	
1634	2.453340	-0.390423	1.316971	
1635	2.450063	-0.388769	1.309993	
1636	2.446213	-0.386672	1.303109	
1637	2.442280	-0.384086	1.296975	
1638	2.438621	-0.382621	1.290781	
1639	2.434690	-0.379900	1.285600	
1640	2.430861	-0.377584	1.280810	
1641	2.425013	-0.376124	1.274752	
1642	2.421335	-0.373543	1.270598	
1643	2.418004	-0.371719	1.266943	
1644	2.412838	-0.370427	1.263002	
1645	2.409203	-0.368531	1.259782	
1646	2.405290	-0.368371	1.258081	
1647	2.400393	-0.366345	1.254673	
1648	2.398299	-0.362512	1.255331	
1649	2.394650	-0.358386	1.254206	
1650	2.390364	-0.357199	1.253049	
1651	2.386173	-0.354764	1.251307	
1652	2.379478	-0.352839	1.247205	
1653	2.374603	-0.350446	1.244992	
1654	2.370572	-0.347998	1.244235	
1655	2.364472	-0.346349	1.241654	
1656	2.358394	-0.344698	1.239035	
1657	2.352445	-0.341175	1.237916	
1658	2.345851	-0.339914	1.236313	
1659	2.338703	-0.337785	1.234276	
1660	2.331500	-0.336653	1.232361	
1661	2.322689	-0.335232	1.229841	
1662	2.313947	-0.334022	1.227467	
1663	2.305684	-0.332669	1.225651	
1664	2.294920	-0.332003	1.222275	
1665	2.286051	-0.331124	1.220421	
1666	2.278241	-0.329692	1.218709	
1667	2.268634	-0.330054	1.216382	
1668	2.256689	-0.330210	1.211205	
1669	2.248894	-0.329851	1.209579	
1670	2.239086	-0.329484	1.206955	
1671	2.226717	-0.328309	1.203300	
1672	2.216376	-0.328144	1.201601	
1673	2.206013	-0.328687	1.201002	
1674	2.193054	-0.328358	1.198985	
1675	2.181300	-0.327658	1.197102	
1676	2.170971	-0.326733	1.196568	
1677	2.158328	-0.326145	1.194331	
1678	2.147361	-0.324452	1.193423	
1679	2.137912	-0.323608	1.193935	
1680	2.127986	-0.322853	1.193889	
1681	2.118179	-0.321499	1.193347	
1682	2.109269	-0.321170	1.193439	
1683	2.100875	-0.319111	1.193049	
1684	2.092794	-0.317584	1.192635	
1685	2.084940	-0.316655	1.192381	
1686	2.077568	-0.315556	1.190941	
1687	2.070830	-0.313898	1.190115	
1688	2.056522	-0.311129	1.188004	
1689	2.050489	-0.309487	1.187916	
1690	2.043642	-0.308038	1.186337	
1691	2.036699	-0.305802	1.184319	
1692	2.029745	-0.302685	1.182305	
1693	2.024043	-0.299306	1.180854	
1694	2.017082	-0.294820	1.178345	
1695	2.010019	-0.290784	1.175772	
1696	2.003134	-0.287179	1.172435	
1697	1.997140	-0.282194	1.169744	
1698	1.990835	-0.278080	1.165790	
1699	1.984789	-0.274392	1.162113	
1700	1.979474	-0.269717	1.158740	
1701	1.974420	-0.265367	1.155425	
1702	1.968245	-0.261218	1.151077	
1703	1.963503	-0.256739	1.147707	
1704	1.957611	-0.253177	1.142312	
1705	1.951705	-0.249304	1.136900	
1706	1.947696	-0.245252	1.133157	
1707	1.941712	-0.242076	1.127631	
1708	1.936692	-0.237650	1.122856	
1709	1.932017	-0.234586	1.118840	
1710	1.924900	-0.231774	1.113803	
1711	1.918744	-0.227342	1.109175	
1712	1.913728	-0.224020	1.106066	
1713	1.907176	-0.221832	1.101802	
1714	1.899976	-0.218121	1.097282	
1715	1.893034	-0.215357	1.093330	
1716	1.885078	-0.212952	1.088609	
1717	1.877738	-0.209541	1.084500	
1718	1.869142	-0.206729	1.079352	
1719	1.860417	-0.203918	1.074778	
1720	1.851874	-0.200624	1.070588	
1721	1.842763	-0.198526	1.065972	
1722	1.833836	-0.196110	1.062497	
1723	1.823490	-0.193262	1.058068	
1724	1.813437	-0.191221	1.054072	
1725	1.801550	-0.189306	1.049402	
1726	1.790435	-0.187101	1.045458	
1727	1.782042	-0.185628	1.042761	
1728	1.771911	-0.183449	1.039322	
1729	1.754659	-0.179396	1.034554	
1730	1.746003	-0.177881	1.032720	
1731	1.736937	-0.175825	1.030290	
1732	1.728893	-0.174285	1.028407	
1733	1.721324	-0.173400	1.027249	
1734	1.713851	-0.172097	1.026080	
1735	1.707495	-0.169697	1.025026	
1736	1.700798	-0.168468	1.023829	
1737	1.694591	-0.168506	1.022603	
1738	1.687524	-0.166589	1.019674	
1739	1.680852	-0.165869	1.017933	
1740	1.676124	-0.165372	1.017315	
1741	1.669547	-0.163939	1.015910	
1742	1.665211	-0.162791	1.015254	
1743	1.658876	-0.160701	1.013412	
1744	1.654800	-0.159644	1.012866	
1745	1.649158	-0.158672	1.010626	
1746	1.644061	-0.157681	1.008093	
1747	1.637827	-0.155993	1.005495	
1748	1.633156	-0.156000	1.003154	
1749	1.627322	-0.154985	0.999891	
1750	1.622045	-0.152490	0.997118	
1751	1.616957	-0.150570	0.994014	
1752	1.610792	-0.148841	0.989855	
1753	1.604654	-0.145583	0.986111	
1754	1.598272	-0.141792	0.981725	
1755	1.591898	-0.139748	0.976731	
1756	1.585778	-0.134948	0.971725	
1757	1.580284	-0.131607	0.967038	
1758	1.566507	-0.124335	0.954815	
1759	1.560751	-0.120947	0.949216	
1760	1.554704	-0.117576	0.943241	
1761	1.547764	-0.113897	0.936604	
1762	1.542264	-0.111129	0.930568	
1763	1.535907	-0.107815	0.924402	
1764	1.530471	-0.103182	0.918669	
1765	1.525242	-0.099271	0.913072	
1766	1.511611	-0.092404	0.900971	
1767	1.505750	-0.089847	0.895024	
1768	1.499700	-0.084255	0.889923	
1769	1.494326	-0.080731	0.884464	
1770	1.488858	-0.078057	0.879001	
1771	1.484034	-0.074563	0.874158	
1772	1.479706	-0.071561	0.869669	
1773	1.475060	-0.068578	0.865153	
1774	1.470651	-0.067990	0.860991	
1775	1.465973	-0.067454	0.857401	
1776	1.454687	-0.071279	0.847732	
1777	1.449182	-0.070882	0.843234	
1778	1.443515	-0.073378	0.838703	
1779	1.437441	-0.077971	0.833581	
1780	1.430455	-0.080308	0.828589	
1781	1.416039	-0.087334	0.817974	
1782	1.409567	-0.089150	0.813564	
1783	1.401993	-0.090777	0.809331	
1784	1.394456	-0.091288	0.805321	
1785	1.387106	-0.091523	0.801712	
1786	1.380113	-0.092623	0.798148	
1787	1.373517	-0.093803	0.794585	
1788	1.365517	-0.093309	0.790780	
1789	1.353302	-0.093052	0.786027	
1790	1.345782	-0.093524	0.782794	
1791	1.340385	-0.093852	0.780528	
1792	1.333578	-0.093040	0.777978	
1793	1.328473	-0.094253	0.775011	
1794	1.321918	-0.093265	0.772276	
1795	1.318048	-0.093403	0.769933	
1796	1.310655	-0.093335	0.766701	
1797	1.305499	-0.092751	0.764539	
1798	1.299266	-0.091927	0.761541	
1799	1.293282	-0.091578	0.758853	
1800	1.288095	-0.089464	0.756693	
1801	1.283329	-0.088144	0.753211	
1802	1.278419	-0.086981	0.749928	
1803	1.272264	-0.085979	0.746597	
1804	1.269116	-0.085622	0.743653	
1805	1.265449	-0.082869	0.741797	
1806	1.260616	-0.080902	0.740042	
1807	1.257177	-0.080692	0.737467	
1808	1.252852	-0.077891	0.735071	
1809	1.249712	-0.075846	0.732978	
1810	1.246173	-0.073926	0.729603	
1811	1.242490	-0.071117	0.726190	
1812	1.239546	-0.066669	0.723211	
1813	1.234601	-0.064382	0.717866	
1814	1.229705	-0.061773	0.712395	
1815	1.225789	-0.057088	0.707729	
1816	1.223109	-0.054018	0.701661	
1817	1.219593	-0.050693	0.695516	
1818	1.216418	-0.047058	0.690033	
1819	1.214872	-0.044293	0.684224	
1820	1.211325	-0.039554	0.678714	
1821	1.206761	-0.036112	0.673620	
1822	1.204448	-0.033017	0.668420	
1823	1.200438	-0.027890	0.664227	
1824	1.197382	-0.026460	0.658945	
1825	1.193257	-0.024419	0.653679	
1826	1.188882	-0.023069	0.648824	
1827	1.187050	-0.022155	0.643920	
1828	1.181718	-0.020581	0.638896	
1829	1.175819	-0.016573	0.635967	
1830	1.172826	-0.017548	0.631227	
1831	1.166280	-0.017012	0.626538	
1832	1.158974	-0.016071	0.622697	
1833	1.152849	-0.015663	0.618627	
1834	1.145329	-0.015985	0.613941	
1835	1.136541	-0.016573	0.609302	
1836	1.127818	-0.015184	0.605904	
1837	1.122174	-0.016807	0.601514	
1838	1.112686	-0.018388	0.597318	
1839	1.102802	-0.020730	0.593854	
1840	1.094832	-0.025279	0.590157	
1841	1.085556	-0.029710	0.586938	
1842	1.074580	-0.034075	0.584430	
1843	1.065284	-0.038805	0.582978	
1844	1.055179	-0.042108	0.582762	
1845	1.042912	-0.045341	0.582994	
1846	1.033281	-0.048406	0.582949	
1847	1.022534	-0.052078	0.583276	
1848	1.010857	-0.055717	0.584322	
1849	1.002354	-0.059561	0.585589	
1850	0.991732	-0.061170	0.586816	
1851	0.980236	-0.064843	0.588769	
1852	0.970211	-0.067926	0.590137	
1853	0.958576	-0.070758	0.591661	
1854	0.947627	-0.074742	0.592803	
1855	0.938445	-0.078993	0.593435	
1856	0.927334	-0.081436	0.595792	
1857	0.917744	-0.084917	0.597908	
1858	0.909297	-0.085320	0.599942	
1859	0.899725	-0.089325	0.601802	
1860	0.890695	-0.091994	0.603930	
1861	0.883776	-0.093933	0.606210	
1862	0.875612	-0.093493	0.609745	
1863	0.868902	-0.096120	0.612071	
1864	0.861737	-0.097824	0.614684	
1865	0.854227	-0.098833	0.617822	
1866	0.846913	-0.100856	0.621034	
1867	0.840082	-0.103233	0.623859	
1868	0.831561	-0.102281	0.627968	
1869	0.826387	-0.103115	0.631746	
1870	0.821727	-0.107816	0.633505	
1871	0.814580	-0.109054	0.636352	
1872	0.805968	-0.108943	0.640483	
1873	0.801827	-0.114695	0.641916	
1874	0.797003	-0.115891	0.643683	
1875	0.788932	-0.117413	0.647190	
1876	0.784868	-0.119559	0.649057	
1877	0.779714	-0.120782	0.651406	
1878	0.772863	-0.120282	0.654897	
1879	0.768576	-0.123010	0.657236	
1880	0.763748	-0.123964	0.659768	
1881	0.757675	-0.122815	0.663216	
1882	0.753551	-0.124758	0.666807	
1883	0.749990	-0.125891	0.670170	
1884	0.742012	-0.127058	0.677543	
1885	0.737017	-0.126904	0.681094	
1886	0.731991	-0.126072	0.685699	
1887	0.728076	-0.128199	0.689568	
1888	0.724438	-0.128785	0.693160	
1889	0.720396	-0.128816	0.697699	
1890	0.717914	-0.124997	0.702916	
1891	0.715230	-0.127840	0.707655	
1892	0.711882	-0.127229	0.713489	
1893	0.709372	-0.125622	0.720230	
1894	0.705616	-0.124351	0.727580	
1895	0.702785	-0.123395	0.735882	
1896	0.701040	-0.123878	0.744210	
1897	0.698343	-0.124558	0.752624	
1898	0.695657	-0.122689	0.761541	
1899	0.693614	-0.122149	0.770064	
1900	0.690755	-0.122946	0.777782	
1901	0.688520	-0.124847	0.785302	
1902	0.684846	-0.124067	0.792917	
1903	0.682030	-0.125636	0.800349	
1904	0.679867	-0.128955	0.808019	
1905	0.676799	-0.129766	0.816475	
1906	0.673435	-0.132954	0.824280	
1907	0.669837	-0.136480	0.831582	
1908	0.666319	-0.137584	0.840043	
1909	0.663751	-0.142254	0.847842	
1910	0.660737	-0.146146	0.854851	
1911	0.658330	-0.148963	0.863685	
1912	0.655462	-0.152084	0.871462	
1913	0.651927	-0.155987	0.877807	
1914	0.650135	-0.157664	0.886501	
1915	0.649631	-0.160783	0.894025	
1916	0.648209	-0.163800	0.900605	
1917	0.647165	-0.165925	0.907988	
1918	0.646963	-0.168341	0.915083	
1919	0.646753	-0.171499	0.920825	
1920	0.646286	-0.172657	0.927320	
1921	0.646292	-0.173717	0.933541	
1922	0.647227	-0.176500	0.939036	
1923	0.649397	-0.179564	0.945134	
1924	0.651007	-0.182796	0.950771	
1925	0.652060	-0.185340	0.955681	
1926	0.652863	-0.187436	0.960562	
1927	0.653980	-0.189897	0.965977	
1928	0.656201	-0.192011	0.971411	
1929	0.656699	-0.194498	0.976372	
1930	0.658024	-0.195486	0.982768	
1931	0.658263	-0.198268	0.988177	
1932	0.659176	-0.199408	0.993610	
1933	0.661658	-0.200919	0.999880	
1934	0.663005	-0.203195	1.004581	
1935	0.663611	-0.204576	1.009111	
1936	0.664939	-0.203563	1.014862	
1937	0.665870	-0.205567	1.019246	
1938	0.667637	-0.204390	1.029911	
1939	0.668276	-0.204614	1.034132	
1940	0.669095	-0.203999	1.038430	
1941	0.670175	-0.200654	1.049136	
1942	0.670295	-0.198916	1.053799	
1943	0.670857	-0.196471	1.059709	
1944	0.672424	-0.194534	1.065112	
1945	0.672551	-0.191817	1.070921	
1946	0.672541	-0.188994	1.076860	
1947	0.672972	-0.186664	1.082524	
1948	0.670933	-0.179605	1.100573	
1949	0.670724	-0.177119	1.107316	
1950	0.670984	-0.175837	1.114193	
1951	0.671145	-0.173945	1.128408	
1952	0.671084	-0.173646	1.135677	
1953	0.669688	-0.172873	1.142790	
1954	0.669236	-0.172691	1.149334	
1955	0.669540	-0.173263	1.155742	
1956	0.669809	-0.172566	1.162367	
1957	0.669501	-0.174190	1.173386	
1958	0.669204	-0.174643	1.178949	
1959	0.669136	-0.175703	1.184035	
1960	0.669965	-0.175482	1.189705	
1961	0.670339	-0.175803	1.195343	
1962	0.670763	-0.176406	1.200444	
1963	0.670779	-0.176887	1.205302	
1964	0.671955	-0.176599	1.210492	
1965	0.673052	-0.176740	1.215400	
1966	0.673523	-0.177536	1.219698	
1967	0.673894	-0.176860	1.224366	
1968	0.673529	-0.176875	1.228355	
1969	0.674016	-0.176554	1.231999	
1970	0.673634	-0.175291	1.236341	
1971	0.674312	-0.173818	1.240057	
1972	0.674777	-0.172493	1.243246	
1973	0.674243	-0.170958	1.246468	
1974	0.676022	-0.170074	1.249509	
1975	0.675968	-0.168852	1.251863	
1976	0.674551	-0.167760	1.254016	
1977	0.674026	-0.167031	1.255744	
1978	0.673761	-0.166099	1.257913	
1979	0.673279	-0.165863	1.259451	
1980	0.671633	-0.164620	1.260916	
1981	0.670291	-0.163476	1.262747	
1982	0.669055	-0.162566	1.264472	
1983	0.665151	-0.161711	1.267227	
1984	0.663130	-0.159374	1.269372	
1985	0.660938	-0.156582	1.271180	
1986	0.657921	-0.153801	1.273152	
1987	0.654664	-0.151651	1.274223	
1988	0.650749	-0.148708	1.275493	
1989	0.647352	-0.146639	1.276648	
1990	0.644024	-0.145569	1.277395	
1991	0.640430	-0.144459	1.278001	
1992	0.638171	-0.143522	1.279053	
1993	0.635319	-0.143925	1.279822	
1994	0.632478	-0.143479	1.280863	
1995	0.630705	-0.142767	1.282278	
1996	0.628369	-0.142540	1.283734	
1997	0.625190	-0.141571	1.285185	
1998	0.622104	-0.140757	1.286784	
1999	0.618090	-0.140169	1.287621	
2000	0.613765	-0.139516	1.288579	
2001	0.609478	-0.140299	1.288755	
2002	0.604727	-0.139541	1.289122	
2003	0.600393	-0.139112	1.289744	
2004	0.596477	-0.139076	1.290120	
2005	0.592445	-0.138998	1.290716	
2006	0.588278	-0.138564	1.291379	
2007	0.584371	-0.139323	1.291434	
2008	0.579603	-0.139279	1.291291	
2009	0.574324	-0.139370	1.290640	
2010	0.569398	-0.138768	1.290106	
2011	0.564121	-0.137981	1.289741	
2012	0.558666	-0.137414	1.289065	
2013	0.553123	-0.138532	1.287385	
2014	0.547897	-0.137175	1.286382	
2015	0.542853	-0.136208	1.285441	
2016	0.538961	-0.135140	1.284781	
2017	0.535166	-0.132980	1.284635	
2018	0.530832	-0.133574	1.283179	
2019	0.528050	-0.132142	1.282939	
2020	0.524655	-0.131970	1.282605	
2021	0.521879	-0.131545	1.281990	
2022	0.518914	-0.130561	1.281398	
2023	0.513593	-0.130729	1.280096	
2024	0.511370	-0.130044	1.279603	
2025	0.509010	-0.130107	1.279231	
2026	0.505880	-0.130393	1.277883	
2027	0.503438	-0.128533	1.277802	
2028	0.500969	-0.128985	1.277163	
2029	0.498492	-0.127696	1.276261	
2030	0.496315	-0.127589	1.275940	
2031	0.493481	-0.126821	1.274949	
2032	0.490722	-0.125981	1.274186	
2033	0.487683	-0.125845	1.273186	
2034	0.483942	-0.125093	1.271506	
2035	0.480824	-0.124609	1.270485	
2036	0.476958	-0.123889	1.268650	
2037	0.473374	-0.123286	1.267128	
2038	0.469447	-0.122731	1.264870	
2039	0.466008	-0.122786	1.263419	
2040	0.462242	-0.121709	1.261189	
2041	0.459249	-0.121466	1.259459	
2042	0.456115	-0.121114	1.257522	
2043	0.453492	-0.120157	1.256058	
2044	0.446316	-0.118349	1.249903	
2045	0.439519	-0.115242	1.244106	
2046	0.435275	-0.114038	1.240186	
2047	0.432899	-0.112485	1.237700	
2048	0.429237	-0.111434	1.233869	
2049	0.425943	-0.108947	1.230752	
2050	0.422519	-0.108613	1.227324	
2051	0.419295	-0.107131	1.224270	
2052	0.416693	-0.105491	1.222126	
2053	0.413538	-0.104867	1.218861	
2054	0.411043	-0.102982	1.216635	
2055	0.407570	-0.102117	1.213399	
2056	0.404114	-0.101206	1.210262	
2057	0.398357	-0.098171	1.204859	
2058	0.395137	-0.097682	1.201687	
2059	0.392514	-0.095745	1.199461	
2060	0.389434	-0.094275	1.196431	
2061	0.386389	-0.092153	1.193648	
2062	0.381432	-0.087833	1.189051	
2063	0.378574	-0.085414	1.186378	
2064	0.374349	-0.079925	1.182048	
2065	0.372432	-0.078044	1.180228	
2066	0.370269	-0.076109	1.177778	
2067	0.369424	-0.073889	1.176599	
2068	0.367791	-0.073195	1.174267	
2069	0.365824	-0.072087	1.171768	
2070	0.362192	-0.070914	1.167341	
2071	0.360476	-0.070687	1.165051	
2072	0.358569	-0.069719	1.162453	
2073	0.356595	-0.070578	1.159293	
2074	0.354895	-0.070673	1.156052	
2075	0.354104	-0.069816	1.153589	
2076	0.351933	-0.070027	1.149418	
2077	0.351154	-0.068868	1.146125	
2078	0.350218	-0.068286	1.142722	
2079	0.349236	-0.068782	1.138763	
2080	0.348464	-0.067863	1.134904	
2081	0.348109	-0.066339	1.131227	
2082	0.346764	-0.065883	1.126436	
2083	0.346529	-0.064574	1.122069	
2084	0.346162	-0.063210	1.117144	
2085	0.345223	-0.061549	1.111450	
2086	0.345202	-0.059957	1.106452	
2087	0.345575	-0.059809	1.101359	
2088	0.345676	-0.058312	1.095171	
2089	0.346638	-0.056524	1.089372	
2090	0.347459	-0.055542	1.083498	
2091	0.348775	-0.052843	1.077966	
2092	0.352438	-0.048759	1.072829	
2093	0.351673	-0.048074	1.066501	
2094	0.352400	-0.044456	1.061188	
2095	0.356845	-0.042890	1.055118	
2096	0.354224	-0.042319	1.048577	
2097	0.355043	-0.039037	1.042615	
2098	0.355740	-0.038078	1.034915	
2099	0.355057	-0.035624	1.027156	
2100	0.355277	-0.033309	1.019454	
2101	0.355429	-0.032363	1.011477	
2102	0.355320	-0.030076	1.003935	
2103	0.354579	-0.027921	0.996949	
2104	0.354634	-0.026780	0.990440	
2105	0.353217	-0.026814	0.983599	
2106	0.351864	-0.026978	0.976994	
2107	0.350727	-0.027583	0.970932	
2108	0.348013	-0.028618	0.964793	
2109	0.345760	-0.028866	0.959975	
2110	0.342275	-0.029808	0.954095	
2111	0.339653	-0.029547	0.949057	
2112	0.337005	-0.029294	0.944209	
2113	0.332515	-0.030221	0.938494	
2114	0.329391	-0.029033	0.933969	
2115	0.325988	-0.027483	0.929658	
2116	0.323399	-0.028201	0.925455	
2117	0.319258	-0.026599	0.920982	
2118	0.316649	-0.024846	0.917327	
2119	0.312819	-0.024743	0.912041	
2120	0.310540	-0.024009	0.907393	
2121	0.310042	-0.022554	0.903522	
2122	0.305512	-0.025115	0.891484	
2123	0.304837	-0.022922	0.885852	
2124	0.300803	-0.025108	0.871683	
2125	0.302682	-0.022048	0.866463	
2126	0.299482	-0.025182	0.857710	
2127	0.299646	-0.023943	0.851176	
2128	0.301727	-0.021882	0.845688	
2129	0.300042	-0.022511	0.836692	
2130	0.300317	-0.025722	0.828948	
2131	0.300067	-0.022956	0.821730	
2132	0.299835	-0.022265	0.813264	
2133	0.298117	-0.020587	0.797590	
2134	0.299459	-0.022862	0.782713	
2135	0.298569	-0.019613	0.776401	
2136	0.299334	-0.019163	0.770350	
2137	0.299911	-0.022076	0.763649	
2138	0.300516	-0.019883	0.758281	
2139	0.300785	-0.017066	0.752595	
2140	0.301144	-0.017528	0.746423	
2141	0.301181	-0.017117	0.740089	
2142	0.303154	-0.016496	0.734236	
2143	0.303366	-0.013001	0.728356	
2144	0.306134	-0.013715	0.722380	
2145	0.306080	-0.012290	0.715978	
2146	0.308158	-0.009498	0.710323	
2147	0.308707	-0.009937	0.703541	
2148	0.310304	-0.009265	0.696610	
2149	0.315886	-0.003748	0.685641	
2150	0.319715	-0.003292	0.679311	
2151	0.319899	-0.002109	0.671890	
2152	0.324777	0.000238	0.656121	
2153	0.326782	0.003272	0.648343	
2154	0.327096	0.005883	0.640678	
2155	0.329142	0.009167	0.632262	
2156	0.329902	0.010467	0.622932	
2157	0.331491	0.012052	0.614204	
2158	0.332919	0.013683	0.604576	
2159	0.333470	0.015817	0.593160	
2160	0.334794	0.019136	0.583230	
2161	0.340252	0.024023	0.561780	
2162	0.340112	0.025984	0.551324	
2163	0.340937	0.028768	0.541086	
2164	0.341148	0.029953	0.528972	
2165	0.340086	0.031185	0.516040	
2166	0.340390	0.034322	0.505734	
2167	0.340957	0.037989	0.495427	
2168	0.341470	0.038882	0.482883	
2169	0.339403	0.038655	0.469967	
2170	0.338881	0.041797	0.460476	
2171	0.337685	0.043494	0.449737	
2172	0.336976	0.045006	0.439204	
2173	0.336601	0.046256	0.429998	
2174	0.335378	0.049572	0.421779	
2175	0.334609	0.050886	0.412750	
2176	0.332593	0.052377	0.404356	
2177	0.331360	0.054692	0.397549	
2178	0.331333	0.056719	0.390516	
2179	0.331317	0.056722	0.382453	
2180	0.327449	0.059995	0.370632	
2181	0.325110	0.060833	0.364467	
2182	0.320475	0.061766	0.358760	
2183	0.312750	0.063170	0.353176	
2184	0.310232	0.064655	0.347326	
2185	0.304634	0.064828	0.340874	
2186	0.298785	0.065228	0.336084	
2187	0.292961	0.066484	0.330889	
2188	0.285439	0.067405	0.324774	
2189	0.277322	0.069637	0.319516	
2190	0.269940	0.070898	0.314659	
2191	0.262773	0.071988	0.308135	
2192	0.254183	0.072428	0.300769	
2193	0.244015	0.073920	0.295126	
2194	0.234157	0.076355	0.289223	
2195	0.226434	0.076663	0.282649	
2196	0.216351	0.076674	0.275865	
2197	0.206830	0.078539	0.269951	
2198	0.199607	0.079720	0.263723	
2199	0.189953	0.080053	0.256807	
2200	0.181938	0.080406	0.251170	
2201	0.175078	0.081933	0.245405	
2202	0.167872	0.082992	0.239255	
2203	0.158746	0.082786	0.233274	
2204	0.151439	0.083143	0.228286	
2205	0.142897	0.084701	0.223361	
2206	0.134489	0.084815	0.217786	
2207	0.127049	0.085199	0.212413	
2208	0.120162	0.085395	0.206779	
2209	0.112993	0.086025	0.200932	
2210	0.105976	0.086049	0.194898	
2211	0.098934	0.085917	0.189477	
2212	0.091753	0.086555	0.184454	
2213	0.085008	0.087174	0.179155	
2214	0.068445	0.089802	0.169887	
2215	0.059897	0.090088	0.163992	
2216	0.051834	0.090851	0.158381	
2217	0.044094	0.091780	0.152526	
2218	0.035564	0.091955	0.145524	
2219	0.026430	0.092318	0.139079	
2220	0.019209	0.093820	0.132900	
2221	0.011436	0.094306	0.125289	
2222	0.001275	0.095139	0.117861	
2223	-0.007178	0.097880	0.111681	
2224	-0.015427	0.100743	0.104298	
2225	-0.025877	0.101778	0.096385	
2226	-0.034071	0.104105	0.090189	
2227	-0.042724	0.108093	0.083997	
2228	-0.051901	0.110825	0.077294	
2229	-0.061529	0.113901	0.071565	
2230	-0.068075	0.118273	0.065953	
2231	-0.077116	0.121885	0.059871	
2232	-0.086833	0.125299	0.054359	
2233	-0.093687	0.129508	0.049064	
2234	-0.101558	0.134175	0.043669	
2235	-0.119295	0.143729	0.033920	
2236	-0.124107	0.149014	0.029865	
2237	-0.133543	0.152964	0.024069	
2238	-0.141432	0.156552	0.020223	
2239	-0.147203	0.159141	0.016741	
2240	-0.152749	0.161384	0.013470	
2241	-0.159811	0.162305	0.009893	
2242	-0.164954	0.163565	0.006811	
2243	-0.171482	0.163871	0.003284	
2244	-0.178743	0.165280	0.000723	
2245	-0.183692	0.165678	-0.002097	
2246	-0.192542	0.165762	-0.005232	
2247	-0.201585	0.166128	-0.007888	
2248	-0.207315	0.167051	-0.009500	
2249	-0.212440	0.167706	-0.012411	
2250	-0.220692	0.168745	-0.014957	
2251	-0.228962	0.170329	-0.016511	
2252	-0.235762	0.170896	-0.018513	
2253	-0.242942	0.171201	-0.020061	
2254	-0.251060	0.171435	-0.021343	
2255	-0.258533	0.171346	-0.022509	
2256	-0.278692	0.169322	-0.024290	
2257	-0.293842	0.167721	-0.026862	
2258	-0.301141	0.168108	-0.027743	
2259	-0.307546	0.168524	-0.028669	
2260	-0.315007	0.168861	-0.029176	
2261	-0.321552	0.169504	-0.029602	
2262	-0.327843	0.171736	-0.029419	
2263	-0.334976	0.172664	-0.029455	
2264	-0.344419	0.173290	-0.029867	
2265	-0.351473	0.174880	-0.029838	
2266	-0.357818	0.176813	-0.030359	
2267	-0.365010	0.176713	-0.031909	
2268	-0.371972	0.176222	-0.033987	
2269	-0.380319	0.176727	-0.035516	
2270	-0.388214	0.175246	-0.037917	
2271	-0.395762	0.174529	-0.040273	
2272	-0.402634	0.172928	-0.042630	
2273	-0.409841	0.171864	-0.045143	
2274	-0.416548	0.168796	-0.048360	
2275	-0.425699	0.167256	-0.050976	
2276	-0.432744	0.166374	-0.053314	
2277	-0.438742	0.165534	-0.055758	
2278	-0.446865	0.164887	-0.057720	
2279	-0.454073	0.164248	-0.059464	
2280	-0.458470	0.164361	-0.060988	
2281	-0.467669	0.163397	-0.062661	
2282	-0.475519	0.165067	-0.063591	
2283	-0.481722	0.164793	-0.065308	
2284	-0.489594	0.162841	-0.067033	
2285	-0.494907	0.161471	-0.068193	
2286	-0.498821	0.161073	-0.070215	
2287	-0.504995	0.161079	-0.072807	
2288	-0.511244	0.159766	-0.075756	
2289	-0.517309	0.158092	-0.079447	
2290	-0.523701	0.157654	-0.083332	
2291	-0.530183	0.157758	-0.087762	
2292	-0.536845	0.158312	-0.092010	
2293	-0.542819	0.159402	-0.096783	
2294	-0.548398	0.160471	-0.101897	
2295	-0.556668	0.163520	-0.107044	
2296	-0.563414	0.167584	-0.112144	
2297	-0.569027	0.169983	-0.117789	
2298	-0.578194	0.174284	-0.122583	
2299	-0.585369	0.177760	-0.127759	
2300	-0.591198	0.181757	-0.132395	
2301	-0.596889	0.187418	-0.136940	
2302	-0.604550	0.190650	-0.141462	
2303	-0.611404	0.193676	-0.145985	
2304	-0.618340	0.199070	-0.149805	
2305	-0.623393	0.203887	-0.153995	
2306	-0.631340	0.209397	-0.156663	
2307	-0.637211	0.212587	-0.160481	
2308	-0.643153	0.217228	-0.163975	
2309	-0.649171	0.220191	-0.167683	
2310	-0.653934	0.224116	-0.170939	
2311	-0.660180	0.227133	-0.173999	
2312	-0.664807	0.230891	-0.176542	
2313	-0.671196	0.232564	-0.178955	
2314	-0.676612	0.233164	-0.181545	
2315	-0.681609	0.233840	-0.184102	
2316	-0.686321	0.234878	-0.186120	
2317	-0.690626	0.236811	-0.188112	
2318	-0.699379	0.238554	-0.189623	
2319	-0.704993	0.239139	-0.191552	
2320	-0.709363	0.239243	-0.194049	
2321	-0.715153	0.239459	-0.196891	
2322	-0.721265	0.240367	-0.199111	
2323	-0.727040	0.240553	-0.201685	
2324	-0.732506	0.239976	-0.204939	
2325	-0.738548	0.238842	-0.207918	
2326	-0.745593	0.238683	-0.210667	
2327	-0.751065	0.238748	-0.214141	
2328	-0.756938	0.235959	-0.217215	
2329	-0.763898	0.232476	-0.220503	
2330	-0.785751	0.230953	-0.220224	
2331	-0.793030	0.230088	-0.222879	
2332	-0.798448	0.227549	-0.225733	
2333	-0.807848	0.227347	-0.227763	
2334	-0.815535	0.226974	-0.230001	
2335	-0.822784	0.224413	-0.232275	
2336	-0.833733	0.225043	-0.233766	
2337	-0.839056	0.225769	-0.236322	
2338	-0.846017	0.224249	-0.239169	
2339	-0.858809	0.225979	-0.241342	
2340	-0.872359	0.228680	-0.243274	
2341	-0.876676	0.229539	-0.246846	
2342	-0.883716	0.230319	-0.250131	
2343	-0.895102	0.232060	-0.252428	
2344	-0.901000	0.230951	-0.255752	
2345	-0.908989	0.230437	-0.258868	
2346	-0.913235	0.230866	-0.261976	
2347	-0.919747	0.228442	-0.265944	
2348	-0.929502	0.227851	-0.268455	
2349	-0.937444	0.227787	-0.271241	
2350	-0.944153	0.226857	-0.274550	
2351	-0.951300	0.227657	-0.278105	
2352	-0.955554	0.225074	-0.282678	
2353	-0.962281	0.222854	-0.286792	
2354	-0.969243	0.220704	-0.290698	
2355	-0.974923	0.218864	-0.294839	
2356	-0.978594	0.219592	-0.299299	
2357	-0.987481	0.220623	-0.302646	
2358	-0.994123	0.222182	-0.306001	
2359	-1.000416	0.223678	-0.310029	
2360	-1.014936	0.225408	-0.318287	
2361	-1.027110	0.229012	-0.328648	
2362	-1.037491	0.234010	-0.333028	
2363	-1.044569	0.237577	-0.338222	
2364	-1.058424	0.244888	-0.347782	
2365	-1.074958	0.253409	-0.356752	
2366	-1.092000	0.258932	-0.365426	
2367	-1.102047	0.264857	-0.369375	
2368	-1.106472	0.268186	-0.374117	
2369	-1.114538	0.271884	-0.377192	
2370	-1.122981	0.278314	-0.379362	
2371	-1.131866	0.283621	-0.381062	
2372	-1.135308	0.286998	-0.383420	
2373	-1.140022	0.288365	-0.384356	
2374	-1.150840	0.293081	-0.381995	
2375	-1.157260	0.297157	-0.379942	
2376	-1.156146	0.297678	-0.379204	
2377	-1.159873	0.299428	-0.377397	
2378	-1.168777	0.301219	-0.373249	
2379	-1.178240	0.300240	-0.366980	
2380	-1.182136	0.302016	-0.362805	
2381	-1.188742	0.300189	-0.358835	
2382	-1.196549	0.296895	-0.353287	
2383	-1.199286	0.295756	-0.348899	
2384	-1.205101	0.296008	-0.342725	
2385	-1.211702	0.293207	-0.336206	
2386	-1.218931	0.290407	-0.329242	
2387	-1.225251	0.288276	-0.322682	
2388	-1.231219	0.281397	-0.315665	
2389	-1.239488	0.278574	-0.307504	
2390	-1.246891	0.276601	-0.299810	
2391	-1.251698	0.272376	-0.292343	
2392	-1.255131	0.266120	-0.285512	
2393	-1.263852	0.260997	-0.277376	
2394	-1.271440	0.256648	-0.269910	
2395	-1.277142	0.254918	-0.263116	
2396	-1.282823	0.249497	-0.256605	
2397	-1.287765	0.242085	-0.250443	
2398	-1.294578	0.236544	-0.243649	
2399	-1.305748	0.227589	-0.234440	
2400	-1.311207	0.221409	-0.228515	
2401	-1.314268	0.214528	-0.222942	
2402	-1.315668	0.207898	-0.218220	
2403	-1.320830	0.202677	-0.212622	
2404	-1.325177	0.196763	-0.207870	
2405	-1.326612	0.190985	-0.203545	
2406	-1.330807	0.188362	-0.198442	
2407	-1.334984	0.183532	-0.193511	
2408	-1.340208	0.178874	-0.188304	
2409	-1.344152	0.174202	-0.183186	
2410	-1.351100	0.168033	-0.173214	
2411	-1.353874	0.159947	-0.164904	
2412	-1.358806	0.157565	-0.159928	
2413	-1.360771	0.154854	-0.155524	
2414	-1.358532	0.150159	-0.152577	
2415	-1.362518	0.147045	-0.147251	
2416	-1.363852	0.143806	-0.143122	
2417	-1.363097	0.140060	-0.139109	
2418	-1.363440	0.137171	-0.135177	
2419	-1.367743	0.134848	-0.129703	
2420	-1.367042	0.130589	-0.126510	
2421	-1.370397	0.127786	-0.121441	
2422	-1.373106	0.125651	-0.116781	
2423	-1.373917	0.121574	-0.113134	
2424	-1.378167	0.120303	-0.107984	
2425	-1.379414	0.120016	-0.103274	
2426	-1.379672	0.117637	-0.098857	
2427	-1.384649	0.114665	-0.092717	
2428	-1.386664	0.113671	-0.086672	
2429	-1.388442	0.113633	-0.081291	
2430	-1.385565	0.111971	-0.077389	
2431	-1.387813	0.111187	-0.071376	
2432	-1.389863	0.111561	-0.065664	
2433	-1.391564	0.109128	-0.060135	
2434	-1.392806	0.107449	-0.053851	
2435	-1.390827	0.106345	-0.049394	
2436	-1.391125	0.105618	-0.043191	
2437	-1.389544	0.103043	-0.037445	
2438	-1.384268	0.100842	-0.031994	
2439	-1.382017	0.096765	-0.025094	
2440	-1.379745	0.091424	-0.017634	
2441	-1.375869	0.086913	-0.009897	
2442	-1.368209	0.083918	-0.003146	
2443	-1.363421	0.078626	0.004956	
2444	-1.363350	0.072576	0.015205	
2445	-1.355940	0.069031	0.023754	
2446	-1.345006	0.062516	0.030229	
2447	-1.343611	0.054512	0.039812	
2448	-1.336408	0.050471	0.048425	
2449	-1.322256	0.044242	0.053557	
2450	-1.320001	0.034264	0.062056	
2451	-1.318131	0.028063	0.071752	
2452	-1.302689	0.023286	0.077727	
2453	-1.293509	0.016411	0.084384	
2454	-1.292163	0.011215	0.093774	
2455	-1.284520	0.006388	0.100648	
2456	-1.274387	0.003182	0.105850	
2457	-1.272005	-0.001036	0.112918	
2458	-1.267998	-0.003528	0.119141	
2459	-1.258277	-0.006796	0.123196	
2460	-1.250269	-0.010313	0.126470	
2461	-1.247382	-0.011065	0.131629	
2462	-1.245114	-0.011007	0.136625	
2463	-1.236393	-0.012536	0.139238	
2464	-1.228404	-0.012457	0.142880	
2465	-1.225231	-0.012248	0.148101	
2466	-1.222033	-0.012955	0.153095	
2467	-1.214687	-0.014873	0.157707	
2468	-1.208727	-0.012392	0.163774	
2469	-1.204897	-0.010542	0.168769	
2470	-1.200289	-0.011599	0.173115	
2471	-1.196649	-0.009410	0.178494	
2472	-1.194671	-0.006721	0.184650	
2473	-1.188895	-0.006176	0.188133	
2474	-1.185461	-0.006773	0.192509	
2475	-1.182528	-0.004935	0.197065	
2476	-1.176639	-0.004859	0.199752	
2477	-1.174085	-0.006397	0.202960	
2478	-1.170158	-0.005915	0.205956	
2479	-1.166347	-0.003697	0.208974	
2480	-1.164900	-0.004074	0.211943	
2481	-1.160011	-0.003722	0.215014	
2482	-1.156093	-0.002892	0.218745	
2483	-1.149974	-0.005989	0.221518	
2484	-1.149765	-0.003662	0.228252	
2485	-1.147593	-0.001045	0.234121	
2486	-1.139750	-0.002704	0.237622	
2487	-1.136581	-0.004645	0.242081	
2488	-1.138672	-0.001707	0.247614	
2489	-1.134645	-0.002861	0.251643	
2490	-1.129936	-0.002093	0.255597	
2491	-1.127698	-0.001776	0.259817	
2492	-1.126618	-0.002863	0.264616	
2493	-1.122388	0.003112	0.269351	
2494	-1.115600	0.002285	0.271367	
2495	-1.116481	0.003686	0.275691	
2496	-1.116580	0.008427	0.280623	
2497	-1.110961	0.008602	0.282226	
2498	-1.111359	0.008801	0.285219	
2499	-1.114236	0.014343	0.290088	
2500	-1.110416	0.014638	0.291279	
2501	-1.110508	0.014639	0.293298	
2502	-1.112223	0.017210	0.296518	
2503	-1.110273	0.017081	0.297688	
2504	-1.111633	0.016703	0.299233	
2505	-1.114055	0.017858	0.301411	
2506	-1.112910	0.018308	0.302626	
2507	-1.112664	0.017692	0.303475	
2508	-1.114023	0.019302	0.305147	
2509	-1.113417	0.019714	0.306378	
2510	-1.110967	0.020804	0.306854	
2511	-1.112452	0.021048	0.308062	
2512	-1.114295	0.024384	0.310417	
2513	-1.113433	0.025839	0.311912	
2514	-1.113793	0.026392	0.313206	
2515	-1.117558	0.029238	0.316495	
2516	-1.115000	0.031145	0.317948	
2517	-1.113094	0.031493	0.318793	
2518	-1.118372	0.034253	0.322574	
2519	-1.117136	0.036790	0.324729	
2520	-1.115036	0.036860	0.326143	
2521	-1.117832	0.038920	0.329427	
2522	-1.116930	0.040891	0.331730	
2523	-1.114633	0.042341	0.333887	
2524	-1.112566	0.044211	0.335685	
2525	-1.114370	0.045646	0.338552	
2526	-1.110469	0.047012	0.340260	
2527	-1.108074	0.048604	0.341796	
2528	-1.109732	0.050501	0.344433	
2529	-1.108866	0.052341	0.346518	
2530	-1.104127	0.053528	0.346535	
2531	-1.103669	0.053964	0.347367	
2532	-1.105228	0.055739	0.349047	
2533	-1.102009	0.056618	0.349108	
2534	-1.100618	0.056252	0.348866	
2535	-1.102912	0.056949	0.350657	
2536	-1.100085	0.057663	0.351215	
2537	-1.099131	0.056990	0.351348	
2538	-1.099216	0.056614	0.352063	
2539	-1.098452	0.056218	0.352857	
2540	-1.096701	0.056150	0.352969	
2541	-1.095378	0.054982	0.353417	
2542	-1.092629	0.054615	0.352819	
2543	-1.092391	0.054012	0.352820	
2544	-1.091254	0.053625	0.352930	
2545	-1.089437	0.053178	0.352742	
2546	-1.090280	0.051892	0.352825	
2547	-1.089757	0.052401	0.353269	
2548	-1.086994	0.053590	0.352873	
2549	-1.087572	0.053637	0.353176	
2550	-1.087731	0.054749	0.353692	
2551	-1.084992	0.056660	0.353567	
2552	-1.083978	0.057051	0.353351	
2553	-1.083769	0.058905	0.354072	
2554	-1.080251	0.060931	0.353518	
2555	-1.079809	0.061521	0.353418	
2556	-1.079451	0.062984	0.353867	
2557	-1.076300	0.065409	0.353122	
2558	-1.075410	0.065837	0.352635	
2559	-1.076075	0.067157	0.353061	
2560	-1.072642	0.069265	0.352407	
2561	-1.072335	0.069880	0.352000	
2562	-1.072666	0.071298	0.352347	
2563	-1.068546	0.073842	0.351511	
2564	-1.068419	0.074936	0.351427	
2565	-1.067219	0.077067	0.351451	
2566	-1.063077	0.080698	0.350176	
2567	-1.063340	0.082185	0.350110	
2568	-1.060151	0.084163	0.348683	
2569	-1.059748	0.085347	0.347524	
2570	-1.057853	0.086384	0.346588	
2571	-1.057864	0.086575	0.345496	
2572	-1.057280	0.087193	0.344765	
2573	-1.054969	0.087791	0.343487	
2574	-1.054737	0.088378	0.342173	
2575	-1.052511	0.088000	0.340676	
2576	-1.053357	0.088261	0.340349	
2577	-1.051131	0.088266	0.339370	
2578	-1.049313	0.088486	0.337458	
2579	-1.048241	0.089211	0.336897	
2580	-1.045358	0.089847	0.335766	
2581	-1.045055	0.090384	0.335204	
2582	-1.045425	0.090915	0.335188	
2583	-1.043407	0.091661	0.334371	
