0	0.000000	0.000000	0.000000	
1	0.000000	0.000000	0.000000	
2	0.000000	0.000000	0.000000	
3	0.000000	0.000000	0.000000	
4	0.001033	0.001990	0.001808	
5	0.000737	0.002262	0.002025	
6	0.000483	0.003167	0.001945	
7	0.001008	0.002847	0.001745	
8	0.000351	0.005620	0.002298	
9	0.000980	0.004736	0.001684	
10	0.001101	0.006132	0.002099	
11	0.001163	0.004975	0.001753	
12	0.001115	0.004746	0.002045	
13	0.001372	0.005072	0.002162	
14	0.000808	0.003939	0.001678	
15	0.000884	0.003417	0.001574	
16	0.001070	0.002671	0.001217	
17	0.000914	0.000984	0.000476	
18	0.001525	0.001623	0.000742	
19	0.001419	0.001215	0.000104	
20	0.001138	0.001853	0.000290	
21	0.001613	0.001474	0.000157	
22	0.003094	0.002204	0.000178	
23	0.003416	0.002295	-0.000204	
24	0.003332	0.001729	-0.000817	
25	0.004188	0.002010	-0.001131	
26	0.004564	0.001934	-0.001817	
27	0.004687	0.001175	-0.002742	
28	0.006364	0.001590	-0.002985	
29	0.006023	0.001955	-0.003369	
30	0.005482	0.001170	-0.004293	
31	0.006748	0.001420	-0.004445	
32	0.007101	0.002630	-0.004282	
33	0.006542	0.003263	-0.004867	
34	0.007065	0.003896	-0.005034	
35	0.007411	0.003841	-0.005150	
36	0.007113	0.004230	-0.005383	
37	0.008030	0.005188	-0.005073	
38	0.008934	0.006690	-0.004994	
39	0.008041	0.006674	-0.005664	
40	0.008459	0.007183	-0.005411	
41	0.009111	0.007259	-0.005646	
42	0.009357	0.006243	-0.006456	
43	0.009598	0.005205	-0.007025	
44	0.010099	0.005022	-0.007093	
45	0.010404	0.005593	-0.007372	
46	0.010520	0.005573	-0.007785	
47	0.010983	0.006104	-0.007993	
48	0.011035	0.006738	-0.008319	
49	0.010615	0.006284	-0.008655	
50	0.011667	0.006565	-0.008790	
51	0.011935	0.005808	-0.009521	
52	0.011062	0.005610	-0.009765	
53	0.011703	0.006657	-0.009826	
54	0.011288	0.006189	-0.010203	
55	0.011443	0.006119	-0.010635	
56	0.011609	0.006477	-0.010597	
57	0.011425	0.006485	-0.010920	
58	0.011279	0.006532	-0.011048	
59	0.012153	0.008036	-0.010308	
60	0.011758	0.008294	-0.010098	
61	0.010596	0.008903	-0.009758	
62	0.011568	0.009904	-0.009069	
63	0.011837	0.010764	-0.008384	
64	0.010897	0.012057	-0.007736	
65	0.010498	0.012186	-0.007446	
66	0.010399	0.012234	-0.007114	
67	0.010263	0.013606	-0.006279	
68	0.009224	0.013697	-0.006190	
69	0.007246	0.014394	-0.006221	
70	0.005868	0.014372	-0.006432	
71	0.003566	0.013514	-0.007535	
72	0.000693	0.013361	-0.008898	
73	-0.002255	0.011180	-0.011763	
74	-0.007889	0.009671	-0.015473	
75	-0.014577	0.008795	-0.019181	
76	-0.019743	0.008327	-0.023424	
77	-0.032835	0.005682	-0.033124	
78	-0.041390	0.004734	-0.037958	
79	-0.050512	0.005108	-0.042188	
80	-0.059249	0.004835	-0.046873	
81	-0.068406	0.004577	-0.051214	
82	-0.079627	0.005242	-0.055784	
83	-0.090563	0.007303	-0.059622	
84	-0.101312	0.008865	-0.063147	
85	-0.112757	0.011192	-0.066346	
86	-0.125072	0.013207	-0.069268	
87	-0.138314	0.015835	-0.071774	
88	-0.151308	0.018836	-0.074044	
89	-0.163188	0.021242	-0.076251	
90	-0.176718	0.023223	-0.078894	
91	-0.188945	0.027094	-0.080377	
92	-0.200343	0.030439	-0.082023	
93	-0.212882	0.032713	-0.083983	
94	-0.224488	0.034638	-0.085296	
95	-0.235350	0.036298	-0.087245	
96	-0.245434	0.038484	-0.088844	
97	-0.255580	0.038626	-0.090570	
98	-0.265652	0.038206	-0.092172	
99	-0.275952	0.038161	-0.092882	
100	-0.284441	0.038183	-0.093442	
101	-0.295027	0.036680	-0.093933	
102	-0.304947	0.036029	-0.093804	
103	-0.314073	0.034792	-0.093607	
104	-0.322540	0.032812	-0.093781	
105	-0.331811	0.030630	-0.094006	
106	-0.341708	0.029554	-0.093207	
107	-0.349540	0.029168	-0.092113	
108	-0.368610	0.025528	-0.090600	
109	-0.378075	0.024806	-0.088855	
110	-0.387066	0.023956	-0.087109	
111	-0.396863	0.022459	-0.084747	
112	-0.408412	0.021375	-0.082076	
113	-0.419468	0.020715	-0.079303	
114	-0.429596	0.018439	-0.076660	
115	-0.440159	0.014850	-0.073575	
116	-0.452363	0.010816	-0.070418	
117	-0.462697	0.008044	-0.066200	
118	-0.470149	0.006007	-0.060400	
119	-0.494088	-0.000093	-0.048411	
120	-0.501976	-0.000877	-0.040773	
121	-0.506917	-0.005187	-0.033746	
122	-0.516458	-0.008749	-0.026727	
123	-0.524049	-0.009954	-0.019746	
124	-0.531892	-0.014353	-0.014287	
125	-0.539415	-0.018184	-0.008273	
126	-0.546766	-0.020596	-0.002497	
127	-0.555037	-0.025254	0.001884	
128	-0.562046	-0.029390	0.006604	
129	-0.568002	-0.033289	0.011351	
130	-0.576531	-0.037358	0.015670	
131	-0.582781	-0.040157	0.020848	
132	-0.588709	-0.044135	0.026206	
133	-0.594856	-0.048025	0.031277	
134	-0.609832	-0.053086	0.042332	
135	-0.617230	-0.055795	0.048118	
136	-0.625354	-0.057572	0.053733	
137	-0.633457	-0.060379	0.059128	
138	-0.647679	-0.065118	0.070197	
139	-0.656808	-0.065918	0.076052	
140	-0.674253	-0.070065	0.087201	
141	-0.682741	-0.072122	0.092853	
142	-0.692004	-0.072340	0.099025	
143	-0.700945	-0.073946	0.104721	
144	-0.709864	-0.076289	0.110369	
145	-0.717758	-0.079111	0.115505	
146	-0.727577	-0.083153	0.120326	
147	-0.737119	-0.084313	0.126037	
148	-0.745383	-0.087797	0.130961	
149	-0.754336	-0.090245	0.136011	
150	-0.763646	-0.091830	0.141821	
151	-0.777849	-0.098327	0.152802	
152	-0.785935	-0.100196	0.158180	
153	-0.792681	-0.103888	0.163215	
154	-0.797125	-0.108044	0.168050	
155	-0.803533	-0.109345	0.173380	
156	-0.810062	-0.110683	0.179033	
157	-0.814517	-0.113233	0.184612	
158	-0.819384	-0.117352	0.190120	
159	-0.826277	-0.119413	0.196156	
160	-0.831248	-0.121406	0.202102	
161	-0.835600	-0.124661	0.207422	
162	-0.841392	-0.125875	0.212668	
163	-0.848022	-0.127573	0.217896	
164	-0.852648	-0.129484	0.222971	
165	-0.857402	-0.132655	0.227338	
166	-0.864022	-0.134349	0.232280	
167	-0.868940	-0.136517	0.237325	
168	-0.872516	-0.139835	0.241739	
169	-0.878576	-0.141942	0.247050	
170	-0.885255	-0.143415	0.252730	
171	-0.889337	-0.148923	0.257756	
172	-0.894608	-0.154113	0.262776	
173	-0.901571	-0.157492	0.268273	
174	-0.911484	-0.163684	0.279981	
175	-0.917535	-0.168201	0.286019	
176	-0.923394	-0.170122	0.292601	
177	-0.927802	-0.174143	0.299338	
178	-0.932573	-0.177824	0.306090	
179	-0.937807	-0.181851	0.312900	
180	-0.942508	-0.185640	0.319464	
181	-0.947613	-0.188496	0.325752	
182	-0.952034	-0.191982	0.331621	
183	-0.958387	-0.196759	0.337877	
184	-0.962644	-0.198322	0.344009	
185	-0.965106	-0.202507	0.348860	
186	-0.971381	-0.203990	0.354622	
187	-0.978253	-0.206359	0.360301	
188	-0.982962	-0.208423	0.365625	
189	-0.987420	-0.210342	0.370810	
190	-0.995366	-0.210690	0.376942	
191	-1.002612	-0.211557	0.383152	
192	-1.007663	-0.212437	0.389444	
193	-1.013091	-0.213894	0.395386	
194	-1.022241	-0.214338	0.402059	
195	-1.032089	-0.213985	0.409057	
196	-1.040687	-0.215487	0.414804	
197	-1.050960	-0.215859	0.420300	
198	-1.063252	-0.217028	0.426359	
199	-1.073969	-0.217351	0.431264	
200	-1.083227	-0.217806	0.435598	
201	-1.095112	-0.218509	0.440310	
202	-1.107165	-0.218535	0.445501	
203	-1.116173	-0.217900	0.449532	
204	-1.127562	-0.220190	0.453871	
205	-1.148150	-0.223347	0.462374	
206	-1.155258	-0.223851	0.465785	
207	-1.165477	-0.227005	0.470184	
208	-1.174763	-0.229553	0.474698	
209	-1.180901	-0.230522	0.478549	
210	-1.188662	-0.234021	0.482413	
211	-1.198447	-0.236635	0.487617	
212	-1.203769	-0.238288	0.492032	
213	-1.209684	-0.241212	0.496151	
214	-1.218643	-0.245169	0.501541	
215	-1.223742	-0.246311	0.506791	
216	-1.228225	-0.249122	0.511346	
217	-1.235953	-0.252821	0.517282	
218	-1.240163	-0.255363	0.522975	
219	-1.244871	-0.257498	0.528862	
220	-1.250167	-0.261301	0.534800	
221	-1.255563	-0.263431	0.541087	
222	-1.259619	-0.266791	0.546877	
223	-1.264254	-0.271286	0.552877	
224	-1.269060	-0.274879	0.559237	
225	-1.272475	-0.279020	0.565190	
226	-1.276938	-0.283008	0.571896	
227	-1.278917	-0.287485	0.577847	
228	-1.281598	-0.292917	0.583962	
229	-1.285547	-0.299000	0.590162	
230	-1.289043	-0.303586	0.596181	
231	-1.292474	-0.307679	0.601846	
232	-1.296199	-0.312693	0.607865	
233	-1.298717	-0.317935	0.613382	
234	-1.302294	-0.322855	0.619382	
235	-1.307982	-0.326391	0.626513	
236	-1.311469	-0.330621	0.632390	
237	-1.315154	-0.334896	0.638135	
238	-1.319771	-0.338602	0.644196	
239	-1.323686	-0.341905	0.650393	
240	-1.327789	-0.345223	0.656536	
241	-1.333198	-0.349640	0.662845	
242	-1.338433	-0.352129	0.668845	
243	-1.343220	-0.355480	0.673967	
244	-1.349690	-0.360204	0.679658	
245	-1.355346	-0.362899	0.685212	
246	-1.359401	-0.367574	0.689637	
247	-1.365003	-0.372796	0.693791	
248	-1.370704	-0.376653	0.697820	
249	-1.375881	-0.380529	0.701071	
250	-1.381449	-0.385054	0.703943	
251	-1.389091	-0.388216	0.707071	
252	-1.395766	-0.390599	0.710193	
253	-1.402773	-0.394688	0.712441	
254	-1.412393	-0.396432	0.715439	
255	-1.420949	-0.397583	0.717350	
256	-1.439791	-0.400936	0.720516	
257	-1.450916	-0.400672	0.721995	
258	-1.470465	-0.400648	0.723203	
259	-1.482601	-0.400909	0.724612	
260	-1.493596	-0.400121	0.725754	
261	-1.503843	-0.398622	0.726708	
262	-1.513795	-0.398243	0.727757	
263	-1.524416	-0.399310	0.728965	
264	-1.535051	-0.397853	0.730957	
265	-1.544644	-0.397266	0.732191	
266	-1.555329	-0.397568	0.733458	
267	-1.565361	-0.398243	0.735382	
268	-1.574304	-0.398974	0.736832	
269	-1.585346	-0.398757	0.739128	
270	-1.595398	-0.397453	0.741860	
271	-1.604943	-0.397840	0.744107	
272	-1.614877	-0.399088	0.746978	
273	-1.623612	-0.399607	0.750142	
274	-1.632197	-0.400402	0.752990	
275	-1.641752	-0.397933	0.757560	
276	-1.650007	-0.396139	0.762317	
277	-1.658766	-0.393986	0.767812	
278	-1.666783	-0.389418	0.774276	
279	-1.674246	-0.385214	0.781202	
280	-1.680866	-0.380625	0.788897	
281	-1.686808	-0.375156	0.797094	
282	-1.691276	-0.370869	0.804891	
283	-1.694984	-0.366965	0.813111	
284	-1.698768	-0.363093	0.820996	
285	-1.701266	-0.359922	0.828720	
286	-1.704135	-0.359105	0.836317	
287	-1.706922	-0.356635	0.845748	
288	-1.706261	-0.353590	0.853837	
289	-1.707733	-0.353262	0.861719	
290	-1.708698	-0.350682	0.870820	
291	-1.708354	-0.348471	0.879552	
292	-1.708967	-0.347023	0.888629	
293	-1.709459	-0.345573	0.897460	
294	-1.710360	-0.342961	0.907103	
295	-1.711207	-0.340781	0.916358	
296	-1.711909	-0.341033	0.925178	
297	-1.713388	-0.340318	0.934558	
298	-1.714145	-0.340877	0.943142	
299	-1.715366	-0.341673	0.950737	
300	-1.717530	-0.343258	0.958456	
301	-1.719422	-0.345515	0.965614	
302	-1.721520	-0.345520	0.973755	
303	-1.724065	-0.346982	0.981678	
304	-1.726264	-0.349831	0.988494	
305	-1.728343	-0.354423	0.994794	
306	-1.732034	-0.357037	1.001501	
307	-1.735936	-0.358482	1.008760	
308	-1.739989	-0.361456	1.015246	
309	-1.743669	-0.365624	1.021218	
310	-1.747185	-0.369015	1.027135	
311	-1.750987	-0.370113	1.033103	
312	-1.754536	-0.373776	1.038546	
313	-1.758466	-0.376923	1.044201	
314	-1.762382	-0.378889	1.050407	
315	-1.766542	-0.382569	1.056289	
316	-1.771317	-0.386454	1.061504	
317	-1.776342	-0.390996	1.066709	
318	-1.781514	-0.394819	1.071957	
319	-1.786922	-0.398823	1.077050	
320	-1.792979	-0.403506	1.082441	
321	-1.798764	-0.408864	1.087668	
322	-1.803920	-0.413548	1.092044	
323	-1.809600	-0.418501	1.096073	
324	-1.815098	-0.423717	1.100676	
325	-1.820845	-0.428071	1.105128	
326	-1.825616	-0.433695	1.108144	
327	-1.829811	-0.437984	1.110800	
328	-1.834521	-0.443456	1.114246	
329	-1.839224	-0.447287	1.117698	
330	-1.843820	-0.453401	1.122591	
331	-1.848310	-0.458393	1.126676	
332	-1.852331	-0.463722	1.131025	
333	-1.856632	-0.469056	1.136781	
334	-1.860042	-0.477257	1.141545	
335	-1.864170	-0.481874	1.147260	
336	-1.868140	-0.487474	1.153438	
337	-1.871417	-0.493766	1.157790	
338	-1.874969	-0.499516	1.164261	
339	-1.877368	-0.506641	1.169878	
340	-1.879793	-0.513401	1.174886	
341	-1.882262	-0.518525	1.180892	
342	-1.884315	-0.524912	1.188504	
343	-1.885245	-0.530992	1.192547	
344	-1.887114	-0.535929	1.199156	
345	-1.888135	-0.542655	1.206296	
346	-1.889436	-0.548208	1.211797	
347	-1.890971	-0.551177	1.219181	
348	-1.891025	-0.557025	1.226064	
349	-1.890103	-0.563675	1.229440	
350	-1.890793	-0.568222	1.235958	
351	-1.890804	-0.573207	1.243146	
352	-1.891002	-0.579360	1.248823	
353	-1.890893	-0.584828	1.255399	
354	-1.890527	-0.596302	1.268456	
355	-1.889828	-0.601111	1.274613	
356	-1.889393	-0.606749	1.281668	
357	-1.888620	-0.611529	1.287495	
358	-1.888448	-0.617114	1.294559	
359	-1.888060	-0.624258	1.303224	
360	-1.887036	-0.635422	1.317798	
361	-1.886185	-0.641673	1.324992	
362	-1.886059	-0.648038	1.332773	
363	-1.885213	-0.654038	1.339625	
364	-1.885136	-0.659089	1.346758	
365	-1.885232	-0.664029	1.354261	
366	-1.885217	-0.668131	1.362019	
367	-1.884701	-0.670799	1.367063	
368	-1.884607	-0.674738	1.373207	
369	-1.884429	-0.678899	1.380046	
370	-1.884027	-0.682085	1.386501	
371	-1.883796	-0.684749	1.391324	
372	-1.882969	-0.687623	1.396957	
373	-1.882812	-0.690198	1.401346	
374	-1.883029	-0.693063	1.404861	
375	-1.883247	-0.695707	1.409710	
376	-1.884028	-0.697884	1.414739	
377	-1.884889	-0.699563	1.418388	
378	-1.886492	-0.700795	1.423107	
379	-1.888031	-0.702311	1.428464	
380	-1.889762	-0.704359	1.434101	
381	-1.891535	-0.707208	1.439281	
382	-1.893596	-0.709729	1.445299	
383	-1.896133	-0.712797	1.450289	
384	-1.898945	-0.715856	1.455863	
385	-1.901993	-0.720033	1.461815	
386	-1.905522	-0.723878	1.466637	
387	-1.909253	-0.728991	1.472923	
388	-1.913393	-0.733623	1.478165	
389	-1.917151	-0.740579	1.483305	
390	-1.921899	-0.744470	1.488739	
391	-1.926230	-0.750832	1.493593	
392	-1.931087	-0.757061	1.498739	
393	-1.936436	-0.762228	1.505210	
394	-1.941668	-0.768295	1.510504	
395	-1.947140	-0.774370	1.516076	
396	-1.952668	-0.781723	1.523498	
397	-1.958161	-0.788139	1.529077	
398	-1.968299	-0.801020	1.539835	
399	-1.972443	-0.807652	1.545470	
400	-1.976675	-0.815102	1.550081	
401	-1.980210	-0.824193	1.557490	
402	-1.983309	-0.831389	1.562022	
403	-1.987093	-0.836758	1.566788	
404	-1.990513	-0.845329	1.575688	
405	-1.993253	-0.851962	1.583189	
406	-1.996304	-0.857458	1.588499	
407	-1.999291	-0.865155	1.596989	
408	-2.001495	-0.869347	1.604756	
409	-2.003519	-0.873903	1.610713	
410	-2.005923	-0.876713	1.616290	
411	-2.007638	-0.881604	1.625080	
412	-2.009207	-0.884979	1.632679	
413	-2.010809	-0.884799	1.636954	
414	-2.012039	-0.889030	1.645773	
415	-2.012797	-0.892276	1.654536	
416	-2.014140	-0.893947	1.662028	
417	-2.015519	-0.897432	1.671602	
418	-2.016893	-0.899132	1.680519	
419	-2.018406	-0.900253	1.686553	
420	-2.019789	-0.900613	1.693361	
421	-2.021466	-0.903175	1.702202	
422	-2.022951	-0.902201	1.707681	
423	-2.024271	-0.904080	1.714515	
424	-2.025448	-0.906548	1.722026	
425	-2.026563	-0.908202	1.729059	
426	-2.028996	-0.910222	1.739521	
427	-2.030295	-0.911683	1.744829	
428	-2.031101	-0.914587	1.751276	
429	-2.032450	-0.916426	1.756603	
430	-2.034383	-0.919646	1.761203	
431	-2.035497	-0.925121	1.769766	
432	-2.036930	-0.935578	1.780181	
433	-2.037581	-0.941744	1.785850	
434	-2.038142	-0.947382	1.790431	
435	-2.039551	-0.952167	1.792781	
436	-2.040688	-0.957293	1.797533	
437	-2.041682	-0.964907	1.803818	
438	-2.043388	-0.970291	1.807896	
439	-2.044847	-0.976233	1.814006	
440	-2.045924	-0.982031	1.818583	
441	-2.047282	-0.989131	1.823683	
442	-2.048579	-0.994449	1.829479	
443	-2.049831	-1.000055	1.834780	
444	-2.050996	-1.006771	1.840929	
445	-2.052534	-1.012136	1.846370	
446	-2.053212	-1.018742	1.853076	
447	-2.054633	-1.024867	1.857563	
448	-2.055871	-1.031168	1.862109	
449	-2.057044	-1.037840	1.869433	
450	-2.058288	-1.043604	1.872357	
451	-2.060069	-1.050681	1.880680	
452	-2.061292	-1.055675	1.885100	
453	-2.064129	-1.060924	1.889018	
454	-2.065701	-1.067852	1.895734	
455	-2.067702	-1.074302	1.902306	
456	-2.070611	-1.081495	1.909313	
457	-2.074389	-1.087185	1.916319	
458	-2.078197	-1.094193	1.923991	
459	-2.081772	-1.103682	1.933583	
460	-2.087872	-1.108481	1.940905	
461	-2.092858	-1.116135	1.949866	
462	-2.098044	-1.124088	1.962011	
463	-2.103054	-1.130876	1.972365	
464	-2.107363	-1.137777	1.983308	
465	-2.111813	-1.145072	1.995441	
466	-2.114964	-1.152430	2.008314	
467	-2.118257	-1.158663	2.018964	
468	-2.121513	-1.165843	2.029888	
469	-2.124746	-1.173383	2.040739	
470	-2.127393	-1.179097	2.052369	
471	-2.131297	-1.185214	2.061067	
472	-2.134557	-1.192282	2.073347	
473	-2.137335	-1.197931	2.083267	
474	-2.140227	-1.203256	2.094199	
475	-2.142620	-1.209009	2.103690	
476	-2.144196	-1.214526	2.114018	
477	-2.146439	-1.218374	2.122959	
478	-2.147445	-1.221548	2.132172	
479	-2.147943	-1.223891	2.141058	
480	-2.148120	-1.227368	2.148543	
481	-2.147722	-1.229089	2.157300	
482	-2.145103	-1.230395	2.167237	
483	-2.145051	-1.232111	2.173805	
484	-2.144569	-1.232973	2.182061	
485	-2.140825	-1.233903	2.192047	
486	-2.138054	-1.234390	2.199554	
487	-2.136429	-1.235459	2.206307	
488	-2.128728	-1.238225	2.225635	
489	-2.126063	-1.239546	2.233052	
490	-2.122443	-1.241453	2.244091	
491	-2.118925	-1.244350	2.250340	
492	-2.114894	-1.248216	2.257698	
493	-2.110887	-1.251753	2.266900	
494	-2.107206	-1.256128	2.273268	
495	-2.103801	-1.260821	2.279127	
496	-2.099144	-1.265299	2.289630	
497	-2.091304	-1.275888	2.302972	
498	-2.087183	-1.280134	2.311069	
499	-2.082503	-1.283618	2.319400	
500	-2.078455	-1.289654	2.322978	
501	-2.075318	-1.292898	2.328552	
502	-2.069984	-1.298122	2.335430	
503	-2.067004	-1.301982	2.338893	
504	-2.063179	-1.305236	2.344292	
505	-2.059078	-1.307700	2.351235	
506	-2.055977	-1.311388	2.355699	
507	-2.052083	-1.316108	2.358238	
508	-2.047034	-1.320173	2.363994	
509	-2.044434	-1.323526	2.366045	
510	-2.041392	-1.326237	2.369055	
511	-2.036219	-1.329146	2.374556	
512	-2.032191	-1.334190	2.376498	
513	-2.028006	-1.339716	2.378407	
514	-2.021701	-1.344011	2.384566	
515	-2.018132	-1.346987	2.388156	
516	-2.013261	-1.351518	2.392766	
517	-2.007270	-1.356177	2.399808	
518	-2.002623	-1.361042	2.405221	
519	-1.997961	-1.365205	2.413276	
520	-1.991173	-1.370571	2.423326	
521	-1.987474	-1.375011	2.431025	
522	-1.982605	-1.379159	2.440445	
523	-1.977477	-1.384769	2.450212	
524	-1.972276	-1.390112	2.459936	
525	-1.966332	-1.396589	2.469363	
526	-1.962999	-1.403879	2.476327	
527	-1.957369	-1.408888	2.486141	
528	-1.951451	-1.414342	2.495433	
529	-1.947274	-1.419826	2.503526	
530	-1.943084	-1.424866	2.511774	
531	-1.937831	-1.429231	2.520576	
532	-1.933401	-1.434268	2.528485	
533	-1.929566	-1.437001	2.537479	
534	-1.924616	-1.439868	2.545713	
535	-1.919163	-1.444082	2.553395	
536	-1.914674	-1.447806	2.560069	
537	-1.909159	-1.450493	2.567575	
538	-1.902915	-1.454710	2.573357	
539	-1.900429	-1.456898	2.579450	
540	-1.894420	-1.460465	2.585441	
541	-1.886821	-1.464864	2.591704	
542	-1.882921	-1.467806	2.597344	
543	-1.876960	-1.470526	2.603509	
544	-1.869676	-1.473787	2.609175	
545	-1.863688	-1.476404	2.614619	
546	-1.858750	-1.477926	2.619729	
547	-1.851689	-1.479151	2.625995	
548	-1.843356	-1.481132	2.630037	
549	-1.836563	-1.482285	2.634174	
550	-1.828791	-1.483456	2.638078	
551	-1.820934	-1.483458	2.643290	
552	-1.812088	-1.484524	2.646485	
553	-1.805740	-1.484731	2.650066	
554	-1.795906	-1.483454	2.654487	
555	-1.782427	-1.484528	2.659124	
556	-1.776143	-1.483641	2.662771	
557	-1.766230	-1.482317	2.668035	
558	-1.753686	-1.481673	2.673115	
559	-1.745690	-1.480488	2.677478	
560	-1.736933	-1.478931	2.681827	
561	-1.724526	-1.477917	2.686604	
562	-1.714760	-1.477788	2.689997	
563	-1.696257	-1.475512	2.696871	
564	-1.685342	-1.475152	2.699631	
565	-1.677040	-1.474805	2.700934	
566	-1.667315	-1.474208	2.703118	
567	-1.657017	-1.474530	2.705659	
568	-1.648405	-1.475074	2.705905	
569	-1.640792	-1.475444	2.706820	
570	-1.631732	-1.475689	2.709181	
571	-1.623502	-1.476776	2.710143	
572	-1.616086	-1.478472	2.709202	
573	-1.608104	-1.480167	2.709464	
574	-1.600284	-1.481485	2.710016	
575	-1.594087	-1.482137	2.710340	
576	-1.587862	-1.482724	2.711071	
577	-1.579372	-1.483950	2.713292	
578	-1.568202	-1.486753	2.713393	
579	-1.561285	-1.487302	2.715128	
580	-1.553645	-1.488419	2.716617	
581	-1.548559	-1.489953	2.716289	
582	-1.542185	-1.490061	2.718358	
583	-1.534071	-1.492124	2.719786	
584	-1.529086	-1.493827	2.720956	
585	-1.516351	-1.495868	2.725246	
586	-1.510889	-1.496763	2.728221	
587	-1.505560	-1.497477	2.729916	
588	-1.499090	-1.498226	2.732654	
589	-1.492409	-1.499591	2.733419	
590	-1.479838	-1.500556	2.738520	
591	-1.473758	-1.501303	2.741057	
592	-1.466150	-1.502430	2.743633	
593	-1.460649	-1.502920	2.747150	
594	-1.455284	-1.503993	2.749579	
595	-1.448145	-1.504990	2.752308	
596	-1.441327	-1.505245	2.755868	
597	-1.437251	-1.505137	2.758879	
598	-1.430155	-1.504870	2.761724	
599	-1.422573	-1.504669	2.765143	
600	-1.417598	-1.504330	2.766511	
601	-1.412713	-1.503894	2.767041	
602	-1.403533	-1.502767	2.771659	
603	-1.396453	-1.500696	2.775984	
604	-1.391984	-1.500541	2.775241	
605	-1.383059	-1.499404	2.778299	
606	-1.373789	-1.497811	2.781624	
607	-1.368407	-1.496785	2.782541	
608	-1.359710	-1.495014	2.786139	
609	-1.351009	-1.494451	2.786890	
610	-1.342504	-1.493003	2.789620	
611	-1.334784	-1.491616	2.791633	
612	-1.327769	-1.490656	2.791590	
613	-1.317918	-1.489766	2.792105	
614	-1.310493	-1.488485	2.791561	
615	-1.303408	-1.487178	2.790563	
616	-1.295107	-1.485481	2.789751	
617	-1.287203	-1.484303	2.789115	
618	-1.280270	-1.483675	2.786980	
619	-1.271396	-1.483508	2.784774	
620	-1.264496	-1.483464	2.783405	
621	-1.258840	-1.483451	2.780962	
622	-1.250906	-1.483457	2.779686	
623	-1.243505	-1.483657	2.777688	
624	-1.238564	-1.484275	2.773940	
625	-1.231017	-1.484428	2.772408	
626	-1.223572	-1.484792	2.770430	
627	-1.211009	-1.485029	2.766537	
628	-1.203162	-1.486005	2.764002	
629	-1.197953	-1.487042	2.761415	
630	-1.190985	-1.487958	2.760108	
631	-1.184774	-1.489011	2.758438	
632	-1.178668	-1.490288	2.756528	
633	-1.171944	-1.491917	2.754200	
634	-1.166657	-1.492665	2.752134	
635	-1.161352	-1.493509	2.750669	
636	-1.156217	-1.493913	2.749587	
637	-1.147298	-1.493822	2.745111	
638	-1.143251	-1.493527	2.742743	
639	-1.138429	-1.492417	2.741212	
640	-1.132134	-1.491629	2.738594	
641	-1.125447	-1.491140	2.736728	
642	-1.123241	-1.489773	2.734662	
643	-1.119652	-1.488215	2.733445	
644	-1.112951	-1.487566	2.731293	
645	-1.110290	-1.485595	2.730477	
646	-1.107551	-1.483717	2.729383	
647	-1.100288	-1.482174	2.728578	
648	-1.094569	-1.480473	2.726725	
649	-1.090991	-1.478352	2.725327	
650	-1.086298	-1.475939	2.723814	
651	-1.080796	-1.473536	2.721450	
652	-1.074930	-1.470288	2.720231	
653	-1.070919	-1.466566	2.718462	
654	-1.063917	-1.463107	2.716852	
655	-1.058037	-1.459247	2.714806	
656	-1.053024	-1.455000	2.712970	
657	-1.044507	-1.451334	2.710544	
658	-1.042140	-1.446342	2.709140	
659	-1.037057	-1.441855	2.707788	
660	-1.028068	-1.438606	2.705094	
661	-1.022320	-1.435035	2.703380	
662	-1.018487	-1.430862	2.701697	
663	-1.012631	-1.427074	2.698555	
664	-1.007970	-1.423061	2.695682	
665	-1.004594	-1.418582	2.692565	
666	-1.001407	-1.413847	2.688741	
667	-0.999262	-1.408768	2.684972	
668	-0.992507	-1.404899	2.679875	
669	-0.987143	-1.400055	2.675370	
670	-0.984567	-1.393885	2.672137	
671	-0.977714	-1.389292	2.666658	
672	-0.971385	-1.384051	2.661573	
673	-0.959936	-1.375130	2.649863	
674	-0.952652	-1.371114	2.643772	
675	-0.938646	-1.363767	2.632503	
676	-0.928607	-1.362118	2.625569	
677	-0.925931	-1.357525	2.622213	
678	-0.923027	-1.352626	2.619261	
679	-0.916646	-1.349612	2.613759	
680	-0.910448	-1.345719	2.609489	
681	-0.907298	-1.340394	2.607343	
682	-0.901809	-1.337235	2.603644	
683	-0.896163	-1.333863	2.600789	
684	-0.887821	-1.325484	2.597553	
685	-0.882407	-1.322897	2.594956	
686	-0.881259	-1.317055	2.595438	
687	-0.878023	-1.313163	2.594286	
688	-0.871136	-1.311145	2.592135	
689	-0.869299	-1.304510	2.594512	
690	-0.866004	-1.299690	2.594697	
691	-0.861270	-1.296106	2.593993	
692	-0.858596	-1.290939	2.595267	
693	-0.857812	-1.285262	2.597376	
694	-0.853648	-1.282790	2.596900	
695	-0.851119	-1.278933	2.598315	
696	-0.850048	-1.274370	2.599873	
697	-0.844615	-1.273905	2.598288	
698	-0.843535	-1.269645	2.600803	
699	-0.842373	-1.266515	2.602292	
700	-0.837615	-1.266235	2.601768	
701	-0.836514	-1.262830	2.604273	
702	-0.834784	-1.260253	2.605679	
703	-0.831069	-1.259162	2.606602	
704	-0.829453	-1.256214	2.609619	
705	-0.826864	-1.253876	2.611745	
706	-0.823999	-1.251567	2.614246	
707	-0.821694	-1.249002	2.617077	
708	-0.819550	-1.246381	2.619921	
709	-0.816597	-1.244770	2.621830	
710	-0.814194	-1.241872	2.624601	
711	-0.812173	-1.239130	2.627289	
712	-0.803630	-1.232355	2.635658	
713	-0.798153	-1.232549	2.635531	
714	-0.792449	-1.232843	2.636681	
715	-0.791086	-1.230011	2.640526	
716	-0.785047	-1.231371	2.640968	
717	-0.781624	-1.230577	2.643658	
718	-0.779721	-1.228147	2.647146	
719	-0.774771	-1.228480	2.648780	
720	-0.771040	-1.227570	2.651325	
721	-0.768210	-1.226075	2.654584	
722	-0.762692	-1.227093	2.655174	
723	-0.757853	-1.227687	2.657387	
724	-0.755409	-1.226753	2.660884	
725	-0.752300	-1.226597	2.663052	
726	-0.746389	-1.228692	2.664040	
727	-0.744118	-1.227196	2.668540	
728	-0.741024	-1.226503	2.671386	
729	-0.735088	-1.229111	2.672110	
730	-0.731573	-1.228570	2.676591	
731	-0.729069	-1.227711	2.679292	
732	-0.723277	-1.229824	2.680279	
733	-0.720556	-1.229035	2.684396	
734	-0.717202	-1.229037	2.686861	
735	-0.712048	-1.231061	2.688059	
736	-0.709634	-1.230507	2.691610	
737	-0.706245	-1.230980	2.693555	
738	-0.701787	-1.232769	2.695672	
739	-0.699341	-1.233082	2.698617	
740	-0.694665	-1.236809	2.698572	
741	-0.692857	-1.238142	2.701361	
742	-0.691128	-1.239064	2.704558	
743	-0.689620	-1.240704	2.706569	
744	-0.689358	-1.240179	2.710444	
745	-0.687154	-1.241604	2.712574	
746	-0.685446	-1.242967	2.715716	
747	-0.684065	-1.244168	2.718701	
748	-0.681695	-1.245017	2.721244	
749	-0.679137	-1.246640	2.723773	
750	-0.679123	-1.246166	2.728160	
751	-0.676311	-1.247786	2.730447	
752	-0.674062	-1.249156	2.734691	
753	-0.672753	-1.250262	2.739811	
754	-0.670543	-1.252137	2.743688	
755	-0.667328	-1.255534	2.747025	
756	-0.665697	-1.258338	2.752020	
757	-0.663565	-1.261199	2.756535	
758	-0.659337	-1.266705	2.760285	
759	-0.658454	-1.269281	2.766984	
760	-0.655478	-1.273546	2.771460	
761	-0.652703	-1.277719	2.777240	
762	-0.651187	-1.281312	2.784193	
763	-0.649085	-1.284450	2.789838	
764	-0.646518	-1.288348	2.795268	
765	-0.643652	-1.292530	2.800828	
766	-0.640567	-1.296810	2.806483	
767	-0.638668	-1.300057	2.813364	
768	-0.634930	-1.304981	2.817650	
769	-0.632857	-1.308171	2.824022	
770	-0.632551	-1.309866	2.830821	
771	-0.628150	-1.314468	2.834536	
772	-0.625436	-1.317426	2.840363	
773	-0.623127	-1.319793	2.845453	
774	-0.618256	-1.323649	2.847406	
775	-0.617040	-1.324287	2.853671	
776	-0.615288	-1.324824	2.858717	
777	-0.610277	-1.326960	2.861490	
778	-0.606553	-1.327986	2.865437	
779	-0.602450	-1.328657	2.869433	
780	-0.596444	-1.331543	2.869573	
781	-0.591804	-1.333409	2.871184	
782	-0.587685	-1.335037	2.872588	
783	-0.581713	-1.337588	2.872019	
784	-0.575407	-1.340272	2.872914	
785	-0.570516	-1.341889	2.874602	
786	-0.563157	-1.344012	2.875381	
787	-0.557615	-1.345621	2.876694	
788	-0.545981	-1.348950	2.880423	
789	-0.538332	-1.351083	2.882644	
790	-0.531929	-1.353223	2.885150	
791	-0.524135	-1.355666	2.885997	
792	-0.516247	-1.357936	2.887005	
793	-0.507068	-1.361439	2.887485	
794	-0.500125	-1.363480	2.889804	
795	-0.491464	-1.366084	2.890463	
796	-0.481921	-1.369279	2.890456	
797	-0.474930	-1.370320	2.893297	
798	-0.466944	-1.372400	2.894848	
799	-0.457553	-1.375431	2.895158	
800	-0.450680	-1.376784	2.898005	
801	-0.433663	-1.382018	2.897734	
802	-0.421319	-1.384681	2.899656	
803	-0.408997	-1.387638	2.900236	
804	-0.403538	-1.388604	2.900523	
805	-0.396592	-1.390254	2.899940	
806	-0.392913	-1.389650	2.901449	
807	-0.386406	-1.390074	2.900682	
808	-0.379306	-1.391057	2.900256	
809	-0.373133	-1.390458	2.901148	
810	-0.365783	-1.391322	2.900034	
811	-0.357288	-1.392866	2.899231	
812	-0.351029	-1.392070	2.900202	
813	-0.344474	-1.392897	2.900220	
814	-0.336672	-1.394431	2.899000	
815	-0.330591	-1.393978	2.900073	
816	-0.323553	-1.394688	2.899695	
817	-0.315731	-1.395598	2.898134	
818	-0.310999	-1.394576	2.898349	
819	-0.304519	-1.395501	2.895787	
820	-0.298493	-1.396206	2.893922	
821	-0.293471	-1.395797	2.892797	
822	-0.287754	-1.395661	2.890970	
823	-0.282806	-1.395085	2.889398	
824	-0.277362	-1.393571	2.888150	
825	-0.271824	-1.393119	2.886113	
826	-0.266091	-1.391223	2.884446	
827	-0.261857	-1.388648	2.883288	
828	-0.257306	-1.386573	2.880965	
829	-0.245800	-1.380436	2.877001	
830	-0.239910	-1.377501	2.873936	
831	-0.233441	-1.374299	2.870005	
832	-0.227499	-1.369565	2.867016	
833	-0.221869	-1.365375	2.862769	
834	-0.213879	-1.361602	2.857467	
835	-0.206164	-1.356799	2.852978	
836	-0.197183	-1.351557	2.848248	
837	-0.188857	-1.348444	2.841649	
838	-0.179569	-1.344519	2.835562	
839	-0.171193	-1.339975	2.829668	
840	-0.161892	-1.336309	2.822950	
841	-0.144958	-1.329211	2.809128	
842	-0.136649	-1.325719	2.802250	
843	-0.130116	-1.322549	2.795221	
844	-0.121871	-1.318609	2.788915	
845	-0.116270	-1.316324	2.781848	
846	-0.108708	-1.312859	2.776228	
847	-0.101415	-1.309818	2.769480	
848	-0.096044	-1.308144	2.762964	
849	-0.088082	-1.304831	2.757210	
850	-0.081384	-1.305637	2.747653	
851	-0.074468	-1.305051	2.740886	
852	-0.065774	-1.301627	2.736543	
853	-0.063172	-1.302787	2.728192	
854	-0.055796	-1.303941	2.720658	
855	-0.048458	-1.303048	2.714418	
856	-0.043563	-1.302506	2.707725	
857	-0.038598	-1.301718	2.700809	
858	-0.033263	-1.300602	2.693361	
859	-0.027030	-1.299029	2.686553	
860	-0.020654	-1.296981	2.680573	
861	-0.014863	-1.296639	2.673326	
862	-0.007813	-1.296195	2.667431	
863	-0.000782	-1.297018	2.659655	
864	0.007327	-1.297965	2.653707	
865	0.013856	-1.298784	2.648185	
866	0.020404	-1.300866	2.641191	
867	0.027742	-1.302568	2.635392	
868	0.034717	-1.304297	2.630053	
869	0.040192	-1.306662	2.622967	
870	0.046377	-1.309389	2.615637	
871	0.053688	-1.311077	2.609695	
872	0.058035	-1.313447	2.602416	
873	0.064562	-1.315586	2.595241	
874	0.068565	-1.318052	2.586882	
875	0.079565	-1.319972	2.573112	
876	0.082942	-1.321854	2.564034	
877	0.087196	-1.322678	2.556410	
878	0.090120	-1.323928	2.547186	
879	0.097952	-1.323601	2.532429	
880	0.099238	-1.323076	2.523556	
881	0.101366	-1.322584	2.515104	
882	0.105538	-1.320506	2.508665	
883	0.106221	-1.319439	2.500620	
884	0.107615	-1.319200	2.492000	
885	0.107548	-1.317626	2.483457	
886	0.110979	-1.316146	2.474514	
887	0.112254	-1.314867	2.466032	
888	0.115652	-1.312884	2.457232	
889	0.116993	-1.311001	2.448843	
890	0.119880	-1.309805	2.438971	
891	0.122138	-1.309463	2.428673	
892	0.126248	-1.308396	2.419597	
893	0.128384	-1.307478	2.409718	
894	0.130328	-1.307230	2.398462	
895	0.133472	-1.307293	2.388529	
896	0.137283	-1.307818	2.378803	
897	0.139361	-1.309029	2.370319	
898	0.145217	-1.309218	2.363413	
899	0.149068	-1.308757	2.356245	
900	0.151806	-1.307955	2.348164	
901	0.151982	-1.307018	2.339339	
902	0.156979	-1.305171	2.333873	
903	0.160387	-1.303287	2.327068	
904	0.161158	-1.301661	2.319356	
905	0.164586	-1.299327	2.313531	
906	0.166982	-1.297074	2.307595	
907	0.170389	-1.295352	2.301223	
908	0.172580	-1.293431	2.293154	
909	0.176692	-1.291358	2.286971	
910	0.182343	-1.289788	2.283638	
911	0.187041	-1.287843	2.280038	
912	0.193001	-1.286256	2.277830	
913	0.196548	-1.285869	2.273974	
914	0.200034	-1.284070	2.270433	
915	0.204345	-1.281813	2.266767	
916	0.210217	-1.279682	2.264323	
917	0.213086	-1.277275	2.262500	
918	0.215740	-1.275187	2.259140	
919	0.219509	-1.273952	2.256535	
920	0.223251	-1.271609	2.255318	
921	0.225619	-1.270170	2.253541	
922	0.231318	-1.268956	2.250844	
923	0.234073	-1.267229	2.250121	
924	0.237229	-1.266167	2.248799	
925	0.242285	-1.265330	2.247772	
926	0.243467	-1.264279	2.248482	
927	0.249293	-1.263855	2.247299	
928	0.255550	-1.263814	2.247200	
929	0.257564	-1.262962	2.248763	
930	0.261015	-1.262923	2.249162	
931	0.266231	-1.263546	2.250380	
932	0.267891	-1.263751	2.254083	
933	0.271728	-1.264545	2.255292	
934	0.275115	-1.265296	2.257654	
935	0.277212	-1.265779	2.260401	
936	0.280617	-1.266653	2.261555	
937	0.284481	-1.267634	2.263275	
938	0.288080	-1.268049	2.267632	
939	0.290447	-1.268889	2.271504	
940	0.292960	-1.269519	2.275205	
941	0.295982	-1.269953	2.277769	
942	0.299246	-1.270440	2.280502	
943	0.301570	-1.271083	2.283705	
944	0.303686	-1.271149	2.288090	
945	0.306436	-1.271368	2.291184	
946	0.309880	-1.271875	2.294312	
947	0.311116	-1.271981	2.298226	
948	0.314508	-1.273285	2.300570	
949	0.317460	-1.273880	2.303611	
950	0.323801	-1.275329	2.306820	
951	0.326299	-1.275994	2.310459	
952	0.328371	-1.276486	2.312530	
953	0.330761	-1.276553	2.316282	
954	0.332584	-1.275883	2.320584	
955	0.336105	-1.275007	2.323628	
956	0.338663	-1.274018	2.325325	
957	0.340960	-1.272627	2.330135	
958	0.342190	-1.271277	2.336988	
959	0.341902	-1.269158	2.340645	
960	0.344787	-1.268981	2.344844	
961	0.346835	-1.268374	2.349501	
962	0.347062	-1.266987	2.354816	
963	0.351409	-1.267426	2.355874	
964	0.352746	-1.267252	2.361388	
965	0.353244	-1.266893	2.367414	
966	0.358497	-1.267929	2.369410	
967	0.360489	-1.268063	2.375356	
968	0.363232	-1.269025	2.380772	
969	0.369004	-1.271581	2.383989	
970	0.372651	-1.272869	2.390307	
971	0.374507	-1.273802	2.397277	
972	0.379750	-1.277266	2.402626	
973	0.382627	-1.278541	2.411623	
974	0.383789	-1.277930	2.418827	
975	0.387636	-1.280547	2.424455	
976	0.388773	-1.280978	2.433653	
977	0.392820	-1.282236	2.438132	
978	0.397645	-1.285479	2.445555	
979	0.396399	-1.283709	2.453035	
980	0.398400	-1.283896	2.453892	
981	0.404045	-1.285860	2.460141	
982	0.405277	-1.285398	2.468186	
983	0.407530	-1.286306	2.470416	
984	0.410656	-1.287147	2.476065	
985	0.410513	-1.286978	2.482349	
986	0.411679	-1.287591	2.485254	
987	0.414029	-1.288170	2.490689	
988	0.416378	-1.289063	2.494740	
989	0.418960	-1.290650	2.497527	
990	0.422081	-1.290829	2.504485	
991	0.422382	-1.290624	2.508242	
992	0.423742	-1.291565	2.512009	
993	0.425304	-1.290055	2.518291	
994	0.427597	-1.289843	2.522042	
995	0.430155	-1.290299	2.524178	
996	0.432532	-1.288508	2.530360	
997	0.432210	-1.285530	2.537944	
998	0.435400	-1.285144	2.541849	
999	0.437233	-1.283236	2.547292	
1000	0.440532	-1.281190	2.559356	
1001	0.441616	-1.278590	2.569292	
1002	0.442382	-1.277882	2.577205	
1003	0.442890	-1.278758	2.582645	
1004	0.442214	-1.276756	2.589243	
1005	0.441078	-1.276160	2.593626	
1006	0.441030	-1.275076	2.599170	
1007	0.441103	-1.274066	2.602273	
1008	0.441920	-1.274005	2.605734	
1009	0.441884	-1.273569	2.608435	
1010	0.442808	-1.274033	2.609949	
1011	0.443815	-1.274336	2.612535	
1012	0.443580	-1.273481	2.615422	
1013	0.443571	-1.272989	2.618951	
1014	0.445117	-1.273875	2.620394	
1015	0.447458	-1.276045	2.623857	
1016	0.446297	-1.274746	2.627279	
1017	0.447531	-1.275020	2.628794	
1018	0.449626	-1.276251	2.630681	
1019	0.451743	-1.274508	2.632748	
1020	0.454033	-1.274908	2.632593	
1021	0.452320	-1.271024	2.633481	
1022	0.454916	-1.271234	2.633969	
1023	0.455369	-1.265332	2.632558	
1024	0.458382	-1.260266	2.630775	
1025	0.457607	-1.254726	2.629173	
1026	0.458233	-1.251098	2.628559	
1027	0.461602	-1.248814	2.626373	
1028	0.462499	-1.244945	2.626146	
1029	0.463843	-1.241245	2.626276	
1030	0.466604	-1.238625	2.626761	
1031	0.466009	-1.232118	2.625789	
1032	0.468523	-1.229069	2.626647	
1033	0.471836	-1.227336	2.627221	
1034	0.471902	-1.222098	2.627175	
1035	0.474881	-1.219213	2.626981	
1036	0.478839	-1.218159	2.628103	
1037	0.480505	-1.214207	2.627195	
1038	0.481554	-1.211058	2.628285	
1039	0.485337	-1.209030	2.627296	
1040	0.487473	-1.206696	2.626685	
1041	0.489274	-1.203772	2.625244	
1042	0.490871	-1.201173	2.623914	
1043	0.493426	-1.199522	2.620994	
1044	0.494696	-1.197160	2.619067	
1045	0.496081	-1.195388	2.617806	
1046	0.498119	-1.193580	2.616148	
1047	0.499365	-1.190175	2.615890	
1048	0.501737	-1.188916	2.614505	
1049	0.502848	-1.187427	2.613838	
1050	0.503377	-1.187287	2.615664	
1051	0.504562	-1.185479	2.614592	
1052	0.505465	-1.183346	2.613572	
1053	0.505751	-1.182352	2.614768	
1054	0.506443	-1.181247	2.615418	
1055	0.507107	-1.179153	2.615216	
1056	0.507182	-1.177253	2.616248	
1057	0.507093	-1.175860	2.618391	
1058	0.507340	-1.173856	2.619792	
1059	0.506380	-1.173715	2.624308	
1060	0.507285	-1.173070	2.626472	
1061	0.506816	-1.175194	2.632697	
1062	0.504555	-1.174762	2.637696	
1063	0.504937	-1.175826	2.641664	
1064	0.505755	-1.174204	2.641999	
1065	0.504774	-1.170315	2.641438	
1066	0.507209	-1.171940	2.643901	
1067	0.507217	-1.171964	2.647061	
1068	0.506266	-1.169516	2.648715	
1069	0.507739	-1.170642	2.652295	
1070	0.507792	-1.172991	2.658584	
1071	0.504930	-1.170031	2.662647	
1072	0.504948	-1.168733	2.665278	
1073	0.504134	-1.169063	2.671081	
1074	0.501275	-1.165863	2.675216	
1075	0.501352	-1.164438	2.678307	
1076	0.500139	-1.164058	2.683763	
1077	0.498184	-1.162785	2.689474	
1078	0.497105	-1.162400	2.694932	
1079	0.496178	-1.163700	2.701943	
1080	0.495526	-1.164000	2.706948	
1081	0.492989	-1.163413	2.713718	
1082	0.494570	-1.164104	2.716569	
1083	0.495214	-1.161732	2.716259	
1084	0.492724	-1.158131	2.718161	
1085	0.495626	-1.159171	2.717768	
1086	0.496197	-1.153402	2.710784	
1087	0.493918	-1.150303	2.711484	
1088	0.496010	-1.146084	2.703297	
1089	0.493800	-1.142179	2.701225	
1090	0.490333	-1.142487	2.705346	
1091	0.491308	-1.144857	2.704693	
1092	0.488095	-1.144722	2.706484	
1093	0.485268	-1.144139	2.707042	
1094	0.485672	-1.145861	2.704200	
1095	0.480845	-1.147228	2.709405	
1096	0.480182	-1.148503	2.707692	
1097	0.478939	-1.150892	2.708050	
1098	0.474197	-1.152184	2.713044	
1099	0.474086	-1.154512	2.711380	
1100	0.470618	-1.157128	2.714974	
1101	0.464680	-1.162804	2.721446	
1102	0.460989	-1.163296	2.722949	
1103	0.457554	-1.162748	2.722859	
1104	0.453668	-1.164427	2.726658	
1105	0.449170	-1.165453	2.730144	
1106	0.445027	-1.167237	2.734148	
1107	0.441797	-1.170803	2.739501	
1108	0.437468	-1.174178	2.746704	
1109	0.433364	-1.176583	2.751644	
1110	0.429252	-1.177867	2.753929	
1111	0.425261	-1.181915	2.760119	
1112	0.421175	-1.185794	2.765086	
1113	0.416559	-1.189291	2.770127	
1114	0.411847	-1.190955	2.771417	
1115	0.407701	-1.194847	2.775823	
1116	0.396025	-1.200655	2.785455	
1117	0.391393	-1.205203	2.790767	
1118	0.385965	-1.207754	2.793602	
1119	0.379184	-1.207502	2.793902	
1120	0.374689	-1.213659	2.801558	
1121	0.368460	-1.216739	2.807721	
1122	0.361960	-1.216091	2.806840	
1123	0.357652	-1.219805	2.809825	
1124	0.351835	-1.224400	2.819916	
1125	0.346152	-1.225659	2.823965	
1126	0.341519	-1.226645	2.824230	
1127	0.336418	-1.227912	2.829020	
1128	0.332827	-1.230419	2.833384	
1129	0.329369	-1.233245	2.837999	
1130	0.325483	-1.234246	2.840729	
1131	0.323403	-1.236917	2.842527	
1132	0.320920	-1.239060	2.846298	
1133	0.318249	-1.239708	2.846552	
1134	0.317270	-1.241296	2.845684	
1135	0.316232	-1.244107	2.848176	
1136	0.315033	-1.245800	2.848842	
1137	0.313987	-1.246913	2.848709	
1138	0.313617	-1.249134	2.848829	
1139	0.312214	-1.249698	2.850489	
1140	0.311277	-1.249526	2.848763	
1141	0.311038	-1.251225	2.849285	
1142	0.308903	-1.250060	2.849356	
1143	0.308152	-1.251331	2.851274	
1144	0.306923	-1.251942	2.852501	
1145	0.305145	-1.251998	2.854772	
1146	0.303408	-1.252127	2.856826	
1147	0.301770	-1.253251	2.862291	
1148	0.298729	-1.252397	2.864442	
1149	0.296960	-1.253485	2.868398	
1150	0.295990	-1.256160	2.873225	
1151	0.292148	-1.255740	2.877212	
1152	0.291149	-1.259116	2.882181	
1153	0.289401	-1.261657	2.885995	
1154	0.286242	-1.263927	2.891551	
1155	0.284363	-1.265667	2.892017	
1156	0.281788	-1.268026	2.894558	
1157	0.279212	-1.271102	2.897893	
1158	0.277183	-1.274294	2.899916	
1159	0.274705	-1.277064	2.903351	
1160	0.272673	-1.280018	2.904582	
1161	0.270395	-1.283992	2.908351	
1162	0.267983	-1.287076	2.911016	
1163	0.266374	-1.291197	2.912270	
1164	0.263711	-1.294410	2.916677	
1165	0.260967	-1.296928	2.916403	
1166	0.259404	-1.300906	2.919663	
1167	0.257426	-1.303878	2.922119	
1168	0.256321	-1.308072	2.924686	
1169	0.254562	-1.310971	2.927346	
1170	0.253152	-1.314148	2.930604	
1171	0.251793	-1.316998	2.932987	
1172	0.250701	-1.320325	2.937066	
1173	0.248724	-1.322461	2.939159	
1174	0.246151	-1.324421	2.942070	
1175	0.245687	-1.328882	2.945108	
1176	0.242809	-1.329935	2.949269	
1177	0.240007	-1.331201	2.951519	
1178	0.238377	-1.333648	2.956192	
1179	0.235278	-1.334828	2.960009	
1180	0.232939	-1.336795	2.964785	
1181	0.231310	-1.340317	2.968785	
1182	0.228761	-1.343268	2.974665	
1183	0.226302	-1.346639	2.978666	
1184	0.223337	-1.349876	2.983931	
1185	0.220410	-1.354136	2.986952	
1186	0.216037	-1.357443	2.992232	
1187	0.213099	-1.362744	2.997236	
1188	0.208351	-1.366578	3.003605	
1189	0.204685	-1.370884	3.006921	
1190	0.201008	-1.376121	3.011846	
1191	0.195534	-1.379841	3.017899	
1192	0.190973	-1.384565	3.023485	
1193	0.185572	-1.389677	3.029579	
1194	0.179051	-1.393795	3.035540	
1195	0.174486	-1.399729	3.041180	
1196	0.169439	-1.405633	3.047691	
1197	0.164429	-1.409986	3.053372	
1198	0.160121	-1.415533	3.061012	
1199	0.155590	-1.420420	3.066960	
1200	0.151201	-1.425849	3.073235	
1201	0.146699	-1.430882	3.079712	
1202	0.138734	-1.441445	3.094862	
1203	0.135563	-1.447220	3.102416	
1204	0.132010	-1.452508	3.109834	
1205	0.129237	-1.457762	3.117069	
1206	0.127181	-1.463094	3.124810	
1207	0.124579	-1.467611	3.134234	
1208	0.123409	-1.472616	3.141445	
1209	0.121125	-1.477208	3.149746	
1210	0.119723	-1.482037	3.157809	
1211	0.117667	-1.486305	3.163474	
1212	0.115481	-1.490317	3.171035	
1213	0.112648	-1.497727	3.183370	
1214	0.112105	-1.501266	3.189514	
1215	0.112083	-1.504796	3.193992	
1216	0.113042	-1.508845	3.200046	
1217	0.114474	-1.512582	3.206269	
1218	0.116512	-1.515995	3.212531	
1219	0.119750	-1.519659	3.217834	
1220	0.122658	-1.523130	3.223686	
1221	0.126966	-1.526561	3.230009	
1222	0.130969	-1.529013	3.235878	
1223	0.136103	-1.531995	3.241824	
1224	0.142761	-1.534724	3.249793	
1225	0.148426	-1.536678	3.255890	
1226	0.156237	-1.539168	3.263197	
1227	0.163423	-1.540997	3.271419	
1228	0.171260	-1.542954	3.278617	
1229	0.179546	-1.545967	3.285020	
1230	0.187901	-1.548390	3.294438	
1231	0.196257	-1.551160	3.301156	
1232	0.205535	-1.555013	3.308290	
1233	0.214197	-1.558405	3.314997	
1234	0.222784	-1.562454	3.320555	
1235	0.231417	-1.566148	3.327163	
1236	0.239493	-1.569783	3.331967	
1237	0.247548	-1.573303	3.336846	
1238	0.255319	-1.576360	3.342294	
1239	0.262459	-1.579108	3.347982	
1240	0.269036	-1.582726	3.353676	
1241	0.275374	-1.586975	3.358721	
1242	0.282409	-1.591054	3.365589	
1243	0.287370	-1.594960	3.369456	
1244	0.293401	-1.598815	3.374904	
1245	0.298811	-1.602449	3.380246	
1246	0.304330	-1.606968	3.384307	
1247	0.311181	-1.611219	3.391253	
1248	0.316290	-1.615427	3.396215	
1249	0.322390	-1.620749	3.401246	
1250	0.333742	-1.628657	3.408834	
1251	0.339862	-1.633708	3.414281	
1252	0.346288	-1.639026	3.419741	
1253	0.354054	-1.644234	3.426004	
1254	0.368473	-1.655840	3.439425	
1255	0.376208	-1.661858	3.446301	
1256	0.382571	-1.667026	3.453131	
1257	0.389511	-1.671944	3.459825	
1258	0.396439	-1.676394	3.467009	
1259	0.402982	-1.679945	3.474186	
1260	0.409580	-1.684379	3.479037	
1261	0.416288	-1.688606	3.484399	
1262	0.422957	-1.692857	3.489838	
1263	0.430044	-1.696389	3.494830	
1264	0.436384	-1.699602	3.498819	
1265	0.442775	-1.702111	3.503384	
1266	0.449969	-1.704726	3.507321	
1267	0.459281	-1.707831	3.510493	
1268	0.468528	-1.710192	3.514851	
1269	0.477443	-1.712559	3.518517	
1270	0.488417	-1.714776	3.522391	
1271	0.498168	-1.716318	3.525823	
1272	0.508117	-1.717933	3.528975	
1273	0.520284	-1.719738	3.531693	
1274	0.531809	-1.720946	3.535091	
1275	0.542957	-1.721398	3.537971	
1276	0.554974	-1.723288	3.539288	
1277	0.566941	-1.723745	3.542680	
1278	0.580125	-1.724750	3.544275	
1279	0.591775	-1.724476	3.547082	
1280	0.604378	-1.724920	3.549159	
1281	0.616500	-1.725301	3.550988	
1282	0.627862	-1.725747	3.552783	
1283	0.639679	-1.726378	3.553454	
1284	0.651862	-1.728245	3.553444	
1285	0.664693	-1.729374	3.554725	
1286	0.677873	-1.730599	3.556289	
1287	0.690119	-1.732156	3.556839	
1288	0.701610	-1.733445	3.557491	
1289	0.714714	-1.734011	3.558969	
1290	0.728633	-1.735155	3.559367	
1291	0.741314	-1.735168	3.560607	
1292	0.752976	-1.736385	3.560211	
1293	0.766074	-1.737267	3.560735	
1294	0.778386	-1.738323	3.560899	
1295	0.790261	-1.739659	3.561251	
1296	0.803160	-1.740981	3.561239	
1297	0.814239	-1.741335	3.562047	
1298	0.825344	-1.741266	3.563347	
1299	0.838116	-1.743047	3.563365	
1300	0.850106	-1.744453	3.564170	
1301	0.862392	-1.745540	3.565745	
1302	0.876270	-1.747458	3.567034	
1303	0.888081	-1.747919	3.570506	
1304	0.899222	-1.750050	3.572680	
1305	0.914723	-1.750111	3.577214	
1306	0.926371	-1.751892	3.580125	
1307	0.939630	-1.754344	3.583771	
1308	0.951615	-1.756838	3.587811	
1309	0.961839	-1.758719	3.593950	
1310	0.973722	-1.761883	3.598924	
1311	0.987663	-1.763500	3.605299	
1312	0.998693	-1.765525	3.611387	
1313	1.010293	-1.769325	3.615697	
1314	1.022811	-1.771947	3.620700	
1315	1.031194	-1.774406	3.625941	
1316	1.041519	-1.777557	3.629335	
1317	1.049419	-1.779587	3.634306	
1318	1.066554	-1.782892	3.643595	
1319	1.075919	-1.784318	3.647313	
1320	1.084686	-1.785480	3.651739	
1321	1.092931	-1.786801	3.655168	
1322	1.103133	-1.788596	3.657379	
1323	1.118587	-1.787837	3.660575	
1324	1.127831	-1.788811	3.662684	
1325	1.137830	-1.790905	3.663833	
1326	1.148414	-1.790301	3.666805	
1327	1.158421	-1.791402	3.667577	
1328	1.169436	-1.792320	3.667941	
1329	1.180164	-1.791417	3.669008	
1330	1.191259	-1.791707	3.668807	
1331	1.202485	-1.791028	3.668112	
1332	1.214090	-1.790352	3.666791	
1333	1.227336	-1.788086	3.666658	
1334	1.251912	-1.785502	3.662137	
1335	1.265296	-1.781825	3.661854	
1336	1.276920	-1.778165	3.661818	
1337	1.306909	-1.773067	3.659188	
1338	1.333706	-1.769604	3.653272	
1339	1.348897	-1.765486	3.650593	
1340	1.359161	-1.762495	3.648195	
1341	1.371768	-1.761068	3.643432	
1342	1.382641	-1.759227	3.639674	
1343	1.394453	-1.758244	3.634863	
1344	1.404870	-1.758638	3.629198	
1345	1.422415	-1.754029	3.625296	
1346	1.424964	-1.755352	3.621172	
1347	1.441546	-1.752286	3.615857	
1348	1.445703	-1.751241	3.613080	
1349	1.452279	-1.751249	3.607516	
1350	1.462564	-1.749682	3.602675	
1351	1.471996	-1.746215	3.599567	
1352	1.478394	-1.747106	3.593832	
1353	1.487676	-1.745305	3.589087	
1354	1.497019	-1.742698	3.585577	
1355	1.505486	-1.742003	3.579737	
1356	1.516366	-1.739410	3.574567	
1357	1.525494	-1.736903	3.571034	
1358	1.537318	-1.734841	3.565039	
1359	1.549025	-1.731867	3.560518	
1360	1.558351	-1.729431	3.557698	
1361	1.570817	-1.727309	3.553750	
1362	1.584785	-1.724341	3.549425	
1363	1.594678	-1.720850	3.547948	
1364	1.606429	-1.718929	3.544953	
1365	1.620491	-1.716595	3.540809	
1366	1.632111	-1.713632	3.538895	
1367	1.642757	-1.712366	3.534689	
1368	1.655534	-1.709071	3.531018	
1369	1.664202	-1.707201	3.527473	
1370	1.675883	-1.704400	3.523475	
1371	1.687028	-1.700322	3.521017	
1372	1.696451	-1.697875	3.517787	
1373	1.706226	-1.695500	3.513881	
1374	1.715170	-1.691991	3.510205	
1375	1.723178	-1.689734	3.506491	
1376	1.731709	-1.686702	3.502614	
1377	1.740053	-1.683792	3.497624	
1378	1.748509	-1.680744	3.492508	
1379	1.755279	-1.677768	3.488029	
1380	1.764479	-1.673954	3.481750	
1381	1.773707	-1.667790	3.477510	
1382	1.778569	-1.664062	3.473982	
1383	1.785524	-1.660552	3.466637	
1384	1.795469	-1.653730	3.459657	
1385	1.800185	-1.650029	3.453302	
1386	1.807638	-1.645305	3.444783	
1387	1.815956	-1.638419	3.436901	
1388	1.821735	-1.634622	3.427286	
1389	1.828946	-1.628806	3.418533	
1390	1.834990	-1.622847	3.412100	
1391	1.842379	-1.618136	3.402781	
1392	1.853086	-1.612474	3.392084	
1393	1.859252	-1.606414	3.385619	
1394	1.864386	-1.602571	3.378959	
1395	1.878285	-1.594478	3.364548	
1396	1.890578	-1.584693	3.349030	
1397	1.896844	-1.579843	3.342032	
1398	1.903679	-1.574733	3.334475	
1399	1.909734	-1.572105	3.325317	
1400	1.916131	-1.568001	3.318072	
1401	1.922701	-1.564263	3.310368	
1402	1.928896	-1.561391	3.301749	
1403	1.934443	-1.558248	3.293308	
1404	1.940197	-1.555088	3.284182	
1405	1.945393	-1.550666	3.277682	
1406	1.951595	-1.545672	3.272032	
1407	1.957917	-1.541745	3.263755	
1408	1.964333	-1.536875	3.256257	
1409	1.971579	-1.530742	3.250137	
1410	1.978611	-1.525272	3.242459	
1411	1.986694	-1.519179	3.234105	
1412	1.994143	-1.513659	3.225772	
1413	2.002700	-1.508905	3.216404	
1414	2.012724	-1.501553	3.209073	
1415	2.020700	-1.495827	3.202637	
1416	2.030369	-1.490336	3.196072	
1417	2.040904	-1.483588	3.189488	
1418	2.050534	-1.476819	3.185030	
1419	2.060217	-1.471111	3.178724	
1420	2.070999	-1.464849	3.171506	
1421	2.081161	-1.458178	3.165065	
1422	2.091627	-1.452421	3.157779	
1423	2.099555	-1.446880	3.152680	
1424	2.115199	-1.437956	3.139012	
1425	2.120935	-1.433165	3.134805	
1426	2.127261	-1.429711	3.128985	
1427	2.133531	-1.426720	3.121064	
1428	2.139597	-1.422795	3.114597	
1429	2.144752	-1.418693	3.109110	
1430	2.149547	-1.414327	3.104936	
1431	2.153881	-1.410569	3.100411	
1432	2.159122	-1.407121	3.092089	
1433	2.164106	-1.402494	3.085799	
1434	2.167933	-1.397235	3.081634	
1435	2.171731	-1.392169	3.076679	
1436	2.176423	-1.386063	3.071028	
1437	2.178799	-1.383282	3.062786	
1438	2.181664	-1.379113	3.055779	
1439	2.184777	-1.373234	3.050941	
1440	2.187810	-1.367996	3.044355	
1441	2.191383	-1.363185	3.035788	
1442	2.194618	-1.357343	3.027715	
1443	2.197193	-1.352470	3.019892	
1444	2.200952	-1.347114	3.009722	
1445	2.204738	-1.341718	2.997765	
1446	2.206958	-1.337643	2.991202	
1447	2.208985	-1.334038	2.979827	
1448	2.213144	-1.328291	2.966114	
1449	2.214671	-1.323349	2.961958	
1450	2.215497	-1.320239	2.954621	
1451	2.220071	-1.311855	2.943061	
1452	2.222002	-1.305342	2.935223	
1453	2.220560	-1.303080	2.925997	
1454	2.222120	-1.296852	2.914981	
1455	2.224482	-1.288677	2.906565	
1456	2.225100	-1.283204	2.899188	
1457	2.226913	-1.277640	2.888742	
1458	2.228532	-1.271476	2.879613	
1459	2.230341	-1.265082	2.870734	
1460	2.232821	-1.257848	2.865465	
1461	2.234550	-1.253083	2.854512	
1462	2.236794	-1.248127	2.844117	
1463	2.240338	-1.240857	2.839689	
1464	2.241962	-1.236646	2.827930	
1465	2.246230	-1.229681	2.818738	
1466	2.249147	-1.223282	2.813564	
1467	2.250291	-1.219835	2.801559	
1468	2.254875	-1.213232	2.790571	
1469	2.257802	-1.208901	2.779428	
1470	2.260572	-1.205771	2.767922	
1471	2.269572	-1.195195	2.752231	
1472	2.273322	-1.191759	2.743267	
1473	2.278491	-1.187296	2.737010	
1474	2.283597	-1.183575	2.726327	
1475	2.288939	-1.179981	2.717262	
1476	2.294662	-1.176362	2.707780	
1477	2.300164	-1.172586	2.697364	
1478	2.306285	-1.166000	2.687561	
1479	2.312224	-1.160382	2.680596	
1480	2.316632	-1.156053	2.670949	
1481	2.322156	-1.149585	2.662118	
1482	2.325701	-1.145571	2.654416	
1483	2.329591	-1.140972	2.646734	
1484	2.333633	-1.135465	2.636947	
1485	2.337332	-1.129283	2.631714	
1486	2.340207	-1.125030	2.623162	
1487	2.343019	-1.120037	2.614508	
1488	2.346091	-1.114322	2.608584	
1489	2.347202	-1.110812	2.599468	
1490	2.349300	-1.105085	2.589005	
1491	2.350153	-1.099834	2.580317	
1492	2.351008	-1.094886	2.570347	
1493	2.352880	-1.083816	2.552307	
1494	2.353183	-1.079648	2.541746	
1495	2.353574	-1.073503	2.532515	
1496	2.353795	-1.067186	2.527544	
1497	2.353602	-1.061312	2.519764	
1498	2.351099	-1.058184	2.505564	
1499	2.350834	-1.050115	2.498642	
1500	2.350371	-1.042651	2.492373	
1501	2.349988	-1.033955	2.482857	
1502	2.349582	-1.025690	2.474945	
1503	2.348739	-1.018881	2.464881	
1504	2.347351	-1.012749	2.453269	
1505	2.345640	-1.007855	2.441313	
1506	2.344051	-1.003838	2.428352	
1507	2.343023	-0.998068	2.416561	
1508	2.342097	-0.992091	2.405569	
1509	2.342047	-0.985658	2.395356	
1510	2.340245	-0.980517	2.383776	
1511	2.339715	-0.973932	2.373150	
1512	2.338636	-0.968167	2.363980	
1513	2.336189	-0.964920	2.353877	
1514	2.335802	-0.958360	2.345232	
1515	2.334777	-0.953176	2.338090	
1516	2.332629	-0.950105	2.327823	
1517	2.330759	-0.945429	2.320540	
1518	2.328748	-0.941907	2.313263	
1519	2.327082	-0.938479	2.306739	
1520	2.326174	-0.932963	2.300506	
1521	2.325044	-0.929559	2.294625	
1522	2.324653	-0.926479	2.289203	
1523	2.324932	-0.922065	2.283762	
1524	2.325480	-0.918080	2.279264	
1525	2.325356	-0.915757	2.272443	
1526	2.324752	-0.913615	2.263568	
1527	2.325995	-0.910275	2.257424	
1528	2.326428	-0.907768	2.249238	
1529	2.327835	-0.903678	2.241548	
1530	2.330330	-0.898727	2.233368	
1531	2.333671	-0.892585	2.225696	
1532	2.337467	-0.886221	2.217080	
1533	2.341046	-0.880518	2.207715	
1534	2.343841	-0.875991	2.198480	
1535	2.346972	-0.871352	2.188385	
1536	2.351988	-0.864056	2.180236	
1537	2.354860	-0.860219	2.169373	
1538	2.358883	-0.854740	2.160255	
1539	2.362830	-0.850370	2.152297	
1540	2.366233	-0.845478	2.142491	
1541	2.370081	-0.840735	2.133182	
1542	2.374827	-0.835357	2.125879	
1543	2.378387	-0.831364	2.118258	
1544	2.381566	-0.829165	2.109609	
1545	2.385967	-0.822725	2.102478	
1546	2.388856	-0.818321	2.095182	
1547	2.391723	-0.814976	2.086915	
1548	2.394329	-0.809878	2.078444	
1549	2.398040	-0.804152	2.071503	
1550	2.401001	-0.799261	2.063075	
1551	2.403654	-0.792956	2.053806	
1552	2.405283	-0.788913	2.045251	
1553	2.406636	-0.785253	2.036442	
1554	2.408639	-0.780102	2.028837	
1555	2.409862	-0.775395	2.020092	
1556	2.411286	-0.769854	2.011940	
1557	2.411140	-0.766245	2.002557	
1558	2.412189	-0.761906	1.994954	
1559	2.412491	-0.756979	1.986131	
1560	2.414093	-0.749932	1.977932	
1561	2.414630	-0.745122	1.969396	
1562	2.414715	-0.739360	1.958345	
1563	2.414358	-0.734606	1.948934	
1564	2.414651	-0.722767	1.928354	
1565	2.415490	-0.716670	1.919368	
1566	2.416411	-0.710788	1.909341	
1567	2.417920	-0.703826	1.898692	
1568	2.420264	-0.698247	1.889025	
1569	2.423240	-0.689836	1.878826	
1570	2.425478	-0.684834	1.870462	
1571	2.427226	-0.682104	1.860864	
1572	2.429649	-0.676585	1.850782	
1573	2.431502	-0.672383	1.843236	
1574	2.432028	-0.670579	1.833750	
1575	2.435347	-0.665061	1.826749	
1576	2.436005	-0.663583	1.816685	
1577	2.438763	-0.659960	1.808759	
1578	2.440969	-0.657850	1.801454	
1579	2.445529	-0.652436	1.783448	
1580	2.448332	-0.649445	1.775506	
1581	2.450783	-0.646964	1.767461	
1582	2.454182	-0.643526	1.759032	
1583	2.458125	-0.639494	1.749374	
1584	2.461291	-0.635829	1.739275	
1585	2.464664	-0.633040	1.729252	
1586	2.468032	-0.628182	1.718361	
1587	2.471787	-0.624488	1.707979	
1588	2.475495	-0.619853	1.697464	
1589	2.481122	-0.613263	1.687906	
1590	2.485820	-0.608365	1.677754	
1591	2.488469	-0.606938	1.666020	
1592	2.493204	-0.601509	1.655250	
1593	2.497248	-0.599007	1.645786	
1594	2.501503	-0.594471	1.635931	
1595	2.506188	-0.588909	1.625092	
1596	2.510951	-0.581885	1.616395	
1597	2.514877	-0.577797	1.606315	
1598	2.520369	-0.570315	1.598615	
1599	2.523939	-0.563927	1.589352	
1600	2.528331	-0.558302	1.582215	
1601	2.531600	-0.551868	1.573629	
1602	2.534220	-0.545897	1.566205	
1603	2.537466	-0.538841	1.558542	
1604	2.539117	-0.533540	1.551795	
1605	2.541594	-0.527986	1.546888	
1606	2.543112	-0.519841	1.539686	
1607	2.543465	-0.515298	1.533901	
1608	2.544486	-0.510770	1.528106	
1609	2.545078	-0.504721	1.521933	
1610	2.544284	-0.500136	1.514812	
1611	2.544603	-0.494316	1.508689	
1612	2.543248	-0.491316	1.502632	
1613	2.541440	-0.485170	1.495379	
1614	2.538095	-0.473309	1.480535	
1615	2.534784	-0.467685	1.470453	
1616	2.531627	-0.462313	1.462414	
1617	2.528969	-0.455563	1.453849	
1618	2.525074	-0.450340	1.444905	
1619	2.521789	-0.443755	1.436499	
1620	2.517353	-0.437009	1.427530	
1621	2.513607	-0.431279	1.418936	
1622	2.509574	-0.426774	1.411448	
1623	2.504426	-0.422754	1.402609	
1624	2.500793	-0.417369	1.394626	
1625	2.496275	-0.411627	1.386271	
1626	2.491498	-0.408227	1.378979	
1627	2.484807	-0.406010	1.369916	
1628	2.479560	-0.403194	1.362798	
1629	2.473785	-0.401237	1.355018	
1630	2.469492	-0.398156	1.349027	
1631	2.464793	-0.396270	1.341678	
1632	2.460052	-0.394031	1.332618	
1633	2.456349	-0.391656	1.324616	
1634	2.452685	-0.389063	1.316696	
1635	2.449209	-0.386783	1.309245	
1636	2.445546	-0.385197	1.302584	
1637	2.441422	-0.382552	1.295986	
1638	2.438040	-0.381018	1.290531	
1639	2.434202	-0.377909	1.285365	
1640	2.430172	-0.375614	1.280210	
1641	2.424313	-0.374916	1.274258	
1642	2.420496	-0.372053	1.269961	
1643	2.417450	-0.369880	1.266656	
1644	2.412035	-0.368865	1.262362	
1645	2.408701	-0.367353	1.259833	
1646	2.404785	-0.366708	1.257793	
1647	2.399819	-0.364676	1.254420	
1648	2.397556	-0.361302	1.254753	
1649	2.394024	-0.357167	1.253889	
1650	2.389805	-0.355814	1.252877	
1651	2.385503	-0.353637	1.251001	
1652	2.378500	-0.351519	1.246582	
1653	2.374010	-0.349118	1.244725	
1654	2.369701	-0.346833	1.243542	
1655	2.363872	-0.345137	1.241395	
1656	2.357918	-0.343426	1.238921	
1657	2.351757	-0.339789	1.237469	
1658	2.345323	-0.338522	1.236152	
1659	2.338166	-0.336777	1.234158	
1660	2.330889	-0.335384	1.232112	
1661	2.321947	-0.334002	1.229456	
1662	2.313082	-0.332988	1.226925	
1663	2.304957	-0.331476	1.225214	
1664	2.294252	-0.330678	1.221902	
1665	2.285260	-0.329684	1.219798	
1666	2.277569	-0.328354	1.218319	
1667	2.267841	-0.328799	1.215843	
1668	2.256143	-0.329175	1.211048	
1669	2.248071	-0.328923	1.209275	
1670	2.238549	-0.328120	1.206754	
1671	2.225917	-0.327241	1.202820	
1672	2.215613	-0.326903	1.201083	
1673	2.205457	-0.327648	1.200847	
1674	2.192200	-0.327557	1.198555	
1675	2.180597	-0.326356	1.196608	
1676	2.170238	-0.325608	1.195897	
1677	2.158013	-0.325009	1.194320	
1678	2.146775	-0.323588	1.193133	
1679	2.137366	-0.322392	1.193566	
1680	2.127519	-0.321995	1.193733	
1681	2.117421	-0.320117	1.192748	
1682	2.108562	-0.320095	1.192928	
1683	2.100086	-0.318403	1.192668	
1684	2.092363	-0.316454	1.192573	
1685	2.084265	-0.315396	1.191968	
1686	2.076795	-0.314087	1.190526	
1687	2.070328	-0.312272	1.189980	
1688	2.055829	-0.310384	1.187699	
1689	2.049621	-0.308693	1.187391	
1690	2.042778	-0.307046	1.185736	
1691	2.036165	-0.304667	1.184182	
1692	2.029011	-0.301780	1.181977	
1693	2.023267	-0.297898	1.180423	
1694	2.016292	-0.293492	1.178004	
1695	2.009090	-0.289726	1.175327	
1696	2.002433	-0.286086	1.172291	
1697	1.996415	-0.281381	1.169466	
1698	1.990312	-0.276628	1.165466	
1699	1.983855	-0.273094	1.161549	
1700	1.978849	-0.268302	1.158432	
1701	1.973936	-0.264249	1.155227	
1702	1.967682	-0.260257	1.150874	
1703	1.962853	-0.255526	1.147423	
1704	1.956989	-0.251879	1.142066	
1705	1.951104	-0.248293	1.136780	
1706	1.947154	-0.244114	1.132943	
1707	1.941216	-0.240789	1.127396	
1708	1.935966	-0.236591	1.122546	
1709	1.931195	-0.233770	1.118508	
1710	1.924316	-0.230655	1.113608	
1711	1.918015	-0.226697	1.109037	
1712	1.912838	-0.222810	1.105547	
1713	1.906629	-0.220758	1.101668	
1714	1.899056	-0.216767	1.096666	
1715	1.892262	-0.214026	1.092971	
1716	1.884450	-0.211786	1.088285	
1717	1.876787	-0.208381	1.083955	
1718	1.868424	-0.205717	1.079074	
1719	1.859835	-0.203077	1.074596	
1720	1.851017	-0.199791	1.070251	
1721	1.842044	-0.197487	1.065654	
1722	1.832898	-0.194760	1.061991	
1723	1.822721	-0.192231	1.057816	
1724	1.812565	-0.190184	1.053544	
1725	1.800952	-0.188373	1.049439	
1726	1.789874	-0.186048	1.045411	
1727	1.780931	-0.184445	1.042043	
1728	1.771173	-0.182500	1.039018	
1729	1.753191	-0.178421	1.033690	
1730	1.744831	-0.176827	1.031831	
1731	1.736103	-0.174819	1.029870	
1732	1.728722	-0.173632	1.028580	
1733	1.720741	-0.172601	1.027339	
1734	1.712883	-0.171232	1.025607	
1735	1.706598	-0.168840	1.024665	
1736	1.699747	-0.167378	1.023178	
1737	1.693578	-0.167472	1.022100	
1738	1.687312	-0.166007	1.019975	
1739	1.680652	-0.165203	1.018085	
1740	1.675410	-0.164464	1.017101	
1741	1.669191	-0.163290	1.016147	
1742	1.664420	-0.161780	1.014746	
1743	1.658151	-0.159875	1.013099	
1744	1.653604	-0.158568	1.012174	
1745	1.648071	-0.157433	1.009878	
1746	1.643255	-0.156704	1.007759	
1747	1.637137	-0.155129	1.005420	
1748	1.631947	-0.154928	1.002583	
1749	1.626280	-0.153983	0.999423	
1750	1.620952	-0.151397	0.996483	
1751	1.616156	-0.149591	0.993617	
1752	1.610286	-0.147912	0.989855	
1753	1.603936	-0.144768	0.985865	
1754	1.597197	-0.140807	0.981180	
1755	1.591053	-0.138826	0.976220	
1756	1.585089	-0.134133	0.971652	
1757	1.579194	-0.130437	0.966534	
1758	1.565773	-0.123479	0.954509	
1759	1.559939	-0.120269	0.948748	
1760	1.553807	-0.116968	0.942842	
1761	1.546798	-0.113115	0.936234	
1762	1.541688	-0.110220	0.930626	
1763	1.534881	-0.107155	0.923893	
1764	1.529772	-0.102189	0.918699	
1765	1.524662	-0.098857	0.912922	
1766	1.510768	-0.091681	0.900693	
1767	1.504944	-0.088844	0.894731	
1768	1.499068	-0.084377	0.889481	
1769	1.493184	-0.080111	0.883874	
1770	1.487822	-0.077335	0.878607	
1771	1.483233	-0.074383	0.873534	
1772	1.478713	-0.070655	0.869345	
1773	1.474099	-0.068117	0.864779	
1774	1.469523	-0.067186	0.860560	
1775	1.464777	-0.066206	0.856939	
1776	1.453442	-0.068459	0.847491	
1777	1.448635	-0.070680	0.843115	
1778	1.442712	-0.072220	0.838517	
1779	1.436499	-0.076596	0.833286	
1780	1.429493	-0.079116	0.828319	
1781	1.415585	-0.086576	0.817812	
1782	1.408810	-0.088268	0.813342	
1783	1.400664	-0.089964	0.808748	
1784	1.394218	-0.090594	0.805359	
1785	1.386190	-0.090651	0.801379	
1786	1.378822	-0.091795	0.797688	
1787	1.371922	-0.092949	0.794015	
1788	1.365360	-0.092564	0.790913	
1789	1.351642	-0.092156	0.785357	
1790	1.345045	-0.092843	0.782531	
1791	1.338917	-0.093075	0.779951	
1792	1.332478	-0.092321	0.777584	
1793	1.327357	-0.093411	0.774682	
1794	1.320568	-0.092286	0.771796	
1795	1.316837	-0.092453	0.769501	
1796	1.310293	-0.092632	0.766650	
1797	1.303919	-0.091865	0.764040	
1798	1.298486	-0.091261	0.761478	
1799	1.293314	-0.090782	0.758777	
1800	1.287753	-0.088596	0.756500	
1801	1.283574	-0.087316	0.753218	
1802	1.277697	-0.086100	0.749746	
1803	1.271698	-0.085312	0.746445	
1804	1.268045	-0.084684	0.743349	
1805	1.264134	-0.082011	0.741510	
1806	1.260676	-0.079891	0.740045	
1807	1.256755	-0.079693	0.737269	
1808	1.252065	-0.077487	0.734827	
1809	1.248890	-0.074833	0.732783	
1810	1.245060	-0.073281	0.729312	
1811	1.241225	-0.069804	0.726010	
1812	1.238239	-0.066276	0.722821	
1813	1.233809	-0.063950	0.717579	
1814	1.228177	-0.060014	0.712274	
1815	1.224883	-0.055304	0.707789	
1816	1.222399	-0.052957	0.701524	
1817	1.218163	-0.048477	0.695555	
1818	1.215302	-0.045132	0.690169	
1819	1.213709	-0.042777	0.684110	
1820	1.210361	-0.037583	0.678905	
1821	1.206198	-0.035358	0.673527	
1822	1.203713	-0.032504	0.668075	
1823	1.200014	-0.028448	0.663484	
1824	1.195819	-0.023801	0.659297	
1825	1.193285	-0.025153	0.653001	
1826	1.187447	-0.020902	0.648933	
1827	1.185685	-0.020673	0.643783	
1828	1.180865	-0.020009	0.638396	
1829	1.174734	-0.015578	0.635731	
1830	1.171982	-0.017199	0.630542	
1831	1.164783	-0.015571	0.626427	
1832	1.158239	-0.016119	0.621994	
1833	1.151186	-0.014344	0.618478	
1834	1.144375	-0.015606	0.613391	
1835	1.134804	-0.014969	0.609409	
1836	1.126786	-0.014086	0.605640	
1837	1.121134	-0.015048	0.601516	
1838	1.111403	-0.017855	0.596853	
1839	1.101856	-0.020383	0.593352	
1840	1.094612	-0.022973	0.590484	
1841	1.084362	-0.029808	0.586490	
1842	1.073525	-0.033892	0.584140	
1843	1.064984	-0.037316	0.582997	
1844	1.054437	-0.040662	0.582612	
1845	1.042447	-0.043736	0.582865	
1846	1.032182	-0.047153	0.582736	
1847	1.021971	-0.051230	0.583178	
1848	1.010169	-0.055520	0.584195	
1849	1.001219	-0.058248	0.585278	
1850	0.990883	-0.060061	0.586592	
1851	0.979263	-0.063950	0.588613	
1852	0.969426	-0.066771	0.590011	
1853	0.957764	-0.071234	0.591582	
1854	0.947430	-0.073273	0.592713	
1855	0.937368	-0.078568	0.593300	
1856	0.926616	-0.080603	0.595594	
1857	0.916908	-0.084292	0.597740	
1858	0.908235	-0.085674	0.599673	
1859	0.899237	-0.087914	0.601615	
1860	0.889993	-0.091940	0.603780	
1861	0.883170	-0.092597	0.606041	
1862	0.874744	-0.093162	0.609533	
1863	0.867945	-0.097106	0.611781	
1864	0.861069	-0.097493	0.614433	
1865	0.853217	-0.099448	0.617649	
1866	0.846327	-0.100256	0.620820	
1867	0.839375	-0.102394	0.623677	
1868	0.830813	-0.100455	0.627732	
1869	0.825653	-0.102195	0.631502	
1870	0.820912	-0.106884	0.633275	
1871	0.813818	-0.108566	0.636146	
1872	0.805391	-0.108700	0.640226	
1873	0.801157	-0.114318	0.641649	
1874	0.796251	-0.115101	0.643441	
1875	0.788230	-0.116641	0.646976	
1876	0.784295	-0.120988	0.648766	
1877	0.779330	-0.121244	0.651157	
1878	0.772235	-0.119915	0.654631	
1879	0.767681	-0.120859	0.657029	
1880	0.763196	-0.124121	0.659536	
1881	0.757137	-0.122404	0.662989	
1882	0.753010	-0.124995	0.666555	
1883	0.749165	-0.124805	0.669956	
1884	0.741386	-0.126385	0.677381	
1885	0.736276	-0.125769	0.680917	
1886	0.731628	-0.126717	0.685432	
1887	0.726951	-0.125334	0.689469	
1888	0.723699	-0.127749	0.693003	
1889	0.719488	-0.127313	0.697582	
1890	0.717523	-0.126230	0.702622	
1891	0.714416	-0.125172	0.707590	
1892	0.711021	-0.125820	0.713375	
1893	0.708358	-0.123682	0.720108	
1894	0.704986	-0.124745	0.727320	
1895	0.702405	-0.124156	0.735615	
1896	0.700256	-0.122607	0.744013	
1897	0.697342	-0.123696	0.752397	
1898	0.694810	-0.121855	0.761293	
1899	0.693192	-0.122434	0.769810	
1900	0.689975	-0.122467	0.777559	
1901	0.687407	-0.123571	0.785117	
1902	0.684154	-0.123445	0.792711	
1903	0.681180	-0.125083	0.800122	
1904	0.679035	-0.128358	0.807779	
1905	0.676219	-0.129466	0.816256	
1906	0.673165	-0.133026	0.824148	
1907	0.669291	-0.136413	0.831404	
1908	0.665511	-0.137209	0.839808	
1909	0.663307	-0.143229	0.847566	
1910	0.660280	-0.146997	0.854610	
1911	0.657642	-0.148287	0.863457	
1912	0.654733	-0.151720	0.871205	
1913	0.651366	-0.155707	0.877578	
1914	0.649508	-0.157132	0.886240	
1915	0.648886	-0.160252	0.893795	
1916	0.647723	-0.163704	0.900381	
1917	0.646588	-0.165439	0.907765	
1918	0.646479	-0.167888	0.914916	
1919	0.645765	-0.170200	0.920650	
1920	0.645555	-0.171999	0.927119	
1921	0.645876	-0.175118	0.933140	
1922	0.646847	-0.177525	0.938721	
1923	0.648746	-0.179603	0.944845	
1924	0.650325	-0.182398	0.950525	
1925	0.651268	-0.184734	0.955460	
1926	0.652275	-0.187497	0.960303	
1927	0.653597	-0.189672	0.965724	
1928	0.655394	-0.191757	0.971159	
1929	0.656023	-0.194328	0.976059	
1930	0.657291	-0.195155	0.982529	
1931	0.657578	-0.197802	0.987953	
1932	0.658545	-0.199133	0.993340	
1933	0.661132	-0.200604	0.999620	
1934	0.662595	-0.203661	1.004239	
1935	0.662741	-0.203210	1.008965	
1936	0.664227	-0.203201	1.014646	
1937	0.665022	-0.204161	1.019108	
1938	0.667043	-0.204572	1.029609	
1939	0.667578	-0.203815	1.033932	
1940	0.668080	-0.203109	1.038234	
1941	0.669480	-0.200361	1.048868	
1942	0.669493	-0.198574	1.053520	
1943	0.670166	-0.196106	1.059469	
1944	0.671727	-0.194015	1.064834	
1945	0.672045	-0.191519	1.070707	
1946	0.671967	-0.188740	1.076587	
1947	0.672330	-0.186437	1.082334	
1948	0.670294	-0.178903	1.100361	
1949	0.670099	-0.176528	1.107107	
1950	0.670513	-0.175634	1.113950	
1951	0.670606	-0.173528	1.128185	
1952	0.670559	-0.173438	1.135416	
1953	0.669176	-0.172400	1.142551	
1954	0.668687	-0.172352	1.149101	
1955	0.668973	-0.172994	1.155509	
1956	0.669470	-0.172731	1.162152	
1957	0.668878	-0.174127	1.173150	
1958	0.668599	-0.174466	1.178718	
1959	0.668401	-0.175326	1.183804	
1960	0.669253	-0.175308	1.189457	
1961	0.669840	-0.175660	1.195110	
1962	0.670033	-0.176099	1.200191	
1963	0.670191	-0.176649	1.205077	
1964	0.671364	-0.176413	1.210241	
1965	0.672362	-0.176485	1.215144	
1966	0.672914	-0.177348	1.219479	
1967	0.673316	-0.176737	1.224127	
1968	0.672823	-0.176816	1.228105	
1969	0.673299	-0.176318	1.231777	
1970	0.673006	-0.175041	1.236114	
1971	0.673758	-0.173694	1.239829	
1972	0.674150	-0.172440	1.243023	
1973	0.673756	-0.170774	1.246234	
1974	0.675412	-0.169815	1.249276	
1975	0.675400	-0.168679	1.251630	
1976	0.674004	-0.167579	1.253788	
1977	0.673397	-0.166841	1.255466	
1978	0.673119	-0.165884	1.257654	
1979	0.672579	-0.165836	1.259210	
1980	0.671062	-0.164429	1.260689	
1981	0.669675	-0.163174	1.262512	
1982	0.668392	-0.162553	1.264226	
1983	0.664604	-0.161423	1.267010	
1984	0.662432	-0.159096	1.269095	
1985	0.660291	-0.156417	1.270925	
1986	0.657391	-0.153525	1.272939	
1987	0.654102	-0.151450	1.274013	
1988	0.650215	-0.148427	1.275264	
1989	0.646830	-0.146438	1.276420	
1990	0.643339	-0.145280	1.277109	
1991	0.639904	-0.144260	1.277816	
1992	0.637526	-0.143337	1.278796	
1993	0.634717	-0.143651	1.279570	
1994	0.631956	-0.143299	1.280635	
1995	0.630068	-0.142685	1.282013	
1996	0.627800	-0.142253	1.283502	
1997	0.624646	-0.141270	1.285008	
1998	0.621494	-0.140553	1.286532	
1999	0.617449	-0.139974	1.287374	
2000	0.613197	-0.139560	1.288321	
2001	0.608607	-0.140141	1.288405	
2002	0.604160	-0.139352	1.288876	
2003	0.599489	-0.138895	1.289414	
2004	0.596046	-0.139102	1.289958	
2005	0.591740	-0.138814	1.290452	
2006	0.587889	-0.138151	1.291280	
2007	0.583839	-0.138945	1.291276	
2008	0.579061	-0.139226	1.291093	
2009	0.573697	-0.139247	1.290415	
2010	0.568900	-0.138547	1.289953	
2011	0.563503	-0.137834	1.289514	
2012	0.558002	-0.137328	1.288806	
2013	0.552543	-0.138360	1.287196	
2014	0.547195	-0.137091	1.286106	
2015	0.542355	-0.136102	1.285296	
2016	0.538401	-0.135089	1.284569	
2017	0.534659	-0.132819	1.284479	
2018	0.530350	-0.133402	1.283071	
2019	0.527525	-0.132042	1.282789	
2020	0.524131	-0.131794	1.282425	
2021	0.521280	-0.131422	1.281751	
2022	0.518370	-0.130426	1.281219	
2023	0.513079	-0.130456	1.279946	
2024	0.510885	-0.129859	1.279468	
2025	0.508434	-0.129972	1.279022	
2026	0.505377	-0.130370	1.277712	
2027	0.503000	-0.128352	1.277706	
2028	0.500507	-0.128992	1.277059	
2029	0.498131	-0.127593	1.276199	
2030	0.495914	-0.127385	1.275872	
2031	0.493067	-0.126655	1.274871	
2032	0.490264	-0.125847	1.274048	
2033	0.487242	-0.125823	1.273046	
2034	0.483443	-0.125058	1.271369	
2035	0.480443	-0.124450	1.270435	
2036	0.476511	-0.123731	1.268565	
2037	0.472971	-0.123038	1.267085	
2038	0.468998	-0.122671	1.264781	
2039	0.465531	-0.122670	1.263324	
2040	0.461858	-0.121588	1.261127	
2041	0.458765	-0.121292	1.259337	
2042	0.455753	-0.121060	1.257513	
2043	0.452940	-0.120140	1.255889	
2044	0.445864	-0.118432	1.249790	
2045	0.439105	-0.115193	1.244027	
2046	0.434868	-0.113924	1.240137	
2047	0.432308	-0.112610	1.237514	
2048	0.428761	-0.111404	1.233759	
2049	0.425466	-0.108963	1.230604	
2050	0.422047	-0.108490	1.227189	
2051	0.418886	-0.107043	1.224216	
2052	0.416207	-0.105491	1.221953	
2053	0.412883	-0.104900	1.218585	
2054	0.410666	-0.103034	1.216564	
2055	0.407151	-0.102188	1.213326	
2056	0.403757	-0.101285	1.210198	
2057	0.397906	-0.098042	1.204754	
2058	0.394573	-0.097523	1.201494	
2059	0.392303	-0.095646	1.199515	
2060	0.388832	-0.094284	1.196251	
2061	0.385997	-0.092007	1.193584	
2062	0.380607	-0.087904	1.188722	
2063	0.378181	-0.085611	1.186337	
2064	0.373708	-0.079987	1.181839	
2065	0.372032	-0.077858	1.180256	
2066	0.370223	-0.076161	1.177955	
2067	0.368641	-0.073867	1.176354	
2068	0.366543	-0.073102	1.173772	
2069	0.365067	-0.071975	1.171496	
2070	0.361327	-0.070799	1.167024	
2071	0.359929	-0.070648	1.164908	
2072	0.357949	-0.069707	1.162294	
2073	0.355928	-0.070430	1.159087	
2074	0.354225	-0.070618	1.155755	
2075	0.353583	-0.069754	1.153466	
2076	0.351512	-0.070010	1.149403	
2077	0.350640	-0.068807	1.145984	
2078	0.349712	-0.068221	1.142582	
2079	0.348747	-0.068669	1.138657	
2080	0.347830	-0.067624	1.134723	
2081	0.347641	-0.066250	1.131128	
2082	0.346406	-0.065743	1.126429	
2083	0.346017	-0.064467	1.121995	
2084	0.345430	-0.063137	1.117016	
2085	0.344416	-0.061580	1.111231	
2086	0.344955	-0.060004	1.106606	
2087	0.344876	-0.059813	1.101179	
2088	0.344847	-0.058195	1.094911	
2089	0.345725	-0.056372	1.089071	
2090	0.346551	-0.055242	1.083154	
2091	0.347956	-0.052620	1.077736	
2092	0.351931	-0.048790	1.072963	
2093	0.350787	-0.047918	1.066321	
2094	0.351901	-0.044287	1.061055	
2095	0.355657	-0.042756	1.054787	
2096	0.353292	-0.042131	1.048229	
2097	0.354945	-0.038568	1.042770	
2098	0.355258	-0.037941	1.034935	
2099	0.354807	-0.035465	1.027241	
2100	0.354920	-0.033097	1.019437	
2101	0.354810	-0.032199	1.011234	
2102	0.354217	-0.030077	1.003613	
2103	0.354475	-0.027457	0.997118	
2104	0.353802	-0.026841	0.990256	
2105	0.352334	-0.026711	0.983296	
2106	0.351047	-0.026636	0.976745	
2107	0.350185	-0.027239	0.970855	
2108	0.347615	-0.028649	0.964649	
2109	0.344935	-0.028400	0.959812	
2110	0.341738	-0.029629	0.953982	
2111	0.339462	-0.029365	0.949059	
2112	0.336472	-0.028977	0.944184	
2113	0.332450	-0.030318	0.938472	
2114	0.328956	-0.028753	0.933895	
2115	0.325315	-0.027448	0.929482	
2116	0.323539	-0.027984	0.925787	
2117	0.319642	-0.026790	0.921233	
2118	0.316054	-0.024740	0.916890	
2119	0.312403	-0.024443	0.911785	
2120	0.310193	-0.023620	0.907540	
2121	0.309780	-0.021980	0.903682	
2122	0.304070	-0.024531	0.890875	
2123	0.304274	-0.022311	0.885868	
2124	0.299939	-0.024658	0.871334	
2125	0.301222	-0.022277	0.865711	
2126	0.298860	-0.024661	0.857633	
2127	0.298490	-0.023698	0.850376	
2128	0.300313	-0.021156	0.845148	
2129	0.300523	-0.023048	0.837461	
2130	0.298618	-0.024073	0.827893	
2131	0.298127	-0.021493	0.820544	
2132	0.298529	-0.021276	0.812728	
2133	0.298104	-0.021395	0.797857	
2134	0.299130	-0.022965	0.782609	
2135	0.298989	-0.020845	0.776615	
2136	0.299378	-0.019718	0.770380	
2137	0.299048	-0.021330	0.763538	
2138	0.299590	-0.019216	0.758159	
2139	0.300128	-0.017222	0.752452	
2140	0.301731	-0.018425	0.746477	
2141	0.300335	-0.016819	0.740001	
2142	0.302454	-0.015630	0.734098	
2143	0.303370	-0.013113	0.728415	
2144	0.305366	-0.013400	0.722038	
2145	0.306067	-0.011987	0.716021	
2146	0.307155	-0.009219	0.709975	
2147	0.308102	-0.009629	0.703402	
2148	0.311038	-0.008140	0.697110	
2149	0.315474	-0.003515	0.685581	
2150	0.317456	-0.004446	0.678207	
2151	0.320417	-0.000720	0.672455	
2152	0.324600	0.001364	0.656368	
2153	0.326061	0.002703	0.647892	
2154	0.327105	0.006657	0.640819	
2155	0.328723	0.009701	0.632226	
2156	0.328976	0.010346	0.622580	
2157	0.330777	0.012264	0.613904	
2158	0.332586	0.015592	0.604919	
2159	0.332999	0.016036	0.593037	
2160	0.334115	0.017567	0.582520	
2161	0.339664	0.022741	0.561123	
2162	0.339268	0.025533	0.550950	
2163	0.340151	0.027481	0.540397	
2164	0.340359	0.031346	0.529106	
2165	0.339499	0.031579	0.515878	
2166	0.339537	0.035633	0.505869	
2167	0.340203	0.038440	0.495310	
2168	0.340690	0.040098	0.482992	
2169	0.338652	0.039451	0.469991	
2170	0.338516	0.041259	0.460039	
2171	0.336922	0.044603	0.449790	
2172	0.335828	0.045238	0.439037	
2173	0.335712	0.046884	0.429952	
2174	0.334585	0.050574	0.421887	
2175	0.333650	0.051586	0.412677	
2176	0.331649	0.052155	0.404005	
2177	0.331045	0.055282	0.397504	
2178	0.331129	0.057415	0.390436	
2179	0.331195	0.057231	0.382388	
2180	0.326746	0.060473	0.370454	
2181	0.323765	0.061603	0.364195	
2182	0.319907	0.062428	0.358613	
2183	0.312267	0.063373	0.352997	
2184	0.309383	0.065352	0.347049	
2185	0.304704	0.065229	0.340823	
2186	0.297203	0.066437	0.335851	
2187	0.291385	0.067455	0.330485	
2188	0.285029	0.067789	0.324639	
2189	0.277159	0.069773	0.319466	
2190	0.269050	0.071499	0.314430	
2191	0.261942	0.072399	0.307950	
2192	0.252960	0.072763	0.300476	
2193	0.243072	0.074663	0.294866	
2194	0.234721	0.076233	0.289322	
2195	0.226071	0.077030	0.282688	
2196	0.215650	0.077200	0.275795	
2197	0.206509	0.078935	0.269958	
2198	0.198833	0.080108	0.263590	
2199	0.189719	0.080069	0.256760	
2200	0.180980	0.081029	0.251043	
2201	0.174395	0.082101	0.245253	
2202	0.166966	0.083635	0.239031	
2203	0.157790	0.083363	0.233082	
2204	0.150412	0.083774	0.228039	
2205	0.142485	0.085080	0.223196	
2206	0.134349	0.085262	0.217725	
2207	0.126431	0.085650	0.212196	
2208	0.119214	0.085654	0.206571	
2209	0.112762	0.086349	0.200810	
2210	0.105493	0.086387	0.194813	
2211	0.097986	0.086055	0.189200	
2212	0.091177	0.086914	0.184322	
2213	0.084641	0.087662	0.179049	
2214	0.067648	0.089666	0.169560	
2215	0.059502	0.090358	0.163826	
2216	0.051286	0.091306	0.158222	
2217	0.043414	0.091845	0.152287	
2218	0.035107	0.092487	0.145435	
2219	0.026112	0.092669	0.138974	
2220	0.018651	0.093761	0.132619	
2221	0.010999	0.094271	0.125035	
2222	0.000816	0.095229	0.117620	
2223	-0.007645	0.098328	0.111588	
2224	-0.015674	0.100632	0.104037	
2225	-0.026396	0.102130	0.096254	
2226	-0.034571	0.104311	0.090016	
2227	-0.043052	0.108365	0.083838	
2228	-0.052444	0.110892	0.077040	
2229	-0.061933	0.114099	0.071370	
2230	-0.068332	0.118692	0.065824	
2231	-0.077249	0.121609	0.059686	
2232	-0.087009	0.125555	0.054212	
2233	-0.094273	0.129543	0.048957	
2234	-0.101783	0.134798	0.043554	
2235	-0.119840	0.144025	0.033847	
2236	-0.124311	0.149507	0.029717	
2237	-0.133729	0.153131	0.023889	
2238	-0.141677	0.157223	0.020063	
2239	-0.147460	0.159941	0.016686	
2240	-0.153386	0.161785	0.013335	
2241	-0.160037	0.162908	0.009785	
2242	-0.165222	0.163862	0.006602	
2243	-0.172074	0.164488	0.003145	
2244	-0.178746	0.165486	0.000494	
2245	-0.184623	0.166127	-0.002259	
2246	-0.193254	0.166502	-0.005336	
2247	-0.201818	0.166553	-0.008025	
2248	-0.207917	0.167476	-0.009642	
2249	-0.212504	0.168672	-0.012454	
2250	-0.221529	0.168810	-0.015106	
2251	-0.229074	0.171087	-0.016572	
2252	-0.236140	0.171472	-0.018588	
2253	-0.243442	0.171796	-0.020203	
2254	-0.251366	0.171948	-0.021467	
2255	-0.259041	0.171731	-0.022642	
2256	-0.279397	0.169805	-0.024370	
2257	-0.294227	0.168129	-0.027030	
2258	-0.301670	0.168622	-0.027849	
2259	-0.307925	0.168899	-0.028822	
2260	-0.315762	0.169338	-0.029356	
2261	-0.322189	0.170111	-0.029662	
2262	-0.328188	0.172311	-0.029505	
2263	-0.335339	0.173150	-0.029591	
2264	-0.344242	0.173629	-0.030133	
2265	-0.351695	0.175372	-0.029971	
2266	-0.358207	0.177275	-0.030474	
2267	-0.364933	0.177166	-0.032198	
2268	-0.372365	0.176509	-0.034186	
2269	-0.380464	0.177094	-0.035731	
2270	-0.388467	0.175754	-0.038018	
2271	-0.396548	0.174602	-0.040491	
2272	-0.403006	0.173565	-0.042793	
2273	-0.409985	0.172378	-0.045414	
2274	-0.417038	0.169272	-0.048534	
2275	-0.426423	0.167846	-0.051117	
2276	-0.433116	0.166533	-0.053542	
2277	-0.439161	0.165751	-0.056013	
2278	-0.447455	0.165351	-0.057900	
2279	-0.454459	0.164557	-0.059652	
2280	-0.458976	0.164927	-0.061161	
2281	-0.467695	0.163666	-0.062871	
2282	-0.475888	0.165397	-0.063762	
2283	-0.481975	0.165076	-0.065412	
2284	-0.490427	0.163142	-0.067153	
2285	-0.495234	0.162035	-0.068420	
2286	-0.498914	0.161403	-0.070406	
2287	-0.505317	0.161185	-0.072928	
2288	-0.511682	0.160114	-0.075916	
2289	-0.517647	0.158544	-0.079602	
2290	-0.524083	0.158513	-0.083449	
2291	-0.530694	0.158241	-0.087906	
2292	-0.537172	0.158961	-0.092133	
2293	-0.543319	0.159793	-0.096933	
2294	-0.548812	0.160894	-0.102024	
2295	-0.557246	0.164600	-0.107058	
2296	-0.563999	0.167679	-0.112403	
2297	-0.569836	0.171466	-0.117523	
2298	-0.578493	0.174530	-0.122817	
2299	-0.585466	0.177578	-0.128201	
2300	-0.591792	0.181885	-0.132775	
2301	-0.597871	0.187989	-0.137097	
2302	-0.605430	0.189955	-0.141892	
2303	-0.612217	0.193770	-0.146124	
2304	-0.618710	0.200497	-0.149675	
2305	-0.624034	0.204564	-0.154012	
2306	-0.631803	0.209591	-0.156892	
2307	-0.637689	0.212669	-0.160718	
2308	-0.643501	0.217778	-0.164163	
2309	-0.650170	0.220638	-0.167761	
2310	-0.654510	0.225036	-0.170899	
2311	-0.660962	0.228308	-0.173805	
2312	-0.665679	0.231387	-0.176521	
2313	-0.671790	0.233406	-0.178886	
2314	-0.677276	0.233537	-0.181667	
2315	-0.682449	0.234828	-0.184054	
2316	-0.686236	0.236416	-0.186077	
2317	-0.691901	0.237343	-0.188050	
2318	-0.700151	0.238581	-0.189907	
2319	-0.705474	0.239686	-0.191640	
2320	-0.709793	0.240266	-0.193996	
2321	-0.715553	0.240092	-0.196950	
2322	-0.721620	0.240983	-0.199254	
2323	-0.727558	0.241202	-0.201825	
2324	-0.733418	0.240156	-0.205079	
2325	-0.739273	0.239231	-0.208040	
2326	-0.746194	0.239294	-0.210791	
2327	-0.751765	0.238969	-0.214276	
2328	-0.757330	0.236497	-0.217358	
2329	-0.764651	0.233141	-0.220532	
2330	-0.786146	0.231340	-0.220493	
2331	-0.793492	0.230556	-0.223111	
2332	-0.799021	0.228152	-0.225819	
2333	-0.808492	0.227608	-0.227964	
2334	-0.815949	0.227546	-0.230076	
2335	-0.823283	0.224780	-0.232523	
2336	-0.834308	0.225549	-0.233892	
2337	-0.839727	0.225806	-0.236557	
2338	-0.846359	0.224696	-0.239361	
2339	-0.859088	0.226629	-0.241431	
2340	-0.872739	0.229175	-0.243507	
2341	-0.877230	0.230107	-0.246962	
2342	-0.884362	0.230765	-0.250203	
2343	-0.895441	0.232794	-0.252527	
2344	-0.901363	0.231472	-0.255965	
2345	-0.909778	0.230716	-0.258901	
2346	-0.913645	0.231246	-0.262168	
2347	-0.920141	0.228912	-0.266059	
2348	-0.930230	0.228293	-0.268556	
2349	-0.937867	0.228404	-0.271379	
2350	-0.944390	0.227692	-0.274737	
2351	-0.952009	0.228100	-0.278185	
2352	-0.956103	0.225455	-0.282845	
2353	-0.962739	0.223175	-0.286962	
2354	-0.969795	0.221441	-0.290763	
2355	-0.975411	0.219586	-0.294961	
2356	-0.978988	0.219730	-0.299566	
2357	-0.988050	0.220882	-0.302862	
2358	-0.994653	0.222483	-0.306160	
2359	-1.000895	0.223863	-0.310213	
2360	-1.015718	0.225644	-0.318431	
2361	-1.027610	0.229453	-0.328785	
2362	-1.037940	0.234365	-0.333268	
2363	-1.045041	0.238387	-0.338319	
2364	-1.058531	0.245281	-0.348059	
2365	-1.075614	0.254231	-0.356655	
2366	-1.092405	0.259623	-0.365478	
2367	-1.102522	0.265398	-0.369526	
2368	-1.107082	0.268941	-0.374091	
2369	-1.115242	0.272306	-0.377244	
2370	-1.123730	0.278860	-0.379382	
2371	-1.132255	0.284413	-0.381103	
2372	-1.135917	0.287267	-0.383574	
2373	-1.140497	0.288969	-0.384432	
2374	-1.151367	0.293238	-0.382149	
2375	-1.157727	0.297607	-0.380018	
2376	-1.156760	0.297865	-0.379297	
2377	-1.160682	0.299775	-0.377405	
2378	-1.168919	0.301430	-0.373591	
2379	-1.178753	0.300237	-0.367163	
2380	-1.182580	0.302283	-0.363016	
2381	-1.189035	0.300239	-0.359120	
2382	-1.196933	0.297215	-0.353566	
2383	-1.199899	0.295984	-0.349009	
2384	-1.205775	0.296203	-0.342842	
2385	-1.212126	0.293065	-0.336466	
2386	-1.219426	0.290808	-0.329542	
2387	-1.225541	0.288476	-0.322973	
2388	-1.231742	0.281522	-0.315886	
2389	-1.240284	0.279070	-0.307573	
2390	-1.247480	0.276846	-0.299969	
2391	-1.252152	0.272874	-0.292480	
2392	-1.255595	0.266526	-0.285699	
2393	-1.264293	0.261042	-0.277682	
2394	-1.271791	0.256787	-0.270186	
2395	-1.277483	0.255124	-0.263318	
2396	-1.283667	0.249814	-0.256657	
2397	-1.288183	0.242476	-0.250613	
2398	-1.295235	0.236897	-0.243677	
2399	-1.306424	0.227838	-0.234539	
2400	-1.311606	0.221650	-0.228828	
2401	-1.314536	0.214832	-0.223264	
2402	-1.316040	0.208214	-0.218475	
2403	-1.321419	0.203173	-0.212821	
2404	-1.325705	0.197255	-0.207942	
2405	-1.327025	0.191348	-0.203748	
2406	-1.331446	0.188839	-0.198642	
2407	-1.335602	0.183683	-0.193717	
2408	-1.340517	0.179118	-0.188609	
2409	-1.344652	0.174607	-0.183396	
2410	-1.351500	0.168577	-0.173415	
2411	-1.354358	0.160278	-0.165133	
2412	-1.359239	0.158062	-0.160208	
2413	-1.361172	0.155226	-0.155690	
2414	-1.359029	0.150379	-0.152851	
2415	-1.363127	0.147353	-0.147426	
2416	-1.364511	0.144098	-0.143227	
2417	-1.363724	0.140489	-0.139229	
2418	-1.363789	0.137456	-0.135439	
2419	-1.368173	0.134985	-0.129995	
2420	-1.367782	0.130978	-0.126715	
2421	-1.370881	0.128094	-0.121639	
2422	-1.373650	0.125876	-0.117010	
2423	-1.374307	0.121706	-0.113367	
2424	-1.378749	0.120440	-0.108207	
2425	-1.379844	0.120265	-0.103505	
2426	-1.380097	0.117962	-0.099071	
2427	-1.385036	0.115121	-0.092838	
2428	-1.387124	0.113616	-0.087033	
2429	-1.388860	0.113837	-0.081547	
2430	-1.385889	0.112224	-0.077626	
2431	-1.388202	0.111269	-0.071687	
2432	-1.390384	0.111773	-0.065988	
2433	-1.392025	0.109477	-0.060355	
2434	-1.393179	0.107688	-0.054155	
2435	-1.391296	0.106656	-0.049603	
2436	-1.391553	0.105760	-0.043454	
2437	-1.390087	0.103352	-0.037583	
2438	-1.384670	0.100890	-0.032295	
2439	-1.382432	0.097026	-0.025399	
2440	-1.380293	0.091706	-0.017853	
2441	-1.376322	0.087188	-0.010071	
2442	-1.368862	0.084265	-0.003353	
2443	-1.363852	0.078956	0.004755	
2444	-1.363727	0.072979	0.014999	
2445	-1.356349	0.069354	0.023507	
2446	-1.345361	0.062727	0.029887	
2447	-1.344027	0.054891	0.039601	
2448	-1.336950	0.050554	0.048170	
2449	-1.322592	0.044537	0.053308	
2450	-1.320522	0.034338	0.061789	
2451	-1.318544	0.028237	0.071486	
2452	-1.303080	0.023603	0.077457	
2453	-1.293968	0.016445	0.084072	
2454	-1.292578	0.011449	0.093530	
2455	-1.284912	0.006724	0.100393	
2456	-1.274697	0.003305	0.105494	
2457	-1.272491	-0.001102	0.112566	
2458	-1.268480	-0.003142	0.118954	
2459	-1.258701	-0.006563	0.122918	
2460	-1.250659	-0.009936	0.126192	
2461	-1.247782	-0.010744	0.131370	
2462	-1.245275	-0.010973	0.136189	
2463	-1.236666	-0.012127	0.138956	
2464	-1.228836	-0.012402	0.142516	
2465	-1.225571	-0.012108	0.147758	
2466	-1.222397	-0.012784	0.152783	
2467	-1.215041	-0.014445	0.157414	
2468	-1.209109	-0.012111	0.163445	
2469	-1.205217	-0.010386	0.168452	
2470	-1.200715	-0.011484	0.172796	
2471	-1.197086	-0.009116	0.178219	
2472	-1.195179	-0.006454	0.184367	
2473	-1.189315	-0.006111	0.187827	
2474	-1.185779	-0.006631	0.192158	
2475	-1.182835	-0.004707	0.196747	
2476	-1.176990	-0.004610	0.199454	
2477	-1.174486	-0.006107	0.202680	
2478	-1.170511	-0.005565	0.205686	
2479	-1.166693	-0.003984	0.208566	
2480	-1.165318	-0.003646	0.211707	
2481	-1.160505	-0.003664	0.214736	
2482	-1.156515	-0.002599	0.218486	
2483	-1.150326	-0.005736	0.221206	
2484	-1.150139	-0.003410	0.227988	
2485	-1.147993	-0.000628	0.233879	
2486	-1.140211	-0.002548	0.237339	
2487	-1.136925	-0.004265	0.241800	
2488	-1.139065	-0.001446	0.247336	
2489	-1.135023	-0.002706	0.251352	
2490	-1.130373	-0.001961	0.255318	
2491	-1.128149	-0.001645	0.259536	
2492	-1.127017	-0.002536	0.264358	
2493	-1.122807	0.003300	0.269076	
2494	-1.116057	0.002392	0.271062	
2495	-1.116844	0.003830	0.275372	
2496	-1.117000	0.008389	0.280259	
2497	-1.111453	0.008677	0.281919	
2498	-1.111745	0.008985	0.284901	
2499	-1.114738	0.014309	0.289801	
2500	-1.110698	0.014984	0.290972	
2501	-1.110830	0.014866	0.292993	
2502	-1.112617	0.017262	0.296183	
2503	-1.110691	0.017077	0.297379	
2504	-1.112110	0.016630	0.298902	
2505	-1.114584	0.017840	0.301121	
2506	-1.113311	0.018330	0.302293	
2507	-1.113044	0.018024	0.303187	
2508	-1.114450	0.019377	0.304845	
2509	-1.113837	0.019832	0.306054	
2510	-1.111420	0.020883	0.306554	
2511	-1.112813	0.021504	0.307773	
2512	-1.114769	0.024615	0.310138	
2513	-1.113853	0.026085	0.311628	
2514	-1.114300	0.026425	0.312928	
2515	-1.118040	0.029232	0.316195	
2516	-1.115553	0.031189	0.317672	
2517	-1.113617	0.031557	0.318536	
2518	-1.118733	0.034387	0.322290	
2519	-1.117635	0.036975	0.324488	
2520	-1.115508	0.036892	0.325845	
2521	-1.118258	0.039080	0.329135	
2522	-1.117249	0.041057	0.331441	
2523	-1.114985	0.042459	0.333600	
2524	-1.113034	0.044223	0.335398	
2525	-1.114745	0.045843	0.338276	
2526	-1.111037	0.047119	0.340019	
2527	-1.108510	0.048699	0.341489	
2528	-1.110213	0.050659	0.344194	
2529	-1.109324	0.052521	0.346266	
2530	-1.104558	0.053628	0.346255	
2531	-1.104163	0.054004	0.347090	
2532	-1.105679	0.055937	0.348793	
2533	-1.102458	0.056817	0.348868	
2534	-1.101018	0.056393	0.348589	
2535	-1.103332	0.057174	0.350400	
2536	-1.100539	0.057855	0.350972	
2537	-1.099562	0.057126	0.351076	
2538	-1.099624	0.056791	0.351788	
2539	-1.099010	0.056357	0.352634	
2540	-1.097135	0.056334	0.352731	
2541	-1.095824	0.055203	0.353178	
2542	-1.093092	0.054750	0.352574	
2543	-1.092734	0.054208	0.352526	
2544	-1.091702	0.053825	0.352684	
2545	-1.089889	0.053288	0.352478	
2546	-1.090776	0.051983	0.352565	
2547	-1.090173	0.052633	0.352993	
2548	-1.087360	0.053795	0.352611	
2549	-1.088037	0.053802	0.352913	
2550	-1.088195	0.054894	0.353437	
2551	-1.085363	0.056941	0.353337	
2552	-1.084419	0.057111	0.353066	
2553	-1.084136	0.059188	0.353855	
2554	-1.080698	0.061061	0.353254	
2555	-1.080274	0.061618	0.353152	
2556	-1.079911	0.063100	0.353594	
2557	-1.076831	0.065505	0.352889	
2558	-1.075922	0.066002	0.352409	
2559	-1.076478	0.067366	0.352799	
2560	-1.073142	0.069413	0.352172	
2561	-1.072784	0.070019	0.351738	
2562	-1.073126	0.071502	0.352106	
2563	-1.069037	0.073993	0.351278	
2564	-1.068809	0.075086	0.351170	
2565	-1.067672	0.077252	0.351198	
2566	-1.063518	0.080892	0.349910	
2567	-1.063865	0.082337	0.349875	
2568	-1.060589	0.084394	0.348433	
2569	-1.060153	0.085669	0.347300	
2570	-1.058207	0.086638	0.346318	
2571	-1.058339	0.086849	0.345276	
2572	-1.057828	0.087368	0.344539	
2573	-1.055459	0.087982	0.343273	
2574	-1.055228	0.088549	0.341934	
2575	-1.052925	0.088248	0.340448	
2576	-1.053911	0.088375	0.340114	
2577	-1.051579	0.088401	0.339140	
2578	-1.049855	0.088591	0.337212	
2579	-1.048691	0.089398	0.336665	
2580	-1.045817	0.090141	0.335557	
2581	-1.045500	0.090679	0.334983	
2582	-1.045934	0.091144	0.334936	
2583	-1.043873	0.091933	0.334159	
