0	0.000000	0.000000	0.000000	
1	0.000000	0.000000	0.000000	
2	0.000000	0.000000	0.000000	
3	0.000000	0.000000	0.000000	
4	0.000022	0.001283	0.000713	
5	-0.000354	0.001237	0.000689	
6	-0.000665	0.002180	0.000445	
7	-0.000450	0.001668	0.000063	
8	-0.001100	0.005053	0.000511	
9	-0.000619	0.003776	-0.000217	
10	-0.000607	0.005142	0.000065	
11	-0.000590	0.003784	-0.000380	
12	-0.000663	0.003287	-0.000172	
13	-0.000494	0.003337	-0.000215	
14	-0.001124	0.002168	-0.000760	
15	-0.001209	0.001563	-0.000921	
16	-0.001083	0.000730	-0.001348	
17	-0.001289	-0.000503	-0.002055	
18	-0.000820	-0.000113	-0.001905	
19	-0.001027	-0.000409	-0.002553	
20	-0.001234	0.000301	-0.002439	
21	-0.000901	-0.000216	-0.002623	
22	0.000748	0.000481	-0.002645	
23	0.001085	0.000569	-0.003087	
24	0.000805	-0.000209	-0.003759	
25	0.001575	0.000290	-0.004091	
26	0.001947	0.000027	-0.004843	
27	0.002110	-0.000606	-0.005813	
28	0.003613	-0.000067	-0.006111	
29	0.003227	0.000342	-0.006541	
30	0.002705	-0.000504	-0.007454	
31	0.003886	-0.000504	-0.007634	
32	0.004301	0.000903	-0.007557	
33	0.003739	0.001554	-0.008157	
34	0.004095	0.002129	-0.008355	
35	0.004539	0.002148	-0.008490	
36	0.004478	0.002203	-0.008772	
37	0.005081	0.003331	-0.008485	
38	0.005785	0.004893	-0.008434	
39	0.004987	0.004773	-0.009122	
40	0.005325	0.005395	-0.008906	
41	0.005855	0.005477	-0.009174	
42	0.006105	0.004433	-0.009963	
43	0.006273	0.003362	-0.010545	
44	0.006809	0.002976	-0.010683	
45	0.006972	0.003586	-0.010966	
46	0.007171	0.003522	-0.011387	
47	0.007555	0.003983	-0.011610	
48	0.007471	0.004675	-0.012009	
49	0.007174	0.004269	-0.012357	
50	0.008188	0.004433	-0.012515	
51	0.008385	0.003808	-0.013230	
52	0.007742	0.003269	-0.013504	
53	0.008229	0.004415	-0.013621	
54	0.007929	0.004183	-0.013991	
55	0.008117	0.004045	-0.014414	
56	0.008147	0.004292	-0.014406	
57	0.007981	0.004266	-0.014765	
58	0.007710	0.004356	-0.014911	
59	0.008546	0.005958	-0.014187	
60	0.008124	0.006154	-0.014012	
61	0.007018	0.006759	-0.013709	
62	0.007788	0.007884	-0.013014	
63	0.007959	0.008707	-0.012349	
64	0.007177	0.010021	-0.011691	
65	0.006643	0.010182	-0.011439	
66	0.006507	0.010238	-0.011098	
67	0.006475	0.011899	-0.010237	
68	0.005346	0.011977	-0.010169	
69	0.003445	0.012480	-0.010242	
70	0.002107	0.012584	-0.010462	
71	-0.000180	0.011584	-0.011615	
72	-0.003086	0.011425	-0.012992	
73	-0.006289	0.009168	-0.015908	
74	-0.011575	0.007529	-0.019553	
75	-0.018239	0.006531	-0.023299	
76	-0.023717	0.005922	-0.027614	
77	-0.036808	0.003118	-0.037373	
78	-0.045373	0.002110	-0.042249	
79	-0.054565	0.002339	-0.046499	
80	-0.063396	0.001774	-0.051186	
81	-0.072757	0.001852	-0.055543	
82	-0.084116	0.002422	-0.060159	
83	-0.094941	0.004426	-0.064039	
84	-0.105590	0.006258	-0.067588	
85	-0.117178	0.008502	-0.070843	
86	-0.129405	0.010585	-0.073778	
87	-0.142752	0.013576	-0.076256	
88	-0.155986	0.016680	-0.078561	
89	-0.167861	0.019249	-0.080829	
90	-0.181308	0.021237	-0.083474	
91	-0.193671	0.025290	-0.084924	
92	-0.204703	0.028990	-0.086518	
93	-0.217073	0.031416	-0.088504	
94	-0.228737	0.033229	-0.089842	
95	-0.239521	0.034891	-0.091848	
96	-0.249482	0.037046	-0.093506	
97	-0.259800	0.037045	-0.095279	
98	-0.269340	0.036833	-0.096908	
99	-0.279983	0.036554	-0.097741	
100	-0.288640	0.036658	-0.098299	
101	-0.299008	0.035085	-0.098899	
102	-0.308868	0.034363	-0.098845	
103	-0.317870	0.033176	-0.098661	
104	-0.326372	0.031271	-0.098885	
105	-0.335728	0.028954	-0.099116	
106	-0.345519	0.027830	-0.098384	
107	-0.353556	0.027474	-0.097378	
108	-0.372646	0.023593	-0.095955	
109	-0.382205	0.022938	-0.094266	
110	-0.391553	0.021974	-0.092609	
111	-0.401474	0.020376	-0.090317	
112	-0.413248	0.018979	-0.087697	
113	-0.424456	0.017894	-0.084971	
114	-0.434653	0.015520	-0.082319	
115	-0.445463	0.012159	-0.079160	
116	-0.457457	0.008056	-0.076035	
117	-0.467892	0.005087	-0.071879	
118	-0.475339	0.003017	-0.066232	
119	-0.499121	-0.002644	-0.054198	
120	-0.507043	-0.003627	-0.046746	
121	-0.511968	-0.007832	-0.039821	
122	-0.521503	-0.011600	-0.032910	
123	-0.529133	-0.012675	-0.025957	
124	-0.537084	-0.017092	-0.020501	
125	-0.544465	-0.020904	-0.014547	
126	-0.551765	-0.023100	-0.008785	
127	-0.560032	-0.027643	-0.004425	
128	-0.566858	-0.032096	0.000084	
129	-0.573209	-0.036076	0.004825	
130	-0.581759	-0.040257	0.009105	
131	-0.587712	-0.043341	0.014170	
132	-0.593393	-0.047364	0.019387	
133	-0.599752	-0.051417	0.024396	
134	-0.615052	-0.056404	0.035367	
135	-0.622259	-0.059215	0.041169	
136	-0.630512	-0.061298	0.046656	
137	-0.638587	-0.064148	0.052073	
138	-0.652701	-0.068843	0.063124	
139	-0.661979	-0.070001	0.068791	
140	-0.679830	-0.074025	0.079963	
141	-0.688467	-0.076149	0.085548	
142	-0.697677	-0.076442	0.091698	
143	-0.706760	-0.078153	0.097331	
144	-0.716066	-0.080731	0.102944	
145	-0.723888	-0.083662	0.107984	
146	-0.733652	-0.087563	0.112828	
147	-0.743502	-0.088800	0.118451	
148	-0.751535	-0.092184	0.123311	
149	-0.760519	-0.094872	0.128346	
150	-0.769905	-0.096134	0.134075	
151	-0.784293	-0.102598	0.145036	
152	-0.792370	-0.104748	0.150372	
153	-0.799048	-0.108403	0.155320	
154	-0.803664	-0.112566	0.160118	
155	-0.810358	-0.113953	0.165410	
156	-0.816925	-0.115326	0.171072	
157	-0.821348	-0.118099	0.176619	
158	-0.826142	-0.121893	0.182081	
159	-0.833117	-0.123892	0.188153	
160	-0.838294	-0.126321	0.193991	
161	-0.842391	-0.129857	0.199234	
162	-0.848389	-0.131357	0.204471	
163	-0.855385	-0.132664	0.209773	
164	-0.859849	-0.135201	0.214689	
165	-0.864766	-0.138681	0.219024	
166	-0.871379	-0.140191	0.223907	
167	-0.876276	-0.142523	0.228948	
168	-0.879837	-0.145888	0.233269	
169	-0.885921	-0.147673	0.238591	
170	-0.892753	-0.149234	0.244220	
171	-0.897174	-0.155020	0.249192	
172	-0.902264	-0.159724	0.254162	
173	-0.909366	-0.163024	0.259725	
174	-0.919474	-0.169294	0.271341	
175	-0.925354	-0.173739	0.277416	
176	-0.931564	-0.175631	0.283947	
177	-0.935890	-0.179819	0.290599	
178	-0.940710	-0.183526	0.297367	
179	-0.946182	-0.187140	0.304164	
180	-0.951083	-0.190826	0.310589	
181	-0.955779	-0.194004	0.316870	
182	-0.960285	-0.197429	0.322660	
183	-0.966330	-0.202031	0.328692	
184	-0.970727	-0.203687	0.334754	
185	-0.973190	-0.207907	0.339572	
186	-0.979804	-0.209477	0.345313	
187	-0.986676	-0.211609	0.350935	
188	-0.991571	-0.213744	0.356297	
189	-0.995984	-0.215671	0.361432	
190	-1.003947	-0.216040	0.367481	
191	-1.011164	-0.216899	0.373707	
192	-1.016246	-0.217605	0.380064	
193	-1.021691	-0.219195	0.385990	
194	-1.030807	-0.219530	0.392657	
195	-1.041022	-0.218800	0.399625	
196	-1.049592	-0.220431	0.405379	
197	-1.059327	-0.221207	0.410805	
198	-1.072123	-0.222291	0.416856	
199	-1.082991	-0.222982	0.421668	
200	-1.092505	-0.223762	0.425800	
201	-1.103913	-0.224314	0.430374	
202	-1.116806	-0.224883	0.435549	
203	-1.126103	-0.224611	0.439647	
204	-1.136825	-0.226740	0.443978	
205	-1.157728	-0.229832	0.452376	
206	-1.166212	-0.231446	0.455775	
207	-1.176600	-0.234563	0.460152	
208	-1.185876	-0.237419	0.464369	
209	-1.191950	-0.238435	0.468076	
210	-1.199746	-0.241809	0.471931	
211	-1.209504	-0.244595	0.476972	
212	-1.214750	-0.246147	0.481249	
213	-1.220714	-0.248989	0.485439	
214	-1.229622	-0.253170	0.490605	
215	-1.234742	-0.254346	0.495654	
216	-1.239228	-0.257392	0.500064	
217	-1.246943	-0.260831	0.505964	
218	-1.251351	-0.263341	0.511520	
219	-1.255746	-0.265826	0.517219	
220	-1.261449	-0.269432	0.523156	
221	-1.266764	-0.272031	0.529367	
222	-1.270636	-0.275262	0.534990	
223	-1.275470	-0.279755	0.540994	
224	-1.280163	-0.283507	0.547193	
225	-1.283695	-0.287432	0.553271	
226	-1.288126	-0.291713	0.559829	
227	-1.290541	-0.296058	0.565919	
228	-1.293151	-0.301542	0.571837	
229	-1.297093	-0.307720	0.578084	
230	-1.300333	-0.312327	0.583887	
231	-1.303810	-0.316382	0.589559	
232	-1.307829	-0.321280	0.595566	
233	-1.310228	-0.326468	0.601074	
234	-1.313938	-0.331514	0.607046	
235	-1.319630	-0.335365	0.614072	
236	-1.323342	-0.339703	0.619942	
237	-1.327005	-0.343853	0.625677	
238	-1.331357	-0.347781	0.631646	
239	-1.335644	-0.351379	0.637852	
240	-1.339733	-0.354849	0.643831	
241	-1.345172	-0.359345	0.650028	
242	-1.350335	-0.361766	0.656087	
243	-1.354992	-0.365093	0.661013	
244	-1.361588	-0.369805	0.666587	
245	-1.367179	-0.372889	0.671844	
246	-1.371231	-0.377540	0.676211	
247	-1.376845	-0.382603	0.680319	
248	-1.382769	-0.386508	0.684200	
249	-1.387904	-0.390410	0.687369	
250	-1.393423	-0.395127	0.690026	
251	-1.401350	-0.398059	0.693300	
252	-1.408020	-0.400801	0.696154	
253	-1.415008	-0.404577	0.698356	
254	-1.424304	-0.405829	0.701215	
255	-1.432845	-0.407064	0.703062	
256	-1.451764	-0.410388	0.705986	
257	-1.462907	-0.409658	0.707334	
258	-1.482643	-0.409904	0.708514	
259	-1.494571	-0.409620	0.709692	
260	-1.505633	-0.408532	0.710826	
261	-1.516133	-0.407174	0.711791	
262	-1.526445	-0.406631	0.712905	
263	-1.536705	-0.407258	0.714083	
264	-1.547121	-0.405503	0.715968	
265	-1.556673	-0.404800	0.717051	
266	-1.567855	-0.405199	0.718490	
267	-1.577513	-0.405408	0.720334	
268	-1.586525	-0.405891	0.721644	
269	-1.597734	-0.405982	0.723954	
270	-1.607232	-0.404848	0.726222	
271	-1.616809	-0.405053	0.728466	
272	-1.626916	-0.405872	0.731164	
273	-1.635515	-0.405870	0.733943	
274	-1.644205	-0.406644	0.736716	
275	-1.653556	-0.404335	0.740774	
276	-1.661886	-0.402441	0.745391	
277	-1.670161	-0.399920	0.750575	
278	-1.678056	-0.395549	0.756838	
279	-1.685477	-0.391382	0.763988	
280	-1.692076	-0.386872	0.771563	
281	-1.698167	-0.381554	0.779335	
282	-1.702758	-0.377301	0.787059	
283	-1.706439	-0.373345	0.795038	
284	-1.710135	-0.369637	0.803151	
285	-1.712801	-0.366477	0.810491	
286	-1.715603	-0.365490	0.818228	
287	-1.718344	-0.363251	0.827648	
288	-1.717675	-0.360426	0.835550	
289	-1.718934	-0.360433	0.843149	
290	-1.720053	-0.357902	0.852228	
291	-1.719708	-0.355824	0.860789	
292	-1.720223	-0.354689	0.869814	
293	-1.720801	-0.353205	0.878558	
294	-1.721826	-0.350836	0.888276	
295	-1.722884	-0.348599	0.897532	
296	-1.723652	-0.349096	0.906201	
297	-1.725159	-0.348804	0.915246	
298	-1.726218	-0.349579	0.923964	
299	-1.727429	-0.351001	0.931179	
300	-1.729540	-0.352319	0.938926	
301	-1.731750	-0.354053	0.946560	
302	-1.733927	-0.354310	0.954613	
303	-1.736016	-0.356500	0.961416	
304	-1.738511	-0.359101	0.968521	
305	-1.740691	-0.363602	0.974884	
306	-1.744420	-0.366230	0.981642	
307	-1.748256	-0.367723	0.988595	
308	-1.752509	-0.371232	0.994994	
309	-1.756079	-0.375062	1.000629	
310	-1.759744	-0.378589	1.006540	
311	-1.763487	-0.380316	1.012491	
312	-1.767219	-0.383816	1.017977	
313	-1.771294	-0.387035	1.023689	
314	-1.775421	-0.388803	1.029958	
315	-1.779769	-0.392281	1.035748	
316	-1.784664	-0.396580	1.040832	
317	-1.789549	-0.401237	1.045778	
318	-1.794829	-0.405355	1.051091	
319	-1.800232	-0.409336	1.056174	
320	-1.806187	-0.413690	1.061284	
321	-1.811569	-0.418754	1.065928	
322	-1.816849	-0.423617	1.070265	
323	-1.822631	-0.428637	1.074421	
324	-1.828089	-0.433330	1.078640	
325	-1.833658	-0.437362	1.082682	
326	-1.838396	-0.442810	1.085561	
327	-1.842848	-0.447827	1.088551	
328	-1.847618	-0.452833	1.091908	
329	-1.852447	-0.457601	1.095565	
330	-1.857032	-0.462403	1.100049	
331	-1.861439	-0.468706	1.104329	
332	-1.865699	-0.473054	1.108663	
333	-1.870027	-0.478909	1.114406	
334	-1.873439	-0.486283	1.118904	
335	-1.877609	-0.491075	1.124575	
336	-1.881725	-0.497120	1.130712	
337	-1.884983	-0.503234	1.134868	
338	-1.888532	-0.508832	1.141007	
339	-1.891117	-0.516181	1.146703	
340	-1.893306	-0.522626	1.151210	
341	-1.895775	-0.527770	1.157099	
342	-1.897806	-0.534105	1.164370	
343	-1.898913	-0.540086	1.168220	
344	-1.900852	-0.544972	1.174727	
345	-1.902216	-0.552354	1.182085	
346	-1.903408	-0.557539	1.187474	
347	-1.904871	-0.560992	1.194372	
348	-1.904685	-0.566130	1.200653	
349	-1.904528	-0.573218	1.204804	
350	-1.904886	-0.577400	1.210817	
351	-1.905479	-0.582929	1.218570	
352	-1.905181	-0.588373	1.223443	
353	-1.905369	-0.594113	1.230130	
354	-1.904966	-0.605335	1.242549	
355	-1.904675	-0.610609	1.249256	
356	-1.904190	-0.615764	1.255736	
357	-1.903912	-0.621666	1.262505	
358	-1.903773	-0.626918	1.269358	
359	-1.903146	-0.633967	1.277274	
360	-1.902547	-0.645306	1.292268	
361	-1.902117	-0.652112	1.300213	
362	-1.901692	-0.658503	1.307295	
363	-1.901541	-0.664866	1.315103	
364	-1.901491	-0.670245	1.322329	
365	-1.901433	-0.675098	1.329386	
366	-1.901624	-0.678921	1.337178	
367	-1.901398	-0.682108	1.342903	
368	-1.901404	-0.686111	1.348866	
369	-1.901224	-0.690232	1.355578	
370	-1.900647	-0.693692	1.361780	
371	-1.900446	-0.696398	1.366629	
372	-1.899877	-0.699248	1.372360	
373	-1.899603	-0.702098	1.376574	
374	-1.900162	-0.704625	1.380286	
375	-1.900460	-0.707072	1.384993	
376	-1.901215	-0.709263	1.389910	
377	-1.902212	-0.710747	1.393426	
378	-1.903642	-0.712458	1.398064	
379	-1.905185	-0.714049	1.403427	
380	-1.906953	-0.716025	1.408691	
381	-1.908877	-0.718103	1.413477	
382	-1.911147	-0.720913	1.419768	
383	-1.913660	-0.723835	1.424541	
384	-1.916248	-0.727495	1.429825	
385	-1.919644	-0.731214	1.435799	
386	-1.922865	-0.735749	1.440275	
387	-1.927022	-0.739707	1.446350	
388	-1.931039	-0.745067	1.451675	
389	-1.934942	-0.751326	1.456324	
390	-1.939757	-0.755354	1.461578	
391	-1.944226	-0.761779	1.466712	
392	-1.949170	-0.767148	1.471138	
393	-1.954416	-0.773306	1.477685	
394	-1.959743	-0.778699	1.482246	
395	-1.965189	-0.785418	1.487796	
396	-1.971129	-0.792107	1.495269	
397	-1.976607	-0.798378	1.500473	
398	-1.986810	-0.811996	1.511386	
399	-1.990823	-0.819519	1.516793	
400	-1.995225	-0.826482	1.521147	
401	-1.998743	-0.836051	1.528336	
402	-2.002016	-0.842302	1.532547	
403	-2.005650	-0.849746	1.537982	
404	-2.009224	-0.857831	1.546335	
405	-2.012142	-0.864199	1.553939	
406	-2.015133	-0.870540	1.559777	
407	-2.018349	-0.877584	1.568320	
408	-2.020482	-0.883395	1.577019	
409	-2.022767	-0.886278	1.582095	
410	-2.025089	-0.890893	1.588623	
411	-2.026923	-0.895642	1.597458	
412	-2.028581	-0.898094	1.604069	
413	-2.030200	-0.900469	1.609989	
414	-2.031513	-0.903663	1.617581	
415	-2.032357	-0.907488	1.626464	
416	-2.033821	-0.908435	1.633005	
417	-2.035315	-0.910313	1.640374	
418	-2.036797	-0.912015	1.648996	
419	-2.038440	-0.913399	1.655304	
420	-2.039837	-0.915783	1.663414	
421	-2.041703	-0.916361	1.670337	
422	-2.043099	-0.917980	1.677521	
423	-2.044568	-0.918813	1.683545	
424	-2.045978	-0.920221	1.690115	
425	-2.047110	-0.922094	1.697036	
426	-2.049659	-0.924256	1.707319	
427	-2.051097	-0.925592	1.712563	
428	-2.052007	-0.927713	1.718268	
429	-2.053461	-0.930109	1.723885	
430	-2.055560	-0.933618	1.728778	
431	-2.056863	-0.938201	1.736468	
432	-2.058363	-0.949444	1.747314	
433	-2.059160	-0.955347	1.752850	
434	-2.059843	-0.960998	1.757717	
435	-2.061282	-0.966426	1.760664	
436	-2.062419	-0.972287	1.765909	
437	-2.063609	-0.978955	1.771620	
438	-2.065348	-0.984517	1.775575	
439	-2.066877	-0.990852	1.782013	
440	-2.067945	-0.997124	1.786702	
441	-2.069412	-1.004020	1.791789	
442	-2.070868	-1.009530	1.797838	
443	-2.072294	-1.014953	1.802961	
444	-2.073552	-1.021381	1.808403	
445	-2.075131	-1.027083	1.813828	
446	-2.075935	-1.033842	1.820384	
447	-2.077415	-1.039894	1.824609	
448	-2.078760	-1.046691	1.829825	
449	-2.080120	-1.053164	1.836751	
450	-2.081444	-1.059351	1.840421	
451	-2.083411	-1.065907	1.847695	
452	-2.084814	-1.071462	1.853510	
453	-2.087781	-1.076829	1.857609	
454	-2.089330	-1.085006	1.866534	
455	-2.091452	-1.091193	1.872882	
456	-2.094588	-1.098364	1.879752	
457	-2.098409	-1.104706	1.888144	
458	-2.102501	-1.111990	1.896692	
459	-2.106231	-1.121680	1.907090	
460	-2.112395	-1.126999	1.915536	
461	-2.117421	-1.135110	1.925762	
462	-2.122788	-1.143254	1.937579	
463	-2.127882	-1.150318	1.948700	
464	-2.132144	-1.157622	1.959822	
465	-2.136839	-1.164882	1.971339	
466	-2.140394	-1.171738	1.982813	
467	-2.143551	-1.178462	1.993005	
468	-2.147198	-1.185366	2.002783	
469	-2.150748	-1.192781	2.012751	
470	-2.153455	-1.198520	2.023629	
471	-2.157324	-1.204970	2.032547	
472	-2.161272	-1.211460	2.043999	
473	-2.163975	-1.217448	2.054299	
474	-2.167051	-1.222882	2.064392	
475	-2.169560	-1.228450	2.073965	
476	-2.171317	-1.233976	2.083927	
477	-2.173625	-1.237928	2.092664	
478	-2.174656	-1.241164	2.101937	
479	-2.175061	-1.244093	2.110462	
480	-2.175883	-1.246971	2.117889	
481	-2.175483	-1.248712	2.126550	
482	-2.173086	-1.250353	2.136323	
483	-2.173281	-1.251623	2.142872	
484	-2.172957	-1.252733	2.150962	
485	-2.169139	-1.253812	2.161078	
486	-2.166782	-1.254100	2.168379	
487	-2.165456	-1.254407	2.174647	
488	-2.157574	-1.258031	2.194540	
489	-2.154993	-1.259384	2.201964	
490	-2.150829	-1.262221	2.212794	
491	-2.147394	-1.265207	2.219132	
492	-2.143817	-1.268992	2.226370	
493	-2.138720	-1.273484	2.235170	
494	-2.135452	-1.277564	2.241911	
495	-2.133120	-1.281370	2.248128	
496	-2.127989	-1.286537	2.258754	
497	-2.120723	-1.297071	2.271546	
498	-2.116196	-1.301744	2.280021	
499	-2.111265	-1.305516	2.288501	
500	-2.107934	-1.310938	2.292077	
501	-2.104856	-1.314457	2.297480	
502	-2.099211	-1.319595	2.304452	
503	-2.096599	-1.323291	2.307843	
504	-2.093015	-1.326439	2.313116	
505	-2.088946	-1.328791	2.320146	
506	-2.085742	-1.332852	2.324478	
507	-2.082327	-1.337493	2.327263	
508	-2.076886	-1.341969	2.332770	
509	-2.074150	-1.345066	2.335274	
510	-2.071211	-1.348011	2.338275	
511	-2.066152	-1.351204	2.343648	
512	-2.061988	-1.356386	2.345350	
513	-2.057712	-1.361734	2.347191	
514	-2.051300	-1.366163	2.353198	
515	-2.047832	-1.369520	2.356625	
516	-2.043076	-1.374060	2.361274	
517	-2.036948	-1.378948	2.368007	
518	-2.032485	-1.383729	2.373680	
519	-2.028169	-1.387758	2.381454	
520	-2.021349	-1.393049	2.391419	
521	-2.018091	-1.397397	2.399096	
522	-2.013481	-1.401523	2.408475	
523	-2.008312	-1.407154	2.418087	
524	-2.003766	-1.412155	2.427591	
525	-1.998151	-1.418561	2.436976	
526	-1.994821	-1.425768	2.444170	
527	-1.989681	-1.430725	2.453707	
528	-1.984164	-1.435807	2.463255	
529	-1.979859	-1.441580	2.471672	
530	-1.975757	-1.446781	2.479702	
531	-1.970962	-1.451042	2.488775	
532	-1.966793	-1.456137	2.496536	
533	-1.963144	-1.458978	2.505684	
534	-1.958371	-1.461885	2.513938	
535	-1.953177	-1.466018	2.521533	
536	-1.948894	-1.469719	2.528609	
537	-1.943542	-1.472547	2.535916	
538	-1.937298	-1.476986	2.541781	
539	-1.934734	-1.479628	2.547791	
540	-1.928966	-1.483065	2.553836	
541	-1.921508	-1.487759	2.559980	
542	-1.917560	-1.490953	2.565493	
543	-1.911815	-1.493734	2.571347	
544	-1.904489	-1.497183	2.577116	
545	-1.898478	-1.499894	2.582626	
546	-1.893475	-1.501693	2.587565	
547	-1.886565	-1.502987	2.593534	
548	-1.878421	-1.504965	2.597634	
549	-1.871548	-1.506428	2.602016	
550	-1.863925	-1.507788	2.605471	
551	-1.856154	-1.507951	2.610977	
552	-1.847332	-1.509258	2.613946	
553	-1.841144	-1.509481	2.617599	
554	-1.831288	-1.508492	2.622437	
555	-1.818084	-1.509556	2.627264	
556	-1.811839	-1.508846	2.630879	
557	-1.801960	-1.507725	2.636304	
558	-1.789483	-1.507248	2.641532	
559	-1.781532	-1.506296	2.645976	
560	-1.772972	-1.504487	2.650684	
561	-1.760678	-1.503618	2.655412	
562	-1.751026	-1.503450	2.659110	
563	-1.733134	-1.500745	2.666277	
564	-1.722003	-1.500977	2.669477	
565	-1.713712	-1.500627	2.671344	
566	-1.704165	-1.500010	2.673511	
567	-1.694045	-1.500169	2.675997	
568	-1.685398	-1.501027	2.676252	
569	-1.677687	-1.501618	2.677050	
570	-1.668699	-1.501874	2.679451	
571	-1.660740	-1.502799	2.680439	
572	-1.653300	-1.504704	2.679423	
573	-1.645311	-1.506413	2.679567	
574	-1.637502	-1.507927	2.680323	
575	-1.631239	-1.508826	2.680653	
576	-1.624877	-1.509589	2.681392	
577	-1.616756	-1.510667	2.683246	
578	-1.605462	-1.513764	2.683632	
579	-1.598543	-1.514414	2.685287	
580	-1.591037	-1.515400	2.686881	
581	-1.586007	-1.517026	2.686595	
582	-1.579443	-1.517400	2.688739	
583	-1.571526	-1.519489	2.690149	
584	-1.566663	-1.521194	2.691117	
585	-1.553959	-1.523359	2.695580	
586	-1.548372	-1.524395	2.698460	
587	-1.543030	-1.525267	2.700474	
588	-1.536517	-1.526166	2.703130	
589	-1.530051	-1.527469	2.704151	
590	-1.517378	-1.528651	2.709085	
591	-1.511368	-1.529455	2.711657	
592	-1.503922	-1.530703	2.714298	
593	-1.498477	-1.531304	2.717575	
594	-1.492905	-1.532629	2.720214	
595	-1.485783	-1.533617	2.722994	
596	-1.479001	-1.533965	2.726617	
597	-1.475050	-1.533983	2.729410	
598	-1.468016	-1.533721	2.732560	
599	-1.460957	-1.533348	2.735924	
600	-1.455990	-1.532997	2.737619	
601	-1.451004	-1.532874	2.738084	
602	-1.442254	-1.531677	2.742607	
603	-1.435375	-1.529640	2.747021	
604	-1.430920	-1.529556	2.746428	
605	-1.422166	-1.528457	2.749650	
606	-1.412923	-1.526989	2.752989	
607	-1.407526	-1.525956	2.754141	
608	-1.399048	-1.524319	2.757754	
609	-1.390814	-1.523505	2.758510	
610	-1.382027	-1.522374	2.761157	
611	-1.374235	-1.521312	2.763137	
612	-1.367562	-1.520119	2.763392	
613	-1.357913	-1.519283	2.763914	
614	-1.350605	-1.518136	2.763300	
615	-1.343604	-1.516798	2.762265	
616	-1.335102	-1.515276	2.761621	
617	-1.327241	-1.514093	2.760960	
618	-1.320774	-1.513377	2.758835	
619	-1.311491	-1.513461	2.756639	
620	-1.304600	-1.513486	2.755200	
621	-1.299128	-1.513448	2.752944	
622	-1.291147	-1.513484	2.751665	
623	-1.283957	-1.513799	2.749881	
624	-1.278903	-1.514512	2.745858	
625	-1.271247	-1.514783	2.744347	
626	-1.263954	-1.515151	2.742535	
627	-1.251053	-1.515657	2.738674	
628	-1.243184	-1.516533	2.736543	
629	-1.237783	-1.517729	2.733679	
630	-1.230347	-1.518848	2.732348	
631	-1.224091	-1.519896	2.730780	
632	-1.217747	-1.521492	2.728464	
633	-1.211003	-1.523127	2.726264	
634	-1.205310	-1.524187	2.724209	
635	-1.199759	-1.525140	2.722744	
636	-1.194626	-1.525595	2.721599	
637	-1.185420	-1.525636	2.717199	
638	-1.181357	-1.525483	2.714787	
639	-1.176420	-1.524284	2.713496	
640	-1.169810	-1.523622	2.711144	
641	-1.163215	-1.523065	2.709308	
642	-1.160852	-1.522026	2.707124	
643	-1.157254	-1.520462	2.705912	
644	-1.150506	-1.519679	2.704206	
645	-1.147602	-1.518080	2.703264	
646	-1.144653	-1.516182	2.702317	
647	-1.138119	-1.514384	2.701411	
648	-1.132082	-1.512738	2.699859	
649	-1.128309	-1.510881	2.698195	
650	-1.123433	-1.508610	2.696642	
651	-1.117693	-1.506036	2.694677	
652	-1.112198	-1.502757	2.693420	
653	-1.107693	-1.499259	2.691666	
654	-1.101012	-1.495773	2.690009	
655	-1.094770	-1.492003	2.688217	
656	-1.089665	-1.487862	2.686362	
657	-1.080843	-1.484294	2.684031	
658	-1.078057	-1.479566	2.682601	
659	-1.073463	-1.474819	2.681406	
660	-1.063740	-1.472048	2.678586	
661	-1.058865	-1.468112	2.677107	
662	-1.055295	-1.463976	2.675247	
663	-1.049121	-1.460185	2.672352	
664	-1.044415	-1.456109	2.669370	
665	-1.040380	-1.451787	2.666387	
666	-1.036812	-1.447118	2.662701	
667	-1.033965	-1.442096	2.659192	
668	-1.027721	-1.437947	2.654156	
669	-1.021869	-1.433262	2.649688	
670	-1.018206	-1.427224	2.646652	
671	-1.010787	-1.422601	2.641262	
672	-1.002128	-1.417240	2.636343	
673	-0.988968	-1.408095	2.624827	
674	-0.976523	-1.404051	2.618712	
675	-0.965762	-1.397012	2.607471	
676	-0.960351	-1.395680	2.600288	
677	-0.959176	-1.391093	2.596991	
678	-0.956132	-1.386440	2.593708	
679	-0.948455	-1.383580	2.587976	
680	-0.942136	-1.379776	2.583744	
681	-0.939294	-1.374562	2.581575	
682	-0.933171	-1.371546	2.577952	
683	-0.927228	-1.368156	2.575156	
684	-0.918389	-1.360130	2.571921	
685	-0.913149	-1.357486	2.569449	
686	-0.911845	-1.351528	2.570251	
687	-0.908163	-1.347349	2.569507	
688	-0.901530	-1.345236	2.567610	
689	-0.899740	-1.338537	2.570128	
690	-0.896720	-1.333719	2.570533	
691	-0.892040	-1.330156	2.570094	
692	-0.889228	-1.324978	2.571597	
693	-0.888509	-1.319218	2.573893	
694	-0.884253	-1.316720	2.573621	
695	-0.881814	-1.312547	2.575357	
696	-0.880728	-1.308125	2.577051	
697	-0.875172	-1.307456	2.575772	
698	-0.874077	-1.303068	2.578411	
699	-0.872868	-1.300016	2.580043	
700	-0.868010	-1.299760	2.579663	
701	-0.867335	-1.296135	2.582452	
702	-0.865359	-1.293766	2.583825	
703	-0.861640	-1.292328	2.585169	
704	-0.860211	-1.289257	2.588224	
705	-0.857455	-1.287116	2.590402	
706	-0.855006	-1.284683	2.593184	
707	-0.852423	-1.281923	2.596142	
708	-0.850524	-1.279273	2.599081	
709	-0.846923	-1.277625	2.601040	
710	-0.844895	-1.274703	2.604002	
711	-0.842758	-1.271962	2.606875	
712	-0.834448	-1.265225	2.615480	
713	-0.828956	-1.265315	2.615627	
714	-0.822927	-1.265555	2.616846	
715	-0.821750	-1.262809	2.620837	
716	-0.815718	-1.263821	2.621840	
717	-0.812171	-1.263219	2.624600	
718	-0.810499	-1.260865	2.628280	
719	-0.805832	-1.261080	2.630156	
720	-0.802277	-1.260343	2.632853	
721	-0.799866	-1.258522	2.636219	
722	-0.794471	-1.259597	2.636891	
723	-0.789417	-1.260188	2.639034	
724	-0.787149	-1.258975	2.642411	
725	-0.784021	-1.258853	2.644600	
726	-0.777708	-1.261370	2.645070	
727	-0.775539	-1.259738	2.649588	
728	-0.772524	-1.259124	2.652464	
729	-0.766818	-1.261159	2.653382	
730	-0.763223	-1.260688	2.657988	
731	-0.760679	-1.260168	2.660627	
732	-0.755113	-1.261976	2.661747	
733	-0.752531	-1.261280	2.665988	
734	-0.748871	-1.261746	2.668409	
735	-0.744036	-1.263684	2.669623	
736	-0.741868	-1.262956	2.673311	
737	-0.738197	-1.263773	2.675283	
738	-0.734221	-1.265280	2.677386	
739	-0.731680	-1.266042	2.680314	
740	-0.727076	-1.269561	2.680231	
741	-0.725046	-1.271101	2.683082	
742	-0.723509	-1.271997	2.686281	
743	-0.722312	-1.273184	2.688327	
744	-0.722040	-1.273107	2.692050	
745	-0.719818	-1.274466	2.694263	
746	-0.718396	-1.275577	2.697554	
747	-0.717130	-1.276492	2.700654	
748	-0.714902	-1.277607	2.703234	
749	-0.712575	-1.278988	2.705872	
750	-0.712739	-1.278269	2.710166	
751	-0.709797	-1.280145	2.712664	
752	-0.707552	-1.281702	2.716899	
753	-0.706531	-1.282552	2.722135	
754	-0.704165	-1.284783	2.726009	
755	-0.701054	-1.288116	2.729329	
756	-0.699531	-1.290468	2.734563	
757	-0.697640	-1.293540	2.739064	
758	-0.693617	-1.298737	2.742939	
759	-0.693054	-1.301361	2.749569	
760	-0.690044	-1.305741	2.754149	
761	-0.687509	-1.309710	2.760041	
762	-0.685781	-1.313209	2.766921	
763	-0.684109	-1.316564	2.772505	
764	-0.681593	-1.320324	2.777933	
765	-0.678841	-1.324418	2.783576	
766	-0.675843	-1.328875	2.789320	
767	-0.674045	-1.332082	2.796242	
768	-0.670488	-1.336951	2.800621	
769	-0.668361	-1.340282	2.806892	
770	-0.668043	-1.341859	2.813733	
771	-0.663529	-1.346614	2.817468	
772	-0.660929	-1.349530	2.823276	
773	-0.658621	-1.351856	2.828445	
774	-0.654060	-1.355726	2.830450	
775	-0.652727	-1.356352	2.836780	
776	-0.651124	-1.356799	2.841808	
777	-0.646005	-1.359045	2.844719	
778	-0.642265	-1.359960	2.848840	
779	-0.638312	-1.360589	2.852953	
780	-0.632448	-1.363492	2.853317	
781	-0.627840	-1.365229	2.855203	
782	-0.623544	-1.366901	2.856492	
783	-0.617697	-1.369422	2.856052	
784	-0.611373	-1.372216	2.856979	
785	-0.606429	-1.373957	2.858734	
786	-0.599170	-1.376129	2.859461	
787	-0.593729	-1.377799	2.860723	
788	-0.581831	-1.381190	2.864718	
789	-0.574273	-1.383330	2.867063	
790	-0.567633	-1.385487	2.869776	
791	-0.559870	-1.388053	2.870840	
792	-0.552089	-1.390376	2.871916	
793	-0.543099	-1.393962	2.872440	
794	-0.536024	-1.396048	2.874818	
795	-0.527346	-1.398611	2.875607	
796	-0.517781	-1.401913	2.875697	
797	-0.510699	-1.403168	2.878523	
798	-0.502923	-1.404965	2.880087	
799	-0.493586	-1.408065	2.880610	
800	-0.486478	-1.409536	2.883382	
801	-0.469618	-1.415091	2.883123	
802	-0.457165	-1.417755	2.885157	
803	-0.444880	-1.420682	2.885784	
804	-0.439207	-1.421803	2.886202	
805	-0.432527	-1.423536	2.885352	
806	-0.428505	-1.422910	2.886981	
807	-0.421955	-1.423504	2.886487	
808	-0.414996	-1.424497	2.885785	
809	-0.408571	-1.423884	2.886699	
810	-0.400953	-1.424958	2.885744	
811	-0.392707	-1.426606	2.884571	
812	-0.385643	-1.425954	2.885686	
813	-0.379282	-1.426842	2.885782	
814	-0.371156	-1.428315	2.884702	
815	-0.365069	-1.427708	2.885909	
816	-0.358212	-1.428548	2.885686	
817	-0.350307	-1.429503	2.883942	
818	-0.345253	-1.428467	2.884327	
819	-0.338529	-1.429482	2.881781	
820	-0.332663	-1.430238	2.879857	
821	-0.326930	-1.429800	2.878821	
822	-0.321136	-1.429629	2.877169	
823	-0.315218	-1.429014	2.875667	
824	-0.309369	-1.427486	2.874569	
825	-0.303482	-1.427116	2.872515	
826	-0.297827	-1.425163	2.871109	
827	-0.293212	-1.422508	2.869922	
828	-0.288326	-1.420375	2.867783	
829	-0.276246	-1.414330	2.863931	
830	-0.270360	-1.411423	2.860878	
831	-0.265012	-1.408382	2.857116	
832	-0.259061	-1.403945	2.853800	
833	-0.253205	-1.399772	2.849706	
834	-0.245751	-1.396203	2.844336	
835	-0.238394	-1.391429	2.839718	
836	-0.230106	-1.386322	2.835158	
837	-0.221603	-1.383228	2.828585	
838	-0.212060	-1.379533	2.822380	
839	-0.203780	-1.375194	2.816454	
840	-0.194703	-1.371698	2.809880	
841	-0.177125	-1.365006	2.795718	
842	-0.169605	-1.361676	2.789006	
843	-0.162172	-1.358873	2.781440	
844	-0.154079	-1.355130	2.775048	
845	-0.148190	-1.352962	2.767900	
846	-0.140154	-1.349903	2.761764	
847	-0.132914	-1.347015	2.754980	
848	-0.127827	-1.345438	2.748616	
849	-0.119954	-1.342164	2.743094	
850	-0.114038	-1.343020	2.733857	
851	-0.106339	-1.342678	2.726832	
852	-0.097716	-1.339236	2.722703	
853	-0.094579	-1.340429	2.714784	
854	-0.088208	-1.341732	2.707506	
855	-0.081103	-1.341135	2.701261	
856	-0.076581	-1.340773	2.694463	
857	-0.071347	-1.340071	2.687536	
858	-0.066359	-1.339230	2.680089	
859	-0.060061	-1.337893	2.673170	
860	-0.053471	-1.336016	2.667306	
861	-0.048357	-1.335959	2.659860	
862	-0.041573	-1.335778	2.653833	
863	-0.034495	-1.336605	2.646725	
864	-0.027200	-1.337803	2.640542	
865	-0.019968	-1.338704	2.635245	
866	-0.013516	-1.340781	2.628696	
867	-0.005514	-1.342647	2.622929	
868	0.001547	-1.344392	2.617714	
869	0.007204	-1.346823	2.611012	
870	0.012930	-1.349586	2.604001	
871	0.020721	-1.351393	2.598313	
872	0.026604	-1.353678	2.591819	
873	0.032942	-1.355856	2.584679	
874	0.037820	-1.358407	2.576793	
875	0.050095	-1.360620	2.563216	
876	0.052864	-1.362612	2.554199	
877	0.057639	-1.363623	2.546646	
878	0.060509	-1.365062	2.537416	
879	0.068693	-1.364943	2.522449	
880	0.070115	-1.364521	2.513702	
881	0.072426	-1.364149	2.505250	
882	0.076938	-1.362339	2.498964	
883	0.078872	-1.361330	2.491406	
884	0.080131	-1.361206	2.482724	
885	0.080654	-1.359846	2.474255	
886	0.084104	-1.358636	2.464894	
887	0.085544	-1.357536	2.456071	
888	0.088621	-1.355772	2.446911	
889	0.090775	-1.354074	2.438809	
890	0.093786	-1.352853	2.429580	
891	0.095989	-1.352657	2.419619	
892	0.099553	-1.351702	2.410553	
893	0.101739	-1.350896	2.400546	
894	0.103722	-1.350877	2.388801	
895	0.107251	-1.351204	2.378317	
896	0.110703	-1.352021	2.369086	
897	0.114202	-1.353213	2.361796	
898	0.119110	-1.353654	2.354855	
899	0.122814	-1.353309	2.347805	
900	0.125966	-1.352644	2.339961	
901	0.128343	-1.351673	2.333223	
902	0.132472	-1.349879	2.326722	
903	0.134761	-1.348118	2.319985	
904	0.137674	-1.346524	2.313437	
905	0.140609	-1.344460	2.307565	
906	0.143239	-1.342395	2.301400	
907	0.146461	-1.340985	2.294791	
908	0.150652	-1.338796	2.289090	
909	0.155828	-1.336983	2.282967	
910	0.160540	-1.335931	2.278077	
911	0.166552	-1.334045	2.274896	
912	0.172197	-1.332894	2.271758	
913	0.176542	-1.332560	2.268556	
914	0.182208	-1.330770	2.265079	
915	0.187486	-1.328705	2.261182	
916	0.192561	-1.326897	2.257928	
917	0.194616	-1.324512	2.256244	
918	0.198015	-1.322417	2.253433	
919	0.202278	-1.321060	2.250636	
920	0.205231	-1.318839	2.249334	
921	0.208521	-1.317250	2.247507	
922	0.212715	-1.316257	2.245605	
923	0.216432	-1.314646	2.244308	
924	0.220449	-1.313565	2.242747	
925	0.224395	-1.312806	2.241992	
926	0.228189	-1.311514	2.242383	
927	0.233615	-1.311193	2.241584	
928	0.238203	-1.311189	2.241951	
929	0.240278	-1.310320	2.243710	
930	0.245627	-1.310341	2.244235	
931	0.249608	-1.310995	2.245996	
932	0.252200	-1.311041	2.249456	
933	0.255714	-1.311791	2.251111	
934	0.258493	-1.312432	2.253577	
935	0.260960	-1.312795	2.256230	
936	0.264050	-1.313499	2.257280	
937	0.266693	-1.314414	2.259343	
938	0.268866	-1.314655	2.263557	
939	0.270357	-1.315168	2.267420	
940	0.272792	-1.315683	2.271131	
941	0.275598	-1.316019	2.273916	
942	0.279234	-1.316530	2.277024	
943	0.281695	-1.317060	2.280395	
944	0.283437	-1.316926	2.285281	
945	0.286151	-1.317172	2.288528	
946	0.289898	-1.317430	2.291370	
947	0.292265	-1.317566	2.295403	
948	0.295668	-1.318673	2.297586	
949	0.298355	-1.319151	2.300822	
950	0.305450	-1.320593	2.304207	
951	0.307162	-1.321100	2.307803	
952	0.308819	-1.321077	2.309274	
953	0.311162	-1.320931	2.313091	
954	0.312160	-1.319541	2.316380	
955	0.314742	-1.318499	2.319091	
956	0.317337	-1.317657	2.321327	
957	0.319268	-1.316036	2.326474	
958	0.319929	-1.314095	2.331528	
959	0.320097	-1.311983	2.335756	
960	0.323048	-1.311341	2.339760	
961	0.324773	-1.310908	2.345273	
962	0.325514	-1.309358	2.350523	
963	0.329379	-1.309724	2.351967	
964	0.331264	-1.309576	2.357910	
965	0.331625	-1.308903	2.363471	
966	0.336929	-1.309855	2.365884	
967	0.338835	-1.309853	2.371716	
968	0.342529	-1.310365	2.377166	
969	0.348719	-1.312840	2.380255	
970	0.351739	-1.313757	2.385955	
971	0.353859	-1.314394	2.392886	
972	0.358500	-1.316951	2.397261	
973	0.361098	-1.317796	2.405992	
974	0.361391	-1.316983	2.413369	
975	0.364601	-1.318940	2.418235	
976	0.366101	-1.319168	2.427872	
977	0.369435	-1.320776	2.432870	
978	0.373519	-1.323694	2.440386	
979	0.372254	-1.322183	2.448288	
980	0.374169	-1.322730	2.449862	
981	0.378357	-1.323912	2.455350	
982	0.379072	-1.323246	2.463412	
983	0.381242	-1.324382	2.466321	
984	0.383660	-1.324851	2.471567	
985	0.383578	-1.324328	2.477438	
986	0.384491	-1.324902	2.480533	
987	0.386808	-1.325423	2.486117	
988	0.388810	-1.326156	2.490199	
989	0.390499	-1.327523	2.492699	
990	0.392951	-1.327507	2.499493	
991	0.393716	-1.327282	2.503881	
992	0.394686	-1.328073	2.507322	
993	0.395904	-1.326340	2.513651	
994	0.397811	-1.325971	2.517219	
995	0.400676	-1.326650	2.520163	
996	0.402574	-1.324612	2.525568	
997	0.401165	-1.320913	2.532859	
998	0.402824	-1.320086	2.535490	
999	0.404916	-1.318079	2.541496	
1000	0.407847	-1.316037	2.553742	
1001	0.409027	-1.313263	2.564001	
1002	0.409929	-1.312492	2.572094	
1003	0.410573	-1.313326	2.577652	
1004	0.410457	-1.311762	2.584779	
1005	0.410107	-1.311640	2.590111	
1006	0.410028	-1.310328	2.595552	
1007	0.410277	-1.309877	2.599137	
1008	0.410567	-1.309947	2.602830	
1009	0.410746	-1.309732	2.605880	
1010	0.410940	-1.310364	2.607717	
1011	0.412576	-1.311097	2.610793	
1012	0.412459	-1.310318	2.613923	
1013	0.412769	-1.309968	2.617643	
1014	0.413951	-1.310357	2.617963	
1015	0.416609	-1.313121	2.622565	
1016	0.415761	-1.312124	2.626414	
1017	0.417418	-1.312474	2.628178	
1018	0.419713	-1.313732	2.630209	
1019	0.421839	-1.312381	2.632969	
1020	0.424104	-1.312445	2.632163	
1021	0.422651	-1.308905	2.633569	
1022	0.425174	-1.308610	2.633142	
1023	0.425711	-1.302732	2.631436	
1024	0.428466	-1.296571	2.627692	
1025	0.427849	-1.291227	2.626238	
1026	0.428472	-1.287690	2.625757	
1027	0.431593	-1.285413	2.623542	
1028	0.432500	-1.281362	2.623100	
1029	0.434233	-1.277946	2.623688	
1030	0.436848	-1.274842	2.623487	
1031	0.436773	-1.269222	2.623826	
1032	0.438919	-1.265673	2.624122	
1033	0.442528	-1.264154	2.625031	
1034	0.442811	-1.259282	2.625621	
1035	0.445454	-1.255761	2.624488	
1036	0.449189	-1.254669	2.625447	
1037	0.450942	-1.251146	2.625252	
1038	0.452108	-1.247531	2.625796	
1039	0.455790	-1.245754	2.624838	
1040	0.457984	-1.243682	2.624513	
1041	0.459738	-1.240791	2.623162	
1042	0.461371	-1.238083	2.621418	
1043	0.464097	-1.236558	2.618803	
1044	0.465453	-1.234000	2.616295	
1045	0.466994	-1.232375	2.615168	
1046	0.468904	-1.231138	2.614334	
1047	0.470235	-1.227568	2.613847	
1048	0.472508	-1.226725	2.612977	
1049	0.473528	-1.225206	2.612275	
1050	0.474141	-1.224569	2.613165	
1051	0.475026	-1.223729	2.613612	
1052	0.475817	-1.222203	2.613388	
1053	0.475950	-1.221457	2.614944	
1054	0.476883	-1.219587	2.614289	
1055	0.477520	-1.217729	2.614350	
1056	0.477304	-1.216955	2.616971	
1057	0.477409	-1.215204	2.618365	
1058	0.476955	-1.215523	2.623118	
1059	0.477044	-1.212443	2.622995	
1060	0.477943	-1.211637	2.624654	
1061	0.477823	-1.212947	2.629381	
1062	0.475875	-1.211515	2.632809	
1063	0.476588	-1.211896	2.635482	
1064	0.477357	-1.210080	2.635547	
1065	0.476496	-1.206621	2.635255	
1066	0.478855	-1.207948	2.637322	
1067	0.479474	-1.206744	2.638222	
1068	0.478361	-1.204247	2.639979	
1069	0.480015	-1.205109	2.642842	
1070	0.480050	-1.207247	2.648865	
1071	0.477145	-1.204932	2.653678	
1072	0.476993	-1.203464	2.656407	
1073	0.475896	-1.205214	2.664220	
1074	0.473264	-1.201306	2.667261	
1075	0.473409	-1.199452	2.669636	
1076	0.473023	-1.196659	2.671295	
1077	0.471065	-1.195046	2.676409	
1078	0.470101	-1.194083	2.680973	
1079	0.469265	-1.193891	2.685882	
1080	0.468896	-1.193582	2.689735	
1081	0.466486	-1.191749	2.694462	
1082	0.467989	-1.192057	2.696824	
1083	0.468412	-1.191767	2.699524	
1084	0.465626	-1.189578	2.703773	
1085	0.468651	-1.191299	2.704117	
1086	0.468629	-1.190659	2.704879	
1087	0.466157	-1.187679	2.705992	
1088	0.467812	-1.188211	2.704569	
1089	0.465138	-1.184734	2.703401	
1090	0.461886	-1.184588	2.706662	
1091	0.462798	-1.186936	2.706066	
1092	0.459610	-1.186729	2.707778	
1093	0.456749	-1.186764	2.708902	
1094	0.456877	-1.188903	2.706802	
1095	0.452237	-1.189209	2.710410	
1096	0.451388	-1.190502	2.708820	
1097	0.449931	-1.192234	2.708415	
1098	0.445518	-1.191078	2.709627	
1099	0.445089	-1.194555	2.709743	
1100	0.441640	-1.196486	2.712291	
1101	0.435438	-1.200090	2.715977	
1102	0.431512	-1.201055	2.718235	
1103	0.428073	-1.202787	2.721568	
1104	0.424282	-1.206779	2.728813	
1105	0.419718	-1.207672	2.732421	
1106	0.415898	-1.210459	2.737792	
1107	0.412462	-1.211521	2.739617	
1108	0.407951	-1.213448	2.745104	
1109	0.404008	-1.216022	2.750189	
1110	0.399751	-1.216897	2.752422	
1111	0.395783	-1.220294	2.757751	
1112	0.391318	-1.223048	2.761804	
1113	0.387183	-1.226632	2.766195	
1114	0.382087	-1.227842	2.767838	
1115	0.377760	-1.231852	2.772840	
1116	0.366169	-1.237359	2.782182	
1117	0.361068	-1.240477	2.785225	
1118	0.355682	-1.244026	2.789788	
1119	0.348897	-1.245310	2.792802	
1120	0.343396	-1.247077	2.793940	
1121	0.337496	-1.251203	2.801892	
1122	0.331342	-1.252323	2.804109	
1123	0.327519	-1.258219	2.810915	
1124	0.321767	-1.261878	2.819354	
1125	0.315104	-1.259945	2.817939	
1126	0.310882	-1.262476	2.821235	
1127	0.305680	-1.262983	2.824454	
1128	0.301700	-1.264697	2.827418	
1129	0.298202	-1.266882	2.830202	
1130	0.293943	-1.266902	2.831892	
1131	0.292118	-1.270736	2.835717	
1132	0.289262	-1.272071	2.838065	
1133	0.286772	-1.273156	2.838738	
1134	0.285915	-1.275338	2.838251	
1135	0.284815	-1.277858	2.840192	
1136	0.283495	-1.279045	2.839770	
1137	0.282418	-1.280475	2.840136	
1138	0.282366	-1.283142	2.840801	
1139	0.280726	-1.283116	2.841432	
1140	0.279942	-1.283396	2.840128	
1141	0.279792	-1.285374	2.841634	
1142	0.277715	-1.284218	2.841359	
1143	0.276836	-1.285316	2.843087	
1144	0.275385	-1.285360	2.842676	
1145	0.273324	-1.284898	2.844293	
1146	0.271688	-1.285064	2.846341	
1147	0.270079	-1.286311	2.851404	
1148	0.266931	-1.284959	2.852671	
1149	0.265366	-1.286582	2.856851	
1150	0.264377	-1.289025	2.860909	
1151	0.260801	-1.289284	2.866035	
1152	0.259880	-1.293146	2.871450	
1153	0.257884	-1.295502	2.875019	
1154	0.254507	-1.297105	2.879143	
1155	0.252699	-1.300291	2.882016	
1156	0.250237	-1.302963	2.884989	
1157	0.247790	-1.306013	2.887895	
1158	0.245746	-1.309545	2.890942	
1159	0.243362	-1.312565	2.894343	
1160	0.241325	-1.315798	2.896382	
1161	0.238836	-1.319336	2.899386	
1162	0.236243	-1.322336	2.902237	
1163	0.234849	-1.326918	2.903803	
1164	0.231753	-1.329289	2.907358	
1165	0.229517	-1.332493	2.907840	
1166	0.228021	-1.336570	2.910960	
1167	0.225534	-1.339052	2.913315	
1168	0.224363	-1.343046	2.915213	
1169	0.222868	-1.346451	2.918518	
1170	0.220895	-1.348859	2.921531	
1171	0.219831	-1.352277	2.924311	
1172	0.218589	-1.355409	2.928060	
1173	0.216415	-1.357508	2.930596	
1174	0.214004	-1.359705	2.932994	
1175	0.213084	-1.363369	2.935185	
1176	0.210149	-1.364631	2.940617	
1177	0.207611	-1.366316	2.942425	
1178	0.205872	-1.368720	2.947246	
1179	0.202740	-1.369978	2.951481	
1180	0.200435	-1.372023	2.955374	
1181	0.198369	-1.375071	2.959867	
1182	0.195864	-1.377763	2.964178	
1183	0.193136	-1.381048	2.969390	
1184	0.190415	-1.384772	2.974259	
1185	0.186572	-1.388196	2.978355	
1186	0.182674	-1.391882	2.982485	
1187	0.178961	-1.396695	2.987760	
1188	0.174160	-1.400475	2.993832	
1189	0.170325	-1.405015	2.998326	
1190	0.166470	-1.410046	3.003042	
1191	0.160793	-1.413592	3.008951	
1192	0.156162	-1.418168	3.013467	
1193	0.150425	-1.422905	3.019086	
1194	0.143725	-1.427050	3.025648	
1195	0.138874	-1.432882	3.031266	
1196	0.133672	-1.438263	3.037572	
1197	0.128587	-1.443023	3.043901	
1198	0.124151	-1.448100	3.050941	
1199	0.119518	-1.453124	3.057474	
1200	0.114979	-1.458254	3.063582	
1201	0.110360	-1.463244	3.069687	
1202	0.102952	-1.474344	3.085802	
1203	0.099221	-1.479598	3.092790	
1204	0.095815	-1.484642	3.100340	
1205	0.092774	-1.489782	3.107338	
1206	0.090756	-1.495311	3.115894	
1207	0.088146	-1.499701	3.124537	
1208	0.086766	-1.504668	3.132184	
1209	0.085063	-1.509449	3.140833	
1210	0.083256	-1.514309	3.149219	
1211	0.081290	-1.518740	3.154597	
1212	0.079159	-1.522746	3.162031	
1213	0.076223	-1.530236	3.173790	
1214	0.076134	-1.534366	3.180576	
1215	0.076243	-1.538212	3.184894	
1216	0.077371	-1.542547	3.190760	
1217	0.078912	-1.546426	3.196585	
1218	0.080925	-1.549991	3.203178	
1219	0.083909	-1.553644	3.208333	
1220	0.087114	-1.557173	3.214067	
1221	0.091346	-1.560673	3.220639	
1222	0.095651	-1.563493	3.226361	
1223	0.100885	-1.566716	3.232176	
1224	0.106588	-1.569085	3.239828	
1225	0.113015	-1.571501	3.246367	
1226	0.120298	-1.573930	3.253446	
1227	0.127417	-1.575883	3.261627	
1228	0.135385	-1.577974	3.269155	
1229	0.144313	-1.581344	3.275966	
1230	0.152667	-1.583872	3.285411	
1231	0.161023	-1.586830	3.292100	
1232	0.170094	-1.590583	3.299716	
1233	0.178324	-1.593861	3.306774	
1234	0.186427	-1.597730	3.312690	
1235	0.194889	-1.601642	3.319127	
1236	0.202528	-1.604719	3.324357	
1237	0.210554	-1.608410	3.328981	
1238	0.218254	-1.611383	3.334200	
1239	0.226058	-1.614745	3.340152	
1240	0.233000	-1.618762	3.345772	
1241	0.239118	-1.623068	3.350769	
1242	0.245870	-1.627374	3.357178	
1243	0.251262	-1.631382	3.361367	
1244	0.257063	-1.635129	3.366464	
1245	0.262143	-1.638734	3.371835	
1246	0.267653	-1.643316	3.375897	
1247	0.273700	-1.647321	3.382486	
1248	0.278877	-1.651744	3.387498	
1249	0.284988	-1.657294	3.392366	
1250	0.296557	-1.665214	3.400700	
1251	0.302500	-1.670202	3.405929	
1252	0.308912	-1.675580	3.411498	
1253	0.316267	-1.680941	3.417649	
1254	0.330263	-1.692590	3.430637	
1255	0.337402	-1.698477	3.437506	
1256	0.343621	-1.703906	3.444008	
1257	0.350589	-1.708858	3.450636	
1258	0.356842	-1.713177	3.457676	
1259	0.363278	-1.716623	3.464938	
1260	0.369745	-1.721447	3.469563	
1261	0.376777	-1.725796	3.475016	
1262	0.383069	-1.729998	3.480497	
1263	0.389707	-1.733755	3.485056	
1264	0.395906	-1.737018	3.489213	
1265	0.402885	-1.739551	3.494058	
1266	0.410573	-1.742077	3.498536	
1267	0.419670	-1.745329	3.501960	
1268	0.428839	-1.747782	3.506340	
1269	0.437623	-1.750149	3.510024	
1270	0.447409	-1.752516	3.513646	
1271	0.457402	-1.754262	3.517163	
1272	0.467538	-1.755799	3.520858	
1273	0.479616	-1.757823	3.523479	
1274	0.491088	-1.759289	3.526439	
1275	0.502535	-1.759830	3.529770	
1276	0.514796	-1.761845	3.531254	
1277	0.527490	-1.762488	3.534285	
1278	0.540044	-1.763218	3.536612	
1279	0.552201	-1.763029	3.539593	
1280	0.565010	-1.763478	3.541601	
1281	0.576943	-1.763880	3.543498	
1282	0.588965	-1.764089	3.545296	
1283	0.600454	-1.764904	3.545980	
1284	0.612897	-1.766476	3.546652	
1285	0.625509	-1.767467	3.548458	
1286	0.639145	-1.768681	3.550204	
1287	0.651490	-1.770122	3.551323	
1288	0.663224	-1.771415	3.552247	
1289	0.675829	-1.772094	3.553836	
1290	0.689740	-1.773539	3.554171	
1291	0.702168	-1.773819	3.555438	
1292	0.713798	-1.774701	3.555478	
1293	0.726677	-1.775791	3.556049	
1294	0.738801	-1.777093	3.556314	
1295	0.750621	-1.778081	3.557252	
1296	0.763584	-1.779569	3.557083	
1297	0.774684	-1.779784	3.558236	
1298	0.785714	-1.779862	3.559399	
1299	0.799104	-1.781765	3.559465	
1300	0.811242	-1.782697	3.560926	
1301	0.823548	-1.783900	3.562512	
1302	0.836833	-1.786063	3.563807	
1303	0.848545	-1.786599	3.567245	
1304	0.860546	-1.788578	3.569504	
1305	0.875066	-1.789378	3.573570	
1306	0.886412	-1.791082	3.576818	
1307	0.898958	-1.793481	3.580853	
1308	0.910423	-1.796037	3.585128	
1309	0.920983	-1.797961	3.590950	
1310	0.933237	-1.800809	3.596063	
1311	0.946414	-1.802798	3.602282	
1312	0.957099	-1.804721	3.608735	
1313	0.968903	-1.808807	3.612914	
1314	0.980572	-1.811553	3.618165	
1315	0.989537	-1.813638	3.623447	
1316	0.998753	-1.817088	3.627205	
1317	1.007298	-1.819463	3.631558	
1318	1.023943	-1.822197	3.641642	
1319	1.032290	-1.824499	3.645052	
1320	1.041765	-1.825433	3.649535	
1321	1.049845	-1.826705	3.653155	
1322	1.060300	-1.828667	3.655252	
1323	1.075297	-1.828101	3.658701	
1324	1.083879	-1.829382	3.660883	
1325	1.094576	-1.831193	3.662056	
1326	1.105218	-1.830906	3.664989	
1327	1.115470	-1.832087	3.665727	
1328	1.126289	-1.833808	3.665581	
1329	1.137075	-1.832783	3.666690	
1330	1.148560	-1.833402	3.666203	
1331	1.159801	-1.833088	3.665366	
1332	1.170996	-1.832542	3.664238	
1333	1.184432	-1.831189	3.663052	
1334	1.209119	-1.828899	3.658440	
1335	1.222237	-1.825697	3.658394	
1336	1.233487	-1.822275	3.658258	
1337	1.263839	-1.817290	3.655575	
1338	1.290517	-1.813263	3.650840	
1339	1.305560	-1.809234	3.648814	
1340	1.315530	-1.806292	3.647003	
1341	1.328559	-1.804552	3.642445	
1342	1.340443	-1.802579	3.638632	
1343	1.352764	-1.801631	3.634001	
1344	1.363286	-1.801726	3.628798	
1345	1.379503	-1.797988	3.624700	
1346	1.382858	-1.798603	3.621027	
1347	1.398894	-1.795733	3.616064	
1348	1.403879	-1.794739	3.613082	
1349	1.409760	-1.794814	3.608088	
1350	1.419925	-1.793280	3.603520	
1351	1.428784	-1.790497	3.600093	
1352	1.435327	-1.791465	3.594593	
1353	1.444989	-1.789682	3.589897	
1354	1.454625	-1.787285	3.585895	
1355	1.462785	-1.786835	3.580178	
1356	1.473976	-1.784222	3.575593	
1357	1.482978	-1.781976	3.571551	
1358	1.494440	-1.780714	3.565325	
1359	1.506764	-1.777332	3.561335	
1360	1.517048	-1.775213	3.557763	
1361	1.529196	-1.773276	3.553966	
1362	1.542559	-1.771101	3.549404	
1363	1.552852	-1.767429	3.548573	
1364	1.564343	-1.765804	3.545315	
1365	1.578331	-1.763519	3.541722	
1366	1.589515	-1.760525	3.539684	
1367	1.600716	-1.759594	3.535279	
1368	1.613419	-1.756290	3.531881	
1369	1.621719	-1.754460	3.529248	
1370	1.632903	-1.752072	3.525200	
1371	1.643545	-1.748291	3.523122	
1372	1.652637	-1.746159	3.520424	
1373	1.662349	-1.743665	3.517255	
1374	1.671478	-1.740280	3.513966	
1375	1.679382	-1.737984	3.510381	
1376	1.687433	-1.735606	3.506226	
1377	1.696403	-1.733019	3.500952	
1378	1.704532	-1.730086	3.496175	
1379	1.711976	-1.727717	3.490641	
1380	1.721036	-1.724240	3.484402	
1381	1.730912	-1.718372	3.479230	
1382	1.735885	-1.715374	3.474477	
1383	1.743461	-1.711346	3.467948	
1384	1.752795	-1.704785	3.461246	
1385	1.758381	-1.700912	3.454295	
1386	1.765677	-1.696031	3.446620	
1387	1.773566	-1.690492	3.437439	
1388	1.780412	-1.685798	3.428046	
1389	1.787304	-1.681046	3.418233	
1390	1.793238	-1.675151	3.411871	
1391	1.802236	-1.669876	3.401811	
1392	1.812362	-1.664737	3.391212	
1393	1.818912	-1.659207	3.384393	
1394	1.824707	-1.654603	3.377402	
1395	1.838573	-1.647081	3.362999	
1396	1.850675	-1.637222	3.348824	
1397	1.857975	-1.632441	3.340349	
1398	1.863964	-1.627813	3.333907	
1399	1.870426	-1.624846	3.324648	
1400	1.877269	-1.620706	3.317149	
1401	1.883599	-1.617021	3.309569	
1402	1.889618	-1.614581	3.300904	
1403	1.895588	-1.611316	3.292622	
1404	1.901129	-1.608379	3.283659	
1405	1.906735	-1.603675	3.277276	
1406	1.912836	-1.598679	3.271948	
1407	1.919162	-1.594612	3.263912	
1408	1.926203	-1.589932	3.255899	
1409	1.933298	-1.583975	3.250180	
1410	1.940680	-1.578444	3.242446	
1411	1.948968	-1.572584	3.233886	
1412	1.956516	-1.566850	3.226396	
1413	1.965429	-1.562171	3.216529	
1414	1.975775	-1.555003	3.209155	
1415	1.983868	-1.549265	3.203105	
1416	1.993356	-1.543713	3.196430	
1417	2.003680	-1.537425	3.190373	
1418	2.013637	-1.530445	3.185988	
1419	2.023077	-1.524806	3.179940	
1420	2.033547	-1.518947	3.173170	
1421	2.043537	-1.512656	3.167152	
1422	2.053627	-1.506809	3.160748	
1423	2.061518	-1.501426	3.155640	
1424	2.077322	-1.492188	3.142938	
1425	2.083290	-1.488038	3.138364	
1426	2.089412	-1.484642	3.132547	
1427	2.095660	-1.481631	3.126009	
1428	2.101844	-1.477703	3.119150	
1429	2.107580	-1.472999	3.113440	
1430	2.112443	-1.468626	3.109468	
1431	2.116730	-1.465021	3.104868	
1432	2.121509	-1.461875	3.096528	
1433	2.126890	-1.456845	3.090526	
1434	2.130638	-1.451820	3.086460	
1435	2.134637	-1.446634	3.081504	
1436	2.139277	-1.440830	3.076141	
1437	2.142087	-1.437835	3.067245	
1438	2.145423	-1.433775	3.059631	
1439	2.148332	-1.428641	3.054758	
1440	2.151344	-1.423388	3.048144	
1441	2.155151	-1.418210	3.039730	
1442	2.158286	-1.412856	3.032017	
1443	2.160561	-1.408404	3.024734	
1444	2.164813	-1.402428	3.014047	
1445	2.168244	-1.397759	3.002614	
1446	2.170686	-1.393623	2.995687	
1447	2.173010	-1.389813	2.984466	
1448	2.177160	-1.384296	2.971588	
1449	2.178960	-1.379516	2.966993	
1450	2.179564	-1.376447	2.959654	
1451	2.184741	-1.368024	2.948223	
1452	2.186677	-1.361772	2.940351	
1453	2.185227	-1.359400	2.931100	
1454	2.187059	-1.353089	2.920246	
1455	2.189505	-1.344822	2.911659	
1456	2.189826	-1.340030	2.905298	
1457	2.192168	-1.334248	2.894359	
1458	2.194067	-1.328067	2.885375	
1459	2.195783	-1.321982	2.877181	
1460	2.198257	-1.314995	2.871904	
1461	2.200161	-1.310233	2.860822	
1462	2.202740	-1.305293	2.850407	
1463	2.206141	-1.298424	2.845833	
1464	2.208196	-1.293889	2.834828	
1465	2.212374	-1.287382	2.825682	
1466	2.215445	-1.280884	2.820564	
1467	2.216835	-1.277466	2.808754	
1468	2.221189	-1.271806	2.797359	
1469	2.224041	-1.267672	2.786778	
1470	2.227058	-1.264631	2.774982	
1471	2.236352	-1.254082	2.759047	
1472	2.240474	-1.250873	2.749995	
1473	2.245832	-1.246407	2.743676	
1474	2.251161	-1.242715	2.732875	
1475	2.256823	-1.239336	2.724103	
1476	2.262620	-1.235990	2.714737	
1477	2.268011	-1.232377	2.704363	
1478	2.274620	-1.226052	2.694460	
1479	2.280641	-1.220530	2.687353	
1480	2.285028	-1.216308	2.677874	
1481	2.290604	-1.210206	2.669059	
1482	2.294517	-1.206121	2.661404	
1483	2.298274	-1.201828	2.654078	
1484	2.302302	-1.196492	2.644339	
1485	2.306088	-1.190417	2.638962	
1486	2.308868	-1.186320	2.630539	
1487	2.311794	-1.181545	2.622076	
1488	2.315007	-1.176161	2.616206	
1489	2.316347	-1.172682	2.607048	
1490	2.318664	-1.167390	2.597614	
1491	2.319557	-1.162673	2.589208	
1492	2.320559	-1.158159	2.579834	
1493	2.323056	-1.147181	2.562037	
1494	2.323218	-1.143371	2.551827	
1495	2.323711	-1.137398	2.542454	
1496	2.324027	-1.130981	2.536798	
1497	2.324041	-1.124882	2.528709	
1498	2.321909	-1.121800	2.514858	
1499	2.321898	-1.114027	2.507769	
1500	2.321117	-1.106848	2.501286	
1501	2.321070	-1.098297	2.492093	
1502	2.320991	-1.090167	2.484281	
1503	2.319722	-1.083684	2.474291	
1504	2.318698	-1.077562	2.462492	
1505	2.317515	-1.072665	2.450330	
1506	2.316119	-1.068483	2.437092	
1507	2.315588	-1.062723	2.425041	
1508	2.314544	-1.057503	2.414073	
1509	2.314377	-1.051157	2.403876	
1510	2.313240	-1.045704	2.392109	
1511	2.312480	-1.039505	2.381767	
1512	2.311660	-1.033671	2.372337	
1513	2.309368	-1.030192	2.361737	
1514	2.309002	-1.024123	2.353237	
1515	2.308074	-1.018770	2.345686	
1516	2.306059	-1.016166	2.336349	
1517	2.304229	-1.011615	2.328553	
1518	2.302270	-1.008250	2.321259	
1519	2.300797	-1.004507	2.314344	
1520	2.299839	-0.999349	2.307992	
1521	2.298838	-0.995657	2.301893	
1522	2.298408	-0.992975	2.296557	
1523	2.298708	-0.988688	2.291061	
1524	2.299167	-0.984826	2.286680	
1525	2.299251	-0.982564	2.279875	
1526	2.298672	-0.980521	2.271019	
1527	2.300021	-0.977124	2.264653	
1528	2.300527	-0.974600	2.256103	
1529	2.302024	-0.970694	2.248356	
1530	2.304691	-0.965635	2.240323	
1531	2.308091	-0.959695	2.232590	
1532	2.311968	-0.953770	2.223861	
1533	2.315642	-0.948051	2.214894	
1534	2.318335	-0.943600	2.204834	
1535	2.321658	-0.939034	2.194795	
1536	2.326013	-0.932394	2.185212	
1537	2.329308	-0.928292	2.175528	
1538	2.333034	-0.923585	2.165902	
1539	2.336673	-0.919310	2.156682	
1540	2.340471	-0.915113	2.148133	
1541	2.344154	-0.910351	2.138435	
1542	2.348963	-0.904991	2.131104	
1543	2.352416	-0.901280	2.123260	
1544	2.355537	-0.898798	2.114108	
1545	2.359903	-0.893008	2.107374	
1546	2.363168	-0.888593	2.100258	
1547	2.366348	-0.884830	2.091758	
1548	2.369719	-0.879535	2.084167	
1549	2.372643	-0.874360	2.076285	
1550	2.375913	-0.869184	2.068110	
1551	2.379071	-0.863183	2.059876	
1552	2.381239	-0.858492	2.051597	
1553	2.382932	-0.854670	2.042792	
1554	2.385023	-0.848795	2.034602	
1555	2.385945	-0.844001	2.025154	
1556	2.387496	-0.838534	2.017060	
1557	2.388292	-0.833662	2.008584	
1558	2.388889	-0.829615	1.999920	
1559	2.389555	-0.823936	1.991266	
1560	2.390718	-0.817547	1.982314	
1561	2.391669	-0.811098	1.973847	
1562	2.391995	-0.805002	1.963184	
1563	2.391917	-0.799195	1.953411	
1564	2.392779	-0.785380	1.932700	
1565	2.393634	-0.778515	1.923388	
1566	2.394879	-0.772109	1.913652	
1567	2.396693	-0.764371	1.903141	
1568	2.399604	-0.757258	1.893821	
1569	2.402222	-0.749928	1.883364	
1570	2.405083	-0.743212	1.875105	
1571	2.408029	-0.738000	1.866991	
1572	2.409941	-0.733301	1.856339	
1573	2.411675	-0.728997	1.848049	
1574	2.413040	-0.725712	1.839166	
1575	2.416011	-0.720394	1.831622	
1576	2.417250	-0.718246	1.822271	
1577	2.419802	-0.714947	1.814069	
1578	2.422425	-0.711760	1.806828	
1579	2.427342	-0.705716	1.788971	
1580	2.429850	-0.702258	1.780053	
1581	2.431691	-0.699954	1.771097	
1582	2.435035	-0.696948	1.762390	
1583	2.439381	-0.692186	1.753535	
1584	2.443178	-0.688360	1.743960	
1585	2.446782	-0.685056	1.734017	
1586	2.451511	-0.679724	1.725259	
1587	2.455283	-0.675526	1.714609	
1588	2.459775	-0.671450	1.705043	
1589	2.465395	-0.665551	1.696570	
1590	2.470132	-0.661326	1.686372	
1591	2.474249	-0.658627	1.676210	
1592	2.478796	-0.653900	1.665626	
1593	2.483718	-0.651152	1.657367	
1594	2.487909	-0.645961	1.646963	
1595	2.493949	-0.640051	1.638134	
1596	2.498666	-0.633189	1.629402	
1597	2.503364	-0.628067	1.619377	
1598	2.508558	-0.620953	1.611687	
1599	2.512375	-0.614758	1.602830	
1600	2.516884	-0.608992	1.595654	
1601	2.520508	-0.602991	1.588068	
1602	2.523388	-0.596509	1.580174	
1603	2.526595	-0.590691	1.573408	
1604	2.528652	-0.584531	1.566801	
1605	2.531309	-0.578853	1.562003	
1606	2.533665	-0.571633	1.556673	
1607	2.534052	-0.566537	1.550144	
1608	2.535298	-0.561232	1.544703	
1609	2.535912	-0.556157	1.538575	
1610	2.535652	-0.550877	1.531985	
1611	2.535639	-0.546077	1.526031	
1612	2.534535	-0.541745	1.519018	
1613	2.532922	-0.536490	1.512213	
1614	2.529117	-0.525440	1.495937	
1615	2.526279	-0.519000	1.486758	
1616	2.523315	-0.514403	1.478817	
1617	2.520494	-0.508923	1.470176	
1618	2.517220	-0.503420	1.461454	
1619	2.513415	-0.497113	1.452922	
1620	2.509455	-0.490986	1.444040	
1621	2.506389	-0.484579	1.436228	
1622	2.502346	-0.479184	1.428354	
1623	2.497904	-0.474768	1.420460	
1624	2.493656	-0.470270	1.412012	
1625	2.489500	-0.465540	1.404242	
1626	2.484057	-0.461822	1.395391	
1627	2.479330	-0.459398	1.388306	
1628	2.473969	-0.456748	1.380914	
1629	2.468518	-0.454961	1.373321	
1630	2.463948	-0.451442	1.366798	
1631	2.460348	-0.448351	1.360602	
1632	2.455506	-0.446057	1.351808	
1633	2.452089	-0.443333	1.343966	
1634	2.448335	-0.440770	1.335265	
1635	2.445450	-0.439042	1.328689	
1636	2.442029	-0.437132	1.322271	
1637	2.438342	-0.434115	1.316138	
1638	2.434088	-0.433087	1.309280	
1639	2.430636	-0.429776	1.304177	
1640	2.427733	-0.428032	1.300635	
1641	2.421810	-0.427110	1.294121	
1642	2.418023	-0.424026	1.289700	
1643	2.414723	-0.422180	1.286103	
1644	2.409943	-0.421336	1.282204	
1645	2.406465	-0.419389	1.279532	
1646	2.402428	-0.418713	1.277266	
1647	2.397199	-0.417462	1.273735	
1648	2.394399	-0.413962	1.272909	
1649	2.391312	-0.411089	1.272765	
1650	2.386695	-0.409636	1.270869	
1651	2.382034	-0.407280	1.268571	
1652	2.376008	-0.404872	1.264983	
1653	2.371732	-0.402801	1.263378	
1654	2.367716	-0.400634	1.262128	
1655	2.362021	-0.398504	1.260123	
1656	2.356556	-0.396302	1.258405	
1657	2.350588	-0.392777	1.256504	
1658	2.343792	-0.391709	1.254807	
1659	2.336567	-0.389513	1.252376	
1660	2.329635	-0.388047	1.250668	
1661	2.320815	-0.386433	1.247705	
1662	2.312486	-0.385016	1.245273	
1663	2.304033	-0.383635	1.243100	
1664	2.293646	-0.382637	1.239878	
1665	2.284188	-0.381756	1.237011	
1666	2.276227	-0.380692	1.235348	
1667	2.266542	-0.380717	1.232564	
1668	2.255628	-0.380723	1.228127	
1669	2.246834	-0.380698	1.225427	
1670	2.237359	-0.380228	1.223276	
1671	2.225828	-0.378274	1.219663	
1672	2.215115	-0.378046	1.217209	
1673	2.204417	-0.378381	1.215965	
1674	2.191716	-0.377920	1.214007	
1675	2.179731	-0.375749	1.211682	
1676	2.168999	-0.375339	1.210644	
1677	2.157288	-0.374367	1.209370	
1678	2.145905	-0.371906	1.207728	
1679	2.136553	-0.370965	1.208133	
1680	2.126730	-0.370241	1.208437	
1681	2.117605	-0.368415	1.208202	
1682	2.108368	-0.367672	1.207733	
1683	2.099820	-0.365938	1.207162	
1684	2.092192	-0.363360	1.206826	
1685	2.084087	-0.362756	1.206089	
1686	2.076655	-0.361244	1.204587	
1687	2.070451	-0.359258	1.203824	
1688	2.056401	-0.356754	1.201844	
1689	2.050054	-0.355195	1.201262	
1690	2.043711	-0.353705	1.200049	
1691	2.037503	-0.351136	1.198633	
1692	2.030899	-0.348263	1.196879	
1693	2.025164	-0.344041	1.195204	
1694	2.018186	-0.340235	1.192755	
1695	2.011635	-0.335910	1.190291	
1696	2.005383	-0.332168	1.187369	
1697	1.999538	-0.327106	1.184498	
1698	1.993765	-0.322680	1.180957	
1699	1.988403	-0.318469	1.177410	
1700	1.983003	-0.313900	1.173812	
1701	1.977651	-0.309431	1.169835	
1702	1.972145	-0.305027	1.165866	
1703	1.967088	-0.300653	1.161908	
1704	1.961754	-0.296647	1.157065	
1705	1.956352	-0.292742	1.152094	
1706	1.952089	-0.288719	1.147725	
1707	1.946917	-0.285745	1.142735	
1708	1.941378	-0.281495	1.137787	
1709	1.936643	-0.278378	1.133523	
1710	1.930785	-0.275456	1.129280	
1711	1.924588	-0.270959	1.124684	
1712	1.919623	-0.267611	1.121297	
1713	1.913466	-0.265339	1.117335	
1714	1.906259	-0.261134	1.112784	
1715	1.899521	-0.258344	1.108564	
1716	1.892232	-0.255905	1.104131	
1717	1.884633	-0.252540	1.099664	
1718	1.877092	-0.249752	1.095171	
1719	1.868429	-0.246822	1.090332	
1720	1.860076	-0.243246	1.085853	
1721	1.851649	-0.240672	1.081516	
1722	1.842679	-0.237985	1.077424	
1723	1.832760	-0.235041	1.072946	
1724	1.823405	-0.232462	1.068939	
1725	1.812218	-0.230485	1.064524	
1726	1.802015	-0.227092	1.060774	
1727	1.793577	-0.225152	1.057682	
1728	1.783913	-0.222720	1.054442	
1729	1.766787	-0.218241	1.049202	
1730	1.758568	-0.216707	1.047407	
1731	1.749676	-0.214780	1.045096	
1732	1.742163	-0.213216	1.043386	
1733	1.734848	-0.212189	1.042204	
1734	1.727632	-0.211070	1.040950	
1735	1.721300	-0.208784	1.039549	
1736	1.715073	-0.207644	1.038382	
1737	1.708679	-0.207942	1.036783	
1738	1.702636	-0.206475	1.034795	
1739	1.697194	-0.205794	1.033311	
1740	1.691878	-0.205380	1.032385	
1741	1.686330	-0.204282	1.031418	
1742	1.681803	-0.202970	1.030548	
1743	1.676666	-0.201618	1.029224	
1744	1.672313	-0.200151	1.028045	
1745	1.666989	-0.199316	1.025975	
1746	1.662080	-0.198462	1.023677	
1747	1.656272	-0.196675	1.020866	
1748	1.651463	-0.196629	1.018310	
1749	1.645906	-0.195480	1.015093	
1750	1.640246	-0.192649	1.011493	
1751	1.635619	-0.190995	1.008446	
1752	1.630159	-0.189087	1.004799	
1753	1.624090	-0.185788	1.000661	
1754	1.618083	-0.182003	0.996290	
1755	1.612134	-0.179805	0.991339	
1756	1.606178	-0.174686	0.986366	
1757	1.600461	-0.170938	0.980985	
1758	1.587898	-0.163551	0.969275	
1759	1.581458	-0.159936	0.963085	
1760	1.575774	-0.156356	0.957060	
1761	1.569371	-0.152226	0.950491	
1762	1.564007	-0.148739	0.944296	
1763	1.558053	-0.145522	0.938095	
1764	1.552435	-0.140366	0.931953	
1765	1.547600	-0.136517	0.926145	
1766	1.534793	-0.129071	0.914055	
1767	1.529526	-0.126195	0.908313	
1768	1.524235	-0.121269	0.902969	
1769	1.518580	-0.116874	0.897534	
1770	1.513647	-0.114202	0.892093	
1771	1.509537	-0.110501	0.887379	
1772	1.505636	-0.106917	0.882908	
1773	1.500789	-0.103826	0.878387	
1774	1.496056	-0.102027	0.873904	
1775	1.491635	-0.101293	0.870064	
1776	1.480863	-0.104599	0.860261	
1777	1.475234	-0.105856	0.855261	
1778	1.468831	-0.108314	0.850229	
1779	1.462191	-0.112112	0.844463	
1780	1.454368	-0.114730	0.838904	
1781	1.439408	-0.121802	0.827613	
1782	1.431657	-0.123414	0.822579	
1783	1.423948	-0.124965	0.818081	
1784	1.416682	-0.125259	0.814052	
1785	1.409116	-0.125732	0.810282	
1786	1.401563	-0.127049	0.806193	
1787	1.394928	-0.128245	0.802469	
1788	1.387565	-0.127962	0.798742	
1789	1.374323	-0.127838	0.792824	
1790	1.367689	-0.128671	0.789858	
1791	1.361044	-0.128762	0.787042	
1792	1.355284	-0.128516	0.784512	
1793	1.349035	-0.129529	0.781040	
1794	1.342104	-0.128469	0.778015	
1795	1.337564	-0.128764	0.775141	
1796	1.331689	-0.129035	0.772231	
1797	1.325205	-0.128025	0.769548	
1798	1.319280	-0.127046	0.766692	
1799	1.314088	-0.126719	0.763996	
1800	1.309068	-0.124464	0.761659	
1801	1.304235	-0.123094	0.758091	
1802	1.299600	-0.121667	0.754825	
1803	1.293252	-0.120656	0.751255	
1804	1.290175	-0.119929	0.748223	
1805	1.285768	-0.117062	0.746208	
1806	1.282000	-0.115171	0.744494	
1807	1.277893	-0.114497	0.741635	
1808	1.273410	-0.111742	0.739174	
1809	1.269883	-0.109003	0.736873	
1810	1.265387	-0.107501	0.733253	
1811	1.261091	-0.103904	0.729840	
1812	1.258395	-0.099463	0.726876	
1813	1.254133	-0.096423	0.721736	
1814	1.249086	-0.092971	0.716305	
1815	1.245384	-0.087110	0.711767	
1816	1.242612	-0.084382	0.705637	
1817	1.238799	-0.080845	0.699436	
1818	1.235728	-0.075809	0.694446	
1819	1.233516	-0.073717	0.688216	
1820	1.231044	-0.070019	0.682575	
1821	1.225984	-0.065233	0.677892	
1822	1.224039	-0.063189	0.672281	
1823	1.219844	-0.058733	0.667585	
1824	1.216249	-0.056785	0.662372	
1825	1.213106	-0.056099	0.656575	
1826	1.208198	-0.053675	0.651800	
1827	1.205388	-0.051639	0.647014	
1828	1.200588	-0.050429	0.641788	
1829	1.195442	-0.047584	0.638188	
1830	1.190468	-0.047747	0.633372	
1831	1.185380	-0.047351	0.628575	
1832	1.178420	-0.046541	0.624486	
1833	1.170985	-0.044982	0.620622	
1834	1.164426	-0.045444	0.615663	
1835	1.155972	-0.045006	0.611227	
1836	1.147674	-0.044296	0.607276	
1837	1.141509	-0.045260	0.602818	
1838	1.132581	-0.046386	0.598648	
1839	1.123285	-0.048201	0.594990	
1840	1.115839	-0.051422	0.591600	
1841	1.106527	-0.056663	0.587867	
1842	1.095734	-0.060207	0.585271	
1843	1.087178	-0.063951	0.583857	
1844	1.076560	-0.066068	0.583460	
1845	1.064641	-0.068665	0.583600	
1846	1.054501	-0.073134	0.583172	
1847	1.043839	-0.076843	0.583328	
1848	1.033065	-0.079024	0.584316	
1849	1.023810	-0.082219	0.585170	
1850	1.013276	-0.085433	0.586265	
1851	1.002083	-0.088670	0.587878	
1852	0.992487	-0.092097	0.589060	
1853	0.982461	-0.094832	0.590393	
1854	0.973029	-0.098846	0.591213	
1855	0.964646	-0.103666	0.591573	
1856	0.955722	-0.105934	0.593524	
1857	0.947070	-0.108243	0.595398	
1858	0.939582	-0.110359	0.597151	
1859	0.930851	-0.113808	0.598738	
1860	0.922400	-0.116183	0.600644	
1861	0.916097	-0.118565	0.602626	
1862	0.907587	-0.118847	0.605960	
1863	0.901260	-0.121440	0.608050	
1864	0.894235	-0.123028	0.610463	
1865	0.886540	-0.124310	0.613446	
1866	0.879639	-0.126379	0.616303	
1867	0.872485	-0.128472	0.618903	
1868	0.865268	-0.127604	0.622685	
1869	0.860250	-0.128601	0.626276	
1870	0.855130	-0.133316	0.627812	
1871	0.847954	-0.134479	0.630347	
1872	0.839537	-0.134973	0.634327	
1873	0.834783	-0.140196	0.635573	
1874	0.829285	-0.142155	0.637141	
1875	0.821394	-0.143533	0.640403	
1876	0.816964	-0.147402	0.642120	
1877	0.812175	-0.148862	0.644251	
1878	0.804947	-0.149786	0.647537	
1879	0.800495	-0.151688	0.649795	
1880	0.795761	-0.153880	0.652056	
1881	0.790039	-0.154783	0.655216	
1882	0.784815	-0.155661	0.658602	
1883	0.781241	-0.157073	0.661742	
1884	0.772783	-0.157986	0.668879	
1885	0.767865	-0.158749	0.672184	
1886	0.762527	-0.157840	0.676663	
1887	0.757893	-0.158402	0.680512	
1888	0.753987	-0.159212	0.683882	
1889	0.749320	-0.158392	0.688395	
1890	0.747162	-0.157320	0.693362	
1891	0.743989	-0.158249	0.698024	
1892	0.740230	-0.157871	0.703713	
1893	0.737346	-0.157027	0.710164	
1894	0.733769	-0.157021	0.717359	
1895	0.730629	-0.155788	0.725517	
1896	0.729589	-0.156144	0.733644	
1897	0.726357	-0.156978	0.741766	
1898	0.723914	-0.155622	0.750560	
1899	0.721714	-0.155131	0.758996	
1900	0.719423	-0.156521	0.766585	
1901	0.716506	-0.156869	0.774078	
1902	0.713404	-0.157435	0.781555	
1903	0.710133	-0.158887	0.788940	
1904	0.707072	-0.160981	0.796294	
1905	0.703861	-0.161976	0.804582	
1906	0.700623	-0.164790	0.812404	
1907	0.697364	-0.168924	0.819531	
1908	0.693840	-0.170887	0.827990	
1909	0.691311	-0.174956	0.835659	
1910	0.688814	-0.179717	0.842498	
1911	0.686229	-0.180665	0.851587	
1912	0.683320	-0.184748	0.859182	
1913	0.680003	-0.188434	0.865473	
1914	0.678341	-0.190021	0.874153	
1915	0.677694	-0.193525	0.881523	
1916	0.676210	-0.196760	0.888084	
1917	0.674936	-0.198258	0.895519	
1918	0.674815	-0.200860	0.902593	
1919	0.674229	-0.203947	0.908244	
1920	0.673962	-0.205750	0.914731	
1921	0.674118	-0.208177	0.920752	
1922	0.675124	-0.211162	0.926195	
1923	0.676642	-0.213401	0.932306	
1924	0.677915	-0.216476	0.937963	
1925	0.678970	-0.219646	0.942839	
1926	0.679636	-0.222115	0.947764	
1927	0.680597	-0.223988	0.953204	
1928	0.682354	-0.226232	0.958673	
1929	0.682955	-0.229224	0.963539	
1930	0.684073	-0.230062	0.970041	
1931	0.684309	-0.232916	0.975401	
1932	0.685267	-0.234235	0.980793	
1933	0.687549	-0.235554	0.987217	
1934	0.688698	-0.238142	0.991870	
1935	0.689585	-0.238805	0.996470	
1936	0.690794	-0.238928	1.002152	
1937	0.691411	-0.240023	1.006574	
1938	0.693233	-0.239522	1.017180	
1939	0.693702	-0.239576	1.021431	
1940	0.694350	-0.238846	1.025696	
1941	0.695031	-0.235795	1.036340	
1942	0.694864	-0.233716	1.041068	
1943	0.695097	-0.231103	1.046968	
1944	0.696199	-0.229078	1.052426	
1945	0.696046	-0.226473	1.058218	
1946	0.696181	-0.223686	1.064205	
1947	0.696193	-0.221509	1.069958	
1948	0.693705	-0.213277	1.088231	
1949	0.693816	-0.210981	1.095102	
1950	0.693792	-0.209476	1.102006	
1951	0.693148	-0.207594	1.116296	
1952	0.692225	-0.206801	1.123432	
1953	0.691321	-0.205994	1.130502	
1954	0.690345	-0.205824	1.136982	
1955	0.689088	-0.206390	1.143174	
1956	0.689999	-0.205889	1.149783	
1957	0.688900	-0.207150	1.160676	
1958	0.689195	-0.207208	1.166324	
1959	0.689303	-0.207682	1.171432	
1960	0.689731	-0.207426	1.177064	
1961	0.690616	-0.207193	1.182795	
1962	0.690446	-0.207632	1.187819	
1963	0.690572	-0.208037	1.192722	
1964	0.691885	-0.207648	1.197970	
1965	0.692685	-0.207670	1.202910	
1966	0.692681	-0.208360	1.207223	
1967	0.693225	-0.208296	1.211784	
1968	0.693033	-0.207889	1.215749	
1969	0.692821	-0.207809	1.219313	
1970	0.693171	-0.206367	1.223640	
1971	0.694175	-0.204585	1.227392	
1972	0.694268	-0.203666	1.230385	
1973	0.694302	-0.202017	1.233556	
1974	0.695757	-0.201128	1.236610	
1975	0.695687	-0.200016	1.238817	
1976	0.694503	-0.198752	1.240914	
1977	0.694313	-0.198270	1.242530	
1978	0.694557	-0.197332	1.244766	
1979	0.694218	-0.196778	1.246300	
1980	0.693038	-0.195923	1.247699	
1981	0.691906	-0.194649	1.249484	
1982	0.690868	-0.193954	1.251133	
1983	0.686514	-0.193090	1.253651	
1984	0.684659	-0.191112	1.255677	
1985	0.682395	-0.188567	1.257343	
1986	0.679326	-0.185663	1.258949	
1987	0.676340	-0.183315	1.260048	
1988	0.672895	-0.180237	1.261210	
1989	0.669689	-0.177913	1.262341	
1990	0.666133	-0.176583	1.262966	
1991	0.662449	-0.174462	1.263796	
1992	0.659871	-0.173164	1.264932	
1993	0.656292	-0.172464	1.265534	
1994	0.652153	-0.170799	1.266411	
1995	0.648437	-0.169585	1.267237	
1996	0.644081	-0.168165	1.268005	
1997	0.639429	-0.166977	1.268859	
1998	0.635032	-0.166013	1.269890	
1999	0.630041	-0.165267	1.270304	
2000	0.625351	-0.164370	1.271052	
2001	0.620369	-0.164707	1.270971	
2002	0.615340	-0.164330	1.270915	
2003	0.610858	-0.163843	1.271345	
2004	0.606729	-0.164515	1.271354	
2005	0.602144	-0.164735	1.271427	
2006	0.597616	-0.164713	1.271602	
2007	0.593740	-0.165229	1.271552	
2008	0.589349	-0.165444	1.271286	
2009	0.584682	-0.165234	1.270745	
2010	0.580471	-0.164513	1.270217	
2011	0.575860	-0.163049	1.269862	
2012	0.571421	-0.161774	1.269626	
2013	0.566700	-0.161881	1.268326	
2014	0.562178	-0.160177	1.267527	
2015	0.557862	-0.158735	1.266949	
2016	0.553895	-0.157527	1.265901	
2017	0.550283	-0.154747	1.265714	
2018	0.545954	-0.155336	1.263964	
2019	0.542689	-0.153406	1.263129	
2020	0.539258	-0.153792	1.262570	
2021	0.536196	-0.152765	1.261527	
2022	0.533172	-0.152030	1.260723	
2023	0.527388	-0.151640	1.258691	
2024	0.524755	-0.152124	1.257906	
2025	0.522397	-0.151879	1.257595	
2026	0.519483	-0.152183	1.256287	
2027	0.517191	-0.150326	1.256313	
2028	0.514323	-0.150390	1.255193	
2029	0.511315	-0.148889	1.253802	
2030	0.508480	-0.148557	1.253031	
2031	0.504678	-0.147889	1.251250	
2032	0.500983	-0.146738	1.249722	
2033	0.497297	-0.146317	1.248196	
2034	0.493453	-0.145509	1.246593	
2035	0.489761	-0.144834	1.245060	
2036	0.485612	-0.143795	1.242952	
2037	0.481694	-0.143275	1.241162	
2038	0.476849	-0.142593	1.238233	
2039	0.472296	-0.142292	1.235955	
2040	0.468000	-0.141531	1.233427	
2041	0.464435	-0.141013	1.231263	
2042	0.461142	-0.140529	1.229358	
2043	0.457813	-0.139459	1.227313	
2044	0.450857	-0.137580	1.221323	
2045	0.446032	-0.134892	1.216941	
2046	0.443419	-0.133872	1.214303	
2047	0.440542	-0.132311	1.211515	
2048	0.437066	-0.131200	1.207795	
2049	0.433610	-0.128287	1.204357	
2050	0.430196	-0.127505	1.200917	
2051	0.427098	-0.125996	1.197976	
2052	0.424392	-0.124047	1.195766	
2053	0.420812	-0.123075	1.192123	
2054	0.418232	-0.120959	1.189905	
2055	0.415011	-0.119430	1.186906	
2056	0.411272	-0.117933	1.183514	
2057	0.405438	-0.114243	1.178135	
2058	0.402409	-0.113126	1.175206	
2059	0.399747	-0.111115	1.172896	
2060	0.396495	-0.109468	1.169769	
2061	0.393425	-0.107095	1.167018	
2062	0.387968	-0.102943	1.162111	
2063	0.385127	-0.100382	1.159349	
2064	0.380718	-0.094724	1.154968	
2065	0.378604	-0.092615	1.152927	
2066	0.376619	-0.090788	1.150569	
2067	0.374911	-0.088367	1.148915	
2068	0.372730	-0.087574	1.146227	
2069	0.370574	-0.086143	1.143621	
2070	0.366938	-0.084946	1.139520	
2071	0.364720	-0.084550	1.136899	
2072	0.362944	-0.083528	1.134490	
2073	0.360604	-0.084074	1.131249	
2074	0.358548	-0.084116	1.128078	
2075	0.357460	-0.082895	1.125523	
2076	0.355503	-0.083220	1.121641	
2077	0.354173	-0.081561	1.118065	
2078	0.353545	-0.080760	1.114759	
2079	0.352357	-0.081004	1.110695	
2080	0.351843	-0.079909	1.106791	
2081	0.351101	-0.078073	1.102916	
2082	0.350145	-0.077393	1.098351	
2083	0.350024	-0.075928	1.093966	
2084	0.349768	-0.074426	1.089004	
2085	0.349285	-0.072830	1.083635	
2086	0.349647	-0.071097	1.078761	
2087	0.349898	-0.071285	1.073572	
2088	0.350384	-0.070194	1.067705	
2089	0.351026	-0.068787	1.061775	
2090	0.352167	-0.068470	1.055975	
2091	0.353234	-0.066687	1.050430	
2092	0.354402	-0.063373	1.046080	
2093	0.355969	-0.062823	1.039433	
2094	0.356201	-0.059593	1.034210	
2095	0.357521	-0.057464	1.028350	
2096	0.357913	-0.056617	1.020816	
2097	0.358209	-0.052896	1.014773	
2098	0.359280	-0.051492	1.007174	
2099	0.358939	-0.049592	0.999335	
2100	0.359420	-0.047036	0.992046	
2101	0.359392	-0.046664	0.983778	
2102	0.358827	-0.044997	0.976071	
2103	0.358446	-0.042685	0.969217	
2104	0.357983	-0.041868	0.962438	
2105	0.356573	-0.041887	0.955511	
2106	0.355110	-0.040866	0.949048	
2107	0.353455	-0.041428	0.942913	
2108	0.350940	-0.042421	0.936859	
2109	0.348783	-0.042311	0.932213	
2110	0.345772	-0.043264	0.926624	
2111	0.342886	-0.042612	0.921560	
2112	0.340210	-0.042001	0.916910	
2113	0.336450	-0.042964	0.911450	
2114	0.333324	-0.041847	0.907000	
2115	0.329923	-0.040287	0.902743	
2116	0.327551	-0.040830	0.898863	
2117	0.324212	-0.039414	0.894571	
2118	0.321229	-0.037465	0.890568	
2119	0.317553	-0.037349	0.885420	
2120	0.314568	-0.036054	0.880773	
2121	0.312464	-0.034002	0.876831	
2122	0.308112	-0.036490	0.864802	
2123	0.306655	-0.034163	0.859763	
2124	0.303168	-0.036973	0.845420	
2125	0.301932	-0.034705	0.839583	
2126	0.300995	-0.037151	0.831473	
2127	0.300558	-0.036856	0.824512	
2128	0.299857	-0.034131	0.818516	
2129	0.300068	-0.035627	0.810458	
2130	0.299076	-0.037504	0.801776	
2131	0.297534	-0.035928	0.794768	
2132	0.298488	-0.035809	0.787164	
2133	0.299043	-0.035913	0.772844	
2134	0.300188	-0.037537	0.758011	
2135	0.299726	-0.036278	0.751994	
2136	0.300583	-0.035584	0.746059	
2137	0.300442	-0.037242	0.739403	
2138	0.301034	-0.036630	0.734083	
2139	0.301849	-0.035019	0.728585	
2140	0.301969	-0.035470	0.722348	
2141	0.302613	-0.035447	0.716089	
2142	0.304456	-0.034260	0.710133	
2143	0.305693	-0.031950	0.704759	
2144	0.307733	-0.032113	0.698647	
2145	0.308822	-0.031066	0.692668	
2146	0.310712	-0.028111	0.686984	
2147	0.312453	-0.028243	0.680687	
2148	0.315358	-0.027327	0.674408	
2149	0.322130	-0.020584	0.664259	
2150	0.325903	-0.021843	0.657502	
2151	0.327953	-0.018899	0.651386	
2152	0.334883	-0.015886	0.636959	
2153	0.337046	-0.014358	0.628896	
2154	0.338901	-0.011096	0.621902	
2155	0.341200	-0.008794	0.613706	
2156	0.342965	-0.008541	0.604563	
2157	0.344451	-0.006184	0.596071	
2158	0.345420	-0.003166	0.587120	
2159	0.347273	-0.002706	0.575664	
2160	0.349041	-0.000916	0.565484	
2161	0.354826	0.003430	0.544437	
2162	0.355993	0.005256	0.534114	
2163	0.356400	0.008640	0.524174	
2164	0.356996	0.011786	0.512801	
2165	0.357802	0.012735	0.499995	
2166	0.357895	0.014845	0.489601	
2167	0.358634	0.019287	0.479591	
2168	0.358808	0.019551	0.467163	
2169	0.358235	0.021091	0.454581	
2170	0.358090	0.021904	0.444592	
2171	0.356527	0.024186	0.434166	
2172	0.357091	0.025314	0.423454	
2173	0.357580	0.027627	0.414647	
2174	0.357042	0.030947	0.406507	
2175	0.356262	0.031939	0.397335	
2176	0.355305	0.032807	0.388699	
2177	0.355276	0.035676	0.382236	
2178	0.355043	0.037838	0.375226	
2179	0.355299	0.036846	0.367187	
2180	0.352209	0.041016	0.355220	
2181	0.350047	0.041924	0.348966	
2182	0.345673	0.042942	0.343072	
2183	0.335931	0.044243	0.337200	
2184	0.333525	0.045886	0.331213	
2185	0.329721	0.046720	0.324792	
2186	0.324115	0.049450	0.320201	
2187	0.318373	0.050882	0.314881	
2188	0.311505	0.051869	0.308603	
2189	0.304279	0.054333	0.303356	
2190	0.294948	0.056118	0.298214	
2191	0.286667	0.056943	0.291465	
2192	0.278433	0.057644	0.283879	
2193	0.268942	0.060534	0.278272	
2194	0.259582	0.062489	0.272416	
2195	0.250418	0.063241	0.265594	
2196	0.240858	0.063911	0.258616	
2197	0.232163	0.065715	0.252667	
2198	0.224370	0.066875	0.246159	
2199	0.216051	0.066691	0.239054	
2200	0.208155	0.067247	0.233139	
2201	0.201632	0.068524	0.227187	
2202	0.194859	0.069864	0.220885	
2203	0.185922	0.069186	0.214690	
2204	0.178217	0.069713	0.209720	
2205	0.170926	0.071074	0.204669	
2206	0.162773	0.072002	0.199223	
2207	0.155787	0.072494	0.193634	
2208	0.148516	0.072113	0.187698	
2209	0.141898	0.073037	0.181953	
2210	0.134971	0.073043	0.175793	
2211	0.127735	0.072330	0.169982	
2212	0.120681	0.072644	0.164822	
2213	0.113086	0.071938	0.159159	
2214	0.094572	0.074289	0.149162	
2215	0.087269	0.073812	0.142904	
2216	0.078731	0.074850	0.136909	
2217	0.071095	0.075840	0.130958	
2218	0.063078	0.075683	0.123672	
2219	0.053771	0.074806	0.116909	
2220	0.046607	0.076964	0.110500	
2221	0.039083	0.076706	0.102662	
2222	0.029671	0.077645	0.095067	
2223	0.021012	0.081187	0.088923	
2224	0.013130	0.083983	0.081336	
2225	0.002627	0.085661	0.073405	
2226	-0.005159	0.087985	0.067055	
2227	-0.013528	0.092669	0.060764	
2228	-0.023485	0.095096	0.053719	
2229	-0.032355	0.097734	0.047685	
2230	-0.039396	0.103055	0.042358	
2231	-0.048023	0.105846	0.035846	
2232	-0.057165	0.109714	0.030211	
2233	-0.065320	0.114709	0.025066	
2234	-0.073080	0.120031	0.019632	
2235	-0.090464	0.130355	0.009800	
2236	-0.095887	0.138079	0.006168	
2237	-0.105024	0.140943	-0.000084	
2238	-0.113095	0.144069	-0.004280	
2239	-0.118626	0.148021	-0.007510	
2240	-0.124772	0.149981	-0.011015	
2241	-0.131397	0.150867	-0.014805	
2242	-0.137112	0.152568	-0.017941	
2243	-0.143108	0.152491	-0.021698	
2244	-0.149763	0.152410	-0.024677	
2245	-0.155219	0.152996	-0.027436	
2246	-0.164948	0.152813	-0.030870	
2247	-0.173556	0.152395	-0.033794	
2248	-0.178742	0.154509	-0.035434	
2249	-0.184992	0.155889	-0.038097	
2250	-0.193686	0.156639	-0.040860	
2251	-0.200897	0.158858	-0.042438	
2252	-0.208976	0.160110	-0.044415	
2253	-0.217187	0.160090	-0.046201	
2254	-0.224195	0.159907	-0.047778	
2255	-0.231089	0.159607	-0.049177	
2256	-0.250669	0.157398	-0.051652	
2257	-0.265500	0.155883	-0.054534	
2258	-0.272734	0.156085	-0.055690	
2259	-0.280043	0.156509	-0.056777	
2260	-0.286910	0.156538	-0.057537	
2261	-0.293520	0.157835	-0.057715	
2262	-0.300295	0.160220	-0.057563	
2263	-0.307762	0.161806	-0.057513	
2264	-0.316485	0.162539	-0.058142	
2265	-0.323736	0.164866	-0.058046	
2266	-0.329809	0.167575	-0.058488	
2267	-0.336976	0.168206	-0.060130	
2268	-0.344668	0.167651	-0.062136	
2269	-0.352450	0.168726	-0.063915	
2270	-0.359033	0.167944	-0.066663	
2271	-0.366596	0.166290	-0.069252	
2272	-0.373206	0.164876	-0.071795	
2273	-0.379823	0.163755	-0.074543	
2274	-0.386444	0.160347	-0.077762	
2275	-0.394733	0.158772	-0.080712	
2276	-0.402393	0.157491	-0.083263	
2277	-0.408361	0.156026	-0.086117	
2278	-0.417512	0.155128	-0.088108	
2279	-0.424267	0.154432	-0.090105	
2280	-0.429397	0.155258	-0.091461	
2281	-0.437704	0.154485	-0.093387	
2282	-0.445151	0.156495	-0.094154	
2283	-0.451663	0.156703	-0.095878	
2284	-0.459663	0.154575	-0.097831	
2285	-0.465268	0.152709	-0.099371	
2286	-0.468941	0.152274	-0.101444	
2287	-0.475528	0.152387	-0.103976	
2288	-0.482048	0.151540	-0.106935	
2289	-0.487868	0.149790	-0.110938	
2290	-0.493608	0.149681	-0.114955	
2291	-0.499594	0.149795	-0.119598	
2292	-0.507222	0.150177	-0.123946	
2293	-0.512747	0.151001	-0.129038	
2294	-0.518165	0.152053	-0.134287	
2295	-0.525535	0.156142	-0.139405	
2296	-0.532687	0.160504	-0.144444	
2297	-0.538528	0.163719	-0.150068	
2298	-0.546581	0.167350	-0.155501	
2299	-0.553945	0.170929	-0.160717	
2300	-0.559566	0.175276	-0.165487	
2301	-0.565162	0.180923	-0.170171	
2302	-0.572728	0.183748	-0.174909	
2303	-0.579140	0.187092	-0.179556	
2304	-0.585488	0.192943	-0.183484	
2305	-0.590545	0.197896	-0.187653	
2306	-0.598364	0.202055	-0.191165	
2307	-0.603024	0.206513	-0.195289	
2308	-0.609247	0.212060	-0.199099	
2309	-0.616125	0.214837	-0.203375	
2310	-0.620759	0.218316	-0.207368	
2311	-0.627755	0.221885	-0.211015	
2312	-0.631356	0.225516	-0.214171	
2313	-0.638317	0.227516	-0.216991	
2314	-0.643280	0.228730	-0.219883	
2315	-0.648767	0.230189	-0.222366	
2316	-0.654030	0.232388	-0.224071	
2317	-0.659158	0.234302	-0.225949	
2318	-0.667881	0.236898	-0.227527	
2319	-0.673217	0.237773	-0.229486	
2320	-0.678175	0.237831	-0.231905	
2321	-0.684735	0.238430	-0.234338	
2322	-0.690092	0.238942	-0.236557	
2323	-0.695266	0.238465	-0.239618	
2324	-0.701297	0.238227	-0.242685	
2325	-0.708170	0.237355	-0.245367	
2326	-0.714234	0.236970	-0.248512	
2327	-0.720232	0.236827	-0.251823	
2328	-0.727052	0.234172	-0.254712	
2329	-0.734335	0.231258	-0.257790	
2330	-0.755605	0.228868	-0.258135	
2331	-0.763391	0.227998	-0.260666	
2332	-0.769351	0.225765	-0.263368	
2333	-0.778502	0.225205	-0.265805	
2334	-0.786440	0.224793	-0.267977	
2335	-0.793985	0.222215	-0.270413	
2336	-0.804415	0.223102	-0.272168	
2337	-0.810249	0.222812	-0.274997	
2338	-0.817067	0.222254	-0.277971	
2339	-0.829151	0.224494	-0.280469	
2340	-0.843002	0.227856	-0.282704	
2341	-0.847820	0.227462	-0.286682	
2342	-0.855459	0.228392	-0.289991	
2343	-0.866792	0.230375	-0.292521	
2344	-0.872679	0.228938	-0.296183	
2345	-0.881341	0.228555	-0.299024	
2346	-0.885133	0.228930	-0.302378	
2347	-0.891487	0.226916	-0.306429	
2348	-0.901268	0.226852	-0.308965	
2349	-0.908694	0.227330	-0.311938	
2350	-0.915189	0.226480	-0.315388	
2351	-0.922619	0.226880	-0.319082	
2352	-0.926471	0.224431	-0.323689	
2353	-0.932988	0.222225	-0.327832	
2354	-0.940143	0.220416	-0.331698	
2355	-0.945343	0.218693	-0.336163	
2356	-0.949374	0.219191	-0.340632	
2357	-0.958382	0.220050	-0.344234	
2358	-0.964679	0.222000	-0.347714	
2359	-0.971031	0.223098	-0.352034	
2360	-0.985178	0.225311	-0.360521	
2361	-0.997190	0.229189	-0.371067	
2362	-1.007741	0.235112	-0.375446	
2363	-1.014508	0.238435	-0.380945	
2364	-1.028067	0.245758	-0.390635	
2365	-1.045303	0.254502	-0.399642	
2366	-1.062422	0.260675	-0.408589	
2367	-1.071451	0.266016	-0.413194	
2368	-1.076103	0.269365	-0.417913	
2369	-1.084095	0.273334	-0.421117	
2370	-1.092782	0.279502	-0.423692	
2371	-1.101152	0.284647	-0.425704	
2372	-1.103873	0.286903	-0.428857	
2373	-1.107241	0.288335	-0.430302	
2374	-1.118399	0.293279	-0.428089	
2375	-1.125286	0.297145	-0.426044	
2376	-1.123693	0.297707	-0.425498	
2377	-1.127808	0.300159	-0.423361	
2378	-1.136031	0.301442	-0.419861	
2379	-1.144962	0.301001	-0.413972	
2380	-1.148001	0.303363	-0.410495	
2381	-1.154410	0.300927	-0.406879	
2382	-1.163165	0.298406	-0.401340	
2383	-1.165179	0.297813	-0.397375	
2384	-1.170964	0.297901	-0.391483	
2385	-1.179248	0.293766	-0.384546	
2386	-1.186889	0.291189	-0.377746	
2387	-1.193327	0.288859	-0.371232	
2388	-1.199440	0.281778	-0.364699	
2389	-1.207975	0.279541	-0.356581	
2390	-1.215597	0.277122	-0.349076	
2391	-1.220534	0.273337	-0.341489	
2392	-1.223127	0.267123	-0.335421	
2393	-1.232966	0.261888	-0.327086	
2394	-1.240734	0.258150	-0.319746	
2395	-1.246446	0.255739	-0.313249	
2396	-1.252355	0.250648	-0.306816	
2397	-1.256966	0.243946	-0.300812	
2398	-1.264144	0.237736	-0.294353	
2399	-1.276712	0.228039	-0.284828	
2400	-1.283045	0.222500	-0.278541	
2401	-1.285576	0.215909	-0.273223	
2402	-1.287307	0.209038	-0.268417	
2403	-1.292773	0.204205	-0.262908	
2404	-1.297748	0.198805	-0.257840	
2405	-1.299220	0.193025	-0.253622	
2406	-1.303841	0.190240	-0.248754	
2407	-1.307765	0.185387	-0.244009	
2408	-1.312836	0.181250	-0.238890	
2409	-1.317297	0.177369	-0.233603	
2410	-1.324563	0.171317	-0.223681	
2411	-1.327922	0.162846	-0.215377	
2412	-1.332677	0.160907	-0.210623	
2413	-1.334917	0.157843	-0.206141	
2414	-1.333110	0.153020	-0.203067	
2415	-1.337096	0.150073	-0.197846	
2416	-1.338843	0.146636	-0.193541	
2417	-1.338333	0.142613	-0.189540	
2418	-1.338884	0.139431	-0.185582	
2419	-1.343207	0.137425	-0.180272	
2420	-1.342840	0.133502	-0.176922	
2421	-1.345776	0.130988	-0.172017	
2422	-1.348528	0.128573	-0.167518	
2423	-1.349148	0.124655	-0.164017	
2424	-1.353276	0.123657	-0.159016	
2425	-1.354718	0.123227	-0.154320	
2426	-1.354906	0.121102	-0.150088	
2427	-1.359779	0.118538	-0.143908	
2428	-1.361952	0.116933	-0.138303	
2429	-1.364061	0.117176	-0.132686	
2430	-1.361236	0.115441	-0.128726	
2431	-1.363489	0.114381	-0.122951	
2432	-1.365756	0.115120	-0.117143	
2433	-1.367603	0.112804	-0.111655	
2434	-1.368513	0.111050	-0.105739	
2435	-1.366959	0.109970	-0.101020	
2436	-1.367159	0.109258	-0.094917	
2437	-1.365845	0.106857	-0.089038	
2438	-1.360546	0.104249	-0.083764	
2439	-1.358222	0.100500	-0.076900	
2440	-1.356117	0.095276	-0.069498	
2441	-1.352014	0.090465	-0.061855	
2442	-1.344786	0.087261	-0.054938	
2443	-1.339894	0.081916	-0.046885	
2444	-1.339992	0.076333	-0.036537	
2445	-1.332700	0.072400	-0.028035	
2446	-1.321977	0.065679	-0.021439	
2447	-1.320885	0.057785	-0.011759	
2448	-1.314024	0.052760	-0.003146	
2449	-1.300035	0.046157	0.002150	
2450	-1.298077	0.036399	0.010744	
2451	-1.296161	0.031007	0.020745	
2452	-1.281230	0.025517	0.026859	
2453	-1.272148	0.018165	0.033602	
2454	-1.270888	0.013278	0.042914	
2455	-1.263369	0.008294	0.049870	
2456	-1.253419	0.004745	0.055262	
2457	-1.251096	0.000523	0.062228	
2458	-1.247292	-0.001765	0.068593	
2459	-1.237825	-0.005479	0.072735	
2460	-1.229776	-0.009095	0.075961	
2461	-1.227126	-0.010001	0.081300	
2462	-1.224770	-0.009922	0.086287	
2463	-1.216137	-0.011034	0.089093	
2464	-1.208478	-0.011702	0.092903	
2465	-1.205121	-0.011220	0.098170	
2466	-1.202168	-0.011572	0.103399	
2467	-1.195025	-0.013720	0.108087	
2468	-1.189082	-0.011667	0.114206	
2469	-1.185535	-0.009788	0.119461	
2470	-1.180865	-0.010337	0.123853	
2471	-1.177225	-0.008468	0.129242	
2472	-1.175748	-0.005939	0.135635	
2473	-1.169780	-0.005142	0.139109	
2474	-1.166205	-0.005167	0.143510	
2475	-1.163321	-0.003078	0.148248	
2476	-1.157428	-0.003147	0.150980	
2477	-1.154842	-0.004539	0.154054	
2478	-1.151012	-0.004425	0.157166	
2479	-1.147090	-0.002501	0.160124	
2480	-1.145831	-0.002775	0.163162	
2481	-1.141033	-0.002911	0.166237	
2482	-1.137002	-0.001942	0.170006	
2483	-1.130714	-0.005830	0.172550	
2484	-1.130795	-0.004504	0.179270	
2485	-1.128825	-0.001957	0.185236	
2486	-1.120866	-0.004479	0.188581	
2487	-1.117795	-0.006551	0.193090	
2488	-1.120251	-0.003401	0.198785	
2489	-1.116290	-0.005058	0.202646	
2490	-1.111922	-0.004865	0.206694	
2491	-1.109625	-0.004379	0.210921	
2492	-1.108735	-0.005337	0.215776	
2493	-1.104593	0.000200	0.220573	
2494	-1.097770	-0.000939	0.222587	
2495	-1.098812	0.000373	0.226903	
2496	-1.099063	0.005050	0.231897	
2497	-1.093434	0.005116	0.233619	
2498	-1.094045	0.005344	0.236604	
2499	-1.096781	0.011185	0.241518	
2500	-1.092926	0.011404	0.242732	
2501	-1.093259	0.011191	0.244673	
2502	-1.094778	0.013983	0.247859	
2503	-1.092888	0.013822	0.248990	
2504	-1.094344	0.013627	0.250551	
2505	-1.096794	0.014936	0.252763	
2506	-1.095702	0.015086	0.253834	
2507	-1.095568	0.014684	0.254725	
2508	-1.097098	0.015940	0.256412	
2509	-1.096585	0.016195	0.257638	
2510	-1.094449	0.017059	0.258252	
2511	-1.095846	0.017839	0.259461	
2512	-1.097761	0.020736	0.261807	
2513	-1.096963	0.022165	0.263336	
2514	-1.097437	0.022738	0.264631	
2515	-1.101071	0.025564	0.267869	
2516	-1.098758	0.027349	0.269393	
2517	-1.096831	0.027678	0.270290	
2518	-1.101866	0.030587	0.273926	
2519	-1.100842	0.033104	0.276175	
2520	-1.098801	0.032900	0.277494	
2521	-1.101521	0.035182	0.280796	
2522	-1.100688	0.037096	0.283122	
2523	-1.098425	0.038462	0.285272	
2524	-1.096547	0.040137	0.287131	
2525	-1.098246	0.041812	0.290058	
2526	-1.094442	0.043060	0.291808	
2527	-1.092041	0.044528	0.293342	
2528	-1.093681	0.046649	0.295979	
2529	-1.092906	0.048320	0.298066	
2530	-1.088169	0.049420	0.298241	
2531	-1.087679	0.049902	0.298979	
2532	-1.089221	0.051841	0.300641	
2533	-1.086052	0.052654	0.300836	
2534	-1.084582	0.052302	0.300569	
2535	-1.086945	0.052908	0.302298	
2536	-1.084144	0.053480	0.302892	
2537	-1.083194	0.052658	0.302986	
2538	-1.083249	0.052360	0.303756	
2539	-1.082509	0.052053	0.304504	
2540	-1.080736	0.051851	0.304538	
2541	-1.079258	0.050806	0.304982	
2542	-1.076594	0.050053	0.304337	
2543	-1.076344	0.049476	0.304319	
2544	-1.075418	0.048833	0.304385	
2545	-1.073432	0.048165	0.304060	
2546	-1.074412	0.046930	0.304192	
2547	-1.073988	0.047472	0.304664	
2548	-1.071299	0.048520	0.304280	
2549	-1.071788	0.048531	0.304514	
2550	-1.071908	0.049674	0.305046	
2551	-1.069188	0.051660	0.305040	
2552	-1.068232	0.051656	0.304719	
2553	-1.067954	0.053721	0.305515	
2554	-1.064695	0.055506	0.305060	
2555	-1.064025	0.056255	0.304925	
2556	-1.063634	0.057848	0.305395	
2557	-1.060625	0.060200	0.304834	
2558	-1.059829	0.060494	0.304305	
2559	-1.060343	0.061977	0.304704	
2560	-1.056933	0.064073	0.304154	
2561	-1.056662	0.064613	0.303744	
2562	-1.057150	0.065963	0.304110	
2563	-1.053019	0.068560	0.303400	
2564	-1.052652	0.069724	0.303270	
2565	-1.051514	0.071784	0.303256	
2566	-1.047338	0.075526	0.302205	
2567	-1.047580	0.076786	0.302091	
2568	-1.044505	0.078832	0.300735	
2569	-1.044016	0.080197	0.299648	
2570	-1.042040	0.081096	0.298663	
2571	-1.042182	0.081387	0.297666	
2572	-1.041580	0.081887	0.296843	
2573	-1.039284	0.082482	0.295710	
2574	-1.038926	0.082997	0.294267	
2575	-1.036807	0.082613	0.292883	
2576	-1.037603	0.082774	0.292454	
2577	-1.035389	0.082716	0.291458	
2578	-1.033577	0.082894	0.289575	
2579	-1.032497	0.083443	0.288967	
2580	-1.029519	0.084134	0.287925	
2581	-1.029309	0.084761	0.287431	
2582	-1.029662	0.085292	0.287329	
2583	-1.027774	0.085904	0.286567	
