0	0.000000	0.000000	0.000000	
1	0.000000	0.000000	0.000000	
2	0.000000	0.000000	0.000000	
3	0.000000	0.000000	0.000000	
4	0.000187	-0.000041	-0.000128	
5	0.000162	0.000967	-0.000462	
6	0.000247	0.001127	-0.000525	
7	0.000099	-0.000257	-0.000080	
8	0.000252	-0.000206	-0.000021	
9	0.000355	0.000453	-0.000198	
10	0.000251	-0.000184	0.000001	
11	0.000257	-0.001046	0.000294	
12	0.000216	-0.001547	0.000618	
13	0.000305	-0.001652	0.000702	
14	0.000333	-0.001696	0.000776	
15	0.000649	-0.001724	0.000718	
16	0.000581	-0.001618	0.000751	
17	0.000549	-0.000920	0.000504	
18	0.000480	-0.001016	0.000452	
19	0.000244	-0.000797	0.000350	
20	0.000300	-0.000685	0.000215	
21	0.000376	-0.000822	0.000319	
22	0.000019	-0.000695	0.000253	
23	0.000009	-0.000831	0.000261	
24	-0.000199	-0.000867	0.000267	
25	-0.000042	-0.001153	0.000309	
26	-0.000336	-0.001090	0.000284	
27	-0.000418	-0.000996	0.000321	
28	-0.000710	-0.001304	0.000452	
29	-0.000551	-0.001707	0.000404	
30	-0.000725	-0.001451	0.000386	
31	-0.000940	-0.001074	0.000352	
32	-0.001213	-0.001236	0.000514	
33	-0.001669	-0.000901	0.000572	
34	-0.001935	-0.000072	0.000355	
35	-0.002388	0.000067	0.000320	
36	-0.002503	-0.000433	0.000556	
37	-0.002696	0.000156	0.000573	
38	-0.003247	0.001670	0.000224	
39	-0.003616	0.001282	0.000648	
40	-0.003919	0.000059	0.001366	
41	-0.004490	0.000332	0.001715	
42	-0.004678	0.000460	0.002254	
43	-0.005046	0.000119	0.002904	
44	-0.005407	0.000634	0.003451	
45	-0.005685	0.001739	0.003992	
46	-0.005732	0.002101	0.004889	
47	-0.006071	0.002159	0.006340	
48	-0.006058	0.003549	0.007362	
49	-0.006007	0.004095	0.008889	
50	-0.005979	0.003861	0.010797	
51	-0.005401	0.004007	0.012722	
52	-0.005001	0.005268	0.014372	
53	-0.004045	0.006006	0.016166	
54	-0.003717	0.005718	0.018682	
55	-0.003196	0.005473	0.021199	
56	-0.002009	0.005584	0.023627	
57	-0.001328	0.004578	0.026488	
58	-0.000078	0.004877	0.029134	
59	0.000844	0.006188	0.031532	
60	0.002132	0.006204	0.034470	
61	0.003374	0.006284	0.037384	
62	0.004814	0.006918	0.040084	
63	0.006369	0.006591	0.043252	
64	0.007545	0.006981	0.046104	
65	0.009316	0.007959	0.048651	
66	0.011475	0.006472	0.051977	
67	0.011814	0.006263	0.054830	
68	0.013653	0.007124	0.057500	
69	0.015131	0.007852	0.059982	
70	0.016420	0.007113	0.063032	
71	0.017888	0.007425	0.065712	
72	0.019236	0.007946	0.068183	
73	0.020708	0.007113	0.071104	
74	0.022083	0.006768	0.073813	
75	0.023591	0.007967	0.076003	
76	0.024646	0.009123	0.078115	
77	0.026203	0.008417	0.080969	
78	0.027050	0.008220	0.083710	
79	0.028104	0.009269	0.085936	
80	0.029424	0.009506	0.088481	
81	0.029945	0.009745	0.091011	
82	0.031084	0.010674	0.093423	
83	0.031861	0.010853	0.095991	
84	0.032416	0.010500	0.098797	
85	0.033170	0.010647	0.101383	
86	0.034038	0.010611	0.104253	
87	0.034829	0.010968	0.107031	
88	0.035617	0.010944	0.109952	
89	0.036071	0.010918	0.112928	
90	0.037354	0.011515	0.115949	
91	0.037876	0.011752	0.119135	
92	0.038315	0.012239	0.122082	
93	0.039157	0.012067	0.125287	
94	0.039919	0.012306	0.128372	
95	0.040807	0.012167	0.131640	
96	0.041408	0.010717	0.135304	
97	0.041988	0.010878	0.138465	
98	0.043071	0.010857	0.141704	
99	0.043282	0.009243	0.145336	
100	0.043824	0.008680	0.148724	
101	0.044483	0.008974	0.151679	
102	0.044786	0.007800	0.155092	
103	0.045558	0.007751	0.158225	
104	0.045947	0.007630	0.160960	
105	0.045971	0.006903	0.163798	
106	0.046546	0.007554	0.166253	
107	0.046595	0.006634	0.169016	
108	0.046770	0.005774	0.171714	
109	0.047154	0.005396	0.174271	
110	0.047535	0.005230	0.176814	
111	0.047982	0.005023	0.179229	
112	0.047614	0.004367	0.181672	
113	0.047958	0.004521	0.184107	
114	0.048296	0.004599	0.186460	
115	0.048126	0.003938	0.189061	
116	0.048322	0.004211	0.191502	
117	0.048364	0.004040	0.194208	
118	0.048814	0.003932	0.197177	
119	0.048912	0.004219	0.199945	
120	0.049138	0.004095	0.203011	
121	0.049138	0.004047	0.206087	
122	0.049204	0.003867	0.209244	
123	0.049239	0.003557	0.212321	
124	0.049502	0.003223	0.215625	
125	0.049754	0.003277	0.218775	
126	0.050236	0.003144	0.222061	
127	0.050663	0.002617	0.225258	
128	0.051183	0.002599	0.228371	
129	0.051763	0.003291	0.231022	
130	0.052333	0.003107	0.233829	
131	0.052630	0.002619	0.236787	
132	0.053298	0.003257	0.239342	
133	0.053855	0.002571	0.242389	
134	0.054340	0.002938	0.244677	
135	0.055042	0.003649	0.246960	
136	0.055777	0.003900	0.249461	
137	0.056216	0.003801	0.251795	
138	0.056579	0.004009	0.254085	
139	0.056839	0.004466	0.256360	
140	0.056822	0.004934	0.260511	
141	0.056689	0.005460	0.262536	
142	0.056508	0.005937	0.264450	
143	0.056019	0.005876	0.266450	
144	0.055395	0.005902	0.268254	
145	0.054748	0.005663	0.270185	
146	0.054049	0.006565	0.271716	
147	0.053159	0.007256	0.273128	
148	0.052192	0.007358	0.274935	
149	0.051253	0.007647	0.276944	
150	0.050103	0.007855	0.278710	
151	0.048991	0.008080	0.280632	
152	0.047884	0.008340	0.282914	
153	0.046621	0.008773	0.284891	
154	0.045184	0.008957	0.286932	
155	0.042284	0.009936	0.291126	
156	0.040853	0.010036	0.293444	
157	0.039377	0.010505	0.295469	
158	0.037708	0.010748	0.297491	
159	0.036123	0.010697	0.299648	
160	0.034427	0.010808	0.301594	
161	0.032628	0.011048	0.303430	
162	0.031041	0.011083	0.305171	
163	0.029483	0.011085	0.307114	
164	0.027872	0.011343	0.309102	
165	0.026405	0.011461	0.310925	
166	0.024871	0.011161	0.313148	
167	0.023390	0.011749	0.314641	
168	0.021897	0.011947	0.316123	
169	0.020750	0.012160	0.317882	
170	0.019704	0.012926	0.319370	
171	0.018504	0.013458	0.320473	
172	0.017531	0.014048	0.321463	
173	0.016667	0.014582	0.322515	
174	0.015779	0.015140	0.323639	
175	0.014915	0.015654	0.324294	
176	0.014283	0.016235	0.325167	
177	0.013675	0.016844	0.325893	
178	0.013160	0.017261	0.326666	
179	0.012702	0.017739	0.327526	
180	0.012139	0.018085	0.327984	
181	0.011635	0.018327	0.328470	
182	0.011211	0.018645	0.328638	
183	0.010411	0.019177	0.329216	
184	0.010073	0.019399	0.329396	
185	0.009520	0.019758	0.330364	
186	0.009143	0.019929	0.331642	
187	0.008885	0.020224	0.332981	
188	0.008655	0.020490	0.334342	
189	0.008604	0.020388	0.335845	
190	0.008848	0.020522	0.337146	
191	0.008906	0.020784	0.338842	
192	0.008879	0.020883	0.340197	
193	0.008988	0.020965	0.341911	
194	0.009174	0.021114	0.343166	
195	0.009304	0.021332	0.343595	
196	0.009480	0.021666	0.344552	
197	0.009672	0.021802	0.345956	
198	0.009913	0.022009	0.345975	
199	0.010112	0.022312	0.346909	
200	0.010195	0.022481	0.347806	
201	0.010436	0.022617	0.348138	
202	0.010526	0.022578	0.348371	
203	0.010605	0.022534	0.349175	
204	0.010646	0.022454	0.349406	
205	0.010630	0.022195	0.349645	
206	0.010703	0.022066	0.349961	
207	0.010674	0.022051	0.350484	
208	0.010627	0.022166	0.350379	
209	0.010499	0.022095	0.350531	
210	0.010479	0.021996	0.350570	
211	0.010432	0.021757	0.350113	
212	0.010445	0.021769	0.349832	
213	0.010438	0.021723	0.349337	
214	0.010325	0.021367	0.349025	
215	0.010233	0.021065	0.348459	
216	0.010075	0.020767	0.347913	
217	0.009965	0.020409	0.347311	
218	0.009846	0.019948	0.346854	
219	0.009734	0.019505	0.346207	
220	0.009647	0.019331	0.345760	
221	0.009478	0.018957	0.345146	
222	0.009164	0.018392	0.344497	
223	0.008870	0.018048	0.343864	
224	0.008523	0.017508	0.342803	
225	0.008223	0.017016	0.341995	
226	0.007823	0.016536	0.341318	
227	0.007459	0.016103	0.340470	
228	0.007041	0.016000	0.339415	
229	0.006591	0.015591	0.338596	
230	0.006035	0.015059	0.337368	
231	0.005518	0.014442	0.336394	
232	0.004940	0.013998	0.335798	
233	0.004324	0.013397	0.334486	
234	0.003693	0.013221	0.333457	
235	0.002995	0.012644	0.332406	
236	0.002236	0.012141	0.331371	
237	0.000462	0.010290	0.329031	
238	-0.000494	0.009529	0.327824	
239	-0.001519	0.008235	0.326490	
240	-0.002557	0.007424	0.325474	
241	-0.003603	0.006583	0.324450	
242	-0.004630	0.005797	0.322888	
243	-0.005750	0.004763	0.321676	
244	-0.006744	0.004151	0.320314	
245	-0.007888	0.003349	0.318784	
246	-0.008943	0.002205	0.317482	
247	-0.010022	0.001222	0.315719	
248	-0.010993	0.000522	0.314066	
249	-0.012002	-0.000448	0.312632	
250	-0.013078	-0.001860	0.311096	
251	-0.014079	-0.002931	0.309514	
252	-0.014950	-0.003955	0.307713	
253	-0.015918	-0.005122	0.306136	
254	-0.016945	-0.006102	0.304606	
255	-0.017823	-0.006953	0.303010	
256	-0.018790	-0.008007	0.301538	
257	-0.019588	-0.008947	0.299882	
258	-0.020465	-0.009867	0.298348	
259	-0.021500	-0.011011	0.296781	
260	-0.022309	-0.011849	0.295209	
261	-0.023134	-0.012528	0.293596	
262	-0.024035	-0.013488	0.291975	
263	-0.024971	-0.014382	0.290381	
264	-0.025857	-0.014702	0.288998	
265	-0.026604	-0.015147	0.287327	
266	-0.027487	-0.016017	0.285643	
267	-0.028323	-0.016456	0.283902	
268	-0.029212	-0.016766	0.282440	
269	-0.030040	-0.017184	0.280859	
270	-0.030716	-0.017787	0.278696	
271	-0.031631	-0.018406	0.277006	
272	-0.032457	-0.018970	0.275103	
273	-0.033329	-0.019226	0.273479	
274	-0.033887	-0.019263	0.271437	
275	-0.034608	-0.019476	0.269714	
276	-0.035548	-0.019586	0.268190	
277	-0.036261	-0.019768	0.266613	
278	-0.036887	-0.019842	0.264882	
279	-0.037652	-0.020302	0.263095	
280	-0.038443	-0.020571	0.261588	
281	-0.039260	-0.020934	0.259844	
282	-0.040242	-0.021159	0.258275	
283	-0.040967	-0.021335	0.256785	
284	-0.041970	-0.021560	0.254975	
285	-0.042878	-0.021558	0.253054	
286	-0.043912	-0.021436	0.251354	
287	-0.044962	-0.021339	0.249331	
288	-0.046705	-0.021047	0.248005	
289	-0.048099	-0.020816	0.246022	
290	-0.049592	-0.020546	0.244297	
291	-0.051215	-0.019963	0.242655	
292	-0.052856	-0.019348	0.241047	
293	-0.054822	-0.019271	0.239084	
294	-0.056930	-0.019171	0.237508	
295	-0.059050	-0.018978	0.235977	
296	-0.061237	-0.018867	0.234496	
297	-0.063345	-0.018662	0.232829	
298	-0.065801	-0.018740	0.231446	
299	-0.068203	-0.018453	0.229953	
300	-0.070652	-0.018526	0.228339	
301	-0.073255	-0.018826	0.226839	
302	-0.075626	-0.018891	0.225241	
303	-0.078169	-0.018595	0.223819	
304	-0.080736	-0.018957	0.222210	
305	-0.083397	-0.019283	0.220744	
306	-0.085907	-0.019473	0.219182	
307	-0.088307	-0.018882	0.217939	
308	-0.090803	-0.018603	0.216570	
309	-0.093397	-0.018762	0.215129	
310	-0.096231	-0.018783	0.214177	
311	-0.098648	-0.018375	0.212996	
312	-0.101107	-0.018125	0.211786	
313	-0.103835	-0.017771	0.210944	
314	-0.106201	-0.016728	0.210092	
315	-0.108776	-0.016018	0.209335	
316	-0.110907	-0.015094	0.208364	
317	-0.112986	-0.014367	0.207570	
318	-0.115050	-0.014081	0.206379	
319	-0.117110	-0.013816	0.205210	
320	-0.118779	-0.013051	0.203859	
321	-0.120356	-0.011962	0.202841	
322	-0.122123	-0.011579	0.201500	
323	-0.123874	-0.011226	0.199998	
324	-0.125505	-0.010324	0.198564	
325	-0.126828	-0.009475	0.197020	
326	-0.128531	-0.008919	0.195346	
327	-0.130071	-0.008280	0.193942	
328	-0.131562	-0.007702	0.192173	
329	-0.133029	-0.006964	0.190420	
330	-0.134427	-0.006536	0.188436	
331	-0.135785	-0.005692	0.186492	
332	-0.137108	-0.005443	0.184002	
333	-0.138530	-0.005270	0.181690	
334	-0.139815	-0.003653	0.179757	
335	-0.140975	-0.003618	0.177133	
336	-0.142285	-0.004116	0.173741	
337	-0.143598	-0.003756	0.171327	
338	-0.145025	-0.004194	0.168585	
339	-0.146385	-0.004671	0.165801	
340	-0.147671	-0.004821	0.163288	
341	-0.149046	-0.004596	0.160604	
342	-0.150100	-0.004090	0.158040	
343	-0.151099	-0.004171	0.154738	
344	-0.152138	-0.004559	0.151597	
345	-0.153172	-0.004591	0.148799	
346	-0.154180	-0.004291	0.145886	
347	-0.155122	-0.003997	0.143397	
348	-0.156099	-0.003456	0.140488	
349	-0.156784	-0.003184	0.137239	
350	-0.157514	-0.002665	0.134472	
351	-0.158298	-0.002228	0.131411	
352	-0.158967	-0.002083	0.128600	
353	-0.160103	-0.002190	0.125652	
354	-0.160780	-0.002027	0.123249	
355	-0.161542	-0.001940	0.120571	
356	-0.162337	-0.002200	0.117882	
357	-0.163298	-0.002404	0.115776	
358	-0.163860	-0.001310	0.113222	
359	-0.163868	-0.000405	0.110937	
360	-0.164449	-0.000336	0.108678	
361	-0.164936	-0.000290	0.105846	
362	-0.165462	0.000499	0.103767	
363	-0.165677	0.000912	0.101329	
364	-0.166456	0.000353	0.098820	
365	-0.167022	0.000250	0.096348	
366	-0.166958	0.001483	0.094039	
367	-0.167262	0.001966	0.091588	
368	-0.167807	0.002080	0.089328	
369	-0.168330	0.001830	0.087103	
370	-0.169085	0.001233	0.084298	
371	-0.169384	0.001155	0.081385	
372	-0.169860	0.000678	0.078598	
373	-0.170737	0.000288	0.076249	
374	-0.171288	0.001429	0.074359	
375	-0.171823	0.001994	0.071988	
376	-0.172819	0.000762	0.069560	
377	-0.173094	0.001231	0.066832	
378	-0.173638	0.002329	0.064431	
379	-0.174400	0.002057	0.061496	
380	-0.175345	0.002079	0.059377	
381	-0.175760	0.002378	0.056414	
382	-0.176625	0.002337	0.054210	
383	-0.177801	0.001935	0.051591	
384	-0.179230	0.001650	0.049228	
385	-0.179874	0.001526	0.046353	
386	-0.180942	0.000931	0.043655	
387	-0.182501	0.000228	0.041585	
388	-0.183481	-0.000205	0.038770	
389	-0.184972	-0.000525	0.036527	
390	-0.186628	-0.001542	0.034086	
391	-0.187976	-0.002199	0.031597	
392	-0.189022	-0.002459	0.029154	
393	-0.190268	-0.003090	0.026832	
394	-0.192262	-0.004014	0.024172	
395	-0.193143	-0.004882	0.021306	
396	-0.194457	-0.005573	0.019275	
397	-0.195789	-0.005094	0.016710	
398	-0.196864	-0.005000	0.014517	
399	-0.198229	-0.006275	0.011938	
400	-0.199135	-0.006454	0.009652	
401	-0.200327	-0.006873	0.007468	
402	-0.201524	-0.007622	0.005173	
403	-0.201809	-0.008208	0.002580	
404	-0.202922	-0.007970	0.000835	
405	-0.203608	-0.009614	-0.001632	
406	-0.204474	-0.009762	-0.003380	
407	-0.204889	-0.009901	-0.005488	
408	-0.205555	-0.010040	-0.007541	
409	-0.205931	-0.011240	-0.009722	
410	-0.206322	-0.011770	-0.011762	
411	-0.206755	-0.012448	-0.013937	
412	-0.207508	-0.012627	-0.015968	
413	-0.207745	-0.012822	-0.018129	
414	-0.208037	-0.013842	-0.020625	
415	-0.208432	-0.013952	-0.022777	
416	-0.209207	-0.014619	-0.025188	
417	-0.210174	-0.015801	-0.027610	
418	-0.210605	-0.017200	-0.030342	
419	-0.210588	-0.017093	-0.032830	
420	-0.211148	-0.017763	-0.035628	
421	-0.210584	-0.018578	-0.038393	
422	-0.211434	-0.019160	-0.040983	
423	-0.211652	-0.020278	-0.044030	
424	-0.211383	-0.020598	-0.047081	
425	-0.211133	-0.020763	-0.049965	
426	-0.211141	-0.020491	-0.052767	
427	-0.209513	-0.021082	-0.056134	
428	-0.209045	-0.021218	-0.059320	
429	-0.209424	-0.021526	-0.062263	
430	-0.209013	-0.022356	-0.065766	
431	-0.208923	-0.022783	-0.068709	
432	-0.209033	-0.023070	-0.072043	
433	-0.208715	-0.023581	-0.075066	
434	-0.208782	-0.024984	-0.078498	
435	-0.207970	-0.025362	-0.081681	
436	-0.207277	-0.025767	-0.084447	
437	-0.206144	-0.026202	-0.087686	
438	-0.203864	-0.026614	-0.090747	
439	-0.203176	-0.026874	-0.093381	
440	-0.202501	-0.027488	-0.096023	
441	-0.202324	-0.027120	-0.098713	
442	-0.202084	-0.026663	-0.101070	
443	-0.201836	-0.026598	-0.103679	
444	-0.201918	-0.027376	-0.106443	
445	-0.201995	-0.027450	-0.109177	
446	-0.201999	-0.027953	-0.111685	
447	-0.201697	-0.027999	-0.114220	
448	-0.201081	-0.027004	-0.116412	
449	-0.201446	-0.028066	-0.121517	
450	-0.201300	-0.027758	-0.124005	
451	-0.201650	-0.026584	-0.126116	
452	-0.201833	-0.026048	-0.128411	
453	-0.202209	-0.026620	-0.131222	
454	-0.202742	-0.027807	-0.134237	
455	-0.203251	-0.028859	-0.136969	
456	-0.203713	-0.028576	-0.139430	
457	-0.204469	-0.029340	-0.142217	
458	-0.205515	-0.029558	-0.144794	
459	-0.205698	-0.029829	-0.147679	
460	-0.206513	-0.030117	-0.150468	
461	-0.206780	-0.029322	-0.152956	
462	-0.207269	-0.029540	-0.155871	
463	-0.208199	-0.028928	-0.158428	
464	-0.208864	-0.029359	-0.161484	
465	-0.210246	-0.030647	-0.164753	
466	-0.211479	-0.031848	-0.167881	
467	-0.212689	-0.032980	-0.171040	
468	-0.213513	-0.033375	-0.173942	
469	-0.215079	-0.036109	-0.177360	
470	-0.215556	-0.035810	-0.179971	
471	-0.216393	-0.037097	-0.182964	
472	-0.217319	-0.036841	-0.185905	
473	-0.219098	-0.037320	-0.188654	
474	-0.220420	-0.038612	-0.191439	
475	-0.221576	-0.040284	-0.194321	
476	-0.222333	-0.042294	-0.197337	
477	-0.223361	-0.044455	-0.199939	
478	-0.224796	-0.045372	-0.202517	
479	-0.225628	-0.046370	-0.205081	
480	-0.226647	-0.047096	-0.207497	
481	-0.227736	-0.048184	-0.210072	
482	-0.228505	-0.047523	-0.212148	
483	-0.229031	-0.047890	-0.214174	
484	-0.229266	-0.048171	-0.215979	
485	-0.229516	-0.048812	-0.218009	
486	-0.230055	-0.049883	-0.220013	
487	-0.230381	-0.050632	-0.222169	
488	-0.230603	-0.050280	-0.224060	
489	-0.230733	-0.051045	-0.226040	
490	-0.231718	-0.051342	-0.228022	
491	-0.231307	-0.052276	-0.229984	
492	-0.231597	-0.052394	-0.231941	
493	-0.231080	-0.053399	-0.233892	
494	-0.232235	-0.052967	-0.236045	
495	-0.233622	-0.053107	-0.238469	
496	-0.233852	-0.052584	-0.240363	
497	-0.232573	-0.050797	-0.241674	
498	-0.231994	-0.050971	-0.243864	
499	-0.231087	-0.051503	-0.246171	
500	-0.231965	-0.049441	-0.248625	
501	-0.232926	-0.048699	-0.251429	
502	-0.232271	-0.049833	-0.254234	
503	-0.231652	-0.050445	-0.256490	
504	-0.231379	-0.051578	-0.259229	
505	-0.231646	-0.052580	-0.261679	
506	-0.232326	-0.051456	-0.264261	
507	-0.232061	-0.051412	-0.267026	
508	-0.231033	-0.050878	-0.269108	
509	-0.230752	-0.051918	-0.271486	
510	-0.230791	-0.052551	-0.274127	
511	-0.230587	-0.053163	-0.276995	
512	-0.227862	-0.054575	-0.279825	
513	-0.227248	-0.054577	-0.282979	
514	-0.225772	-0.054002	-0.285716	
515	-0.223256	-0.053450	-0.288349	
516	-0.221152	-0.053787	-0.290775	
517	-0.219329	-0.054542	-0.293308	
518	-0.218014	-0.055200	-0.295952	
519	-0.217240	-0.054881	-0.298371	
520	-0.216288	-0.056055	-0.300534	
521	-0.215708	-0.058096	-0.302931	
522	-0.214969	-0.058570	-0.305230	
523	-0.214701	-0.058605	-0.307680	
524	-0.214159	-0.058758	-0.310022	
525	-0.213584	-0.059352	-0.312218	
526	-0.213085	-0.059547	-0.314115	
527	-0.212065	-0.059798	-0.315952	
528	-0.211449	-0.058910	-0.317877	
529	-0.211665	-0.058847	-0.319772	
530	-0.211148	-0.059113	-0.321657	
531	-0.210349	-0.057676	-0.323298	
532	-0.209953	-0.057350	-0.324945	
533	-0.209377	-0.056487	-0.326374	
534	-0.209284	-0.055489	-0.327800	
535	-0.209103	-0.055693	-0.329415	
536	-0.209133	-0.054723	-0.330705	
537	-0.208650	-0.054577	-0.331898	
538	-0.208449	-0.053574	-0.333239	
539	-0.208301	-0.053350	-0.334504	
540	-0.208681	-0.053071	-0.335874	
541	-0.208653	-0.051717	-0.337112	
542	-0.209344	-0.050785	-0.338314	
543	-0.209881	-0.049714	-0.339592	
544	-0.210034	-0.048391	-0.340622	
545	-0.210452	-0.047480	-0.341663	
546	-0.210276	-0.046044	-0.342708	
547	-0.210761	-0.045016	-0.343960	
548	-0.211322	-0.041540	-0.345037	
549	-0.212152	-0.040776	-0.346177	
550	-0.212759	-0.040996	-0.347357	
551	-0.213509	-0.040027	-0.348337	
552	-0.214426	-0.038078	-0.349294	
553	-0.214974	-0.037923	-0.350191	
554	-0.215373	-0.039279	-0.351335	
555	-0.215472	-0.038965	-0.352312	
556	-0.215669	-0.037357	-0.353085	
557	-0.215471	-0.036928	-0.353736	
558	-0.215833	-0.036562	-0.354698	
559	-0.216212	-0.036683	-0.355498	
560	-0.216024	-0.036084	-0.356247	
561	-0.216601	-0.035450	-0.356999	
562	-0.216663	-0.035001	-0.357679	
563	-0.216846	-0.034885	-0.358299	
564	-0.217560	-0.034007	-0.359112	
565	-0.217428	-0.033756	-0.359629	
566	-0.217696	-0.033420	-0.360511	
567	-0.218151	-0.032758	-0.360947	
568	-0.218393	-0.032453	-0.361588	
569	-0.218855	-0.032079	-0.362223	
570	-0.219043	-0.031063	-0.362983	
571	-0.219091	-0.031346	-0.363742	
572	-0.219437	-0.030848	-0.364637	
573	-0.219132	-0.030024	-0.365663	
574	-0.219095	-0.029334	-0.366544	
575	-0.219419	-0.028451	-0.367634	
576	-0.219019	-0.027427	-0.368476	
577	-0.218975	-0.026351	-0.369317	
578	-0.218960	-0.025463	-0.370217	
579	-0.219156	-0.024837	-0.371027	
580	-0.219265	-0.023813	-0.371596	
581	-0.218602	-0.023390	-0.372203	
582	-0.217835	-0.023469	-0.372908	
583	-0.218382	-0.022084	-0.373587	
584	-0.217677	-0.021600	-0.373754	
585	-0.217513	-0.021847	-0.374322	
586	-0.217474	-0.021331	-0.374833	
587	-0.216889	-0.020767	-0.374752	
588	-0.216870	-0.020601	-0.375208	
589	-0.216822	-0.020298	-0.375566	
590	-0.216943	-0.018808	-0.375616	
591	-0.217074	-0.018202	-0.375963	
592	-0.217121	-0.017809	-0.376124	
593	-0.217182	-0.017393	-0.376687	
594	-0.217158	-0.016491	-0.376801	
595	-0.217797	-0.016039	-0.377064	
596	-0.217658	-0.015883	-0.376943	
597	-0.217835	-0.015289	-0.377162	
598	-0.217795	-0.014045	-0.377100	
599	-0.217644	-0.013072	-0.377232	
600	-0.217736	-0.012318	-0.377279	
601	-0.217589	-0.011249	-0.377195	
602	-0.217433	-0.010488	-0.376971	
603	-0.217327	-0.009953	-0.376738	
604	-0.217631	-0.009850	-0.376851	
605	-0.217428	-0.009231	-0.376801	
606	-0.217072	-0.008827	-0.376740	
607	-0.216661	-0.008380	-0.376683	
608	-0.217363	-0.007078	-0.376736	
609	-0.217148	-0.006994	-0.377000	
610	-0.216914	-0.006002	-0.376831	
611	-0.216826	-0.005783	-0.377224	
612	-0.215881	-0.006777	-0.377021	
613	-0.215812	-0.006636	-0.377063	
614	-0.216396	-0.005123	-0.377352	
615	-0.216685	-0.003375	-0.377789	
616	-0.216210	-0.003085	-0.377701	
617	-0.215647	-0.002394	-0.377863	
618	-0.215116	-0.002274	-0.378195	
619	-0.214924	-0.002940	-0.379218	
620	-0.214184	-0.002868	-0.379444	
621	-0.213056	-0.002253	-0.379490	
622	-0.212189	-0.001835	-0.379443	
623	-0.211706	-0.001032	-0.379888	
624	-0.210268	-0.001246	-0.379650	
625	-0.209045	-0.001619	-0.379667	
626	-0.207935	-0.000747	-0.379764	
627	-0.206454	-0.001163	-0.379783	
628	-0.204729	-0.002589	-0.380230	
629	-0.203659	-0.002222	-0.380095	
630	-0.201864	-0.001546	-0.379701	
631	-0.200250	-0.001616	-0.379703	
632	-0.198712	-0.002721	-0.379748	
633	-0.196778	-0.002564	-0.379122	
634	-0.194713	-0.002213	-0.378368	
635	-0.192963	-0.002369	-0.378655	
636	-0.190706	-0.002617	-0.378223	
637	-0.189005	-0.001598	-0.377685	
638	-0.186692	-0.001687	-0.377599	
639	-0.184269	-0.002107	-0.376995	
640	-0.181434	-0.002596	-0.376326	
641	-0.179390	-0.002051	-0.376271	
642	-0.176825	-0.002736	-0.376008	
643	-0.174321	-0.002498	-0.375228	
644	-0.171752	-0.001844	-0.374532	
645	-0.169270	-0.002321	-0.374170	
646	-0.166555	-0.002789	-0.373320	
647	-0.164400	-0.002157	-0.372545	
648	-0.161810	-0.001754	-0.372158	
649	-0.159161	-0.002261	-0.371473	
650	-0.156676	-0.002779	-0.370999	
651	-0.154306	-0.002979	-0.371118	
652	-0.152056	-0.002751	-0.370948	
653	-0.146404	-0.003521	-0.368958	
654	-0.144180	-0.002913	-0.368592	
655	-0.141284	-0.003350	-0.367521	
656	-0.138576	-0.003290	-0.366361	
657	-0.136032	-0.003083	-0.365777	
658	-0.133461	-0.003556	-0.365617	
659	-0.130910	-0.003080	-0.364789	
660	-0.127966	-0.002769	-0.363439	
661	-0.125250	-0.002967	-0.362784	
662	-0.122773	-0.002380	-0.362238	
663	-0.120363	-0.001183	-0.361354	
664	-0.118264	0.000420	-0.361162	
665	-0.115717	0.001000	-0.360671	
666	-0.113350	0.001677	-0.360570	
667	-0.110933	0.002342	-0.360088	
668	-0.108678	0.003447	-0.360118	
669	-0.106304	0.003849	-0.360283	
670	-0.103714	0.003518	-0.360672	
671	-0.101456	0.004858	-0.360889	
672	-0.098943	0.005641	-0.361063	
673	-0.096194	0.004883	-0.361417	
674	-0.093671	0.004913	-0.362514	
675	-0.091177	0.006283	-0.362516	
676	-0.088474	0.006357	-0.363651	
677	-0.085782	0.006668	-0.364319	
678	-0.083447	0.007165	-0.365485	
679	-0.080635	0.006746	-0.366782	
680	-0.077988	0.006848	-0.367949	
681	-0.075446	0.007172	-0.369607	
682	-0.072558	0.007175	-0.370821	
683	-0.069758	0.007297	-0.372542	
684	-0.067110	0.009192	-0.373588	
685	-0.064445	0.010046	-0.375253	
686	-0.061402	0.009940	-0.377225	
687	-0.058303	0.009959	-0.379160	
688	-0.055535	0.010315	-0.381298	
689	-0.052213	0.009523	-0.383564	
690	-0.048912	0.008557	-0.385924	
691	-0.045822	0.008402	-0.388380	
692	-0.042860	0.009173	-0.390251	
693	-0.039847	0.009480	-0.392485	
694	-0.036839	0.009974	-0.394407	
695	-0.033981	0.010359	-0.396040	
696	-0.028191	0.009405	-0.400844	
697	-0.025702	0.010515	-0.402477	
698	-0.021121	0.010805	-0.406538	
699	-0.018996	0.011454	-0.408556	
700	-0.016840	0.012538	-0.409823	
701	-0.014877	0.013425	-0.411380	
702	-0.012692	0.013157	-0.413370	
703	-0.010268	0.013097	-0.414829	
704	-0.008323	0.014019	-0.416194	
705	-0.006220	0.014441	-0.417560	
706	-0.003789	0.013635	-0.419174	
707	-0.001270	0.013434	-0.420717	
708	0.000901	0.014448	-0.421493	
709	0.003323	0.014890	-0.422140	
710	0.005911	0.014272	-0.423449	
711	0.008302	0.015103	-0.423749	
712	0.010630	0.015947	-0.424059	
713	0.013257	0.015560	-0.424849	
714	0.016284	0.014521	-0.425413	
715	0.019155	0.014064	-0.425584	
716	0.021980	0.014331	-0.425678	
717	0.024711	0.014482	-0.425592	
718	0.027597	0.014861	-0.425159	
719	0.030792	0.015155	-0.424440	
720	0.034113	0.013948	-0.424388	
721	0.037665	0.013596	-0.423687	
722	0.041055	0.013422	-0.422947	
723	0.044481	0.013268	-0.422001	
724	0.048141	0.013291	-0.420809	
725	0.051376	0.013418	-0.419994	
726	0.055363	0.012460	-0.418772	
727	0.059209	0.011747	-0.417655	
728	0.062685	0.012350	-0.416151	
729	0.065997	0.012483	-0.414945	
730	0.069932	0.011989	-0.413366	
731	0.073449	0.011765	-0.412058	
732	0.076879	0.011421	-0.411200	
733	0.080438	0.011235	-0.409892	
734	0.083560	0.011381	-0.408774	
735	0.086583	0.011804	-0.407434	
736	0.089481	0.011863	-0.406384	
737	0.092523	0.011600	-0.405293	
738	0.095155	0.012184	-0.404077	
739	0.097578	0.013034	-0.402828	
740	0.099818	0.013273	-0.401829	
741	0.102595	0.012973	-0.400795	
742	0.104904	0.012850	-0.399997	
743	0.107130	0.013116	-0.399061	
744	0.109455	0.012338	-0.398397	
745	0.111464	0.011675	-0.398068	
746	0.113065	0.012648	-0.397098	
747	0.116988	0.012439	-0.395261	
748	0.119121	0.012211	-0.394538	
749	0.120780	0.012144	-0.393900	
750	0.122732	0.011541	-0.393364	
751	0.124703	0.010957	-0.392835	
752	0.126498	0.011312	-0.392159	
753	0.128523	0.011036	-0.391676	
754	0.130273	0.011099	-0.391151	
755	0.131824	0.012057	-0.390325	
756	0.133615	0.012925	-0.389485	
757	0.135564	0.012804	-0.389240	
758	0.137975	0.012545	-0.388833	
759	0.140079	0.012889	-0.388199	
760	0.142084	0.013285	-0.387929	
761	0.144550	0.013237	-0.387218	
762	0.147135	0.013046	-0.386967	
763	0.149601	0.013437	-0.386504	
764	0.151843	0.013584	-0.386228	
765	0.154471	0.012938	-0.386170	
766	0.157188	0.012474	-0.386146	
767	0.159307	0.012752	-0.386044	
768	0.161508	0.012263	-0.386294	
769	0.163619	0.011735	-0.386591	
770	0.165475	0.012465	-0.386657	
771	0.167140	0.012554	-0.386908	
772	0.169394	0.012065	-0.387081	
773	0.171254	0.012044	-0.387255	
774	0.172836	0.011669	-0.387632	
775	0.174533	0.011456	-0.387805	
776	0.176071	0.011588	-0.387890	
777	0.177577	0.010466	-0.388634	
778	0.178774	0.009604	-0.389351	
779	0.179847	0.009306	-0.389610	
780	0.180774	0.009159	-0.389995	
781	0.181728	0.008774	-0.390297	
782	0.182527	0.008731	-0.390623	
783	0.183184	0.008965	-0.390797	
784	0.183862	0.009224	-0.390897	
785	0.184834	0.008419	-0.391312	
786	0.185715	0.007765	-0.391567	
787	0.186543	0.007287	-0.391696	
788	0.187554	0.006221	-0.391987	
789	0.188387	0.005393	-0.392070	
790	0.189337	0.005137	-0.392078	
791	0.190414	0.004616	-0.391917	
792	0.191121	0.003839	-0.391990	
793	0.192018	0.002801	-0.391942	
794	0.192731	0.002241	-0.391548	
795	0.193383	0.001356	-0.391327	
796	0.194162	0.000379	-0.390972	
797	0.194270	0.000035	-0.390868	
798	0.194820	-0.000312	-0.390518	
799	0.195399	-0.000590	-0.390261	
800	0.196121	-0.000816	-0.389735	
801	0.196886	-0.001047	-0.389304	
802	0.197643	-0.001441	-0.388905	
803	0.198333	-0.001677	-0.388244	
804	0.198953	-0.001914	-0.387778	
805	0.199568	-0.001863	-0.387151	
806	0.200440	-0.002036	-0.386588	
807	0.200984	-0.002213	-0.386034	
808	0.201741	-0.002419	-0.385414	
809	0.202321	-0.002238	-0.384615	
810	0.203077	-0.002153	-0.383843	
811	0.203847	-0.001966	-0.382970	
812	0.204827	-0.002126	-0.382211	
813	0.205589	-0.001944	-0.381222	
814	0.206380	-0.001867	-0.380250	
815	0.207172	-0.002065	-0.379493	
816	0.207884	-0.001940	-0.378530	
817	0.208508	-0.001901	-0.377639	
818	0.209083	-0.001840	-0.376574	
819	0.209275	-0.001617	-0.375700	
820	0.209470	-0.001505	-0.375004	
821	0.209404	-0.000962	-0.374084	
822	0.209699	-0.000623	-0.372895	
823	0.209612	-0.000105	-0.371990	
824	0.209579	0.000219	-0.371091	
825	0.209395	0.000252	-0.370481	
826	0.209190	0.000652	-0.369678	
827	0.208730	0.001192	-0.369082	
828	0.208286	0.001089	-0.368570	
829	0.208045	0.001131	-0.367404	
830	0.206645	0.001066	-0.366291	
831	0.206395	0.001259	-0.365148	
832	0.205552	0.001504	-0.364409	
833	0.204857	0.001293	-0.363546	
834	0.204360	0.001233	-0.362457	
835	0.203371	0.001646	-0.361570	
836	0.202376	0.001924	-0.360764	
837	0.201395	0.001965	-0.360124	
838	0.200251	0.002085	-0.359724	
839	0.199111	0.002841	-0.358918	
840	0.197801	0.003869	-0.357688	
841	0.196604	0.004333	-0.356991	
842	0.195447	0.004375	-0.356319	
843	0.194168	0.004880	-0.355342	
844	0.192780	0.005080	-0.355204	
845	0.191616	0.004804	-0.354600	
846	0.190530	0.004710	-0.353646	
847	0.189209	0.004663	-0.353140	
848	0.188032	0.004441	-0.352697	
849	0.186817	0.004482	-0.351537	
850	0.185462	0.004624	-0.351434	
851	0.183727	0.004787	-0.351802	
852	0.182370	0.005171	-0.351430	
853	0.181121	0.005739	-0.350528	
854	0.179801	0.007091	-0.349271	
855	0.178642	0.007973	-0.347651	
856	0.177619	0.007843	-0.346689	
857	0.176360	0.008501	-0.345388	
858	0.174988	0.009007	-0.343771	
859	0.173626	0.008851	-0.342497	
860	0.172184	0.009074	-0.341063	
861	0.170730	0.009229	-0.339307	
862	0.169236	0.008986	-0.337761	
863	0.167345	0.008736	-0.335784	
864	0.165457	0.009004	-0.333626	
865	0.163370	0.009315	-0.331306	
866	0.161239	0.008765	-0.329571	
867	0.158967	0.008304	-0.327502	
868	0.156651	0.007499	-0.325438	
869	0.154051	0.007047	-0.323020	
870	0.151304	0.007627	-0.320533	
871	0.148391	0.008152	-0.317683	
872	0.145687	0.006813	-0.315484	
873	0.142896	0.005575	-0.313393	
874	0.139895	0.005201	-0.311180	
875	0.136883	0.004902	-0.308904	
876	0.133867	0.004315	-0.306621	
877	0.130689	0.004473	-0.304276	
878	0.127644	0.003946	-0.302330	
879	0.124673	0.002947	-0.299875	
880	0.121576	0.003113	-0.297822	
881	0.118539	0.003173	-0.295372	
882	0.115385	0.003020	-0.293121	
883	0.112601	0.002016	-0.291255	
884	0.109700	0.001585	-0.289362	
885	0.106695	0.001667	-0.287219	
886	0.103792	0.001584	-0.285377	
887	0.100974	0.001510	-0.283552	
888	0.098348	0.000998	-0.281796	
889	0.095800	0.000399	-0.280087	
890	0.093237	-0.000402	-0.278433	
891	0.090724	-0.000853	-0.276846	
892	0.088181	-0.001330	-0.275350	
893	0.085711	-0.001876	-0.273969	
894	0.083229	-0.002214	-0.272693	
895	0.080784	-0.002342	-0.271377	
896	0.078429	-0.002838	-0.270398	
897	0.076001	-0.003516	-0.269316	
898	0.073423	-0.003718	-0.268564	
899	0.070911	-0.003387	-0.268070	
900	0.068575	-0.003565	-0.267974	
901	0.066231	-0.003854	-0.267807	
902	0.063692	-0.003756	-0.267529	
903	0.061253	-0.003854	-0.267285	
904	0.058817	-0.004284	-0.266827	
905	0.056208	-0.004230	-0.266761	
906	0.053600	-0.003984	-0.267155	
907	0.050972	-0.003850	-0.267616	
908	0.048372	-0.003849	-0.267731	
909	0.045780	-0.004103	-0.267710	
910	0.043137	-0.003761	-0.268024	
911	0.040643	-0.003989	-0.267951	
912	0.038202	-0.004293	-0.267789	
913	0.035563	-0.004101	-0.267823	
914	0.033136	-0.003921	-0.268209	
915	0.030767	-0.003789	-0.268250	
916	0.028358	-0.003129	-0.268512	
917	0.026123	-0.003051	-0.268228	
918	0.024083	-0.003314	-0.268076	
919	0.022042	-0.003128	-0.268120	
920	0.020246	-0.003325	-0.267958	
921	0.018610	-0.003853	-0.267358	
922	0.017029	-0.004000	-0.267146	
923	0.015565	-0.003747	-0.267323	
924	0.014017	-0.003520	-0.267069	
925	0.012736	-0.003778	-0.267026	
926	0.011595	-0.003925	-0.266930	
927	0.010566	-0.004727	-0.266352	
928	0.009553	-0.004926	-0.266024	
929	0.008706	-0.005123	-0.265770	
930	0.007901	-0.005474	-0.265450	
931	0.007239	-0.005654	-0.265388	
932	0.006534	-0.006094	-0.264897	
933	0.005987	-0.006820	-0.264454	
934	0.005578	-0.007172	-0.264269	
935	0.005152	-0.007361	-0.264244	
936	0.004866	-0.007322	-0.264246	
937	0.004585	-0.007372	-0.264297	
938	0.004593	-0.007559	-0.264545	
939	0.004580	-0.007871	-0.264718	
940	0.004504	-0.008411	-0.264619	
941	0.004617	-0.008852	-0.264733	
942	0.004705	-0.009110	-0.264956	
943	0.004832	-0.009602	-0.265072	
944	0.004975	-0.009919	-0.265287	
945	0.004979	-0.010083	-0.265356	
946	0.005112	-0.010384	-0.265365	
947	0.005208	-0.010563	-0.265417	
948	0.005404	-0.010865	-0.265592	
949	0.005649	-0.011293	-0.265854	
950	0.005849	-0.011558	-0.265954	
951	0.005982	-0.011808	-0.265812	
952	0.006329	-0.012074	-0.266192	
953	0.006576	-0.012425	-0.266211	
954	0.006722	-0.012431	-0.266250	
955	0.007037	-0.012825	-0.266525	
956	0.007161	-0.012691	-0.266753	
957	0.007313	-0.012924	-0.266752	
958	0.007588	-0.012911	-0.267041	
959	0.007751	-0.013045	-0.266928	
960	0.008055	-0.013189	-0.267170	
961	0.008317	-0.013286	-0.267361	
962	0.008584	-0.013144	-0.267499	
963	0.008905	-0.013374	-0.267608	
964	0.009177	-0.013451	-0.267697	
965	0.009435	-0.013439	-0.267878	
966	0.009717	-0.013450	-0.268040	
