0	0.000000	0.000000	0.000000	
1	0.000000	0.000000	0.000000	
2	0.000000	0.000000	0.000000	
3	0.000000	0.000000	0.000000	
4	0.000066	0.001383	0.000723	
5	-0.000361	0.001262	0.000704	
6	-0.000670	0.002141	0.000451	
7	-0.000433	0.001630	0.000085	
8	-0.001098	0.005104	0.000530	
9	-0.000579	0.003784	-0.000197	
10	-0.000584	0.005127	0.000087	
11	-0.000623	0.003723	-0.000382	
12	-0.000659	0.003231	-0.000169	
13	-0.000515	0.003310	-0.000216	
14	-0.001151	0.002124	-0.000763	
15	-0.001211	0.001573	-0.000924	
16	-0.001035	0.000825	-0.001332	
17	-0.001271	-0.000515	-0.002053	
18	-0.000670	-0.000104	-0.001898	
19	-0.001096	-0.000466	-0.002552	
20	-0.001233	0.000360	-0.002420	
21	-0.000923	-0.000196	-0.002608	
22	0.000797	0.000528	-0.002624	
23	0.001009	0.000532	-0.003076	
24	0.000780	-0.000315	-0.003773	
25	0.001561	0.000295	-0.004100	
26	0.001943	0.000044	-0.004834	
27	0.002062	-0.000588	-0.005825	
28	0.003576	-0.000081	-0.006105	
29	0.003220	0.000306	-0.006573	
30	0.002692	-0.000438	-0.007429	
31	0.003894	-0.000412	-0.007632	
32	0.004251	0.000973	-0.007553	
33	0.003713	0.001590	-0.008140	
34	0.004100	0.002131	-0.008359	
35	0.004566	0.002158	-0.008475	
36	0.004473	0.002195	-0.008759	
37	0.005000	0.003340	-0.008478	
38	0.005718	0.004881	-0.008430	
39	0.004992	0.004751	-0.009109	
40	0.005383	0.005406	-0.008883	
41	0.005826	0.005490	-0.009153	
42	0.006104	0.004469	-0.009947	
43	0.006262	0.003373	-0.010539	
44	0.006857	0.003083	-0.010668	
45	0.006903	0.003582	-0.010949	
46	0.007080	0.003466	-0.011385	
47	0.007485	0.003943	-0.011618	
48	0.007392	0.004650	-0.011995	
49	0.007114	0.004215	-0.012349	
50	0.008105	0.004400	-0.012515	
51	0.008381	0.003784	-0.013235	
52	0.007795	0.003248	-0.013486	
53	0.008159	0.004395	-0.013619	
54	0.007936	0.004198	-0.013981	
55	0.008088	0.004102	-0.014396	
56	0.008119	0.004302	-0.014401	
57	0.007979	0.004310	-0.014773	
58	0.007730	0.004397	-0.014905	
59	0.008492	0.005972	-0.014184	
60	0.008070	0.006149	-0.014015	
61	0.006963	0.006724	-0.013711	
62	0.007648	0.007843	-0.013004	
63	0.007899	0.008708	-0.012353	
64	0.007091	0.009996	-0.011680	
65	0.006668	0.010198	-0.011423	
66	0.006488	0.010245	-0.011076	
67	0.006545	0.011930	-0.010235	
68	0.005404	0.012009	-0.010153	
69	0.003481	0.012491	-0.010245	
70	0.002196	0.012553	-0.010440	
71	-0.000248	0.011672	-0.011600	
72	-0.003088	0.011441	-0.012969	
73	-0.006359	0.009145	-0.015913	
74	-0.011589	0.007482	-0.019558	
75	-0.018207	0.006606	-0.023278	
76	-0.023728	0.005888	-0.027610	
77	-0.036779	0.003087	-0.037356	
78	-0.045420	0.002050	-0.042264	
79	-0.054560	0.002257	-0.046512	
80	-0.063434	0.001785	-0.051170	
81	-0.072725	0.001748	-0.055543	
82	-0.084116	0.002308	-0.060150	
83	-0.094986	0.004474	-0.064005	
84	-0.105595	0.006148	-0.067575	
85	-0.117215	0.008479	-0.070805	
86	-0.129492	0.010542	-0.073753	
87	-0.142761	0.013614	-0.076262	
88	-0.155960	0.016733	-0.078551	
89	-0.167804	0.019163	-0.080827	
90	-0.181322	0.021274	-0.083446	
91	-0.193713	0.025289	-0.084911	
92	-0.204721	0.029029	-0.086472	
93	-0.216918	0.031393	-0.088519	
94	-0.228703	0.033052	-0.089850	
95	-0.239575	0.034662	-0.091850	
96	-0.249488	0.037112	-0.093486	
97	-0.259686	0.037157	-0.095265	
98	-0.269392	0.036731	-0.096915	
99	-0.279785	0.036562	-0.097703	
100	-0.288661	0.036682	-0.098288	
101	-0.298967	0.034963	-0.098902	
102	-0.308878	0.034339	-0.098824	
103	-0.317945	0.033094	-0.098666	
104	-0.326403	0.031240	-0.098886	
105	-0.335594	0.029028	-0.099083	
106	-0.345470	0.027852	-0.098386	
107	-0.353628	0.027466	-0.097380	
108	-0.372621	0.023554	-0.095969	
109	-0.382167	0.022865	-0.094257	
110	-0.391541	0.021927	-0.092617	
111	-0.401425	0.020492	-0.090286	
112	-0.413174	0.018957	-0.087677	
113	-0.424408	0.017972	-0.084967	
114	-0.434727	0.015466	-0.082331	
115	-0.445448	0.012017	-0.079191	
116	-0.457474	0.008075	-0.076023	
117	-0.467892	0.005107	-0.071882	
118	-0.475359	0.003037	-0.066214	
119	-0.499116	-0.002763	-0.054206	
120	-0.507050	-0.003649	-0.046757	
121	-0.511975	-0.007843	-0.039836	
122	-0.521536	-0.011742	-0.032893	
123	-0.529108	-0.012580	-0.025948	
124	-0.537039	-0.017049	-0.020504	
125	-0.544496	-0.020945	-0.014545	
126	-0.551778	-0.023101	-0.008760	
127	-0.560080	-0.027624	-0.004406	
128	-0.566789	-0.032081	0.000090	
129	-0.573197	-0.036037	0.004847	
130	-0.581789	-0.040303	0.009116	
131	-0.587629	-0.043372	0.014146	
132	-0.593331	-0.047437	0.019389	
133	-0.599678	-0.051327	0.024437	
134	-0.615070	-0.056355	0.035395	
135	-0.622232	-0.059349	0.041164	
136	-0.630558	-0.061372	0.046661	
137	-0.638596	-0.064113	0.052079	
138	-0.652717	-0.068886	0.063128	
139	-0.662023	-0.069944	0.068798	
140	-0.679813	-0.074036	0.079978	
141	-0.688371	-0.076150	0.085550	
142	-0.697663	-0.076355	0.091717	
143	-0.706727	-0.078123	0.097342	
144	-0.716122	-0.080666	0.102933	
145	-0.723854	-0.083703	0.107976	
146	-0.733701	-0.087519	0.112849	
147	-0.743486	-0.088825	0.118461	
148	-0.751435	-0.092176	0.123344	
149	-0.760496	-0.094795	0.128376	
150	-0.769977	-0.096061	0.134093	
151	-0.784275	-0.102556	0.145068	
152	-0.792285	-0.104782	0.150388	
153	-0.799126	-0.108427	0.155330	
154	-0.803704	-0.112560	0.160124	
155	-0.810394	-0.113948	0.165430	
156	-0.817015	-0.115409	0.171094	
157	-0.821404	-0.118164	0.176641	
158	-0.826178	-0.121986	0.182103	
159	-0.833115	-0.123890	0.188163	
160	-0.838400	-0.126265	0.194012	
161	-0.842385	-0.129869	0.199242	
162	-0.848390	-0.131403	0.204501	
163	-0.855417	-0.132720	0.209776	
164	-0.859833	-0.135179	0.214689	
165	-0.864717	-0.138761	0.219033	
166	-0.871387	-0.140275	0.223902	
167	-0.876336	-0.142419	0.228950	
168	-0.879822	-0.145940	0.233276	
169	-0.885898	-0.147718	0.238597	
170	-0.892800	-0.149071	0.244230	
171	-0.897266	-0.154979	0.249203	
172	-0.902183	-0.159769	0.254188	
173	-0.909385	-0.163075	0.259757	
174	-0.919448	-0.169273	0.271349	
175	-0.925371	-0.173754	0.277415	
176	-0.931554	-0.175635	0.283966	
177	-0.935998	-0.179785	0.290608	
178	-0.940738	-0.183518	0.297384	
179	-0.946209	-0.187160	0.304181	
180	-0.951044	-0.190798	0.310586	
181	-0.955814	-0.194014	0.316892	
182	-0.960318	-0.197474	0.322684	
183	-0.966347	-0.202052	0.328715	
184	-0.970856	-0.203590	0.334762	
185	-0.973260	-0.207964	0.339574	
186	-0.979723	-0.209502	0.345346	
187	-0.986654	-0.211603	0.350959	
188	-0.991613	-0.213662	0.356332	
189	-0.996017	-0.215636	0.361444	
190	-1.003990	-0.216019	0.367515	
191	-1.011156	-0.216953	0.373719	
192	-1.016234	-0.217546	0.380076	
193	-1.021799	-0.219235	0.386006	
194	-1.030858	-0.219544	0.392667	
195	-1.041045	-0.218717	0.399657	
196	-1.049582	-0.220366	0.405388	
197	-1.059329	-0.221138	0.410834	
198	-1.072144	-0.222291	0.416858	
199	-1.082953	-0.222913	0.421693	
200	-1.092487	-0.223748	0.425814	
201	-1.103864	-0.224258	0.430390	
202	-1.116822	-0.224883	0.435566	
203	-1.126095	-0.224591	0.439662	
204	-1.136836	-0.226706	0.444020	
205	-1.157756	-0.229893	0.452382	
206	-1.166255	-0.231459	0.455805	
207	-1.176490	-0.234597	0.460109	
208	-1.185933	-0.237463	0.464398	
209	-1.191947	-0.238389	0.468085	
210	-1.199751	-0.241801	0.471936	
211	-1.209527	-0.244570	0.476999	
212	-1.214775	-0.246135	0.481244	
213	-1.220693	-0.248981	0.485428	
214	-1.229601	-0.253104	0.490610	
215	-1.234709	-0.254289	0.495634	
216	-1.239311	-0.257451	0.500098	
217	-1.246940	-0.260843	0.505986	
218	-1.251341	-0.263356	0.511541	
219	-1.255682	-0.265740	0.517215	
220	-1.261482	-0.269369	0.523196	
221	-1.266723	-0.272087	0.529350	
222	-1.270655	-0.275251	0.535005	
223	-1.275446	-0.279754	0.540982	
224	-1.280185	-0.283543	0.547210	
225	-1.283673	-0.287392	0.553282	
226	-1.288132	-0.291689	0.559845	
227	-1.290521	-0.296059	0.565927	
228	-1.293095	-0.301518	0.571823	
229	-1.297108	-0.307766	0.578104	
230	-1.300348	-0.312290	0.583898	
231	-1.303856	-0.316330	0.589619	
232	-1.307808	-0.321290	0.595560	
233	-1.310206	-0.326446	0.601085	
234	-1.313881	-0.331495	0.607014	
235	-1.319634	-0.335388	0.614070	
236	-1.323362	-0.339753	0.619947	
237	-1.327009	-0.343836	0.625700	
238	-1.331355	-0.347776	0.631659	
239	-1.335675	-0.351397	0.637890	
240	-1.339752	-0.354913	0.643836	
241	-1.345194	-0.359348	0.650062	
242	-1.350326	-0.361779	0.656084	
243	-1.355016	-0.365076	0.661049	
244	-1.361594	-0.369783	0.666596	
245	-1.367187	-0.372889	0.671864	
246	-1.371242	-0.377494	0.676237	
247	-1.376866	-0.382529	0.680346	
248	-1.382767	-0.386500	0.684211	
249	-1.387921	-0.390425	0.687377	
250	-1.393438	-0.395094	0.690052	
251	-1.401360	-0.398047	0.693323	
252	-1.408069	-0.400762	0.696210	
253	-1.415039	-0.404514	0.698398	
254	-1.424332	-0.405779	0.701246	
255	-1.432884	-0.407065	0.703113	
256	-1.451725	-0.410343	0.705981	
257	-1.462914	-0.409613	0.707365	
258	-1.482638	-0.409896	0.708522	
259	-1.494584	-0.409559	0.709722	
260	-1.505629	-0.408431	0.710833	
261	-1.516172	-0.407174	0.711821	
262	-1.526440	-0.406610	0.712912	
263	-1.536699	-0.407269	0.714078	
264	-1.547134	-0.405540	0.715986	
265	-1.556691	-0.404814	0.717097	
266	-1.567858	-0.405196	0.718503	
267	-1.577518	-0.405355	0.720347	
268	-1.586534	-0.405918	0.721646	
269	-1.597750	-0.405905	0.723967	
270	-1.607262	-0.404829	0.726256	
271	-1.616814	-0.405046	0.728471	
272	-1.626898	-0.405857	0.731181	
273	-1.635558	-0.405784	0.733974	
274	-1.644208	-0.406635	0.736742	
275	-1.653594	-0.404314	0.740812	
276	-1.661884	-0.402483	0.745387	
277	-1.670128	-0.399900	0.750571	
278	-1.677966	-0.395484	0.756784	
279	-1.685475	-0.391312	0.763992	
280	-1.692100	-0.386870	0.771579	
281	-1.698171	-0.381575	0.779350	
282	-1.702732	-0.377275	0.787050	
283	-1.706441	-0.373384	0.795047	
284	-1.710160	-0.369642	0.803189	
285	-1.712826	-0.366394	0.810533	
286	-1.715616	-0.365487	0.818254	
287	-1.718362	-0.363241	0.827685	
288	-1.717737	-0.360418	0.835612	
289	-1.718931	-0.360472	0.843150	
290	-1.720062	-0.357860	0.852279	
291	-1.719732	-0.355803	0.860831	
292	-1.720207	-0.354638	0.869829	
293	-1.720775	-0.353186	0.878555	
294	-1.721789	-0.350800	0.888249	
295	-1.722870	-0.348648	0.897526	
296	-1.723624	-0.349081	0.906175	
297	-1.725132	-0.348751	0.915225	
298	-1.726246	-0.349559	0.923990	
299	-1.727396	-0.351035	0.931153	
300	-1.729504	-0.352322	0.938900	
301	-1.731749	-0.354004	0.946576	
302	-1.733932	-0.354258	0.954636	
303	-1.735990	-0.356520	0.961401	
304	-1.738500	-0.359107	0.968530	
305	-1.740714	-0.363564	0.974922	
306	-1.744381	-0.366194	0.981615	
307	-1.748238	-0.367719	0.988591	
308	-1.752492	-0.371214	0.994987	
309	-1.756080	-0.375009	1.000645	
310	-1.759742	-0.378595	1.006541	
311	-1.763467	-0.380299	1.012489	
312	-1.767210	-0.383822	1.017979	
313	-1.771302	-0.386986	1.023702	
314	-1.775435	-0.388794	1.029990	
315	-1.779779	-0.392292	1.035772	
316	-1.784651	-0.396602	1.040827	
317	-1.789539	-0.401227	1.045795	
318	-1.794854	-0.405373	1.051121	
319	-1.800215	-0.409345	1.056158	
320	-1.806202	-0.413711	1.061314	
321	-1.811575	-0.418726	1.065949	
322	-1.816807	-0.423592	1.070239	
323	-1.822625	-0.428579	1.074423	
324	-1.828080	-0.433293	1.078647	
325	-1.833690	-0.437318	1.082741	
326	-1.838376	-0.442719	1.085546	
327	-1.842817	-0.447787	1.088519	
328	-1.847594	-0.452825	1.091901	
329	-1.852393	-0.457587	1.095514	
330	-1.857079	-0.462499	1.100105	
331	-1.861356	-0.468583	1.104219	
332	-1.865685	-0.473124	1.108599	
333	-1.870026	-0.478965	1.114367	
334	-1.873435	-0.486248	1.118861	
335	-1.877567	-0.491087	1.124482	
336	-1.881732	-0.497279	1.130663	
337	-1.884922	-0.503171	1.134730	
338	-1.888551	-0.508930	1.141015	
339	-1.891116	-0.516159	1.146694	
340	-1.893272	-0.522544	1.151156	
341	-1.895774	-0.527721	1.157098	
342	-1.897785	-0.534054	1.164345	
343	-1.898901	-0.540065	1.168228	
344	-1.900809	-0.544931	1.174683	
345	-1.902184	-0.552243	1.182039	
346	-1.903321	-0.557559	1.187358	
347	-1.904854	-0.560858	1.194335	
348	-1.904624	-0.566057	1.200573	
349	-1.904552	-0.573330	1.204883	
350	-1.904871	-0.577298	1.210784	
351	-1.905438	-0.582831	1.218506	
352	-1.905166	-0.588427	1.223454	
353	-1.905395	-0.593975	1.230230	
354	-1.904938	-0.605133	1.242541	
355	-1.904626	-0.610466	1.249247	
356	-1.904146	-0.615623	1.255750	
357	-1.903862	-0.621453	1.262457	
358	-1.903743	-0.626638	1.269350	
359	-1.903129	-0.633631	1.277283	
360	-1.902550	-0.645053	1.292312	
361	-1.902114	-0.651962	1.300241	
362	-1.901672	-0.658340	1.307333	
363	-1.901540	-0.664744	1.315102	
364	-1.901464	-0.670078	1.322299	
365	-1.901409	-0.674951	1.329355	
366	-1.901620	-0.678796	1.337187	
367	-1.901397	-0.682033	1.342917	
368	-1.901364	-0.686072	1.348798	
369	-1.901196	-0.690152	1.355522	
370	-1.900644	-0.693639	1.361750	
371	-1.900450	-0.696325	1.366609	
372	-1.899891	-0.699199	1.372411	
373	-1.899617	-0.702014	1.376578	
374	-1.900200	-0.704540	1.380368	
375	-1.900426	-0.707086	1.384937	
376	-1.901239	-0.709243	1.389999	
377	-1.902223	-0.710668	1.393449	
378	-1.903653	-0.712327	1.398076	
379	-1.905183	-0.713911	1.403399	
380	-1.906968	-0.715991	1.408733	
381	-1.908880	-0.718062	1.413515	
382	-1.911156	-0.720909	1.419819	
383	-1.913648	-0.723843	1.424514	
384	-1.916281	-0.727405	1.429828	
385	-1.919626	-0.731224	1.435800	
386	-1.922850	-0.735676	1.440238	
387	-1.927044	-0.739655	1.446373	
388	-1.931028	-0.745017	1.451611	
389	-1.934952	-0.751237	1.456333	
390	-1.939773	-0.755332	1.461567	
391	-1.944183	-0.761861	1.466688	
392	-1.949169	-0.767075	1.471092	
393	-1.954399	-0.773303	1.477662	
394	-1.959709	-0.778652	1.482138	
395	-1.965184	-0.785380	1.487818	
396	-1.971098	-0.792043	1.495158	
397	-1.976588	-0.798331	1.500384	
398	-1.986781	-0.812026	1.511390	
399	-1.990811	-0.819573	1.516879	
400	-1.995229	-0.826430	1.521172	
401	-1.998756	-0.836005	1.528348	
402	-2.001991	-0.842393	1.532617	
403	-2.005621	-0.849722	1.537997	
404	-2.009210	-0.857925	1.546456	
405	-2.012132	-0.864101	1.553910	
406	-2.015144	-0.870420	1.559745	
407	-2.018366	-0.877459	1.568353	
408	-2.020530	-0.883248	1.577024	
409	-2.022753	-0.886217	1.582026	
410	-2.025104	-0.890816	1.588691	
411	-2.026913	-0.895790	1.597619	
412	-2.028605	-0.898127	1.604270	
413	-2.030209	-0.900436	1.610044	
414	-2.031536	-0.903607	1.617623	
415	-2.032377	-0.907355	1.626460	
416	-2.033860	-0.908265	1.633056	
417	-2.035297	-0.910295	1.640359	
418	-2.036799	-0.911971	1.649029	
419	-2.038468	-0.913304	1.655347	
420	-2.039886	-0.915679	1.663483	
421	-2.041706	-0.916322	1.670307	
422	-2.043100	-0.917920	1.677552	
423	-2.044625	-0.918666	1.683556	
424	-2.045978	-0.920135	1.690130	
425	-2.047117	-0.921985	1.697044	
426	-2.049674	-0.924259	1.707444	
427	-2.051100	-0.925505	1.712544	
428	-2.052035	-0.927518	1.718190	
429	-2.053476	-0.930068	1.723923	
430	-2.055578	-0.933503	1.728760	
431	-2.056856	-0.938153	1.736519	
432	-2.058368	-0.949417	1.747359	
433	-2.059189	-0.955313	1.752993	
434	-2.059808	-0.960997	1.757694	
435	-2.061255	-0.966418	1.760595	
436	-2.062416	-0.972239	1.765893	
437	-2.063657	-0.978780	1.771654	
438	-2.065405	-0.984380	1.775688	
439	-2.066913	-0.990785	1.782191	
440	-2.067963	-0.996991	1.786787	
441	-2.069474	-1.003759	1.791758	
442	-2.070907	-1.009489	1.798019	
443	-2.072318	-1.014821	1.802928	
444	-2.073578	-1.021279	1.808475	
445	-2.075145	-1.027061	1.813955	
446	-2.075945	-1.033805	1.820497	
447	-2.077416	-1.039868	1.824601	
448	-2.078755	-1.046664	1.829894	
449	-2.080107	-1.053180	1.836774	
450	-2.081433	-1.059368	1.840499	
451	-2.083448	-1.065820	1.847809	
452	-2.084818	-1.071447	1.853553	
453	-2.087782	-1.076809	1.857600	
454	-2.089342	-1.084963	1.866653	
455	-2.091490	-1.091027	1.872695	
456	-2.094565	-1.098452	1.880052	
457	-2.098435	-1.104657	1.888281	
458	-2.102522	-1.111968	1.896883	
459	-2.106291	-1.121511	1.906970	
460	-2.112411	-1.126945	1.915609	
461	-2.117396	-1.135134	1.925876	
462	-2.122811	-1.143130	1.937572	
463	-2.127895	-1.150217	1.948639	
464	-2.132114	-1.157666	1.959851	
465	-2.136845	-1.164800	1.971422	
466	-2.140372	-1.171703	1.982819	
467	-2.143556	-1.178426	1.993017	
468	-2.147247	-1.185273	2.002879	
469	-2.150775	-1.192656	2.012715	
470	-2.153502	-1.198409	2.023560	
471	-2.157301	-1.204970	2.032588	
472	-2.161371	-1.211229	2.044090	
473	-2.163995	-1.217406	2.054231	
474	-2.167055	-1.222815	2.064374	
475	-2.169634	-1.228252	2.074018	
476	-2.171291	-1.233955	2.083943	
477	-2.173647	-1.237862	2.092692	
478	-2.174713	-1.241007	2.101923	
479	-2.175113	-1.243974	2.110586	
480	-2.175927	-1.246880	2.118019	
481	-2.175577	-1.248487	2.126577	
482	-2.173118	-1.250260	2.136384	
483	-2.173368	-1.251394	2.142916	
484	-2.173073	-1.252434	2.150970	
485	-2.169167	-1.253785	2.161059	
486	-2.166781	-1.254078	2.168367	
487	-2.165521	-1.254272	2.174478	
488	-2.157609	-1.257909	2.194459	
489	-2.154937	-1.259386	2.202045	
490	-2.150797	-1.262197	2.212788	
491	-2.147424	-1.265067	2.219086	
492	-2.143833	-1.268901	2.226369	
493	-2.138738	-1.273350	2.235265	
494	-2.135451	-1.277521	2.241952	
495	-2.133153	-1.281281	2.248081	
496	-2.127967	-1.286437	2.258673	
497	-2.120753	-1.296908	2.271550	
498	-2.116235	-1.301587	2.280048	
499	-2.111275	-1.305406	2.288494	
500	-2.108017	-1.310777	2.292046	
501	-2.104820	-1.314391	2.297544	
502	-2.099232	-1.319559	2.304481	
503	-2.096645	-1.323161	2.307798	
504	-2.093081	-1.326262	2.313060	
505	-2.088942	-1.328762	2.320287	
506	-2.085789	-1.332687	2.324557	
507	-2.082439	-1.337264	2.327375	
508	-2.076912	-1.341862	2.332771	
509	-2.074097	-1.345061	2.335413	
510	-2.071104	-1.348075	2.338262	
511	-2.066188	-1.351078	2.343696	
512	-2.061898	-1.356435	2.345398	
513	-2.057793	-1.361541	2.347358	
514	-2.051249	-1.366180	2.353272	
515	-2.047878	-1.369360	2.356750	
516	-2.043115	-1.373955	2.361326	
517	-2.036958	-1.378916	2.368067	
518	-2.032458	-1.383677	2.373775	
519	-2.028207	-1.387588	2.381638	
520	-2.021360	-1.392998	2.391546	
521	-2.018184	-1.397188	2.399137	
522	-2.013613	-1.401297	2.408493	
523	-2.008275	-1.407110	2.418154	
524	-2.003860	-1.412047	2.427631	
525	-1.998137	-1.418524	2.437005	
526	-1.994892	-1.425584	2.444225	
527	-1.989650	-1.430717	2.453656	
528	-1.984290	-1.435585	2.463401	
529	-1.979944	-1.441428	2.471772	
530	-1.975811	-1.446660	2.479770	
531	-1.971022	-1.450895	2.488864	
532	-1.966896	-1.455930	2.496626	
533	-1.963135	-1.458910	2.505682	
534	-1.958443	-1.461698	2.514095	
535	-1.953216	-1.465965	2.521489	
536	-1.948966	-1.469529	2.528722	
537	-1.943646	-1.472370	2.536007	
538	-1.937338	-1.476927	2.541772	
539	-1.934790	-1.479521	2.547906	
540	-1.928978	-1.482986	2.553893	
541	-1.921496	-1.487682	2.560108	
542	-1.917631	-1.490828	2.565593	
543	-1.911960	-1.493500	2.571344	
544	-1.904586	-1.497010	2.577155	
545	-1.898545	-1.499760	2.582684	
546	-1.893555	-1.501525	2.587605	
547	-1.886625	-1.502887	2.593481	
548	-1.878463	-1.504834	2.597805	
549	-1.871636	-1.506283	2.602077	
550	-1.864058	-1.507569	2.605600	
551	-1.856140	-1.507940	2.610994	
552	-1.847392	-1.509166	2.613941	
553	-1.841241	-1.509331	2.617656	
554	-1.831389	-1.508268	2.622545	
555	-1.818114	-1.509444	2.627330	
556	-1.811943	-1.508685	2.630901	
557	-1.801990	-1.507632	2.636378	
558	-1.789511	-1.507193	2.641545	
559	-1.781567	-1.506187	2.646056	
560	-1.772990	-1.504386	2.650743	
561	-1.760693	-1.503545	2.655483	
562	-1.751080	-1.503336	2.659138	
563	-1.733247	-1.500556	2.666355	
564	-1.722042	-1.500833	2.669653	
565	-1.713809	-1.500483	2.671465	
566	-1.704269	-1.499835	2.673616	
567	-1.694100	-1.500039	2.676189	
568	-1.685456	-1.500929	2.676247	
569	-1.677688	-1.501534	2.677127	
570	-1.668792	-1.501704	2.679618	
571	-1.660758	-1.502702	2.680535	
572	-1.653298	-1.504631	2.679541	
573	-1.645375	-1.506283	2.679638	
574	-1.637580	-1.507805	2.680370	
575	-1.631326	-1.508671	2.680691	
576	-1.624992	-1.509426	2.681429	
577	-1.616807	-1.510524	2.683362	
578	-1.605517	-1.513657	2.683681	
579	-1.598629	-1.514245	2.685339	
580	-1.591156	-1.515246	2.686946	
581	-1.586043	-1.516914	2.686684	
582	-1.579538	-1.517259	2.688766	
583	-1.571501	-1.519478	2.690166	
584	-1.566797	-1.521046	2.691087	
585	-1.554084	-1.523161	2.695794	
586	-1.548510	-1.524224	2.698594	
587	-1.543094	-1.525150	2.700587	
588	-1.536574	-1.526062	2.703187	
589	-1.530166	-1.527358	2.704157	
590	-1.517423	-1.528545	2.709206	
591	-1.511327	-1.529402	2.711736	
592	-1.504016	-1.530551	2.714370	
593	-1.498475	-1.531194	2.717731	
594	-1.492830	-1.532602	2.720304	
595	-1.485867	-1.533545	2.722983	
596	-1.479076	-1.533833	2.726658	
597	-1.474985	-1.533916	2.729596	
598	-1.468084	-1.533596	2.732632	
599	-1.460956	-1.533288	2.736015	
600	-1.456111	-1.532823	2.737718	
601	-1.451045	-1.532727	2.738252	
602	-1.442305	-1.531546	2.742721	
603	-1.435460	-1.529488	2.747077	
604	-1.430940	-1.529465	2.746474	
605	-1.422141	-1.528425	2.749681	
606	-1.412917	-1.526918	2.753076	
607	-1.407556	-1.525823	2.754349	
608	-1.399042	-1.524256	2.757804	
609	-1.390833	-1.523442	2.758556	
610	-1.382042	-1.522265	2.761244	
611	-1.374191	-1.521268	2.763203	
612	-1.367650	-1.519961	2.763527	
613	-1.357976	-1.519156	2.764075	
614	-1.350693	-1.517954	2.763433	
615	-1.343691	-1.516641	2.762420	
616	-1.335147	-1.515143	2.761721	
617	-1.327280	-1.513975	2.761080	
618	-1.320864	-1.513289	2.758865	
619	-1.311612	-1.513286	2.756750	
620	-1.304686	-1.513411	2.755253	
621	-1.299094	-1.513360	2.753106	
622	-1.291282	-1.513346	2.751765	
623	-1.284055	-1.513678	2.749952	
624	-1.279016	-1.514368	2.745961	
625	-1.271311	-1.514673	2.744439	
626	-1.264031	-1.515027	2.742631	
627	-1.251147	-1.515557	2.738707	
628	-1.243181	-1.516510	2.736505	
629	-1.237825	-1.517628	2.733821	
630	-1.230312	-1.518776	2.732445	
631	-1.224234	-1.519748	2.730869	
632	-1.217768	-1.521405	2.728528	
633	-1.211042	-1.523101	2.726257	
634	-1.205369	-1.524104	2.724258	
635	-1.199836	-1.525061	2.722739	
636	-1.194685	-1.525487	2.721686	
637	-1.185492	-1.525556	2.717254	
638	-1.181397	-1.525402	2.714874	
639	-1.176563	-1.524133	2.713605	
640	-1.169908	-1.523465	2.711315	
641	-1.163277	-1.522985	2.709315	
642	-1.160870	-1.521944	2.707163	
643	-1.157316	-1.520308	2.706083	
644	-1.150565	-1.519594	2.704262	
645	-1.147713	-1.517947	2.703349	
646	-1.144768	-1.516026	2.702436	
647	-1.138191	-1.514239	2.701552	
648	-1.132199	-1.512614	2.699929	
649	-1.128358	-1.510786	2.698276	
650	-1.123562	-1.508530	2.696662	
651	-1.117764	-1.505905	2.694826	
652	-1.112209	-1.502719	2.693448	
653	-1.107798	-1.499150	2.691750	
654	-1.101032	-1.495688	2.690085	
655	-1.094796	-1.491904	2.688339	
656	-1.089729	-1.487765	2.686430	
657	-1.080892	-1.484179	2.684147	
658	-1.078124	-1.479446	2.682694	
659	-1.073484	-1.474716	2.681509	
660	-1.063787	-1.471966	2.678655	
661	-1.058952	-1.468011	2.677189	
662	-1.055345	-1.463905	2.675308	
663	-1.049206	-1.460081	2.672419	
664	-1.044480	-1.455976	2.669508	
665	-1.040496	-1.451697	2.666437	
666	-1.036826	-1.447015	2.662779	
667	-1.033975	-1.441995	2.659276	
668	-1.027717	-1.437891	2.654207	
669	-1.021975	-1.433161	2.649792	
670	-1.018311	-1.427130	2.646724	
671	-1.010892	-1.422501	2.641361	
672	-1.002351	-1.417128	2.636445	
673	-0.988918	-1.407990	2.624922	
674	-0.976669	-1.404003	2.618774	
675	-0.965905	-1.396940	2.607550	
676	-0.960474	-1.395583	2.600399	
677	-0.959328	-1.391028	2.597067	
678	-0.956089	-1.386378	2.593734	
679	-0.948527	-1.383483	2.588088	
680	-0.942225	-1.379683	2.583825	
681	-0.939348	-1.374525	2.581622	
682	-0.933271	-1.371495	2.578007	
683	-0.927173	-1.368097	2.575202	
684	-0.918367	-1.360055	2.571981	
685	-0.913135	-1.357432	2.569499	
686	-0.911862	-1.351516	2.570284	
687	-0.908148	-1.347307	2.569569	
688	-0.901547	-1.345179	2.567681	
689	-0.899752	-1.338474	2.570180	
690	-0.896749	-1.333611	2.570622	
691	-0.892052	-1.330099	2.570158	
692	-0.889273	-1.324916	2.571653	
693	-0.888719	-1.319149	2.573968	
694	-0.884340	-1.316605	2.573730	
695	-0.881876	-1.312416	2.575462	
696	-0.880765	-1.308016	2.577111	
697	-0.875254	-1.307382	2.575840	
698	-0.874081	-1.302991	2.578464	
699	-0.872898	-1.299937	2.580125	
700	-0.867980	-1.299684	2.579719	
701	-0.867398	-1.296028	2.582544	
702	-0.865425	-1.293681	2.583871	
703	-0.861738	-1.292258	2.585234	
704	-0.860255	-1.289207	2.588259	
705	-0.857504	-1.287048	2.590480	
706	-0.855107	-1.284630	2.593228	
707	-0.852434	-1.281855	2.596205	
708	-0.850494	-1.279224	2.599108	
709	-0.846981	-1.277553	2.601080	
710	-0.844914	-1.274648	2.604046	
711	-0.842772	-1.271903	2.606889	
712	-0.834478	-1.265172	2.615531	
713	-0.829024	-1.265231	2.615674	
714	-0.822887	-1.265501	2.616868	
715	-0.821747	-1.262764	2.620856	
716	-0.815751	-1.263735	2.621861	
717	-0.812251	-1.263121	2.624680	
718	-0.810506	-1.260804	2.628302	
719	-0.805834	-1.261007	2.630188	
720	-0.802301	-1.260273	2.632884	
721	-0.799896	-1.258461	2.636274	
722	-0.794491	-1.259516	2.636988	
723	-0.789493	-1.260108	2.639090	
724	-0.787217	-1.258882	2.642461	
725	-0.784097	-1.258786	2.644617	
726	-0.777766	-1.261294	2.645061	
727	-0.775549	-1.259678	2.649605	
728	-0.772557	-1.259057	2.652473	
729	-0.766788	-1.261110	2.653427	
730	-0.763231	-1.260639	2.657995	
731	-0.760750	-1.260072	2.660645	
732	-0.755152	-1.261934	2.661755	
733	-0.752627	-1.261215	2.666008	
734	-0.748929	-1.261668	2.668434	
735	-0.744048	-1.263635	2.669646	
736	-0.741880	-1.262896	2.673326	
737	-0.738167	-1.263709	2.675296	
738	-0.734274	-1.265196	2.677393	
739	-0.731722	-1.265967	2.680356	
740	-0.727077	-1.269503	2.680266	
741	-0.725091	-1.271029	2.683104	
742	-0.723575	-1.271924	2.686315	
743	-0.722324	-1.273127	2.688365	
744	-0.722072	-1.273039	2.692070	
745	-0.719874	-1.274373	2.694314	
746	-0.718440	-1.275483	2.697618	
747	-0.717100	-1.276432	2.700702	
748	-0.714928	-1.277504	2.703275	
749	-0.712610	-1.278899	2.705915	
750	-0.712727	-1.278188	2.710196	
751	-0.709745	-1.280091	2.712726	
752	-0.707578	-1.281636	2.716946	
753	-0.706593	-1.282480	2.722103	
754	-0.704267	-1.284702	2.726035	
755	-0.701095	-1.288042	2.729379	
756	-0.699578	-1.290384	2.734600	
757	-0.697692	-1.293483	2.739081	
758	-0.693676	-1.298644	2.743035	
759	-0.693107	-1.301277	2.749655	
760	-0.690104	-1.305644	2.754220	
761	-0.687591	-1.309626	2.760127	
762	-0.685837	-1.313133	2.767028	
763	-0.684135	-1.316492	2.772570	
764	-0.681649	-1.320248	2.777978	
765	-0.678946	-1.324332	2.783593	
766	-0.675877	-1.328785	2.789375	
767	-0.674068	-1.331994	2.796335	
768	-0.670521	-1.336872	2.800700	
769	-0.668390	-1.340204	2.806956	
770	-0.668090	-1.341790	2.813788	
771	-0.663563	-1.346556	2.817507	
772	-0.660932	-1.349445	2.823330	
773	-0.658658	-1.351781	2.828460	
774	-0.654110	-1.355650	2.830557	
775	-0.652787	-1.356267	2.836853	
776	-0.651170	-1.356726	2.841824	
777	-0.646010	-1.358977	2.844766	
778	-0.642311	-1.359884	2.848854	
779	-0.638365	-1.360502	2.853004	
780	-0.632542	-1.363373	2.853386	
781	-0.627884	-1.365168	2.855264	
782	-0.623543	-1.366850	2.856537	
783	-0.617727	-1.369339	2.856106	
784	-0.611404	-1.372133	2.857012	
785	-0.606417	-1.373899	2.858804	
786	-0.599155	-1.376058	2.859561	
787	-0.593763	-1.377706	2.860775	
788	-0.581894	-1.381083	2.864800	
789	-0.574347	-1.383234	2.867098	
790	-0.567706	-1.385410	2.869794	
791	-0.559905	-1.387992	2.870863	
792	-0.552134	-1.390283	2.871962	
793	-0.543167	-1.393880	2.872453	
794	-0.536093	-1.395946	2.874894	
795	-0.527410	-1.398569	2.875632	
796	-0.517863	-1.401833	2.875753	
797	-0.510786	-1.403073	2.878589	
798	-0.502932	-1.404894	2.880136	
799	-0.493614	-1.408001	2.880641	
800	-0.486507	-1.409450	2.883439	
801	-0.469676	-1.414983	2.883190	
802	-0.457288	-1.417662	2.885234	
803	-0.444963	-1.420609	2.885813	
804	-0.439304	-1.421722	2.886256	
805	-0.432585	-1.423447	2.885415	
806	-0.428605	-1.422803	2.887036	
807	-0.422080	-1.423407	2.886565	
808	-0.415072	-1.424389	2.885876	
809	-0.408651	-1.423795	2.886795	
810	-0.401025	-1.424893	2.885806	
811	-0.392759	-1.426535	2.884624	
812	-0.385788	-1.425890	2.885699	
813	-0.379326	-1.426768	2.885840	
814	-0.371233	-1.428252	2.884748	
815	-0.365147	-1.427650	2.885952	
816	-0.358290	-1.428467	2.885758	
817	-0.350368	-1.429414	2.884023	
818	-0.345294	-1.428362	2.884408	
819	-0.338585	-1.429407	2.881832	
820	-0.332780	-1.430167	2.879912	
821	-0.327052	-1.429730	2.878896	
822	-0.321322	-1.429567	2.877232	
823	-0.315367	-1.428965	2.875706	
824	-0.309355	-1.427415	2.874639	
825	-0.303501	-1.427073	2.872543	
826	-0.297812	-1.425103	2.871170	
827	-0.293379	-1.422419	2.870024	
828	-0.288380	-1.420291	2.867863	
829	-0.276309	-1.414272	2.863994	
830	-0.270328	-1.411355	2.860941	
831	-0.265047	-1.408319	2.857183	
832	-0.259128	-1.403885	2.853839	
833	-0.253233	-1.399707	2.849747	
834	-0.245882	-1.396123	2.844399	
835	-0.238477	-1.391355	2.839786	
836	-0.230114	-1.386257	2.835216	
837	-0.221681	-1.383134	2.828691	
838	-0.212074	-1.379438	2.822478	
839	-0.203804	-1.375105	2.816536	
840	-0.194739	-1.371611	2.809971	
841	-0.177193	-1.364948	2.795799	
842	-0.169658	-1.361601	2.789078	
843	-0.162199	-1.358798	2.781524	
844	-0.154235	-1.355067	2.775131	
845	-0.148318	-1.352903	2.767941	
846	-0.140205	-1.349849	2.761808	
847	-0.133006	-1.346938	2.755059	
848	-0.127879	-1.345364	2.748682	
849	-0.120017	-1.342129	2.743133	
850	-0.114170	-1.342974	2.733902	
851	-0.106477	-1.342632	2.726899	
852	-0.097857	-1.339157	2.722801	
853	-0.094681	-1.340381	2.714810	
854	-0.088175	-1.341672	2.707564	
855	-0.081153	-1.341093	2.701303	
856	-0.076639	-1.340724	2.694515	
857	-0.071450	-1.340034	2.687551	
858	-0.066459	-1.339177	2.680164	
859	-0.060184	-1.337846	2.673270	
860	-0.053540	-1.335943	2.667356	
861	-0.048413	-1.335920	2.659877	
862	-0.041570	-1.335738	2.653888	
863	-0.034497	-1.336561	2.646741	
864	-0.027295	-1.337769	2.640571	
865	-0.020106	-1.338659	2.635320	
866	-0.013582	-1.340757	2.628725	
867	-0.005476	-1.342622	2.622946	
868	0.001411	-1.344364	2.617749	
869	0.007104	-1.346794	2.611043	
870	0.012857	-1.349547	2.604049	
871	0.020643	-1.351355	2.598392	
872	0.026477	-1.353606	2.591942	
873	0.032847	-1.355822	2.584714	
874	0.037853	-1.358374	2.576932	
875	0.049962	-1.360587	2.563256	
876	0.052818	-1.362577	2.554178	
877	0.057665	-1.363567	2.546741	
878	0.060434	-1.365031	2.537526	
879	0.068552	-1.364924	2.522571	
880	0.070115	-1.364494	2.513711	
881	0.072319	-1.364120	2.505331	
882	0.076910	-1.362311	2.499085	
883	0.078807	-1.361290	2.491481	
884	0.079971	-1.361163	2.482797	
885	0.080802	-1.359824	2.474335	
886	0.084082	-1.358622	2.464956	
887	0.085403	-1.357502	2.456128	
888	0.088524	-1.355752	2.446926	
889	0.090670	-1.354036	2.438865	
890	0.093786	-1.352844	2.429648	
891	0.095933	-1.352612	2.419730	
892	0.099522	-1.351672	2.410563	
893	0.101614	-1.350852	2.400571	
894	0.103705	-1.350865	2.388827	
895	0.107193	-1.351176	2.378318	
896	0.110661	-1.352004	2.369167	
897	0.114169	-1.353191	2.361905	
898	0.118950	-1.353640	2.354936	
899	0.122787	-1.353293	2.347860	
900	0.125893	-1.352613	2.340005	
901	0.128428	-1.351637	2.333303	
902	0.132347	-1.349870	2.326862	
903	0.134685	-1.348067	2.320053	
904	0.137731	-1.346499	2.313520	
905	0.140673	-1.344398	2.307610	
906	0.143215	-1.342356	2.301427	
907	0.146348	-1.340980	2.294855	
908	0.150508	-1.338772	2.289132	
909	0.155740	-1.336964	2.283002	
910	0.160511	-1.335902	2.278132	
911	0.166550	-1.334044	2.274985	
912	0.172055	-1.332880	2.271839	
913	0.176521	-1.332552	2.268463	
914	0.182283	-1.330747	2.265135	
915	0.187259	-1.328665	2.261255	
916	0.192438	-1.326878	2.258074	
917	0.194538	-1.324517	2.256334	
918	0.197878	-1.322421	2.253475	
919	0.202184	-1.321063	2.250611	
920	0.205182	-1.318821	2.249450	
921	0.208469	-1.317231	2.247504	
922	0.212711	-1.316252	2.245629	
923	0.216637	-1.314635	2.244275	
924	0.220361	-1.313557	2.242836	
925	0.224288	-1.312792	2.242083	
926	0.228220	-1.311473	2.242431	
927	0.233434	-1.311195	2.241662	
928	0.238183	-1.311195	2.241995	
929	0.240200	-1.310301	2.243791	
930	0.245405	-1.310326	2.244309	
931	0.249774	-1.310984	2.246081	
932	0.251931	-1.311020	2.249530	
933	0.255937	-1.311791	2.251147	
934	0.258603	-1.312419	2.253616	
935	0.260789	-1.312816	2.256284	
936	0.264184	-1.313495	2.257317	
937	0.266864	-1.314384	2.259345	
938	0.268968	-1.314642	2.263628	
939	0.270084	-1.315170	2.267512	
940	0.272720	-1.315660	2.271212	
941	0.275599	-1.315998	2.273991	
942	0.279211	-1.316528	2.277096	
943	0.281762	-1.317038	2.280476	
944	0.283485	-1.316934	2.285304	
945	0.285930	-1.317122	2.288495	
946	0.289889	-1.317404	2.291358	
947	0.292209	-1.317571	2.295542	
948	0.295613	-1.318651	2.297597	
949	0.298143	-1.319139	2.300806	
950	0.305468	-1.320601	2.304235	
951	0.307077	-1.321091	2.307854	
952	0.308783	-1.321070	2.309278	
953	0.311315	-1.320923	2.313222	
954	0.312249	-1.319521	2.316386	
955	0.314699	-1.318467	2.319172	
956	0.317256	-1.317537	2.321199	
957	0.319112	-1.315981	2.326448	
958	0.319818	-1.314095	2.331586	
959	0.319949	-1.311932	2.335747	
960	0.323038	-1.311379	2.339913	
961	0.324579	-1.310704	2.345006	
962	0.325353	-1.309284	2.350419	
963	0.329459	-1.309752	2.352109	
964	0.331210	-1.309451	2.357877	
965	0.331583	-1.308845	2.363471	
966	0.336864	-1.309828	2.365970	
967	0.338817	-1.309823	2.371741	
968	0.342433	-1.310360	2.377299	
969	0.348565	-1.312742	2.380177	
970	0.351820	-1.313814	2.386268	
971	0.353349	-1.314115	2.392544	
972	0.358228	-1.316761	2.397005	
973	0.361026	-1.317726	2.406012	
974	0.361271	-1.316957	2.413455	
975	0.364643	-1.319062	2.418591	
976	0.366239	-1.319139	2.427886	
977	0.369648	-1.320725	2.432846	
978	0.373764	-1.323694	2.440532	
979	0.372220	-1.322206	2.448381	
980	0.374047	-1.322762	2.449985	
981	0.378398	-1.323922	2.455420	
982	0.378979	-1.323232	2.463459	
983	0.380981	-1.324368	2.466336	
984	0.383278	-1.324697	2.471399	
985	0.383438	-1.324228	2.477350	
986	0.384467	-1.324860	2.480475	
987	0.386599	-1.325190	2.485786	
988	0.388588	-1.325980	2.490009	
989	0.390630	-1.327482	2.492762	
990	0.392759	-1.327363	2.499353	
991	0.393441	-1.327196	2.503754	
992	0.394404	-1.327971	2.507292	
993	0.395491	-1.326187	2.513472	
994	0.397601	-1.325854	2.517080	
995	0.400547	-1.326583	2.520182	
996	0.402561	-1.324589	2.525545	
997	0.401170	-1.320886	2.532825	
998	0.402862	-1.320081	2.535498	
999	0.405000	-1.318055	2.541511	
1000	0.407734	-1.315975	2.553718	
1001	0.408879	-1.313200	2.563962	
1002	0.409905	-1.312406	2.572082	
1003	0.410589	-1.313320	2.577672	
1004	0.410352	-1.311684	2.584714	
1005	0.410111	-1.311582	2.590117	
1006	0.409765	-1.310089	2.595273	
1007	0.409768	-1.309461	2.598528	
1008	0.410107	-1.309594	2.602382	
1009	0.410698	-1.309648	2.605873	
1010	0.410836	-1.310150	2.607524	
1011	0.412451	-1.310973	2.610623	
1012	0.412488	-1.310420	2.614230	
1013	0.412677	-1.309640	2.617116	
1014	0.413989	-1.310451	2.618232	
1015	0.416183	-1.312859	2.622127	
1016	0.415864	-1.312232	2.626794	
1017	0.417388	-1.312545	2.628409	
1018	0.419452	-1.313529	2.629879	
1019	0.421812	-1.312216	2.632826	
1020	0.424143	-1.312471	2.632388	
1021	0.422605	-1.308841	2.633504	
1022	0.425065	-1.308319	2.632674	
1023	0.425615	-1.302653	2.631431	
1024	0.428311	-1.296321	2.627463	
1025	0.427739	-1.291040	2.626042	
1026	0.428405	-1.287518	2.625608	
1027	0.431542	-1.285294	2.623372	
1028	0.432463	-1.281294	2.623024	
1029	0.434137	-1.277789	2.623556	
1030	0.436841	-1.274943	2.623780	
1031	0.436692	-1.268862	2.623352	
1032	0.438831	-1.265631	2.624177	
1033	0.442503	-1.264086	2.624949	
1034	0.442742	-1.259151	2.625501	
1035	0.445394	-1.255817	2.624593	
1036	0.449139	-1.254697	2.625566	
1037	0.450891	-1.251169	2.625331	
1038	0.452094	-1.247414	2.625666	
1039	0.455773	-1.245634	2.624726	
1040	0.457961	-1.243485	2.624253	
1041	0.459728	-1.240547	2.622801	
1042	0.461320	-1.237925	2.621251	
1043	0.464076	-1.236503	2.618761	
1044	0.465384	-1.233931	2.616299	
1045	0.466979	-1.232361	2.615194	
1046	0.468878	-1.231050	2.614254	
1047	0.470235	-1.227457	2.613745	
1048	0.472479	-1.226759	2.613071	
1049	0.473536	-1.225034	2.612075	
1050	0.474111	-1.224514	2.613148	
1051	0.474962	-1.223674	2.613644	
1052	0.475825	-1.222196	2.613384	
1053	0.475950	-1.221517	2.615043	
1054	0.476822	-1.219826	2.614677	
1055	0.477412	-1.217956	2.614779	
1056	0.477201	-1.217137	2.617320	
1057	0.477259	-1.215489	2.618886	
1058	0.476933	-1.215453	2.623134	
1059	0.476854	-1.212691	2.623527	
1060	0.478160	-1.211104	2.623805	
1061	0.477645	-1.213233	2.629903	
1062	0.475928	-1.211335	2.632555	
1063	0.476679	-1.211655	2.635118	
1064	0.477412	-1.209696	2.635042	
1065	0.476538	-1.206370	2.634920	
1066	0.478971	-1.207413	2.636571	
1067	0.479379	-1.206932	2.638545	
1068	0.478300	-1.204331	2.640118	
1069	0.480177	-1.204564	2.642023	
1070	0.480195	-1.206661	2.648008	
1071	0.477314	-1.204509	2.652975	
1072	0.477134	-1.202730	2.655334	
1073	0.476424	-1.203016	2.660891	
1074	0.473563	-1.200125	2.665490	
1075	0.473808	-1.197798	2.667090	
1076	0.473906	-1.193320	2.666140	
1077	0.471826	-1.191539	2.671116	
1078	0.470642	-1.191474	2.676971	
1079	0.470329	-1.188851	2.678173	
1080	0.469679	-1.189672	2.683655	
1081	0.467403	-1.186816	2.686816	
1082	0.468854	-1.187274	2.689312	
1083	0.469326	-1.186441	2.691221	
1084	0.466337	-1.184429	2.695826	
1085	0.469383	-1.185997	2.695943	
1086	0.469483	-1.184243	2.695052	
1087	0.467011	-1.181999	2.697131	
1088	0.468419	-1.184318	2.698366	
1089	0.465579	-1.182350	2.699499	
1090	0.462286	-1.182244	2.702857	
1091	0.463208	-1.184576	2.702215	
1092	0.459868	-1.184726	2.704598	
1093	0.457042	-1.184884	2.705806	
1094	0.457150	-1.186926	2.703619	
1095	0.452515	-1.186927	2.706762	
1096	0.451623	-1.188374	2.705453	
1097	0.450153	-1.190052	2.705013	
1098	0.445702	-1.189610	2.707239	
1099	0.445305	-1.192923	2.707060	
1100	0.441783	-1.194718	2.709532	
1101	0.435522	-1.197410	2.711883	
1102	0.431572	-1.199580	2.715899	
1103	0.428112	-1.201173	2.719003	
1104	0.424189	-1.204641	2.725587	
1105	0.419643	-1.204656	2.727783	
1106	0.415788	-1.208044	2.734034	
1107	0.412475	-1.210223	2.737355	
1108	0.407783	-1.211487	2.742041	
1109	0.403791	-1.214007	2.747039	
1110	0.399619	-1.215500	2.750148	
1111	0.395447	-1.217686	2.753747	
1112	0.391177	-1.221681	2.759487	
1113	0.386934	-1.225393	2.764251	
1114	0.381830	-1.226310	2.765383	
1115	0.377765	-1.231934	2.772748	
1116	0.365939	-1.236588	2.780869	
1117	0.360752	-1.239330	2.783375	
1118	0.355466	-1.243461	2.788764	
1119	0.348704	-1.244666	2.791619	
1120	0.343429	-1.247254	2.794011	
1121	0.337175	-1.250101	2.799979	
1122	0.330943	-1.251189	2.802167	
1123	0.327151	-1.257318	2.809428	
1124	0.321357	-1.260885	2.817671	
1125	0.314648	-1.258612	2.815698	
1126	0.310578	-1.261636	2.819693	
1127	0.305358	-1.262305	2.823316	
1128	0.301418	-1.264075	2.826316	
1129	0.297699	-1.265563	2.827746	
1130	0.293663	-1.266242	2.830596	
1131	0.291759	-1.270021	2.834545	
1132	0.288918	-1.271447	2.837016	
1133	0.286374	-1.272347	2.837331	
1134	0.285672	-1.274932	2.837381	
1135	0.284492	-1.277348	2.839306	
1136	0.283094	-1.278304	2.838485	
1137	0.282262	-1.280336	2.839822	
1138	0.281913	-1.282476	2.839890	
1139	0.280466	-1.282750	2.840779	
1140	0.279688	-1.283062	2.839580	
1141	0.279457	-1.284833	2.840700	
1142	0.277521	-1.283944	2.840786	
1143	0.276682	-1.285128	2.842352	
1144	0.275310	-1.285328	2.842497	
1145	0.272972	-1.284401	2.843477	
1146	0.271456	-1.284811	2.845889	
1147	0.269865	-1.286107	2.850983	
1148	0.266741	-1.284691	2.852048	
1149	0.265156	-1.286328	2.856257	
1150	0.264124	-1.288754	2.860419	
1151	0.260499	-1.289097	2.865932	
1152	0.259671	-1.292908	2.870869	
1153	0.257741	-1.295370	2.874585	
1154	0.254282	-1.296961	2.878879	
1155	0.252504	-1.300135	2.881841	
1156	0.249983	-1.302787	2.884634	
1157	0.247478	-1.305710	2.887593	
1158	0.245542	-1.309377	2.890383	
1159	0.243131	-1.312295	2.893755	
1160	0.241099	-1.315645	2.895953	
1161	0.238606	-1.319166	2.899048	
1162	0.236008	-1.322167	2.901762	
1163	0.234554	-1.326681	2.903455	
1164	0.231465	-1.329026	2.906926	
1165	0.229230	-1.332281	2.907434	
1166	0.227805	-1.336437	2.910522	
1167	0.225273	-1.338793	2.912878	
1168	0.224059	-1.342800	2.914871	
1169	0.222628	-1.346252	2.918057	
1170	0.220611	-1.348650	2.921178	
1171	0.219513	-1.352051	2.923971	
1172	0.218277	-1.355197	2.927621	
1173	0.216110	-1.357285	2.930104	
1174	0.213692	-1.359473	2.932531	
1175	0.212810	-1.363220	2.934678	
1176	0.209803	-1.364370	2.940202	
1177	0.207207	-1.366012	2.942012	
1178	0.205481	-1.368438	2.946898	
1179	0.202367	-1.369709	2.951224	
1180	0.200045	-1.371770	2.954895	
1181	0.197989	-1.374858	2.959334	
1182	0.195412	-1.377417	2.963638	
1183	0.192691	-1.380770	2.968930	
1184	0.189988	-1.384475	2.973745	
1185	0.186188	-1.387948	2.977857	
1186	0.182243	-1.391606	2.982048	
1187	0.178507	-1.396419	2.987481	
1188	0.173757	-1.400238	2.993372	
1189	0.169863	-1.404736	2.997793	
1190	0.166036	-1.409780	3.002717	
1191	0.160403	-1.413373	3.008526	
1192	0.155755	-1.417948	3.013004	
1193	0.150013	-1.422682	3.018848	
1194	0.143293	-1.426825	3.025349	
1195	0.138481	-1.432663	3.030996	
1196	0.133176	-1.437973	3.037248	
1197	0.128141	-1.442798	3.043395	
1198	0.123699	-1.447843	3.050647	
1199	0.118938	-1.452761	3.057031	
1200	0.114544	-1.458025	3.063258	
1201	0.109779	-1.462885	3.069229	
1202	0.102458	-1.474041	3.085587	
1203	0.098691	-1.479315	3.092522	
1204	0.095307	-1.484356	3.100051	
1205	0.092231	-1.489519	3.106960	
1206	0.090249	-1.495025	3.115595	
1207	0.087730	-1.499523	3.124323	
1208	0.086303	-1.504455	3.131951	
1209	0.084647	-1.509288	3.140578	
1210	0.082784	-1.514072	3.149011	
1211	0.080779	-1.518526	3.154350	
1212	0.078753	-1.522606	3.161825	
1213	0.075783	-1.530075	3.173628	
1214	0.075760	-1.534226	3.180418	
1215	0.075733	-1.537973	3.184738	
1216	0.076982	-1.542412	3.190617	
1217	0.078434	-1.546254	3.196300	
1218	0.080453	-1.549856	3.203012	
1219	0.083429	-1.553474	3.208169	
1220	0.086719	-1.557042	3.213908	
1221	0.090972	-1.560581	3.220505	
1222	0.095086	-1.563298	3.226130	
1223	0.100439	-1.566592	3.232023	
1224	0.106103	-1.568958	3.239632	
1225	0.112553	-1.571382	3.246161	
1226	0.119809	-1.573819	3.253192	
1227	0.127044	-1.575754	3.261602	
1228	0.134935	-1.577864	3.268991	
1229	0.143864	-1.581298	3.275774	
1230	0.152227	-1.583797	3.285237	
1231	0.160533	-1.586736	3.291942	
1232	0.169605	-1.590528	3.299519	
1233	0.177913	-1.593796	3.306661	
1234	0.185927	-1.597599	3.312625	
1235	0.194407	-1.601573	3.318999	
1236	0.202083	-1.604714	3.324068	
1237	0.209980	-1.608147	3.328996	
1238	0.217801	-1.611270	3.334133	
1239	0.225630	-1.614721	3.340018	
1240	0.232518	-1.618763	3.345591	
1241	0.238638	-1.623009	3.350677	
1242	0.245237	-1.627218	3.356969	
1243	0.250694	-1.631335	3.361161	
1244	0.256443	-1.635037	3.366280	
1245	0.261617	-1.638701	3.371660	
1246	0.267078	-1.643290	3.375728	
1247	0.273217	-1.647279	3.382381	
1248	0.278421	-1.651653	3.387536	
1249	0.284521	-1.657240	3.392305	
1250	0.296094	-1.665125	3.400732	
1251	0.302242	-1.670162	3.406004	
1252	0.308532	-1.675505	3.411558	
1253	0.315785	-1.680881	3.417624	
1254	0.329813	-1.692544	3.430565	
1255	0.336848	-1.698458	3.437409	
1256	0.343189	-1.703858	3.444038	
1257	0.350020	-1.708821	3.450583	
1258	0.356260	-1.713047	3.457749	
1259	0.362813	-1.716552	3.464963	
1260	0.369253	-1.721469	3.469450	
1261	0.376276	-1.725722	3.475013	
1262	0.382602	-1.729952	3.480519	
1263	0.389186	-1.733644	3.485113	
1264	0.395329	-1.736963	3.489232	
1265	0.402408	-1.739506	3.494070	
1266	0.410069	-1.742089	3.498511	
1267	0.419210	-1.745255	3.502081	
1268	0.428369	-1.747751	3.506355	
1269	0.437252	-1.750166	3.510039	
1270	0.446881	-1.752458	3.513693	
1271	0.456946	-1.754174	3.517315	
1272	0.467060	-1.755781	3.520946	
1273	0.479167	-1.757806	3.523564	
1274	0.490623	-1.759280	3.526505	
1275	0.502205	-1.759786	3.529886	
1276	0.514197	-1.761743	3.531371	
1277	0.526963	-1.762340	3.534511	
1278	0.539521	-1.763194	3.536690	
1279	0.551728	-1.763040	3.539660	
1280	0.564612	-1.763546	3.541610	
1281	0.576324	-1.763824	3.543593	
1282	0.588525	-1.764115	3.545383	
1283	0.600003	-1.764854	3.546119	
1284	0.612481	-1.766531	3.546677	
1285	0.624983	-1.767479	3.548509	
1286	0.638643	-1.768610	3.550429	
1287	0.650940	-1.770100	3.551476	
1288	0.662663	-1.771469	3.552371	
1289	0.675253	-1.772103	3.553939	
1290	0.689150	-1.773591	3.554300	
1291	0.701619	-1.773812	3.555618	
1292	0.713297	-1.774652	3.555660	
1293	0.726261	-1.775650	3.556361	
1294	0.738283	-1.777179	3.556399	
1295	0.750173	-1.778107	3.557384	
1296	0.763131	-1.779645	3.557220	
1297	0.774130	-1.779794	3.558410	
1298	0.785172	-1.779857	3.559609	
1299	0.798686	-1.781838	3.559633	
1300	0.810676	-1.782747	3.561099	
1301	0.822959	-1.783976	3.562715	
1302	0.836280	-1.786151	3.563974	
1303	0.848020	-1.786639	3.567458	
1304	0.859953	-1.788640	3.569654	
1305	0.874338	-1.789479	3.573724	
1306	0.885804	-1.791159	3.576948	
1307	0.898470	-1.793536	3.581033	
1308	0.909924	-1.796018	3.585370	
1309	0.920313	-1.798120	3.591053	
1310	0.932642	-1.800944	3.596166	
1311	0.945983	-1.802939	3.602349	
1312	0.956585	-1.804826	3.608847	
1313	0.968183	-1.808922	3.613075	
1314	0.980129	-1.811605	3.618374	
1315	0.989009	-1.813657	3.623652	
1316	0.998287	-1.817205	3.627343	
1317	1.006826	-1.819496	3.631769	
1318	1.023473	-1.822321	3.641801	
1319	1.031853	-1.824596	3.645226	
1320	1.041221	-1.825653	3.649588	
1321	1.049185	-1.826749	3.653459	
1322	1.059894	-1.828677	3.655472	
1323	1.074699	-1.828141	3.658886	
1324	1.083436	-1.829411	3.661126	
1325	1.094344	-1.831196	3.662326	
1326	1.104657	-1.830974	3.665303	
1327	1.115105	-1.832090	3.665996	
1328	1.125847	-1.833892	3.665830	
1329	1.136673	-1.832768	3.666973	
1330	1.148121	-1.833545	3.666356	
1331	1.159423	-1.833206	3.665541	
1332	1.170509	-1.832739	3.664342	
1333	1.184042	-1.831412	3.663101	
1334	1.208708	-1.828897	3.658746	
1335	1.221798	-1.825751	3.658658	
1336	1.233046	-1.822363	3.658484	
1337	1.263557	-1.817226	3.655802	
1338	1.290185	-1.813373	3.651025	
1339	1.305000	-1.809416	3.649042	
1340	1.315099	-1.806399	3.647228	
1341	1.327969	-1.804664	3.642752	
1342	1.339976	-1.802716	3.638875	
1343	1.352396	-1.801768	3.634200	
1344	1.362808	-1.801839	3.629113	
1345	1.378902	-1.798139	3.624990	
1346	1.382399	-1.798789	3.621284	
1347	1.398250	-1.795900	3.616392	
1348	1.403337	-1.794936	3.613400	
1349	1.409436	-1.794915	3.608348	
1350	1.419447	-1.793455	3.603807	
1351	1.428364	-1.790613	3.600477	
1352	1.435108	-1.791552	3.594856	
1353	1.444684	-1.789808	3.590131	
1354	1.454050	-1.787360	3.586383	
1355	1.462351	-1.786934	3.580505	
1356	1.473736	-1.784214	3.575899	
1357	1.482635	-1.782074	3.571802	
1358	1.494133	-1.780735	3.565672	
1359	1.506447	-1.777432	3.561536	
1360	1.516711	-1.775356	3.558084	
1361	1.528743	-1.773423	3.554280	
1362	1.542161	-1.771221	3.549703	
1363	1.552415	-1.767495	3.548913	
1364	1.563970	-1.765966	3.545557	
1365	1.577981	-1.763615	3.542027	
1366	1.589310	-1.760577	3.539944	
1367	1.600552	-1.759820	3.535311	
1368	1.613008	-1.756414	3.532189	
1369	1.621399	-1.754639	3.529520	
1370	1.632483	-1.752269	3.525490	
1371	1.643048	-1.748463	3.523520	
1372	1.652270	-1.746315	3.520662	
1373	1.662005	-1.743869	3.517461	
1374	1.671195	-1.740319	3.514343	
1375	1.679190	-1.738230	3.510459	
1376	1.687011	-1.735775	3.506478	
1377	1.696059	-1.733223	3.501250	
1378	1.703990	-1.730309	3.496583	
1379	1.711662	-1.727841	3.490918	
1380	1.720523	-1.724518	3.484735	
1381	1.730503	-1.718535	3.479560	
1382	1.735541	-1.715481	3.474778	
1383	1.743205	-1.711352	3.468251	
1384	1.752295	-1.704879	3.461704	
1385	1.758078	-1.701035	3.454593	
1386	1.765205	-1.696221	3.446911	
1387	1.773056	-1.690593	3.437982	
1388	1.780098	-1.685884	3.428434	
1389	1.786772	-1.681382	3.418557	
1390	1.792905	-1.675322	3.412165	
1391	1.801924	-1.669948	3.402239	
1392	1.812154	-1.665122	3.391198	
1393	1.818557	-1.659402	3.384638	
1394	1.824356	-1.654754	3.377769	
1395	1.838272	-1.647308	3.363260	
1396	1.850402	-1.637532	3.348862	
1397	1.857774	-1.632522	3.340548	
1398	1.863628	-1.628080	3.334116	
1399	1.870111	-1.625117	3.324940	
1400	1.876939	-1.620925	3.317388	
1401	1.883316	-1.617135	3.309956	
1402	1.889358	-1.614780	3.301038	
1403	1.895208	-1.611605	3.292928	
1404	1.900750	-1.608498	3.284165	
1405	1.906385	-1.603824	3.277590	
1406	1.912498	-1.598881	3.272301	
1407	1.918804	-1.594839	3.264235	
1408	1.925836	-1.590229	3.256208	
1409	1.932937	-1.584334	3.250371	
1410	1.940346	-1.578667	3.242824	
1411	1.948632	-1.572889	3.234130	
1412	1.956155	-1.567252	3.226556	
1413	1.965088	-1.562371	3.216915	
1414	1.975319	-1.555410	3.209392	
1415	1.983537	-1.549576	3.203346	
1416	1.992981	-1.544008	3.196844	
1417	2.003446	-1.537660	3.190578	
1418	2.013297	-1.530767	3.186256	
1419	2.022791	-1.525023	3.180246	
1420	2.033382	-1.519180	3.173184	
1421	2.043183	-1.512938	3.167459	
1422	2.053317	-1.507089	3.161066	
1423	2.061199	-1.501720	3.155905	
1424	2.077034	-1.492419	3.143227	
1425	2.083020	-1.488207	3.138634	
1426	2.089063	-1.484934	3.132928	
1427	2.095421	-1.481849	3.126329	
1428	2.101510	-1.477986	3.119591	
1429	2.107290	-1.473242	3.113900	
1430	2.112098	-1.468924	3.109829	
1431	2.116368	-1.465252	3.105397	
1432	2.121256	-1.462172	3.096764	
1433	2.126586	-1.457209	3.090622	
1434	2.130414	-1.452059	3.086751	
1435	2.134334	-1.446965	3.081779	
1436	2.138961	-1.441181	3.076316	
1437	2.141819	-1.438067	3.067659	
1438	2.145114	-1.434049	3.060061	
1439	2.148066	-1.428830	3.055131	
1440	2.151101	-1.423681	3.048450	
1441	2.154934	-1.418422	3.040123	
1442	2.158055	-1.413163	3.032349	
1443	2.160330	-1.408702	3.025092	
1444	2.164526	-1.402679	3.014355	
1445	2.168010	-1.398040	3.002801	
1446	2.170479	-1.393930	2.995892	
1447	2.172696	-1.390196	2.984887	
1448	2.176888	-1.384543	2.971984	
1449	2.178765	-1.379764	2.967348	
1450	2.179317	-1.376745	2.959833	
1451	2.184487	-1.368356	2.948641	
1452	2.186432	-1.362113	2.940798	
1453	2.184921	-1.359733	2.931369	
1454	2.186811	-1.353446	2.920503	
1455	2.189246	-1.345178	2.912154	
1456	2.189568	-1.340330	2.905705	
1457	2.191970	-1.334553	2.894670	
1458	2.193798	-1.328449	2.885741	
1459	2.195562	-1.322235	2.877651	
1460	2.198009	-1.315309	2.872288	
1461	2.199933	-1.310581	2.861286	
1462	2.202542	-1.305561	2.850761	
1463	2.206035	-1.298637	2.846182	
1464	2.207942	-1.294260	2.835284	
1465	2.212168	-1.287743	2.826054	
1466	2.215224	-1.281230	2.820883	
1467	2.216615	-1.277745	2.809087	
1468	2.220990	-1.272113	2.797778	
1469	2.223794	-1.268040	2.787177	
1470	2.226823	-1.264970	2.775281	
1471	2.236086	-1.254436	2.759362	
1472	2.240247	-1.251168	2.750316	
1473	2.245606	-1.246762	2.744009	
1474	2.251004	-1.242930	2.733294	
1475	2.256593	-1.239660	2.724404	
1476	2.262421	-1.236317	2.715018	
1477	2.267883	-1.232591	2.704844	
1478	2.274456	-1.226386	2.694735	
1479	2.280466	-1.220869	2.687698	
1480	2.284927	-1.216480	2.678183	
1481	2.290421	-1.210546	2.669335	
1482	2.294312	-1.206464	2.661681	
1483	2.298182	-1.201987	2.654365	
1484	2.302093	-1.196804	2.644740	
1485	2.305924	-1.190677	2.639259	
1486	2.308708	-1.186638	2.630879	
1487	2.311643	-1.181814	2.622314	
1488	2.314825	-1.176576	2.616552	
1489	2.316249	-1.172927	2.607395	
1490	2.318497	-1.167790	2.597946	
1491	2.319417	-1.162955	2.589537	
1492	2.320446	-1.158373	2.580111	
1493	2.322919	-1.147473	2.562389	
1494	2.323116	-1.143549	2.551977	
1495	2.323570	-1.137745	2.542858	
1496	2.324007	-1.131153	2.537152	
1497	2.324017	-1.125062	2.529145	
1498	2.321837	-1.122000	2.515279	
1499	2.321779	-1.114407	2.508064	
1500	2.321059	-1.107084	2.501608	
1501	2.321019	-1.098540	2.492518	
1502	2.320911	-1.090439	2.484642	
1503	2.319652	-1.083860	2.474584	
1504	2.318701	-1.077794	2.463005	
1505	2.317491	-1.072945	2.450703	
1506	2.316110	-1.068641	2.437523	
1507	2.315556	-1.063133	2.425411	
1508	2.314545	-1.057722	2.414504	
1509	2.314286	-1.051514	2.404122	
1510	2.313207	-1.046019	2.392429	
1511	2.312445	-1.039690	2.382144	
1512	2.311669	-1.033895	2.372750	
1513	2.309308	-1.030530	2.362075	
1514	2.308991	-1.024437	2.353538	
1515	2.308115	-1.019017	2.346211	
1516	2.306100	-1.016405	2.336808	
1517	2.304102	-1.012009	2.328942	
1518	2.302241	-1.008615	2.321667	
1519	2.300823	-1.004711	2.314762	
1520	2.299865	-0.999540	2.308456	
1521	2.298824	-0.995939	2.302332	
1522	2.298392	-0.993329	2.297023	
1523	2.298708	-0.988943	2.291532	
1524	2.299137	-0.985110	2.287093	
1525	2.299197	-0.982971	2.280238	
1526	2.298603	-0.980891	2.271395	
1527	2.300026	-0.977425	2.265092	
1528	2.300508	-0.974928	2.256648	
1529	2.302036	-0.971011	2.248816	
1530	2.304646	-0.965995	2.240767	
1531	2.308150	-0.959948	2.233163	
1532	2.311978	-0.954086	2.224359	
1533	2.315629	-0.948345	2.215343	
1534	2.318328	-0.943935	2.205248	
1535	2.321661	-0.939356	2.195197	
1536	2.325985	-0.932743	2.185592	
1537	2.329301	-0.928679	2.175946	
1538	2.333027	-0.923914	2.166345	
1539	2.336717	-0.919665	2.157203	
1540	2.340458	-0.915561	2.148564	
1541	2.344169	-0.910755	2.138831	
1542	2.349070	-0.905308	2.131711	
1543	2.352476	-0.901602	2.123801	
1544	2.355614	-0.899022	2.114594	
1545	2.359945	-0.893332	2.107952	
1546	2.363236	-0.888968	2.100717	
1547	2.366349	-0.885293	2.092142	
1548	2.369768	-0.879896	2.084577	
1549	2.372649	-0.874723	2.076683	
1550	2.375893	-0.869610	2.068627	
1551	2.379145	-0.863446	2.060384	
1552	2.381287	-0.858793	2.052058	
1553	2.382891	-0.855219	2.043292	
1554	2.385021	-0.849155	2.035003	
1555	2.385962	-0.844409	2.025558	
1556	2.387533	-0.838966	2.017537	
1557	2.388404	-0.833930	2.009111	
1558	2.388918	-0.830036	2.000310	
1559	2.389616	-0.824440	1.991706	
1560	2.390762	-0.817863	1.982759	
1561	2.391753	-0.811570	1.974432	
1562	2.392087	-0.805326	1.963664	
1563	2.392029	-0.799592	1.954033	
1564	2.392917	-0.785617	1.933224	
1565	2.393713	-0.778999	1.923928	
1566	2.394667	-0.772866	1.913774	
1567	2.396722	-0.764882	1.903676	
1568	2.399776	-0.757520	1.894442	
1569	2.402238	-0.750502	1.883759	
1570	2.405295	-0.743340	1.875750	
1571	2.407803	-0.738690	1.866958	
1572	2.409919	-0.733953	1.856688	
1573	2.411704	-0.729459	1.848435	
1574	2.413073	-0.726165	1.839539	
1575	2.416061	-0.720834	1.832180	
1576	2.417357	-0.718467	1.822642	
1577	2.419909	-0.715206	1.814528	
1578	2.422548	-0.712109	1.807325	
1579	2.427475	-0.705847	1.789413	
1580	2.429908	-0.702638	1.780437	
1581	2.431901	-0.700071	1.771544	
1582	2.435112	-0.697332	1.762846	
1583	2.439552	-0.692492	1.754099	
1584	2.443295	-0.688739	1.744347	
1585	2.446965	-0.685363	1.734617	
1586	2.451555	-0.680190	1.725658	
1587	2.455422	-0.675744	1.715076	
1588	2.459945	-0.671613	1.705458	
1589	2.465598	-0.665907	1.697208	
1590	2.470340	-0.661590	1.686961	
1591	2.474318	-0.659105	1.676688	
1592	2.479037	-0.654270	1.666311	
1593	2.483911	-0.651426	1.657865	
1594	2.488068	-0.646369	1.647527	
1595	2.494079	-0.640439	1.638672	
1596	2.498764	-0.633489	1.629748	
1597	2.503499	-0.628263	1.619876	
1598	2.508666	-0.621324	1.612072	
1599	2.512498	-0.615014	1.603258	
1600	2.517029	-0.609362	1.596097	
1601	2.520737	-0.603167	1.588501	
1602	2.523612	-0.596768	1.580747	
1603	2.526741	-0.591053	1.573925	
1604	2.528923	-0.584791	1.567432	
1605	2.531482	-0.579179	1.562543	
1606	2.533857	-0.571811	1.557176	
1607	2.534376	-0.566879	1.550927	
1608	2.535462	-0.561664	1.545422	
1609	2.536151	-0.556343	1.539305	
1610	2.535717	-0.551117	1.532294	
1611	2.535768	-0.546267	1.526244	
1612	2.534677	-0.541942	1.519264	
1613	2.533108	-0.536940	1.512806	
1614	2.529445	-0.525404	1.496575	
1615	2.526528	-0.519321	1.487230	
1616	2.523465	-0.514751	1.479155	
1617	2.520615	-0.509221	1.470548	
1618	2.517442	-0.503640	1.461992	
1619	2.513638	-0.497126	1.453343	
1620	2.509616	-0.491191	1.444377	
1621	2.506610	-0.484672	1.436644	
1622	2.502376	-0.479547	1.428553	
1623	2.498119	-0.475078	1.420990	
1624	2.493794	-0.470572	1.412326	
1625	2.489686	-0.465794	1.404554	
1626	2.484211	-0.462158	1.395699	
1627	2.479551	-0.459657	1.388775	
1628	2.474069	-0.456914	1.381184	
1629	2.468639	-0.455171	1.373662	
1630	2.464145	-0.451688	1.367281	
1631	2.460560	-0.448542	1.360990	
1632	2.455731	-0.446233	1.352365	
1633	2.452318	-0.443650	1.344483	
1634	2.448518	-0.440886	1.335631	
1635	2.445679	-0.439431	1.329278	
1636	2.442123	-0.437351	1.322597	
1637	2.438581	-0.434325	1.316582	
1638	2.434269	-0.433393	1.309698	
1639	2.430712	-0.430027	1.304431	
1640	2.427896	-0.428396	1.301061	
1641	2.421869	-0.427426	1.294366	
1642	2.418189	-0.424370	1.290143	
1643	2.415117	-0.422345	1.286750	
1644	2.410080	-0.421516	1.282490	
1645	2.406627	-0.419552	1.279832	
1646	2.402593	-0.418962	1.277650	
1647	2.397478	-0.417759	1.274273	
1648	2.394627	-0.414155	1.273381	
1649	2.391511	-0.411358	1.273182	
1650	2.386897	-0.409861	1.271230	
1651	2.382221	-0.407502	1.268966	
1652	2.376154	-0.405084	1.265297	
1653	2.371899	-0.403018	1.263754	
1654	2.367966	-0.400956	1.262601	
1655	2.362226	-0.398819	1.260504	
1656	2.356693	-0.396502	1.258743	
1657	2.350807	-0.393115	1.256941	
1658	2.344000	-0.392001	1.255225	
1659	2.336758	-0.389767	1.252752	
1660	2.329809	-0.388318	1.251034	
1661	2.320972	-0.386757	1.248076	
1662	2.312672	-0.385283	1.245731	
1663	2.304143	-0.383903	1.243331	
1664	2.293795	-0.383038	1.240218	
1665	2.284371	-0.382143	1.237417	
1666	2.276488	-0.380936	1.235834	
1667	2.266755	-0.381052	1.233011	
1668	2.255789	-0.380950	1.228503	
1669	2.247029	-0.381014	1.225844	
1670	2.237567	-0.380482	1.223654	
1671	2.225993	-0.378603	1.220015	
1672	2.215357	-0.378295	1.217655	
1673	2.204620	-0.378531	1.216347	
1674	2.191924	-0.378186	1.214398	
1675	2.179921	-0.375944	1.212063	
1676	2.169262	-0.375556	1.211082	
1677	2.157506	-0.374625	1.209776	
1678	2.146136	-0.372130	1.208125	
1679	2.136767	-0.371274	1.208527	
1680	2.127001	-0.370486	1.208866	
1681	2.117834	-0.368639	1.208589	
1682	2.108594	-0.367847	1.208111	
1683	2.100041	-0.366146	1.207542	
1684	2.092410	-0.363553	1.207203	
1685	2.084260	-0.363049	1.206409	
1686	2.076938	-0.361585	1.205012	
1687	2.070659	-0.359530	1.204172	
1688	2.056747	-0.357037	1.202355	
1689	2.050326	-0.355440	1.201700	
1690	2.043961	-0.353971	1.200485	
1691	2.037819	-0.351372	1.199059	
1692	2.031134	-0.348457	1.197269	
1693	2.025423	-0.344277	1.195612	
1694	2.018362	-0.340461	1.193094	
1695	2.011831	-0.336175	1.190665	
1696	2.005581	-0.332408	1.187724	
1697	1.999774	-0.327304	1.184873	
1698	1.994031	-0.322926	1.181373	
1699	1.988688	-0.318684	1.177799	
1700	1.983223	-0.314069	1.174133	
1701	1.977901	-0.309659	1.170228	
1702	1.972410	-0.305302	1.166278	
1703	1.967384	-0.300818	1.162324	
1704	1.962031	-0.296858	1.157462	
1705	1.956596	-0.292991	1.152475	
1706	1.952348	-0.288883	1.148079	
1707	1.947212	-0.285964	1.143131	
1708	1.941600	-0.281707	1.138119	
1709	1.936843	-0.278662	1.133859	
1710	1.931024	-0.275718	1.129665	
1711	1.924813	-0.271157	1.125040	
1712	1.919841	-0.267855	1.121679	
1713	1.913782	-0.265602	1.117778	
1714	1.906476	-0.261384	1.113168	
1715	1.899778	-0.258569	1.108944	
1716	1.892414	-0.256130	1.104452	
1717	1.884928	-0.252798	1.100108	
1718	1.877297	-0.249959	1.095529	
1719	1.868659	-0.247042	1.090697	
1720	1.860345	-0.243480	1.086248	
1721	1.851961	-0.240988	1.081956	
1722	1.842963	-0.238273	1.077862	
1723	1.833026	-0.235257	1.073348	
1724	1.823614	-0.232646	1.069306	
1725	1.812526	-0.230737	1.064956	
1726	1.802292	-0.227347	1.061165	
1727	1.793888	-0.225353	1.058107	
1728	1.784268	-0.223043	1.054939	
1729	1.767141	-0.218468	1.049655	
1730	1.759047	-0.216937	1.047953	
1731	1.749971	-0.214996	1.045488	
1732	1.742480	-0.213463	1.043803	
1733	1.735126	-0.212396	1.042566	
1734	1.727902	-0.211317	1.041337	
1735	1.721626	-0.209019	1.039920	
1736	1.715320	-0.207858	1.038709	
1737	1.708986	-0.208127	1.037163	
1738	1.702939	-0.206721	1.035171	
1739	1.697439	-0.206015	1.033651	
1740	1.692199	-0.205584	1.032781	
1741	1.686706	-0.204484	1.031821	
1742	1.682105	-0.203169	1.030903	
1743	1.677069	-0.201852	1.029662	
1744	1.672642	-0.200394	1.028427	
1745	1.667340	-0.199539	1.026363	
1746	1.662340	-0.198693	1.023998	
1747	1.656497	-0.196923	1.021173	
1748	1.651833	-0.196908	1.018694	
1749	1.646153	-0.195657	1.015410	
1750	1.640475	-0.192858	1.011782	
1751	1.636004	-0.191311	1.008864	
1752	1.630498	-0.189281	1.005163	
1753	1.624579	-0.186006	1.001084	
1754	1.618296	-0.182189	0.996612	
1755	1.612426	-0.180002	0.991704	
1756	1.606542	-0.174987	0.986764	
1757	1.600829	-0.171162	0.981367	
1758	1.588192	-0.163812	0.969624	
1759	1.581904	-0.160216	0.963507	
1760	1.576144	-0.156578	0.957421	
1761	1.569630	-0.152423	0.950813	
1762	1.564532	-0.148949	0.944710	
1763	1.558384	-0.145706	0.938434	
1764	1.552821	-0.140630	0.932307	
1765	1.548020	-0.136755	0.926536	
1766	1.535114	-0.129289	0.914381	
1767	1.529808	-0.126371	0.908626	
1768	1.524478	-0.121469	0.903257	
1769	1.518906	-0.117031	0.897827	
1770	1.513966	-0.114402	0.892416	
1771	1.510015	-0.110723	0.887740	
1772	1.505930	-0.107163	0.883193	
1773	1.501182	-0.103997	0.878730	
1774	1.496397	-0.102213	0.874240	
1775	1.491934	-0.101564	0.870403	
1776	1.481295	-0.104831	0.860625	
1777	1.475682	-0.106054	0.855615	
1778	1.469131	-0.108530	0.850522	
1779	1.462535	-0.112246	0.844778	
1780	1.454824	-0.114936	0.839259	
1781	1.439729	-0.121951	0.827890	
1782	1.431913	-0.123597	0.822865	
1783	1.424221	-0.125168	0.818372	
1784	1.416978	-0.125428	0.814303	
1785	1.409498	-0.125919	0.810593	
1786	1.401893	-0.127230	0.806479	
1787	1.395219	-0.128410	0.802770	
1788	1.387864	-0.128174	0.799051	
1789	1.374734	-0.128106	0.793111	
1790	1.368000	-0.128828	0.790171	
1791	1.361677	-0.128928	0.787452	
1792	1.355769	-0.128648	0.784862	
1793	1.349432	-0.129681	0.781363	
1794	1.342443	-0.128685	0.778329	
1795	1.337950	-0.128974	0.775485	
1796	1.331892	-0.129111	0.772477	
1797	1.325570	-0.128171	0.769851	
1798	1.319671	-0.127254	0.766984	
1799	1.314516	-0.126875	0.764309	
1800	1.309470	-0.124626	0.761969	
1801	1.304680	-0.123310	0.758435	
1802	1.299979	-0.121879	0.755130	
1803	1.293581	-0.120746	0.751550	
1804	1.290525	-0.120121	0.748501	
1805	1.286222	-0.117272	0.746498	
1806	1.282182	-0.115419	0.744753	
1807	1.278187	-0.114689	0.741894	
1808	1.273861	-0.111902	0.739481	
1809	1.270208	-0.109141	0.737162	
1810	1.265811	-0.107752	0.733544	
1811	1.261601	-0.104027	0.730192	
1812	1.258691	-0.099659	0.727126	
1813	1.254564	-0.096548	0.722040	
1814	1.249477	-0.093146	0.716587	
1815	1.245902	-0.087279	0.712126	
1816	1.242871	-0.084556	0.705918	
1817	1.239248	-0.081026	0.699747	
1818	1.235932	-0.075990	0.694667	
1819	1.233677	-0.073927	0.688452	
1820	1.231134	-0.070159	0.682809	
1821	1.226221	-0.065383	0.678143	
1822	1.224137	-0.063357	0.672478	
1823	1.220535	-0.059014	0.667935	
1824	1.216702	-0.056976	0.662641	
1825	1.213521	-0.056254	0.656867	
1826	1.208648	-0.053815	0.652121	
1827	1.205388	-0.051850	0.647214	
1828	1.201208	-0.050622	0.642106	
1829	1.195708	-0.047770	0.638419	
1830	1.190758	-0.047936	0.633597	
1831	1.185907	-0.047523	0.628877	
1832	1.178979	-0.046741	0.624762	
1833	1.171056	-0.045204	0.620802	
1834	1.164926	-0.045725	0.615957	
1835	1.156573	-0.045213	0.611563	
1836	1.148068	-0.044573	0.607551	
1837	1.141947	-0.045511	0.603104	
1838	1.133094	-0.046515	0.598924	
1839	1.123646	-0.048438	0.595254	
1840	1.116183	-0.051665	0.591860	
1841	1.107005	-0.056878	0.588149	
1842	1.096007	-0.060421	0.585497	
1843	1.087473	-0.064187	0.584093	
1844	1.076980	-0.066252	0.583752	
1845	1.064987	-0.068879	0.583868	
1846	1.054867	-0.073326	0.583424	
1847	1.044110	-0.077041	0.583574	
1848	1.033192	-0.079160	0.584552	
1849	1.024262	-0.082310	0.585418	
1850	1.013615	-0.085561	0.586535	
1851	1.002526	-0.088837	0.588148	
1852	0.992810	-0.092267	0.589300	
1853	0.982856	-0.094909	0.590660	
1854	0.973479	-0.099013	0.591492	
1855	0.965104	-0.103948	0.591808	
1856	0.956087	-0.106103	0.593752	
1857	0.947490	-0.108446	0.595641	
1858	0.939946	-0.110506	0.597400	
1859	0.931123	-0.113988	0.598999	
1860	0.922847	-0.116358	0.600888	
1861	0.916441	-0.118698	0.602873	
1862	0.908109	-0.119090	0.606192	
1863	0.901668	-0.121586	0.608324	
1864	0.894714	-0.123312	0.610681	
1865	0.886954	-0.124381	0.613694	
1866	0.879960	-0.126513	0.616562	
1867	0.872973	-0.128716	0.619128	
1868	0.865609	-0.127774	0.622936	
1869	0.860632	-0.128694	0.626515	
1870	0.855434	-0.133382	0.628043	
1871	0.848253	-0.134608	0.630569	
1872	0.839798	-0.134978	0.634571	
1873	0.835052	-0.140262	0.635822	
1874	0.829596	-0.142283	0.637363	
1875	0.821804	-0.143657	0.640641	
1876	0.817328	-0.147550	0.642355	
1877	0.812555	-0.149008	0.644463	
1878	0.805286	-0.150057	0.647763	
1879	0.800774	-0.151778	0.650043	
1880	0.796097	-0.153941	0.652299	
1881	0.790427	-0.154818	0.655478	
1882	0.785160	-0.155886	0.658775	
1883	0.781517	-0.157201	0.661961	
1884	0.773118	-0.158175	0.669102	
1885	0.768178	-0.158965	0.672421	
1886	0.762740	-0.157991	0.676889	
1887	0.758235	-0.158581	0.680729	
1888	0.754392	-0.159355	0.684103	
1889	0.749693	-0.158480	0.688613	
1890	0.747392	-0.157523	0.693550	
1891	0.744181	-0.158364	0.698256	
1892	0.740558	-0.157950	0.703943	
1893	0.737603	-0.157128	0.710397	
1894	0.734007	-0.157027	0.717613	
1895	0.730869	-0.155885	0.725757	
1896	0.729856	-0.156326	0.733837	
1897	0.726674	-0.157075	0.741988	
1898	0.724220	-0.155796	0.750754	
1899	0.722048	-0.155212	0.759229	
1900	0.719768	-0.156609	0.766830	
1901	0.716743	-0.157023	0.774279	
1902	0.713674	-0.157525	0.781759	
1903	0.710393	-0.159015	0.789156	
1904	0.707286	-0.161080	0.796511	
1905	0.704166	-0.162152	0.804802	
1906	0.700900	-0.164949	0.812591	
1907	0.697654	-0.168975	0.819762	
1908	0.694168	-0.171021	0.828207	
1909	0.691609	-0.175043	0.835867	
1910	0.689129	-0.179894	0.842680	
1911	0.686549	-0.180737	0.851808	
1912	0.683620	-0.184822	0.859402	
1913	0.680270	-0.188628	0.865654	
1914	0.678651	-0.190204	0.874355	
1915	0.678005	-0.193633	0.881753	
1916	0.676489	-0.196974	0.888269	
1917	0.675189	-0.198386	0.895726	
1918	0.675079	-0.201028	0.902779	
1919	0.674485	-0.204093	0.908453	
1920	0.674220	-0.205834	0.914952	
1921	0.674317	-0.208266	0.920970	
1922	0.675383	-0.211207	0.926419	
1923	0.676857	-0.213462	0.932514	
1924	0.678201	-0.216552	0.938198	
1925	0.679338	-0.219780	0.943055	
1926	0.679867	-0.222227	0.947966	
1927	0.680805	-0.224110	0.953416	
1928	0.682630	-0.226375	0.958878	
1929	0.683174	-0.229290	0.963763	
1930	0.684324	-0.230148	0.970265	
1931	0.684649	-0.233119	0.975595	
1932	0.685578	-0.234308	0.981024	
1933	0.687831	-0.235680	0.987428	
1934	0.688973	-0.238279	0.992096	
1935	0.689894	-0.238858	0.996717	
1936	0.691019	-0.238992	1.002369	
1937	0.691628	-0.240112	1.006791	
1938	0.693504	-0.239634	1.017400	
1939	0.693913	-0.239716	1.021643	
1940	0.694673	-0.238963	1.025916	
1941	0.695366	-0.235902	1.036557	
1942	0.695103	-0.233799	1.041296	
1943	0.695333	-0.231252	1.047177	
1944	0.696501	-0.229189	1.052650	
1945	0.696316	-0.226599	1.058433	
1946	0.696432	-0.223821	1.064405	
1947	0.696510	-0.221684	1.070145	
1948	0.693977	-0.213356	1.088442	
1949	0.694088	-0.211162	1.095291	
1950	0.694029	-0.209599	1.102210	
1951	0.693319	-0.207793	1.116475	
1952	0.692437	-0.206948	1.123642	
1953	0.691455	-0.206143	1.130703	
1954	0.690635	-0.205916	1.137197	
1955	0.689254	-0.206554	1.143373	
1956	0.690276	-0.206015	1.150003	
1957	0.689252	-0.207191	1.160901	
1958	0.689448	-0.207316	1.166553	
1959	0.689572	-0.207803	1.171665	
1960	0.690098	-0.207493	1.177297	
1961	0.690924	-0.207314	1.183020	
1962	0.690702	-0.207796	1.188034	
1963	0.690822	-0.208198	1.192944	
1964	0.692105	-0.207737	1.198183	
1965	0.692934	-0.207865	1.203129	
1966	0.692882	-0.208568	1.207440	
1967	0.693460	-0.208474	1.211985	
1968	0.693287	-0.208054	1.215975	
1969	0.693039	-0.207966	1.219546	
1970	0.693429	-0.206575	1.223845	
1971	0.694407	-0.204712	1.227619	
1972	0.694509	-0.203774	1.230623	
1973	0.694541	-0.202204	1.233776	
1974	0.696002	-0.201239	1.236845	
1975	0.695978	-0.200129	1.239047	
1976	0.694725	-0.198941	1.241116	
1977	0.694613	-0.198368	1.242784	
1978	0.694909	-0.197449	1.245007	
1979	0.694466	-0.196901	1.246523	
1980	0.693278	-0.196051	1.247921	
1981	0.692167	-0.194789	1.249706	
1982	0.691152	-0.194103	1.251355	
1983	0.686853	-0.193179	1.253916	
1984	0.684892	-0.191239	1.255893	
1985	0.682629	-0.188715	1.257555	
1986	0.679603	-0.185788	1.259174	
1987	0.676601	-0.183463	1.260265	
1988	0.673074	-0.180509	1.261383	
1989	0.669916	-0.177973	1.262578	
1990	0.666325	-0.176677	1.263163	
1991	0.662634	-0.174559	1.264002	
1992	0.660116	-0.173242	1.265154	
1993	0.656541	-0.172605	1.265755	
1994	0.652388	-0.170919	1.266625	
1995	0.648696	-0.169676	1.267450	
1996	0.644272	-0.168265	1.268200	
1997	0.639698	-0.167094	1.269072	
1998	0.635245	-0.166148	1.270106	
1999	0.630306	-0.165378	1.270528	
2000	0.625630	-0.164480	1.271285	
2001	0.620636	-0.164858	1.271184	
2002	0.615622	-0.164429	1.271140	
2003	0.611157	-0.163884	1.271600	
2004	0.607010	-0.164604	1.271583	
2005	0.602429	-0.164832	1.271651	
2006	0.597941	-0.164809	1.271866	
2007	0.594041	-0.165421	1.271792	
2008	0.589664	-0.165565	1.271549	
2009	0.584996	-0.165348	1.270998	
2010	0.580798	-0.164644	1.270464	
2011	0.576153	-0.163160	1.270108	
2012	0.571720	-0.161833	1.269861	
2013	0.566988	-0.162010	1.268532	
2014	0.562457	-0.160304	1.267750	
2015	0.558154	-0.158852	1.267171	
2016	0.554184	-0.157636	1.266121	
2017	0.550581	-0.154829	1.265951	
2018	0.546213	-0.155405	1.264155	
2019	0.542973	-0.153546	1.263358	
2020	0.539568	-0.153813	1.262804	
2021	0.536478	-0.152856	1.261749	
2022	0.533486	-0.152095	1.260944	
2023	0.527698	-0.151653	1.258931	
2024	0.525042	-0.152163	1.258111	
2025	0.522695	-0.151923	1.257825	
2026	0.519767	-0.152205	1.256485	
2027	0.517499	-0.150367	1.256550	
2028	0.514645	-0.150447	1.255422	
2029	0.511705	-0.148883	1.254087	
2030	0.508790	-0.148661	1.253263	
2031	0.505033	-0.147944	1.251523	
2032	0.501279	-0.146777	1.249926	
2033	0.497598	-0.146376	1.248416	
2034	0.493855	-0.145493	1.246923	
2035	0.490058	-0.144888	1.245277	
2036	0.485850	-0.143848	1.243126	
2037	0.481965	-0.143315	1.241327	
2038	0.477128	-0.142645	1.238442	
2039	0.472509	-0.142398	1.236108	
2040	0.468293	-0.141606	1.233647	
2041	0.464687	-0.141016	1.231440	
2042	0.461357	-0.140528	1.229500	
2043	0.458072	-0.139473	1.227494	
2044	0.451142	-0.137599	1.221524	
2045	0.446306	-0.134977	1.217132	
2046	0.443707	-0.133918	1.214523	
2047	0.440815	-0.132343	1.211726	
2048	0.437336	-0.131203	1.207998	
2049	0.433882	-0.128320	1.204556	
2050	0.430474	-0.127537	1.201125	
2051	0.427356	-0.126010	1.198135	
2052	0.424733	-0.124156	1.196036	
2053	0.421113	-0.123110	1.192335	
2054	0.418499	-0.120971	1.190106	
2055	0.415318	-0.119498	1.187142	
2056	0.411535	-0.117989	1.183694	
2057	0.405681	-0.114251	1.178307	
2058	0.402667	-0.113094	1.175385	
2059	0.400051	-0.111129	1.173092	
2060	0.396784	-0.109490	1.169955	
2061	0.393684	-0.107172	1.167175	
2062	0.388221	-0.102925	1.162266	
2063	0.385396	-0.100393	1.159513	
2064	0.380972	-0.094718	1.155134	
2065	0.378789	-0.092572	1.153013	
2066	0.376870	-0.090773	1.150703	
2067	0.375158	-0.088346	1.149032	
2068	0.372987	-0.087511	1.146372	
2069	0.370800	-0.086135	1.143740	
2070	0.367173	-0.084938	1.139634	
2071	0.364920	-0.084497	1.137010	
2072	0.363155	-0.083490	1.134614	
2073	0.360831	-0.084058	1.131364	
2074	0.358779	-0.084099	1.128211	
2075	0.357670	-0.082898	1.125647	
2076	0.355778	-0.083212	1.121773	
2077	0.354371	-0.081511	1.118156	
2078	0.353729	-0.080733	1.114857	
2079	0.352631	-0.080995	1.110860	
2080	0.352054	-0.079890	1.106936	
2081	0.351213	-0.078087	1.103007	
2082	0.350337	-0.077406	1.098485	
2083	0.350221	-0.075943	1.094097	
2084	0.349954	-0.074389	1.089079	
2085	0.349458	-0.072823	1.083715	
2086	0.349834	-0.071043	1.078869	
2087	0.350041	-0.071263	1.073647	
2088	0.350589	-0.070198	1.067833	
2089	0.351213	-0.068805	1.061899	
2090	0.352412	-0.068437	1.056118	
2091	0.353485	-0.066761	1.050594	
2092	0.354656	-0.063396	1.046239	
2093	0.356162	-0.062788	1.039560	
2094	0.356388	-0.059551	1.034347	
2095	0.357718	-0.057448	1.028481	
2096	0.358145	-0.056667	1.020961	
2097	0.358406	-0.052862	1.014888	
2098	0.359532	-0.051534	1.007306	
2099	0.359148	-0.049543	0.999447	
2100	0.359650	-0.047049	0.992173	
2101	0.359593	-0.046669	0.983913	
2102	0.359108	-0.044975	0.976254	
2103	0.358717	-0.042635	0.969381	
2104	0.358229	-0.041860	0.962589	
2105	0.356834	-0.041931	0.955665	
2106	0.355303	-0.041507	0.949084	
2107	0.353720	-0.041469	0.943079	
2108	0.351192	-0.042384	0.937015	
2109	0.349098	-0.042349	0.932406	
2110	0.346094	-0.043256	0.926806	
2111	0.343132	-0.042682	0.921729	
2112	0.340426	-0.041965	0.917047	
2113	0.336682	-0.042931	0.911617	
2114	0.333548	-0.041887	0.907154	
2115	0.330179	-0.040325	0.902871	
2116	0.327708	-0.040759	0.898982	
2117	0.324426	-0.039444	0.894713	
2118	0.321470	-0.037478	0.890760	
2119	0.317800	-0.037378	0.885596	
2120	0.314796	-0.036032	0.880936	
2121	0.312830	-0.033915	0.877022	
2122	0.308405	-0.036468	0.864941	
2123	0.306762	-0.034179	0.859869	
2124	0.303424	-0.036994	0.845554	
2125	0.302284	-0.034656	0.839743	
2126	0.301277	-0.037184	0.831599	
2127	0.300881	-0.036256	0.824739	
2128	0.300130	-0.033957	0.818654	
2129	0.300383	-0.035526	0.810645	
2130	0.299407	-0.037557	0.801929	
2131	0.297740	-0.035839	0.794871	
2132	0.298702	-0.035673	0.787281	
2133	0.299296	-0.035792	0.772967	
2134	0.300451	-0.037555	0.758177	
2135	0.299976	-0.036268	0.752133	
2136	0.300771	-0.035582	0.746209	
2137	0.300743	-0.037306	0.739561	
2138	0.301475	-0.036534	0.734272	
2139	0.302240	-0.035137	0.728743	
2140	0.302473	-0.035454	0.722538	
2141	0.302873	-0.035451	0.716232	
2142	0.304790	-0.034245	0.710284	
2143	0.306029	-0.031988	0.704926	
2144	0.308259	-0.032072	0.698869	
2145	0.309276	-0.031005	0.692846	
2146	0.311058	-0.028099	0.687159	
2147	0.312840	-0.028222	0.680856	
2148	0.315698	-0.027425	0.674578	
2149	0.322518	-0.020713	0.664404	
2150	0.326059	-0.021842	0.657654	
2151	0.328293	-0.018814	0.651573	
2152	0.335175	-0.015989	0.637121	
2153	0.337512	-0.014390	0.629082	
2154	0.339142	-0.011179	0.622076	
2155	0.341538	-0.008825	0.613884	
2156	0.343378	-0.008587	0.604756	
2157	0.344863	-0.006239	0.596245	
2158	0.345954	-0.003157	0.587306	
2159	0.347600	-0.002898	0.575838	
2160	0.349478	-0.001096	0.565642	
2161	0.355165	0.003441	0.544611	
2162	0.356477	0.005195	0.534305	
2163	0.356624	0.008612	0.524352	
2164	0.357168	0.011600	0.512959	
2165	0.358129	0.012683	0.500175	
2166	0.358272	0.014817	0.489783	
2167	0.358827	0.019080	0.479751	
2168	0.359191	0.019415	0.467324	
2169	0.358774	0.020848	0.454720	
2170	0.358606	0.021956	0.444775	
2171	0.357077	0.023948	0.434317	
2172	0.357798	0.025198	0.423613	
2173	0.358018	0.027565	0.414782	
2174	0.357481	0.030816	0.406684	
2175	0.356702	0.031774	0.397501	
2176	0.355671	0.032667	0.388865	
2177	0.355738	0.035655	0.382413	
2178	0.355519	0.037734	0.375446	
2179	0.355462	0.036693	0.367332	
2180	0.352503	0.040890	0.355382	
2181	0.350464	0.041720	0.349129	
2182	0.346354	0.043007	0.343316	
2183	0.336352	0.044007	0.337340	
2184	0.333817	0.045854	0.331407	
2185	0.329947	0.046461	0.324915	
2186	0.324451	0.049330	0.320336	
2187	0.318775	0.050769	0.315033	
2188	0.311883	0.051761	0.308781	
2189	0.304665	0.054175	0.303516	
2190	0.295277	0.056078	0.298403	
2191	0.287125	0.056814	0.291627	
2192	0.278782	0.057660	0.284062	
2193	0.269365	0.060489	0.278438	
2194	0.260175	0.062430	0.272591	
2195	0.250908	0.063159	0.265753	
2196	0.241063	0.063817	0.258773	
2197	0.232579	0.065484	0.252821	
2198	0.224751	0.066782	0.246328	
2199	0.216281	0.066619	0.239214	
2200	0.208495	0.067176	0.233299	
2201	0.201935	0.068432	0.227344	
2202	0.195520	0.069805	0.221067	
2203	0.186507	0.069048	0.214824	
2204	0.178661	0.069582	0.209861	
2205	0.171507	0.070959	0.204828	
2206	0.163249	0.071916	0.199388	
2207	0.156209	0.072446	0.193793	
2208	0.148956	0.072251	0.187866	
2209	0.142288	0.073102	0.182131	
2210	0.135359	0.072896	0.175929	
2211	0.128243	0.072241	0.170122	
2212	0.121244	0.072600	0.164973	
2213	0.113524	0.071795	0.159259	
2214	0.095024	0.074144	0.149293	
2215	0.087608	0.073700	0.143042	
2216	0.079245	0.074978	0.137123	
2217	0.071481	0.075706	0.131076	
2218	0.063536	0.075563	0.123802	
2219	0.054075	0.074638	0.117029	
2220	0.046986	0.076935	0.110675	
2221	0.039438	0.076517	0.102756	
2222	0.030007	0.077611	0.095212	
2223	0.021401	0.080975	0.089010	
2224	0.013628	0.083905	0.081446	
2225	0.003088	0.085575	0.073536	
2226	-0.004969	0.087930	0.067214	
2227	-0.013219	0.092566	0.060890	
2228	-0.023169	0.095001	0.053855	
2229	-0.031780	0.097701	0.047817	
2230	-0.038798	0.102955	0.042476	
2231	-0.047604	0.105782	0.035979	
2232	-0.056796	0.109666	0.030312	
2233	-0.064955	0.114582	0.025154	
2234	-0.072826	0.119970	0.019783	
2235	-0.090104	0.130409	0.009959	
2236	-0.095453	0.137877	0.006245	
2237	-0.104354	0.140814	-0.000015	
2238	-0.112465	0.143967	-0.004163	
2239	-0.117972	0.147859	-0.007399	
2240	-0.124460	0.149951	-0.010886	
2241	-0.130898	0.150632	-0.014720	
2242	-0.136646	0.152562	-0.017787	
2243	-0.142553	0.152368	-0.021559	
2244	-0.149360	0.152328	-0.024538	
2245	-0.154736	0.152953	-0.027302	
2246	-0.164272	0.152580	-0.030768	
2247	-0.173280	0.152287	-0.033712	
2248	-0.178183	0.154395	-0.035372	
2249	-0.184590	0.155834	-0.037986	
2250	-0.193049	0.156639	-0.040720	
2251	-0.200634	0.158789	-0.042319	
2252	-0.208447	0.159862	-0.044357	
2253	-0.216677	0.159979	-0.046100	
2254	-0.223648	0.159674	-0.047715	
2255	-0.230588	0.159452	-0.049138	
2256	-0.249937	0.157264	-0.051560	
2257	-0.264932	0.155807	-0.054446	
2258	-0.272269	0.156016	-0.055613	
2259	-0.279490	0.156244	-0.056724	
2260	-0.286333	0.156419	-0.057406	
2261	-0.293085	0.157694	-0.057636	
2262	-0.299764	0.160172	-0.057441	
2263	-0.307277	0.161680	-0.057457	
2264	-0.315973	0.162326	-0.058109	
2265	-0.323259	0.164736	-0.057976	
2266	-0.329360	0.167465	-0.058397	
2267	-0.336627	0.168133	-0.059985	
2268	-0.344178	0.167566	-0.062017	
2269	-0.351980	0.168560	-0.063823	
2270	-0.358574	0.167791	-0.066594	
2271	-0.366038	0.166018	-0.069231	
2272	-0.372630	0.164649	-0.071750	
2273	-0.379531	0.163685	-0.074427	
2274	-0.385916	0.160223	-0.077672	
2275	-0.394009	0.158509	-0.080662	
2276	-0.401913	0.157262	-0.083189	
2277	-0.407519	0.155964	-0.086004	
2278	-0.416778	0.154987	-0.088067	
2279	-0.423687	0.154227	-0.090064	
2280	-0.428864	0.155120	-0.091408	
2281	-0.437201	0.154224	-0.093363	
2282	-0.444450	0.156313	-0.094106	
2283	-0.450926	0.156535	-0.095873	
2284	-0.459203	0.154497	-0.097770	
2285	-0.464937	0.152663	-0.099244	
2286	-0.468507	0.152139	-0.101357	
2287	-0.475049	0.152278	-0.103906	
2288	-0.481360	0.151527	-0.106869	
2289	-0.487213	0.149649	-0.110894	
2290	-0.492812	0.149598	-0.114890	
2291	-0.499011	0.149675	-0.119532	
2292	-0.506721	0.150071	-0.123894	
2293	-0.512320	0.150851	-0.128933	
2294	-0.517528	0.151909	-0.134235	
2295	-0.525082	0.155947	-0.139345	
2296	-0.531888	0.160304	-0.144477	
2297	-0.537955	0.163770	-0.149986	
2298	-0.546092	0.167063	-0.155490	
2299	-0.553399	0.170852	-0.160635	
2300	-0.558895	0.175258	-0.165382	
2301	-0.564776	0.180796	-0.170048	
2302	-0.572243	0.183641	-0.174791	
2303	-0.578613	0.186992	-0.179463	
2304	-0.585169	0.192769	-0.183428	
2305	-0.590023	0.197916	-0.187556	
2306	-0.597589	0.202020	-0.191147	
2307	-0.602253	0.206495	-0.195252	
2308	-0.608832	0.212256	-0.198940	
2309	-0.615501	0.214829	-0.203343	
2310	-0.620368	0.218113	-0.207382	
2311	-0.626835	0.221820	-0.211042	
2312	-0.630748	0.225421	-0.214215	
2313	-0.637774	0.227488	-0.216973	
2314	-0.642807	0.228665	-0.219849	
2315	-0.648129	0.230074	-0.222308	
2316	-0.653571	0.232164	-0.224046	
2317	-0.658556	0.234164	-0.225949	
2318	-0.667088	0.236701	-0.227546	
2319	-0.672565	0.237713	-0.229476	
2320	-0.677469	0.237845	-0.231917	
2321	-0.683873	0.238375	-0.234424	
2322	-0.689657	0.238759	-0.236508	
2323	-0.694837	0.238178	-0.239603	
2324	-0.700531	0.238270	-0.242658	
2325	-0.707386	0.237222	-0.245425	
2326	-0.713724	0.236706	-0.248507	
2327	-0.719716	0.236674	-0.251824	
2328	-0.726462	0.234009	-0.254693	
2329	-0.733504	0.231071	-0.257835	
2330	-0.754986	0.228731	-0.258116	
2331	-0.762589	0.228004	-0.260666	
2332	-0.768857	0.225660	-0.263351	
2333	-0.777862	0.225029	-0.265851	
2334	-0.785751	0.224578	-0.268003	
2335	-0.793355	0.222075	-0.270396	
2336	-0.803682	0.223082	-0.272190	
2337	-0.809516	0.222793	-0.275014	
2338	-0.816414	0.222031	-0.278064	
2339	-0.828584	0.224455	-0.280476	
2340	-0.842371	0.227659	-0.282674	
2341	-0.846890	0.227379	-0.286744	
2342	-0.854740	0.228255	-0.290005	
2343	-0.866132	0.230078	-0.292604	
2344	-0.872260	0.228957	-0.296107	
2345	-0.880730	0.228302	-0.299094	
2346	-0.884528	0.228851	-0.302372	
2347	-0.890954	0.226847	-0.306395	
2348	-0.900657	0.226820	-0.308932	
2349	-0.908051	0.227266	-0.311940	
2350	-0.914808	0.226334	-0.315373	
2351	-0.921970	0.226679	-0.319116	
2352	-0.925875	0.224130	-0.323763	
2353	-0.932478	0.222207	-0.327791	
2354	-0.939600	0.220217	-0.331710	
2355	-0.944714	0.218369	-0.336243	
2356	-0.948880	0.219075	-0.340617	
2357	-0.957597	0.219996	-0.344255	
2358	-0.964079	0.221918	-0.347719	
2359	-0.970446	0.223056	-0.352049	
2360	-0.984572	0.225241	-0.360502	
2361	-0.996530	0.228864	-0.371194	
2362	-1.007157	0.234963	-0.375480	
2363	-1.013636	0.238277	-0.381069	
2364	-1.027695	0.245814	-0.390552	
2365	-1.044572	0.254338	-0.399744	
2366	-1.061854	0.260455	-0.408624	
2367	-1.070778	0.265676	-0.413317	
2368	-1.075487	0.269386	-0.417913	
2369	-1.083413	0.273489	-0.421072	
2370	-1.091997	0.279497	-0.423738	
2371	-1.100542	0.284680	-0.425697	
2372	-1.103088	0.286982	-0.428874	
2373	-1.106537	0.288019	-0.430447	
2374	-1.117575	0.293308	-0.428179	
2375	-1.124523	0.297145	-0.426119	
2376	-1.122924	0.297720	-0.425530	
2377	-1.127045	0.300033	-0.423464	
2378	-1.135527	0.301245	-0.419885	
2379	-1.144311	0.301068	-0.413980	
2380	-1.147414	0.303304	-0.410481	
2381	-1.154064	0.301053	-0.406758	
2382	-1.162554	0.298419	-0.401325	
2383	-1.164683	0.297773	-0.397330	
2384	-1.170270	0.297883	-0.391518	
2385	-1.178618	0.293983	-0.384556	
2386	-1.186434	0.291079	-0.377725	
2387	-1.192829	0.288939	-0.371194	
2388	-1.198973	0.281822	-0.364622	
2389	-1.207408	0.279705	-0.356580	
2390	-1.214840	0.277126	-0.349173	
2391	-1.219863	0.273229	-0.341581	
2392	-1.222495	0.267120	-0.335453	
2393	-1.232519	0.261922	-0.327037	
2394	-1.240218	0.258315	-0.319752	
2395	-1.246159	0.255817	-0.313139	
2396	-1.251678	0.250573	-0.306885	
2397	-1.256371	0.244109	-0.300816	
2398	-1.263488	0.237805	-0.294375	
2399	-1.276094	0.228078	-0.284816	
2400	-1.282409	0.222457	-0.278596	
2401	-1.284931	0.215804	-0.273284	
2402	-1.286670	0.209078	-0.268436	
2403	-1.292172	0.204185	-0.262959	
2404	-1.297163	0.198781	-0.257864	
2405	-1.298674	0.192830	-0.253622	
2406	-1.303194	0.190053	-0.248860	
2407	-1.307163	0.185394	-0.244014	
2408	-1.312332	0.181296	-0.238864	
2409	-1.316626	0.177273	-0.233697	
2410	-1.323974	0.171215	-0.223747	
2411	-1.327175	0.162808	-0.215451	
2412	-1.332171	0.160632	-0.210679	
2413	-1.334252	0.157832	-0.206219	
2414	-1.332375	0.152987	-0.203161	
2415	-1.336489	0.149831	-0.197974	
2416	-1.338219	0.146676	-0.193579	
2417	-1.337625	0.142464	-0.189682	
2418	-1.338194	0.139398	-0.185669	
2419	-1.342549	0.137516	-0.180304	
2420	-1.342052	0.133414	-0.177014	
2421	-1.345160	0.131043	-0.172026	
2422	-1.347789	0.128491	-0.167617	
2423	-1.348508	0.124650	-0.164097	
2424	-1.352552	0.123638	-0.159139	
2425	-1.354049	0.123285	-0.154397	
2426	-1.354214	0.121001	-0.150164	
2427	-1.359194	0.118322	-0.143988	
2428	-1.361327	0.117050	-0.138310	
2429	-1.363413	0.117141	-0.132771	
2430	-1.360557	0.115513	-0.128819	
2431	-1.362802	0.114521	-0.123005	
2432	-1.365016	0.115011	-0.117275	
2433	-1.366886	0.112734	-0.111749	
2434	-1.367857	0.111007	-0.105815	
2435	-1.366295	0.109858	-0.101117	
2436	-1.366540	0.109379	-0.094980	
2437	-1.365167	0.106789	-0.089139	
2438	-1.360043	0.104238	-0.083770	
2439	-1.357636	0.100551	-0.076913	
2440	-1.355443	0.095181	-0.069581	
2441	-1.351411	0.090450	-0.061927	
2442	-1.344077	0.087144	-0.055072	
2443	-1.339283	0.081862	-0.046946	
2444	-1.339339	0.076244	-0.036628	
2445	-1.332085	0.072339	-0.028116	
2446	-1.321402	0.065616	-0.021485	
2447	-1.320254	0.057747	-0.011819	
2448	-1.313356	0.052850	-0.003226	
2449	-1.299432	0.046158	0.002103	
2450	-1.297499	0.036461	0.010712	
2451	-1.295606	0.030937	0.020667	
2452	-1.280606	0.025423	0.026800	
2453	-1.271570	0.018253	0.033585	
2454	-1.270308	0.013309	0.042886	
2455	-1.262859	0.008283	0.049870	
2456	-1.252789	0.004890	0.055236	
2457	-1.250566	0.000611	0.062255	
2458	-1.246643	-0.001806	0.068525	
2459	-1.237210	-0.005427	0.072709	
2460	-1.229177	-0.009222	0.075902	
2461	-1.226510	-0.010087	0.081248	
2462	-1.224195	-0.009717	0.086316	
2463	-1.215546	-0.011194	0.089036	
2464	-1.207928	-0.011642	0.092895	
2465	-1.204593	-0.011201	0.098168	
2466	-1.201558	-0.011590	0.103346	
2467	-1.194476	-0.013777	0.108052	
2468	-1.188495	-0.011728	0.114192	
2469	-1.185001	-0.009851	0.119431	
2470	-1.180286	-0.010382	0.123834	
2471	-1.176638	-0.008448	0.129230	
2472	-1.175164	-0.005966	0.135620	
2473	-1.169223	-0.005137	0.139114	
2474	-1.165696	-0.005276	0.143490	
2475	-1.162765	-0.003152	0.148235	
2476	-1.156816	-0.003163	0.150938	
2477	-1.154283	-0.004547	0.154035	
2478	-1.150396	-0.004524	0.157103	
2479	-1.146541	-0.002492	0.160121	
2480	-1.145290	-0.002741	0.163148	
2481	-1.140431	-0.002917	0.166222	
2482	-1.136456	-0.002004	0.170017	
2483	-1.130167	-0.005887	0.172532	
2484	-1.130275	-0.004452	0.179289	
2485	-1.128238	-0.002133	0.185179	
2486	-1.120313	-0.004521	0.188558	
2487	-1.117268	-0.006582	0.193066	
2488	-1.119709	-0.003423	0.198768	
2489	-1.115747	-0.005042	0.202652	
2490	-1.111332	-0.004815	0.206689	
2491	-1.109092	-0.004431	0.210917	
2492	-1.108206	-0.005406	0.215768	
2493	-1.104041	0.000220	0.220583	
2494	-1.097240	-0.001076	0.222582	
2495	-1.098302	0.000332	0.226899	
2496	-1.098477	0.005056	0.231913	
2497	-1.092873	0.005080	0.233620	
2498	-1.093547	0.005399	0.236629	
2499	-1.096230	0.011114	0.241479	
2500	-1.092404	0.011343	0.242734	
2501	-1.092636	0.011204	0.244668	
2502	-1.094345	0.013844	0.247836	
2503	-1.092344	0.013776	0.248982	
2504	-1.093762	0.013615	0.250531	
2505	-1.096206	0.014948	0.252751	
2506	-1.095216	0.014995	0.253834	
2507	-1.094994	0.014653	0.254728	
2508	-1.096501	0.015928	0.256399	
2509	-1.096043	0.016131	0.257626	
2510	-1.093888	0.017026	0.258267	
2511	-1.095318	0.017699	0.259460	
2512	-1.097294	0.020566	0.261816	
2513	-1.096447	0.021971	0.263310	
2514	-1.096883	0.022724	0.264606	
2515	-1.100541	0.025476	0.267862	
2516	-1.098195	0.027298	0.269375	
2517	-1.096312	0.027633	0.270292	
2518	-1.101329	0.030581	0.273912	
2519	-1.100289	0.033063	0.276157	
2520	-1.098291	0.032910	0.277508	
2521	-1.100968	0.035175	0.280802	
2522	-1.100168	0.037098	0.283123	
2523	-1.097929	0.038417	0.285266	
2524	-1.096004	0.040209	0.287154	
2525	-1.097692	0.041801	0.290060	
2526	-1.093853	0.043028	0.291794	
2527	-1.091506	0.044479	0.293354	
2528	-1.093163	0.046624	0.295981	
2529	-1.092385	0.048253	0.298063	
2530	-1.087619	0.049425	0.298249	
2531	-1.087164	0.049928	0.298992	
2532	-1.088725	0.051772	0.300637	
2533	-1.085512	0.052585	0.300841	
2534	-1.084089	0.052310	0.300588	
2535	-1.086427	0.052826	0.302289	
2536	-1.083557	0.053422	0.302859	
2537	-1.082640	0.052651	0.302986	
2538	-1.082740	0.052319	0.303733	
2539	-1.081915	0.052009	0.304482	
2540	-1.080177	0.051849	0.304530	
2541	-1.078737	0.050796	0.304992	
2542	-1.076069	0.049962	0.304339	
2543	-1.075780	0.049515	0.304331	
2544	-1.074897	0.048725	0.304364	
2545	-1.072886	0.048198	0.304088	
2546	-1.073869	0.047004	0.304231	
2547	-1.073395	0.047406	0.304633	
2548	-1.070754	0.048478	0.304281	
2549	-1.071270	0.048450	0.304494	
2550	-1.071360	0.049664	0.305044	
2551	-1.068698	0.051599	0.305039	
2552	-1.067680	0.051747	0.304752	
2553	-1.067394	0.053670	0.305505	
2554	-1.064121	0.055567	0.305092	
2555	-1.063479	0.056337	0.304950	
2556	-1.063094	0.057782	0.305392	
2557	-1.060037	0.060189	0.304838	
2558	-1.059250	0.060444	0.304296	
2559	-1.059772	0.061943	0.304710	
2560	-1.056376	0.064043	0.304153	
2561	-1.056087	0.064554	0.303724	
2562	-1.056540	0.065918	0.304095	
2563	-1.052474	0.068533	0.303396	
2564	-1.052131	0.069623	0.303255	
2565	-1.050932	0.071770	0.303255	
2566	-1.046763	0.075499	0.302207	
2567	-1.047005	0.076705	0.302071	
2568	-1.043995	0.078859	0.300759	
2569	-1.043445	0.080143	0.299637	
2570	-1.041564	0.081032	0.298664	
2571	-1.041636	0.081364	0.297679	
2572	-1.040974	0.081895	0.296863	
2573	-1.038739	0.082350	0.295676	
2574	-1.038397	0.082946	0.294268	
2575	-1.036262	0.082538	0.292886	
2576	-1.037018	0.082715	0.292443	
2577	-1.034897	0.082639	0.291454	
2578	-1.033010	0.082839	0.289582	
2579	-1.031971	0.083391	0.288975	
2580	-1.028973	0.084062	0.287918	
2581	-1.028748	0.084636	0.287414	
2582	-1.029115	0.085225	0.287344	
2583	-1.027201	0.085803	0.286546	
