0	0.000000	0.000000	0.000000	
1	0.000000	0.000000	0.000000	
2	0.000000	0.000000	0.000000	
3	0.000000	0.000000	0.000000	
4	0.000023	0.001269	0.000709	
5	-0.000353	0.001226	0.000686	
6	-0.000664	0.002166	0.000442	
7	-0.000451	0.001658	0.000060	
8	-0.001101	0.005040	0.000508	
9	-0.000621	0.003759	-0.000221	
10	-0.000605	0.005125	0.000062	
11	-0.000589	0.003772	-0.000382	
12	-0.000662	0.003268	-0.000176	
13	-0.000493	0.003325	-0.000218	
14	-0.001121	0.002155	-0.000764	
15	-0.001207	0.001550	-0.000924	
16	-0.001082	0.000719	-0.001353	
17	-0.001295	-0.000513	-0.002058	
18	-0.000822	-0.000124	-0.001909	
19	-0.001025	-0.000422	-0.002558	
20	-0.001232	0.000297	-0.002441	
21	-0.000903	-0.000228	-0.002626	
22	0.000749	0.000467	-0.002650	
23	0.001087	0.000559	-0.003091	
24	0.000801	-0.000221	-0.003763	
25	0.001576	0.000276	-0.004096	
26	0.001947	0.000017	-0.004847	
27	0.002117	-0.000619	-0.005817	
28	0.003606	-0.000076	-0.006114	
29	0.003232	0.000333	-0.006546	
30	0.002706	-0.000516	-0.007457	
31	0.003885	-0.000517	-0.007638	
32	0.004303	0.000890	-0.007561	
33	0.003739	0.001540	-0.008163	
34	0.004090	0.002120	-0.008360	
35	0.004539	0.002135	-0.008496	
36	0.004473	0.002191	-0.008778	
37	0.005077	0.003319	-0.008489	
38	0.005788	0.004876	-0.008440	
39	0.004983	0.004763	-0.009126	
40	0.005330	0.005383	-0.008910	
41	0.005856	0.005467	-0.009178	
42	0.006110	0.004419	-0.009970	
43	0.006271	0.003355	-0.010548	
44	0.006808	0.002967	-0.010688	
45	0.006969	0.003575	-0.010970	
46	0.007173	0.003512	-0.011392	
47	0.007561	0.003970	-0.011615	
48	0.007474	0.004661	-0.012014	
49	0.007180	0.004254	-0.012361	
50	0.008192	0.004419	-0.012521	
51	0.008389	0.003799	-0.013234	
52	0.007736	0.003255	-0.013511	
53	0.008235	0.004402	-0.013627	
54	0.007935	0.004171	-0.013998	
55	0.008111	0.004035	-0.014421	
56	0.008152	0.004281	-0.014411	
57	0.007983	0.004253	-0.014770	
58	0.007715	0.004345	-0.014916	
59	0.008550	0.005947	-0.014193	
60	0.008127	0.006139	-0.014019	
61	0.007015	0.006747	-0.013715	
62	0.007790	0.007875	-0.013019	
63	0.007962	0.008693	-0.012356	
64	0.007181	0.010008	-0.011697	
65	0.006647	0.010167	-0.011444	
66	0.006511	0.010231	-0.011101	
67	0.006484	0.011891	-0.010241	
68	0.005347	0.011967	-0.010173	
69	0.003454	0.012474	-0.010245	
70	0.002106	0.012575	-0.010466	
71	-0.000179	0.011573	-0.011619	
72	-0.003089	0.011410	-0.012997	
73	-0.006293	0.009158	-0.015911	
74	-0.011581	0.007518	-0.019558	
75	-0.018238	0.006525	-0.023303	
76	-0.023715	0.005913	-0.027617	
77	-0.036805	0.003105	-0.037378	
78	-0.045370	0.002093	-0.042254	
79	-0.054560	0.002320	-0.046505	
80	-0.063387	0.001752	-0.051192	
81	-0.072742	0.001832	-0.055549	
82	-0.084123	0.002417	-0.060164	
83	-0.094945	0.004405	-0.064044	
84	-0.105584	0.006231	-0.067594	
85	-0.117173	0.008476	-0.070849	
86	-0.129395	0.010582	-0.073781	
87	-0.142745	0.013555	-0.076261	
88	-0.155979	0.016655	-0.078569	
89	-0.167867	0.019238	-0.080834	
90	-0.181306	0.021232	-0.083479	
91	-0.193682	0.025280	-0.084931	
92	-0.204709	0.028970	-0.086521	
93	-0.217053	0.031419	-0.088505	
94	-0.228731	0.033219	-0.089844	
95	-0.239518	0.034877	-0.091855	
96	-0.249478	0.037036	-0.093510	
97	-0.259793	0.037035	-0.095283	
98	-0.269356	0.036822	-0.096914	
99	-0.279976	0.036541	-0.097744	
100	-0.288638	0.036654	-0.098304	
101	-0.299026	0.035063	-0.098904	
102	-0.308870	0.034347	-0.098851	
103	-0.317866	0.033171	-0.098667	
104	-0.326369	0.031261	-0.098891	
105	-0.335722	0.028943	-0.099121	
106	-0.345507	0.027823	-0.098387	
107	-0.353558	0.027462	-0.097383	
108	-0.372640	0.023584	-0.095959	
109	-0.382210	0.022921	-0.094272	
110	-0.391538	0.021972	-0.092613	
111	-0.401485	0.020367	-0.090322	
112	-0.413238	0.018970	-0.087699	
113	-0.424451	0.017888	-0.084976	
114	-0.434645	0.015511	-0.082323	
115	-0.445462	0.012152	-0.079164	
116	-0.457457	0.008047	-0.076041	
117	-0.467885	0.005106	-0.071880	
118	-0.475332	0.003004	-0.066239	
119	-0.499113	-0.002651	-0.054202	
120	-0.507047	-0.003630	-0.046750	
121	-0.511967	-0.007850	-0.039829	
122	-0.521499	-0.011612	-0.032915	
123	-0.529132	-0.012692	-0.025964	
124	-0.537082	-0.017101	-0.020508	
125	-0.544463	-0.020905	-0.014554	
126	-0.551766	-0.023108	-0.008790	
127	-0.560032	-0.027650	-0.004431	
128	-0.566847	-0.032101	0.000078	
129	-0.573217	-0.036078	0.004821	
130	-0.581770	-0.040281	0.009098	
131	-0.587704	-0.043350	0.014162	
132	-0.593385	-0.047381	0.019377	
133	-0.599742	-0.051422	0.024390	
134	-0.615042	-0.056419	0.035363	
135	-0.622259	-0.059255	0.041167	
136	-0.630519	-0.061308	0.046648	
137	-0.638589	-0.064160	0.052071	
138	-0.652693	-0.068852	0.063122	
139	-0.661981	-0.070013	0.068786	
140	-0.679818	-0.074042	0.079955	
141	-0.688475	-0.076159	0.085545	
142	-0.697679	-0.076450	0.091695	
143	-0.706758	-0.078165	0.097327	
144	-0.716072	-0.080743	0.102941	
145	-0.723890	-0.083667	0.107980	
146	-0.733654	-0.087569	0.112826	
147	-0.743503	-0.088815	0.118448	
148	-0.751524	-0.092195	0.123306	
149	-0.760513	-0.094886	0.128342	
150	-0.769915	-0.096138	0.134071	
151	-0.784286	-0.102604	0.145032	
152	-0.792380	-0.104756	0.150372	
153	-0.799089	-0.108406	0.155319	
154	-0.803696	-0.112580	0.160116	
155	-0.810376	-0.113955	0.165408	
156	-0.816929	-0.115326	0.171071	
157	-0.821376	-0.118107	0.176613	
158	-0.826134	-0.121904	0.182079	
159	-0.833112	-0.123907	0.188150	
160	-0.838302	-0.126334	0.193990	
161	-0.842386	-0.129877	0.199231	
162	-0.848392	-0.131364	0.204470	
163	-0.855393	-0.132669	0.209771	
164	-0.859863	-0.135222	0.214685	
165	-0.864771	-0.138680	0.219020	
166	-0.871394	-0.140190	0.223904	
167	-0.876285	-0.142535	0.228947	
168	-0.879835	-0.145928	0.233270	
169	-0.885923	-0.147702	0.238594	
170	-0.892731	-0.149265	0.244219	
171	-0.897142	-0.155056	0.249194	
172	-0.902225	-0.159783	0.254171	
173	-0.909328	-0.163071	0.259731	
174	-0.919454	-0.169324	0.271341	
175	-0.925333	-0.173769	0.277416	
176	-0.931561	-0.175664	0.283951	
177	-0.935889	-0.179845	0.290598	
178	-0.940701	-0.183535	0.297366	
179	-0.946175	-0.187169	0.304163	
180	-0.951074	-0.190842	0.310585	
181	-0.955775	-0.194009	0.316869	
182	-0.960281	-0.197437	0.322656	
183	-0.966326	-0.202048	0.328688	
184	-0.970723	-0.203715	0.334749	
185	-0.973190	-0.207935	0.339568	
186	-0.979793	-0.209502	0.345313	
187	-0.986673	-0.211620	0.350933	
188	-0.991555	-0.213762	0.356295	
189	-0.995982	-0.215678	0.361434	
190	-1.003932	-0.216061	0.367481	
191	-1.011148	-0.216921	0.373706	
192	-1.016234	-0.217623	0.380062	
193	-1.021674	-0.219230	0.385986	
194	-1.030793	-0.219559	0.392652	
195	-1.041024	-0.218823	0.399624	
196	-1.049597	-0.220451	0.405374	
197	-1.059309	-0.221220	0.410803	
198	-1.072122	-0.222306	0.416849	
199	-1.082996	-0.222998	0.421668	
200	-1.092502	-0.223770	0.425797	
201	-1.103907	-0.224326	0.430369	
202	-1.116807	-0.224886	0.435553	
203	-1.126095	-0.224618	0.439646	
204	-1.136829	-0.226748	0.443979	
205	-1.157725	-0.229840	0.452373	
206	-1.166199	-0.231458	0.455765	
207	-1.176596	-0.234560	0.460150	
208	-1.185874	-0.237430	0.464369	
209	-1.191938	-0.238431	0.468070	
210	-1.199735	-0.241816	0.471924	
211	-1.209502	-0.244594	0.476968	
212	-1.214743	-0.246152	0.481251	
213	-1.220721	-0.248995	0.485438	
214	-1.229621	-0.253166	0.490607	
215	-1.234728	-0.254359	0.495646	
216	-1.239215	-0.257403	0.500062	
217	-1.246938	-0.260836	0.505967	
218	-1.251338	-0.263343	0.511515	
219	-1.255745	-0.265825	0.517215	
220	-1.261438	-0.269436	0.523149	
221	-1.266751	-0.272038	0.529360	
222	-1.270617	-0.275265	0.534980	
223	-1.275452	-0.279765	0.540988	
224	-1.280136	-0.283516	0.547181	
225	-1.283680	-0.287430	0.553267	
226	-1.288106	-0.291715	0.559826	
227	-1.290522	-0.296067	0.565917	
228	-1.293129	-0.301538	0.571836	
229	-1.297070	-0.307734	0.578078	
230	-1.300318	-0.312326	0.583886	
231	-1.303799	-0.316381	0.589562	
232	-1.307820	-0.321289	0.595569	
233	-1.310214	-0.326466	0.601080	
234	-1.313918	-0.331510	0.607041	
235	-1.319616	-0.335373	0.614073	
236	-1.323325	-0.339719	0.619940	
237	-1.326993	-0.343863	0.625675	
238	-1.331349	-0.347792	0.631647	
239	-1.335628	-0.351376	0.637853	
240	-1.339717	-0.354869	0.643821	
241	-1.345161	-0.359356	0.650031	
242	-1.350321	-0.361776	0.656082	
243	-1.354979	-0.365092	0.661010	
244	-1.361580	-0.369814	0.666585	
245	-1.367146	-0.372895	0.671848	
246	-1.371193	-0.377562	0.676206	
247	-1.376824	-0.382612	0.680319	
248	-1.382747	-0.386520	0.684201	
249	-1.387880	-0.390433	0.687372	
250	-1.393405	-0.395140	0.690029	
251	-1.401325	-0.398068	0.693294	
252	-1.408000	-0.400807	0.696153	
253	-1.414995	-0.404572	0.698359	
254	-1.424289	-0.405811	0.701221	
255	-1.432835	-0.407056	0.703063	
256	-1.451750	-0.410410	0.705987	
257	-1.462900	-0.409689	0.707335	
258	-1.482641	-0.409928	0.708521	
259	-1.494550	-0.409575	0.709696	
260	-1.505620	-0.408511	0.710831	
261	-1.516134	-0.407185	0.711803	
262	-1.526429	-0.406636	0.712908	
263	-1.536690	-0.407281	0.714080	
264	-1.547101	-0.405501	0.715964	
265	-1.556650	-0.404796	0.717052	
266	-1.567835	-0.405192	0.718493	
267	-1.577497	-0.405418	0.720332	
268	-1.586513	-0.405907	0.721641	
269	-1.597716	-0.406015	0.723949	
270	-1.607211	-0.404837	0.726223	
271	-1.616805	-0.405089	0.728477	
272	-1.626908	-0.405879	0.731167	
273	-1.635510	-0.405882	0.733950	
274	-1.644195	-0.406676	0.736716	
275	-1.653558	-0.404370	0.740792	
276	-1.661868	-0.402454	0.745387	
277	-1.670152	-0.399970	0.750579	
278	-1.678023	-0.395555	0.756831	
279	-1.685448	-0.391392	0.763982	
280	-1.692063	-0.386890	0.771565	
281	-1.698160	-0.381582	0.779346	
282	-1.702748	-0.377313	0.787071	
283	-1.706434	-0.373361	0.795051	
284	-1.710130	-0.369657	0.803164	
285	-1.712785	-0.366502	0.810496	
286	-1.715589	-0.365507	0.818228	
287	-1.718333	-0.363267	0.827646	
288	-1.717670	-0.360452	0.835558	
289	-1.718906	-0.360450	0.843139	
290	-1.720032	-0.357930	0.852230	
291	-1.719710	-0.355867	0.860801	
292	-1.720185	-0.354698	0.869800	
293	-1.720778	-0.353218	0.878551	
294	-1.721800	-0.350850	0.888270	
295	-1.722871	-0.348621	0.897537	
296	-1.723642	-0.349105	0.906208	
297	-1.725141	-0.348820	0.915249	
298	-1.726198	-0.349587	0.923961	
299	-1.727413	-0.351021	0.931180	
300	-1.729521	-0.352337	0.938926	
301	-1.731731	-0.354068	0.946562	
302	-1.733912	-0.354329	0.954614	
303	-1.736003	-0.356510	0.961420	
304	-1.738492	-0.359112	0.968523	
305	-1.740679	-0.363609	0.974890	
306	-1.744405	-0.366240	0.981646	
307	-1.748240	-0.367733	0.988598	
308	-1.752496	-0.371244	0.995000	
309	-1.756061	-0.375071	1.000630	
310	-1.759720	-0.378594	1.006538	
311	-1.763475	-0.380342	1.012495	
312	-1.767206	-0.383830	1.017979	
313	-1.771278	-0.387056	1.023688	
314	-1.775412	-0.388816	1.029963	
315	-1.779742	-0.392285	1.035743	
316	-1.784642	-0.396608	1.040830	
317	-1.789530	-0.401255	1.045780	
318	-1.794804	-0.405367	1.051086	
319	-1.800212	-0.409346	1.056172	
320	-1.806168	-0.413712	1.061286	
321	-1.811555	-0.418772	1.065932	
322	-1.816822	-0.423627	1.070260	
323	-1.822612	-0.428653	1.074422	
324	-1.828069	-0.433336	1.078643	
325	-1.833652	-0.437392	1.082696	
326	-1.838378	-0.442826	1.085567	
327	-1.842827	-0.447844	1.088553	
328	-1.847600	-0.452853	1.091915	
329	-1.852429	-0.457617	1.095576	
330	-1.857022	-0.462406	1.100064	
331	-1.861413	-0.468737	1.104319	
332	-1.865685	-0.473078	1.108661	
333	-1.870003	-0.478933	1.114402	
334	-1.873418	-0.486278	1.118915	
335	-1.877594	-0.491114	1.124597	
336	-1.881710	-0.497121	1.130726	
337	-1.884970	-0.503242	1.134882	
338	-1.888503	-0.508848	1.140998	
339	-1.891102	-0.516195	1.146716	
340	-1.893286	-0.522642	1.151223	
341	-1.895758	-0.527779	1.157114	
342	-1.897788	-0.534121	1.164380	
343	-1.898892	-0.540091	1.168235	
344	-1.900836	-0.545002	1.174736	
345	-1.902190	-0.552381	1.182086	
346	-1.903387	-0.557523	1.187476	
347	-1.904855	-0.560983	1.194382	
348	-1.904670	-0.566121	1.200656	
349	-1.904509	-0.573224	1.204816	
350	-1.904855	-0.577397	1.210808	
351	-1.905460	-0.582923	1.218585	
352	-1.905160	-0.588387	1.223451	
353	-1.905340	-0.594106	1.230124	
354	-1.904938	-0.605362	1.242537	
355	-1.904655	-0.610620	1.249259	
356	-1.904160	-0.615779	1.255725	
357	-1.903874	-0.621655	1.262480	
358	-1.903741	-0.626905	1.269349	
359	-1.903125	-0.634005	1.277293	
360	-1.902517	-0.645317	1.292266	
361	-1.902084	-0.652132	1.300209	
362	-1.901668	-0.658524	1.307305	
363	-1.901513	-0.664872	1.315098	
364	-1.901472	-0.670270	1.322344	
365	-1.901411	-0.675117	1.329394	
366	-1.901600	-0.678946	1.337182	
367	-1.901380	-0.682126	1.342919	
368	-1.901391	-0.686114	1.348881	
369	-1.901196	-0.690248	1.355577	
370	-1.900624	-0.693711	1.361786	
371	-1.900419	-0.696404	1.366621	
372	-1.899859	-0.699263	1.372370	
373	-1.899591	-0.702119	1.376600	
374	-1.900130	-0.704641	1.380280	
375	-1.900441	-0.707084	1.385007	
376	-1.901196	-0.709270	1.389926	
377	-1.902207	-0.710765	1.393469	
378	-1.903630	-0.712474	1.398093	
379	-1.905165	-0.714057	1.403440	
380	-1.906933	-0.716047	1.408719	
381	-1.908861	-0.718117	1.413501	
382	-1.911124	-0.720925	1.419790	
383	-1.913634	-0.723844	1.424549	
384	-1.916225	-0.727512	1.429824	
385	-1.919622	-0.731223	1.435819	
386	-1.922830	-0.735752	1.440252	
387	-1.926995	-0.739725	1.446359	
388	-1.931013	-0.745073	1.451679	
389	-1.934915	-0.751334	1.456332	
390	-1.939724	-0.755398	1.461607	
391	-1.944195	-0.761831	1.466794	
392	-1.949138	-0.767160	1.471148	
393	-1.954397	-0.773335	1.477769	
394	-1.959728	-0.778667	1.482251	
395	-1.965151	-0.785407	1.487783	
396	-1.971105	-0.792117	1.495321	
397	-1.976583	-0.798388	1.500516	
398	-1.986799	-0.811981	1.511443	
399	-1.990795	-0.819540	1.516862	
400	-1.995203	-0.826502	1.521218	
401	-1.998725	-0.836048	1.528375	
402	-2.001993	-0.842311	1.532601	
403	-2.005631	-0.849766	1.538077	
404	-2.009192	-0.857808	1.546346	
405	-2.012103	-0.864221	1.553978	
406	-2.015108	-0.870545	1.559836	
407	-2.018334	-0.877577	1.568394	
408	-2.020453	-0.883396	1.577042	
409	-2.022731	-0.886316	1.582119	
410	-2.025049	-0.890904	1.588632	
411	-2.026887	-0.895653	1.597457	
412	-2.028538	-0.898122	1.604087	
413	-2.030164	-0.900451	1.609987	
414	-2.031470	-0.903723	1.617621	
415	-2.032334	-0.907499	1.626514	
416	-2.033792	-0.908431	1.633003	
417	-2.035278	-0.910352	1.640410	
418	-2.036778	-0.912017	1.649044	
419	-2.038404	-0.913423	1.655329	
420	-2.039813	-0.915798	1.663449	
421	-2.041670	-0.916381	1.670359	
422	-2.043069	-0.918005	1.677566	
423	-2.044545	-0.918815	1.683571	
424	-2.045953	-0.920211	1.690145	
425	-2.047075	-0.922122	1.697075	
426	-2.049606	-0.924304	1.707323	
427	-2.051055	-0.925619	1.712572	
428	-2.051971	-0.927721	1.718296	
429	-2.053419	-0.930121	1.723893	
430	-2.055533	-0.933614	1.728815	
431	-2.056823	-0.938226	1.736509	
432	-2.058315	-0.949463	1.747325	
433	-2.059104	-0.955367	1.752805	
434	-2.059796	-0.961018	1.757722	
435	-2.061245	-0.966426	1.760684	
436	-2.062383	-0.972270	1.765897	
437	-2.063567	-0.978965	1.771614	
438	-2.065300	-0.984522	1.775573	
439	-2.066850	-0.990822	1.782012	
440	-2.067911	-0.997070	1.786678	
441	-2.069368	-1.004013	1.791789	
442	-2.070832	-1.009503	1.797839	
443	-2.072254	-1.014933	1.802950	
444	-2.073504	-1.021369	1.808395	
445	-2.075082	-1.027024	1.813760	
446	-2.075900	-1.033753	1.820303	
447	-2.077358	-1.039822	1.824481	
448	-2.078724	-1.046573	1.829665	
449	-2.080064	-1.053120	1.836668	
450	-2.081385	-1.059306	1.840333	
451	-2.083339	-1.065809	1.847454	
452	-2.084737	-1.071350	1.853218	
453	-2.087717	-1.076694	1.857358	
454	-2.089246	-1.084865	1.866179	
455	-2.091393	-1.091037	1.872509	
456	-2.094513	-1.098178	1.879360	
457	-2.098303	-1.104602	1.887813	
458	-2.102400	-1.111844	1.896286	
459	-2.106119	-1.121527	1.906631	
460	-2.112318	-1.126839	1.915174	
461	-2.117378	-1.134971	1.925544	
462	-2.122709	-1.143172	1.937455	
463	-2.127835	-1.150160	1.948419	
464	-2.132103	-1.157499	1.959685	
465	-2.136734	-1.164872	1.971302	
466	-2.140315	-1.171675	1.982632	
467	-2.143529	-1.178268	1.992688	
468	-2.147175	-1.185186	2.002479	
469	-2.150735	-1.192562	2.012459	
470	-2.153442	-1.198330	2.023382	
471	-2.157310	-1.204773	2.032290	
472	-2.161287	-1.211238	2.043772	
473	-2.163960	-1.217280	2.054042	
474	-2.167049	-1.222685	2.064175	
475	-2.169556	-1.228277	2.073770	
476	-2.171304	-1.233799	2.083692	
477	-2.173633	-1.237699	2.092387	
478	-2.174688	-1.240917	2.101698	
479	-2.175068	-1.243884	2.110205	
480	-2.175886	-1.246751	2.117620	
481	-2.175510	-1.248474	2.126263	
482	-2.173086	-1.250179	2.136073	
483	-2.173290	-1.251432	2.142620	
484	-2.172959	-1.252529	2.150732	
485	-2.169137	-1.253619	2.160820	
486	-2.166798	-1.253887	2.168139	
487	-2.165427	-1.254260	2.174440	
488	-2.157556	-1.257892	2.194363	
489	-2.154998	-1.259195	2.201782	
490	-2.150823	-1.262042	2.212574	
491	-2.147388	-1.265048	2.218951	
492	-2.143820	-1.268795	2.226158	
493	-2.138697	-1.273337	2.234957	
494	-2.135429	-1.277420	2.241733	
495	-2.133106	-1.281215	2.247931	
496	-2.127936	-1.286427	2.258557	
497	-2.120715	-1.296902	2.271338	
498	-2.116201	-1.301560	2.279768	
499	-2.111283	-1.305332	2.288230	
500	-2.107944	-1.310761	2.291813	
501	-2.104856	-1.314291	2.297209	
502	-2.099215	-1.319409	2.304182	
503	-2.096600	-1.323121	2.307597	
504	-2.093036	-1.326243	2.312884	
505	-2.088951	-1.328632	2.319917	
506	-2.085753	-1.332672	2.324265	
507	-2.082319	-1.337327	2.327035	
508	-2.076914	-1.341751	2.332480	
509	-2.074149	-1.344899	2.335014	
510	-2.071246	-1.347814	2.337986	
511	-2.066188	-1.350980	2.343355	
512	-2.062021	-1.356173	2.345046	
513	-2.057746	-1.361527	2.346920	
514	-2.051332	-1.365959	2.352894	
515	-2.047837	-1.369332	2.356335	
516	-2.043116	-1.373841	2.360971	
517	-2.036970	-1.378765	2.367723	
518	-2.032516	-1.383538	2.373392	
519	-2.028215	-1.387544	2.381184	
520	-2.021408	-1.392832	2.391114	
521	-2.018140	-1.397175	2.398797	
522	-2.013519	-1.401305	2.408174	
523	-2.008341	-1.406975	2.417772	
524	-2.003816	-1.411950	2.427282	
525	-1.998150	-1.418404	2.436655	
526	-1.994860	-1.425549	2.443893	
527	-1.989716	-1.430522	2.453433	
528	-1.984188	-1.435628	2.462959	
529	-1.979895	-1.441381	2.471395	
530	-1.975795	-1.446578	2.479435	
531	-1.970978	-1.450867	2.488491	
532	-1.966812	-1.455956	2.496259	
533	-1.963189	-1.458757	2.505444	
534	-1.958403	-1.461693	2.513683	
535	-1.953197	-1.465844	2.521280	
536	-1.948926	-1.469522	2.528381	
537	-1.943575	-1.472360	2.535655	
538	-1.937335	-1.476804	2.541481	
539	-1.934770	-1.479421	2.547551	
540	-1.929013	-1.482857	2.553592	
541	-1.921528	-1.487578	2.559700	
542	-1.917590	-1.490768	2.565253	
543	-1.911844	-1.493543	2.571113	
544	-1.904517	-1.497008	2.576878	
545	-1.898524	-1.499686	2.582382	
546	-1.893500	-1.501503	2.587335	
547	-1.886590	-1.502819	2.593275	
548	-1.878448	-1.504755	2.597427	
549	-1.871573	-1.506232	2.601785	
550	-1.863948	-1.507617	2.605230	
551	-1.856190	-1.507764	2.610722	
552	-1.847365	-1.509085	2.613688	
553	-1.841179	-1.509300	2.617351	
554	-1.831322	-1.508310	2.622183	
555	-1.818123	-1.509362	2.627026	
556	-1.811884	-1.508632	2.630653	
557	-1.801989	-1.507549	2.636062	
558	-1.789510	-1.507072	2.641292	
559	-1.781577	-1.506099	2.645739	
560	-1.772999	-1.504330	2.650427	
561	-1.760690	-1.503460	2.655206	
562	-1.751061	-1.503261	2.658901	
563	-1.733173	-1.500553	2.666072	
564	-1.722025	-1.500809	2.669269	
565	-1.713723	-1.500472	2.671151	
566	-1.704184	-1.499847	2.673313	
567	-1.694068	-1.499998	2.675831	
568	-1.685403	-1.500883	2.676075	
569	-1.677716	-1.501442	2.676869	
570	-1.668729	-1.501690	2.679275	
571	-1.660763	-1.502632	2.680238	
572	-1.653330	-1.504523	2.679235	
573	-1.645337	-1.506236	2.679379	
574	-1.637539	-1.507745	2.680128	
575	-1.631261	-1.508643	2.680465	
576	-1.624901	-1.509413	2.681192	
577	-1.616786	-1.510487	2.683048	
578	-1.605494	-1.513588	2.683443	
579	-1.598572	-1.514251	2.685092	
580	-1.591054	-1.515249	2.686674	
581	-1.586021	-1.516872	2.686386	
582	-1.579468	-1.517242	2.688543	
583	-1.571560	-1.519315	2.689944	
584	-1.566703	-1.521019	2.690897	
585	-1.553979	-1.523202	2.695368	
586	-1.548406	-1.524224	2.698234	
587	-1.543041	-1.525118	2.700252	
588	-1.536523	-1.526024	2.702909	
589	-1.530083	-1.527303	2.703919	
590	-1.517408	-1.528485	2.708897	
591	-1.511411	-1.529287	2.711450	
592	-1.503927	-1.530545	2.714104	
593	-1.498518	-1.531120	2.717379	
594	-1.492952	-1.532443	2.720026	
595	-1.485821	-1.533450	2.722759	
596	-1.478995	-1.533830	2.726395	
597	-1.475065	-1.533831	2.729209	
598	-1.468035	-1.533551	2.732378	
599	-1.461012	-1.533159	2.735712	
600	-1.456002	-1.532822	2.737463	
601	-1.451021	-1.532708	2.737901	
602	-1.442279	-1.531508	2.742412	
603	-1.435412	-1.529469	2.746855	
604	-1.430937	-1.529392	2.746259	
605	-1.422220	-1.528265	2.749481	
606	-1.412959	-1.526822	2.752830	
607	-1.407577	-1.525779	2.753953	
608	-1.399064	-1.524154	2.757591	
609	-1.390834	-1.523334	2.758333	
610	-1.382065	-1.522202	2.760983	
611	-1.374263	-1.521153	2.762972	
612	-1.367585	-1.519952	2.763235	
613	-1.357947	-1.519113	2.763759	
614	-1.350649	-1.517954	2.763131	
615	-1.343647	-1.516621	2.762103	
616	-1.335123	-1.515107	2.761470	
617	-1.327279	-1.513912	2.760825	
618	-1.320806	-1.513216	2.758687	
619	-1.311507	-1.513301	2.756494	
620	-1.304616	-1.513333	2.755028	
621	-1.299169	-1.513279	2.752788	
622	-1.291195	-1.513321	2.751493	
623	-1.284011	-1.513628	2.749686	
624	-1.278941	-1.514337	2.745689	
625	-1.271275	-1.514617	2.744188	
626	-1.264006	-1.514961	2.742380	
627	-1.251081	-1.515493	2.738505	
628	-1.243226	-1.516352	2.736381	
629	-1.237818	-1.517555	2.733512	
630	-1.230415	-1.518677	2.732172	
631	-1.224155	-1.519710	2.730647	
632	-1.217796	-1.521316	2.728306	
633	-1.211049	-1.522948	2.726101	
634	-1.205373	-1.524012	2.724031	
635	-1.199820	-1.524953	2.722575	
636	-1.194714	-1.525411	2.721417	
637	-1.185473	-1.525473	2.717006	
638	-1.181403	-1.525322	2.714602	
639	-1.176462	-1.524130	2.713314	
640	-1.169866	-1.523449	2.710974	
641	-1.163261	-1.522897	2.709136	
642	-1.160898	-1.521852	2.706950	
643	-1.157309	-1.520286	2.705739	
644	-1.150577	-1.519514	2.704014	
645	-1.147631	-1.517901	2.703114	
646	-1.144712	-1.516010	2.702126	
647	-1.138174	-1.514218	2.701220	
648	-1.132155	-1.512570	2.699668	
649	-1.128370	-1.510705	2.698019	
650	-1.123467	-1.508453	2.696445	
651	-1.117737	-1.505880	2.694484	
652	-1.112265	-1.502592	2.693241	
653	-1.107777	-1.499091	2.691471	
654	-1.101086	-1.495601	2.689816	
655	-1.094833	-1.491835	2.688035	
656	-1.089706	-1.487694	2.686187	
657	-1.080881	-1.484125	2.683849	
658	-1.078066	-1.479394	2.682446	
659	-1.073477	-1.474661	2.681212	
660	-1.063746	-1.471887	2.678413	
661	-1.058866	-1.467962	2.676911	
662	-1.055330	-1.463822	2.675009	
663	-1.049183	-1.460025	2.672127	
664	-1.044451	-1.455940	2.669167	
665	-1.040401	-1.451633	2.666156	
666	-1.036837	-1.446956	2.662514	
667	-1.033980	-1.441945	2.658977	
668	-1.027692	-1.437804	2.653977	
669	-1.021906	-1.433091	2.649536	
670	-1.018222	-1.427063	2.646492	
671	-1.011002	-1.422414	2.641141	
672	-1.002232	-1.417084	2.636185	
673	-0.988892	-1.407951	2.624628	
674	-0.976510	-1.403914	2.618535	
675	-0.965709	-1.396881	2.607277	
676	-0.960369	-1.395532	2.600116	
677	-0.959219	-1.390929	2.596835	
678	-0.956172	-1.386277	2.593538	
679	-0.948504	-1.383424	2.587807	
680	-0.942170	-1.379664	2.583554	
681	-0.939300	-1.374440	2.581380	
682	-0.933188	-1.371414	2.577766	
683	-0.927218	-1.368011	2.574970	
684	-0.918392	-1.359988	2.571740	
685	-0.913200	-1.357346	2.569275	
686	-0.911863	-1.351393	2.570073	
687	-0.908161	-1.347219	2.569324	
688	-0.901555	-1.345091	2.567427	
689	-0.899789	-1.338383	2.569956	
690	-0.896722	-1.333554	2.570356	
691	-0.892070	-1.329987	2.569923	
692	-0.889262	-1.324811	2.571423	
693	-0.888528	-1.319059	2.573712	
694	-0.884296	-1.316553	2.573451	
695	-0.881850	-1.312382	2.575185	
696	-0.880772	-1.307956	2.576883	
697	-0.875201	-1.307294	2.575607	
698	-0.874128	-1.302898	2.578248	
699	-0.872898	-1.299857	2.579869	
700	-0.868073	-1.299596	2.579488	
701	-0.867364	-1.295977	2.582268	
702	-0.865368	-1.293594	2.583644	
703	-0.861682	-1.292163	2.584993	
704	-0.860231	-1.289104	2.588032	
705	-0.857478	-1.286970	2.590219	
706	-0.855029	-1.284533	2.593015	
707	-0.852438	-1.281762	2.595963	
708	-0.850497	-1.279127	2.598915	
709	-0.846959	-1.277458	2.600870	
710	-0.844888	-1.274548	2.603827	
711	-0.842774	-1.271806	2.606693	
712	-0.834491	-1.265073	2.615313	
713	-0.828984	-1.265161	2.615439	
714	-0.822971	-1.265414	2.616669	
715	-0.821799	-1.262653	2.620657	
716	-0.815745	-1.263661	2.621661	
717	-0.812224	-1.263062	2.624434	
718	-0.810550	-1.260713	2.628105	
719	-0.805850	-1.260937	2.629967	
720	-0.802328	-1.260195	2.632645	
721	-0.799907	-1.258364	2.636039	
722	-0.794507	-1.259439	2.636695	
723	-0.789442	-1.260042	2.638844	
724	-0.787193	-1.258829	2.642206	
725	-0.784071	-1.258700	2.644409	
726	-0.777764	-1.261211	2.644896	
727	-0.775538	-1.259581	2.649425	
728	-0.772550	-1.258966	2.652297	
729	-0.766848	-1.260999	2.653208	
730	-0.763263	-1.260540	2.657787	
731	-0.760718	-1.260009	2.660443	
732	-0.755162	-1.261825	2.661561	
733	-0.752584	-1.261131	2.665792	
734	-0.748914	-1.261597	2.668226	
735	-0.744071	-1.263513	2.669451	
736	-0.741901	-1.262810	2.673133	
737	-0.738225	-1.263622	2.675111	
738	-0.734208	-1.265129	2.677222	
739	-0.731677	-1.265898	2.680143	
740	-0.727089	-1.269410	2.680060	
741	-0.725053	-1.270946	2.682893	
742	-0.723512	-1.271848	2.686125	
743	-0.722343	-1.273031	2.688160	
744	-0.722055	-1.272959	2.691896	
745	-0.719824	-1.274309	2.694095	
746	-0.718430	-1.275415	2.697383	
747	-0.717144	-1.276337	2.700461	
748	-0.714907	-1.277449	2.703068	
749	-0.712614	-1.278829	2.705704	
750	-0.712770	-1.278108	2.709997	
751	-0.709800	-1.279997	2.712510	
752	-0.707567	-1.281551	2.716720	
753	-0.706608	-1.282392	2.721939	
754	-0.704202	-1.284637	2.725830	
755	-0.701091	-1.287962	2.729132	
756	-0.699578	-1.290317	2.734385	
757	-0.697704	-1.293391	2.738894	
758	-0.693656	-1.298584	2.742762	
759	-0.693118	-1.301215	2.749388	
760	-0.690086	-1.305589	2.753976	
761	-0.687551	-1.309556	2.759875	
762	-0.685838	-1.313057	2.766760	
763	-0.684151	-1.316413	2.772324	
764	-0.681639	-1.320170	2.777759	
765	-0.678905	-1.324269	2.783400	
766	-0.675903	-1.328730	2.789132	
767	-0.674100	-1.331931	2.796073	
768	-0.670530	-1.336803	2.800442	
769	-0.668395	-1.340137	2.806730	
770	-0.668088	-1.341711	2.813577	
771	-0.663597	-1.346460	2.817300	
772	-0.660991	-1.349373	2.823106	
773	-0.658682	-1.351693	2.828263	
774	-0.654094	-1.355580	2.830288	
775	-0.652796	-1.356190	2.836601	
776	-0.651177	-1.356649	2.841619	
777	-0.646045	-1.358902	2.844544	
778	-0.642349	-1.359800	2.848679	
779	-0.638368	-1.360441	2.852774	
780	-0.632501	-1.363344	2.853139	
781	-0.627903	-1.365075	2.855030	
782	-0.623580	-1.366761	2.856315	
783	-0.617743	-1.369286	2.855861	
784	-0.611416	-1.372064	2.856799	
785	-0.606485	-1.373804	2.858554	
786	-0.599205	-1.375986	2.859279	
787	-0.593772	-1.377651	2.860548	
788	-0.581896	-1.381037	2.864546	
789	-0.574330	-1.383177	2.866892	
790	-0.567704	-1.385329	2.869608	
791	-0.559906	-1.387906	2.870659	
792	-0.552125	-1.390225	2.871745	
793	-0.543168	-1.393804	2.872284	
794	-0.536069	-1.395902	2.874657	
795	-0.527384	-1.398463	2.875442	
796	-0.517829	-1.401761	2.875535	
797	-0.510768	-1.403010	2.878364	
798	-0.502983	-1.404805	2.879925	
799	-0.493636	-1.407916	2.880446	
800	-0.486529	-1.409382	2.883225	
801	-0.469669	-1.414943	2.882962	
802	-0.457236	-1.417600	2.885002	
803	-0.444936	-1.420526	2.885630	
804	-0.439280	-1.421653	2.886037	
805	-0.432595	-1.423381	2.885203	
806	-0.428573	-1.422758	2.886823	
807	-0.422024	-1.423355	2.886322	
808	-0.415069	-1.424338	2.885640	
809	-0.408666	-1.423723	2.886549	
810	-0.401023	-1.424797	2.885591	
811	-0.392773	-1.426449	2.884425	
812	-0.385715	-1.425799	2.885534	
813	-0.379349	-1.426678	2.885636	
814	-0.371221	-1.428165	2.884544	
815	-0.365139	-1.427568	2.885743	
816	-0.358264	-1.428393	2.885539	
817	-0.350349	-1.429350	2.883799	
818	-0.345316	-1.428311	2.884184	
819	-0.338573	-1.429332	2.881629	
820	-0.332746	-1.430089	2.879713	
821	-0.326990	-1.429651	2.878668	
822	-0.321162	-1.429491	2.876996	
823	-0.315262	-1.428863	2.875513	
824	-0.309411	-1.427347	2.874404	
825	-0.303490	-1.426975	2.872353	
826	-0.297907	-1.425027	2.870949	
827	-0.293186	-1.422368	2.869766	
828	-0.288356	-1.420235	2.867622	
829	-0.276285	-1.414177	2.863792	
830	-0.270367	-1.411274	2.860724	
831	-0.265038	-1.408245	2.856948	
832	-0.259086	-1.403795	2.853656	
833	-0.253258	-1.399629	2.849555	
834	-0.245821	-1.396058	2.844193	
835	-0.238439	-1.391279	2.839578	
836	-0.230134	-1.386186	2.834996	
837	-0.221637	-1.383082	2.828435	
838	-0.212100	-1.379383	2.822236	
839	-0.203818	-1.375034	2.816317	
840	-0.194747	-1.371541	2.809743	
841	-0.177168	-1.364855	2.795575	
842	-0.169674	-1.361521	2.788876	
843	-0.162220	-1.358711	2.781312	
844	-0.154150	-1.354971	2.774921	
845	-0.148249	-1.352806	2.767765	
846	-0.140189	-1.349745	2.761626	
847	-0.132967	-1.346853	2.754861	
848	-0.127876	-1.345258	2.748520	
849	-0.119965	-1.341981	2.743004	
850	-0.114083	-1.342878	2.733702	
851	-0.106377	-1.342531	2.726693	
852	-0.097748	-1.339067	2.722600	
853	-0.094581	-1.340261	2.714675	
854	-0.088252	-1.341574	2.707376	
855	-0.081126	-1.340988	2.701108	
856	-0.076618	-1.340614	2.694334	
857	-0.071414	-1.339923	2.687395	
858	-0.066388	-1.339079	2.679966	
859	-0.060106	-1.337744	2.673037	
860	-0.053514	-1.335864	2.667173	
861	-0.048420	-1.335819	2.659718	
862	-0.041609	-1.335621	2.653727	
863	-0.034548	-1.336454	2.646587	
864	-0.027268	-1.337657	2.640401	
865	-0.020005	-1.338557	2.635112	
866	-0.013570	-1.340633	2.628569	
867	-0.005563	-1.342511	2.622775	
868	0.001519	-1.344248	2.617557	
869	0.007185	-1.346671	2.610886	
870	0.012927	-1.349444	2.603867	
871	0.020672	-1.351243	2.598186	
872	0.026532	-1.353523	2.591707	
873	0.032961	-1.355705	2.584541	
874	0.037796	-1.358251	2.576685	
875	0.050002	-1.360470	2.563061	
876	0.052810	-1.362459	2.554048	
877	0.057600	-1.363470	2.546534	
878	0.060452	-1.364908	2.537278	
879	0.068650	-1.364796	2.522329	
880	0.070087	-1.364369	2.513592	
881	0.072384	-1.364012	2.505107	
882	0.076874	-1.362196	2.498838	
883	0.078834	-1.361191	2.491296	
884	0.080144	-1.361061	2.482608	
885	0.080648	-1.359704	2.474139	
886	0.084043	-1.358500	2.464778	
887	0.085549	-1.357388	2.455953	
888	0.088645	-1.355627	2.446758	
889	0.090679	-1.353928	2.438711	
890	0.093780	-1.352704	2.429462	
891	0.095961	-1.352515	2.419493	
892	0.099543	-1.351551	2.410435	
893	0.101724	-1.350756	2.400421	
894	0.103672	-1.350729	2.388653	
895	0.107239	-1.351059	2.378126	
896	0.110710	-1.351886	2.368942	
897	0.114181	-1.353062	2.361669	
898	0.119097	-1.353497	2.354795	
899	0.122910	-1.353164	2.347670	
900	0.125888	-1.352508	2.339806	
901	0.128401	-1.351531	2.333061	
902	0.132434	-1.349733	2.326611	
903	0.134733	-1.347968	2.319846	
904	0.137758	-1.346391	2.313308	
905	0.140728	-1.344323	2.307429	
906	0.143192	-1.342228	2.301309	
907	0.146495	-1.340827	2.294694	
908	0.150578	-1.338654	2.288978	
909	0.155908	-1.336855	2.282821	
910	0.160543	-1.335774	2.277946	
911	0.166566	-1.333900	2.274766	
912	0.172252	-1.332762	2.271575	
913	0.176523	-1.332412	2.268404	
914	0.182254	-1.330635	2.264960	
915	0.187545	-1.328559	2.261094	
916	0.192533	-1.326752	2.257827	
917	0.194625	-1.324371	2.256149	
918	0.198013	-1.322281	2.253296	
919	0.202283	-1.320938	2.250504	
920	0.205245	-1.318698	2.249221	
921	0.208482	-1.317124	2.247388	
922	0.212673	-1.316118	2.245496	
923	0.216408	-1.314506	2.244229	
924	0.220443	-1.313435	2.242668	
925	0.224383	-1.312675	2.241922	
926	0.228148	-1.311356	2.242259	
927	0.233521	-1.311040	2.241504	
928	0.238136	-1.311050	2.241837	
929	0.240244	-1.310169	2.243624	
930	0.245546	-1.310204	2.244147	
931	0.249598	-1.310843	2.245921	
932	0.252218	-1.310894	2.249350	
933	0.255695	-1.311639	2.250997	
934	0.258469	-1.312280	2.253443	
935	0.260941	-1.312650	2.256137	
936	0.264090	-1.313374	2.257193	
937	0.266760	-1.314266	2.259213	
938	0.268879	-1.314502	2.263437	
939	0.270354	-1.315024	2.267330	
940	0.272777	-1.315541	2.271034	
941	0.275557	-1.315876	2.273829	
942	0.279256	-1.316395	2.276950	
943	0.281711	-1.316917	2.280282	
944	0.283382	-1.316773	2.285150	
945	0.286113	-1.317021	2.288407	
946	0.289885	-1.317292	2.291291	
947	0.292310	-1.317452	2.295358	
948	0.295635	-1.318535	2.297523	
949	0.298454	-1.319008	2.300771	
950	0.305470	-1.320467	2.304182	
951	0.307179	-1.320952	2.307718	
952	0.308771	-1.320939	2.309221	
953	0.311306	-1.320818	2.313104	
954	0.312205	-1.319402	2.316293	
955	0.314761	-1.318356	2.318986	
956	0.317296	-1.317499	2.321209	
957	0.319250	-1.315896	2.326324	
958	0.319935	-1.313960	2.331367	
959	0.320050	-1.311842	2.335657	
960	0.323064	-1.311208	2.339682	
961	0.324843	-1.310785	2.345156	
962	0.325541	-1.309226	2.350430	
963	0.329410	-1.309595	2.351896	
964	0.331363	-1.309494	2.357923	
965	0.331673	-1.308805	2.363472	
966	0.337044	-1.309750	2.365861	
967	0.338690	-1.309616	2.371516	
968	0.342460	-1.310158	2.377016	
969	0.348744	-1.312687	2.380155	
970	0.351987	-1.313706	2.386071	
971	0.353523	-1.314027	2.392430	
972	0.358401	-1.316621	2.396888	
973	0.360948	-1.317569	2.405773	
974	0.361403	-1.316829	2.413349	
975	0.364627	-1.318872	2.418367	
976	0.366063	-1.319048	2.427885	
977	0.369320	-1.320601	2.432775	
978	0.373755	-1.323762	2.440762	
979	0.372177	-1.321889	2.448053	
980	0.374085	-1.322516	2.449717	
981	0.378587	-1.323879	2.455487	
982	0.379026	-1.323102	2.463354	
983	0.381237	-1.324232	2.466247	
984	0.383627	-1.324704	2.471493	
985	0.383676	-1.324244	2.477541	
986	0.384488	-1.324781	2.480522	
987	0.386940	-1.325324	2.486162	
988	0.388929	-1.326055	2.490220	
989	0.390589	-1.327423	2.492730	
990	0.392923	-1.327334	2.499393	
991	0.393753	-1.327132	2.503803	
992	0.394673	-1.327917	2.507266	
993	0.396086	-1.326296	2.513804	
994	0.397790	-1.325828	2.517177	
995	0.400505	-1.326453	2.520051	
996	0.402514	-1.324457	2.525492	
997	0.401202	-1.320757	2.532801	
998	0.402842	-1.319932	2.535450	
999	0.404974	-1.317940	2.541457	
1000	0.407806	-1.315874	2.553673	
1001	0.409031	-1.313115	2.563941	
1002	0.409972	-1.312368	2.572110	
1003	0.410625	-1.313174	2.577619	
1004	0.410551	-1.311657	2.584821	
1005	0.410105	-1.311492	2.590077	
1006	0.409849	-1.310045	2.595277	
1007	0.410462	-1.309849	2.599311	
1008	0.410430	-1.309672	2.602535	
1009	0.410850	-1.309637	2.605948	
1010	0.411014	-1.310245	2.607727	
1011	0.412522	-1.310789	2.610506	
1012	0.412492	-1.310131	2.613820	
1013	0.412781	-1.309740	2.617484	
1014	0.413967	-1.310148	2.617820	
1015	0.416646	-1.312877	2.622385	
1016	0.415888	-1.312129	2.626706	
1017	0.417490	-1.312360	2.628199	
1018	0.419703	-1.313448	2.629959	
1019	0.421871	-1.312131	2.632771	
1020	0.424207	-1.312374	2.632322	
1021	0.422700	-1.308761	2.633524	
1022	0.425151	-1.308249	2.632698	
1023	0.425733	-1.302624	2.631478	
1024	0.428480	-1.296291	2.627430	
1025	0.427854	-1.290917	2.625931	
1026	0.428509	-1.287466	2.625575	
1027	0.431644	-1.285255	2.623475	
1028	0.432554	-1.281328	2.623268	
1029	0.434269	-1.277823	2.623706	
1030	0.436915	-1.274960	2.623921	
1031	0.436831	-1.268945	2.623576	
1032	0.438951	-1.265687	2.624357	
1033	0.442571	-1.264098	2.625141	
1034	0.442865	-1.259119	2.625559	
1035	0.445506	-1.255624	2.624472	
1036	0.449242	-1.254520	2.625411	
1037	0.451000	-1.251025	2.625271	
1038	0.452173	-1.247375	2.625740	
1039	0.455855	-1.245592	2.624775	
1040	0.458044	-1.243514	2.624451	
1041	0.459786	-1.240636	2.623109	
1042	0.461429	-1.237898	2.621316	
1043	0.464150	-1.236397	2.618746	
1044	0.465511	-1.233835	2.616220	
1045	0.467049	-1.232158	2.615001	
1046	0.468969	-1.230976	2.614235	
1047	0.470289	-1.227452	2.613851	
1048	0.472543	-1.226597	2.612977	
1049	0.473571	-1.225092	2.612278	
1050	0.474216	-1.224349	2.612999	
1051	0.475087	-1.223536	2.613494	
1052	0.475852	-1.222187	2.613502	
1053	0.476039	-1.221240	2.614775	
1054	0.476893	-1.219507	2.614346	
1055	0.477560	-1.217619	2.614357	
1056	0.477355	-1.216797	2.616901	
1057	0.477279	-1.215571	2.619127	
1058	0.477037	-1.215352	2.623018	
1059	0.476996	-1.212612	2.623437	
1060	0.478218	-1.210982	2.623782	
1061	0.477875	-1.212843	2.629400	
1062	0.475931	-1.211391	2.632787	
1063	0.476640	-1.211762	2.635455	
1064	0.477387	-1.210010	2.635618	
1065	0.476499	-1.206627	2.635437	
1066	0.478868	-1.207960	2.637498	
1067	0.479455	-1.206847	2.638535	
1068	0.478448	-1.204068	2.639826	
1069	0.480129	-1.204899	2.642642	
1070	0.480136	-1.207053	2.648724	
1071	0.477245	-1.204693	2.653456	
1072	0.477078	-1.203202	2.656168	
1073	0.475996	-1.204905	2.663916	
1074	0.473237	-1.201397	2.667591	
1075	0.473551	-1.199116	2.669237	
1076	0.473146	-1.196249	2.670822	
1077	0.471095	-1.194971	2.676472	
1078	0.470195	-1.193773	2.680646	
1079	0.469398	-1.193403	2.685282	
1080	0.468947	-1.193457	2.689695	
1081	0.466573	-1.191443	2.694132	
1082	0.468100	-1.191732	2.696450	
1083	0.468474	-1.191529	2.699302	
1084	0.465684	-1.189258	2.703461	
1085	0.468761	-1.190793	2.703500	
1086	0.468757	-1.189884	2.703866	
1087	0.466304	-1.186763	2.704738	
1088	0.467934	-1.187878	2.704121	
1089	0.465251	-1.184101	2.702595	
1090	0.461944	-1.184463	2.706607	
1091	0.462862	-1.186756	2.705939	
1092	0.459717	-1.186373	2.707329	
1093	0.456831	-1.186277	2.708332	
1094	0.456931	-1.188798	2.706779	
1095	0.452312	-1.188900	2.710097	
1096	0.451479	-1.190060	2.708298	
1097	0.450015	-1.191914	2.708073	
1098	0.445588	-1.190908	2.709500	
1099	0.445167	-1.194347	2.709561	
1100	0.441732	-1.196291	2.712108	
1101	0.435492	-1.199051	2.714579	
1102	0.431579	-1.201150	2.718529	
1103	0.428148	-1.203033	2.722055	
1104	0.424338	-1.206796	2.728982	
1105	0.419773	-1.207664	2.732578	
1106	0.415939	-1.209957	2.737193	
1107	0.412508	-1.211161	2.739247	
1108	0.407990	-1.213042	2.744648	
1109	0.404069	-1.215731	2.749865	
1110	0.399862	-1.217135	2.752924	
1111	0.395817	-1.220062	2.757596	
1112	0.391376	-1.222758	2.761521	
1113	0.387230	-1.226473	2.766118	
1114	0.382126	-1.227634	2.767692	
1115	0.377795	-1.231632	2.772676	
1116	0.366220	-1.237314	2.782313	
1117	0.361099	-1.240235	2.785056	
1118	0.355814	-1.244234	2.790264	
1119	0.349028	-1.245370	2.792988	
1120	0.343479	-1.247029	2.794016	
1121	0.337557	-1.251101	2.801907	
1122	0.331381	-1.252101	2.803936	
1123	0.327649	-1.258290	2.811210	
1124	0.321814	-1.261692	2.819224	
1125	0.315170	-1.259849	2.817980	
1126	0.310996	-1.262465	2.821358	
1127	0.305639	-1.262499	2.823779	
1128	0.301847	-1.264836	2.827875	
1129	0.298114	-1.266373	2.829457	
1130	0.293883	-1.266418	2.831243	
1131	0.292279	-1.270889	2.836159	
1132	0.289369	-1.272064	2.838205	
1133	0.286787	-1.272884	2.838441	
1134	0.286167	-1.275669	2.838903	
1135	0.284927	-1.277851	2.840410	
1136	0.283532	-1.278883	2.839692	
1137	0.282533	-1.280452	2.840272	
1138	0.282341	-1.282840	2.840485	
1139	0.280737	-1.282870	2.841187	
1140	0.279999	-1.283230	2.840034	
1141	0.279862	-1.285230	2.841533	
1142	0.277764	-1.284072	2.841282	
1143	0.276899	-1.285175	2.843030	
1144	0.275427	-1.285167	2.842555	
1145	0.273435	-1.284834	2.844332	
1146	0.271773	-1.284997	2.846399	
1147	0.270159	-1.286195	2.851368	
1148	0.266980	-1.284768	2.852507	
1149	0.265363	-1.286323	2.856598	
1150	0.264455	-1.288948	2.860918	
1151	0.260916	-1.289284	2.866198	
1152	0.259937	-1.292993	2.871345	
1153	0.257979	-1.295420	2.875027	
1154	0.254568	-1.296990	2.879127	
1155	0.252779	-1.300193	2.882004	
1156	0.250305	-1.302842	2.884965	
1157	0.247852	-1.305901	2.887887	
1158	0.245825	-1.309462	2.890981	
1159	0.243426	-1.312444	2.894311	
1160	0.241411	-1.315706	2.896330	
1161	0.238907	-1.319212	2.899348	
1162	0.236309	-1.322212	2.902210	
1163	0.234890	-1.326752	2.903684	
1164	0.231827	-1.329180	2.907361	
1165	0.229607	-1.332399	2.907843	
1166	0.228096	-1.336456	2.910931	
1167	0.225612	-1.338932	2.913311	
1168	0.224431	-1.342912	2.915155	
1169	0.222946	-1.346314	2.918458	
1170	0.220974	-1.348746	2.921461	
1171	0.219920	-1.352156	2.924265	
1172	0.218649	-1.355267	2.928013	
1173	0.216499	-1.357393	2.930577	
1174	0.214063	-1.359578	2.932953	
1175	0.213143	-1.363237	2.935136	
1176	0.210197	-1.364478	2.940533	
1177	0.207660	-1.366184	2.942312	
1178	0.205925	-1.368582	2.947176	
1179	0.202815	-1.369856	2.951428	
1180	0.200500	-1.371913	2.955315	
1181	0.198414	-1.374939	2.959789	
1182	0.195923	-1.377650	2.964108	
1183	0.193182	-1.380904	2.969323	
1184	0.190467	-1.384632	2.974173	
1185	0.186625	-1.388069	2.978290	
1186	0.182726	-1.391751	2.982435	
1187	0.179025	-1.396578	2.987679	
1188	0.174212	-1.400373	2.993784	
1189	0.170381	-1.404912	2.998241	
1190	0.166524	-1.409920	3.002956	
1191	0.160852	-1.413469	3.008881	
1192	0.156219	-1.418036	3.013449	
1193	0.150502	-1.422792	3.019064	
1194	0.143771	-1.426925	3.025570	
1195	0.138950	-1.432757	3.031256	
1196	0.133739	-1.438147	3.037519	
1197	0.128659	-1.442907	3.043846	
1198	0.124198	-1.447971	3.050874	
1199	0.119595	-1.453004	3.057414	
1200	0.115055	-1.458131	3.063558	
1201	0.110455	-1.463141	3.069684	
1202	0.103022	-1.474222	3.085794	
1203	0.099281	-1.479430	3.092785	
1204	0.095846	-1.484462	3.100290	
1205	0.092780	-1.489614	3.107274	
1206	0.090781	-1.495120	3.115826	
1207	0.088160	-1.499523	3.124479	
1208	0.086782	-1.504505	3.132106	
1209	0.085067	-1.509263	3.140730	
1210	0.083272	-1.514145	3.149170	
1211	0.081310	-1.518585	3.154535	
1212	0.079223	-1.522630	3.161988	
1213	0.076210	-1.530062	3.173705	
1214	0.076170	-1.534226	3.180499	
1215	0.076304	-1.538079	3.184844	
1216	0.077426	-1.542402	3.190721	
1217	0.078992	-1.546302	3.196559	
1218	0.080978	-1.549845	3.203123	
1219	0.083965	-1.553493	3.208265	
1220	0.087163	-1.557017	3.213986	
1221	0.091392	-1.560523	3.220568	
1222	0.095682	-1.563327	3.226294	
1223	0.100921	-1.566555	3.232099	
1224	0.106615	-1.568932	3.239745	
1225	0.113043	-1.571356	3.246254	
1226	0.120354	-1.573766	3.253389	
1227	0.127386	-1.575709	3.261556	
1228	0.135411	-1.577808	3.269075	
1229	0.144300	-1.581184	3.275849	
1230	0.152663	-1.583720	3.285258	
1231	0.161062	-1.586676	3.291995	
1232	0.170129	-1.590437	3.299611	
1233	0.178320	-1.593666	3.306701	
1234	0.186464	-1.597575	3.312604	
1235	0.194880	-1.601471	3.319029	
1236	0.202577	-1.604574	3.324238	
1237	0.210555	-1.608229	3.328865	
1238	0.218313	-1.611246	3.334102	
1239	0.226040	-1.614505	3.340123	
1240	0.233059	-1.618614	3.345688	
1241	0.239144	-1.622924	3.350679	
1242	0.245908	-1.627217	3.357089	
1243	0.251295	-1.631229	3.361300	
1244	0.257025	-1.634933	3.366330	
1245	0.262151	-1.638576	3.371735	
1246	0.267631	-1.643132	3.375793	
1247	0.273676	-1.647142	3.382376	
1248	0.278883	-1.651571	3.387406	
1249	0.285008	-1.657134	3.392283	
1250	0.296581	-1.665049	3.400602	
1251	0.302525	-1.670043	3.405852	
1252	0.308915	-1.675398	3.411438	
1253	0.316273	-1.680800	3.417551	
1254	0.330276	-1.692435	3.430534	
1255	0.337366	-1.698333	3.437411	
1256	0.343560	-1.703724	3.443903	
1257	0.350609	-1.708699	3.450554	
1258	0.356833	-1.713000	3.457596	
1259	0.363258	-1.716448	3.464858	
1260	0.369744	-1.721277	3.469484	
1261	0.376793	-1.725622	3.474949	
1262	0.383112	-1.729849	3.480403	
1263	0.389711	-1.733592	3.484973	
1264	0.395901	-1.736842	3.489124	
1265	0.402888	-1.739370	3.493974	
1266	0.410563	-1.741906	3.498446	
1267	0.419628	-1.745170	3.501859	
1268	0.428847	-1.747625	3.506230	
1269	0.437610	-1.749989	3.509924	
1270	0.447410	-1.752347	3.513555	
1271	0.457400	-1.754081	3.517093	
1272	0.467464	-1.755638	3.520765	
1273	0.479590	-1.757657	3.523378	
1274	0.491054	-1.759117	3.526348	
1275	0.502518	-1.759665	3.529664	
1276	0.514817	-1.761695	3.531140	
1277	0.527426	-1.762337	3.534163	
1278	0.539987	-1.763095	3.536438	
1279	0.552108	-1.762902	3.539441	
1280	0.565030	-1.763326	3.541492	
1281	0.576850	-1.763742	3.543374	
1282	0.588904	-1.763954	3.545156	
1283	0.600392	-1.764745	3.545880	
1284	0.612875	-1.766332	3.546550	
1285	0.625494	-1.767298	3.548362	
1286	0.639045	-1.768557	3.550076	
1287	0.651479	-1.769982	3.551222	
1288	0.663175	-1.771244	3.552170	
1289	0.675800	-1.771944	3.553734	
1290	0.689724	-1.773410	3.554050	
1291	0.702125	-1.773701	3.555306	
1292	0.713722	-1.774599	3.555352	
1293	0.726592	-1.775655	3.555943	
1294	0.738722	-1.776990	3.556189	
1295	0.750575	-1.777938	3.557157	
1296	0.763500	-1.779437	3.556972	
1297	0.774622	-1.779658	3.558128	
1298	0.785633	-1.779710	3.559313	
1299	0.799015	-1.781611	3.559383	
1300	0.811165	-1.782531	3.560840	
1301	0.823459	-1.783745	3.562419	
1302	0.836802	-1.785900	3.563716	
1303	0.848495	-1.786452	3.567137	
1304	0.860494	-1.788403	3.569420	
1305	0.874994	-1.789189	3.573505	
1306	0.886371	-1.790935	3.576720	
1307	0.898958	-1.793293	3.580778	
1308	0.910437	-1.795848	3.585039	
1309	0.920940	-1.797821	3.590854	
1310	0.933168	-1.800618	3.595998	
1311	0.946342	-1.802632	3.602193	
1312	0.957019	-1.804550	3.608658	
1313	0.968826	-1.808672	3.612795	
1314	0.980518	-1.811379	3.618081	
1315	0.989477	-1.813481	3.623366	
1316	0.998705	-1.816945	3.627108	
1317	1.007246	-1.819259	3.631512	
1318	1.023921	-1.822043	3.641540	
1319	1.032251	-1.824368	3.644930	
1320	1.041721	-1.825268	3.649452	
1321	1.049796	-1.826523	3.653092	
1322	1.060285	-1.828499	3.655169	
1323	1.075232	-1.827912	3.658646	
1324	1.083795	-1.829233	3.660801	
1325	1.094495	-1.831029	3.661998	
1326	1.105154	-1.830746	3.664928	
1327	1.115362	-1.831955	3.665655	
1328	1.126212	-1.833676	3.665485	
1329	1.137032	-1.832622	3.666611	
1330	1.148519	-1.833252	3.666129	
1331	1.159749	-1.832945	3.665292	
1332	1.170930	-1.832388	3.664167	
1333	1.184342	-1.831114	3.662924	
1334	1.209063	-1.828780	3.658350	
1335	1.222188	-1.825579	3.658305	
1336	1.233436	-1.822145	3.658176	
1337	1.263749	-1.817131	3.655534	
1338	1.290434	-1.813116	3.650793	
1339	1.305447	-1.809103	3.648757	
1340	1.315442	-1.806157	3.646951	
1341	1.328483	-1.804400	3.642400	
1342	1.340399	-1.802427	3.638566	
1343	1.352644	-1.801512	3.633950	
1344	1.363214	-1.801586	3.628756	
1345	1.379406	-1.797858	3.624651	
1346	1.382799	-1.798465	3.620974	
1347	1.398773	-1.795600	3.616028	
1348	1.403755	-1.794606	3.613039	
1349	1.409722	-1.794648	3.608052	
1350	1.419896	-1.793118	3.603489	
1351	1.428707	-1.790353	3.600058	
1352	1.435320	-1.791313	3.594528	
1353	1.444945	-1.789537	3.589839	
1354	1.454589	-1.787133	3.585828	
1355	1.462728	-1.786697	3.580127	
1356	1.473964	-1.784050	3.575551	
1357	1.482896	-1.781831	3.571528	
1358	1.494306	-1.780608	3.565277	
1359	1.506690	-1.777176	3.561300	
1360	1.517019	-1.775044	3.557722	
1361	1.529122	-1.773124	3.553958	
1362	1.542474	-1.770967	3.549376	
1363	1.552766	-1.767303	3.548546	
1364	1.564283	-1.765685	3.545261	
1365	1.578286	-1.763357	3.541716	
1366	1.589479	-1.760342	3.539698	
1367	1.600662	-1.759487	3.535213	
1368	1.613287	-1.756162	3.531904	
1369	1.621628	-1.754318	3.529231	
1370	1.632863	-1.751951	3.525147	
1371	1.643451	-1.748130	3.523140	
1372	1.652544	-1.746034	3.520377	
1373	1.662383	-1.743489	3.517177	
1374	1.671453	-1.740122	3.513907	
1375	1.679307	-1.737862	3.510332	
1376	1.687329	-1.735495	3.506195	
1377	1.696310	-1.732869	3.500923	
1378	1.704455	-1.729930	3.496189	
1379	1.711888	-1.727575	3.490639	
1380	1.720980	-1.724111	3.484342	
1381	1.730825	-1.718252	3.479160	
1382	1.735793	-1.715230	3.474458	
1383	1.743351	-1.711219	3.467933	
1384	1.752718	-1.704652	3.461194	
1385	1.758275	-1.700770	3.454333	
1386	1.765738	-1.695820	3.446517	
1387	1.773500	-1.690334	3.437407	
1388	1.780336	-1.685672	3.427953	
1389	1.787295	-1.680892	3.418152	
1390	1.793240	-1.674984	3.411815	
1391	1.802158	-1.669695	3.401824	
1392	1.812371	-1.664613	3.391116	
1393	1.818872	-1.659035	3.384393	
1394	1.824648	-1.654494	3.377348	
1395	1.838416	-1.646965	3.363036	
1396	1.850572	-1.637089	3.348873	
1397	1.857914	-1.632294	3.340340	
1398	1.863916	-1.627655	3.333888	
1399	1.870351	-1.624710	3.324657	
1400	1.877129	-1.620578	3.317167	
1401	1.883512	-1.616921	3.309579	
1402	1.889500	-1.614438	3.300966	
1403	1.895493	-1.611180	3.292665	
1404	1.901039	-1.608245	3.283660	
1405	1.906650	-1.603556	3.277312	
1406	1.912707	-1.598534	3.272024	
1407	1.919098	-1.594478	3.263876	
1408	1.926138	-1.589799	3.255940	
1409	1.933217	-1.583843	3.250184	
1410	1.940636	-1.578339	3.242380	
1411	1.948923	-1.572446	3.233845	
1412	1.956444	-1.566756	3.226377	
1413	1.965367	-1.562041	3.216545	
1414	1.975709	-1.554894	3.209102	
1415	1.983805	-1.549126	3.203086	
1416	1.993311	-1.543564	3.196450	
1417	2.003610	-1.537303	3.190371	
1418	2.013528	-1.530334	3.186008	
1419	2.022982	-1.524685	3.179973	
1420	2.033484	-1.518802	3.173129	
1421	2.043456	-1.512539	3.167210	
1422	2.053567	-1.506678	3.160737	
1423	2.061460	-1.501269	3.155669	
1424	2.077250	-1.492074	3.142932	
1425	2.083230	-1.487900	3.138355	
1426	2.089359	-1.484535	3.132486	
1427	2.095627	-1.481500	3.125952	
1428	2.101781	-1.477579	3.119131	
1429	2.107521	-1.472889	3.113433	
1430	2.112342	-1.468526	3.109520	
1431	2.116658	-1.464906	3.104897	
1432	2.121476	-1.461727	3.096560	
1433	2.126811	-1.456762	3.090483	
1434	2.130584	-1.451715	3.086447	
1435	2.134584	-1.446530	3.081485	
1436	2.139243	-1.440695	3.076200	
1437	2.142035	-1.437727	3.067305	
1438	2.145355	-1.433668	3.059665	
1439	2.148261	-1.428530	3.054797	
1440	2.151310	-1.423263	3.048166	
1441	2.155111	-1.418083	3.039734	
1442	2.158226	-1.412741	3.031982	
1443	2.160509	-1.408295	3.024741	
1444	2.164736	-1.402317	3.014122	
1445	2.168189	-1.397629	3.002634	
1446	2.170637	-1.393482	2.995760	
1447	2.172969	-1.389677	2.984524	
1448	2.177113	-1.384181	2.971543	
1449	2.178931	-1.379393	2.967033	
1450	2.179527	-1.376320	2.959672	
1451	2.184727	-1.367884	2.948308	
1452	2.186654	-1.361645	2.940397	
1453	2.185173	-1.359310	2.931081	
1454	2.187015	-1.353006	2.920262	
1455	2.189469	-1.344722	2.911733	
1456	2.189792	-1.339940	2.905340	
1457	2.192163	-1.334110	2.894391	
1458	2.194018	-1.327969	2.885358	
1459	2.195747	-1.321854	2.877184	
1460	2.198235	-1.314866	2.871929	
1461	2.200141	-1.310106	2.860889	
1462	2.202709	-1.305177	2.850394	
1463	2.206131	-1.298288	2.845846	
1464	2.208161	-1.293781	2.834855	
1465	2.212371	-1.287233	2.825686	
1466	2.215425	-1.280758	2.820546	
1467	2.216818	-1.277333	2.808746	
1468	2.221161	-1.271681	2.797373	
1469	2.224010	-1.267556	2.786796	
1470	2.227049	-1.264486	2.774997	
1471	2.236328	-1.253980	2.759055	
1472	2.240438	-1.250781	2.749988	
1473	2.245818	-1.246280	2.743667	
1474	2.251145	-1.242586	2.732812	
1475	2.256806	-1.239223	2.724079	
1476	2.262591	-1.235891	2.714707	
1477	2.267980	-1.232272	2.704391	
1478	2.274609	-1.225947	2.694489	
1479	2.280624	-1.220444	2.687380	
1480	2.285021	-1.216191	2.677893	
1481	2.290586	-1.210110	2.669086	
1482	2.294472	-1.206070	2.661466	
1483	2.298232	-1.201693	2.654008	
1484	2.302289	-1.196398	2.644391	
1485	2.306081	-1.190329	2.638995	
1486	2.308818	-1.186241	2.630551	
1487	2.311785	-1.181423	2.622068	
1488	2.315002	-1.176029	2.616221	
1489	2.316353	-1.172551	2.607069	
1490	2.318638	-1.167316	2.597632	
1491	2.319533	-1.162611	2.589259	
1492	2.320535	-1.158067	2.579859	
1493	2.323034	-1.147064	2.562005	
1494	2.323217	-1.143240	2.551806	
1495	2.323693	-1.137298	2.542480	
1496	2.324005	-1.130863	2.536774	
1497	2.324035	-1.124784	2.528754	
1498	2.321894	-1.121683	2.514863	
1499	2.321866	-1.113937	2.507775	
1500	2.321114	-1.106757	2.501289	
1501	2.321060	-1.098206	2.492120	
1502	2.320970	-1.090114	2.484333	
1503	2.319703	-1.083589	2.474313	
1504	2.318685	-1.077476	2.462517	
1505	2.317504	-1.072596	2.450412	
1506	2.316118	-1.068389	2.437129	
1507	2.315595	-1.062636	2.425130	
1508	2.314561	-1.057381	2.414113	
1509	2.314373	-1.051043	2.403885	
1510	2.313235	-1.045600	2.392150	
1511	2.312497	-1.039366	2.381830	
1512	2.311663	-1.033542	2.372371	
1513	2.309367	-1.030060	2.361729	
1514	2.309011	-1.024012	2.353308	
1515	2.308056	-1.018703	2.345724	
1516	2.306063	-1.016043	2.336360	
1517	2.304231	-1.011502	2.328568	
1518	2.302263	-1.008148	2.321284	
1519	2.300796	-1.004381	2.314331	
1520	2.299839	-0.999241	2.307988	
1521	2.298831	-0.995544	2.301882	
1522	2.298404	-0.992863	2.296588	
1523	2.298705	-0.988574	2.291083	
1524	2.299158	-0.984724	2.286742	
1525	2.299260	-0.982451	2.279884	
1526	2.298678	-0.980415	2.271012	
1527	2.300007	-0.977032	2.264644	
1528	2.300518	-0.974535	2.256142	
1529	2.302022	-0.970631	2.248384	
1530	2.304684	-0.965567	2.240344	
1531	2.308098	-0.959580	2.232603	
1532	2.311970	-0.953691	2.223873	
1533	2.315643	-0.947965	2.214901	
1534	2.318347	-0.943514	2.204847	
1535	2.321630	-0.938943	2.194764	
1536	2.325981	-0.932353	2.185218	
1537	2.329317	-0.928195	2.175558	
1538	2.333025	-0.923508	2.165892	
1539	2.336661	-0.919235	2.156688	
1540	2.340484	-0.915035	2.148119	
1541	2.344155	-0.910301	2.138494	
1542	2.348996	-0.904882	2.131116	
1543	2.352402	-0.901212	2.123267	
1544	2.355539	-0.898733	2.114096	
1545	2.359899	-0.892953	2.107390	
1546	2.363196	-0.888504	2.100288	
1547	2.366334	-0.884769	2.091733	
1548	2.369711	-0.879489	2.084197	
1549	2.372624	-0.874381	2.076322	
1550	2.375905	-0.869174	2.068145	
1551	2.379109	-0.863057	2.059910	
1552	2.381245	-0.858438	2.051589	
1553	2.382936	-0.854605	2.042805	
1554	2.385031	-0.848697	2.034609	
1555	2.385962	-0.843925	2.025185	
1556	2.387529	-0.838445	2.017096	
1557	2.388329	-0.833543	2.008621	
1558	2.388914	-0.829535	1.999949	
1559	2.389578	-0.823843	1.991278	
1560	2.390761	-0.817453	1.982397	
1561	2.391715	-0.811028	1.973898	
1562	2.392020	-0.804930	1.963209	
1563	2.391970	-0.799086	1.953458	
1564	2.392848	-0.785271	1.932781	
1565	2.393695	-0.778412	1.923473	
1566	2.394931	-0.772003	1.913717	
1567	2.396775	-0.764255	1.903237	
1568	2.399693	-0.757111	1.893928	
1569	2.402254	-0.749918	1.883437	
1570	2.405170	-0.743085	1.875218	
1571	2.408080	-0.737872	1.867040	
1572	2.410005	-0.733208	1.856382	
1573	2.411729	-0.728880	1.848077	
1574	2.413088	-0.725613	1.839161	
1575	2.416055	-0.720276	1.831626	
1576	2.417287	-0.718189	1.822288	
1577	2.419852	-0.714873	1.814119	
1578	2.422489	-0.711637	1.806862	
1579	2.427391	-0.705647	1.789004	
1580	2.429897	-0.702192	1.780122	
1581	2.431719	-0.699883	1.771099	
1582	2.435079	-0.696902	1.762439	
1583	2.439437	-0.692113	1.753563	
1584	2.443231	-0.688331	1.744017	
1585	2.446869	-0.684995	1.734096	
1586	2.451559	-0.679714	1.725301	
1587	2.455360	-0.675467	1.714696	
1588	2.459856	-0.671346	1.705118	
1589	2.465466	-0.665489	1.696632	
1590	2.470194	-0.661288	1.686444	
1591	2.474360	-0.658528	1.676350	
1592	2.478872	-0.653809	1.665693	
1593	2.483782	-0.651055	1.657395	
1594	2.487953	-0.645928	1.647000	
1595	2.493985	-0.639999	1.638147	
1596	2.498713	-0.633084	1.629393	
1597	2.503436	-0.628010	1.619443	
1598	2.508637	-0.620897	1.611770	
1599	2.512411	-0.614728	1.602847	
1600	2.516966	-0.608916	1.595745	
1601	2.520600	-0.602910	1.588119	
1602	2.523429	-0.596380	1.580132	
1603	2.526682	-0.590609	1.573444	
1604	2.528722	-0.584463	1.566824	
1605	2.531380	-0.578796	1.562075	
1606	2.533729	-0.571573	1.556742	
1607	2.534145	-0.566484	1.550250	
1608	2.535358	-0.561218	1.544763	
1609	2.535964	-0.556157	1.538602	
1610	2.535668	-0.550813	1.531868	
1611	2.535637	-0.546104	1.525900	
1612	2.534559	-0.541719	1.518951	
1613	2.533010	-0.536435	1.512243	
1614	2.529177	-0.525442	1.495995	
1615	2.526358	-0.518990	1.486779	
1616	2.523407	-0.514332	1.478860	
1617	2.520589	-0.508866	1.470273	
1618	2.517335	-0.503395	1.461567	
1619	2.513538	-0.497054	1.453024	
1620	2.509525	-0.490919	1.444120	
1621	2.506460	-0.484577	1.436278	
1622	2.502373	-0.479130	1.428262	
1623	2.497998	-0.474746	1.420553	
1624	2.493753	-0.470222	1.412113	
1625	2.489629	-0.465478	1.404335	
1626	2.484142	-0.461766	1.395418	
1627	2.479426	-0.459384	1.388388	
1628	2.474050	-0.456678	1.380941	
1629	2.468608	-0.454939	1.373388	
1630	2.464051	-0.451387	1.366856	
1631	2.460430	-0.448303	1.360647	
1632	2.455616	-0.446046	1.351903	
1633	2.452196	-0.443291	1.344054	
1634	2.448442	-0.440752	1.335340	
1635	2.445533	-0.438978	1.328726	
1636	2.442070	-0.437074	1.322244	
1637	2.438409	-0.434007	1.316071	
1638	2.434173	-0.433010	1.309330	
1639	2.430718	-0.429754	1.304237	
1640	2.427823	-0.427977	1.300666	
1641	2.421901	-0.427063	1.294168	
1642	2.418155	-0.424011	1.289827	
1643	2.414766	-0.422144	1.286092	
1644	2.410014	-0.421280	1.282223	
1645	2.406507	-0.419416	1.279548	
1646	2.402485	-0.418705	1.277267	
1647	2.397297	-0.417409	1.273793	
1648	2.394477	-0.413972	1.272954	
1649	2.391382	-0.411094	1.272798	
1650	2.386784	-0.409640	1.270927	
1651	2.382095	-0.407218	1.268548	
1652	2.376107	-0.404844	1.265061	
1653	2.371833	-0.402793	1.263429	
1654	2.367813	-0.400598	1.262183	
1655	2.362118	-0.398457	1.260180	
1656	2.356667	-0.396262	1.258479	
1657	2.350679	-0.392736	1.256527	
1658	2.343870	-0.391638	1.254813	
1659	2.336658	-0.389465	1.252409	
1660	2.329718	-0.387996	1.250693	
1661	2.320911	-0.386373	1.247748	
1662	2.312571	-0.384974	1.245304	
1663	2.304121	-0.383605	1.243127	
1664	2.293728	-0.382627	1.239908	
1665	2.284280	-0.381732	1.237050	
1666	2.276331	-0.380634	1.235381	
1667	2.266623	-0.380667	1.232580	
1668	2.255708	-0.380664	1.228136	
1669	2.246919	-0.380680	1.225457	
1670	2.237440	-0.380176	1.223288	
1671	2.225906	-0.378224	1.219686	
1672	2.215178	-0.377985	1.217195	
1673	2.204493	-0.378322	1.215959	
1674	2.191782	-0.377870	1.214005	
1675	2.179780	-0.375689	1.211648	
1676	2.169093	-0.375284	1.210661	
1677	2.157370	-0.374293	1.209371	
1678	2.145964	-0.371831	1.207697	
1679	2.136623	-0.370910	1.208118	
1680	2.126769	-0.370173	1.208388	
1681	2.117677	-0.368342	1.208183	
1682	2.108425	-0.367627	1.207703	
1683	2.099842	-0.365852	1.207092	
1684	2.092250	-0.363298	1.206803	
1685	2.084140	-0.362693	1.206050	
1686	2.076720	-0.361197	1.204563	
1687	2.070516	-0.359216	1.203809	
1688	2.056467	-0.356696	1.201814	
1689	2.050121	-0.355136	1.201241	
1690	2.043790	-0.353662	1.200057	
1691	2.037571	-0.351098	1.198622	
1692	2.030961	-0.348196	1.196851	
1693	2.025245	-0.343975	1.195194	
1694	2.018253	-0.340197	1.192731	
1695	2.011723	-0.335856	1.190286	
1696	2.005471	-0.332117	1.187370	
1697	1.999618	-0.327048	1.184496	
1698	1.993866	-0.322626	1.180956	
1699	1.988484	-0.318416	1.177395	
1700	1.983103	-0.313821	1.173810	
1701	1.977721	-0.309352	1.169808	
1702	1.972238	-0.304951	1.165862	
1703	1.967183	-0.300578	1.161902	
1704	1.961848	-0.296583	1.157050	
1705	1.956451	-0.292680	1.152085	
1706	1.952181	-0.288659	1.147733	
1707	1.947015	-0.285658	1.142740	
1708	1.941487	-0.281429	1.137814	
1709	1.936744	-0.278318	1.133531	
1710	1.930855	-0.275412	1.129264	
1711	1.924688	-0.270905	1.124686	
1712	1.919733	-0.267554	1.121312	
1713	1.913570	-0.265304	1.117349	
1714	1.906324	-0.261098	1.112753	
1715	1.899568	-0.258297	1.108509	
1716	1.892347	-0.255865	1.104135	
1717	1.884706	-0.252478	1.099638	
1718	1.877179	-0.249678	1.095159	
1719	1.868519	-0.246754	1.090312	
1720	1.860175	-0.243191	1.085836	
1721	1.851749	-0.240641	1.081505	
1722	1.842784	-0.237954	1.077415	
1723	1.832871	-0.234990	1.072951	
1724	1.823498	-0.232413	1.068932	
1725	1.812333	-0.230437	1.064528	
1726	1.802134	-0.227039	1.060779	
1727	1.793685	-0.225095	1.057670	
1728	1.783978	-0.222669	1.054402	
1729	1.766875	-0.218199	1.049185	
1730	1.758677	-0.216689	1.047405	
1731	1.749779	-0.214701	1.045083	
1732	1.742272	-0.213165	1.043382	
1733	1.734931	-0.212124	1.042168	
1734	1.727755	-0.211020	1.040940	
1735	1.721396	-0.208724	1.039525	
1736	1.715165	-0.207613	1.038349	
1737	1.708789	-0.207907	1.036768	
1738	1.702743	-0.206437	1.034779	
1739	1.697308	-0.205762	1.033299	
1740	1.691974	-0.205341	1.032364	
1741	1.686441	-0.204243	1.031404	
1742	1.681904	-0.202945	1.030519	
1743	1.676764	-0.201587	1.029202	
1744	1.672385	-0.200096	1.027998	
1745	1.667099	-0.199279	1.025973	
1746	1.662204	-0.198429	1.023660	
1747	1.656383	-0.196605	1.020840	
1748	1.651595	-0.196588	1.018314	
1749	1.646004	-0.195435	1.015068	
1750	1.640354	-0.192609	1.011467	
1751	1.635752	-0.190954	1.008429	
1752	1.630271	-0.189037	1.004778	
1753	1.624226	-0.185752	1.000655	
1754	1.618240	-0.181989	0.996300	
1755	1.612280	-0.179778	0.991346	
1756	1.606272	-0.174645	0.986334	
1757	1.600612	-0.170931	0.980990	
1758	1.587998	-0.163544	0.969259	
1759	1.581574	-0.159901	0.963069	
1760	1.575893	-0.156344	0.957059	
1761	1.569500	-0.152200	0.950487	
1762	1.564099	-0.148729	0.944273	
1763	1.558194	-0.145495	0.938082	
1764	1.552539	-0.140352	0.931919	
1765	1.547758	-0.136482	0.926144	
1766	1.534933	-0.129043	0.914047	
1767	1.529670	-0.126186	0.908313	
1768	1.524345	-0.121221	0.902940	
1769	1.518700	-0.116842	0.897515	
1770	1.513748	-0.114171	0.892065	
1771	1.509626	-0.110469	0.887341	
1772	1.505757	-0.106863	0.882877	
1773	1.500914	-0.103794	0.878367	
1774	1.496215	-0.101979	0.873880	
1775	1.491778	-0.101263	0.870046	
1776	1.481016	-0.104577	0.860245	
1777	1.475278	-0.105809	0.855185	
1778	1.468911	-0.108280	0.850168	
1779	1.462370	-0.112079	0.844462	
1780	1.454466	-0.114682	0.838852	
1781	1.439574	-0.121790	0.827605	
1782	1.431755	-0.123383	0.822532	
1783	1.424069	-0.124936	0.818045	
1784	1.416776	-0.125237	0.813993	
1785	1.409261	-0.125688	0.810261	
1786	1.401622	-0.127009	0.806143	
1787	1.395041	-0.128192	0.802420	
1788	1.387725	-0.127916	0.798718	
1789	1.374483	-0.127803	0.792802	
1790	1.367868	-0.128645	0.789837	
1791	1.361194	-0.128722	0.787014	
1792	1.355395	-0.128479	0.784462	
1793	1.349206	-0.129480	0.781013	
1794	1.342179	-0.128438	0.777959	
1795	1.337739	-0.128742	0.775121	
1796	1.331774	-0.129004	0.772166	
1797	1.325351	-0.127994	0.769493	
1798	1.319467	-0.127028	0.766665	
1799	1.314292	-0.126687	0.763967	
1800	1.309249	-0.124428	0.761639	
1801	1.304402	-0.123074	0.758070	
1802	1.299770	-0.121640	0.754808	
1803	1.293392	-0.120641	0.751214	
1804	1.290350	-0.119907	0.748204	
1805	1.285956	-0.117024	0.746202	
1806	1.282186	-0.115143	0.744483	
1807	1.278091	-0.114485	0.741608	
1808	1.273564	-0.111696	0.739142	
1809	1.270084	-0.108962	0.736850	
1810	1.265584	-0.107482	0.733219	
1811	1.261248	-0.103867	0.729804	
1812	1.258484	-0.099428	0.726830	
1813	1.254228	-0.096387	0.721666	
1814	1.249225	-0.092932	0.716249	
1815	1.245512	-0.087089	0.711726	
1816	1.242740	-0.084360	0.705600	
1817	1.238950	-0.080815	0.699400	
1818	1.235896	-0.075789	0.694412	
1819	1.233617	-0.073697	0.688177	
1820	1.231196	-0.069996	0.682532	
1821	1.226150	-0.065214	0.677844	
1822	1.224199	-0.063143	0.672235	
1823	1.220059	-0.058716	0.667556	
1824	1.216417	-0.056764	0.662323	
1825	1.213243	-0.056082	0.656527	
1826	1.208361	-0.053658	0.651761	
1827	1.205547	-0.051615	0.646965	
1828	1.200738	-0.050415	0.641738	
1829	1.195577	-0.047570	0.638132	
1830	1.190656	-0.047721	0.633326	
1831	1.185569	-0.047324	0.628532	
1832	1.178592	-0.046512	0.624429	
1833	1.171191	-0.044960	0.620573	
1834	1.164590	-0.045418	0.615611	
1835	1.156128	-0.044981	0.611170	
1836	1.147815	-0.044269	0.607210	
1837	1.141648	-0.045244	0.602754	
1838	1.132720	-0.046360	0.598590	
1839	1.123495	-0.048190	0.594941	
1840	1.115996	-0.051397	0.591540	
1841	1.106717	-0.056635	0.587813	
1842	1.095881	-0.060179	0.585212	
1843	1.087373	-0.063931	0.583808	
1844	1.076736	-0.066032	0.583392	
1845	1.064856	-0.068639	0.583550	
1846	1.054706	-0.073093	0.583118	
1847	1.044080	-0.076808	0.583273	
1848	1.033285	-0.078978	0.584253	
1849	1.024005	-0.082174	0.585111	
1850	1.013430	-0.085409	0.586194	
1851	1.002265	-0.088627	0.587818	
1852	0.992633	-0.092061	0.588987	
1853	0.982666	-0.094769	0.590329	
1854	0.973241	-0.098798	0.591155	
1855	0.964836	-0.103653	0.591496	
1856	0.955876	-0.105906	0.593451	
1857	0.947201	-0.108197	0.595326	
1858	0.939747	-0.110310	0.597078	
1859	0.931010	-0.113759	0.598670	
1860	0.922579	-0.116158	0.600575	
1861	0.916297	-0.118516	0.602554	
1862	0.907770	-0.118787	0.605891	
1863	0.901434	-0.121387	0.607989	
1864	0.894401	-0.122986	0.610394	
1865	0.886715	-0.124242	0.613379	
1866	0.879774	-0.126306	0.616240	
1867	0.872622	-0.128437	0.618837	
1868	0.865423	-0.127538	0.622627	
1869	0.860413	-0.128540	0.626213	
1870	0.855290	-0.133267	0.627745	
1871	0.848093	-0.134413	0.630286	
1872	0.839653	-0.134926	0.634254	
1873	0.834939	-0.140135	0.635509	
1874	0.829441	-0.142110	0.637072	
1875	0.821526	-0.143512	0.640329	
1876	0.817160	-0.147365	0.642051	
1877	0.812294	-0.148790	0.644181	
1878	0.805132	-0.149742	0.647468	
1879	0.800637	-0.151607	0.649736	
1880	0.795936	-0.153803	0.651996	
1881	0.790189	-0.154686	0.655159	
1882	0.785007	-0.155595	0.658538	
1883	0.781381	-0.156980	0.661680	
1884	0.772932	-0.157930	0.668809	
1885	0.767995	-0.158703	0.672113	
1886	0.762633	-0.157763	0.676596	
1887	0.758039	-0.158348	0.680441	
1888	0.754161	-0.159091	0.683833	
1889	0.749500	-0.158293	0.688339	
1890	0.747336	-0.157236	0.693301	
1891	0.744144	-0.158191	0.697953	
1892	0.740406	-0.157774	0.703656	
1893	0.737483	-0.156944	0.710100	
1894	0.733904	-0.156948	0.717297	
1895	0.730776	-0.155698	0.725453	
1896	0.729733	-0.156080	0.733574	
1897	0.726521	-0.156939	0.741690	
1898	0.724061	-0.155575	0.750479	
1899	0.721876	-0.155085	0.758920	
1900	0.719580	-0.156468	0.766516	
1901	0.716633	-0.156834	0.773998	
1902	0.713541	-0.157400	0.781481	
1903	0.710293	-0.158830	0.788876	
1904	0.707225	-0.160944	0.796221	
1905	0.704025	-0.161965	0.804502	
1906	0.700790	-0.164777	0.812325	
1907	0.697515	-0.168862	0.819466	
1908	0.693992	-0.170834	0.827923	
1909	0.691463	-0.174861	0.835602	
1910	0.688992	-0.179695	0.842422	
1911	0.686381	-0.180623	0.851512	
1912	0.683510	-0.184695	0.859119	
1913	0.680186	-0.188400	0.865402	
1914	0.678513	-0.189964	0.874079	
1915	0.677851	-0.193449	0.881456	
1916	0.676335	-0.196683	0.888015	
1917	0.675080	-0.198209	0.895444	
1918	0.674922	-0.200808	0.902512	
1919	0.674344	-0.203870	0.908176	
1920	0.674096	-0.205709	0.914652	
1921	0.674256	-0.208122	0.920674	
1922	0.675245	-0.211069	0.926125	
1923	0.676778	-0.213301	0.932243	
1924	0.678051	-0.216364	0.937905	
1925	0.679091	-0.219564	0.942773	
1926	0.679763	-0.222055	0.947692	
1927	0.680736	-0.223888	0.953143	
1928	0.682477	-0.226179	0.958597	
1929	0.683066	-0.229140	0.963470	
1930	0.684167	-0.229983	0.969973	
1931	0.684414	-0.232842	0.975329	
1932	0.685409	-0.234151	0.980730	
1933	0.687662	-0.235491	0.987147	
1934	0.688835	-0.238066	0.991806	
1935	0.689707	-0.238748	0.996396	
1936	0.690927	-0.238842	1.002090	
1937	0.691537	-0.239976	1.006498	
1938	0.693360	-0.239445	1.017115	
1939	0.693814	-0.239523	1.021355	
1940	0.694489	-0.238777	1.025626	
1941	0.695166	-0.235742	1.036265	
1942	0.694999	-0.233646	1.041002	
1943	0.695237	-0.231040	1.046897	
1944	0.696337	-0.229021	1.052351	
1945	0.696158	-0.226408	1.058146	
1946	0.696326	-0.223634	1.064129	
1947	0.696329	-0.221434	1.069891	
1948	0.693845	-0.213218	1.088160	
1949	0.693944	-0.210899	1.095042	
1950	0.693912	-0.209399	1.101942	
1951	0.693250	-0.207511	1.116230	
1952	0.692348	-0.206737	1.123367	
1953	0.691442	-0.205935	1.130433	
1954	0.690473	-0.205750	1.136912	
1955	0.689159	-0.206342	1.143096	
1956	0.690100	-0.205825	1.149713	
1957	0.689008	-0.207075	1.160605	
1958	0.689262	-0.207108	1.166258	
1959	0.689408	-0.207552	1.171374	
1960	0.689861	-0.207356	1.176997	
1961	0.690777	-0.207093	1.182743	
1962	0.690566	-0.207545	1.187762	
1963	0.690704	-0.207953	1.192657	
1964	0.692010	-0.207590	1.197905	
1965	0.692777	-0.207607	1.202838	
1966	0.692839	-0.208251	1.207163	
1967	0.693326	-0.208230	1.211711	
1968	0.693137	-0.207817	1.215681	
1969	0.692913	-0.207745	1.219239	
1970	0.693300	-0.206300	1.223573	
1971	0.694293	-0.204513	1.227322	
1972	0.694328	-0.203606	1.230311	
1973	0.694408	-0.201952	1.233489	
1974	0.695849	-0.201043	1.236547	
1975	0.695815	-0.199928	1.238757	
1976	0.694623	-0.198662	1.240852	
1977	0.694417	-0.198198	1.242463	
1978	0.694646	-0.197263	1.244689	
1979	0.694329	-0.196689	1.246233	
1980	0.693133	-0.195871	1.247621	
1981	0.692009	-0.194582	1.249411	
1982	0.690975	-0.193889	1.251054	
1983	0.686620	-0.193014	1.253579	
1984	0.684773	-0.191037	1.255605	
1985	0.682519	-0.188467	1.257287	
1986	0.679430	-0.185531	1.258890	
1987	0.676430	-0.183244	1.259972	
1988	0.673007	-0.180151	1.261140	
1989	0.669793	-0.177822	1.262271	
1990	0.666262	-0.176511	1.262898	
1991	0.662579	-0.174413	1.263723	
1992	0.659997	-0.173150	1.264850	
1993	0.656411	-0.172376	1.265467	
1994	0.652251	-0.170719	1.266340	
1995	0.648536	-0.169509	1.267161	
1996	0.644181	-0.168097	1.267925	
1997	0.639518	-0.166901	1.268775	
1998	0.635121	-0.165949	1.269804	
1999	0.630116	-0.165196	1.270216	
2000	0.625444	-0.164298	1.270967	
2001	0.620433	-0.164690	1.270858	
2002	0.615399	-0.164325	1.270803	
2003	0.610948	-0.163810	1.271255	
2004	0.606800	-0.164475	1.271255	
2005	0.602211	-0.164654	1.271332	
2006	0.597695	-0.164669	1.271512	
2007	0.593792	-0.165214	1.271442	
2008	0.589409	-0.165420	1.271178	
2009	0.584764	-0.165175	1.270660	
2010	0.580571	-0.164441	1.270141	
2011	0.575953	-0.162993	1.269786	
2012	0.571502	-0.161689	1.269545	
2013	0.566782	-0.161814	1.268245	
2014	0.562261	-0.160099	1.267438	
2015	0.557943	-0.158650	1.266868	
2016	0.553961	-0.157470	1.265801	
2017	0.550355	-0.154689	1.265615	
2018	0.546009	-0.155283	1.263858	
2019	0.542764	-0.153341	1.263046	
2020	0.539301	-0.153766	1.262445	
2021	0.536249	-0.152720	1.261405	
2022	0.533229	-0.151946	1.260622	
2023	0.527435	-0.151562	1.258580	
2024	0.524812	-0.152043	1.257802	
2025	0.522465	-0.151803	1.257503	
2026	0.519531	-0.152128	1.256178	
2027	0.517252	-0.150265	1.256211	
2028	0.514380	-0.150344	1.255092	
2029	0.511380	-0.148817	1.253709	
2030	0.508543	-0.148512	1.252943	
2031	0.504733	-0.147800	1.251148	
2032	0.501021	-0.146683	1.249609	
2033	0.497337	-0.146292	1.248086	
2034	0.493457	-0.145452	1.246457	
2035	0.489747	-0.144780	1.244899	
2036	0.485635	-0.143754	1.242815	
2037	0.481733	-0.143213	1.241046	
2038	0.476893	-0.142467	1.238132	
2039	0.472315	-0.142241	1.235822	
2040	0.468043	-0.141477	1.233324	
2041	0.464478	-0.140964	1.231171	
2042	0.461158	-0.140490	1.229247	
2043	0.457853	-0.139440	1.227221	
2044	0.450883	-0.137510	1.221209	
2045	0.446076	-0.134826	1.216854	
2046	0.443460	-0.133865	1.214212	
2047	0.440594	-0.132279	1.211440	
2048	0.437111	-0.131145	1.207704	
2049	0.433631	-0.128231	1.204230	
2050	0.430238	-0.127440	1.200829	
2051	0.427117	-0.125974	1.197861	
2052	0.424411	-0.124053	1.195658	
2053	0.420855	-0.123069	1.192039	
2054	0.418244	-0.120940	1.189790	
2055	0.415014	-0.119383	1.186774	
2056	0.411282	-0.117889	1.183388	
2057	0.405469	-0.114189	1.178047	
2058	0.402438	-0.113041	1.175117	
2059	0.399773	-0.111054	1.172796	
2060	0.396500	-0.109414	1.169647	
2061	0.393429	-0.107018	1.166906	
2062	0.387979	-0.102908	1.161998	
2063	0.385145	-0.100324	1.159239	
2064	0.380713	-0.094628	1.154839	
2065	0.378588	-0.092543	1.152776	
2066	0.376602	-0.090683	1.150424	
2067	0.374887	-0.088280	1.148774	
2068	0.372748	-0.087451	1.146129	
2069	0.370587	-0.086073	1.143518	
2070	0.366946	-0.084877	1.139409	
2071	0.364730	-0.084505	1.136789	
2072	0.362948	-0.083460	1.134372	
2073	0.360620	-0.084010	1.131152	
2074	0.358546	-0.084042	1.127964	
2075	0.357471	-0.082834	1.125410	
2076	0.355523	-0.083137	1.121550	
2077	0.354210	-0.081511	1.117998	
2078	0.353563	-0.080684	1.114667	
2079	0.352354	-0.080929	1.110589	
2080	0.351868	-0.079850	1.106724	
2081	0.351099	-0.078021	1.102829	
2082	0.350140	-0.077338	1.098256	
2083	0.350040	-0.075870	1.093875	
2084	0.349760	-0.074351	1.088889	
2085	0.349258	-0.072747	1.083501	
2086	0.349638	-0.071017	1.078640	
2087	0.349844	-0.071190	1.073425	
2088	0.350373	-0.070120	1.067595	
2089	0.351006	-0.068693	1.061683	
2090	0.352156	-0.068456	1.055882	
2091	0.353223	-0.066692	1.050330	
2092	0.354331	-0.063302	1.045921	
2093	0.355900	-0.062755	1.039271	
2094	0.356123	-0.059459	1.034047	
2095	0.357468	-0.057401	1.028201	
2096	0.357884	-0.056569	1.020690	
2097	0.358152	-0.052795	1.014622	
2098	0.359254	-0.051430	1.007042	
2099	0.358892	-0.049504	0.999188	
2100	0.359362	-0.046954	0.991888	
2101	0.359307	-0.046578	0.983610	
2102	0.358762	-0.044873	0.975930	
2103	0.358397	-0.042603	0.969090	
2104	0.357909	-0.041796	0.962284	
2105	0.356518	-0.041801	0.955376	
2106	0.355063	-0.040776	0.948895	
2107	0.353413	-0.041310	0.942791	
2108	0.350894	-0.042350	0.936731	
2109	0.348748	-0.042295	0.932087	
2110	0.345718	-0.043190	0.926491	
2111	0.342833	-0.042595	0.921444	
2112	0.340147	-0.041970	0.916776	
2113	0.336404	-0.042894	0.911342	
2114	0.333261	-0.041808	0.906878	
2115	0.329847	-0.040264	0.902599	
2116	0.327485	-0.040770	0.898735	
2117	0.324149	-0.039352	0.894442	
2118	0.321180	-0.037434	0.890444	
2119	0.317509	-0.037332	0.885300	
2120	0.314491	-0.036070	0.880636	
2121	0.312447	-0.033962	0.876732	
2122	0.308045	-0.036487	0.864669	
2123	0.306601	-0.034173	0.859640	
2124	0.303105	-0.036942	0.845303	
2125	0.301892	-0.034646	0.839473	
2126	0.301002	-0.037126	0.831370	
2127	0.300529	-0.036808	0.824391	
2128	0.299852	-0.034085	0.818406	
2129	0.300057	-0.035590	0.810355	
2130	0.299094	-0.037461	0.801669	
2131	0.297455	-0.035901	0.794630	
2132	0.298478	-0.035781	0.787044	
2133	0.299004	-0.035886	0.772738	
2134	0.300176	-0.037557	0.757903	
2135	0.299697	-0.036265	0.751868	
2136	0.300543	-0.035573	0.745945	
2137	0.300406	-0.037226	0.739294	
2138	0.301009	-0.036586	0.733987	
2139	0.301802	-0.034997	0.728477	
2140	0.301893	-0.035421	0.722235	
2141	0.302565	-0.035443	0.715978	
2142	0.304456	-0.034229	0.710036	
2143	0.305718	-0.031931	0.704664	
2144	0.307782	-0.032060	0.698558	
2145	0.308823	-0.031013	0.692553	
2146	0.310696	-0.028130	0.686880	
2147	0.312531	-0.028147	0.680619	
2148	0.315503	-0.027209	0.674338	
2149	0.322097	-0.020540	0.664160	
2150	0.325874	-0.021814	0.657390	
2151	0.327931	-0.018861	0.651296	
2152	0.334902	-0.015882	0.636867	
2153	0.337090	-0.014337	0.628809	
2154	0.338914	-0.011063	0.621819	
2155	0.341225	-0.008802	0.613624	
2156	0.343004	-0.008542	0.604481	
2157	0.344470	-0.006169	0.595983	
2158	0.345447	-0.003155	0.587038	
2159	0.347350	-0.002717	0.575577	
2160	0.349125	-0.000916	0.565400	
2161	0.354862	0.003503	0.544367	
2162	0.356015	0.005290	0.534038	
2163	0.356412	0.008662	0.524097	
2164	0.357099	0.011829	0.512723	
2165	0.357890	0.012817	0.499928	
2166	0.358022	0.014896	0.489532	
2167	0.358610	0.019322	0.479519	
2168	0.358900	0.019588	0.467091	
2169	0.358274	0.021138	0.454504	
2170	0.358181	0.021962	0.444518	
2171	0.356636	0.024251	0.434093	
2172	0.357192	0.025351	0.423378	
2173	0.357596	0.027619	0.414558	
2174	0.357013	0.030948	0.406428	
2175	0.356249	0.031960	0.397260	
2176	0.355405	0.032854	0.388629	
2177	0.355280	0.035701	0.382131	
2178	0.354898	0.037803	0.375106	
2179	0.355163	0.036803	0.367082	
2180	0.352216	0.041060	0.355145	
2181	0.350073	0.041949	0.348899	
2182	0.345719	0.042967	0.342997	
2183	0.335885	0.044279	0.337127	
2184	0.333532	0.045918	0.331143	
2185	0.329716	0.046792	0.324715	
2186	0.324137	0.049500	0.320126	
2187	0.318481	0.050947	0.314814	
2188	0.311528	0.051889	0.308532	
2189	0.304285	0.054365	0.303283	
2190	0.294981	0.056175	0.298149	
2191	0.286685	0.056986	0.291396	
2192	0.278445	0.057648	0.283805	
2193	0.268916	0.060539	0.278198	
2194	0.259643	0.062528	0.272343	
2195	0.250464	0.063266	0.265521	
2196	0.240869	0.063887	0.258533	
2197	0.232205	0.065698	0.252589	
2198	0.224329	0.066822	0.246076	
2199	0.216066	0.066704	0.238982	
2200	0.208182	0.067235	0.233060	
2201	0.201593	0.068533	0.227126	
2202	0.194948	0.069854	0.220821	
2203	0.185965	0.069195	0.214620	
2204	0.178204	0.069736	0.209651	
2205	0.170949	0.071077	0.204606	
2206	0.162786	0.071975	0.199153	
2207	0.155830	0.072475	0.193563	
2208	0.148563	0.072110	0.187633	
2209	0.141901	0.073017	0.181880	
2210	0.135006	0.073031	0.175722	
2211	0.127749	0.072303	0.169911	
2212	0.120696	0.072593	0.164751	
2213	0.113133	0.071880	0.159077	
2214	0.094604	0.074263	0.149098	
2215	0.087333	0.073772	0.142838	
2216	0.078768	0.074815	0.136839	
2217	0.071170	0.075866	0.130901	
2218	0.063178	0.075712	0.123605	
2219	0.053808	0.074760	0.116840	
2220	0.046659	0.076932	0.110430	
2221	0.039072	0.076639	0.102585	
2222	0.029666	0.077562	0.094992	
2223	0.021072	0.081190	0.088866	
2224	0.013165	0.083943	0.081264	
2225	0.002667	0.085626	0.073338	
2226	-0.005186	0.088024	0.067017	
2227	-0.013533	0.092694	0.060712	
2228	-0.023467	0.095048	0.053651	
2229	-0.032271	0.097738	0.047625	
2230	-0.039330	0.103050	0.042301	
2231	-0.047956	0.105833	0.035785	
2232	-0.057123	0.109674	0.030139	
2233	-0.065280	0.114640	0.024992	
2234	-0.073116	0.120029	0.019572	
2235	-0.090414	0.130405	0.009756	
2236	-0.096047	0.137995	0.006081	
2237	-0.104958	0.140898	-0.000152	
2238	-0.113047	0.144031	-0.004350	
2239	-0.118568	0.148046	-0.007561	
2240	-0.124809	0.149982	-0.011078	
2241	-0.131386	0.150829	-0.014870	
2242	-0.137101	0.152529	-0.018013	
2243	-0.143094	0.152462	-0.021756	
2244	-0.149742	0.152394	-0.024729	
2245	-0.155203	0.152979	-0.027497	
2246	-0.164942	0.152794	-0.030923	
2247	-0.173508	0.152386	-0.033854	
2248	-0.178705	0.154509	-0.035481	
2249	-0.184968	0.155843	-0.038175	
2250	-0.193623	0.156642	-0.040909	
2251	-0.200900	0.158858	-0.042494	
2252	-0.208941	0.160081	-0.044472	
2253	-0.217132	0.160048	-0.046273	
2254	-0.224132	0.159906	-0.047831	
2255	-0.231018	0.159585	-0.049240	
2256	-0.250614	0.157366	-0.051716	
2257	-0.265433	0.155895	-0.054584	
2258	-0.272664	0.156092	-0.055743	
2259	-0.280004	0.156456	-0.056847	
2260	-0.286883	0.156504	-0.057594	
2261	-0.293519	0.157794	-0.057772	
2262	-0.300172	0.160237	-0.057610	
2263	-0.307695	0.161801	-0.057570	
2264	-0.316406	0.162517	-0.058206	
2265	-0.323636	0.164846	-0.058115	
2266	-0.329789	0.167567	-0.058542	
2267	-0.336926	0.168190	-0.060189	
2268	-0.344656	0.167640	-0.062188	
2269	-0.352398	0.168722	-0.063974	
2270	-0.359016	0.167934	-0.066718	
2271	-0.366539	0.166240	-0.069321	
2272	-0.373152	0.164849	-0.071858	
2273	-0.379819	0.163722	-0.074609	
2274	-0.386407	0.160342	-0.077821	
2275	-0.394671	0.158689	-0.080783	
2276	-0.402375	0.157412	-0.083334	
2277	-0.408315	0.155951	-0.086178	
2278	-0.417563	0.155033	-0.088171	
2279	-0.424243	0.154399	-0.090166	
2280	-0.429327	0.155189	-0.091533	
2281	-0.437673	0.154418	-0.093456	
2282	-0.445122	0.156467	-0.094209	
2283	-0.451597	0.156650	-0.095946	
2284	-0.459612	0.154541	-0.097893	
2285	-0.465234	0.152657	-0.099436	
2286	-0.468915	0.152229	-0.101492	
2287	-0.475478	0.152393	-0.104015	
2288	-0.481957	0.151528	-0.106982	
2289	-0.487816	0.149745	-0.111001	
2290	-0.493536	0.149644	-0.115010	
2291	-0.499516	0.149783	-0.119647	
2292	-0.507106	0.150174	-0.124006	
2293	-0.512657	0.150968	-0.129091	
2294	-0.518134	0.152017	-0.134334	
2295	-0.525546	0.156076	-0.139464	
2296	-0.532574	0.160445	-0.144520	
2297	-0.538443	0.163680	-0.150128	
2298	-0.546595	0.167300	-0.155539	
2299	-0.553942	0.170923	-0.160744	
2300	-0.559560	0.175260	-0.165511	
2301	-0.565083	0.180859	-0.170229	
2302	-0.572629	0.183708	-0.174952	
2303	-0.579085	0.187083	-0.179590	
2304	-0.585504	0.192846	-0.183537	
2305	-0.590509	0.197886	-0.187678	
2306	-0.598274	0.201987	-0.191240	
2307	-0.602983	0.206455	-0.195333	
2308	-0.609102	0.212062	-0.199160	
2309	-0.616007	0.214825	-0.203404	
2310	-0.620704	0.218276	-0.207406	
2311	-0.627673	0.221773	-0.211085	
2312	-0.631310	0.225411	-0.214225	
2313	-0.638160	0.227466	-0.217059	
2314	-0.643192	0.228688	-0.219964	
2315	-0.648628	0.230129	-0.222437	
2316	-0.653909	0.232345	-0.224144	
2317	-0.659075	0.234263	-0.226016	
2318	-0.667721	0.236828	-0.227610	
2319	-0.673148	0.237708	-0.229547	
2320	-0.678023	0.237781	-0.232006	
2321	-0.684577	0.238361	-0.234429	
2322	-0.690034	0.238875	-0.236646	
2323	-0.695159	0.238416	-0.239697	
2324	-0.701128	0.238195	-0.242769	
2325	-0.707978	0.237301	-0.245469	
2326	-0.714141	0.236908	-0.248590	
2327	-0.720053	0.236756	-0.251923	
2328	-0.726943	0.234117	-0.254776	
2329	-0.734105	0.231117	-0.257891	
2330	-0.755402	0.228666	-0.258249	
2331	-0.763058	0.227748	-0.260850	
2332	-0.769082	0.225560	-0.263503	
2333	-0.778110	0.224962	-0.265973	
2334	-0.786152	0.224557	-0.268131	
2335	-0.793635	0.222051	-0.270551	
2336	-0.804021	0.222923	-0.272320	
2337	-0.809962	0.222659	-0.275124	
2338	-0.816880	0.222074	-0.278078	
2339	-0.828952	0.224330	-0.280594	
2340	-0.842830	0.227694	-0.282808	
2341	-0.847636	0.227296	-0.286811	
2342	-0.855205	0.228248	-0.290121	
2343	-0.866529	0.230268	-0.292650	
2344	-0.872377	0.228802	-0.296328	
2345	-0.881140	0.228437	-0.299163	
2346	-0.884937	0.228783	-0.302511	
2347	-0.891232	0.226778	-0.306569	
2348	-0.901043	0.226713	-0.309098	
2349	-0.908509	0.227219	-0.312052	
2350	-0.914986	0.226335	-0.315502	
2351	-0.922365	0.226719	-0.319219	
2352	-0.926200	0.224298	-0.323834	
2353	-0.932752	0.222124	-0.327945	
2354	-0.939964	0.220321	-0.331796	
2355	-0.945138	0.218566	-0.336265	
2356	-0.949115	0.219101	-0.340746	
2357	-0.958148	0.219905	-0.344369	
2358	-0.964513	0.221826	-0.347828	
2359	-0.970802	0.222967	-0.352155	
2360	-0.984991	0.225156	-0.360635	
2361	-0.996928	0.229051	-0.371191	
2362	-1.007522	0.234917	-0.375568	
2363	-1.014284	0.238245	-0.381081	
2364	-1.027942	0.245644	-0.390723	
2365	-1.045095	0.254296	-0.399781	
2366	-1.062149	0.260563	-0.408715	
2367	-1.071250	0.265878	-0.413322	
2368	-1.075897	0.269277	-0.418019	
2369	-1.083900	0.273223	-0.421249	
2370	-1.092588	0.279419	-0.423813	
2371	-1.100958	0.284509	-0.425824	
2372	-1.103655	0.286734	-0.428995	
2373	-1.107044	0.288180	-0.430436	
2374	-1.118221	0.293153	-0.428203	
2375	-1.125056	0.296976	-0.426191	
2376	-1.123494	0.297554	-0.425626	
2377	-1.127573	0.300061	-0.423486	
2378	-1.135844	0.301311	-0.419971	
2379	-1.144631	0.300838	-0.414162	
2380	-1.147735	0.303239	-0.410636	
2381	-1.154234	0.300805	-0.406998	
2382	-1.162866	0.298273	-0.401520	
2383	-1.165006	0.297640	-0.397498	
2384	-1.170763	0.297759	-0.391633	
2385	-1.179255	0.293676	-0.384584	
2386	-1.186752	0.291035	-0.377861	
2387	-1.193204	0.288695	-0.371330	
2388	-1.199270	0.281644	-0.364816	
2389	-1.207814	0.279421	-0.356701	
2390	-1.215427	0.276960	-0.349205	
2391	-1.220421	0.273175	-0.341607	
2392	-1.222857	0.266976	-0.335597	
2393	-1.232786	0.261737	-0.327203	
2394	-1.240554	0.258026	-0.319867	
2395	-1.246281	0.255649	-0.313353	
2396	-1.252153	0.250576	-0.306926	
2397	-1.256782	0.243787	-0.300934	
2398	-1.263878	0.237682	-0.294494	
2399	-1.276429	0.228016	-0.284986	
2400	-1.282832	0.222378	-0.278680	
2401	-1.285282	0.215822	-0.273376	
2402	-1.287146	0.208974	-0.268513	
2403	-1.292575	0.204081	-0.263048	
2404	-1.297533	0.198712	-0.257979	
2405	-1.299061	0.192928	-0.253730	
2406	-1.303677	0.190122	-0.248874	
2407	-1.307640	0.185281	-0.244111	
2408	-1.312675	0.181177	-0.238981	
2409	-1.317121	0.177263	-0.233713	
2410	-1.324378	0.171191	-0.223798	
2411	-1.327694	0.162750	-0.215511	
2412	-1.332503	0.160765	-0.210751	
2413	-1.334692	0.157775	-0.206275	
2414	-1.332903	0.152903	-0.203193	
2415	-1.336951	0.149920	-0.197945	
2416	-1.338639	0.146535	-0.193662	
2417	-1.338152	0.142514	-0.189643	
2418	-1.338680	0.139298	-0.185700	
2419	-1.343016	0.137297	-0.180383	
2420	-1.342631	0.133389	-0.177041	
2421	-1.345533	0.130829	-0.172163	
2422	-1.348335	0.128469	-0.167634	
2423	-1.348933	0.124562	-0.164146	
2424	-1.353065	0.123594	-0.159140	
2425	-1.354541	0.123112	-0.154425	
2426	-1.354719	0.121023	-0.150191	
2427	-1.359563	0.118382	-0.144058	
2428	-1.361752	0.116790	-0.138413	
2429	-1.363862	0.117052	-0.132812	
2430	-1.361047	0.115317	-0.128827	
2431	-1.363275	0.114277	-0.123076	
2432	-1.365548	0.115001	-0.117270	
2433	-1.367401	0.112706	-0.111765	
2434	-1.368273	0.110935	-0.105882	
2435	-1.366771	0.109886	-0.101127	
2436	-1.366968	0.109145	-0.095035	
2437	-1.365665	0.106760	-0.089146	
2438	-1.360367	0.104104	-0.083879	
2439	-1.358023	0.100397	-0.077016	
2440	-1.355915	0.095149	-0.069628	
2441	-1.351811	0.090354	-0.061977	
2442	-1.344584	0.087124	-0.055065	
2443	-1.339682	0.081812	-0.047010	
2444	-1.339767	0.076215	-0.036666	
2445	-1.332535	0.072242	-0.028151	
2446	-1.321803	0.065571	-0.021541	
2447	-1.320672	0.057678	-0.011877	
2448	-1.313826	0.052643	-0.003268	
2449	-1.299834	0.046034	0.002031	
2450	-1.297902	0.036304	0.010646	
2451	-1.296007	0.030906	0.020654	
2452	-1.281050	0.025421	0.026758	
2453	-1.271966	0.018070	0.033509	
2454	-1.270712	0.013168	0.042814	
2455	-1.263167	0.008218	0.049769	
2456	-1.253234	0.004701	0.055167	
2457	-1.250941	0.000417	0.062143	
2458	-1.247110	-0.001863	0.068497	
2459	-1.237661	-0.005544	0.072655	
2460	-1.229613	-0.009219	0.075864	
2461	-1.226952	-0.010115	0.081206	
2462	-1.224616	-0.010003	0.086212	
2463	-1.215963	-0.011122	0.089009	
2464	-1.208302	-0.011795	0.092805	
2465	-1.204975	-0.011331	0.098084	
2466	-1.201977	-0.011686	0.103292	
2467	-1.194837	-0.013833	0.107986	
2468	-1.188921	-0.011766	0.114120	
2469	-1.185332	-0.009850	0.119361	
2470	-1.180722	-0.010432	0.123775	
2471	-1.177098	-0.008539	0.129180	
2472	-1.175575	-0.006014	0.135538	
2473	-1.169618	-0.005224	0.139023	
2474	-1.166048	-0.005255	0.143427	
2475	-1.163142	-0.003168	0.148158	
2476	-1.157240	-0.003209	0.150881	
2477	-1.154655	-0.004587	0.153952	
2478	-1.150819	-0.004456	0.157075	
2479	-1.146901	-0.002579	0.160017	
2480	-1.145659	-0.002886	0.163054	
2481	-1.140857	-0.002992	0.166144	
2482	-1.136815	-0.002038	0.169917	
2483	-1.130535	-0.005908	0.172463	
2484	-1.130638	-0.004600	0.179184	
2485	-1.128659	-0.002035	0.185147	
2486	-1.120693	-0.004598	0.188482	
2487	-1.117632	-0.006645	0.192984	
2488	-1.120072	-0.003491	0.198680	
2489	-1.116089	-0.005148	0.202542	
2490	-1.111736	-0.004972	0.206592	
2491	-1.109457	-0.004449	0.210832	
2492	-1.108573	-0.005428	0.215686	
2493	-1.104414	0.000112	0.220481	
2494	-1.097581	-0.000993	0.222492	
2495	-1.098636	0.000305	0.226819	
2496	-1.098856	0.005012	0.231805	
2497	-1.093259	0.005028	0.233524	
2498	-1.093872	0.005276	0.236503	
2499	-1.096601	0.011101	0.241411	
2500	-1.092742	0.011323	0.242625	
2501	-1.093091	0.011147	0.244582	
2502	-1.094615	0.013913	0.247758	
2503	-1.092707	0.013731	0.248884	
2504	-1.094175	0.013555	0.250453	
2505	-1.096629	0.014891	0.252677	
2506	-1.095542	0.014981	0.253730	
2507	-1.095389	0.014610	0.254629	
2508	-1.096907	0.015869	0.256310	
2509	-1.096421	0.016124	0.257541	
2510	-1.094263	0.016994	0.258151	
2511	-1.095673	0.017754	0.259361	
2512	-1.097589	0.020669	0.261711	
2513	-1.096782	0.022109	0.263240	
2514	-1.097252	0.022690	0.264539	
2515	-1.100902	0.025498	0.267770	
2516	-1.098587	0.027270	0.269292	
2517	-1.096660	0.027589	0.270188	
2518	-1.101693	0.030502	0.273819	
2519	-1.100664	0.033021	0.276070	
2520	-1.098615	0.032813	0.277391	
2521	-1.101327	0.035115	0.280694	
2522	-1.100505	0.037030	0.283025	
2523	-1.098264	0.038392	0.285174	
2524	-1.096375	0.040060	0.287029	
2525	-1.098076	0.041731	0.289963	
2526	-1.094283	0.042988	0.291711	
2527	-1.091867	0.044462	0.293248	
2528	-1.093510	0.046586	0.295886	
2529	-1.092737	0.048254	0.297970	
2530	-1.087995	0.049350	0.298142	
2531	-1.087509	0.049846	0.298887	
2532	-1.089052	0.051766	0.300540	
2533	-1.085887	0.052588	0.300742	
2534	-1.084411	0.052247	0.300475	
2535	-1.086761	0.052844	0.302197	
2536	-1.083965	0.053431	0.302802	
2537	-1.083012	0.052592	0.302890	
2538	-1.083090	0.052286	0.303663	
2539	-1.082344	0.051975	0.304402	
2540	-1.080566	0.051774	0.304436	
2541	-1.079080	0.050740	0.304886	
2542	-1.076418	0.049971	0.304237	
2543	-1.076162	0.049414	0.304217	
2544	-1.075251	0.048762	0.304281	
2545	-1.073270	0.048087	0.303964	
2546	-1.074248	0.046860	0.304097	
2547	-1.073818	0.047412	0.304572	
2548	-1.071111	0.048448	0.304178	
2549	-1.071606	0.048463	0.304419	
2550	-1.071735	0.049617	0.304951	
2551	-1.069021	0.051589	0.304944	
2552	-1.068048	0.051597	0.304625	
2553	-1.067790	0.053656	0.305423	
2554	-1.064495	0.055454	0.304971	
2555	-1.063836	0.056200	0.304831	
2556	-1.063420	0.057790	0.305296	
2557	-1.060436	0.060123	0.304736	
2558	-1.059646	0.060419	0.304206	
2559	-1.060131	0.061893	0.304598	
2560	-1.056728	0.063994	0.304049	
2561	-1.056454	0.064527	0.303634	
2562	-1.056956	0.065891	0.304009	
2563	-1.052820	0.068477	0.303296	
2564	-1.052461	0.069649	0.303171	
2565	-1.051313	0.071712	0.303150	
2566	-1.047144	0.075442	0.302100	
2567	-1.047393	0.076715	0.301994	
2568	-1.044313	0.078754	0.300628	
2569	-1.043789	0.080136	0.299553	
2570	-1.041849	0.081009	0.298550	
2571	-1.041977	0.081304	0.297558	
2572	-1.041357	0.081819	0.296740	
2573	-1.039073	0.082404	0.295602	
2574	-1.038743	0.082919	0.294165	
2575	-1.036608	0.082546	0.292787	
2576	-1.037416	0.082711	0.292357	
2577	-1.035213	0.082630	0.291356	
2578	-1.033399	0.082824	0.289474	
2579	-1.032323	0.083378	0.288871	
2580	-1.029328	0.084080	0.287817	
2581	-1.029114	0.084673	0.287320	
2582	-1.029452	0.085210	0.287214	
2583	-1.027579	0.085824	0.286456	
