0	0.000000	0.000000	0.000000	
1	0.000000	0.000000	0.000000	
2	0.000000	0.000000	0.000000	
3	0.000000	0.000000	0.000000	
4	0.000023	0.001268	0.000709	
5	-0.000353	0.001224	0.000686	
6	-0.000666	0.002167	0.000441	
7	-0.000450	0.001658	0.000060	
8	-0.001101	0.005039	0.000508	
9	-0.000619	0.003761	-0.000221	
10	-0.000604	0.005126	0.000062	
11	-0.000587	0.003773	-0.000383	
12	-0.000661	0.003269	-0.000176	
13	-0.000494	0.003326	-0.000219	
14	-0.001119	0.002154	-0.000764	
15	-0.001209	0.001550	-0.000925	
16	-0.001082	0.000719	-0.001353	
17	-0.001294	-0.000514	-0.002059	
18	-0.000822	-0.000122	-0.001909	
19	-0.001027	-0.000421	-0.002558	
20	-0.001232	0.000299	-0.002442	
21	-0.000901	-0.000228	-0.002628	
22	0.000748	0.000468	-0.002652	
23	0.001086	0.000556	-0.003091	
24	0.000800	-0.000221	-0.003764	
25	0.001576	0.000275	-0.004097	
26	0.001946	0.000014	-0.004849	
27	0.002119	-0.000618	-0.005819	
28	0.003606	-0.000074	-0.006114	
29	0.003231	0.000335	-0.006546	
30	0.002705	-0.000515	-0.007458	
31	0.003889	-0.000517	-0.007639	
32	0.004304	0.000889	-0.007562	
33	0.003739	0.001540	-0.008163	
34	0.004091	0.002119	-0.008360	
35	0.004540	0.002135	-0.008496	
36	0.004475	0.002192	-0.008778	
37	0.005083	0.003319	-0.008490	
38	0.005787	0.004886	-0.008437	
39	0.004985	0.004761	-0.009127	
40	0.005327	0.005384	-0.008911	
41	0.005854	0.005468	-0.009179	
42	0.006109	0.004422	-0.009970	
43	0.006275	0.003353	-0.010549	
44	0.006809	0.002968	-0.010689	
45	0.006970	0.003575	-0.010971	
46	0.007173	0.003513	-0.011392	
47	0.007563	0.003970	-0.011616	
48	0.007475	0.004663	-0.012015	
49	0.007179	0.004256	-0.012362	
50	0.008189	0.004420	-0.012522	
51	0.008390	0.003798	-0.013235	
52	0.007734	0.003254	-0.013512	
53	0.008236	0.004401	-0.013629	
54	0.007936	0.004170	-0.013999	
55	0.008111	0.004032	-0.014420	
56	0.008152	0.004281	-0.014412	
57	0.007986	0.004254	-0.014770	
58	0.007716	0.004348	-0.014916	
59	0.008550	0.005949	-0.014193	
60	0.008128	0.006143	-0.014019	
61	0.007017	0.006749	-0.013714	
62	0.007790	0.007874	-0.013020	
63	0.007956	0.008694	-0.012356	
64	0.007179	0.010008	-0.011697	
65	0.006642	0.010170	-0.011445	
66	0.006509	0.010232	-0.011102	
67	0.006480	0.011889	-0.010241	
68	0.005343	0.011969	-0.010173	
69	0.003451	0.012470	-0.010246	
70	0.002104	0.012574	-0.010466	
71	-0.000178	0.011572	-0.011619	
72	-0.003089	0.011409	-0.012997	
73	-0.006290	0.009157	-0.015911	
74	-0.011580	0.007517	-0.019558	
75	-0.018238	0.006526	-0.023303	
76	-0.023715	0.005914	-0.027618	
77	-0.036811	0.003107	-0.037378	
78	-0.045367	0.002090	-0.042255	
79	-0.054560	0.002320	-0.046505	
80	-0.063394	0.001756	-0.051191	
81	-0.072754	0.001830	-0.055549	
82	-0.084116	0.002413	-0.060163	
83	-0.094948	0.004402	-0.064044	
84	-0.105587	0.006237	-0.067595	
85	-0.117173	0.008477	-0.070849	
86	-0.129396	0.010580	-0.073781	
87	-0.142752	0.013549	-0.076262	
88	-0.155973	0.016665	-0.078567	
89	-0.167856	0.019258	-0.080831	
90	-0.181309	0.021226	-0.083480	
91	-0.193664	0.025275	-0.084930	
92	-0.204692	0.028965	-0.086523	
93	-0.217054	0.031406	-0.088507	
94	-0.228734	0.033202	-0.089846	
95	-0.239522	0.034880	-0.091854	
96	-0.249470	0.037032	-0.093511	
97	-0.259791	0.037039	-0.095282	
98	-0.269369	0.036828	-0.096910	
99	-0.279974	0.036551	-0.097744	
100	-0.288652	0.036649	-0.098302	
101	-0.299023	0.035075	-0.098903	
102	-0.308872	0.034348	-0.098850	
103	-0.317873	0.033166	-0.098666	
104	-0.326376	0.031257	-0.098891	
105	-0.335724	0.028943	-0.099118	
106	-0.345516	0.027816	-0.098387	
107	-0.353559	0.027457	-0.097384	
108	-0.372644	0.023586	-0.095959	
109	-0.382214	0.022916	-0.094275	
110	-0.391551	0.021969	-0.092615	
111	-0.401487	0.020363	-0.090322	
112	-0.413236	0.018966	-0.087702	
113	-0.424450	0.017891	-0.084976	
114	-0.434648	0.015512	-0.082323	
115	-0.445457	0.012148	-0.079167	
116	-0.457467	0.008049	-0.076041	
117	-0.467892	0.005118	-0.071878	
118	-0.475337	0.003010	-0.066238	
119	-0.499111	-0.002648	-0.054201	
120	-0.507046	-0.003625	-0.046751	
121	-0.511964	-0.007852	-0.039829	
122	-0.521504	-0.011613	-0.032917	
123	-0.529124	-0.012686	-0.025964	
124	-0.537081	-0.017097	-0.020509	
125	-0.544469	-0.020910	-0.014555	
126	-0.551766	-0.023110	-0.008790	
127	-0.560030	-0.027646	-0.004430	
128	-0.566850	-0.032099	0.000078	
129	-0.573214	-0.036078	0.004821	
130	-0.581758	-0.040265	0.009098	
131	-0.587711	-0.043348	0.014163	
132	-0.593393	-0.047368	0.019381	
133	-0.599751	-0.051419	0.024390	
134	-0.615054	-0.056419	0.035363	
135	-0.622270	-0.059253	0.041166	
136	-0.630522	-0.061302	0.046650	
137	-0.638587	-0.064157	0.052069	
138	-0.652697	-0.068854	0.063121	
139	-0.661989	-0.070020	0.068782	
140	-0.679820	-0.074041	0.079958	
141	-0.688468	-0.076163	0.085541	
142	-0.697684	-0.076444	0.091695	
143	-0.706766	-0.078164	0.097326	
144	-0.716073	-0.080739	0.102941	
145	-0.723896	-0.083663	0.107980	
146	-0.733653	-0.087568	0.112825	
147	-0.743505	-0.088817	0.118448	
148	-0.751526	-0.092194	0.123305	
149	-0.760530	-0.094887	0.128342	
150	-0.769917	-0.096138	0.134070	
151	-0.784274	-0.102610	0.145034	
152	-0.792379	-0.104751	0.150370	
153	-0.799087	-0.108404	0.155318	
154	-0.803698	-0.112575	0.160117	
155	-0.810374	-0.113952	0.165407	
156	-0.816937	-0.115325	0.171070	
157	-0.821381	-0.118104	0.176612	
158	-0.826139	-0.121900	0.182079	
159	-0.833121	-0.123894	0.188148	
160	-0.838292	-0.126328	0.193987	
161	-0.842390	-0.129868	0.199231	
162	-0.848393	-0.131367	0.204468	
163	-0.855393	-0.132672	0.209772	
164	-0.859868	-0.135219	0.214686	
165	-0.864772	-0.138677	0.219022	
166	-0.871388	-0.140195	0.223907	
167	-0.876286	-0.142536	0.228951	
168	-0.879829	-0.145885	0.233268	
169	-0.885923	-0.147687	0.238593	
170	-0.892742	-0.149230	0.244217	
171	-0.897168	-0.155015	0.249188	
172	-0.902273	-0.159735	0.254164	
173	-0.909377	-0.163021	0.259722	
174	-0.919477	-0.169301	0.271341	
175	-0.925350	-0.173752	0.277411	
176	-0.931567	-0.175644	0.283947	
177	-0.935897	-0.179830	0.290599	
178	-0.940705	-0.183532	0.297366	
179	-0.946182	-0.187158	0.304168	
180	-0.951087	-0.190839	0.310587	
181	-0.955781	-0.194002	0.316867	
182	-0.960289	-0.197434	0.322657	
183	-0.966336	-0.202038	0.328687	
184	-0.970727	-0.203714	0.334747	
185	-0.973193	-0.207944	0.339566	
186	-0.979796	-0.209506	0.345312	
187	-0.986684	-0.211614	0.350930	
188	-0.991573	-0.213751	0.356297	
189	-0.995991	-0.215676	0.361433	
190	-1.003940	-0.216052	0.367479	
191	-1.011173	-0.216906	0.373705	
192	-1.016254	-0.217614	0.380061	
193	-1.021710	-0.219200	0.385988	
194	-1.030811	-0.219537	0.392655	
195	-1.041031	-0.218800	0.399622	
196	-1.049599	-0.220433	0.405376	
197	-1.059327	-0.221215	0.410799	
198	-1.072132	-0.222301	0.416847	
199	-1.082989	-0.222984	0.421667	
200	-1.092506	-0.223766	0.425798	
201	-1.103920	-0.224324	0.430370	
202	-1.116810	-0.224885	0.435551	
203	-1.126108	-0.224611	0.439647	
204	-1.136833	-0.226748	0.443977	
205	-1.157726	-0.229836	0.452372	
206	-1.166209	-0.231451	0.455765	
207	-1.176587	-0.234560	0.460147	
208	-1.185887	-0.237432	0.464369	
209	-1.191947	-0.238433	0.468066	
210	-1.199750	-0.241814	0.471925	
211	-1.209510	-0.244584	0.476967	
212	-1.214748	-0.246149	0.481241	
213	-1.220719	-0.248991	0.485434	
214	-1.229622	-0.253171	0.490604	
215	-1.234742	-0.254357	0.495652	
216	-1.239227	-0.257400	0.500060	
217	-1.246957	-0.260831	0.505974	
218	-1.251355	-0.263342	0.511521	
219	-1.255753	-0.265825	0.517223	
220	-1.261452	-0.269434	0.523156	
221	-1.266759	-0.272035	0.529366	
222	-1.270632	-0.275254	0.534987	
223	-1.275470	-0.279759	0.540992	
224	-1.280156	-0.283509	0.547186	
225	-1.283691	-0.287435	0.553267	
226	-1.288121	-0.291714	0.559827	
227	-1.290540	-0.296073	0.565917	
228	-1.293147	-0.301532	0.571838	
229	-1.297092	-0.307735	0.578087	
230	-1.300335	-0.312337	0.583892	
231	-1.303818	-0.316392	0.589564	
232	-1.307833	-0.321276	0.595569	
233	-1.310228	-0.326471	0.601078	
234	-1.313937	-0.331511	0.607049	
235	-1.319635	-0.335379	0.614079	
236	-1.323344	-0.339710	0.619949	
237	-1.326993	-0.343841	0.625677	
238	-1.331360	-0.347785	0.631652	
239	-1.335649	-0.351377	0.637862	
240	-1.339737	-0.354860	0.643838	
241	-1.345183	-0.359364	0.650039	
242	-1.350331	-0.361772	0.656088	
243	-1.354996	-0.365088	0.661024	
244	-1.361598	-0.369813	0.666602	
245	-1.367187	-0.372897	0.671859	
246	-1.371233	-0.377548	0.676220	
247	-1.376863	-0.382615	0.680336	
248	-1.382779	-0.386515	0.684217	
249	-1.387913	-0.390429	0.687381	
250	-1.393435	-0.395134	0.690042	
251	-1.401360	-0.398067	0.693314	
252	-1.408026	-0.400803	0.696164	
253	-1.415018	-0.404579	0.698372	
254	-1.424331	-0.405851	0.701241	
255	-1.432860	-0.407079	0.703078	
256	-1.451776	-0.410405	0.706006	
257	-1.462911	-0.409653	0.707352	
258	-1.482657	-0.409926	0.708529	
259	-1.494587	-0.409613	0.709717	
260	-1.505652	-0.408545	0.710848	
261	-1.516160	-0.407209	0.711813	
262	-1.526456	-0.406652	0.712922	
263	-1.536709	-0.407280	0.714093	
264	-1.547128	-0.405519	0.715977	
265	-1.556678	-0.404817	0.717064	
266	-1.567862	-0.405182	0.718506	
267	-1.577537	-0.405428	0.720364	
268	-1.586540	-0.405901	0.721671	
269	-1.597748	-0.406013	0.723966	
270	-1.607246	-0.404844	0.726255	
271	-1.616821	-0.405060	0.728487	
272	-1.626926	-0.405869	0.731183	
273	-1.635536	-0.405888	0.733971	
274	-1.644230	-0.406679	0.736736	
275	-1.653585	-0.404345	0.740816	
276	-1.661896	-0.402448	0.745412	
277	-1.670172	-0.399952	0.750600	
278	-1.678066	-0.395567	0.756867	
279	-1.685488	-0.391390	0.764019	
280	-1.692096	-0.386896	0.771588	
281	-1.698193	-0.381584	0.779371	
282	-1.702772	-0.377326	0.787085	
283	-1.706464	-0.373367	0.795079	
284	-1.710166	-0.369665	0.803195	
285	-1.712827	-0.366512	0.810527	
286	-1.715621	-0.365507	0.818259	
287	-1.718368	-0.363267	0.827688	
288	-1.717703	-0.360441	0.835594	
289	-1.718948	-0.360462	0.843177	
290	-1.720090	-0.357940	0.852280	
291	-1.719728	-0.355843	0.860828	
292	-1.720224	-0.354704	0.869838	
293	-1.720823	-0.353224	0.878600	
294	-1.721840	-0.350850	0.888309	
295	-1.722911	-0.348628	0.897573	
296	-1.723675	-0.349113	0.906244	
297	-1.725180	-0.348829	0.915288	
298	-1.726234	-0.349595	0.923995	
299	-1.727437	-0.351022	0.931201	
300	-1.729553	-0.352341	0.938958	
301	-1.731763	-0.354068	0.946589	
302	-1.733942	-0.354332	0.954642	
303	-1.736025	-0.356516	0.961442	
304	-1.738522	-0.359118	0.968548	
305	-1.740699	-0.363619	0.974911	
306	-1.744437	-0.366243	0.981676	
307	-1.748262	-0.367733	0.988621	
308	-1.752519	-0.371243	0.995023	
309	-1.756091	-0.375076	1.000661	
310	-1.759754	-0.378609	1.006575	
311	-1.763500	-0.380337	1.012521	
312	-1.767233	-0.383835	1.018010	
313	-1.771303	-0.387060	1.023718	
314	-1.775437	-0.388815	1.029994	
315	-1.779781	-0.392293	1.035783	
316	-1.784675	-0.396610	1.040862	
317	-1.789561	-0.401258	1.045813	
318	-1.794839	-0.405370	1.051122	
319	-1.800244	-0.409365	1.056201	
320	-1.806200	-0.413717	1.061314	
321	-1.811578	-0.418768	1.065959	
322	-1.816855	-0.423642	1.070295	
323	-1.822642	-0.428653	1.074457	
324	-1.828103	-0.433350	1.078676	
325	-1.833676	-0.437385	1.082717	
326	-1.838416	-0.442823	1.085608	
327	-1.842866	-0.447850	1.088591	
328	-1.847629	-0.452855	1.091946	
329	-1.852464	-0.457626	1.095612	
330	-1.857038	-0.462404	1.100076	
331	-1.861442	-0.468739	1.104357	
332	-1.865718	-0.473084	1.108701	
333	-1.870023	-0.478922	1.114427	
334	-1.873461	-0.486301	1.118957	
335	-1.877609	-0.491088	1.124606	
336	-1.881732	-0.497130	1.130743	
337	-1.884995	-0.503244	1.134908	
338	-1.888531	-0.508840	1.141026	
339	-1.891130	-0.516191	1.146742	
340	-1.893321	-0.522659	1.151255	
341	-1.895786	-0.527804	1.157131	
342	-1.897814	-0.534114	1.164412	
343	-1.898917	-0.540090	1.168257	
344	-1.900854	-0.544982	1.174758	
345	-1.902221	-0.552376	1.182116	
346	-1.903413	-0.557538	1.187512	
347	-1.904880	-0.560999	1.194417	
348	-1.904689	-0.566127	1.200677	
349	-1.904528	-0.573225	1.204834	
350	-1.904890	-0.577422	1.210852	
351	-1.905477	-0.582930	1.218606	
352	-1.905184	-0.588374	1.223472	
353	-1.905374	-0.594124	1.230171	
354	-1.904962	-0.605342	1.242563	
355	-1.904678	-0.610626	1.249288	
356	-1.904190	-0.615779	1.255761	
357	-1.903914	-0.621666	1.262532	
358	-1.903774	-0.626920	1.269383	
359	-1.903150	-0.633979	1.277310	
360	-1.902546	-0.645329	1.292301	
361	-1.902114	-0.652126	1.300242	
362	-1.901693	-0.658521	1.307333	
363	-1.901539	-0.664876	1.315136	
364	-1.901493	-0.670259	1.322366	
365	-1.901433	-0.675117	1.329419	
366	-1.901621	-0.678940	1.337214	
367	-1.901401	-0.682127	1.342946	
368	-1.901409	-0.686120	1.348908	
369	-1.901222	-0.690245	1.355615	
370	-1.900648	-0.693705	1.361817	
371	-1.900442	-0.696403	1.366655	
372	-1.899874	-0.699255	1.372391	
373	-1.899602	-0.702114	1.376609	
374	-1.900156	-0.704634	1.380318	
375	-1.900455	-0.707082	1.385021	
376	-1.901212	-0.709271	1.389935	
377	-1.902220	-0.710763	1.393474	
378	-1.903647	-0.712462	1.398111	
379	-1.905183	-0.714062	1.403466	
380	-1.906954	-0.716047	1.408736	
381	-1.908876	-0.718128	1.413527	
382	-1.911144	-0.720932	1.419810	
383	-1.913659	-0.723836	1.424564	
384	-1.916234	-0.727518	1.429848	
385	-1.919645	-0.731221	1.435841	
386	-1.922863	-0.735759	1.440318	
387	-1.927021	-0.739707	1.446386	
388	-1.931032	-0.745067	1.451710	
389	-1.934939	-0.751320	1.456362	
390	-1.939756	-0.755389	1.461658	
391	-1.944219	-0.761797	1.466781	
392	-1.949155	-0.767159	1.471147	
393	-1.954418	-0.773329	1.477771	
394	-1.959744	-0.778665	1.482264	
395	-1.965180	-0.785404	1.487819	
396	-1.971121	-0.792123	1.495351	
397	-1.976612	-0.798387	1.500564	
398	-1.986808	-0.811974	1.511446	
399	-1.990820	-0.819517	1.516891	
400	-1.995221	-0.826470	1.521216	
401	-1.998739	-0.836030	1.528378	
402	-2.002006	-0.842262	1.532558	
403	-2.005646	-0.849769	1.538112	
404	-2.009217	-0.857793	1.546377	
405	-2.012123	-0.864187	1.553977	
406	-2.015131	-0.870523	1.559847	
407	-2.018342	-0.877587	1.568412	
408	-2.020473	-0.883399	1.577088	
409	-2.022755	-0.886288	1.582133	
410	-2.025079	-0.890899	1.588682	
411	-2.026909	-0.895662	1.597503	
412	-2.028563	-0.898107	1.604108	
413	-2.030181	-0.900460	1.610022	
414	-2.031491	-0.903712	1.617654	
415	-2.032347	-0.907489	1.626493	
416	-2.033810	-0.908428	1.633032	
417	-2.035299	-0.910339	1.640418	
418	-2.036786	-0.912020	1.649041	
419	-2.038425	-0.913398	1.655337	
420	-2.039821	-0.915794	1.663452	
421	-2.041684	-0.916389	1.670375	
422	-2.043078	-0.917999	1.677557	
423	-2.044558	-0.918796	1.683560	
424	-2.045962	-0.920220	1.690149	
425	-2.047094	-0.922108	1.697077	
426	-2.049632	-0.924286	1.707353	
427	-2.051077	-0.925613	1.712603	
428	-2.051996	-0.927723	1.718340	
429	-2.053436	-0.930115	1.723900	
430	-2.055553	-0.933617	1.728848	
431	-2.056845	-0.938211	1.736512	
432	-2.058334	-0.949456	1.747331	
433	-2.059144	-0.955348	1.752882	
434	-2.059826	-0.960995	1.757736	
435	-2.061262	-0.966426	1.760698	
436	-2.062402	-0.972272	1.765939	
437	-2.063599	-0.978942	1.771653	
438	-2.065335	-0.984493	1.775596	
439	-2.066857	-0.990831	1.782012	
440	-2.067921	-0.997084	1.786674	
441	-2.069381	-1.004008	1.791767	
442	-2.070843	-1.009542	1.797864	
443	-2.072271	-1.014955	1.802973	
444	-2.073520	-1.021380	1.808400	
445	-2.075094	-1.027032	1.813756	
446	-2.075906	-1.033803	1.820334	
447	-2.077374	-1.039831	1.824476	
448	-2.078729	-1.046621	1.829705	
449	-2.080081	-1.053123	1.836673	
450	-2.081403	-1.059316	1.840333	
451	-2.083357	-1.065823	1.847450	
452	-2.084759	-1.071379	1.853259	
453	-2.087731	-1.076711	1.857330	
454	-2.089265	-1.084866	1.866156	
455	-2.091405	-1.091043	1.872476	
456	-2.094516	-1.098250	1.879388	
457	-2.098335	-1.104602	1.887812	
458	-2.102429	-1.111873	1.896352	
459	-2.106146	-1.121552	1.906648	
460	-2.112319	-1.126899	1.915202	
461	-2.117360	-1.135016	1.925497	
462	-2.122702	-1.143195	1.937314	
463	-2.127838	-1.150186	1.948380	
464	-2.132116	-1.157503	1.959622	
465	-2.136798	-1.164785	1.971141	
466	-2.140367	-1.171637	1.982614	
467	-2.143575	-1.178296	1.992862	
468	-2.147199	-1.185245	2.002710	
469	-2.150743	-1.192677	2.012701	
470	-2.153446	-1.198425	2.023572	
471	-2.157302	-1.204897	2.032480	
472	-2.161264	-1.211364	2.043924	
473	-2.163960	-1.217355	2.054202	
474	-2.167027	-1.222790	2.064299	
475	-2.169539	-1.228382	2.073909	
476	-2.171295	-1.233877	2.083831	
477	-2.173615	-1.237808	2.092535	
478	-2.174666	-1.241023	2.101837	
479	-2.175057	-1.243968	2.110336	
480	-2.175858	-1.246877	2.117759	
481	-2.175500	-1.248559	2.126418	
482	-2.173076	-1.250260	2.136191	
483	-2.173271	-1.251510	2.142764	
484	-2.172943	-1.252633	2.150877	
485	-2.169147	-1.253671	2.160985	
486	-2.166800	-1.253944	2.168279	
487	-2.165451	-1.254282	2.174541	
488	-2.157548	-1.257963	2.194436	
489	-2.154974	-1.259278	2.201848	
490	-2.150823	-1.262104	2.212666	
491	-2.147389	-1.265089	2.219023	
492	-2.143832	-1.268850	2.226252	
493	-2.138703	-1.273392	2.235064	
494	-2.135428	-1.277467	2.241821	
495	-2.133087	-1.281293	2.248011	
496	-2.127972	-1.286429	2.258658	
497	-2.120704	-1.296965	2.271457	
498	-2.116204	-1.301609	2.279897	
499	-2.111257	-1.305412	2.288390	
500	-2.107916	-1.310831	2.291948	
501	-2.104870	-1.314323	2.297344	
502	-2.099198	-1.319481	2.304325	
503	-2.096586	-1.323192	2.307726	
504	-2.093016	-1.326303	2.312994	
505	-2.088938	-1.328682	2.320011	
506	-2.085761	-1.332715	2.324364	
507	-2.082320	-1.337383	2.327144	
508	-2.076888	-1.341835	2.332623	
509	-2.074139	-1.344960	2.335145	
510	-2.071234	-1.347867	2.338132	
511	-2.066162	-1.351067	2.343502	
512	-2.062004	-1.356241	2.345183	
513	-2.057728	-1.361592	2.347059	
514	-2.051304	-1.366031	2.353058	
515	-2.047807	-1.369416	2.356483	
516	-2.043068	-1.373930	2.361134	
517	-2.036959	-1.378815	2.367864	
518	-2.032490	-1.383610	2.373519	
519	-2.028175	-1.387624	2.381322	
520	-2.021360	-1.392919	2.391280	
521	-2.018109	-1.397253	2.398938	
522	-2.013494	-1.401381	2.408325	
523	-2.008324	-1.407036	2.417921	
524	-2.003796	-1.412027	2.427435	
525	-1.998133	-1.418462	2.436815	
526	-1.994829	-1.425637	2.444022	
527	-1.989687	-1.430601	2.453557	
528	-1.984164	-1.435692	2.463107	
529	-1.979870	-1.441455	2.471530	
530	-1.975759	-1.446659	2.479550	
531	-1.970968	-1.450910	2.488635	
532	-1.966777	-1.456041	2.496385	
533	-1.963156	-1.458837	2.505553	
534	-1.958377	-1.461753	2.513804	
535	-1.953174	-1.465914	2.521385	
536	-1.948894	-1.469601	2.528477	
537	-1.943545	-1.472440	2.535767	
538	-1.937306	-1.476875	2.541603	
539	-1.934742	-1.479493	2.547648	
540	-1.928994	-1.482921	2.553692	
541	-1.921451	-1.487703	2.559762	
542	-1.917552	-1.490854	2.565347	
543	-1.911816	-1.493616	2.571199	
544	-1.904495	-1.497074	2.576963	
545	-1.898485	-1.499758	2.582497	
546	-1.893466	-1.501577	2.587435	
547	-1.886569	-1.502882	2.593383	
548	-1.878423	-1.504837	2.597502	
549	-1.871557	-1.506289	2.601886	
550	-1.863936	-1.507664	2.605338	
551	-1.856153	-1.507831	2.610833	
552	-1.847328	-1.509158	2.613786	
553	-1.841141	-1.509376	2.617458	
554	-1.831295	-1.508369	2.622278	
555	-1.818086	-1.509436	2.627114	
556	-1.811847	-1.508712	2.630742	
557	-1.801963	-1.507615	2.636150	
558	-1.789488	-1.507135	2.641383	
559	-1.781544	-1.506171	2.645837	
560	-1.772973	-1.504386	2.650526	
561	-1.760658	-1.503528	2.655288	
562	-1.751023	-1.503339	2.658984	
563	-1.733146	-1.500616	2.666143	
564	-1.721994	-1.500870	2.669357	
565	-1.713705	-1.500525	2.671230	
566	-1.704155	-1.499913	2.673385	
567	-1.694042	-1.500063	2.675896	
568	-1.685391	-1.500930	2.676140	
569	-1.677699	-1.501501	2.676935	
570	-1.668698	-1.501758	2.679353	
571	-1.660738	-1.502692	2.680315	
572	-1.653300	-1.504593	2.679310	
573	-1.645311	-1.506296	2.679468	
574	-1.637512	-1.507807	2.680206	
575	-1.631234	-1.508708	2.680537	
576	-1.624876	-1.509475	2.681260	
577	-1.616752	-1.510555	2.683118	
578	-1.605461	-1.513649	2.683521	
579	-1.598540	-1.514312	2.685161	
580	-1.591035	-1.515296	2.686756	
581	-1.586003	-1.516922	2.686471	
582	-1.579441	-1.517297	2.688611	
583	-1.571528	-1.519379	2.690014	
584	-1.566672	-1.521081	2.690978	
585	-1.553967	-1.523242	2.695445	
586	-1.548365	-1.524297	2.698324	
587	-1.543006	-1.525179	2.700335	
588	-1.536496	-1.526083	2.702991	
589	-1.530046	-1.527368	2.704002	
590	-1.517389	-1.528542	2.708970	
591	-1.511377	-1.529345	2.711542	
592	-1.503894	-1.530609	2.714177	
593	-1.498502	-1.531182	2.717427	
594	-1.492928	-1.532506	2.720083	
595	-1.485777	-1.533522	2.722843	
596	-1.478986	-1.533874	2.726477	
597	-1.475046	-1.533871	2.729306	
598	-1.468024	-1.533608	2.732446	
599	-1.460975	-1.533226	2.735805	
600	-1.455972	-1.532904	2.737510	
601	-1.451001	-1.532771	2.737967	
602	-1.442276	-1.531553	2.742485	
603	-1.435362	-1.529551	2.746896	
604	-1.430907	-1.529456	2.746318	
605	-1.422187	-1.528342	2.749519	
606	-1.412933	-1.526878	2.752882	
607	-1.407538	-1.525840	2.754012	
608	-1.399040	-1.524207	2.757660	
609	-1.390815	-1.523384	2.758405	
610	-1.382024	-1.522262	2.761063	
611	-1.374240	-1.521204	2.763034	
612	-1.367569	-1.520002	2.763287	
613	-1.357929	-1.519168	2.763810	
614	-1.350610	-1.518017	2.763198	
615	-1.343620	-1.516678	2.762154	
616	-1.335099	-1.515166	2.761527	
617	-1.327256	-1.513980	2.760867	
618	-1.320784	-1.513272	2.758731	
619	-1.311496	-1.513355	2.756538	
620	-1.304601	-1.513378	2.755097	
621	-1.299144	-1.513327	2.752842	
622	-1.291172	-1.513370	2.751554	
623	-1.283985	-1.513682	2.749761	
624	-1.278912	-1.514402	2.745740	
625	-1.271247	-1.514668	2.744260	
626	-1.263984	-1.515026	2.742420	
627	-1.251059	-1.515554	2.738546	
628	-1.243198	-1.516422	2.736425	
629	-1.237807	-1.517615	2.733560	
630	-1.230383	-1.518741	2.732219	
631	-1.224118	-1.519776	2.730691	
632	-1.217773	-1.521379	2.728354	
633	-1.211034	-1.523005	2.726149	
634	-1.205359	-1.524068	2.724087	
635	-1.199778	-1.525029	2.722621	
636	-1.194671	-1.525484	2.721467	
637	-1.185442	-1.525531	2.717067	
638	-1.181368	-1.525383	2.714664	
639	-1.176443	-1.524185	2.713367	
640	-1.169842	-1.523509	2.711031	
641	-1.163237	-1.522945	2.709201	
642	-1.160867	-1.521906	2.707016	
643	-1.157275	-1.520344	2.705806	
644	-1.150536	-1.519572	2.704074	
645	-1.147618	-1.517962	2.703168	
646	-1.144691	-1.516067	2.702189	
647	-1.138146	-1.514278	2.701277	
648	-1.132120	-1.512627	2.699735	
649	-1.128346	-1.510763	2.698078	
650	-1.123465	-1.508509	2.696505	
651	-1.117709	-1.505933	2.694552	
652	-1.112257	-1.502646	2.693293	
653	-1.107757	-1.499147	2.691530	
654	-1.101053	-1.495655	2.689892	
655	-1.094806	-1.491901	2.688087	
656	-1.089678	-1.487759	2.686234	
657	-1.080866	-1.484188	2.683897	
658	-1.078052	-1.479455	2.682494	
659	-1.073453	-1.474719	2.681269	
660	-1.063709	-1.471945	2.678459	
661	-1.058844	-1.468017	2.676973	
662	-1.055302	-1.463886	2.675077	
663	-1.049140	-1.460083	2.672201	
664	-1.044413	-1.456001	2.669233	
665	-1.040366	-1.451693	2.666233	
666	-1.036815	-1.447013	2.662566	
667	-1.033952	-1.442005	2.659018	
668	-1.027713	-1.437859	2.654003	
669	-1.021867	-1.433161	2.649565	
670	-1.018188	-1.427126	2.646537	
671	-1.010817	-1.422492	2.641169	
672	-1.002147	-1.417150	2.636223	
673	-0.988910	-1.408001	2.624689	
674	-0.976501	-1.403977	2.618576	
675	-0.965750	-1.396937	2.607334	
676	-0.960340	-1.395611	2.600163	
677	-0.959183	-1.390998	2.596879	
678	-0.956140	-1.386337	2.593587	
679	-0.948494	-1.383481	2.587859	
680	-0.942143	-1.379709	2.583613	
681	-0.939274	-1.374490	2.581435	
682	-0.933156	-1.371466	2.577818	
683	-0.927203	-1.368059	2.575036	
684	-0.918380	-1.360023	2.571801	
685	-0.913167	-1.357396	2.569321	
686	-0.911828	-1.351446	2.570127	
687	-0.908118	-1.347274	2.569376	
688	-0.901511	-1.345147	2.567478	
689	-0.899751	-1.338445	2.569999	
690	-0.896727	-1.333616	2.570407	
691	-0.892037	-1.330052	2.569970	
692	-0.889227	-1.324874	2.571472	
693	-0.888499	-1.319116	2.573768	
694	-0.884266	-1.316614	2.573501	
695	-0.881822	-1.312441	2.575236	
696	-0.880734	-1.308017	2.576931	
697	-0.875182	-1.307353	2.575654	
698	-0.874088	-1.302965	2.578291	
699	-0.872862	-1.299912	2.579920	
700	-0.868021	-1.299657	2.579540	
701	-0.867337	-1.296029	2.582331	
702	-0.865347	-1.293656	2.583698	
703	-0.861659	-1.292222	2.585049	
704	-0.860202	-1.289154	2.588097	
705	-0.857447	-1.287018	2.590277	
706	-0.854998	-1.284585	2.593068	
707	-0.852417	-1.281817	2.596019	
708	-0.850479	-1.279186	2.598966	
709	-0.846911	-1.277520	2.600917	
710	-0.844885	-1.274599	2.603876	
711	-0.842755	-1.271870	2.606747	
712	-0.834431	-1.265128	2.615356	
713	-0.828964	-1.265208	2.615507	
714	-0.822921	-1.265466	2.616723	
715	-0.821745	-1.262712	2.620701	
716	-0.815688	-1.263719	2.621707	
717	-0.812167	-1.263119	2.624478	
718	-0.810512	-1.260769	2.628145	
719	-0.805809	-1.260988	2.630021	
720	-0.802275	-1.260247	2.632712	
721	-0.799877	-1.258419	2.636084	
722	-0.794466	-1.259496	2.636747	
723	-0.789410	-1.260094	2.638901	
724	-0.787122	-1.258876	2.642282	
725	-0.784014	-1.258750	2.644471	
726	-0.777725	-1.261271	2.644931	
727	-0.775510	-1.259634	2.649471	
728	-0.772492	-1.259018	2.652333	
729	-0.766809	-1.261061	2.653252	
730	-0.763229	-1.260590	2.657842	
731	-0.760680	-1.260065	2.660491	
732	-0.755116	-1.261878	2.661613	
733	-0.752547	-1.261186	2.665846	
734	-0.748893	-1.261651	2.668280	
735	-0.744034	-1.263566	2.669488	
736	-0.741860	-1.262863	2.673182	
737	-0.738190	-1.263676	2.675163	
738	-0.734190	-1.265181	2.677257	
739	-0.731636	-1.265960	2.680187	
740	-0.727066	-1.269473	2.680112	
741	-0.725042	-1.270989	2.682902	
742	-0.723497	-1.271898	2.686151	
743	-0.722307	-1.273084	2.688195	
744	-0.722023	-1.273015	2.691923	
745	-0.719791	-1.274368	2.694124	
746	-0.718377	-1.275481	2.697429	
747	-0.717106	-1.276394	2.700512	
748	-0.714872	-1.277505	2.703116	
749	-0.712570	-1.278886	2.705750	
750	-0.712735	-1.278169	2.710043	
751	-0.709774	-1.280054	2.712544	
752	-0.707522	-1.281609	2.716771	
753	-0.706557	-1.282454	2.721984	
754	-0.704171	-1.284687	2.725870	
755	-0.701048	-1.288022	2.729178	
756	-0.699538	-1.290373	2.734434	
757	-0.697649	-1.293447	2.738936	
758	-0.693616	-1.298639	2.742809	
759	-0.693069	-1.301270	2.749433	
760	-0.690037	-1.305652	2.754014	
761	-0.687508	-1.309613	2.759918	
762	-0.685795	-1.313112	2.766802	
763	-0.684101	-1.316465	2.772379	
764	-0.681596	-1.320226	2.777807	
765	-0.678839	-1.324321	2.783451	
766	-0.675846	-1.328784	2.789185	
767	-0.674043	-1.331986	2.796117	
768	-0.670487	-1.336860	2.800488	
769	-0.668355	-1.340194	2.806766	
770	-0.668048	-1.341769	2.813611	
771	-0.663556	-1.346508	2.817351	
772	-0.660962	-1.349423	2.823154	
773	-0.658637	-1.351751	2.828320	
774	-0.654060	-1.355633	2.830330	
775	-0.652728	-1.356261	2.836653	
776	-0.651152	-1.356698	2.841673	
777	-0.646003	-1.358957	2.844599	
778	-0.642299	-1.359859	2.848717	
779	-0.638348	-1.360490	2.852822	
780	-0.632459	-1.363396	2.853185	
781	-0.627846	-1.365132	2.855077	
782	-0.623541	-1.366810	2.856363	
783	-0.617689	-1.369344	2.855912	
784	-0.611370	-1.372118	2.856850	
785	-0.606431	-1.373865	2.858601	
786	-0.599173	-1.376039	2.859325	
787	-0.593726	-1.377709	2.860593	
788	-0.581850	-1.381095	2.864589	
789	-0.574261	-1.383237	2.866940	
790	-0.567646	-1.385392	2.869644	
791	-0.559859	-1.387963	2.870705	
792	-0.552077	-1.390282	2.871789	
793	-0.543111	-1.393864	2.872321	
794	-0.536026	-1.395955	2.874696	
795	-0.527342	-1.398523	2.875485	
796	-0.517778	-1.401818	2.875575	
797	-0.510723	-1.403069	2.878399	
798	-0.502927	-1.404864	2.879963	
799	-0.493590	-1.407968	2.880488	
800	-0.486477	-1.409440	2.883257	
801	-0.469620	-1.414998	2.882999	
802	-0.457189	-1.417655	2.885036	
803	-0.444890	-1.420581	2.885664	
804	-0.439225	-1.421708	2.886077	
805	-0.432546	-1.423436	2.885236	
806	-0.428521	-1.422814	2.886857	
807	-0.421983	-1.423404	2.886366	
808	-0.415011	-1.424398	2.885664	
809	-0.408616	-1.423775	2.886591	
810	-0.400984	-1.424859	2.885618	
811	-0.392725	-1.426505	2.884459	
812	-0.385658	-1.425853	2.885570	
813	-0.379310	-1.426738	2.885667	
814	-0.371177	-1.428223	2.884578	
815	-0.365067	-1.427620	2.885781	
816	-0.358201	-1.428454	2.885565	
817	-0.350314	-1.429405	2.883832	
818	-0.345273	-1.428367	2.884219	
819	-0.338532	-1.429384	2.881662	
820	-0.332673	-1.430144	2.879740	
821	-0.326932	-1.429703	2.878698	
822	-0.321116	-1.429550	2.877024	
823	-0.315200	-1.428923	2.875537	
824	-0.309356	-1.427401	2.874437	
825	-0.303440	-1.427027	2.872384	
826	-0.297846	-1.425075	2.870986	
827	-0.293164	-1.422420	2.869799	
828	-0.288332	-1.420285	2.867661	
829	-0.276250	-1.414230	2.863825	
830	-0.270356	-1.411328	2.860760	
831	-0.265011	-1.408295	2.856986	
832	-0.259041	-1.403840	2.853691	
833	-0.253211	-1.399674	2.849591	
834	-0.245774	-1.396103	2.844223	
835	-0.238395	-1.391329	2.839609	
836	-0.230105	-1.386227	2.835042	
837	-0.221606	-1.383127	2.828473	
838	-0.212063	-1.379428	2.822277	
839	-0.203779	-1.375089	2.816348	
840	-0.194719	-1.371590	2.809781	
841	-0.177127	-1.364907	2.795606	
842	-0.169646	-1.361577	2.788904	
843	-0.162173	-1.358761	2.781344	
844	-0.154113	-1.355025	2.774947	
845	-0.148200	-1.352859	2.767791	
846	-0.140168	-1.349793	2.761665	
847	-0.132963	-1.346909	2.754889	
848	-0.127848	-1.345319	2.748535	
849	-0.119921	-1.342042	2.743017	
850	-0.114058	-1.342920	2.733747	
851	-0.106355	-1.342584	2.726718	
852	-0.097710	-1.339115	2.722628	
853	-0.094553	-1.340319	2.714688	
854	-0.088202	-1.341624	2.707412	
855	-0.081093	-1.341038	2.701156	
856	-0.076574	-1.340662	2.694373	
857	-0.071365	-1.339964	2.687451	
858	-0.066340	-1.339132	2.679986	
859	-0.060041	-1.337803	2.673047	
860	-0.053453	-1.335920	2.667195	
861	-0.048374	-1.335869	2.659750	
862	-0.041583	-1.335672	2.653739	
863	-0.034526	-1.336506	2.646613	
864	-0.027240	-1.337715	2.640427	
865	-0.019969	-1.338608	2.635148	
866	-0.013511	-1.340688	2.628596	
867	-0.005516	-1.342548	2.622828	
868	0.001557	-1.344295	2.617594	
869	0.007238	-1.346725	2.610898	
870	0.012962	-1.349495	2.603885	
871	0.020717	-1.351294	2.598198	
872	0.026574	-1.353580	2.591724	
873	0.032979	-1.355757	2.584568	
874	0.037824	-1.358308	2.576696	
875	0.050132	-1.360521	2.563091	
876	0.052820	-1.362524	2.554064	
877	0.057617	-1.363521	2.546545	
878	0.060535	-1.364958	2.537303	
879	0.068705	-1.364843	2.522364	
880	0.070133	-1.364420	2.513605	
881	0.072427	-1.364058	2.505134	
882	0.076954	-1.362244	2.498848	
883	0.078889	-1.361231	2.491317	
884	0.080169	-1.361107	2.482636	
885	0.080688	-1.359746	2.474171	
886	0.084062	-1.358538	2.464804	
887	0.085586	-1.357430	2.455982	
888	0.088648	-1.355668	2.446807	
889	0.090705	-1.353984	2.438734	
890	0.093823	-1.352761	2.429474	
891	0.096016	-1.352560	2.419502	
892	0.099566	-1.351600	2.410437	
893	0.101741	-1.350802	2.400435	
894	0.103714	-1.350784	2.388668	
895	0.107306	-1.351104	2.378164	
896	0.110723	-1.351919	2.368965	
897	0.114198	-1.353107	2.361691	
898	0.119137	-1.353549	2.354782	
899	0.122924	-1.353212	2.347692	
900	0.125967	-1.352555	2.339834	
901	0.128414	-1.351575	2.333117	
902	0.132483	-1.349778	2.326645	
903	0.134782	-1.348015	2.319874	
904	0.137702	-1.346438	2.313314	
905	0.140736	-1.344361	2.307412	
906	0.143235	-1.342279	2.301327	
907	0.146534	-1.340884	2.294677	
908	0.150624	-1.338703	2.288983	
909	0.155876	-1.336893	2.282825	
910	0.160548	-1.335826	2.277958	
911	0.166556	-1.333944	2.274833	
912	0.172252	-1.332808	2.271573	
913	0.176591	-1.332477	2.268385	
914	0.182276	-1.330664	2.265009	
915	0.187518	-1.328605	2.261111	
916	0.192606	-1.326796	2.257851	
917	0.194679	-1.324416	2.256166	
918	0.197998	-1.322325	2.253333	
919	0.202337	-1.320983	2.250533	
920	0.205276	-1.318744	2.249255	
921	0.208535	-1.317164	2.247410	
922	0.212753	-1.316170	2.245530	
923	0.216457	-1.314551	2.244232	
924	0.220505	-1.313482	2.242687	
925	0.224438	-1.312718	2.241934	
926	0.228191	-1.311403	2.242275	
927	0.233567	-1.311086	2.241512	
928	0.238170	-1.311095	2.241858	
929	0.240283	-1.310220	2.243637	
930	0.245590	-1.310253	2.244164	
931	0.249621	-1.310891	2.245925	
932	0.252224	-1.310941	2.249361	
933	0.255727	-1.311693	2.251036	
934	0.258465	-1.312324	2.253469	
935	0.260968	-1.312696	2.256146	
936	0.264116	-1.313421	2.257206	
937	0.266784	-1.314311	2.259227	
938	0.268914	-1.314548	2.263462	
939	0.270411	-1.315077	2.267358	
940	0.272860	-1.315591	2.271044	
941	0.275657	-1.315919	2.273838	
942	0.279263	-1.316427	2.276951	
943	0.281741	-1.316964	2.280298	
944	0.283406	-1.316818	2.285179	
945	0.286185	-1.317065	2.288431	
946	0.289932	-1.317337	2.291313	
947	0.292349	-1.317487	2.295337	
948	0.295696	-1.318588	2.297532	
949	0.298491	-1.319050	2.300761	
950	0.305588	-1.320540	2.304197	
951	0.307229	-1.320993	2.307733	
952	0.308859	-1.320996	2.309202	
953	0.311255	-1.320852	2.313051	
954	0.312204	-1.319469	2.316337	
955	0.314830	-1.318425	2.319035	
956	0.317458	-1.317559	2.321282	
957	0.319279	-1.315953	2.326411	
958	0.319978	-1.313906	2.331315	
959	0.320088	-1.311844	2.335606	
960	0.323070	-1.311232	2.339647	
961	0.324800	-1.310777	2.345078	
962	0.325539	-1.309239	2.350412	
963	0.329531	-1.309644	2.351979	
964	0.331401	-1.309543	2.357947	
965	0.331705	-1.308839	2.363471	
966	0.337111	-1.309840	2.365942	
967	0.338893	-1.309747	2.371671	
968	0.342529	-1.310239	2.377074	
969	0.348661	-1.312681	2.380096	
970	0.351770	-1.313624	2.385870	
971	0.353446	-1.313945	2.392194	
972	0.358346	-1.316530	2.396670	
973	0.360943	-1.317529	2.405657	
974	0.361239	-1.316728	2.413105	
975	0.364666	-1.318783	2.418135	
976	0.366232	-1.319057	2.427810	
977	0.369577	-1.320750	2.432972	
978	0.373764	-1.323716	2.440629	
979	0.372116	-1.321737	2.447749	
980	0.373925	-1.322594	2.449784	
981	0.378329	-1.323787	2.455316	
982	0.379055	-1.323142	2.463389	
983	0.381208	-1.324273	2.466272	
984	0.383580	-1.324711	2.471481	
985	0.383675	-1.324245	2.477486	
986	0.384482	-1.324801	2.480510	
987	0.386784	-1.325142	2.485744	
988	0.388755	-1.326111	2.490288	
989	0.390493	-1.327361	2.492577	
990	0.392902	-1.327346	2.499366	
991	0.393744	-1.327159	2.503800	
992	0.394601	-1.327899	2.507184	
993	0.396044	-1.326316	2.513787	
994	0.397740	-1.325843	2.517144	
995	0.400578	-1.326499	2.520079	
996	0.402534	-1.324479	2.525468	
997	0.401217	-1.320783	2.532784	
998	0.402811	-1.319941	2.535415	
999	0.404946	-1.317953	2.541428	
1000	0.407873	-1.315912	2.553683	
1001	0.409040	-1.313148	2.563948	
1002	0.409955	-1.312366	2.572031	
1003	0.410580	-1.313182	2.577556	
1004	0.410415	-1.311571	2.584620	
1005	0.410059	-1.311469	2.590001	
1006	0.409931	-1.310067	2.595272	
1007	0.410173	-1.309622	2.598842	
1008	0.410605	-1.309737	2.602649	
1009	0.410518	-1.309436	2.605538	
1010	0.410786	-1.310035	2.607319	
1011	0.412440	-1.310808	2.610461	
1012	0.412394	-1.310010	2.613534	
1013	0.412763	-1.309757	2.617402	
1014	0.413973	-1.310152	2.617746	
1015	0.416571	-1.312873	2.622282	
1016	0.415744	-1.311861	2.626119	
1017	0.417399	-1.312217	2.627873	
1018	0.419655	-1.313435	2.629854	
1019	0.421814	-1.312070	2.632600	
1020	0.424085	-1.312218	2.631952	
1021	0.422610	-1.308675	2.633337	
1022	0.425144	-1.308416	2.632955	
1023	0.425710	-1.302565	2.631302	
1024	0.428442	-1.296311	2.627418	
1025	0.427828	-1.290993	2.625992	
1026	0.428485	-1.287535	2.625631	
1027	0.431611	-1.285308	2.623504	
1028	0.432498	-1.281272	2.623100	
1029	0.434229	-1.277804	2.623610	
1030	0.436855	-1.274698	2.623409	
1031	0.436792	-1.269091	2.623761	
1032	0.438932	-1.265511	2.623994	
1033	0.442523	-1.263927	2.624811	
1034	0.442821	-1.259076	2.625419	
1035	0.445466	-1.255575	2.624327	
1036	0.449212	-1.254480	2.625264	
1037	0.450966	-1.250985	2.625128	
1038	0.452121	-1.247348	2.625635	
1039	0.455817	-1.245586	2.624694	
1040	0.458009	-1.243489	2.624339	
1041	0.459754	-1.240690	2.623147	
1042	0.461398	-1.237985	2.621389	
1043	0.464128	-1.236512	2.618863	
1044	0.465490	-1.233768	2.616062	
1045	0.467007	-1.232337	2.615238	
1046	0.468932	-1.231016	2.614275	
1047	0.470263	-1.227471	2.613823	
1048	0.472521	-1.226625	2.612966	
1049	0.473565	-1.225028	2.612129	
1050	0.474176	-1.224391	2.613021	
1051	0.475036	-1.223650	2.613629	
1052	0.475837	-1.222113	2.613367	
1053	0.475957	-1.221420	2.615011	
1054	0.476862	-1.219596	2.614441	
1055	0.477540	-1.217648	2.614343	
1056	0.477342	-1.216782	2.616825	
1057	0.477319	-1.215390	2.618799	
1058	0.477008	-1.215396	2.623052	
1059	0.477023	-1.212496	2.623206	
1060	0.478045	-1.211413	2.624411	
1061	0.477889	-1.212750	2.629199	
1062	0.475928	-1.211327	2.632632	
1063	0.476646	-1.211741	2.635359	
1064	0.477370	-1.210011	2.635573	
1065	0.476506	-1.206535	2.635261	
1066	0.478863	-1.207912	2.637382	
1067	0.479492	-1.206671	2.638223	
1068	0.478378	-1.204191	2.640001	
1069	0.480031	-1.205060	2.642877	
1070	0.480214	-1.206813	2.648293	
1071	0.477162	-1.204812	2.653605	
1072	0.477003	-1.203349	2.656360	
1073	0.475945	-1.205071	2.664110	
1074	0.473283	-1.201264	2.667311	
1075	0.473417	-1.199428	2.669706	
1076	0.473014	-1.196664	2.671431	
1077	0.471071	-1.195012	2.676480	
1078	0.470108	-1.194056	2.681047	
1079	0.469325	-1.193611	2.685578	
1080	0.468954	-1.193326	2.689455	
1081	0.466537	-1.191467	2.694140	
1082	0.468064	-1.191828	2.696548	
1083	0.468440	-1.191615	2.699392	
1084	0.465671	-1.189347	2.703525	
1085	0.468710	-1.191009	2.703777	
1086	0.468647	-1.190603	2.704893	
1087	0.466237	-1.187151	2.705277	
1088	0.467867	-1.188244	2.704636	
1089	0.465191	-1.184494	2.703124	
1090	0.461933	-1.184361	2.706413	
1091	0.462842	-1.186719	2.705845	
1092	0.459667	-1.186530	2.707560	
1093	0.456782	-1.186505	2.708637	
1094	0.456877	-1.188985	2.707036	
1095	0.452287	-1.189037	2.710228	
1096	0.451433	-1.190347	2.708684	
1097	0.449969	-1.192069	2.708281	
1098	0.445524	-1.191193	2.709916	
1099	0.445122	-1.194573	2.709863	
1100	0.441668	-1.196304	2.712150	
1101	0.435431	-1.199267	2.714903	
1102	0.431528	-1.201148	2.718506	
1103	0.428127	-1.203119	2.722137	
1104	0.424309	-1.206926	2.729132	
1105	0.419760	-1.207869	2.732823	
1106	0.415894	-1.209916	2.737117	
1107	0.412502	-1.211581	2.739811	
1108	0.407928	-1.212898	2.744435	
1109	0.404028	-1.215732	2.749840	
1110	0.399822	-1.217112	2.752856	
1111	0.395778	-1.220067	2.757554	
1112	0.391342	-1.222814	2.761579	
1113	0.387184	-1.226404	2.765980	
1114	0.382062	-1.227602	2.767638	
1115	0.377767	-1.231667	2.772687	
1116	0.366232	-1.237567	2.782668	
1117	0.361071	-1.240216	2.784938	
1118	0.355761	-1.244236	2.790242	
1119	0.348984	-1.245393	2.793014	
1120	0.343433	-1.247023	2.793972	
1121	0.337578	-1.251351	2.802248	
1122	0.331438	-1.252482	2.804482	
1123	0.327647	-1.258444	2.811378	
1124	0.321723	-1.261587	2.819000	
1125	0.315141	-1.259868	2.817927	
1126	0.310944	-1.262482	2.821363	
1127	0.305621	-1.262573	2.823876	
1128	0.301844	-1.264920	2.827972	
1129	0.298111	-1.266448	2.829541	
1130	0.293875	-1.266522	2.831345	
1131	0.292178	-1.270715	2.835786	
1132	0.289304	-1.272035	2.838106	
1133	0.286747	-1.272897	2.838396	
1134	0.285920	-1.275196	2.838108	
1135	0.284767	-1.277621	2.839957	
1136	0.283427	-1.278734	2.839388	
1137	0.282589	-1.280714	2.840633	
1138	0.282295	-1.282839	2.840416	
1139	0.280737	-1.283003	2.841357	
1140	0.279954	-1.283245	2.840019	
1141	0.279829	-1.285287	2.841597	
1142	0.277749	-1.284173	2.841404	
1143	0.276875	-1.285249	2.843106	
1144	0.275431	-1.285275	2.842666	
1145	0.273306	-1.284708	2.844111	
1146	0.271685	-1.284905	2.846218	
1147	0.270098	-1.286192	2.851358	
1148	0.266931	-1.284787	2.852520	
1149	0.265346	-1.286397	2.856670	
1150	0.264442	-1.289052	2.861086	
1151	0.260808	-1.289167	2.866025	
1152	0.259891	-1.293013	2.871392	
1153	0.257882	-1.295330	2.874860	
1154	0.254519	-1.296970	2.879034	
1155	0.252713	-1.300167	2.881926	
1156	0.250249	-1.302856	2.884934	
1157	0.247791	-1.305891	2.887847	
1158	0.245769	-1.309453	2.890911	
1159	0.243374	-1.312442	2.894265	
1160	0.241334	-1.315684	2.896295	
1161	0.238853	-1.319206	2.899280	
1162	0.236256	-1.322203	2.902141	
1163	0.234859	-1.326784	2.903703	
1164	0.231774	-1.329186	2.907279	
1165	0.229530	-1.332375	2.907770	
1166	0.228024	-1.336444	2.910889	
1167	0.225542	-1.338914	2.913227	
1168	0.224365	-1.342912	2.915126	
1169	0.222868	-1.346307	2.918415	
1170	0.220900	-1.348735	2.921434	
1171	0.219840	-1.352151	2.924215	
1172	0.218581	-1.355274	2.927945	
1173	0.216429	-1.357391	2.930505	
1174	0.214022	-1.359586	2.932901	
1175	0.213099	-1.363262	2.935101	
1176	0.210147	-1.364491	2.940525	
1177	0.207643	-1.366214	2.942331	
1178	0.205879	-1.368603	2.947186	
1179	0.202741	-1.369859	2.951394	
1180	0.200432	-1.371905	2.955247	
1181	0.198357	-1.374953	2.959726	
1182	0.195865	-1.377661	2.964059	
1183	0.193121	-1.380905	2.969260	
1184	0.190413	-1.384649	2.974157	
1185	0.186555	-1.388060	2.978215	
1186	0.182658	-1.391749	2.982354	
1187	0.178961	-1.396574	2.987656	
1188	0.174156	-1.400349	2.993730	
1189	0.170321	-1.404906	2.998191	
1190	0.166465	-1.409937	3.002922	
1191	0.160788	-1.413477	3.008802	
1192	0.156160	-1.418059	3.013386	
1193	0.150412	-1.422787	3.019012	
1194	0.143685	-1.426908	3.025507	
1195	0.138903	-1.432780	3.031211	
1196	0.133667	-1.438151	3.037496	
1197	0.128578	-1.442896	3.043771	
1198	0.124131	-1.447972	3.050822	
1199	0.119512	-1.453007	3.057353	
1200	0.114971	-1.458136	3.063485	
1201	0.110387	-1.463151	3.069627	
1202	0.102907	-1.474196	3.085649	
1203	0.099231	-1.479457	3.092755	
1204	0.095807	-1.484510	3.100236	
1205	0.092764	-1.489674	3.107222	
1206	0.090737	-1.495175	3.115774	
1207	0.088132	-1.499583	3.124457	
1208	0.086761	-1.504565	3.132061	
1209	0.085034	-1.509308	3.140677	
1210	0.083237	-1.514173	3.149097	
1211	0.081276	-1.518632	3.154497	
1212	0.079166	-1.522646	3.161921	
1213	0.076183	-1.530111	3.173685	
1214	0.076134	-1.534263	3.180472	
1215	0.076195	-1.538071	3.184753	
1216	0.077375	-1.542439	3.190658	
1217	0.078927	-1.546333	3.196491	
1218	0.080934	-1.549884	3.203094	
1219	0.083911	-1.553530	3.208232	
1220	0.087115	-1.557056	3.213960	
1221	0.091350	-1.560566	3.220545	
1222	0.095668	-1.563394	3.226283	
1223	0.100896	-1.566611	3.232067	
1224	0.106545	-1.568971	3.239713	
1225	0.113008	-1.571405	3.246252	
1226	0.120306	-1.573817	3.253363	
1227	0.127383	-1.575743	3.261564	
1228	0.135362	-1.577858	3.269059	
1229	0.144277	-1.581218	3.275869	
1230	0.152618	-1.583749	3.285275	
1231	0.160999	-1.586715	3.292000	
1232	0.170068	-1.590472	3.299625	
1233	0.178288	-1.593728	3.306693	
1234	0.186383	-1.597609	3.312597	
1235	0.194868	-1.601517	3.319032	
1236	0.202492	-1.604604	3.324242	
1237	0.210528	-1.608287	3.328892	
1238	0.218281	-1.611295	3.334071	
1239	0.226021	-1.614565	3.340135	
1240	0.233016	-1.618664	3.345687	
1241	0.239142	-1.622982	3.350708	
1242	0.245840	-1.627244	3.357109	
1243	0.251222	-1.631257	3.361293	
1244	0.257063	-1.635035	3.366374	
1245	0.262108	-1.638618	3.371731	
1246	0.267607	-1.643192	3.375794	
1247	0.273655	-1.647210	3.382375	
1248	0.278837	-1.651619	3.387418	
1249	0.284944	-1.657178	3.392284	
1250	0.296537	-1.665109	3.400613	
1251	0.302507	-1.670094	3.405871	
1252	0.308886	-1.675451	3.411451	
1253	0.316257	-1.680843	3.417596	
1254	0.330232	-1.692503	3.430523	
1255	0.337381	-1.698382	3.437430	
1256	0.343565	-1.703795	3.443902	
1257	0.350550	-1.708752	3.450545	
1258	0.356814	-1.713065	3.457592	
1259	0.363215	-1.716500	3.464864	
1260	0.369721	-1.721355	3.469476	
1261	0.376754	-1.725689	3.474933	
1262	0.383052	-1.729923	3.480389	
1263	0.389658	-1.733639	3.484985	
1264	0.395850	-1.736890	3.489133	
1265	0.402857	-1.739450	3.493965	
1266	0.410539	-1.741978	3.498440	
1267	0.419607	-1.745229	3.501866	
1268	0.428790	-1.747694	3.506228	
1269	0.437581	-1.750057	3.509923	
1270	0.447367	-1.752416	3.513551	
1271	0.457362	-1.754146	3.517093	
1272	0.467438	-1.755694	3.520768	
1273	0.479549	-1.757734	3.523368	
1274	0.491035	-1.759176	3.526342	
1275	0.502491	-1.759721	3.529668	
1276	0.514768	-1.761740	3.531164	
1277	0.527371	-1.762387	3.534179	
1278	0.539972	-1.763145	3.536459	
1279	0.552079	-1.762964	3.539436	
1280	0.564952	-1.763410	3.541472	
1281	0.576858	-1.763811	3.543369	
1282	0.588901	-1.764014	3.545165	
1283	0.600375	-1.764798	3.545895	
1284	0.612839	-1.766383	3.546568	
1285	0.625461	-1.767351	3.548373	
1286	0.639004	-1.768619	3.550084	
1287	0.651408	-1.770058	3.551224	
1288	0.663151	-1.771321	3.552166	
1289	0.675799	-1.772000	3.553742	
1290	0.689704	-1.773469	3.554066	
1291	0.702115	-1.773764	3.555306	
1292	0.713727	-1.774659	3.555352	
1293	0.726579	-1.775717	3.555950	
1294	0.738728	-1.777035	3.556201	
1295	0.750582	-1.777991	3.557161	
1296	0.763504	-1.779491	3.556980	
1297	0.774627	-1.779714	3.558142	
1298	0.785617	-1.779777	3.559319	
1299	0.798984	-1.781683	3.559387	
1300	0.811142	-1.782602	3.560846	
1301	0.823466	-1.783824	3.562405	
1302	0.836741	-1.785986	3.563711	
1303	0.848448	-1.786538	3.567125	
1304	0.860461	-1.788501	3.569407	
1305	0.874968	-1.789269	3.573513	
1306	0.886337	-1.791008	3.576731	
1307	0.898888	-1.793401	3.580759	
1308	0.910359	-1.795960	3.585032	
1309	0.920910	-1.797898	3.590848	
1310	0.933134	-1.800719	3.595980	
1311	0.946332	-1.802705	3.602203	
1312	0.957000	-1.804659	3.608634	
1313	0.968815	-1.808734	3.612818	
1314	0.980484	-1.811474	3.618084	
1315	0.989466	-1.813557	3.623371	
1316	0.998665	-1.817045	3.627100	
1317	1.007241	-1.819379	3.631476	
1318	1.023888	-1.822133	3.641558	
1319	1.032238	-1.824465	3.644935	
1320	1.041689	-1.825390	3.649439	
1321	1.049750	-1.826610	3.653109	
1322	1.060227	-1.828595	3.655181	
1323	1.075194	-1.828018	3.658638	
1324	1.083807	-1.829290	3.660826	
1325	1.094480	-1.831123	3.661999	
1326	1.105115	-1.830854	3.664910	
1327	1.115397	-1.831996	3.665668	
1328	1.126214	-1.833755	3.665490	
1329	1.137000	-1.832704	3.666615	
1330	1.148517	-1.833346	3.666123	
1331	1.159726	-1.833046	3.665279	
1332	1.170895	-1.832477	3.664169	
1333	1.184292	-1.831191	3.662934	
1334	1.209028	-1.828869	3.658349	
1335	1.222152	-1.825670	3.658298	
1336	1.233399	-1.822234	3.658170	
1337	1.263710	-1.817205	3.655544	
1338	1.290424	-1.813213	3.650791	
1339	1.305413	-1.809194	3.648770	
1340	1.315412	-1.806247	3.646936	
1341	1.328448	-1.804506	3.642398	
1342	1.340390	-1.802528	3.638556	
1343	1.352647	-1.801594	3.633933	
1344	1.363222	-1.801662	3.628749	
1345	1.379403	-1.797935	3.624650	
1346	1.382779	-1.798548	3.620984	
1347	1.398731	-1.795693	3.616033	
1348	1.403727	-1.794707	3.613051	
1349	1.409683	-1.794741	3.608055	
1350	1.419870	-1.793220	3.603479	
1351	1.428727	-1.790448	3.600037	
1352	1.435315	-1.791389	3.594541	
1353	1.444944	-1.789634	3.589830	
1354	1.454559	-1.787216	3.585850	
1355	1.462701	-1.786791	3.580127	
1356	1.473948	-1.784134	3.575551	
1357	1.482922	-1.781905	3.571517	
1358	1.494350	-1.780671	3.565271	
1359	1.506704	-1.777257	3.561296	
1360	1.516966	-1.775130	3.557744	
1361	1.529125	-1.773210	3.553938	
1362	1.542467	-1.771062	3.549360	
1363	1.552767	-1.767393	3.548530	
1364	1.564317	-1.765764	3.545229	
1365	1.578281	-1.763435	3.541689	
1366	1.589459	-1.760439	3.539691	
1367	1.600644	-1.759552	3.535243	
1368	1.613325	-1.756217	3.531914	
1369	1.621650	-1.754413	3.529180	
1370	1.632925	-1.751998	3.525108	
1371	1.643491	-1.748223	3.523102	
1372	1.652582	-1.746093	3.520399	
1373	1.662302	-1.743640	3.517130	
1374	1.671451	-1.740236	3.513864	
1375	1.679343	-1.737975	3.510266	
1376	1.687318	-1.735582	3.506172	
1377	1.696335	-1.732948	3.500895	
1378	1.704469	-1.730020	3.496133	
1379	1.711909	-1.727644	3.490615	
1380	1.720979	-1.724213	3.484313	
1381	1.730824	-1.718356	3.479120	
1382	1.735836	-1.715295	3.474410	
1383	1.743387	-1.711277	3.467872	
1384	1.752734	-1.704716	3.461161	
1385	1.758289	-1.700842	3.454302	
1386	1.765689	-1.695916	3.446534	
1387	1.773540	-1.690410	3.437369	
1388	1.780374	-1.685732	3.427959	
1389	1.787278	-1.681001	3.418143	
1390	1.793224	-1.675059	3.411809	
1391	1.802197	-1.669779	3.401765	
1392	1.812351	-1.664709	3.391112	
1393	1.818838	-1.659144	3.384387	
1394	1.824645	-1.654563	3.377343	
1395	1.838439	-1.647040	3.363019	
1396	1.850595	-1.637154	3.348835	
1397	1.857986	-1.632382	3.340196	
1398	1.863945	-1.627732	3.333876	
1399	1.870355	-1.624810	3.324631	
1400	1.877182	-1.620635	3.317132	
1401	1.883514	-1.616984	3.309534	
1402	1.889521	-1.614514	3.300920	
1403	1.895501	-1.611260	3.292614	
1404	1.901044	-1.608321	3.283645	
1405	1.906633	-1.603652	3.277280	
1406	1.912719	-1.598610	3.271990	
1407	1.919102	-1.594569	3.263852	
1408	1.926145	-1.589885	3.255889	
1409	1.933243	-1.583921	3.250151	
1410	1.940651	-1.578398	3.242360	
1411	1.948921	-1.572530	3.233828	
1412	1.956446	-1.566839	3.226374	
1413	1.965336	-1.562143	3.216543	
1414	1.975708	-1.554974	3.209090	
1415	1.983796	-1.549215	3.203090	
1416	1.993334	-1.543647	3.196389	
1417	2.003613	-1.537401	3.190346	
1418	2.013556	-1.530412	3.185970	
1419	2.022984	-1.524795	3.179923	
1420	2.033471	-1.518897	3.173142	
1421	2.043462	-1.512630	3.167170	
1422	2.053573	-1.506770	3.160709	
1423	2.061468	-1.501358	3.155634	
1424	2.077251	-1.492151	3.142929	
1425	2.083230	-1.487999	3.138328	
1426	2.089373	-1.484602	3.132477	
1427	2.095620	-1.481604	3.125937	
1428	2.101795	-1.477664	3.119071	
1429	2.107513	-1.472971	3.113428	
1430	2.112356	-1.468604	3.109483	
1431	2.116648	-1.465008	3.104875	
1432	2.121463	-1.461819	3.096574	
1433	2.126792	-1.456853	3.090487	
1434	2.130569	-1.451800	3.086441	
1435	2.134559	-1.446618	3.081506	
1436	2.139247	-1.440782	3.076128	
1437	2.142054	-1.437813	3.067242	
1438	2.145362	-1.433748	3.059631	
1439	2.148271	-1.428620	3.054725	
1440	2.151283	-1.423362	3.048146	
1441	2.155110	-1.418170	3.039689	
1442	2.158227	-1.412828	3.031972	
1443	2.160508	-1.408375	3.024732	
1444	2.164742	-1.402408	3.014068	
1445	2.168191	-1.397734	3.002611	
1446	2.170644	-1.393586	2.995733	
1447	2.172970	-1.389782	2.984519	
1448	2.177116	-1.384270	2.971538	
1449	2.178914	-1.379502	2.967009	
1450	2.179522	-1.376407	2.959626	
1451	2.184710	-1.367991	2.948280	
1452	2.186658	-1.361725	2.940386	
1453	2.185178	-1.359402	2.931065	
1454	2.187014	-1.353093	2.920258	
1455	2.189457	-1.344818	2.911713	
1456	2.189790	-1.340019	2.905312	
1457	2.192165	-1.334198	2.894352	
1458	2.194021	-1.328045	2.885331	
1459	2.195744	-1.321953	2.877189	
1460	2.198231	-1.314957	2.871935	
1461	2.200134	-1.310187	2.860809	
1462	2.202708	-1.305258	2.850389	
1463	2.206120	-1.298386	2.845804	
1464	2.208154	-1.293874	2.834871	
1465	2.212363	-1.287323	2.825660	
1466	2.215415	-1.280848	2.820529	
1467	2.216789	-1.277442	2.808775	
1468	2.221163	-1.271764	2.797346	
1469	2.224005	-1.267646	2.786777	
1470	2.227032	-1.264592	2.775008	
1471	2.236318	-1.254082	2.759031	
1472	2.240431	-1.250863	2.749952	
1473	2.245794	-1.246392	2.743659	
1474	2.251124	-1.242696	2.732808	
1475	2.256799	-1.239308	2.724035	
1476	2.262580	-1.235976	2.714684	
1477	2.267989	-1.232360	2.704362	
1478	2.274596	-1.226043	2.694444	
1479	2.280624	-1.220522	2.687360	
1480	2.285005	-1.216283	2.677873	
1481	2.290572	-1.210204	2.669037	
1482	2.294470	-1.206144	2.661426	
1483	2.298235	-1.201810	2.654044	
1484	2.302281	-1.196488	2.644366	
1485	2.306061	-1.190417	2.638930	
1486	2.308834	-1.186315	2.630562	
1487	2.311770	-1.181508	2.622055	
1488	2.314981	-1.176122	2.616165	
1489	2.316340	-1.172655	2.607076	
1490	2.318624	-1.167411	2.597620	
1491	2.319526	-1.162684	2.589222	
1492	2.320529	-1.158162	2.579884	
1493	2.323023	-1.147148	2.561981	
1494	2.323196	-1.143364	2.551824	
1495	2.323686	-1.137388	2.542462	
1496	2.324003	-1.130954	2.536771	
1497	2.324034	-1.124858	2.528746	
1498	2.321893	-1.121781	2.514878	
1499	2.321862	-1.114022	2.507751	
1500	2.321097	-1.106843	2.501294	
1501	2.321041	-1.098307	2.492107	
1502	2.320968	-1.090178	2.484338	
1503	2.319695	-1.083663	2.474295	
1504	2.318677	-1.077546	2.462509	
1505	2.317489	-1.072688	2.450399	
1506	2.316105	-1.068490	2.437113	
1507	2.315578	-1.062723	2.425086	
1508	2.314558	-1.057478	2.414132	
1509	2.314358	-1.051154	2.403886	
1510	2.313231	-1.045684	2.392110	
1511	2.312472	-1.039452	2.381757	
1512	2.311654	-1.033662	2.372383	
1513	2.309358	-1.030163	2.361745	
1514	2.309003	-1.024127	2.353297	
1515	2.308059	-1.018800	2.345716	
1516	2.306054	-1.016150	2.336366	
1517	2.304222	-1.011601	2.328563	
1518	2.302264	-1.008258	2.321297	
1519	2.300796	-1.004478	2.314339	
1520	2.299846	-0.999326	2.308006	
1521	2.298829	-0.995656	2.301908	
1522	2.298393	-0.992968	2.296578	
1523	2.298700	-0.988664	2.291092	
1524	2.299151	-0.984807	2.286706	
1525	2.299249	-0.982556	2.279887	
1526	2.298666	-0.980519	2.271033	
1527	2.300000	-0.977140	2.264634	
1528	2.300513	-0.974629	2.256141	
1529	2.302014	-0.970725	2.248380	
1530	2.304684	-0.965657	2.240364	
1531	2.308091	-0.959672	2.232605	
1532	2.311963	-0.953791	2.223881	
1533	2.315635	-0.948070	2.214910	
1534	2.318343	-0.943599	2.204844	
1535	2.321626	-0.939021	2.194751	
1536	2.325976	-0.932432	2.185212	
1537	2.329320	-0.928265	2.175561	
1538	2.333024	-0.923614	2.165891	
1539	2.336657	-0.919321	2.156686	
1540	2.340484	-0.915112	2.148143	
1541	2.344151	-0.910359	2.138453	
1542	2.348988	-0.904984	2.131141	
1543	2.352405	-0.901305	2.123276	
1544	2.355544	-0.898815	2.114134	
1545	2.359901	-0.893047	2.107433	
1546	2.363194	-0.888581	2.100294	
1547	2.366340	-0.884857	2.091752	
1548	2.369699	-0.879586	2.084168	
1549	2.372621	-0.874478	2.076353	
1550	2.375900	-0.869250	2.068146	
1551	2.379096	-0.863181	2.059923	
1552	2.381231	-0.858542	2.051602	
1553	2.382934	-0.854702	2.042814	
1554	2.385020	-0.848796	2.034608	
1555	2.385962	-0.844016	2.025181	
1556	2.387533	-0.838544	2.017117	
1557	2.388323	-0.833650	2.008625	
1558	2.388910	-0.829638	1.999985	
1559	2.389568	-0.823934	1.991283	
1560	2.390770	-0.817487	1.982388	
1561	2.391710	-0.811100	1.973905	
1562	2.392018	-0.805027	1.963222	
1563	2.391959	-0.799188	1.953468	
1564	2.392848	-0.785353	1.932815	
1565	2.393677	-0.778507	1.923461	
1566	2.394911	-0.772132	1.913704	
1567	2.396766	-0.764329	1.903251	
1568	2.399688	-0.757168	1.893908	
1569	2.402254	-0.749962	1.883420	
1570	2.405142	-0.743194	1.875164	
1571	2.408080	-0.738014	1.867103	
1572	2.409993	-0.733301	1.856398	
1573	2.411716	-0.728962	1.848084	
1574	2.413076	-0.725698	1.839162	
1575	2.416065	-0.720357	1.831670	
1576	2.417281	-0.718272	1.822301	
1577	2.419849	-0.714963	1.814135	
1578	2.422476	-0.711768	1.806880	
1579	2.427379	-0.705760	1.789014	
1580	2.429897	-0.702273	1.780111	
1581	2.431729	-0.699972	1.771144	
1582	2.435089	-0.696949	1.762447	
1583	2.439430	-0.692202	1.753568	
1584	2.443232	-0.688371	1.744026	
1585	2.446844	-0.685073	1.734106	
1586	2.451571	-0.679724	1.725325	
1587	2.455337	-0.675550	1.714680	
1588	2.459832	-0.671466	1.705106	
1589	2.465470	-0.665557	1.696663	
1590	2.470181	-0.661376	1.686443	
1591	2.474340	-0.658625	1.676336	
1592	2.478872	-0.653875	1.665687	
1593	2.483775	-0.651115	1.657386	
1594	2.487952	-0.645990	1.646994	
1595	2.493997	-0.640062	1.638165	
1596	2.498687	-0.633201	1.629382	
1597	2.503420	-0.628084	1.619423	
1598	2.508618	-0.620928	1.611735	
1599	2.512404	-0.614824	1.602861	
1600	2.516952	-0.609006	1.595748	
1601	2.520588	-0.602994	1.588159	
1602	2.523412	-0.596467	1.580147	
1603	2.526661	-0.590702	1.573465	
1604	2.528722	-0.584543	1.566851	
1605	2.531381	-0.578834	1.562065	
1606	2.533743	-0.571584	1.556739	
1607	2.534139	-0.566560	1.550263	
1608	2.535337	-0.561270	1.544739	
1609	2.535952	-0.556216	1.538603	
1610	2.535648	-0.550921	1.531845	
1611	2.535629	-0.546158	1.525904	
1612	2.534573	-0.541772	1.519003	
1613	2.532957	-0.536498	1.512184	
1614	2.529129	-0.525468	1.495931	
1615	2.526328	-0.519068	1.486774	
1616	2.523392	-0.514442	1.478906	
1617	2.520553	-0.508972	1.470266	
1618	2.517297	-0.503496	1.461547	
1619	2.513510	-0.497154	1.453036	
1620	2.509531	-0.491001	1.444143	
1621	2.506416	-0.484635	1.436238	
1622	2.502375	-0.479208	1.428313	
1623	2.497985	-0.474817	1.420571	
1624	2.493741	-0.470289	1.412103	
1625	2.489563	-0.465566	1.404298	
1626	2.484163	-0.461838	1.395496	
1627	2.479406	-0.459445	1.388376	
1628	2.474031	-0.456769	1.380955	
1629	2.468576	-0.455024	1.373369	
1630	2.464029	-0.451471	1.366873	
1631	2.460418	-0.448391	1.360668	
1632	2.455579	-0.446133	1.351893	
1633	2.452147	-0.443360	1.344010	
1634	2.448388	-0.440812	1.335292	
1635	2.445504	-0.439072	1.328730	
1636	2.442085	-0.437196	1.322320	
1637	2.438383	-0.434222	1.316183	
1638	2.434166	-0.433261	1.309439	
1639	2.430670	-0.429943	1.304253	
1640	2.427791	-0.428147	1.300711	
1641	2.421868	-0.427248	1.294209	
1642	2.418121	-0.424174	1.289851	
1643	2.414811	-0.422301	1.286227	
1644	2.410027	-0.421432	1.282313	
1645	2.406531	-0.419479	1.279611	
1646	2.402529	-0.418681	1.277338	
1647	2.397314	-0.417449	1.273830	
1648	2.394489	-0.413924	1.272961	
1649	2.391387	-0.411064	1.272790	
1650	2.386785	-0.409619	1.270919	
1651	2.382132	-0.407269	1.268634	
1652	2.376129	-0.404863	1.265098	
1653	2.371845	-0.402825	1.263483	
1654	2.367823	-0.400690	1.262250	
1655	2.362123	-0.398575	1.260226	
1656	2.356667	-0.396386	1.258530	
1657	2.350671	-0.392856	1.256560	
1658	2.343883	-0.391757	1.254881	
1659	2.336653	-0.389565	1.252455	
1660	2.329711	-0.388095	1.250728	
1661	2.320908	-0.386475	1.247781	
1662	2.312547	-0.385071	1.245317	
1663	2.304109	-0.383699	1.243156	
1664	2.293737	-0.382703	1.239951	
1665	2.284266	-0.381819	1.237081	
1666	2.276323	-0.380717	1.235411	
1667	2.266619	-0.380765	1.232604	
1668	2.255722	-0.380747	1.228184	
1669	2.246909	-0.380751	1.225473	
1670	2.237438	-0.380278	1.223324	
1671	2.225903	-0.378304	1.219710	
1672	2.215180	-0.378058	1.217225	
1673	2.204486	-0.378407	1.215996	
1674	2.191784	-0.377944	1.214039	
1675	2.179784	-0.375765	1.211690	
1676	2.169061	-0.375354	1.210660	
1677	2.157361	-0.374372	1.209400	
1678	2.145959	-0.371911	1.207734	
1679	2.136634	-0.370996	1.208172	
1680	2.126744	-0.370252	1.208407	
1681	2.117667	-0.368420	1.208210	
1682	2.108436	-0.367683	1.207749	
1683	2.099858	-0.365947	1.207153	
1684	2.092268	-0.363364	1.206856	
1685	2.084157	-0.362764	1.206113	
1686	2.076726	-0.361262	1.204606	
1687	2.070503	-0.359279	1.203825	
1688	2.056474	-0.356784	1.201875	
1689	2.050131	-0.355214	1.201285	
1690	2.043797	-0.353715	1.200087	
1691	2.037574	-0.351147	1.198659	
1692	2.030976	-0.348273	1.196910	
1693	2.025245	-0.344048	1.195238	
1694	2.018252	-0.340255	1.192767	
1695	2.011716	-0.335934	1.190326	
1696	2.005468	-0.332181	1.187409	
1697	1.999608	-0.327113	1.184515	
1698	1.993873	-0.322691	1.180999	
1699	1.988476	-0.318472	1.177429	
1700	1.983097	-0.313895	1.173846	
1701	1.977722	-0.309427	1.169849	
1702	1.972229	-0.305032	1.165894	
1703	1.967176	-0.300659	1.161941	
1704	1.961833	-0.296652	1.157080	
1705	1.956436	-0.292758	1.152113	
1706	1.952177	-0.288728	1.147763	
1707	1.947023	-0.285749	1.142790	
1708	1.941468	-0.281483	1.137829	
1709	1.936744	-0.278376	1.133571	
1710	1.930862	-0.275498	1.129306	
1711	1.924684	-0.270967	1.124719	
1712	1.919725	-0.267622	1.121346	
1713	1.913557	-0.265363	1.117372	
1714	1.906318	-0.261151	1.112785	
1715	1.899573	-0.258362	1.108555	
1716	1.892325	-0.255933	1.104161	
1717	1.884709	-0.252563	1.099675	
1718	1.877218	-0.249761	1.095225	
1719	1.868501	-0.246816	1.090343	
1720	1.860173	-0.243265	1.085888	
1721	1.851746	-0.240703	1.081554	
1722	1.842778	-0.238017	1.077455	
1723	1.832865	-0.235038	1.072983	
1724	1.823482	-0.232458	1.068956	
1725	1.812317	-0.230503	1.064557	
1726	1.802101	-0.227108	1.060791	
1727	1.793675	-0.225174	1.057709	
1728	1.783978	-0.222754	1.054442	
1729	1.766854	-0.218277	1.049212	
1730	1.758626	-0.216761	1.047400	
1731	1.749751	-0.214807	1.045112	
1732	1.742231	-0.213253	1.043398	
1733	1.734907	-0.212223	1.042202	
1734	1.727730	-0.211103	1.040975	
1735	1.721372	-0.208778	1.039549	
1736	1.715160	-0.207674	1.038393	
1737	1.708786	-0.207967	1.036808	
1738	1.702722	-0.206490	1.034804	
1739	1.697304	-0.205828	1.033344	
1740	1.691985	-0.205406	1.032420	
1741	1.686444	-0.204307	1.031448	
1742	1.681919	-0.203010	1.030579	
1743	1.676806	-0.201643	1.029262	
1744	1.672419	-0.200179	1.028065	
1745	1.667092	-0.199329	1.026000	
1746	1.662204	-0.198503	1.023709	
1747	1.656372	-0.196688	1.020884	
1748	1.651579	-0.196666	1.018347	
1749	1.646001	-0.195518	1.015121	
1750	1.640356	-0.192671	1.011523	
1751	1.635753	-0.191018	1.008483	
1752	1.630274	-0.189106	1.004827	
1753	1.624221	-0.185819	1.000702	
1754	1.618238	-0.182055	0.996339	
1755	1.612246	-0.179834	0.991364	
1756	1.606262	-0.174708	0.986371	
1757	1.600591	-0.170990	0.981022	
1758	1.588057	-0.163594	0.969319	
1759	1.581590	-0.159964	0.963119	
1760	1.575876	-0.156394	0.957082	
1761	1.569506	-0.152233	0.950523	
1762	1.564133	-0.148777	0.944331	
1763	1.558180	-0.145566	0.938125	
1764	1.552526	-0.140401	0.931967	
1765	1.547708	-0.136540	0.926175	
1766	1.534848	-0.129088	0.914054	
1767	1.529655	-0.126219	0.908344	
1768	1.524295	-0.121278	0.902961	
1769	1.518657	-0.116897	0.897533	
1770	1.513748	-0.114223	0.892107	
1771	1.509634	-0.110530	0.887391	
1772	1.505755	-0.106943	0.882927	
1773	1.500860	-0.103850	0.878377	
1774	1.496184	-0.102043	0.873921	
1775	1.491767	-0.101337	0.870101	
1776	1.480961	-0.104620	0.860268	
1777	1.475295	-0.105864	0.855254	
1778	1.468950	-0.108344	0.850248	
1779	1.462371	-0.112140	0.844502	
1780	1.454428	-0.114738	0.838879	
1781	1.439579	-0.121843	0.827653	
1782	1.431744	-0.123441	0.822578	
1783	1.424048	-0.124997	0.818093	
1784	1.416785	-0.125301	0.814052	
1785	1.409255	-0.125756	0.810288	
1786	1.401602	-0.127053	0.806190	
1787	1.395016	-0.128263	0.802471	
1788	1.387630	-0.127970	0.798737	
1789	1.374404	-0.127850	0.792823	
1790	1.367801	-0.128709	0.789870	
1791	1.361148	-0.128786	0.787042	
1792	1.355372	-0.128551	0.784508	
1793	1.349177	-0.129551	0.781051	
1794	1.342210	-0.128495	0.778019	
1795	1.337671	-0.128780	0.775140	
1796	1.331812	-0.129047	0.772228	
1797	1.325293	-0.128016	0.769538	
1798	1.319396	-0.127064	0.766694	
1799	1.314221	-0.126739	0.763993	
1800	1.309167	-0.124474	0.761660	
1801	1.304359	-0.123119	0.758108	
1802	1.299714	-0.121683	0.754838	
1803	1.293390	-0.120682	0.751259	
1804	1.290288	-0.119955	0.748218	
1805	1.285871	-0.117076	0.746205	
1806	1.282126	-0.115187	0.744506	
1807	1.278024	-0.114534	0.741639	
1808	1.273520	-0.111763	0.739174	
1809	1.270012	-0.109028	0.736877	
1810	1.265512	-0.107532	0.733248	
1811	1.261193	-0.103929	0.729843	
1812	1.258504	-0.099484	0.726882	
1813	1.254202	-0.096439	0.721724	
1814	1.249163	-0.092984	0.716290	
1815	1.245503	-0.087140	0.711767	
1816	1.242733	-0.084407	0.705641	
1817	1.238887	-0.080866	0.699428	
1818	1.235854	-0.075832	0.694442	
1819	1.233604	-0.073742	0.688217	
1820	1.231161	-0.070039	0.682571	
1821	1.226170	-0.065265	0.677894	
1822	1.224169	-0.063215	0.672280	
1823	1.219966	-0.058764	0.667575	
1824	1.216375	-0.056808	0.662362	
1825	1.213184	-0.056123	0.656555	
1826	1.208316	-0.053700	0.651800	
1827	1.205509	-0.051656	0.647004	
1828	1.200739	-0.050451	0.641794	
1829	1.195586	-0.047603	0.638187	
1830	1.190670	-0.047759	0.633374	
1831	1.185531	-0.047369	0.628573	
1832	1.178584	-0.046557	0.624479	
1833	1.171142	-0.045004	0.620621	
1834	1.164552	-0.045482	0.615663	
1835	1.156143	-0.045033	0.611229	
1836	1.147790	-0.044323	0.607273	
1837	1.141608	-0.045290	0.602809	
1838	1.132690	-0.046414	0.598633	
1839	1.123387	-0.048222	0.594978	
1840	1.115960	-0.051445	0.591591	
1841	1.106674	-0.056685	0.587864	
1842	1.095871	-0.060236	0.585260	
1843	1.087282	-0.063978	0.583841	
1844	1.076661	-0.066095	0.583443	
1845	1.064776	-0.068694	0.583592	
1846	1.054637	-0.073153	0.583169	
1847	1.043937	-0.076860	0.583311	
1848	1.033176	-0.079036	0.584302	
1849	1.023946	-0.082233	0.585166	
1850	1.013362	-0.085456	0.586249	
1851	1.002155	-0.088696	0.587867	
1852	0.992612	-0.092125	0.589043	
1853	0.982605	-0.094834	0.590386	
1854	0.973197	-0.098850	0.591210	
1855	0.964788	-0.103688	0.591556	
1856	0.955874	-0.105951	0.593512	
1857	0.947187	-0.108257	0.595385	
1858	0.939745	-0.110363	0.597148	
1859	0.930965	-0.113796	0.598734	
1860	0.922522	-0.116193	0.600630	
1861	0.916190	-0.118562	0.602612	
1862	0.907736	-0.118859	0.605944	
1863	0.901396	-0.121422	0.608050	
1864	0.894334	-0.123037	0.610452	
1865	0.886656	-0.124318	0.613433	
1866	0.879771	-0.126392	0.616296	
1867	0.872586	-0.128477	0.618897	
1868	0.865379	-0.127602	0.622680	
1869	0.860384	-0.128608	0.626272	
1870	0.855251	-0.133328	0.627807	
1871	0.848073	-0.134497	0.630341	
1872	0.839637	-0.134970	0.634322	
1873	0.834918	-0.140220	0.635571	
1874	0.829386	-0.142172	0.637132	
1875	0.821486	-0.143554	0.640394	
1876	0.817116	-0.147412	0.642113	
1877	0.812294	-0.148869	0.644244	
1878	0.805099	-0.149776	0.647541	
1879	0.800618	-0.151694	0.649788	
1880	0.795887	-0.153876	0.652052	
1881	0.790155	-0.154790	0.655211	
1882	0.784939	-0.155680	0.658587	
1883	0.781357	-0.157080	0.661732	
1884	0.772906	-0.157990	0.668870	
1885	0.767968	-0.158746	0.672178	
1886	0.762631	-0.157850	0.676651	
1887	0.758012	-0.158431	0.680498	
1888	0.754102	-0.159202	0.683881	
1889	0.749440	-0.158370	0.688388	
1890	0.747295	-0.157329	0.693353	
1891	0.744106	-0.158257	0.698014	
1892	0.740369	-0.157874	0.703708	
1893	0.737453	-0.157040	0.710154	
1894	0.733896	-0.157041	0.717351	
1895	0.730740	-0.155779	0.725512	
1896	0.729693	-0.156158	0.733630	
1897	0.726480	-0.157011	0.741748	
1898	0.724033	-0.155673	0.750536	
1899	0.721836	-0.155145	0.758986	
1900	0.719552	-0.156552	0.766572	
1901	0.716623	-0.156909	0.774061	
1902	0.713521	-0.157440	0.781549	
1903	0.710244	-0.158924	0.788924	
1904	0.707194	-0.161005	0.796282	
1905	0.704006	-0.161998	0.804572	
1906	0.700768	-0.164823	0.812389	
1907	0.697480	-0.168931	0.819520	
1908	0.693943	-0.170891	0.827979	
1909	0.691413	-0.174929	0.835658	
1910	0.688954	-0.179749	0.842481	
1911	0.686334	-0.180674	0.851570	
1912	0.683445	-0.184764	0.859168	
1913	0.680144	-0.188425	0.865468	
1914	0.678479	-0.190024	0.874145	
1915	0.677806	-0.193524	0.881510	
1916	0.676317	-0.196756	0.888072	
1917	0.675045	-0.198271	0.895501	
1918	0.674886	-0.200868	0.902570	
1919	0.674336	-0.203956	0.908228	
1920	0.674074	-0.205760	0.914715	
1921	0.674229	-0.208171	0.920735	
1922	0.675229	-0.211136	0.926185	
1923	0.676770	-0.213378	0.932299	
1924	0.678018	-0.216461	0.937950	
1925	0.679094	-0.219609	0.942840	
1926	0.679750	-0.222105	0.947753	
1927	0.680701	-0.223965	0.953197	
1928	0.682449	-0.226241	0.958655	
1929	0.683042	-0.229187	0.963534	
1930	0.684156	-0.230047	0.970027	
1931	0.684408	-0.232888	0.975393	
1932	0.685371	-0.234215	0.980787	
1933	0.687645	-0.235547	0.987206	
1934	0.688793	-0.238138	0.991859	
1935	0.689674	-0.238826	0.996451	
1936	0.690908	-0.238929	1.002142	
1937	0.691492	-0.240032	1.006558	
1938	0.693322	-0.239520	1.017169	
1939	0.693802	-0.239573	1.021422	
1940	0.694456	-0.238832	1.025689	
1941	0.695127	-0.235797	1.036325	
1942	0.694985	-0.233723	1.041054	
1943	0.695206	-0.231101	1.046954	
1944	0.696315	-0.229059	1.052416	
1945	0.696130	-0.226474	1.058201	
1946	0.696289	-0.223687	1.064190	
1947	0.696308	-0.221492	1.069950	
1948	0.693817	-0.213280	1.088217	
1949	0.693913	-0.210964	1.095094	
1950	0.693891	-0.209453	1.102000	
1951	0.693243	-0.207581	1.116280	
1952	0.692321	-0.206799	1.123418	
1953	0.691452	-0.205984	1.130497	
1954	0.690452	-0.205826	1.136967	
1955	0.689178	-0.206379	1.143162	
1956	0.690116	-0.205867	1.149775	
1957	0.689016	-0.207135	1.160666	
1958	0.689257	-0.207186	1.166310	
1959	0.689390	-0.207638	1.171426	
1960	0.689845	-0.207426	1.177057	
1961	0.690778	-0.207161	1.182799	
1962	0.690551	-0.207630	1.187813	
1963	0.690665	-0.208022	1.192713	
1964	0.691987	-0.207652	1.197959	
1965	0.692792	-0.207676	1.202897	
1966	0.692790	-0.208319	1.207219	
1967	0.693298	-0.208296	1.211768	
1968	0.693113	-0.207885	1.215736	
1969	0.692893	-0.207804	1.219301	
1970	0.693278	-0.206371	1.223625	
1971	0.694226	-0.204581	1.227373	
1972	0.694306	-0.203674	1.230366	
1973	0.694358	-0.202027	1.233534	
1974	0.695823	-0.201108	1.236605	
1975	0.695762	-0.200010	1.238800	
1976	0.694592	-0.198749	1.240902	
1977	0.694386	-0.198264	1.242517	
1978	0.694647	-0.197320	1.244757	
1979	0.694296	-0.196764	1.246288	
1980	0.693124	-0.195921	1.247687	
1981	0.691985	-0.194638	1.249473	
1982	0.690954	-0.193953	1.251122	
1983	0.686618	-0.193067	1.253649	
1984	0.684757	-0.191102	1.255668	
1985	0.682481	-0.188548	1.257335	
1986	0.679424	-0.185640	1.258940	
1987	0.676431	-0.183319	1.260033	
1988	0.672997	-0.180225	1.261200	
1989	0.669795	-0.177900	1.262334	
1990	0.666235	-0.176576	1.262955	
1991	0.662551	-0.174432	1.263790	
1992	0.659987	-0.173188	1.264921	
1993	0.656402	-0.172437	1.265532	
1994	0.652259	-0.170800	1.266404	
1995	0.648531	-0.169574	1.267223	
1996	0.644177	-0.168150	1.267985	
1997	0.639499	-0.166948	1.268828	
1998	0.635119	-0.166000	1.269874	
1999	0.630123	-0.165257	1.270285	
2000	0.625444	-0.164350	1.271041	
2001	0.620461	-0.164707	1.270948	
2002	0.615415	-0.164345	1.270884	
2003	0.610948	-0.163869	1.271326	
2004	0.606818	-0.164506	1.271337	
2005	0.602238	-0.164711	1.271414	
2006	0.597719	-0.164705	1.271601	
2007	0.593833	-0.165236	1.271534	
2008	0.589442	-0.165427	1.271275	
2009	0.584793	-0.165203	1.270748	
2010	0.580583	-0.164485	1.270221	
2011	0.575975	-0.163027	1.269868	
2012	0.571527	-0.161728	1.269625	
2013	0.566805	-0.161867	1.268323	
2014	0.562289	-0.160148	1.267525	
2015	0.557967	-0.158687	1.266946	
2016	0.553981	-0.157527	1.265874	
2017	0.550385	-0.154727	1.265705	
2018	0.546042	-0.155304	1.263947	
2019	0.542772	-0.153378	1.263108	
2020	0.539353	-0.153764	1.262562	
2021	0.536277	-0.152753	1.261492	
2022	0.533250	-0.151985	1.260699	
2023	0.527465	-0.151586	1.258664	
2024	0.524831	-0.152096	1.257879	
2025	0.522466	-0.151856	1.257556	
2026	0.519547	-0.152161	1.256245	
2027	0.517267	-0.150312	1.256286	
2028	0.514390	-0.150394	1.255151	
2029	0.511390	-0.148856	1.253777	
2030	0.508570	-0.148548	1.253009	
2031	0.504736	-0.147845	1.251207	
2032	0.501049	-0.146715	1.249694	
2033	0.497355	-0.146324	1.248154	
2034	0.493491	-0.145490	1.246542	
2035	0.489810	-0.144847	1.245009	
2036	0.485675	-0.143803	1.242917	
2037	0.481746	-0.143261	1.241100	
2038	0.476923	-0.142595	1.238206	
2039	0.472338	-0.142297	1.235906	
2040	0.468054	-0.141547	1.233388	
2041	0.464491	-0.141039	1.231230	
2042	0.461177	-0.140534	1.229315	
2043	0.457881	-0.139461	1.227301	
2044	0.450904	-0.137543	1.221276	
2045	0.446097	-0.134866	1.216912	
2046	0.443478	-0.133886	1.214270	
2047	0.440598	-0.132287	1.211483	
2048	0.437121	-0.131172	1.207761	
2049	0.433665	-0.128268	1.204312	
2050	0.430256	-0.127476	1.200888	
2051	0.427137	-0.125974	1.197921	
2052	0.424432	-0.124034	1.195718	
2053	0.420870	-0.123075	1.192095	
2054	0.418273	-0.120958	1.189857	
2055	0.415045	-0.119400	1.186846	
2056	0.411298	-0.117881	1.183452	
2057	0.405472	-0.114215	1.178082	
2058	0.402448	-0.113067	1.175159	
2059	0.399793	-0.111069	1.172851	
2060	0.396540	-0.109408	1.169732	
2061	0.393460	-0.107051	1.166971	
2062	0.388031	-0.102943	1.162100	
2063	0.385185	-0.100366	1.159328	
2064	0.380740	-0.094698	1.154918	
2065	0.378628	-0.092587	1.152863	
2066	0.376651	-0.090746	1.150525	
2067	0.374946	-0.088346	1.148883	
2068	0.372789	-0.087500	1.146216	
2069	0.370632	-0.086131	1.143610	
2070	0.366985	-0.084943	1.139495	
2071	0.364738	-0.084510	1.136840	
2072	0.362974	-0.083505	1.134443	
2073	0.360639	-0.084013	1.131208	
2074	0.358571	-0.084084	1.128033	
2075	0.357497	-0.082858	1.125484	
2076	0.355530	-0.083163	1.121600	
2077	0.354218	-0.081528	1.118036	
2078	0.353569	-0.080721	1.114720	
2079	0.352375	-0.080970	1.110655	
2080	0.351878	-0.079885	1.106767	
2081	0.351148	-0.078061	1.102917	
2082	0.350178	-0.077365	1.098332	
2083	0.350074	-0.075916	1.093962	
2084	0.349787	-0.074403	1.088961	
2085	0.349288	-0.072800	1.083578	
2086	0.349664	-0.071064	1.078718	
2087	0.349899	-0.071244	1.073514	
2088	0.350415	-0.070159	1.067668	
2089	0.351074	-0.068753	1.061765	
2090	0.352206	-0.068477	1.055960	
2091	0.353264	-0.066705	1.050407	
2092	0.354413	-0.063333	1.046035	
2093	0.355964	-0.062770	1.039372	
2094	0.356198	-0.059526	1.034162	
2095	0.357536	-0.057442	1.028319	
2096	0.357922	-0.056564	1.020763	
2097	0.358193	-0.052827	1.014703	
2098	0.359291	-0.051449	1.007113	
2099	0.358940	-0.049531	0.999280	
2100	0.359420	-0.046979	0.991980	
2101	0.359371	-0.046645	0.983696	
2102	0.358825	-0.044918	0.976024	
2103	0.358459	-0.042620	0.969181	
2104	0.357982	-0.041850	0.962387	
2105	0.356564	-0.041837	0.955462	
2106	0.355115	-0.040800	0.948995	
2107	0.353459	-0.041361	0.942871	
2108	0.350962	-0.042376	0.936832	
2109	0.348807	-0.042325	0.932173	
2110	0.345795	-0.043218	0.926593	
2111	0.342901	-0.042633	0.921518	
2112	0.340205	-0.041984	0.916861	
2113	0.336440	-0.042903	0.911407	
2114	0.333301	-0.041793	0.906953	
2115	0.329916	-0.040286	0.902677	
2116	0.327550	-0.040765	0.898816	
2117	0.324185	-0.039344	0.894518	
2118	0.321215	-0.037412	0.890510	
2119	0.317586	-0.037278	0.885396	
2120	0.314536	-0.036062	0.880707	
2121	0.312468	-0.033966	0.876791	
2122	0.308100	-0.036475	0.864745	
2123	0.306671	-0.034147	0.859732	
2124	0.303191	-0.036969	0.845379	
2125	0.301904	-0.034696	0.839532	
2126	0.301050	-0.037124	0.831439	
2127	0.300580	-0.036818	0.824459	
2128	0.299941	-0.034070	0.818493	
2129	0.300170	-0.035602	0.810450	
2130	0.299173	-0.037473	0.801761	
2131	0.297552	-0.035899	0.794703	
2132	0.298525	-0.035765	0.787108	
2133	0.299087	-0.035875	0.772812	
2134	0.300248	-0.037524	0.757988	
2135	0.299764	-0.036237	0.751967	
2136	0.300629	-0.035578	0.746031	
2137	0.300485	-0.037220	0.739386	
2138	0.301105	-0.036614	0.734073	
2139	0.301913	-0.035060	0.728560	
2140	0.302028	-0.035442	0.722328	
2141	0.302666	-0.035450	0.716063	
2142	0.304531	-0.034221	0.710120	
2143	0.305730	-0.031923	0.704731	
2144	0.307834	-0.032079	0.698637	
2145	0.308944	-0.031034	0.692640	
2146	0.310732	-0.028151	0.686954	
2147	0.312640	-0.028193	0.680703	
2148	0.315483	-0.027274	0.674407	
2149	0.322073	-0.020588	0.664220	
2150	0.326028	-0.021805	0.657491	
2151	0.328001	-0.018896	0.651365	
2152	0.334943	-0.015904	0.636939	
2153	0.337083	-0.014347	0.628879	
2154	0.338939	-0.011102	0.621889	
2155	0.341292	-0.008819	0.613683	
2156	0.343038	-0.008583	0.604547	
2157	0.344484	-0.006179	0.596051	
2158	0.345444	-0.003177	0.587100	
2159	0.347361	-0.002747	0.575646	
2160	0.349138	-0.000936	0.565469	
2161	0.354892	0.003440	0.544429	
2162	0.356098	0.005288	0.534111	
2163	0.356406	0.008619	0.524167	
2164	0.357089	0.011813	0.512799	
2165	0.357837	0.012772	0.499993	
2166	0.358025	0.014845	0.489598	
2167	0.358645	0.019300	0.479592	
2168	0.358911	0.019549	0.467157	
2169	0.358315	0.021102	0.454572	
2170	0.358182	0.021918	0.444584	
2171	0.356649	0.024212	0.434156	
2172	0.357143	0.025269	0.423435	
2173	0.357668	0.027609	0.414637	
2174	0.357032	0.030921	0.406501	
2175	0.356317	0.031945	0.397330	
2176	0.355459	0.032838	0.388702	
2177	0.355377	0.035674	0.382220	
2178	0.355166	0.037845	0.375229	
2179	0.355299	0.036792	0.367170	
2180	0.352332	0.040987	0.355203	
2181	0.350179	0.041910	0.348960	
2182	0.345819	0.042933	0.343069	
2183	0.336010	0.044228	0.337193	
2184	0.333621	0.045852	0.331205	
2185	0.329789	0.046711	0.324783	
2186	0.324234	0.049467	0.320197	
2187	0.318447	0.050888	0.314872	
2188	0.311595	0.051862	0.308601	
2189	0.304317	0.054325	0.303352	
2190	0.295022	0.056152	0.298219	
2191	0.286753	0.056951	0.291464	
2192	0.278461	0.057655	0.283873	
2193	0.268972	0.060555	0.278269	
2194	0.259648	0.062492	0.272413	
2195	0.250481	0.063262	0.265593	
2196	0.240924	0.063941	0.258618	
2197	0.232304	0.065729	0.252668	
2198	0.224428	0.066858	0.246154	
2199	0.216154	0.066678	0.239045	
2200	0.208266	0.067230	0.233131	
2201	0.201673	0.068515	0.227190	
2202	0.195025	0.069847	0.220889	
2203	0.186006	0.069153	0.214685	
2204	0.178312	0.069726	0.209726	
2205	0.171006	0.071057	0.204674	
2206	0.162850	0.071986	0.199229	
2207	0.155914	0.072493	0.193633	
2208	0.148643	0.072113	0.187705	
2209	0.142043	0.073050	0.181959	
2210	0.135080	0.073030	0.175795	
2211	0.127832	0.072301	0.169981	
2212	0.120775	0.072606	0.164818	
2213	0.113218	0.071880	0.159144	
2214	0.094648	0.074280	0.149161	
2215	0.087380	0.073806	0.142908	
2216	0.078818	0.074853	0.136912	
2217	0.071167	0.075824	0.130963	
2218	0.063177	0.075681	0.123669	
2219	0.053827	0.074760	0.116909	
2220	0.046655	0.076913	0.110492	
2221	0.039152	0.076655	0.102658	
2222	0.029730	0.077588	0.095061	
2223	0.021057	0.081156	0.088928	
2224	0.013220	0.083935	0.081336	
2225	0.002693	0.085616	0.073404	
2226	-0.005084	0.087982	0.067077	
2227	-0.013466	0.092635	0.060764	
2228	-0.023434	0.095041	0.053717	
2229	-0.032236	0.097705	0.047686	
2230	-0.039273	0.103023	0.042368	
2231	-0.047901	0.105815	0.035850	
2232	-0.057079	0.109688	0.030220	
2233	-0.065205	0.114602	0.025050	
2234	-0.073058	0.120018	0.019641	
2235	-0.090444	0.130373	0.009826	
2236	-0.096088	0.137975	0.006142	
2237	-0.104868	0.140835	-0.000092	
2238	-0.113022	0.144020	-0.004274	
2239	-0.118537	0.148045	-0.007493	
2240	-0.124785	0.149961	-0.011012	
2241	-0.131344	0.150833	-0.014802	
2242	-0.137073	0.152511	-0.017937	
2243	-0.143025	0.152408	-0.021694	
2244	-0.149693	0.152390	-0.024658	
2245	-0.155129	0.152954	-0.027432	
2246	-0.164882	0.152783	-0.030852	
2247	-0.173449	0.152364	-0.033782	
2248	-0.178637	0.154505	-0.035418	
2249	-0.184915	0.155826	-0.038100	
2250	-0.193591	0.156625	-0.040839	
2251	-0.200799	0.158851	-0.042421	
2252	-0.208839	0.160073	-0.044402	
2253	-0.217026	0.159991	-0.046217	
2254	-0.224071	0.159904	-0.047756	
2255	-0.230919	0.159580	-0.049165	
2256	-0.250566	0.157369	-0.051634	
2257	-0.265389	0.155877	-0.054512	
2258	-0.272576	0.156084	-0.055672	
2259	-0.279989	0.156473	-0.056764	
2260	-0.286837	0.156541	-0.057515	
2261	-0.293469	0.157824	-0.057687	
2262	-0.300186	0.160199	-0.057553	
2263	-0.307663	0.161772	-0.057505	
2264	-0.316396	0.162521	-0.058131	
2265	-0.323606	0.164863	-0.058039	
2266	-0.329763	0.167571	-0.058471	
2267	-0.336866	0.168175	-0.060125	
2268	-0.344623	0.167607	-0.062126	
2269	-0.352348	0.168708	-0.063906	
2270	-0.358985	0.167922	-0.066644	
2271	-0.366431	0.166255	-0.069255	
2272	-0.373040	0.164852	-0.071791	
2273	-0.379701	0.163719	-0.074538	
2274	-0.386337	0.160333	-0.077759	
2275	-0.394600	0.158703	-0.080718	
2276	-0.402248	0.157409	-0.083276	
2277	-0.408210	0.156007	-0.086114	
2278	-0.417405	0.155086	-0.088110	
2279	-0.424179	0.154397	-0.090106	
2280	-0.429261	0.155197	-0.091468	
2281	-0.437586	0.154441	-0.093381	
2282	-0.445055	0.156462	-0.094144	
2283	-0.451488	0.156672	-0.095894	
2284	-0.459535	0.154547	-0.097831	
2285	-0.465169	0.152657	-0.099372	
2286	-0.468812	0.152277	-0.101422	
2287	-0.475387	0.152380	-0.103957	
2288	-0.481890	0.151512	-0.106928	
2289	-0.487701	0.149764	-0.110939	
2290	-0.493457	0.149635	-0.114951	
2291	-0.499472	0.149797	-0.119579	
2292	-0.507085	0.150169	-0.123930	
2293	-0.512613	0.150966	-0.129025	
2294	-0.518047	0.152016	-0.134275	
2295	-0.525455	0.156079	-0.139400	
2296	-0.532505	0.160438	-0.144457	
2297	-0.538392	0.163684	-0.150062	
2298	-0.546466	0.167314	-0.155487	
2299	-0.553880	0.170924	-0.160684	
2300	-0.559516	0.175250	-0.165446	
2301	-0.564955	0.180837	-0.170175	
2302	-0.572579	0.183687	-0.174889	
2303	-0.579041	0.187116	-0.179510	
2304	-0.585499	0.192867	-0.183466	
2305	-0.590468	0.197875	-0.187618	
2306	-0.598209	0.201973	-0.191177	
2307	-0.602925	0.206439	-0.195274	
2308	-0.609110	0.212056	-0.199086	
2309	-0.615953	0.214774	-0.203378	
2310	-0.620635	0.218247	-0.207368	
2311	-0.627601	0.221783	-0.211034	
2312	-0.631237	0.225430	-0.214159	
2313	-0.638084	0.227468	-0.216996	
2314	-0.643185	0.228669	-0.219894	
2315	-0.648595	0.230152	-0.222369	
2316	-0.653849	0.232329	-0.224078	
2317	-0.659137	0.234242	-0.225950	
2318	-0.667689	0.236853	-0.227536	
2319	-0.673066	0.237735	-0.229487	
2320	-0.677984	0.237784	-0.231936	
2321	-0.684544	0.238338	-0.234370	
2322	-0.689951	0.238880	-0.236580	
2323	-0.695154	0.238404	-0.239631	
2324	-0.701096	0.238199	-0.242701	
2325	-0.707948	0.237287	-0.245404	
2326	-0.714113	0.236877	-0.248530	
2327	-0.720004	0.236782	-0.251850	
2328	-0.726909	0.234112	-0.254719	
2329	-0.734204	0.231208	-0.257787	
2330	-0.755579	0.228784	-0.258128	
2331	-0.763164	0.227852	-0.260751	
2332	-0.769225	0.225680	-0.263381	
2333	-0.778325	0.225132	-0.265826	
2334	-0.786370	0.224715	-0.267982	
2335	-0.793869	0.222173	-0.270424	
2336	-0.804270	0.223052	-0.272175	
2337	-0.810112	0.222761	-0.275002	
2338	-0.816982	0.222202	-0.277960	
2339	-0.829056	0.224433	-0.280472	
2340	-0.842933	0.227783	-0.282699	
2341	-0.847684	0.227378	-0.286707	
2342	-0.855289	0.228354	-0.290004	
2343	-0.866589	0.230338	-0.292550	
2344	-0.872475	0.228893	-0.296209	
2345	-0.881138	0.228523	-0.299062	
2346	-0.884969	0.228884	-0.302400	
2347	-0.891286	0.226860	-0.306462	
2348	-0.901075	0.226788	-0.308987	
2349	-0.908514	0.227271	-0.311949	
2350	-0.915015	0.226427	-0.315399	
2351	-0.922441	0.226809	-0.319092	
2352	-0.926297	0.224371	-0.323710	
2353	-0.932841	0.222213	-0.327827	
2354	-0.939973	0.220377	-0.331705	
2355	-0.945225	0.218636	-0.336158	
2356	-0.949189	0.219147	-0.340636	
2357	-0.958217	0.219979	-0.344249	
2358	-0.964555	0.221892	-0.347728	
2359	-0.970854	0.223035	-0.352045	
2360	-0.985056	0.225231	-0.360520	
2361	-0.997045	0.229097	-0.371070	
2362	-1.007603	0.235013	-0.375448	
2363	-1.014369	0.238358	-0.380947	
2364	-1.027933	0.245705	-0.390636	
2365	-1.045130	0.254391	-0.399671	
2366	-1.062272	0.260620	-0.408586	
2367	-1.071296	0.265927	-0.413215	
2368	-1.075937	0.269347	-0.417914	
2369	-1.083961	0.273271	-0.421136	
2370	-1.092656	0.279488	-0.423718	
2371	-1.101011	0.284600	-0.425702	
2372	-1.103719	0.286822	-0.428872	
2373	-1.107121	0.288219	-0.430330	
2374	-1.118305	0.293224	-0.428090	
2375	-1.125143	0.297070	-0.426067	
2376	-1.123502	0.297690	-0.425505	
2377	-1.127594	0.300165	-0.423378	
2378	-1.135968	0.301355	-0.419852	
2379	-1.144757	0.300887	-0.414034	
2380	-1.147879	0.303231	-0.410519	
2381	-1.154298	0.300868	-0.406890	
2382	-1.162948	0.298327	-0.401410	
2383	-1.165133	0.297690	-0.397370	
2384	-1.170763	0.297804	-0.391540	
2385	-1.179182	0.293688	-0.384540	
2386	-1.186688	0.291087	-0.377793	
2387	-1.193144	0.288744	-0.371283	
2388	-1.199283	0.281647	-0.364726	
2389	-1.207827	0.279469	-0.356610	
2390	-1.215459	0.277015	-0.349099	
2391	-1.220428	0.273231	-0.341518	
2392	-1.222885	0.267067	-0.335495	
2393	-1.232758	0.261852	-0.327115	
2394	-1.240546	0.258089	-0.319776	
2395	-1.246311	0.255691	-0.313256	
2396	-1.252151	0.250661	-0.306824	
2397	-1.256828	0.243830	-0.300822	
2398	-1.263909	0.237720	-0.294398	
2399	-1.276437	0.228057	-0.284888	
2400	-1.282834	0.222445	-0.278594	
2401	-1.285384	0.215858	-0.273250	
2402	-1.287185	0.208990	-0.268424	
2403	-1.292615	0.204165	-0.262928	
2404	-1.297536	0.198746	-0.257885	
2405	-1.299031	0.192960	-0.253654	
2406	-1.303697	0.190170	-0.248773	
2407	-1.307637	0.185334	-0.244007	
2408	-1.312739	0.181203	-0.238856	
2409	-1.317142	0.177283	-0.233620	
2410	-1.324432	0.171249	-0.223685	
2411	-1.327725	0.162777	-0.215409	
2412	-1.332504	0.160835	-0.210653	
2413	-1.334696	0.157822	-0.206174	
2414	-1.332923	0.152942	-0.203086	
2415	-1.336954	0.149972	-0.197854	
2416	-1.338654	0.146579	-0.193558	
2417	-1.338165	0.142566	-0.189544	
2418	-1.338730	0.139356	-0.185579	
2419	-1.343027	0.137352	-0.180280	
2420	-1.342643	0.133413	-0.176941	
2421	-1.345589	0.130894	-0.172036	
2422	-1.348350	0.128526	-0.167528	
2423	-1.348961	0.124604	-0.164037	
2424	-1.353113	0.123619	-0.159022	
2425	-1.354551	0.123161	-0.154320	
2426	-1.354727	0.121038	-0.150101	
2427	-1.359607	0.118448	-0.143929	
2428	-1.361791	0.116843	-0.138296	
2429	-1.363888	0.117090	-0.132702	
2430	-1.361081	0.115368	-0.128715	
2431	-1.363305	0.114321	-0.122970	
2432	-1.365571	0.115046	-0.117163	
2433	-1.367424	0.112735	-0.111666	
2434	-1.368313	0.110964	-0.105768	
2435	-1.366817	0.109912	-0.101016	
2436	-1.366990	0.109176	-0.094930	
2437	-1.365677	0.106797	-0.089046	
2438	-1.360395	0.104141	-0.083773	
2439	-1.358053	0.100423	-0.076914	
2440	-1.355960	0.095207	-0.069503	
2441	-1.351850	0.090405	-0.061868	
2442	-1.344629	0.087185	-0.054945	
2443	-1.339712	0.081850	-0.046896	
2444	-1.339786	0.076248	-0.036562	
2445	-1.332559	0.072292	-0.028040	
2446	-1.321827	0.065574	-0.021446	
2447	-1.320697	0.057700	-0.011772	
2448	-1.313852	0.052686	-0.003157	
2449	-1.299872	0.046077	0.002144	
2450	-1.297920	0.036325	0.010746	
2451	-1.296021	0.030927	0.020750	
2452	-1.281082	0.025434	0.026864	
2453	-1.271998	0.018101	0.033612	
2454	-1.270726	0.013192	0.042912	
2455	-1.263216	0.008229	0.049874	
2456	-1.253247	0.004700	0.055262	
2457	-1.250959	0.000463	0.062238	
2458	-1.247150	-0.001829	0.068607	
2459	-1.237678	-0.005576	0.072742	
2460	-1.229646	-0.009177	0.075973	
2461	-1.226967	-0.010080	0.081307	
2462	-1.224627	-0.009986	0.086306	
2463	-1.215983	-0.011122	0.089101	
2464	-1.208325	-0.011755	0.092909	
2465	-1.204983	-0.011294	0.098175	
2466	-1.202024	-0.011640	0.103399	
2467	-1.194866	-0.013784	0.108082	
2468	-1.188938	-0.011722	0.114210	
2469	-1.185373	-0.009829	0.119461	
2470	-1.180719	-0.010392	0.123866	
2471	-1.177088	-0.008528	0.129259	
2472	-1.175592	-0.005997	0.135638	
2473	-1.169658	-0.005196	0.139131	
2474	-1.166053	-0.005219	0.143522	
2475	-1.163165	-0.003138	0.148259	
2476	-1.157276	-0.003181	0.150989	
2477	-1.154683	-0.004569	0.154056	
2478	-1.150808	-0.004436	0.157166	
2479	-1.146923	-0.002545	0.160120	
2480	-1.145663	-0.002856	0.163157	
2481	-1.140859	-0.002962	0.166244	
2482	-1.136828	-0.002004	0.170013	
2483	-1.130538	-0.005880	0.172553	
2484	-1.130641	-0.004578	0.179280	
2485	-1.128680	-0.002018	0.185242	
2486	-1.120710	-0.004569	0.188579	
2487	-1.117646	-0.006602	0.193082	
2488	-1.120071	-0.003437	0.198776	
2489	-1.116102	-0.005093	0.202639	
2490	-1.111765	-0.004912	0.206699	
2491	-1.109471	-0.004412	0.210927	
2492	-1.108562	-0.005365	0.215782	
2493	-1.104416	0.000134	0.220572	
2494	-1.097572	-0.000949	0.222590	
2495	-1.098642	0.000329	0.226912	
2496	-1.098881	0.005026	0.231903	
2497	-1.093258	0.005068	0.233620	
2498	-1.093874	0.005315	0.236603	
2499	-1.096610	0.011129	0.241511	
2500	-1.092767	0.011345	0.242730	
2501	-1.093092	0.011167	0.244677	
2502	-1.094631	0.013946	0.247864	
2503	-1.092724	0.013751	0.248989	
2504	-1.094184	0.013591	0.250555	
2505	-1.096626	0.014922	0.252776	
2506	-1.095541	0.015026	0.253834	
2507	-1.095397	0.014639	0.254733	
2508	-1.096925	0.015895	0.256412	
2509	-1.096422	0.016147	0.257638	
2510	-1.094272	0.017016	0.258250	
2511	-1.095676	0.017786	0.259462	
2512	-1.097588	0.020681	0.261805	
2513	-1.096794	0.022115	0.263332	
2514	-1.097260	0.022680	0.264626	
2515	-1.100899	0.025509	0.267864	
2516	-1.098580	0.027299	0.269390	
2517	-1.096670	0.027617	0.270292	
2518	-1.101699	0.030533	0.273922	
2519	-1.100669	0.033058	0.276173	
2520	-1.098616	0.032842	0.277490	
2521	-1.101326	0.035149	0.280798	
2522	-1.100505	0.037062	0.283126	
2523	-1.098258	0.038416	0.285273	
2524	-1.096372	0.040089	0.287127	
2525	-1.098064	0.041760	0.290060	
2526	-1.094270	0.043009	0.291801	
2527	-1.091861	0.044487	0.293346	
2528	-1.093501	0.046616	0.295984	
2529	-1.092733	0.048276	0.298066	
2530	-1.087990	0.049373	0.298240	
2531	-1.087512	0.049859	0.298983	
2532	-1.089049	0.051793	0.300641	
2533	-1.085872	0.052605	0.300835	
2534	-1.084402	0.052262	0.300572	
2535	-1.086769	0.052876	0.302304	
2536	-1.083960	0.053452	0.302899	
2537	-1.083016	0.052603	0.302984	
2538	-1.083087	0.052297	0.303755	
2539	-1.082345	0.051990	0.304500	
2540	-1.080571	0.051802	0.304538	
2541	-1.079091	0.050757	0.304985	
2542	-1.076421	0.049995	0.304340	
2543	-1.076172	0.049435	0.304320	
2544	-1.075243	0.048788	0.304385	
2545	-1.073276	0.048120	0.304070	
2546	-1.074252	0.046885	0.304200	
2547	-1.073815	0.047431	0.304668	
2548	-1.071119	0.048490	0.304286	
2549	-1.071600	0.048491	0.304518	
2550	-1.071730	0.049653	0.305054	
2551	-1.069016	0.051622	0.305046	
2552	-1.068042	0.051616	0.304725	
2553	-1.067779	0.053674	0.305521	
2554	-1.064494	0.055483	0.305072	
2555	-1.063843	0.056216	0.304927	
2556	-1.063429	0.057807	0.305396	
2557	-1.060427	0.060155	0.304840	
2558	-1.059651	0.060449	0.304309	
2559	-1.060151	0.061917	0.304700	
2560	-1.056735	0.064026	0.304154	
2561	-1.056483	0.064560	0.303743	
2562	-1.056972	0.065916	0.304112	
2563	-1.052843	0.068507	0.303399	
2564	-1.052467	0.069674	0.303273	
2565	-1.051322	0.071732	0.303250	
2566	-1.047158	0.075470	0.302202	
2567	-1.047394	0.076740	0.302090	
2568	-1.044325	0.078785	0.300733	
2569	-1.043826	0.080157	0.299651	
2570	-1.041873	0.081036	0.298657	
2571	-1.042009	0.081324	0.297663	
2572	-1.041394	0.081834	0.296843	
2573	-1.039089	0.082428	0.295702	
2574	-1.038754	0.082932	0.294264	
2575	-1.036607	0.082554	0.292880	
2576	-1.037411	0.082721	0.292457	
2577	-1.035219	0.082656	0.291461	
2578	-1.033414	0.082840	0.289576	
2579	-1.032326	0.083388	0.288973	
2580	-1.029335	0.084090	0.287922	
2581	-1.029108	0.084701	0.287425	
2582	-1.029468	0.085232	0.287323	
2583	-1.027586	0.085847	0.286564	
