0	0.000000	0.000000	0.000000	
1	0.000000	0.000000	0.000000	
2	0.000000	0.000000	0.000000	
3	0.000000	0.000000	0.000000	
4	0.000066	0.001381	0.000723	
5	-0.000361	0.001262	0.000704	
6	-0.000669	0.002140	0.000451	
7	-0.000429	0.001631	0.000086	
8	-0.001100	0.005105	0.000530	
9	-0.000578	0.003787	-0.000197	
10	-0.000581	0.005126	0.000087	
11	-0.000620	0.003724	-0.000382	
12	-0.000656	0.003232	-0.000169	
13	-0.000511	0.003310	-0.000217	
14	-0.001145	0.002130	-0.000763	
15	-0.001206	0.001576	-0.000925	
16	-0.001038	0.000825	-0.001332	
17	-0.001269	-0.000513	-0.002053	
18	-0.000678	-0.000107	-0.001900	
19	-0.001074	-0.000470	-0.002555	
20	-0.001233	0.000352	-0.002423	
21	-0.000918	-0.000193	-0.002610	
22	0.000799	0.000532	-0.002625	
23	0.001006	0.000531	-0.003077	
24	0.000785	-0.000312	-0.003774	
25	0.001559	0.000300	-0.004100	
26	0.001945	0.000044	-0.004836	
27	0.002061	-0.000585	-0.005826	
28	0.003577	-0.000083	-0.006107	
29	0.003222	0.000305	-0.006574	
30	0.002698	-0.000459	-0.007438	
31	0.003897	-0.000409	-0.007634	
32	0.004257	0.000973	-0.007553	
33	0.003709	0.001586	-0.008142	
34	0.004101	0.002129	-0.008361	
35	0.004571	0.002162	-0.008475	
36	0.004478	0.002190	-0.008763	
37	0.005001	0.003340	-0.008482	
38	0.005714	0.004876	-0.008436	
39	0.004993	0.004744	-0.009114	
40	0.005381	0.005402	-0.008886	
41	0.005832	0.005489	-0.009155	
42	0.006108	0.004472	-0.009948	
43	0.006261	0.003370	-0.010544	
44	0.006861	0.003085	-0.010671	
45	0.006902	0.003576	-0.010956	
46	0.007083	0.003461	-0.011392	
47	0.007489	0.003943	-0.011621	
48	0.007388	0.004642	-0.011998	
49	0.007109	0.004204	-0.012357	
50	0.008110	0.004395	-0.012520	
51	0.008364	0.003776	-0.013241	
52	0.007802	0.003243	-0.013491	
53	0.008170	0.004393	-0.013624	
54	0.007937	0.004190	-0.013992	
55	0.008086	0.004093	-0.014404	
56	0.008125	0.004300	-0.014404	
57	0.007975	0.004311	-0.014775	
58	0.007727	0.004395	-0.014909	
59	0.008498	0.005971	-0.014190	
60	0.008073	0.006146	-0.014019	
61	0.006969	0.006719	-0.013714	
62	0.007653	0.007837	-0.013008	
63	0.007903	0.008702	-0.012357	
64	0.007091	0.009991	-0.011687	
65	0.006672	0.010193	-0.011427	
66	0.006489	0.010246	-0.011079	
67	0.006545	0.011925	-0.010241	
68	0.005413	0.012009	-0.010157	
69	0.003479	0.012479	-0.010252	
70	0.002188	0.012545	-0.010448	
71	-0.000257	0.011674	-0.011606	
72	-0.003088	0.011435	-0.012974	
73	-0.006362	0.009145	-0.015917	
74	-0.011587	0.007485	-0.019560	
75	-0.018210	0.006600	-0.023285	
76	-0.023730	0.005886	-0.027614	
77	-0.036784	0.003081	-0.037363	
78	-0.045419	0.002049	-0.042267	
79	-0.054557	0.002257	-0.046513	
80	-0.063449	0.001773	-0.051174	
81	-0.072740	0.001725	-0.055553	
82	-0.084130	0.002298	-0.060158	
83	-0.094978	0.004466	-0.064012	
84	-0.105587	0.006139	-0.067580	
85	-0.117200	0.008465	-0.070811	
86	-0.129481	0.010539	-0.073756	
87	-0.142773	0.013617	-0.076269	
88	-0.155957	0.016752	-0.078551	
89	-0.167826	0.019179	-0.080826	
90	-0.181329	0.021282	-0.083448	
91	-0.193714	0.025285	-0.084915	
92	-0.204738	0.029020	-0.086476	
93	-0.216927	0.031374	-0.088525	
94	-0.228718	0.033029	-0.089857	
95	-0.239572	0.034659	-0.091857	
96	-0.249492	0.037098	-0.093491	
97	-0.259669	0.037155	-0.095272	
98	-0.269384	0.036725	-0.096921	
99	-0.279774	0.036564	-0.097710	
100	-0.288656	0.036680	-0.098295	
101	-0.298952	0.034971	-0.098908	
102	-0.308872	0.034343	-0.098829	
103	-0.317943	0.033091	-0.098674	
104	-0.326411	0.031248	-0.098888	
105	-0.335609	0.029024	-0.099092	
106	-0.345483	0.027837	-0.098391	
107	-0.353635	0.027459	-0.097384	
108	-0.372643	0.023542	-0.095974	
109	-0.382180	0.022838	-0.094268	
110	-0.391525	0.021967	-0.092619	
111	-0.401434	0.020452	-0.090297	
112	-0.413160	0.018966	-0.087685	
113	-0.424400	0.017914	-0.084981	
114	-0.434760	0.015502	-0.082332	
115	-0.445457	0.012019	-0.079195	
116	-0.457470	0.008080	-0.076026	
117	-0.467911	0.005120	-0.071885	
118	-0.475363	0.003030	-0.066220	
119	-0.499113	-0.002749	-0.054207	
120	-0.507041	-0.003626	-0.046759	
121	-0.511975	-0.007860	-0.039850	
122	-0.521527	-0.011750	-0.032906	
123	-0.529111	-0.012584	-0.025955	
124	-0.537060	-0.017059	-0.020508	
125	-0.544500	-0.020949	-0.014554	
126	-0.551754	-0.023085	-0.008769	
127	-0.560088	-0.027618	-0.004416	
128	-0.566802	-0.032092	0.000082	
129	-0.573201	-0.036035	0.004844	
130	-0.581786	-0.040296	0.009107	
131	-0.587633	-0.043367	0.014142	
132	-0.593330	-0.047437	0.019384	
133	-0.599692	-0.051339	0.024429	
134	-0.615064	-0.056346	0.035393	
135	-0.622242	-0.059348	0.041157	
136	-0.630569	-0.061375	0.046657	
137	-0.638606	-0.064098	0.052075	
138	-0.652714	-0.068871	0.063125	
139	-0.662014	-0.069941	0.068790	
140	-0.679811	-0.074029	0.079973	
141	-0.688381	-0.076151	0.085543	
142	-0.697677	-0.076357	0.091715	
143	-0.706719	-0.078124	0.097338	
144	-0.716113	-0.080660	0.102932	
145	-0.723861	-0.083706	0.107971	
146	-0.733694	-0.087528	0.112846	
147	-0.743493	-0.088819	0.118459	
148	-0.751419	-0.092157	0.123339	
149	-0.760521	-0.094810	0.128373	
150	-0.769965	-0.096064	0.134085	
151	-0.784274	-0.102562	0.145060	
152	-0.792299	-0.104781	0.150388	
153	-0.799156	-0.108438	0.155330	
154	-0.803665	-0.112534	0.160121	
155	-0.810377	-0.113929	0.165424	
156	-0.817016	-0.115409	0.171090	
157	-0.821395	-0.118166	0.176634	
158	-0.826174	-0.121977	0.182099	
159	-0.833111	-0.123890	0.188158	
160	-0.838398	-0.126262	0.194007	
161	-0.842388	-0.129868	0.199237	
162	-0.848389	-0.131396	0.204496	
163	-0.855412	-0.132717	0.209769	
164	-0.859838	-0.135180	0.214685	
165	-0.864717	-0.138760	0.219029	
166	-0.871382	-0.140279	0.223899	
167	-0.876313	-0.142417	0.228945	
168	-0.879835	-0.145938	0.233268	
169	-0.885910	-0.147735	0.238588	
170	-0.892817	-0.149068	0.244226	
171	-0.897268	-0.154973	0.249197	
172	-0.902178	-0.159767	0.254182	
173	-0.909393	-0.163074	0.259753	
174	-0.919451	-0.169276	0.271344	
175	-0.925380	-0.173756	0.277411	
176	-0.931548	-0.175631	0.283962	
177	-0.936001	-0.179783	0.290606	
178	-0.940753	-0.183508	0.297378	
179	-0.946211	-0.187155	0.304178	
180	-0.951044	-0.190793	0.310585	
181	-0.955805	-0.194011	0.316888	
182	-0.960321	-0.197478	0.322684	
183	-0.966367	-0.202048	0.328707	
184	-0.970869	-0.203605	0.334764	
185	-0.973268	-0.207952	0.339575	
186	-0.979727	-0.209503	0.345344	
187	-0.986643	-0.211598	0.350956	
188	-0.991617	-0.213660	0.356330	
189	-0.996009	-0.215631	0.361443	
190	-1.003992	-0.216009	0.367514	
191	-1.011158	-0.216953	0.373714	
192	-1.016234	-0.217548	0.380072	
193	-1.021792	-0.219233	0.386009	
194	-1.030853	-0.219541	0.392669	
195	-1.041044	-0.218710	0.399652	
196	-1.049580	-0.220365	0.405388	
197	-1.059325	-0.221136	0.410831	
198	-1.072142	-0.222284	0.416859	
199	-1.082975	-0.222910	0.421693	
200	-1.092483	-0.223735	0.425808	
201	-1.103872	-0.224246	0.430389	
202	-1.116837	-0.224876	0.435567	
203	-1.126112	-0.224580	0.439660	
204	-1.136849	-0.226704	0.444016	
205	-1.157767	-0.229893	0.452381	
206	-1.166258	-0.231462	0.455799	
207	-1.176495	-0.234574	0.460114	
208	-1.185951	-0.237450	0.464394	
209	-1.191933	-0.238373	0.468079	
210	-1.199760	-0.241797	0.471933	
211	-1.209529	-0.244561	0.476996	
212	-1.214777	-0.246130	0.481237	
213	-1.220709	-0.248980	0.485428	
214	-1.229598	-0.253113	0.490600	
215	-1.234704	-0.254286	0.495617	
216	-1.239322	-0.257431	0.500097	
217	-1.246950	-0.260843	0.505982	
218	-1.251336	-0.263351	0.511530	
219	-1.255682	-0.265727	0.517207	
220	-1.261479	-0.269370	0.523184	
221	-1.266745	-0.272079	0.529356	
222	-1.270670	-0.275258	0.535004	
223	-1.275456	-0.279756	0.540978	
224	-1.280185	-0.283530	0.547200	
225	-1.283678	-0.287394	0.553279	
226	-1.288140	-0.291691	0.559840	
227	-1.290532	-0.296061	0.565926	
228	-1.293103	-0.301510	0.571816	
229	-1.297102	-0.307757	0.578094	
230	-1.300350	-0.312276	0.583889	
231	-1.303848	-0.316322	0.589609	
232	-1.307820	-0.321298	0.595561	
233	-1.310209	-0.326434	0.601078	
234	-1.313884	-0.331485	0.607012	
235	-1.319648	-0.335386	0.614068	
236	-1.323374	-0.339751	0.619945	
237	-1.327013	-0.343832	0.625695	
238	-1.331360	-0.347772	0.631651	
239	-1.335676	-0.351392	0.637882	
240	-1.339762	-0.354912	0.643837	
241	-1.345205	-0.359342	0.650059	
242	-1.350334	-0.361775	0.656081	
243	-1.355023	-0.365063	0.661044	
244	-1.361594	-0.369781	0.666585	
245	-1.367196	-0.372884	0.671858	
246	-1.371250	-0.377497	0.676232	
247	-1.376878	-0.382530	0.680344	
248	-1.382784	-0.386494	0.684212	
249	-1.387932	-0.390421	0.687373	
250	-1.393449	-0.395084	0.690050	
251	-1.401366	-0.398044	0.693317	
252	-1.408083	-0.400761	0.696209	
253	-1.415044	-0.404507	0.698394	
254	-1.424335	-0.405784	0.701242	
255	-1.432895	-0.407053	0.703111	
256	-1.451734	-0.410317	0.705986	
257	-1.462924	-0.409606	0.707364	
258	-1.482640	-0.409872	0.708522	
259	-1.494591	-0.409553	0.709718	
260	-1.505649	-0.408438	0.710836	
261	-1.516188	-0.407183	0.711824	
262	-1.526461	-0.406626	0.712915	
263	-1.536703	-0.407247	0.714072	
264	-1.547149	-0.405535	0.715986	
265	-1.556698	-0.404806	0.717094	
266	-1.567871	-0.405197	0.718499	
267	-1.577531	-0.405364	0.720346	
268	-1.586534	-0.405881	0.721643	
269	-1.597751	-0.405875	0.723966	
270	-1.607266	-0.404815	0.726252	
271	-1.616839	-0.405067	0.728478	
272	-1.626919	-0.405856	0.731188	
273	-1.635569	-0.405785	0.733975	
274	-1.644215	-0.406618	0.736742	
275	-1.653608	-0.404302	0.740812	
276	-1.661886	-0.402462	0.745384	
277	-1.670138	-0.399895	0.750565	
278	-1.677984	-0.395469	0.756791	
279	-1.685501	-0.391323	0.763996	
280	-1.692107	-0.386858	0.771577	
281	-1.698191	-0.381572	0.779351	
282	-1.702752	-0.377271	0.787057	
283	-1.706454	-0.373375	0.795048	
284	-1.710172	-0.369632	0.803188	
285	-1.712849	-0.366393	0.810539	
286	-1.715627	-0.365477	0.818246	
287	-1.718380	-0.363241	0.827688	
288	-1.717741	-0.360407	0.835606	
289	-1.718947	-0.360466	0.843149	
290	-1.720065	-0.357849	0.852269	
291	-1.719748	-0.355797	0.860831	
292	-1.720199	-0.354622	0.869814	
293	-1.720767	-0.353175	0.878540	
294	-1.721801	-0.350797	0.888248	
295	-1.722867	-0.348629	0.897518	
296	-1.723639	-0.349066	0.906171	
297	-1.725148	-0.348747	0.915225	
298	-1.726248	-0.349553	0.923985	
299	-1.727400	-0.351026	0.931148	
300	-1.729515	-0.352321	0.938899	
301	-1.731760	-0.353998	0.946576	
302	-1.733946	-0.354249	0.954636	
303	-1.736001	-0.356506	0.961402	
304	-1.738511	-0.359102	0.968527	
305	-1.740724	-0.363553	0.974918	
306	-1.744391	-0.366197	0.981610	
307	-1.748251	-0.367728	0.988589	
308	-1.752503	-0.371212	0.994981	
309	-1.756088	-0.375002	1.000639	
310	-1.759757	-0.378592	1.006543	
311	-1.763474	-0.380293	1.012487	
312	-1.767219	-0.383805	1.017976	
313	-1.771315	-0.386988	1.023702	
314	-1.775443	-0.388792	1.029984	
315	-1.779789	-0.392282	1.035771	
316	-1.784666	-0.396599	1.040829	
317	-1.789548	-0.401220	1.045793	
318	-1.794868	-0.405357	1.051125	
319	-1.800229	-0.409337	1.056158	
320	-1.806214	-0.413702	1.061313	
321	-1.811595	-0.418737	1.065957	
322	-1.816820	-0.423582	1.070245	
323	-1.822637	-0.428572	1.074425	
324	-1.828104	-0.433290	1.078656	
325	-1.833706	-0.437325	1.082743	
326	-1.838389	-0.442723	1.085546	
327	-1.842826	-0.447773	1.088517	
328	-1.847601	-0.452813	1.091900	
329	-1.852401	-0.457555	1.095509	
330	-1.857074	-0.462496	1.100091	
331	-1.861377	-0.468584	1.104232	
332	-1.865696	-0.473111	1.108599	
333	-1.870031	-0.478964	1.114357	
334	-1.873448	-0.486246	1.118869	
335	-1.877578	-0.491079	1.124485	
336	-1.881737	-0.497289	1.130663	
337	-1.884953	-0.503183	1.134748	
338	-1.888558	-0.508934	1.141008	
339	-1.891129	-0.516147	1.146707	
340	-1.893288	-0.522557	1.151159	
341	-1.895772	-0.527702	1.157093	
342	-1.897804	-0.534040	1.164350	
343	-1.898901	-0.540053	1.168210	
344	-1.900818	-0.544924	1.174674	
345	-1.902210	-0.552241	1.182061	
346	-1.903339	-0.557563	1.187357	
347	-1.904868	-0.560854	1.194335	
348	-1.904649	-0.566036	1.200584	
349	-1.904565	-0.573315	1.204874	
350	-1.904879	-0.577280	1.210787	
351	-1.905464	-0.582855	1.218526	
352	-1.905158	-0.588386	1.223411	
353	-1.905401	-0.593972	1.230218	
354	-1.904951	-0.605137	1.242547	
355	-1.904645	-0.610482	1.249257	
356	-1.904160	-0.615596	1.255746	
357	-1.903901	-0.621498	1.262525	
358	-1.903777	-0.626651	1.269400	
359	-1.903149	-0.633606	1.277300	
360	-1.902567	-0.645057	1.292326	
361	-1.902131	-0.651960	1.300252	
362	-1.901692	-0.658326	1.307338	
363	-1.901563	-0.664724	1.315114	
364	-1.901483	-0.670084	1.322317	
365	-1.901430	-0.674950	1.329375	
366	-1.901640	-0.678785	1.337203	
367	-1.901417	-0.682017	1.342931	
368	-1.901380	-0.686063	1.348812	
369	-1.901215	-0.690133	1.355534	
370	-1.900660	-0.693617	1.361751	
371	-1.900467	-0.696302	1.366616	
372	-1.899903	-0.699197	1.372420	
373	-1.899639	-0.701996	1.376595	
374	-1.900223	-0.704513	1.380373	
375	-1.900441	-0.707079	1.384942	
376	-1.901252	-0.709231	1.390005	
377	-1.902224	-0.710740	1.393475	
378	-1.903658	-0.712304	1.398058	
379	-1.905195	-0.713892	1.403410	
380	-1.906970	-0.715968	1.408712	
381	-1.908895	-0.718047	1.413518	
382	-1.911177	-0.720882	1.419824	
383	-1.913673	-0.723803	1.424524	
384	-1.916303	-0.727369	1.429833	
385	-1.919638	-0.731204	1.435791	
386	-1.922860	-0.735644	1.440222	
387	-1.927058	-0.739625	1.446369	
388	-1.931043	-0.744991	1.451601	
389	-1.934976	-0.751209	1.456336	
390	-1.939795	-0.755327	1.461616	
391	-1.944221	-0.761830	1.466729	
392	-1.949183	-0.767075	1.471115	
393	-1.954416	-0.773283	1.477678	
394	-1.959725	-0.778639	1.482153	
395	-1.965209	-0.785349	1.487823	
396	-1.971123	-0.792008	1.495166	
397	-1.976610	-0.798271	1.500371	
398	-1.986792	-0.812001	1.511392	
399	-1.990827	-0.819565	1.516902	
400	-1.995239	-0.826420	1.521183	
401	-1.998776	-0.835957	1.528341	
402	-2.002004	-0.842361	1.532618	
403	-2.005639	-0.849728	1.538033	
404	-2.009224	-0.857845	1.546397	
405	-2.012157	-0.864060	1.553906	
406	-2.015153	-0.870393	1.559728	
407	-2.018376	-0.877432	1.568329	
408	-2.020552	-0.883224	1.577033	
409	-2.022777	-0.886181	1.582039	
410	-2.025134	-0.890772	1.588704	
411	-2.026927	-0.895784	1.597620	
412	-2.028621	-0.898119	1.604278	
413	-2.030236	-0.900401	1.610062	
414	-2.031550	-0.903617	1.617648	
415	-2.032399	-0.907327	1.626479	
416	-2.033880	-0.908237	1.633057	
417	-2.035323	-0.910263	1.640337	
418	-2.036816	-0.911968	1.649055	
419	-2.038483	-0.913273	1.655349	
420	-2.039907	-0.915639	1.663485	
421	-2.041736	-0.916277	1.670310	
422	-2.043127	-0.917881	1.677554	
423	-2.044644	-0.918639	1.683557	
424	-2.045995	-0.920120	1.690146	
425	-2.047132	-0.921966	1.697052	
426	-2.049696	-0.924222	1.707451	
427	-2.051112	-0.925490	1.712565	
428	-2.052053	-0.927488	1.718204	
429	-2.053486	-0.930052	1.723913	
430	-2.055600	-0.933478	1.728777	
431	-2.056877	-0.938125	1.736537	
432	-2.058392	-0.949370	1.747364	
433	-2.059189	-0.955301	1.752986	
434	-2.059824	-0.960968	1.757689	
435	-2.061264	-0.966394	1.760573	
436	-2.062431	-0.972228	1.765904	
437	-2.063672	-0.978758	1.771657	
438	-2.065418	-0.984311	1.775641	
439	-2.066921	-0.990760	1.782182	
440	-2.067984	-0.996946	1.786781	
441	-2.069485	-1.003740	1.791755	
442	-2.070920	-1.009460	1.798003	
443	-2.072331	-1.014808	1.802941	
444	-2.073595	-1.021259	1.808476	
445	-2.075151	-1.027062	1.813981	
446	-2.075955	-1.033783	1.820481	
447	-2.077454	-1.039769	1.824573	
448	-2.078772	-1.046634	1.829884	
449	-2.080125	-1.053156	1.836786	
450	-2.081450	-1.059339	1.840504	
451	-2.083471	-1.065802	1.847848	
452	-2.084839	-1.071428	1.853582	
453	-2.087796	-1.076791	1.857632	
454	-2.089359	-1.084935	1.866670	
455	-2.091505	-1.091012	1.872720	
456	-2.094578	-1.098435	1.880046	
457	-2.098451	-1.104653	1.888306	
458	-2.102535	-1.111966	1.896934	
459	-2.106292	-1.121516	1.907014	
460	-2.112395	-1.126963	1.915587	
461	-2.117397	-1.135117	1.925884	
462	-2.122820	-1.143112	1.937605	
463	-2.127924	-1.150196	1.948671	
464	-2.132125	-1.157642	1.959864	
465	-2.136884	-1.164754	1.971443	
466	-2.140393	-1.171673	1.982821	
467	-2.143566	-1.178406	1.993029	
468	-2.147249	-1.185268	2.002838	
469	-2.150792	-1.192631	2.012736	
470	-2.153528	-1.198354	2.023575	
471	-2.157314	-1.204950	2.032620	
472	-2.161384	-1.211213	2.044133	
473	-2.164020	-1.217368	2.054256	
474	-2.167063	-1.222800	2.064395	
475	-2.169649	-1.228221	2.074037	
476	-2.171285	-1.233961	2.083950	
477	-2.173664	-1.237830	2.092688	
478	-2.174724	-1.240985	2.101935	
479	-2.175124	-1.243954	2.110601	
480	-2.175935	-1.246863	2.118025	
481	-2.175590	-1.248468	2.126609	
482	-2.173137	-1.250227	2.136377	
483	-2.173376	-1.251384	2.142941	
484	-2.173097	-1.252406	2.150985	
485	-2.169198	-1.253732	2.161085	
486	-2.166818	-1.254022	2.168382	
487	-2.165538	-1.254246	2.174483	
488	-2.157605	-1.257915	2.194475	
489	-2.154941	-1.259375	2.202055	
490	-2.150796	-1.262195	2.212811	
491	-2.147445	-1.265032	2.219068	
492	-2.143848	-1.268880	2.226387	
493	-2.138782	-1.273291	2.235273	
494	-2.135458	-1.277517	2.241960	
495	-2.133170	-1.281244	2.248111	
496	-2.127974	-1.286429	2.258691	
497	-2.120768	-1.296889	2.271574	
498	-2.116252	-1.301567	2.280054	
499	-2.111295	-1.305375	2.288515	
500	-2.108008	-1.310803	2.292059	
501	-2.104833	-1.314373	2.297566	
502	-2.099250	-1.319535	2.304499	
503	-2.096653	-1.323146	2.307822	
504	-2.093085	-1.326266	2.313042	
505	-2.088933	-1.328764	2.320303	
506	-2.085802	-1.332666	2.324569	
507	-2.082454	-1.337241	2.327370	
508	-2.076917	-1.341847	2.332779	
509	-2.074100	-1.345052	2.335429	
510	-2.071126	-1.348038	2.338255	
511	-2.066191	-1.351072	2.343725	
512	-2.061907	-1.356413	2.345411	
513	-2.057820	-1.361512	2.347335	
514	-2.051274	-1.366157	2.353268	
515	-2.047888	-1.369346	2.356759	
516	-2.043133	-1.373929	2.361348	
517	-2.036956	-1.378920	2.368067	
518	-2.032471	-1.383663	2.373792	
519	-2.028217	-1.387576	2.381637	
520	-2.021365	-1.392996	2.391542	
521	-2.018206	-1.397156	2.399150	
522	-2.013627	-1.401280	2.408505	
523	-2.008292	-1.407083	2.418158	
524	-2.003867	-1.412027	2.427633	
525	-1.998152	-1.418496	2.437010	
526	-1.994900	-1.425579	2.444231	
527	-1.989674	-1.430683	2.453671	
528	-1.984306	-1.435559	2.463395	
529	-1.979949	-1.441419	2.471775	
530	-1.975824	-1.446636	2.479778	
531	-1.971030	-1.450883	2.488867	
532	-1.966905	-1.455916	2.496640	
533	-1.963165	-1.458868	2.505714	
534	-1.958455	-1.461688	2.514104	
535	-1.953233	-1.465942	2.521497	
536	-1.948980	-1.469507	2.528728	
537	-1.943665	-1.472334	2.536012	
538	-1.937355	-1.476903	2.541796	
539	-1.934778	-1.479534	2.547921	
540	-1.928994	-1.482968	2.553886	
541	-1.921511	-1.487664	2.560110	
542	-1.917648	-1.490808	2.565596	
543	-1.911965	-1.493497	2.571351	
544	-1.904591	-1.497004	2.577172	
545	-1.898551	-1.499757	2.582690	
546	-1.893574	-1.501502	2.587617	
547	-1.886625	-1.502889	2.593489	
548	-1.878467	-1.504827	2.597808	
549	-1.871646	-1.506266	2.602083	
550	-1.864069	-1.507552	2.605618	
551	-1.856145	-1.507933	2.610996	
552	-1.847404	-1.509148	2.613949	
553	-1.841255	-1.509317	2.617676	
554	-1.831405	-1.508251	2.622534	
555	-1.818121	-1.509434	2.627341	
556	-1.811958	-1.508667	2.630908	
557	-1.801993	-1.507626	2.636375	
558	-1.789529	-1.507173	2.641543	
559	-1.781576	-1.506173	2.646055	
560	-1.772997	-1.504371	2.650761	
561	-1.760709	-1.503524	2.655482	
562	-1.751081	-1.503331	2.659149	
563	-1.733260	-1.500551	2.666354	
564	-1.722056	-1.500819	2.669649	
565	-1.713820	-1.500473	2.671459	
566	-1.704278	-1.499831	2.673610	
567	-1.694118	-1.500026	2.676181	
568	-1.685470	-1.500916	2.676238	
569	-1.677715	-1.501515	2.677118	
570	-1.668797	-1.501695	2.679628	
571	-1.660771	-1.502689	2.680532	
572	-1.653305	-1.504622	2.679542	
573	-1.645389	-1.506267	2.679627	
574	-1.637594	-1.507789	2.680377	
575	-1.631344	-1.508649	2.680701	
576	-1.625004	-1.509415	2.681429	
577	-1.616812	-1.510511	2.683365	
578	-1.605539	-1.513637	2.683682	
579	-1.598636	-1.514241	2.685338	
580	-1.591170	-1.515236	2.686929	
581	-1.586064	-1.516892	2.686686	
582	-1.579541	-1.517256	2.688763	
583	-1.571513	-1.519464	2.690171	
584	-1.566809	-1.521039	2.691086	
585	-1.554092	-1.523150	2.695783	
586	-1.548509	-1.524218	2.698609	
587	-1.543116	-1.525130	2.700590	
588	-1.536555	-1.526076	2.703188	
589	-1.530185	-1.527336	2.704138	
590	-1.517437	-1.528532	2.709195	
591	-1.511363	-1.529379	2.711708	
592	-1.504013	-1.530548	2.714375	
593	-1.498489	-1.531190	2.717731	
594	-1.492852	-1.532590	2.720292	
595	-1.485902	-1.533518	2.722974	
596	-1.479084	-1.533835	2.726651	
597	-1.475041	-1.533880	2.729569	
598	-1.468106	-1.533582	2.732620	
599	-1.460986	-1.533278	2.735982	
600	-1.456129	-1.532816	2.737693	
601	-1.451058	-1.532718	2.738238	
602	-1.442304	-1.531551	2.742690	
603	-1.435479	-1.529479	2.747053	
604	-1.430976	-1.529440	2.746464	
605	-1.422163	-1.528402	2.749684	
606	-1.412934	-1.526910	2.753062	
607	-1.407566	-1.525816	2.754334	
608	-1.399055	-1.524244	2.757802	
609	-1.390856	-1.523424	2.758557	
610	-1.382046	-1.522265	2.761212	
611	-1.374208	-1.521247	2.763212	
612	-1.367679	-1.519946	2.763517	
613	-1.357993	-1.519147	2.764068	
614	-1.350708	-1.517952	2.763421	
615	-1.343709	-1.516633	2.762408	
616	-1.335161	-1.515128	2.761731	
617	-1.327319	-1.513957	2.761055	
618	-1.320891	-1.513278	2.758859	
619	-1.311622	-1.513280	2.756751	
620	-1.304709	-1.513398	2.755249	
621	-1.299107	-1.513351	2.753106	
622	-1.291292	-1.513338	2.751770	
623	-1.284081	-1.513667	2.749948	
624	-1.279034	-1.514363	2.745943	
625	-1.271339	-1.514662	2.744429	
626	-1.264042	-1.515017	2.742635	
627	-1.251168	-1.515532	2.738713	
628	-1.243191	-1.516501	2.736496	
629	-1.237842	-1.517623	2.733814	
630	-1.230337	-1.518756	2.732445	
631	-1.224251	-1.519745	2.730859	
632	-1.217787	-1.521393	2.728524	
633	-1.211074	-1.523084	2.726254	
634	-1.205379	-1.524098	2.724253	
635	-1.199843	-1.525057	2.722735	
636	-1.194697	-1.525495	2.721652	
637	-1.185507	-1.525554	2.717241	
638	-1.181412	-1.525404	2.714848	
639	-1.176585	-1.524121	2.713596	
640	-1.169946	-1.523453	2.711310	
641	-1.163301	-1.522972	2.709316	
642	-1.160897	-1.521935	2.707148	
643	-1.157331	-1.520297	2.706082	
644	-1.150575	-1.519591	2.704247	
645	-1.147737	-1.517928	2.703357	
646	-1.144785	-1.516020	2.702416	
647	-1.138199	-1.514237	2.701536	
648	-1.132225	-1.512604	2.699921	
649	-1.128368	-1.510781	2.698270	
650	-1.123573	-1.508523	2.696658	
651	-1.117774	-1.505898	2.694823	
652	-1.112222	-1.502716	2.693438	
653	-1.107798	-1.499147	2.691739	
654	-1.101054	-1.495686	2.690076	
655	-1.094806	-1.491899	2.688327	
656	-1.089740	-1.487760	2.686438	
657	-1.080896	-1.484183	2.684125	
658	-1.078140	-1.479434	2.682693	
659	-1.073501	-1.474711	2.681497	
660	-1.063787	-1.471961	2.678650	
661	-1.058947	-1.468007	2.677182	
662	-1.055347	-1.463901	2.675299	
663	-1.049199	-1.460083	2.672414	
664	-1.044479	-1.455972	2.669499	
665	-1.040503	-1.451691	2.666432	
666	-1.036870	-1.447014	2.662769	
667	-1.033999	-1.441991	2.659266	
668	-1.027698	-1.437884	2.654206	
669	-1.021985	-1.433157	2.649785	
670	-1.018341	-1.427124	2.646720	
671	-1.010882	-1.422494	2.641353	
672	-1.002289	-1.417124	2.636430	
673	-0.989066	-1.407987	2.624910	
674	-0.977060	-1.404022	2.618780	
675	-0.965889	-1.396959	2.607544	
676	-0.960504	-1.395585	2.600384	
677	-0.959308	-1.391026	2.597063	
678	-0.956175	-1.386368	2.593745	
679	-0.948521	-1.383492	2.588080	
680	-0.942240	-1.379684	2.583821	
681	-0.939363	-1.374531	2.581613	
682	-0.933273	-1.371500	2.577997	
683	-0.927194	-1.368100	2.575191	
684	-0.918393	-1.360054	2.571976	
685	-0.913126	-1.357434	2.569488	
686	-0.911878	-1.351507	2.570283	
687	-0.908166	-1.347306	2.569567	
688	-0.901586	-1.345171	2.567676	
689	-0.899782	-1.338477	2.570176	
690	-0.896767	-1.333613	2.570615	
691	-0.892070	-1.330094	2.570156	
692	-0.889296	-1.324907	2.571650	
693	-0.888751	-1.319146	2.573966	
694	-0.884370	-1.316602	2.573727	
695	-0.881898	-1.312408	2.575464	
696	-0.880793	-1.308013	2.577112	
697	-0.875288	-1.307379	2.575840	
698	-0.874121	-1.302990	2.578462	
699	-0.872902	-1.299934	2.580120	
700	-0.868006	-1.299683	2.579720	
701	-0.867424	-1.296027	2.582545	
702	-0.865443	-1.293681	2.583871	
703	-0.861754	-1.292259	2.585233	
704	-0.860280	-1.289210	2.588256	
705	-0.857522	-1.287049	2.590480	
706	-0.855115	-1.284624	2.593225	
707	-0.852452	-1.281850	2.596208	
708	-0.850518	-1.279221	2.599114	
709	-0.847003	-1.277552	2.601085	
710	-0.844933	-1.274645	2.604047	
711	-0.842793	-1.271903	2.606892	
712	-0.834506	-1.265172	2.615535	
713	-0.829034	-1.265230	2.615683	
714	-0.822937	-1.265490	2.616872	
715	-0.821769	-1.262759	2.620858	
716	-0.815766	-1.263736	2.621858	
717	-0.812270	-1.263116	2.624690	
718	-0.810516	-1.260803	2.628307	
719	-0.805848	-1.261006	2.630198	
720	-0.802328	-1.260272	2.632877	
721	-0.799919	-1.258454	2.636280	
722	-0.794498	-1.259514	2.637001	
723	-0.789508	-1.260106	2.639086	
724	-0.787204	-1.258878	2.642480	
725	-0.784109	-1.258780	2.644648	
726	-0.777772	-1.261297	2.645074	
727	-0.775575	-1.259677	2.649608	
728	-0.772563	-1.259053	2.652483	
729	-0.766801	-1.261114	2.653437	
730	-0.763245	-1.260639	2.657992	
731	-0.760772	-1.260071	2.660651	
732	-0.755167	-1.261933	2.661761	
733	-0.752639	-1.261216	2.666011	
734	-0.748950	-1.261664	2.668447	
735	-0.744059	-1.263631	2.669657	
736	-0.741895	-1.262895	2.673330	
737	-0.738188	-1.263706	2.675300	
738	-0.734285	-1.265207	2.677402	
739	-0.731717	-1.265971	2.680362	
740	-0.727095	-1.269500	2.680271	
741	-0.725097	-1.271026	2.683107	
742	-0.723593	-1.271921	2.686323	
743	-0.722336	-1.273129	2.688381	
744	-0.722073	-1.273036	2.692077	
745	-0.719892	-1.274371	2.694320	
746	-0.718447	-1.275486	2.697638	
747	-0.717115	-1.276433	2.700716	
748	-0.714945	-1.277503	2.703279	
749	-0.712618	-1.278903	2.705923	
750	-0.712739	-1.278194	2.710206	
751	-0.709754	-1.280092	2.712731	
752	-0.707595	-1.281636	2.716950	
753	-0.706608	-1.282481	2.722110	
754	-0.704265	-1.284706	2.726042	
755	-0.701119	-1.288045	2.729386	
756	-0.699601	-1.290386	2.734603	
757	-0.697696	-1.293476	2.739089	
758	-0.693693	-1.298644	2.743044	
759	-0.693121	-1.301280	2.749660	
760	-0.690117	-1.305646	2.754224	
761	-0.687593	-1.309631	2.760132	
762	-0.685861	-1.313134	2.767023	
763	-0.684147	-1.316491	2.772578	
764	-0.681664	-1.320243	2.777985	
765	-0.678955	-1.324337	2.783601	
766	-0.675894	-1.328784	2.789382	
767	-0.674086	-1.331992	2.796339	
768	-0.670540	-1.336874	2.800712	
769	-0.668409	-1.340201	2.806971	
770	-0.668102	-1.341788	2.813798	
771	-0.663585	-1.346556	2.817505	
772	-0.660943	-1.349453	2.823334	
773	-0.658682	-1.351782	2.828460	
774	-0.654125	-1.355650	2.830553	
775	-0.652805	-1.356269	2.836846	
776	-0.651180	-1.356729	2.841828	
777	-0.646026	-1.358979	2.844763	
778	-0.642336	-1.359884	2.848855	
779	-0.638387	-1.360506	2.853004	
780	-0.632562	-1.363377	2.853383	
781	-0.627883	-1.365168	2.855282	
782	-0.623562	-1.366853	2.856540	
783	-0.617750	-1.369339	2.856113	
784	-0.611418	-1.372138	2.857010	
785	-0.606435	-1.373901	2.858810	
786	-0.599169	-1.376063	2.859560	
787	-0.593771	-1.377715	2.860775	
788	-0.581903	-1.381091	2.864798	
789	-0.574347	-1.383244	2.867099	
790	-0.567712	-1.385419	2.869797	
791	-0.559917	-1.387997	2.870866	
792	-0.552132	-1.390292	2.871962	
793	-0.543190	-1.393882	2.872460	
794	-0.536120	-1.395956	2.874893	
795	-0.527426	-1.398578	2.875632	
796	-0.517872	-1.401838	2.875759	
797	-0.510800	-1.403083	2.878590	
798	-0.502955	-1.404898	2.880137	
799	-0.493622	-1.408006	2.880641	
800	-0.486511	-1.409458	2.883440	
801	-0.469690	-1.414989	2.883192	
802	-0.457301	-1.417670	2.885231	
803	-0.444981	-1.420624	2.885808	
804	-0.439320	-1.421729	2.886255	
805	-0.432598	-1.423451	2.885419	
806	-0.428616	-1.422813	2.887033	
807	-0.422096	-1.423419	2.886554	
808	-0.415089	-1.424401	2.885868	
809	-0.408672	-1.423802	2.886792	
810	-0.401042	-1.424903	2.885802	
811	-0.392784	-1.426544	2.884615	
812	-0.385816	-1.425898	2.885695	
813	-0.379337	-1.426782	2.885829	
814	-0.371248	-1.428263	2.884739	
815	-0.365160	-1.427661	2.885942	
816	-0.358300	-1.428478	2.885752	
817	-0.350370	-1.429419	2.884027	
818	-0.345271	-1.428373	2.884400	
819	-0.338592	-1.429411	2.881833	
820	-0.332798	-1.430179	2.879902	
821	-0.327068	-1.429743	2.878889	
822	-0.321327	-1.429574	2.877225	
823	-0.315349	-1.428972	2.875699	
824	-0.309370	-1.427424	2.874633	
825	-0.303476	-1.427076	2.872540	
826	-0.297792	-1.425106	2.871173	
827	-0.293378	-1.422426	2.870017	
828	-0.288353	-1.420297	2.867858	
829	-0.276318	-1.414279	2.863989	
830	-0.270361	-1.411365	2.860941	
831	-0.265056	-1.408330	2.857176	
832	-0.259122	-1.403889	2.853838	
833	-0.253227	-1.399714	2.849742	
834	-0.245875	-1.396129	2.844396	
835	-0.238489	-1.391365	2.839780	
836	-0.230120	-1.386260	2.835219	
837	-0.221693	-1.383145	2.828681	
838	-0.212100	-1.379449	2.822474	
839	-0.203812	-1.375116	2.816530	
840	-0.194748	-1.371622	2.809962	
841	-0.177190	-1.364954	2.795796	
842	-0.169654	-1.361608	2.789076	
843	-0.162209	-1.358799	2.781527	
844	-0.154240	-1.355077	2.775122	
845	-0.148292	-1.352904	2.767941	
846	-0.140243	-1.349859	2.761806	
847	-0.132999	-1.346948	2.755059	
848	-0.127891	-1.345379	2.748670	
849	-0.120027	-1.342147	2.743117	
850	-0.114179	-1.342985	2.733894	
851	-0.106435	-1.342636	2.726893	
852	-0.097857	-1.339161	2.722807	
853	-0.094727	-1.340390	2.714812	
854	-0.088206	-1.341679	2.707564	
855	-0.081180	-1.341103	2.701303	
856	-0.076643	-1.340737	2.694503	
857	-0.071449	-1.340043	2.687541	
858	-0.066462	-1.339187	2.680156	
859	-0.060209	-1.337852	2.673275	
860	-0.053547	-1.335959	2.667335	
861	-0.048429	-1.335927	2.659871	
862	-0.041593	-1.335747	2.653883	
863	-0.034525	-1.336572	2.646728	
864	-0.027322	-1.337776	2.640570	
865	-0.020139	-1.338670	2.635311	
866	-0.013594	-1.340754	2.628750	
867	-0.005487	-1.342621	2.622957	
868	0.001387	-1.344373	2.617747	
869	0.007071	-1.346802	2.611039	
870	0.012820	-1.349564	2.604041	
871	0.020624	-1.351369	2.598384	
872	0.026454	-1.353620	2.591931	
873	0.032876	-1.355828	2.584709	
874	0.037841	-1.358383	2.576920	
875	0.049911	-1.360598	2.563240	
876	0.052790	-1.362583	2.554175	
877	0.057662	-1.363578	2.546718	
878	0.060438	-1.365040	2.537510	
879	0.068560	-1.364928	2.522565	
880	0.070108	-1.364499	2.513739	
881	0.072334	-1.364132	2.505308	
882	0.076936	-1.362316	2.499076	
883	0.078807	-1.361295	2.491470	
884	0.079969	-1.361170	2.482786	
885	0.080779	-1.359832	2.474335	
886	0.084082	-1.358633	2.464955	
887	0.085367	-1.357510	2.456127	
888	0.088502	-1.355762	2.446924	
889	0.090678	-1.354041	2.438856	
890	0.093735	-1.352852	2.429630	
891	0.095943	-1.352628	2.419740	
892	0.099507	-1.351680	2.410560	
893	0.101613	-1.350859	2.400562	
894	0.103645	-1.350852	2.388801	
895	0.107198	-1.351179	2.378312	
896	0.110611	-1.352008	2.369160	
897	0.114151	-1.353191	2.361896	
898	0.118948	-1.353650	2.354898	
899	0.122802	-1.353298	2.347824	
900	0.125830	-1.352608	2.340026	
901	0.128513	-1.351661	2.333172	
902	0.132258	-1.349886	2.326804	
903	0.134677	-1.348073	2.320034	
904	0.137711	-1.346504	2.313505	
905	0.140658	-1.344411	2.307609	
906	0.143212	-1.342360	2.301404	
907	0.146315	-1.340977	2.294882	
908	0.150459	-1.338777	2.289174	
909	0.155707	-1.336961	2.283040	
910	0.160512	-1.335900	2.278087	
911	0.166544	-1.334046	2.274923	
912	0.172112	-1.332896	2.271779	
913	0.176540	-1.332560	2.268463	
914	0.182214	-1.330742	2.265193	
915	0.187198	-1.328656	2.261301	
916	0.192502	-1.326874	2.258065	
917	0.194576	-1.324509	2.256311	
918	0.197808	-1.322422	2.253491	
919	0.202147	-1.321068	2.250611	
920	0.205140	-1.318825	2.249450	
921	0.208445	-1.317238	2.247495	
922	0.212668	-1.316258	2.245614	
923	0.216589	-1.314641	2.244268	
924	0.220315	-1.313566	2.242816	
925	0.224278	-1.312795	2.242073	
926	0.228183	-1.311489	2.242409	
927	0.233404	-1.311201	2.241663	
928	0.238144	-1.311199	2.241985	
929	0.240199	-1.310308	2.243785	
930	0.245406	-1.310330	2.244291	
931	0.249751	-1.310990	2.246058	
932	0.251906	-1.311029	2.249508	
933	0.255924	-1.311795	2.251152	
934	0.258547	-1.312425	2.253597	
935	0.260760	-1.312826	2.256268	
936	0.264183	-1.313506	2.257315	
937	0.266842	-1.314393	2.259323	
938	0.268915	-1.314649	2.263600	
939	0.270066	-1.315178	2.267498	
940	0.272667	-1.315674	2.271205	
941	0.275603	-1.316018	2.273975	
942	0.279182	-1.316537	2.277102	
943	0.281719	-1.317039	2.280455	
944	0.283466	-1.316943	2.285294	
945	0.285908	-1.317123	2.288501	
946	0.289845	-1.317396	2.291360	
947	0.292113	-1.317558	2.295489	
948	0.295488	-1.318645	2.297606	
949	0.298147	-1.319136	2.300835	
950	0.305391	-1.320555	2.304188	
951	0.307071	-1.321088	2.307825	
952	0.308681	-1.321037	2.309239	
953	0.311202	-1.320878	2.313059	
954	0.312084	-1.319489	2.316347	
955	0.314719	-1.318487	2.319192	
956	0.317127	-1.317519	2.321203	
957	0.319128	-1.315995	2.326452	
958	0.319792	-1.314065	2.331557	
959	0.319861	-1.311929	2.335740	
960	0.322959	-1.311364	2.339893	
961	0.324522	-1.310689	2.344999	
962	0.325277	-1.309273	2.350390	
963	0.329379	-1.309737	2.352090	
964	0.331276	-1.309591	2.358076	
965	0.331572	-1.308908	2.363613	
966	0.336857	-1.309874	2.366044	
967	0.338767	-1.309858	2.371837	
968	0.342376	-1.310365	2.377235	
969	0.348607	-1.312760	2.380185	
970	0.351733	-1.313847	2.386319	
971	0.353192	-1.314034	2.392403	
972	0.358278	-1.316804	2.397123	
973	0.360906	-1.317710	2.405942	
974	0.361220	-1.316960	2.413445	
975	0.364631	-1.319050	2.418561	
976	0.366136	-1.319086	2.427780	
977	0.369546	-1.320660	2.432738	
978	0.373800	-1.323931	2.440879	
979	0.372066	-1.322061	2.448197	
980	0.374015	-1.322695	2.449853	
981	0.378434	-1.324043	2.455601	
982	0.378912	-1.323275	2.463527	
983	0.380999	-1.324456	2.466482	
984	0.383261	-1.324693	2.471358	
985	0.383527	-1.324328	2.477524	
986	0.384401	-1.324888	2.480531	
987	0.386671	-1.325382	2.486132	
988	0.388645	-1.326076	2.490157	
989	0.390584	-1.327535	2.492845	
990	0.392742	-1.327419	2.499449	
991	0.393463	-1.327260	2.503860	
992	0.394430	-1.328036	2.507379	
993	0.395587	-1.326262	2.513579	
994	0.397624	-1.325912	2.517152	
995	0.400455	-1.326589	2.520138	
996	0.402472	-1.324598	2.525554	
997	0.401135	-1.320918	2.532852	
998	0.402856	-1.320121	2.535527	
999	0.404965	-1.318079	2.541529	
1000	0.407712	-1.316002	2.553729	
1001	0.408923	-1.313266	2.564045	
1002	0.409957	-1.312479	2.572186	
1003	0.410526	-1.313320	2.577684	
1004	0.410231	-1.311680	2.584697	
1005	0.410190	-1.311688	2.590272	
1006	0.409708	-1.310121	2.595302	
1007	0.409674	-1.309478	2.598537	
1008	0.410057	-1.309619	2.602390	
1009	0.410668	-1.309640	2.605832	
1010	0.410526	-1.309838	2.606955	
1011	0.412273	-1.310928	2.610542	
1012	0.412439	-1.310342	2.614089	
1013	0.412529	-1.309518	2.616896	
1014	0.413898	-1.310421	2.618107	
1015	0.416401	-1.313076	2.622502	
1016	0.415864	-1.312404	2.627050	
1017	0.417364	-1.312615	2.628506	
1018	0.419465	-1.313635	2.630082	
1019	0.421744	-1.312093	2.632623	
1020	0.424107	-1.312437	2.632305	
1021	0.422518	-1.308661	2.633159	
1022	0.424984	-1.308260	2.632542	
1023	0.425554	-1.302629	2.631346	
1024	0.428287	-1.296347	2.627489	
1025	0.427667	-1.290873	2.625730	
1026	0.428350	-1.287549	2.625681	
1027	0.431491	-1.285312	2.623400	
1028	0.432421	-1.281340	2.623084	
1029	0.434104	-1.277745	2.623458	
1030	0.436771	-1.274961	2.623792	
1031	0.436660	-1.268973	2.623521	
1032	0.438787	-1.265469	2.623895	
1033	0.442430	-1.263966	2.624763	
1034	0.442712	-1.259342	2.625766	
1035	0.445351	-1.255865	2.624671	
1036	0.449092	-1.254704	2.625577	
1037	0.450837	-1.251129	2.625250	
1038	0.452034	-1.247354	2.625557	
1039	0.455723	-1.245612	2.624674	
1040	0.457915	-1.243487	2.624246	
1041	0.459689	-1.240564	2.622812	
1042	0.461262	-1.238050	2.621448	
1043	0.464026	-1.236562	2.618837	
1044	0.465320	-1.234076	2.616515	
1045	0.466939	-1.232382	2.615208	
1046	0.468834	-1.231074	2.614279	
1047	0.470202	-1.227453	2.613710	
1048	0.472430	-1.226792	2.613114	
1049	0.473485	-1.225082	2.612138	
1050	0.474075	-1.224519	2.613142	
1051	0.474914	-1.223689	2.613658	
1052	0.475777	-1.222233	2.613417	
1053	0.475875	-1.221604	2.615178	
1054	0.476877	-1.219524	2.614193	
1055	0.477336	-1.218091	2.614978	
1056	0.477170	-1.217160	2.617326	
1057	0.477402	-1.215026	2.618139	
1058	0.477203	-1.214578	2.621711	
1059	0.477024	-1.212142	2.622643	
1060	0.478212	-1.210850	2.623401	
1061	0.477675	-1.212991	2.629513	
1062	0.475943	-1.211105	2.632199	
1063	0.476716	-1.211403	2.634716	
1064	0.477487	-1.209347	2.634480	
1065	0.476490	-1.206328	2.634845	
1066	0.478934	-1.207385	2.636507	
1067	0.479291	-1.207003	2.638664	
1068	0.478256	-1.204320	2.640100	
1069	0.479867	-1.205225	2.643101	
1070	0.480233	-1.206477	2.647718	
1071	0.477171	-1.204696	2.653300	
1072	0.476806	-1.203583	2.656713	
1073	0.476047	-1.204239	2.662773	
1074	0.473167	-1.201270	2.667304	
1075	0.473341	-1.199363	2.669541	
1076	0.472961	-1.196646	2.671274	
1077	0.470957	-1.194979	2.676407	
1078	0.470016	-1.194049	2.680967	
1079	0.469738	-1.191244	2.681880	
1080	0.469146	-1.192025	2.687336	
1081	0.466556	-1.190759	2.692986	
1082	0.468364	-1.189591	2.692966	
1083	0.468692	-1.189953	2.696602	
1084	0.465954	-1.187205	2.700032	
1085	0.468895	-1.189084	2.700692	
1086	0.468891	-1.187941	2.700729	
1087	0.466603	-1.184217	2.700620	
1088	0.468143	-1.185408	2.700218	
1089	0.465361	-1.182843	2.700472	
1090	0.461961	-1.183397	2.704886	
1091	0.462973	-1.185823	2.704179	
1092	0.459675	-1.185452	2.705840	
1093	0.456850	-1.185727	2.707227	
1094	0.456915	-1.188168	2.705623	
1095	0.452311	-1.188112	2.708661	
1096	0.451441	-1.189472	2.707213	
1097	0.449971	-1.191267	2.706929	
1098	0.445565	-1.190402	2.708533	
1099	0.445125	-1.193903	2.708669	
1100	0.441644	-1.195682	2.711066	
1101	0.435402	-1.198465	2.713555	
1102	0.431459	-1.200935	2.718054	
1103	0.428020	-1.202382	2.720922	
1104	0.424153	-1.205935	2.727630	
1105	0.419630	-1.206086	2.730016	
1106	0.415803	-1.209726	2.736665	
1107	0.412445	-1.211284	2.739105	
1108	0.407817	-1.212635	2.743846	
1109	0.403837	-1.215400	2.749340	
1110	0.399580	-1.216269	2.751583	
1111	0.395579	-1.219456	2.756582	
1112	0.391194	-1.222637	2.761206	
1113	0.387025	-1.226148	2.765446	
1114	0.381864	-1.226950	2.766479	
1115	0.377751	-1.232106	2.773187	
1116	0.365965	-1.236915	2.781549	
1117	0.360810	-1.239793	2.784257	
1118	0.355556	-1.244009	2.789750	
1119	0.348809	-1.245239	2.792663	
1120	0.343504	-1.247722	2.794888	
1121	0.337545	-1.251505	2.802335	
1122	0.331226	-1.252168	2.803827	
1123	0.327452	-1.258280	2.811089	
1124	0.321502	-1.261312	2.818380	
1125	0.314890	-1.259476	2.817244	
1126	0.310702	-1.262046	2.820426	
1127	0.305511	-1.262765	2.824175	
1128	0.301584	-1.264546	2.827154	
1129	0.298033	-1.266634	2.829719	
1130	0.293766	-1.266591	2.831348	
1131	0.291910	-1.270444	2.835350	
1132	0.289056	-1.271801	2.837696	
1133	0.286492	-1.272660	2.837948	
1134	0.285842	-1.275326	2.838098	
1135	0.284570	-1.277478	2.839659	
1136	0.283231	-1.278584	2.839005	
1137	0.282371	-1.280577	2.840297	
1138	0.281991	-1.282601	2.840104	
1139	0.280503	-1.282790	2.840912	
1140	0.279782	-1.283224	2.839945	
1141	0.279565	-1.285026	2.841078	
1142	0.277670	-1.284348	2.841683	
1143	0.276692	-1.285121	2.842496	
1144	0.275280	-1.285257	2.842522	
1145	0.273073	-1.284568	2.843806	
1146	0.271482	-1.284789	2.845910	
1147	0.269868	-1.286071	2.851059	
1148	0.266798	-1.284793	2.852333	
1149	0.265174	-1.286342	2.856411	
1150	0.264157	-1.288747	2.860476	
1151	0.260633	-1.289292	2.866298	
1152	0.259723	-1.292851	2.870727	
1153	0.257760	-1.295295	2.874466	
1154	0.254355	-1.297076	2.879240	
1155	0.252524	-1.300130	2.881838	
1156	0.250060	-1.302835	2.884756	
1157	0.247586	-1.305815	2.887822	
1158	0.245599	-1.309424	2.890555	
1159	0.243217	-1.312376	2.893929	
1160	0.241205	-1.315742	2.896165	
1161	0.238680	-1.319239	2.899235	
1162	0.236094	-1.322252	2.901967	
1163	0.234627	-1.326730	2.903592	
1164	0.231575	-1.329150	2.907158	
1165	0.229347	-1.332378	2.907609	
1166	0.227903	-1.336523	2.910766	
1167	0.225359	-1.338866	2.913053	
1168	0.224152	-1.342890	2.915104	
1169	0.222728	-1.346348	2.918285	
1170	0.220725	-1.348758	2.921344	
1171	0.219618	-1.352151	2.924139	
1172	0.218380	-1.355270	2.927786	
1173	0.216223	-1.357358	2.930304	
1174	0.213830	-1.359589	2.932721	
1175	0.212932	-1.363335	2.934869	
1176	0.209922	-1.364484	2.940446	
1177	0.207312	-1.366116	2.942178	
1178	0.205610	-1.368562	2.947100	
1179	0.202489	-1.369789	2.951394	
1180	0.200178	-1.371865	2.955096	
1181	0.198130	-1.374961	2.959538	
1182	0.195559	-1.377520	2.963856	
1183	0.192875	-1.380895	2.969127	
1184	0.190140	-1.384579	2.973961	
1185	0.186336	-1.388061	2.978078	
1186	0.182399	-1.391717	2.982282	
1187	0.178662	-1.396504	2.987681	
1188	0.173927	-1.400321	2.993600	
1189	0.170047	-1.404848	2.998037	
1190	0.166213	-1.409894	3.002940	
1191	0.160532	-1.413426	3.008636	
1192	0.155924	-1.418042	3.013180	
1193	0.150161	-1.422757	3.019034	
1194	0.143456	-1.426928	3.025541	
1195	0.138631	-1.432761	3.031196	
1196	0.133359	-1.438075	3.037472	
1197	0.128320	-1.442902	3.043634	
1198	0.123879	-1.447938	3.050817	
1199	0.119147	-1.452888	3.057255	
1200	0.114714	-1.458108	3.063450	
1201	0.109997	-1.463021	3.069477	
1202	0.102610	-1.474117	3.085681	
1203	0.098929	-1.479420	3.092668	
1204	0.095556	-1.484480	3.100274	
1205	0.092441	-1.489600	3.107109	
1206	0.090449	-1.495146	3.115737	
1207	0.087921	-1.499618	3.124469	
1208	0.086506	-1.504566	3.132101	
1209	0.084822	-1.509346	3.140700	
1210	0.082963	-1.514152	3.149133	
1211	0.080929	-1.518577	3.154456	
1212	0.078930	-1.522673	3.161918	
1213	0.076005	-1.530159	3.173728	
1214	0.075938	-1.534297	3.180483	
1215	0.075921	-1.538057	3.184822	
1216	0.077138	-1.542463	3.190725	
1217	0.078584	-1.546307	3.196378	
1218	0.080641	-1.549922	3.203053	
1219	0.083616	-1.553524	3.208225	
1220	0.086898	-1.557098	3.213960	
1221	0.091135	-1.560622	3.220608	
1222	0.095295	-1.563349	3.226225	
1223	0.100668	-1.566668	3.232133	
1224	0.106288	-1.569012	3.239692	
1225	0.112748	-1.571425	3.246269	
1226	0.120012	-1.573851	3.253318	
1227	0.127223	-1.575803	3.261651	
1228	0.135179	-1.577901	3.269121	
1229	0.144074	-1.581337	3.275853	
1230	0.152433	-1.583846	3.285309	
1231	0.160779	-1.586779	3.292018	
1232	0.169810	-1.590582	3.299547	
1233	0.178134	-1.593846	3.306718	
1234	0.186151	-1.597653	3.312675	
1235	0.194583	-1.601534	3.319131	
1236	0.202271	-1.604748	3.324128	
1237	0.210228	-1.608213	3.329062	
1238	0.218017	-1.611295	3.334230	
1239	0.225888	-1.614762	3.340135	
1240	0.232709	-1.618737	3.345737	
1241	0.238896	-1.623038	3.350817	
1242	0.245538	-1.627287	3.357056	
1243	0.251039	-1.631397	3.361263	
1244	0.256660	-1.635052	3.366308	
1245	0.261873	-1.638747	3.371695	
1246	0.267286	-1.643298	3.375767	
1247	0.273413	-1.647298	3.382416	
1248	0.278620	-1.651686	3.387496	
1249	0.284666	-1.657242	3.392305	
1250	0.296268	-1.665129	3.400737	
1251	0.302332	-1.670209	3.405922	
1252	0.308748	-1.675527	3.411604	
1253	0.316005	-1.680935	3.417630	
1254	0.330020	-1.692568	3.430587	
1255	0.337071	-1.698487	3.437439	
1256	0.343414	-1.703887	3.444025	
1257	0.350245	-1.708846	3.450580	
1258	0.356461	-1.713054	3.457760	
1259	0.363039	-1.716585	3.464939	
1260	0.369476	-1.721511	3.469425	
1261	0.376479	-1.725755	3.474983	
1262	0.382821	-1.729970	3.480510	
1263	0.389427	-1.733665	3.485147	
1264	0.395523	-1.736977	3.489213	
1265	0.402651	-1.739526	3.494051	
1266	0.410301	-1.742124	3.498469	
1267	0.419445	-1.745269	3.502045	
1268	0.428596	-1.747796	3.506301	
1269	0.437446	-1.750182	3.510005	
1270	0.447135	-1.752487	3.513646	
1271	0.457199	-1.754200	3.517282	
1272	0.467286	-1.755776	3.520926	
1273	0.479385	-1.757817	3.523517	
1274	0.490838	-1.759294	3.526465	
1275	0.502408	-1.759785	3.529866	
1276	0.514397	-1.761781	3.531308	
1277	0.527194	-1.762374	3.534443	
1278	0.539752	-1.763204	3.536640	
1279	0.551974	-1.763028	3.539615	
1280	0.564823	-1.763506	3.541585	
1281	0.576579	-1.763852	3.543526	
1282	0.588707	-1.764114	3.545351	
1283	0.600243	-1.764822	3.546086	
1284	0.612676	-1.766515	3.546637	
1285	0.625266	-1.767452	3.548453	
1286	0.638784	-1.768619	3.550354	
1287	0.651202	-1.770069	3.551438	
1288	0.662928	-1.771438	3.552310	
1289	0.675489	-1.772121	3.553855	
1290	0.689406	-1.773581	3.554229	
1291	0.701911	-1.773791	3.555561	
1292	0.713525	-1.774614	3.555604	
1293	0.726492	-1.775649	3.556270	
1294	0.738505	-1.777185	3.556288	
1295	0.750407	-1.778114	3.557268	
1296	0.763346	-1.779615	3.557164	
1297	0.774382	-1.779824	3.558282	
1298	0.785389	-1.779862	3.559493	
1299	0.798934	-1.781833	3.559536	
1300	0.810914	-1.782727	3.561002	
1301	0.823227	-1.783960	3.562596	
1302	0.836522	-1.786157	3.563851	
1303	0.848294	-1.786616	3.567348	
1304	0.860238	-1.788597	3.569570	
1305	0.874646	-1.789469	3.573605	
1306	0.886055	-1.791133	3.576859	
1307	0.898730	-1.793495	3.580950	
1308	0.910207	-1.795964	3.585302	
1309	0.920560	-1.798090	3.590968	
1310	0.932907	-1.800931	3.596080	
1311	0.946220	-1.802887	3.602272	
1312	0.956842	-1.804778	3.608770	
1313	0.968508	-1.808883	3.612963	
1314	0.980390	-1.811567	3.618278	
1315	0.989227	-1.813611	3.623592	
1316	0.998520	-1.817091	3.627320	
1317	1.007107	-1.819448	3.631686	
1318	1.023623	-1.822255	3.641781	
1319	1.032015	-1.824555	3.645157	
1320	1.041446	-1.825586	3.649529	
1321	1.049478	-1.826705	3.653340	
1322	1.060082	-1.828681	3.655364	
1323	1.074936	-1.828117	3.658769	
1324	1.083603	-1.829370	3.661040	
1325	1.094573	-1.831156	3.662226	
1326	1.104930	-1.830929	3.665175	
1327	1.115293	-1.832057	3.665913	
1328	1.126090	-1.833836	3.665720	
1329	1.136923	-1.832716	3.666831	
1330	1.148320	-1.833528	3.666242	
1331	1.159587	-1.833184	3.665446	
1332	1.170749	-1.832707	3.664204	
1333	1.184211	-1.831397	3.662986	
1334	1.208853	-1.828891	3.658631	
1335	1.221958	-1.825702	3.658557	
1336	1.233140	-1.822387	3.658401	
1337	1.263727	-1.817226	3.655702	
1338	1.290284	-1.813390	3.650917	
1339	1.305153	-1.809388	3.648997	
1340	1.315169	-1.806391	3.647139	
1341	1.328154	-1.804637	3.642622	
1342	1.340179	-1.802686	3.638728	
1343	1.352568	-1.801736	3.634081	
1344	1.363006	-1.801808	3.628978	
1345	1.379087	-1.798137	3.624813	
1346	1.382576	-1.798761	3.621128	
1347	1.398406	-1.795891	3.616253	
1348	1.403540	-1.794887	3.613246	
1349	1.409586	-1.794893	3.608207	
1350	1.419639	-1.793427	3.603660	
1351	1.428579	-1.790579	3.600301	
1352	1.435319	-1.791541	3.594665	
1353	1.444958	-1.789771	3.589923	
1354	1.454261	-1.787303	3.586225	
1355	1.462525	-1.786915	3.580347	
1356	1.473912	-1.784165	3.575757	
1357	1.482852	-1.782023	3.571644	
1358	1.494303	-1.780700	3.565509	
1359	1.506621	-1.777379	3.561412	
1360	1.516945	-1.775317	3.557874	
1361	1.528929	-1.773408	3.554102	
1362	1.542334	-1.771216	3.549523	
1363	1.552618	-1.767495	3.548700	
1364	1.564095	-1.765994	3.545377	
1365	1.578131	-1.763619	3.541843	
1366	1.589484	-1.760561	3.539744	
1367	1.600727	-1.759810	3.535154	
1368	1.613165	-1.756359	3.532040	
1369	1.621534	-1.754623	3.529380	
1370	1.632644	-1.752190	3.525386	
1371	1.643265	-1.748396	3.523360	
1372	1.652495	-1.746222	3.520528	
1373	1.662228	-1.743777	3.517342	
1374	1.671366	-1.740242	3.514192	
1375	1.679300	-1.738137	3.510397	
1376	1.687164	-1.735719	3.506353	
1377	1.696171	-1.733223	3.501112	
1378	1.704139	-1.730247	3.496439	
1379	1.711799	-1.727789	3.490767	
1380	1.720759	-1.724444	3.484544	
1381	1.730658	-1.718533	3.479360	
1382	1.735711	-1.715450	3.474609	
1383	1.743444	-1.711245	3.468131	
1384	1.752350	-1.704924	3.461538	
1385	1.758105	-1.701068	3.454474	
1386	1.765329	-1.696197	3.446764	
1387	1.773187	-1.690594	3.437793	
1388	1.780278	-1.685835	3.428235	
1389	1.786961	-1.681324	3.418367	
1390	1.793012	-1.675226	3.412082	
1391	1.802055	-1.669918	3.402070	
1392	1.812316	-1.665017	3.391060	
1393	1.818703	-1.659341	3.384515	
1394	1.824538	-1.654687	3.377546	
1395	1.838455	-1.647196	3.363105	
1396	1.850523	-1.637446	3.348712	
1397	1.857926	-1.632517	3.340243	
1398	1.863784	-1.628001	3.333997	
1399	1.870269	-1.625078	3.324724	
1400	1.877064	-1.620905	3.317209	
1401	1.883448	-1.617105	3.309807	
1402	1.889490	-1.614720	3.300878	
1403	1.895369	-1.611507	3.292759	
1404	1.900869	-1.608470	3.284017	
1405	1.906557	-1.603743	3.277411	
1406	1.912663	-1.598834	3.272038	
1407	1.918965	-1.594753	3.264022	
1408	1.925985	-1.590126	3.256065	
1409	1.933047	-1.584251	3.250232	
1410	1.940501	-1.578580	3.242626	
1411	1.948776	-1.572786	3.233993	
1412	1.956294	-1.567188	3.226422	
1413	1.965236	-1.562288	3.216739	
1414	1.975477	-1.555323	3.209209	
1415	1.983609	-1.549521	3.203187	
1416	1.993119	-1.543929	3.196666	
1417	2.003595	-1.537587	3.190372	
1418	2.013436	-1.530697	3.186076	
1419	2.022943	-1.524940	3.180038	
1420	2.033510	-1.519111	3.172983	
1421	2.043334	-1.512844	3.167289	
1422	2.053428	-1.507025	3.160904	
1423	2.061308	-1.501657	3.155709	
1424	2.077155	-1.492378	3.143018	
1425	2.083127	-1.488134	3.138511	
1426	2.089138	-1.484891	3.132798	
1427	2.095545	-1.481777	3.126137	
1428	2.101631	-1.477905	3.119419	
1429	2.107404	-1.473184	3.113656	
1430	2.112202	-1.468888	3.109610	
1431	2.116503	-1.465170	3.105201	
1432	2.121290	-1.462143	3.096701	
1433	2.126693	-1.457152	3.090477	
1434	2.130532	-1.452008	3.086532	
1435	2.134459	-1.446882	3.081631	
1436	2.139071	-1.441110	3.076104	
1437	2.141947	-1.437994	3.067424	
1438	2.145258	-1.433961	3.059869	
1439	2.148180	-1.428750	3.054947	
1440	2.151175	-1.423632	3.048282	
1441	2.155005	-1.418367	3.039919	
1442	2.158147	-1.413108	3.032165	
1443	2.160429	-1.408627	3.024849	
1444	2.164601	-1.402614	3.014146	
1445	2.168071	-1.398025	3.002648	
1446	2.170578	-1.393862	2.995707	
1447	2.172768	-1.390149	2.984735	
1448	2.176994	-1.384477	2.971828	
1449	2.178852	-1.379711	2.967158	
1450	2.179438	-1.376659	2.959618	
1451	2.184595	-1.368254	2.948446	
1452	2.186532	-1.362026	2.940591	
1453	2.185028	-1.359646	2.931160	
1454	2.186933	-1.353348	2.920311	
1455	2.189352	-1.345083	2.911986	
1456	2.189656	-1.340272	2.905521	
1457	2.192072	-1.334477	2.894485	
1458	2.193887	-1.328381	2.885521	
1459	2.195655	-1.322184	2.877500	
1460	2.198101	-1.315225	2.872082	
1461	2.200026	-1.310493	2.861098	
1462	2.202660	-1.305462	2.850541	
1463	2.206136	-1.298546	2.845927	
1464	2.208034	-1.294174	2.835083	
1465	2.212268	-1.287625	2.825880	
1466	2.215301	-1.281170	2.820739	
1467	2.216712	-1.277661	2.808918	
1468	2.221084	-1.272030	2.797585	
1469	2.223896	-1.267940	2.786950	
1470	2.226910	-1.264869	2.775064	
1471	2.236187	-1.254326	2.759170	
1472	2.240323	-1.251092	2.750092	
1473	2.245706	-1.246677	2.743803	
1474	2.251081	-1.242853	2.733078	
1475	2.256670	-1.239584	2.724198	
1476	2.262512	-1.236250	2.714846	
1477	2.267942	-1.232518	2.704636	
1478	2.274536	-1.226311	2.694520	
1479	2.280533	-1.220797	2.687495	
1480	2.285010	-1.216377	2.677979	
1481	2.290503	-1.210484	2.669180	
1482	2.294380	-1.206392	2.661524	
1483	2.298236	-1.201917	2.654177	
1484	2.302195	-1.196698	2.644590	
1485	2.305975	-1.190614	2.639017	
1486	2.308819	-1.186498	2.630763	
1487	2.311697	-1.181724	2.622124	
1488	2.314894	-1.176486	2.616284	
1489	2.316307	-1.172871	2.607222	
1490	2.318541	-1.167743	2.597766	
1491	2.319480	-1.162922	2.589413	
1492	2.320511	-1.158298	2.579930	
1493	2.322992	-1.147400	2.562215	
1494	2.323153	-1.143511	2.551790	
1495	2.323615	-1.137699	2.542679	
1496	2.324054	-1.131091	2.536949	
1497	2.324059	-1.125014	2.528967	
1498	2.321873	-1.121982	2.515136	
1499	2.321822	-1.114342	2.507882	
1500	2.321090	-1.106988	2.501412	
1501	2.321042	-1.098530	2.492356	
1502	2.320947	-1.090397	2.484433	
1503	2.319687	-1.083813	2.474391	
1504	2.318725	-1.077750	2.462799	
1505	2.317563	-1.072879	2.450558	
1506	2.316141	-1.068605	2.437301	
1507	2.315598	-1.063067	2.425282	
1508	2.314576	-1.057674	2.414317	
1509	2.314317	-1.051453	2.403919	
1510	2.313247	-1.045924	2.392222	
1511	2.312498	-1.039560	2.381922	
1512	2.311705	-1.033802	2.372533	
1513	2.309311	-1.030514	2.361923	
1514	2.309052	-1.024329	2.353354	
1515	2.308133	-1.018948	2.345986	
1516	2.306112	-1.016348	2.336584	
1517	2.304132	-1.011933	2.328727	
1518	2.302280	-1.008477	2.321407	
1519	2.300835	-1.004615	2.314504	
1520	2.299891	-0.999463	2.308236	
1521	2.298855	-0.995837	2.302114	
1522	2.298410	-0.993260	2.296805	
1523	2.298727	-0.988864	2.291334	
1524	2.299159	-0.985028	2.286898	
1525	2.299218	-0.982872	2.280034	
1526	2.298620	-0.980794	2.271168	
1527	2.300041	-0.977319	2.264891	
1528	2.300552	-0.974815	2.256306	
1529	2.302058	-0.970931	2.248571	
1530	2.304650	-0.965914	2.240521	
1531	2.308135	-0.959886	2.232931	
1532	2.311970	-0.954021	2.224137	
1533	2.315632	-0.948243	2.215104	
1534	2.318330	-0.943848	2.204997	
1535	2.321661	-0.939253	2.194929	
1536	2.325976	-0.932717	2.185370	
1537	2.329322	-0.928580	2.175719	
1538	2.332995	-0.923872	2.166080	
1539	2.336701	-0.919551	2.156942	
1540	2.340453	-0.915467	2.148292	
1541	2.344156	-0.910687	2.138581	
1542	2.349052	-0.905262	2.131474	
1543	2.352469	-0.901507	2.123571	
1544	2.355608	-0.898942	2.114337	
1545	2.359932	-0.893241	2.107673	
1546	2.363210	-0.888906	2.100440	
1547	2.366349	-0.885153	2.091928	
1548	2.369732	-0.879833	2.084321	
1549	2.372641	-0.874660	2.076468	
1550	2.375888	-0.869511	2.068320	
1551	2.379136	-0.863373	2.060132	
1552	2.381270	-0.858690	2.051829	
1553	2.382855	-0.855136	2.043003	
1554	2.384998	-0.849029	2.034702	
1555	2.385987	-0.844261	2.025318	
1556	2.387525	-0.838883	2.017206	
1557	2.388363	-0.833893	2.008845	
1558	2.388873	-0.829985	2.000004	
1559	2.389602	-0.824300	1.991415	
1560	2.390744	-0.817741	1.982512	
1561	2.391690	-0.811507	1.974113	
1562	2.392056	-0.805261	1.963409	
1563	2.391985	-0.799488	1.953744	
1564	2.392849	-0.785597	1.932942	
1565	2.393647	-0.778925	1.923617	
1566	2.394825	-0.772604	1.913831	
1567	2.396705	-0.764723	1.903421	
1568	2.399713	-0.757421	1.894119	
1569	2.402170	-0.750466	1.883501	
1570	2.405239	-0.743304	1.875506	
1571	2.408120	-0.738245	1.867207	
1572	2.410017	-0.733637	1.856576	
1573	2.411706	-0.729257	1.848184	
1574	2.413008	-0.726055	1.839233	
1575	2.416002	-0.720737	1.831887	
1576	2.417308	-0.718350	1.822361	
1577	2.419850	-0.715095	1.814210	
1578	2.422496	-0.712037	1.807086	
1579	2.427401	-0.705761	1.789070	
1580	2.429868	-0.702530	1.780189	
1581	2.431857	-0.699994	1.771319	
1582	2.435072	-0.697127	1.762482	
1583	2.439495	-0.692394	1.753796	
1584	2.443250	-0.688691	1.744172	
1585	2.446929	-0.685273	1.734386	
1586	2.451489	-0.680107	1.725390	
1587	2.455348	-0.675757	1.714827	
1588	2.459888	-0.671541	1.705210	
1589	2.465530	-0.665823	1.696894	
1590	2.470274	-0.661505	1.686682	
1591	2.474302	-0.658962	1.676484	
1592	2.478981	-0.654121	1.666041	
1593	2.483829	-0.651376	1.657551	
1594	2.488031	-0.646194	1.647218	
1595	2.493996	-0.640353	1.638319	
1596	2.498724	-0.633388	1.629529	
1597	2.503445	-0.628187	1.619595	
1598	2.508613	-0.621216	1.611795	
1599	2.512448	-0.614947	1.603005	
1600	2.516992	-0.609235	1.595833	
1601	2.520654	-0.603142	1.588262	
1602	2.523551	-0.596699	1.580516	
1603	2.526716	-0.590897	1.573678	
1604	2.528875	-0.584709	1.567252	
1605	2.531432	-0.579074	1.562281	
1606	2.533782	-0.571730	1.556883	
1607	2.534271	-0.566804	1.550601	
1608	2.535388	-0.561568	1.545071	
1609	2.536094	-0.556279	1.539026	
1610	2.535642	-0.551000	1.531903	
1611	2.535670	-0.546226	1.525971	
1612	2.534596	-0.541915	1.518987	
1613	2.533007	-0.536810	1.512437	
1614	2.529364	-0.525294	1.496292	
1615	2.526436	-0.519237	1.486953	
1616	2.523490	-0.514669	1.479134	
1617	2.520567	-0.509114	1.470316	
1618	2.517348	-0.503546	1.461688	
1619	2.513540	-0.497067	1.453040	
1620	2.509558	-0.491076	1.444168	
1621	2.506514	-0.484618	1.436394	
1622	2.502310	-0.479479	1.428370	
1623	2.498060	-0.474972	1.420767	
1624	2.493711	-0.470485	1.412062	
1625	2.489620	-0.465731	1.404296	
1626	2.484148	-0.462125	1.395469	
1627	2.479460	-0.459583	1.388500	
1628	2.474002	-0.456815	1.380949	
1629	2.468578	-0.455142	1.373435	
1630	2.464062	-0.451638	1.367012	
1631	2.460464	-0.448505	1.360729	
1632	2.455649	-0.446159	1.352112	
1633	2.452215	-0.443568	1.344197	
1634	2.448452	-0.440824	1.335433	
1635	2.445617	-0.439339	1.329055	
1636	2.442138	-0.437299	1.322479	
1637	2.438489	-0.434275	1.316340	
1638	2.434200	-0.433344	1.309473	
1639	2.430643	-0.429964	1.304208	
1640	2.427830	-0.428329	1.300856	
1641	2.421787	-0.427382	1.294097	
1642	2.418109	-0.424311	1.289890	
1643	2.415023	-0.422248	1.286471	
1644	2.410013	-0.421473	1.282266	
1645	2.406564	-0.419473	1.279604	
1646	2.402511	-0.418885	1.277399	
1647	2.397377	-0.417743	1.274005	
1648	2.394534	-0.414115	1.273122	
1649	2.391445	-0.411285	1.272972	
1650	2.386823	-0.409779	1.270996	
1651	2.382132	-0.407361	1.268681	
1652	2.376071	-0.405038	1.265079	
1653	2.371800	-0.402947	1.263505	
1654	2.367860	-0.400870	1.262321	
1655	2.362129	-0.398772	1.260260	
1656	2.356603	-0.396431	1.258508	
1657	2.350713	-0.393052	1.256691	
1658	2.343919	-0.391973	1.255009	
1659	2.336661	-0.389709	1.252498	
1660	2.329730	-0.388235	1.250812	
1661	2.320888	-0.386699	1.247846	
1662	2.312579	-0.385219	1.245482	
1663	2.304086	-0.383858	1.243144	
1664	2.293719	-0.382964	1.240009	
1665	2.284283	-0.382062	1.237184	
1666	2.276388	-0.380867	1.235593	
1667	2.266665	-0.380985	1.232767	
1668	2.255688	-0.380908	1.228258	
1669	2.246940	-0.380976	1.225628	
1670	2.237476	-0.380451	1.223432	
1671	2.225909	-0.378577	1.219804	
1672	2.215244	-0.378237	1.217405	
1673	2.204538	-0.378474	1.216130	
1674	2.191832	-0.378119	1.214169	
1675	2.179843	-0.375902	1.211859	
1676	2.169188	-0.375491	1.210878	
1677	2.157417	-0.374545	1.209547	
1678	2.146049	-0.372074	1.207907	
1679	2.136659	-0.371199	1.208294	
1680	2.126900	-0.370433	1.208646	
1681	2.117774	-0.368572	1.208401	
1682	2.108514	-0.367806	1.207901	
1683	2.100008	-0.366082	1.207376	
1684	2.092326	-0.363492	1.207000	
1685	2.084196	-0.362975	1.206219	
1686	2.076859	-0.361516	1.204809	
1687	2.070560	-0.359474	1.203950	
1688	2.056663	-0.356987	1.202161	
1689	2.050224	-0.355380	1.201472	
1690	2.043845	-0.353897	1.200236	
1691	2.037704	-0.351297	1.198828	
1692	2.031054	-0.348390	1.197078	
1693	2.025322	-0.344204	1.195395	
1694	2.018258	-0.340398	1.192863	
1695	2.011737	-0.336120	1.190463	
1696	2.005474	-0.332358	1.187499	
1697	1.999671	-0.327237	1.184660	
1698	1.993927	-0.322874	1.181154	
1699	1.988587	-0.318632	1.177588	
1700	1.983157	-0.314028	1.173956	
1701	1.977774	-0.309603	1.169992	
1702	1.972297	-0.305211	1.166047	
1703	1.967279	-0.300777	1.162113	
1704	1.961934	-0.296788	1.157245	
1705	1.956506	-0.292934	1.152280	
1706	1.952246	-0.288831	1.147870	
1707	1.947146	-0.285900	1.142965	
1708	1.941496	-0.281656	1.137927	
1709	1.936762	-0.278596	1.133675	
1710	1.930910	-0.275663	1.129442	
1711	1.924714	-0.271100	1.124840	
1712	1.919723	-0.267796	1.121464	
1713	1.913694	-0.265571	1.117605	
1714	1.906386	-0.261327	1.112982	
1715	1.899662	-0.258534	1.108745	
1716	1.892321	-0.256079	1.104277	
1717	1.884836	-0.252740	1.099925	
1718	1.877199	-0.249907	1.095347	
1719	1.868541	-0.246967	1.090483	
1720	1.860216	-0.243393	1.086043	
1721	1.851844	-0.240925	1.081767	
1722	1.842840	-0.238186	1.077659	
1723	1.832880	-0.235201	1.073118	
1724	1.823502	-0.232614	1.069097	
1725	1.812414	-0.230682	1.064766	
1726	1.802183	-0.227301	1.060966	
1727	1.793739	-0.225309	1.057877	
1728	1.784144	-0.222993	1.054731	
1729	1.766994	-0.218442	1.049436	
1730	1.758859	-0.216871	1.047720	
1731	1.749815	-0.214934	1.045266	
1732	1.742358	-0.213427	1.043617	
1733	1.734980	-0.212349	1.042349	
1734	1.727766	-0.211273	1.041137	
1735	1.721517	-0.208951	1.039739	
1736	1.715243	-0.207787	1.038544	
1737	1.708917	-0.208074	1.037008	
1738	1.702827	-0.206639	1.034977	
1739	1.697319	-0.205916	1.033453	
1740	1.692069	-0.205502	1.032579	
1741	1.686544	-0.204439	1.031615	
1742	1.681972	-0.203092	1.030715	
1743	1.676897	-0.201798	1.029452	
1744	1.672507	-0.200338	1.028238	
1745	1.667182	-0.199458	1.026150	
1746	1.662245	-0.198630	1.023821	
1747	1.656402	-0.196871	1.021009	
1748	1.651669	-0.196842	1.018498	
1749	1.646035	-0.195613	1.015237	
1750	1.640369	-0.192804	1.011620	
1751	1.635882	-0.191253	1.008681	
1752	1.630364	-0.189218	1.004967	
1753	1.624386	-0.185920	1.000867	
1754	1.618116	-0.182105	0.996388	
1755	1.612273	-0.179924	0.991496	
1756	1.606379	-0.174907	0.986551	
1757	1.600704	-0.171122	0.981212	
1758	1.588041	-0.163728	0.969434	
1759	1.581734	-0.160130	0.963304	
1760	1.576021	-0.156491	0.957233	
1761	1.569434	-0.152361	0.950603	
1762	1.564364	-0.148894	0.944530	
1763	1.558209	-0.145658	0.938251	
1764	1.552663	-0.140584	0.932121	
1765	1.547778	-0.136694	0.926305	
1766	1.534920	-0.129233	0.914180	
1767	1.529638	-0.126326	0.908442	
1768	1.524347	-0.121426	0.903105	
1769	1.518724	-0.116969	0.897647	
1770	1.513728	-0.114315	0.892193	
1771	1.509800	-0.110661	0.887530	
1772	1.505731	-0.107098	0.883011	
1773	1.500950	-0.103934	0.878523	
1774	1.496130	-0.102140	0.874015	
1775	1.491740	-0.101495	0.870186	
1776	1.481143	-0.104788	0.860466	
1777	1.475468	-0.105965	0.855409	
1778	1.468928	-0.108462	0.850329	
1779	1.462380	-0.112233	0.844606	
1780	1.454650	-0.114850	0.839084	
1781	1.439572	-0.121893	0.827728	
1782	1.431722	-0.123538	0.822691	
1783	1.424043	-0.125117	0.818226	
1784	1.416841	-0.125377	0.814144	
1785	1.409297	-0.125855	0.810411	
1786	1.401690	-0.127185	0.806305	
1787	1.395058	-0.128330	0.802611	
1788	1.387665	-0.128096	0.798876	
1789	1.374528	-0.128041	0.792925	
1790	1.367838	-0.128736	0.790027	
1791	1.361453	-0.128839	0.787255	
1792	1.355555	-0.128603	0.784680	
1793	1.349240	-0.129584	0.781195	
1794	1.342342	-0.128594	0.778185	
1795	1.337718	-0.128871	0.775286	
1796	1.331722	-0.129012	0.772323	
1797	1.325418	-0.128089	0.769691	
1798	1.319502	-0.127168	0.766833	
1799	1.314358	-0.126817	0.764163	
1800	1.309251	-0.124562	0.761806	
1801	1.304440	-0.123214	0.758252	
1802	1.299814	-0.121778	0.754974	
1803	1.293454	-0.120665	0.751406	
1804	1.290389	-0.120032	0.748351	
1805	1.286032	-0.117188	0.746336	
1806	1.282054	-0.115347	0.744625	
1807	1.278041	-0.114613	0.741762	
1808	1.273698	-0.111799	0.739337	
1809	1.269995	-0.109031	0.737015	
1810	1.265622	-0.107654	0.733399	
1811	1.261468	-0.103941	0.730055	
1812	1.258522	-0.099579	0.726985	
1813	1.254377	-0.096467	0.721897	
1814	1.249276	-0.093065	0.716427	
1815	1.245664	-0.087194	0.711967	
1816	1.242716	-0.084459	0.705780	
1817	1.239080	-0.080945	0.699597	
1818	1.235797	-0.075928	0.694541	
1819	1.233530	-0.073844	0.688334	
1820	1.231029	-0.070068	0.682668	
1821	1.226124	-0.065293	0.678006	
1822	1.224038	-0.063275	0.672348	
1823	1.220263	-0.058910	0.667770	
1824	1.216468	-0.056872	0.662493	
1825	1.213262	-0.056168	0.656709	
1826	1.208450	-0.053725	0.651980	
1827	1.205377	-0.051753	0.647111	
1828	1.200961	-0.050524	0.641971	
1829	1.195492	-0.047688	0.638273	
1830	1.190494	-0.047843	0.633447	
1831	1.185769	-0.047447	0.628760	
1832	1.178864	-0.046659	0.624656	
1833	1.170965	-0.045112	0.620697	
1834	1.164720	-0.045613	0.615819	
1835	1.156381	-0.045139	0.611426	
1836	1.147831	-0.044487	0.607401	
1837	1.141795	-0.045418	0.602951	
1838	1.132878	-0.046449	0.598784	
1839	1.123416	-0.048360	0.595097	
1840	1.115986	-0.051587	0.591728	
1841	1.106745	-0.056807	0.588017	
1842	1.095824	-0.060343	0.585377	
1843	1.087353	-0.064102	0.583966	
1844	1.076811	-0.066171	0.583613	
1845	1.064859	-0.068779	0.583737	
1846	1.054760	-0.073245	0.583307	
1847	1.043984	-0.076961	0.583462	
1848	1.033069	-0.079114	0.584432	
1849	1.024118	-0.082235	0.585311	
1850	1.013429	-0.085478	0.586417	
1851	1.002420	-0.088755	0.588034	
1852	0.992609	-0.092173	0.589175	
1853	0.982695	-0.094831	0.590549	
1854	0.973245	-0.098912	0.591375	
1855	0.964945	-0.103859	0.591685	
1856	0.955959	-0.106013	0.593649	
1857	0.947379	-0.108372	0.595530	
1858	0.939790	-0.110447	0.597289	
1859	0.930932	-0.113911	0.598881	
1860	0.922682	-0.116283	0.600779	
1861	0.916301	-0.118629	0.602772	
1862	0.907977	-0.119043	0.606078	
1863	0.901461	-0.121499	0.608212	
1864	0.894532	-0.123244	0.610566	
1865	0.886765	-0.124301	0.613587	
1866	0.879808	-0.126496	0.616438	
1867	0.872785	-0.128663	0.619017	
1868	0.865396	-0.127688	0.622825	
1869	0.860474	-0.128585	0.626417	
1870	0.855229	-0.133309	0.627936	
1871	0.848118	-0.134516	0.630472	
1872	0.839651	-0.134932	0.634474	
1873	0.834930	-0.140224	0.635719	
1874	0.829429	-0.142282	0.637248	
1875	0.821626	-0.143644	0.640527	
1876	0.817143	-0.147512	0.642236	
1877	0.812363	-0.149044	0.644331	
1878	0.805143	-0.150045	0.647652	
1879	0.800586	-0.151723	0.649938	
1880	0.795963	-0.153925	0.652183	
1881	0.790238	-0.154768	0.655375	
1882	0.785017	-0.155825	0.658676	
1883	0.781382	-0.157187	0.661850	
1884	0.772971	-0.158089	0.669009	
1885	0.768000	-0.158937	0.672311	
1886	0.762642	-0.157925	0.676799	
1887	0.758098	-0.158478	0.680643	
1888	0.754261	-0.159307	0.684003	
1889	0.749559	-0.158469	0.688515	
1890	0.747287	-0.157444	0.693472	
1891	0.744061	-0.158352	0.698154	
1892	0.740443	-0.157928	0.703841	
1893	0.737508	-0.157052	0.710314	
1894	0.733888	-0.156988	0.717511	
1895	0.730736	-0.155853	0.725653	
1896	0.729730	-0.156245	0.733751	
1897	0.726552	-0.157006	0.741902	
1898	0.724060	-0.155707	0.750666	
1899	0.721859	-0.155180	0.759127	
1900	0.719607	-0.156572	0.766731	
1901	0.716617	-0.156981	0.774184	
1902	0.713552	-0.157491	0.781669	
1903	0.710279	-0.158967	0.789064	
1904	0.707156	-0.161038	0.796419	
1905	0.704030	-0.162112	0.804709	
1906	0.700780	-0.164896	0.812504	
1907	0.697533	-0.168943	0.819664	
1908	0.694036	-0.170957	0.828121	
1909	0.691468	-0.175014	0.835767	
1910	0.689021	-0.179834	0.842596	
1911	0.686399	-0.180696	0.851713	
1912	0.683465	-0.184759	0.859309	
1913	0.680133	-0.188584	0.865565	
1914	0.678514	-0.190133	0.874266	
1915	0.677879	-0.193592	0.881659	
1916	0.676359	-0.196908	0.888177	
1917	0.675038	-0.198329	0.895629	
1918	0.674964	-0.200942	0.902697	
1919	0.674364	-0.204068	0.908353	
1920	0.674100	-0.205788	0.914858	
1921	0.674194	-0.208187	0.920884	
1922	0.675239	-0.211163	0.926321	
1923	0.676729	-0.213412	0.932420	
1924	0.678100	-0.216517	0.938108	
1925	0.679245	-0.219719	0.942971	
1926	0.679754	-0.222188	0.947876	
1927	0.680701	-0.224067	0.953325	
1928	0.682517	-0.226345	0.958782	
1929	0.683062	-0.229222	0.963679	
1930	0.684189	-0.230112	0.970168	
1931	0.684528	-0.233056	0.975503	
1932	0.685457	-0.234265	0.980930	
1933	0.687719	-0.235644	0.987330	
1934	0.688831	-0.238241	0.992000	
1935	0.689755	-0.238819	0.996618	
1936	0.690907	-0.238930	1.002285	
1937	0.691525	-0.240048	1.006702	
1938	0.693377	-0.239581	1.017302	
1939	0.693826	-0.239656	1.021554	
1940	0.694527	-0.238925	1.025814	
1941	0.695245	-0.235861	1.036459	
1942	0.694975	-0.233726	1.041204	
1943	0.695217	-0.231196	1.047084	
1944	0.696373	-0.229144	1.052552	
1945	0.696239	-0.226548	1.058342	
1946	0.696329	-0.223756	1.064317	
1947	0.696373	-0.221590	1.070060	
1948	0.693891	-0.213336	1.088348	
1949	0.694027	-0.211099	1.095211	
1950	0.693961	-0.209541	1.102119	
1951	0.693232	-0.207727	1.116390	
1952	0.692321	-0.206892	1.123546	
1953	0.691363	-0.206070	1.130618	
1954	0.690540	-0.205848	1.137108	
1955	0.689190	-0.206471	1.143296	
1956	0.690189	-0.205961	1.149912	
1957	0.689154	-0.207156	1.160806	
1958	0.689312	-0.207279	1.166454	
1959	0.689470	-0.207760	1.171569	
1960	0.689989	-0.207457	1.177200	
1961	0.690835	-0.207246	1.182934	
1962	0.690614	-0.207758	1.187939	
1963	0.690743	-0.208138	1.192847	
1964	0.692028	-0.207704	1.198091	
1965	0.692849	-0.207823	1.203031	
1966	0.692786	-0.208515	1.207343	
1967	0.693365	-0.208411	1.211891	
1968	0.693172	-0.207995	1.215880	
1969	0.692925	-0.207919	1.219446	
1970	0.693299	-0.206546	1.223740	
1971	0.694263	-0.204671	1.227512	
1972	0.694339	-0.203707	1.230518	
1973	0.694378	-0.202181	1.233664	
1974	0.695926	-0.201186	1.236745	
1975	0.695872	-0.200109	1.238943	
1976	0.694611	-0.198882	1.241020	
1977	0.694484	-0.198320	1.242675	
1978	0.694779	-0.197408	1.244899	
1979	0.694395	-0.196844	1.246429	
1980	0.693174	-0.196002	1.247819	
1981	0.692068	-0.194762	1.249603	
1982	0.691055	-0.194073	1.251252	
1983	0.686732	-0.193146	1.253807	
1984	0.684809	-0.191197	1.255799	
1985	0.682570	-0.188659	1.257474	
1986	0.679513	-0.185731	1.259086	
1987	0.676519	-0.183407	1.260170	
1988	0.673021	-0.180449	1.261302	
1989	0.669812	-0.177928	1.262474	
1990	0.666248	-0.176627	1.263076	
1991	0.662563	-0.174474	1.263925	
1992	0.660056	-0.173224	1.265068	
1993	0.656456	-0.172554	1.265662	
1994	0.652289	-0.170857	1.266533	
1995	0.648607	-0.169643	1.267355	
1996	0.644185	-0.168231	1.268103	
1997	0.639618	-0.167048	1.268978	
1998	0.635179	-0.166118	1.270016	
1999	0.630213	-0.165330	1.270438	
2000	0.625543	-0.164440	1.271196	
2001	0.620552	-0.164824	1.271100	
2002	0.615551	-0.164383	1.271070	
2003	0.611073	-0.163863	1.271517	
2004	0.606919	-0.164599	1.271497	
2005	0.602354	-0.164800	1.271583	
2006	0.597843	-0.164769	1.271768	
2007	0.593935	-0.165398	1.271697	
2008	0.589569	-0.165510	1.271455	
2009	0.584898	-0.165309	1.270899	
2010	0.580690	-0.164597	1.270366	
2011	0.576051	-0.163123	1.270011	
2012	0.571621	-0.161792	1.269770	
2013	0.566885	-0.161972	1.268444	
2014	0.562366	-0.160233	1.267665	
2015	0.558051	-0.158818	1.267079	
2016	0.554102	-0.157605	1.266042	
2017	0.550487	-0.154820	1.265862	
2018	0.546150	-0.155347	1.264103	
2019	0.542883	-0.153523	1.263272	
2020	0.539494	-0.153765	1.262745	
2021	0.536407	-0.152781	1.261693	
2022	0.533419	-0.152040	1.260895	
2023	0.527614	-0.151617	1.258859	
2024	0.524952	-0.152139	1.258032	
2025	0.522608	-0.151922	1.257747	
2026	0.519689	-0.152180	1.256420	
2027	0.517424	-0.150343	1.256482	
2028	0.514565	-0.150410	1.255355	
2029	0.511651	-0.148884	1.254037	
2030	0.508713	-0.148611	1.253205	
2031	0.504944	-0.147916	1.251454	
2032	0.501226	-0.146750	1.249889	
2033	0.497518	-0.146357	1.248343	
2034	0.493742	-0.145529	1.246820	
2035	0.489980	-0.144886	1.245206	
2036	0.485803	-0.143838	1.243098	
2037	0.481896	-0.143316	1.241274	
2038	0.477051	-0.142623	1.238379	
2039	0.472445	-0.142400	1.236042	
2040	0.468227	-0.141582	1.233585	
2041	0.464613	-0.141035	1.231372	
2042	0.461298	-0.140522	1.229436	
2043	0.458006	-0.139474	1.227437	
2044	0.451053	-0.137585	1.221452	
2045	0.446229	-0.134958	1.217066	
2046	0.443626	-0.133932	1.214449	
2047	0.440747	-0.132359	1.211666	
2048	0.437259	-0.131191	1.207928	
2049	0.433820	-0.128309	1.204494	
2050	0.430411	-0.127522	1.201065	
2051	0.427293	-0.126018	1.198087	
2052	0.424670	-0.124104	1.195987	
2053	0.421050	-0.123104	1.192293	
2054	0.418443	-0.120985	1.190063	
2055	0.415264	-0.119477	1.187094	
2056	0.411492	-0.117967	1.183660	
2057	0.405632	-0.114225	1.178269	
2058	0.402609	-0.113101	1.175332	
2059	0.399988	-0.111136	1.173037	
2060	0.396728	-0.109481	1.169909	
2061	0.393625	-0.107182	1.167124	
2062	0.388173	-0.102940	1.162235	
2063	0.385334	-0.100378	1.159463	
2064	0.380900	-0.094723	1.155074	
2065	0.378741	-0.092593	1.152970	
2066	0.376807	-0.090784	1.150648	
2067	0.375096	-0.088343	1.148979	
2068	0.372906	-0.087498	1.146308	
2069	0.370737	-0.086108	1.143692	
2070	0.367081	-0.084910	1.139564	
2071	0.364851	-0.084502	1.136955	
2072	0.363088	-0.083454	1.134560	
2073	0.360779	-0.084037	1.131319	
2074	0.358731	-0.084107	1.128170	
2075	0.357611	-0.082926	1.125601	
2076	0.355689	-0.083206	1.121712	
2077	0.354301	-0.081515	1.118104	
2078	0.353679	-0.080751	1.114818	
2079	0.352582	-0.081016	1.110831	
2080	0.351999	-0.079906	1.106885	
2081	0.351160	-0.078096	1.102956	
2082	0.350285	-0.077425	1.098444	
2083	0.350164	-0.075953	1.094055	
2084	0.349918	-0.074380	1.089048	
2085	0.349438	-0.072858	1.083697	
2086	0.349779	-0.071064	1.078819	
2087	0.350019	-0.071269	1.073631	
2088	0.350597	-0.070221	1.067826	
2089	0.351176	-0.068789	1.061854	
2090	0.352377	-0.068449	1.056093	
2091	0.353456	-0.066761	1.050567	
2092	0.354587	-0.063358	1.046148	
2093	0.356093	-0.062813	1.039501	
2094	0.356310	-0.059549	1.034271	
2095	0.357696	-0.057453	1.028433	
2096	0.358080	-0.056638	1.020894	
2097	0.358361	-0.052876	1.014847	
2098	0.359474	-0.051514	1.007245	
2099	0.359101	-0.049529	0.999405	
2100	0.359594	-0.047032	0.992122	
2101	0.359569	-0.046685	0.983881	
2102	0.359064	-0.044991	0.976210	
2103	0.358674	-0.042684	0.969342	
2104	0.358171	-0.041882	0.962531	
2105	0.356777	-0.041935	0.955626	
2106	0.355258	-0.041511	0.949041	
2107	0.353666	-0.041473	0.943029	
2108	0.351145	-0.042410	0.936972	
2109	0.349055	-0.042362	0.932359	
2110	0.346057	-0.043264	0.926762	
2111	0.343106	-0.042669	0.921695	
2112	0.340378	-0.042018	0.916997	
2113	0.336632	-0.042955	0.911572	
2114	0.333493	-0.041860	0.907105	
2115	0.330147	-0.040298	0.902836	
2116	0.327703	-0.040811	0.898946	
2117	0.324399	-0.039444	0.894671	
2118	0.321454	-0.037489	0.890730	
2119	0.317749	-0.037337	0.885540	
2120	0.314788	-0.036076	0.880894	
2121	0.312828	-0.033951	0.876970	
2122	0.308368	-0.036459	0.864897	
2123	0.306714	-0.034178	0.859816	
2124	0.303386	-0.036993	0.845510	
2125	0.302255	-0.034651	0.839702	
2126	0.301294	-0.037214	0.831586	
2127	0.300849	-0.036271	0.824705	
2128	0.300049	-0.033973	0.818597	
2129	0.300397	-0.035563	0.810612	
2130	0.299391	-0.037568	0.801907	
2131	0.297703	-0.035875	0.794835	
2132	0.298679	-0.035696	0.787250	
2133	0.299227	-0.035789	0.772928	
2134	0.300450	-0.037562	0.758136	
2135	0.299945	-0.036309	0.752091	
2136	0.300690	-0.035590	0.746147	
2137	0.300660	-0.037261	0.739511	
2138	0.301381	-0.036551	0.734203	
2139	0.302149	-0.035134	0.728674	
2140	0.302433	-0.035421	0.722491	
2141	0.302808	-0.035443	0.716176	
2142	0.304698	-0.034228	0.710232	
2143	0.305869	-0.031982	0.704847	
2144	0.308105	-0.032089	0.698794	
2145	0.309210	-0.030996	0.692795	
2146	0.310905	-0.028112	0.687092	
2147	0.312765	-0.028211	0.680803	
2148	0.315570	-0.027453	0.674510	
2149	0.322429	-0.020692	0.664339	
2150	0.326005	-0.021795	0.657603	
2151	0.328221	-0.018798	0.651520	
2152	0.335147	-0.015956	0.637066	
2153	0.337377	-0.014369	0.629017	
2154	0.339043	-0.011170	0.622015	
2155	0.341382	-0.008832	0.613819	
2156	0.343286	-0.008578	0.604685	
2157	0.344724	-0.006234	0.596182	
2158	0.345834	-0.003137	0.587246	
2159	0.347499	-0.002830	0.575776	
2160	0.349378	-0.001018	0.565582	
2161	0.355045	0.003475	0.544549	
2162	0.356407	0.005242	0.534249	
2163	0.356518	0.008671	0.524304	
2164	0.357124	0.011659	0.512899	
2165	0.358117	0.012727	0.500110	
2166	0.358220	0.014877	0.489720	
2167	0.358690	0.019131	0.479682	
2168	0.359002	0.019456	0.467255	
2169	0.358687	0.020913	0.454657	
2170	0.358533	0.022011	0.444711	
2171	0.356956	0.024006	0.434247	
2172	0.357648	0.025235	0.423539	
2173	0.357878	0.027615	0.414714	
2174	0.357363	0.030881	0.406612	
2175	0.356563	0.031832	0.397436	
2176	0.355557	0.032716	0.388793	
2177	0.355684	0.035714	0.382342	
2178	0.355448	0.037850	0.375393	
2179	0.355255	0.036732	0.367244	
2180	0.352560	0.040963	0.355312	
2181	0.350350	0.041752	0.349046	
2182	0.346230	0.043046	0.343238	
2183	0.336223	0.044004	0.337259	
2184	0.333715	0.045915	0.331343	
2185	0.329842	0.046557	0.324860	
2186	0.324367	0.049392	0.320280	
2187	0.318594	0.050800	0.314961	
2188	0.311810	0.051796	0.308724	
2189	0.304550	0.054218	0.303449	
2190	0.295157	0.056101	0.298326	
2191	0.286989	0.056855	0.291558	
2192	0.278634	0.057664	0.283979	
2193	0.269279	0.060585	0.278395	
2194	0.260165	0.062457	0.272522	
2195	0.250764	0.063213	0.265672	
2196	0.240993	0.063848	0.258701	
2197	0.232476	0.065520	0.252755	
2198	0.224664	0.066822	0.246254	
2199	0.216178	0.066655	0.239148	
2200	0.208341	0.067203	0.233237	
2201	0.201778	0.068481	0.227283	
2202	0.195396	0.069847	0.220998	
2203	0.186325	0.069076	0.214754	
2204	0.178555	0.069626	0.209802	
2205	0.171365	0.070993	0.204767	
2206	0.163162	0.071981	0.199332	
2207	0.156052	0.072543	0.193744	
2208	0.148845	0.072297	0.187799	
2209	0.142204	0.073138	0.182067	
2210	0.135263	0.072955	0.175869	
2211	0.128095	0.072285	0.170066	
2212	0.121113	0.072649	0.164914	
2213	0.113413	0.071822	0.159189	
2214	0.094867	0.074186	0.149229	
2215	0.087460	0.073720	0.142981	
2216	0.079080	0.074989	0.137059	
2217	0.071334	0.075732	0.131008	
2218	0.063428	0.075580	0.123733	
2219	0.053869	0.074650	0.116961	
2220	0.046822	0.076946	0.110611	
2221	0.039313	0.076548	0.102697	
2222	0.029900	0.077674	0.095163	
2223	0.021239	0.080947	0.088955	
2224	0.013508	0.083967	0.081396	
2225	0.002931	0.085602	0.073476	
2226	-0.004724	0.087969	0.067169	
2227	-0.013298	0.092681	0.060871	
2228	-0.023351	0.095032	0.053802	
2229	-0.031977	0.097737	0.047762	
2230	-0.038996	0.103039	0.042434	
2231	-0.047783	0.105851	0.035929	
2232	-0.056964	0.109701	0.030262	
2233	-0.065141	0.114655	0.025114	
2234	-0.073031	0.120038	0.019737	
2235	-0.090251	0.130456	0.009909	
2236	-0.095711	0.137927	0.006190	
2237	-0.104578	0.140857	-0.000072	
2238	-0.112631	0.144029	-0.004210	
2239	-0.118145	0.147930	-0.007441	
2240	-0.124583	0.149963	-0.010949	
2241	-0.131117	0.150693	-0.014766	
2242	-0.136849	0.152623	-0.017837	
2243	-0.142713	0.152411	-0.021613	
2244	-0.149557	0.152322	-0.024604	
2245	-0.154886	0.153014	-0.027353	
2246	-0.164467	0.152631	-0.030812	
2247	-0.173459	0.152474	-0.033703	
2248	-0.178378	0.154430	-0.035428	
2249	-0.184764	0.155811	-0.038056	
2250	-0.193206	0.156625	-0.040783	
2251	-0.200836	0.158824	-0.042377	
2252	-0.208577	0.159897	-0.044406	
2253	-0.216798	0.160046	-0.046141	
2254	-0.223825	0.159716	-0.047764	
2255	-0.230765	0.159501	-0.049181	
2256	-0.250105	0.157249	-0.051629	
2257	-0.265063	0.155870	-0.054487	
2258	-0.272404	0.156018	-0.055665	
2259	-0.279676	0.156272	-0.056769	
2260	-0.286511	0.156418	-0.057467	
2261	-0.293247	0.157702	-0.057696	
2262	-0.299879	0.160193	-0.057492	
2263	-0.307408	0.161719	-0.057511	
2264	-0.316159	0.162356	-0.058149	
2265	-0.323436	0.164804	-0.058008	
2266	-0.329563	0.167510	-0.058433	
2267	-0.336791	0.168181	-0.060026	
2268	-0.344362	0.167601	-0.062055	
2269	-0.352180	0.168592	-0.063858	
2270	-0.358713	0.167854	-0.066619	
2271	-0.366260	0.166105	-0.069252	
2272	-0.372731	0.164687	-0.071793	
2273	-0.379774	0.163714	-0.074464	
2274	-0.386118	0.160292	-0.077701	
2275	-0.394241	0.158612	-0.080669	
2276	-0.402094	0.157303	-0.083243	
2277	-0.407812	0.156021	-0.086024	
2278	-0.417037	0.155048	-0.088090	
2279	-0.423926	0.154284	-0.090084	
2280	-0.429100	0.155217	-0.091421	
2281	-0.437463	0.154305	-0.093373	
2282	-0.444667	0.156381	-0.094130	
2283	-0.451126	0.156580	-0.095906	
2284	-0.459285	0.154546	-0.097795	
2285	-0.465119	0.152717	-0.099273	
2286	-0.468701	0.152184	-0.101391	
2287	-0.475194	0.152334	-0.103936	
2288	-0.481574	0.151565	-0.106894	
2289	-0.487448	0.149731	-0.110909	
2290	-0.493054	0.149631	-0.114916	
2291	-0.499239	0.149778	-0.119550	
2292	-0.506882	0.150100	-0.123921	
2293	-0.512497	0.150917	-0.128969	
2294	-0.517618	0.151964	-0.134271	
2295	-0.525251	0.156018	-0.139361	
2296	-0.532142	0.160420	-0.144469	
2297	-0.538136	0.163818	-0.150015	
2298	-0.546262	0.167120	-0.155527	
2299	-0.553571	0.170902	-0.160675	
2300	-0.559120	0.175308	-0.165410	
2301	-0.564966	0.180834	-0.170082	
2302	-0.572556	0.183680	-0.174824	
2303	-0.578791	0.187049	-0.179495	
2304	-0.585378	0.192841	-0.183435	
2305	-0.590234	0.198017	-0.187553	
2306	-0.597793	0.202065	-0.191180	
2307	-0.602515	0.206522	-0.195283	
2308	-0.609009	0.212238	-0.198977	
2309	-0.615734	0.214895	-0.203364	
2310	-0.620559	0.218192	-0.207408	
2311	-0.627067	0.221821	-0.211094	
2312	-0.630994	0.225523	-0.214199	
2313	-0.637963	0.227549	-0.216997	
2314	-0.643053	0.228797	-0.219817	
2315	-0.648284	0.230094	-0.222337	
2316	-0.653843	0.232328	-0.224003	
2317	-0.658800	0.234212	-0.225951	
2318	-0.667253	0.236758	-0.227581	
2319	-0.672869	0.237772	-0.229465	
2320	-0.677676	0.237894	-0.231934	
2321	-0.684129	0.238439	-0.234410	
2322	-0.689914	0.238833	-0.236495	
2323	-0.695027	0.238248	-0.239614	
2324	-0.700762	0.238355	-0.242651	
2325	-0.707537	0.237335	-0.245430	
2326	-0.713908	0.236786	-0.248494	
2327	-0.720000	0.236763	-0.251803	
2328	-0.726728	0.234111	-0.254684	
2329	-0.733667	0.231097	-0.257863	
2330	-0.755253	0.228790	-0.258105	
2331	-0.762835	0.227955	-0.260713	
2332	-0.769055	0.225733	-0.263361	
2333	-0.778034	0.225108	-0.265838	
2334	-0.786023	0.224619	-0.267999	
2335	-0.793583	0.222159	-0.270394	
2336	-0.803915	0.223137	-0.272186	
2337	-0.809742	0.222840	-0.275011	
2338	-0.816642	0.222065	-0.278073	
2339	-0.828790	0.224566	-0.280467	
2340	-0.842620	0.227713	-0.282674	
2341	-0.847068	0.227458	-0.286743	
2342	-0.854961	0.228304	-0.290009	
2343	-0.866347	0.230177	-0.292592	
2344	-0.872460	0.228970	-0.296130	
2345	-0.880967	0.228396	-0.299073	
2346	-0.884794	0.228918	-0.302353	
2347	-0.891158	0.226953	-0.306391	
2348	-0.900851	0.226881	-0.308943	
2349	-0.908270	0.227317	-0.311947	
2350	-0.914989	0.226404	-0.315374	
2351	-0.922234	0.226737	-0.319094	
2352	-0.926081	0.224224	-0.323753	
2353	-0.932699	0.222250	-0.327795	
2354	-0.939799	0.220263	-0.331712	
2355	-0.944902	0.218438	-0.336239	
2356	-0.949059	0.219147	-0.340613	
2357	-0.957780	0.220038	-0.344260	
2358	-0.964262	0.221967	-0.347735	
2359	-0.970681	0.223130	-0.352036	
2360	-0.984790	0.225331	-0.360495	
2361	-0.996777	0.228918	-0.371179	
2362	-1.007420	0.235013	-0.375465	
2363	-1.013860	0.238281	-0.381073	
2364	-1.027957	0.245865	-0.390542	
2365	-1.044796	0.254431	-0.399724	
2366	-1.062103	0.260498	-0.408592	
2367	-1.070941	0.265768	-0.413306	
2368	-1.075733	0.269422	-0.417894	
2369	-1.083634	0.273498	-0.421083	
2370	-1.092225	0.279552	-0.423730	
2371	-1.100780	0.284732	-0.425671	
2372	-1.103261	0.287031	-0.428876	
2373	-1.106835	0.288079	-0.430404	
2374	-1.117780	0.293357	-0.428173	
2375	-1.124743	0.297226	-0.426089	
2376	-1.123141	0.297864	-0.425486	
2377	-1.127202	0.300126	-0.423462	
2378	-1.135743	0.301295	-0.419866	
2379	-1.144466	0.301155	-0.413981	
2380	-1.147671	0.303302	-0.410466	
2381	-1.154248	0.301101	-0.406762	
2382	-1.162728	0.298489	-0.401312	
2383	-1.164938	0.297798	-0.397310	
2384	-1.170491	0.297943	-0.391476	
2385	-1.178770	0.294026	-0.384555	
2386	-1.186562	0.291096	-0.377748	
2387	-1.192999	0.288957	-0.371216	
2388	-1.199152	0.281928	-0.364630	
2389	-1.207677	0.279751	-0.356528	
2390	-1.215072	0.277151	-0.349153	
2391	-1.220046	0.273310	-0.341544	
2392	-1.222635	0.267156	-0.335471	
2393	-1.232708	0.262013	-0.327024	
2394	-1.240387	0.258411	-0.319735	
2395	-1.246396	0.255878	-0.313119	
2396	-1.251870	0.250633	-0.306879	
2397	-1.256569	0.244157	-0.300807	
2398	-1.263748	0.237861	-0.294339	
2399	-1.276299	0.228144	-0.284809	
2400	-1.282675	0.222493	-0.278569	
2401	-1.285178	0.215883	-0.273243	
2402	-1.286926	0.209126	-0.268398	
2403	-1.292368	0.204217	-0.262960	
2404	-1.297367	0.198798	-0.257874	
2405	-1.298882	0.192859	-0.253611	
2406	-1.303386	0.190102	-0.248847	
2407	-1.307392	0.185422	-0.243994	
2408	-1.312555	0.181351	-0.238834	
2409	-1.316837	0.177347	-0.233667	
2410	-1.324160	0.171247	-0.223735	
2411	-1.327357	0.162852	-0.215436	
2412	-1.332400	0.160686	-0.210658	
2413	-1.334465	0.157908	-0.206195	
2414	-1.332613	0.153022	-0.203130	
2415	-1.336727	0.149878	-0.197938	
2416	-1.338396	0.146698	-0.193584	
2417	-1.337834	0.142538	-0.189648	
2418	-1.338463	0.139446	-0.185629	
2419	-1.342777	0.137579	-0.180268	
2420	-1.342306	0.133440	-0.176990	
2421	-1.345383	0.131085	-0.172004	
2422	-1.348005	0.128543	-0.167593	
2423	-1.348738	0.124695	-0.164073	
2424	-1.352784	0.123674	-0.159110	
2425	-1.354335	0.123338	-0.154344	
2426	-1.354456	0.121028	-0.150130	
2427	-1.359414	0.118373	-0.143966	
2428	-1.361558	0.117097	-0.138278	
2429	-1.363635	0.117188	-0.132733	
2430	-1.360790	0.115573	-0.128787	
2431	-1.363047	0.114542	-0.122973	
2432	-1.365218	0.115093	-0.117249	
2433	-1.367114	0.112765	-0.111727	
2434	-1.368097	0.111065	-0.105777	
2435	-1.366552	0.109902	-0.101072	
2436	-1.366781	0.109410	-0.094940	
2437	-1.365380	0.106861	-0.089107	
2438	-1.360276	0.104288	-0.083749	
2439	-1.357903	0.100579	-0.076860	
2440	-1.355687	0.095202	-0.069550	
2441	-1.351645	0.090459	-0.061906	
2442	-1.344305	0.087189	-0.055036	
2443	-1.339490	0.081941	-0.046920	
2444	-1.339557	0.076269	-0.036609	
2445	-1.332298	0.072375	-0.028092	
2446	-1.321609	0.065656	-0.021470	
2447	-1.320462	0.057775	-0.011806	
2448	-1.313587	0.052896	-0.003191	
2449	-1.299647	0.046188	0.002120	
2450	-1.297698	0.036488	0.010729	
2451	-1.295799	0.031008	0.020685	
2452	-1.280805	0.025472	0.026812	
2453	-1.271797	0.018268	0.033604	
2454	-1.270501	0.013362	0.042900	
2455	-1.263044	0.008353	0.049885	
2456	-1.252987	0.004934	0.055252	
2457	-1.250765	0.000657	0.062255	
2458	-1.246870	-0.001755	0.068542	
2459	-1.237429	-0.005351	0.072733	
2460	-1.229368	-0.009193	0.075898	
2461	-1.226683	-0.010093	0.081244	
2462	-1.224402	-0.009699	0.086327	
2463	-1.215751	-0.011132	0.089050	
2464	-1.208143	-0.011598	0.092903	
2465	-1.204808	-0.011178	0.098177	
2466	-1.201777	-0.011546	0.103358	
2467	-1.194691	-0.013752	0.108064	
2468	-1.188694	-0.011718	0.114190	
2469	-1.185199	-0.009803	0.119437	
2470	-1.180489	-0.010330	0.123839	
2471	-1.176827	-0.008405	0.129232	
2472	-1.175361	-0.005943	0.135619	
2473	-1.169415	-0.005110	0.139108	
2474	-1.165900	-0.005234	0.143493	
2475	-1.162977	-0.003124	0.148241	
2476	-1.157023	-0.003108	0.150953	
2477	-1.154473	-0.004467	0.154037	
2478	-1.150617	-0.004438	0.157127	
2479	-1.146741	-0.002451	0.160122	
2480	-1.145489	-0.002709	0.163146	
2481	-1.140618	-0.002871	0.166217	
2482	-1.136652	-0.001956	0.170016	
2483	-1.130347	-0.005806	0.172530	
2484	-1.130473	-0.004415	0.179286	
2485	-1.128427	-0.002086	0.185176	
2486	-1.120506	-0.004478	0.188556	
2487	-1.117481	-0.006557	0.193063	
2488	-1.119911	-0.003406	0.198762	
2489	-1.115952	-0.005017	0.202651	
2490	-1.111567	-0.004814	0.206691	
2491	-1.109313	-0.004417	0.210912	
2492	-1.108398	-0.005348	0.215769	
2493	-1.104245	0.000263	0.220585	
2494	-1.097425	-0.001027	0.222580	
2495	-1.098506	0.000360	0.226901	
2496	-1.098670	0.005106	0.231918	
2497	-1.093071	0.005124	0.233621	
2498	-1.093767	0.005440	0.236636	
2499	-1.096426	0.011146	0.241473	
2500	-1.092621	0.011374	0.242739	
2501	-1.092844	0.011263	0.244675	
2502	-1.094532	0.013901	0.247834	
2503	-1.092547	0.013839	0.248992	
2504	-1.093966	0.013639	0.250532	
2505	-1.096401	0.014983	0.252745	
2506	-1.095419	0.015011	0.253829	
2507	-1.095205	0.014693	0.254735	
2508	-1.096694	0.015980	0.256402	
2509	-1.096243	0.016185	0.257630	
2510	-1.094102	0.017064	0.258271	
2511	-1.095527	0.017725	0.259462	
2512	-1.097463	0.020720	0.261831	
2513	-1.096648	0.022045	0.263320	
2514	-1.097095	0.022759	0.264616	
2515	-1.100759	0.025516	0.267869	
2516	-1.098397	0.027361	0.269380	
2517	-1.096510	0.027677	0.270293	
2518	-1.101520	0.030633	0.273913	
2519	-1.100490	0.033128	0.276162	
2520	-1.098505	0.032967	0.277514	
2521	-1.101163	0.035215	0.280799	
2522	-1.100360	0.037143	0.283126	
2523	-1.098132	0.038460	0.285268	
2524	-1.096202	0.040247	0.287152	
2525	-1.097870	0.041854	0.290063	
2526	-1.094041	0.043074	0.291789	
2527	-1.091702	0.044531	0.293361	
2528	-1.093367	0.046658	0.295981	
2529	-1.092593	0.048295	0.298069	
2530	-1.087823	0.049482	0.298251	
2531	-1.087363	0.049992	0.298998	
2532	-1.088929	0.051836	0.300647	
2533	-1.085704	0.052647	0.300845	
2534	-1.084289	0.052361	0.300590	
2535	-1.086632	0.052867	0.302287	
2536	-1.083762	0.053465	0.302863	
2537	-1.082842	0.052701	0.302991	
2538	-1.082920	0.052363	0.303729	
2539	-1.082109	0.052047	0.304475	
2540	-1.080372	0.051882	0.304524	
2541	-1.078934	0.050859	0.304996	
2542	-1.076258	0.050005	0.304332	
2543	-1.075982	0.049572	0.304328	
2544	-1.075078	0.048778	0.304363	
2545	-1.073082	0.048235	0.304079	
2546	-1.074079	0.047035	0.304227	
2547	-1.073590	0.047451	0.304626	
2548	-1.070964	0.048510	0.304278	
2549	-1.071468	0.048498	0.304495	
2550	-1.071543	0.049705	0.305032	
2551	-1.068901	0.051655	0.305038	
2552	-1.067890	0.051812	0.304754	
2553	-1.067592	0.053720	0.305502	
2554	-1.064311	0.055613	0.305087	
2555	-1.063685	0.056389	0.304944	
2556	-1.063294	0.057820	0.305386	
2557	-1.060238	0.060231	0.304832	
2558	-1.059443	0.060486	0.304287	
2559	-1.059973	0.061979	0.304705	
2560	-1.056587	0.064094	0.304148	
2561	-1.056278	0.064596	0.303712	
2562	-1.056735	0.065985	0.304096	
2563	-1.052680	0.068584	0.303395	
2564	-1.052350	0.069670	0.303252	
2565	-1.051128	0.071815	0.303245	
2566	-1.046961	0.075546	0.302195	
2567	-1.047215	0.076745	0.302061	
2568	-1.044187	0.078906	0.300749	
2569	-1.043658	0.080181	0.299629	
2570	-1.041780	0.081089	0.298664	
2571	-1.041852	0.081414	0.297668	
2572	-1.041189	0.081947	0.296855	
2573	-1.038944	0.082405	0.295671	
2574	-1.038613	0.083005	0.294271	
2575	-1.036473	0.082588	0.292883	
2576	-1.037219	0.082779	0.292441	
2577	-1.035107	0.082698	0.291452	
2578	-1.033209	0.082915	0.289582	
2579	-1.032180	0.083444	0.288967	
2580	-1.029177	0.084115	0.287910	
2581	-1.028966	0.084706	0.287409	
2582	-1.029316	0.085288	0.287341	
2583	-1.027400	0.085858	0.286536	
