0	0.000000	0.000000	0.000000	
1	0.000000	0.000000	0.000000	
2	0.000000	0.000000	0.000000	
3	0.000000	0.000000	0.000000	
4	0.000022	0.001269	0.000709	
5	-0.000353	0.001226	0.000686	
6	-0.000663	0.002164	0.000441	
7	-0.000452	0.001657	0.000060	
8	-0.001101	0.005040	0.000508	
9	-0.000620	0.003759	-0.000221	
10	-0.000603	0.005125	0.000062	
11	-0.000590	0.003771	-0.000383	
12	-0.000662	0.003269	-0.000177	
13	-0.000492	0.003326	-0.000218	
14	-0.001120	0.002153	-0.000764	
15	-0.001207	0.001550	-0.000924	
16	-0.001083	0.000721	-0.001353	
17	-0.001295	-0.000512	-0.002058	
18	-0.000820	-0.000120	-0.001908	
19	-0.001028	-0.000421	-0.002558	
20	-0.001229	0.000292	-0.002442	
21	-0.000901	-0.000228	-0.002626	
22	0.000748	0.000468	-0.002651	
23	0.001085	0.000557	-0.003091	
24	0.000799	-0.000221	-0.003763	
25	0.001578	0.000275	-0.004096	
26	0.001945	0.000013	-0.004848	
27	0.002118	-0.000622	-0.005817	
28	0.003606	-0.000077	-0.006113	
29	0.003230	0.000333	-0.006546	
30	0.002703	-0.000518	-0.007458	
31	0.003887	-0.000518	-0.007638	
32	0.004302	0.000890	-0.007562	
33	0.003739	0.001537	-0.008162	
34	0.004093	0.002119	-0.008360	
35	0.004539	0.002133	-0.008496	
36	0.004479	0.002192	-0.008777	
37	0.005083	0.003316	-0.008491	
38	0.005786	0.004881	-0.008438	
39	0.004984	0.004759	-0.009128	
40	0.005328	0.005383	-0.008911	
41	0.005855	0.005465	-0.009179	
42	0.006111	0.004420	-0.009969	
43	0.006276	0.003352	-0.010549	
44	0.006810	0.002967	-0.010689	
45	0.006969	0.003573	-0.010971	
46	0.007174	0.003511	-0.011392	
47	0.007560	0.003969	-0.011616	
48	0.007474	0.004661	-0.012014	
49	0.007177	0.004251	-0.012363	
50	0.008191	0.004417	-0.012522	
51	0.008390	0.003797	-0.013235	
52	0.007745	0.003256	-0.013510	
53	0.008228	0.004405	-0.013628	
54	0.007936	0.004171	-0.013998	
55	0.008112	0.004033	-0.014421	
56	0.008149	0.004281	-0.014413	
57	0.007982	0.004250	-0.014772	
58	0.007709	0.004347	-0.014918	
59	0.008550	0.005945	-0.014194	
60	0.008126	0.006139	-0.014020	
61	0.007017	0.006748	-0.013716	
62	0.007790	0.007874	-0.013020	
63	0.007957	0.008695	-0.012357	
64	0.007180	0.010009	-0.011698	
65	0.006645	0.010168	-0.011446	
66	0.006512	0.010231	-0.011103	
67	0.006482	0.011889	-0.010242	
68	0.005348	0.011966	-0.010175	
69	0.003456	0.012472	-0.010246	
70	0.002106	0.012572	-0.010469	
71	-0.000172	0.011573	-0.011620	
72	-0.003084	0.011413	-0.012997	
73	-0.006289	0.009158	-0.015914	
74	-0.011573	0.007515	-0.019560	
75	-0.018237	0.006524	-0.023305	
76	-0.023713	0.005913	-0.027620	
77	-0.036808	0.003106	-0.037380	
78	-0.045372	0.002091	-0.042257	
79	-0.054555	0.002320	-0.046507	
80	-0.063393	0.001754	-0.051193	
81	-0.072745	0.001829	-0.055551	
82	-0.084119	0.002419	-0.060166	
83	-0.094950	0.004404	-0.064046	
84	-0.105586	0.006226	-0.067596	
85	-0.117171	0.008475	-0.070851	
86	-0.129396	0.010581	-0.073782	
87	-0.142741	0.013553	-0.076262	
88	-0.155978	0.016651	-0.078572	
89	-0.167854	0.019253	-0.080834	
90	-0.181307	0.021232	-0.083481	
91	-0.193663	0.025278	-0.084932	
92	-0.204690	0.028973	-0.086524	
93	-0.217064	0.031396	-0.088511	
94	-0.228740	0.033219	-0.089845	
95	-0.239528	0.034872	-0.091858	
96	-0.249468	0.037036	-0.093514	
97	-0.259798	0.037028	-0.095286	
98	-0.269338	0.036836	-0.096914	
99	-0.279966	0.036533	-0.097748	
100	-0.288634	0.036648	-0.098307	
101	-0.299008	0.035069	-0.098907	
102	-0.308859	0.034344	-0.098852	
103	-0.317869	0.033168	-0.098668	
104	-0.326371	0.031257	-0.098893	
105	-0.335721	0.028943	-0.099123	
106	-0.345511	0.027820	-0.098391	
107	-0.353560	0.027465	-0.097385	
108	-0.372636	0.023578	-0.095965	
109	-0.382202	0.022917	-0.094278	
110	-0.391553	0.021960	-0.092619	
111	-0.401477	0.020360	-0.090327	
112	-0.413248	0.018977	-0.087699	
113	-0.424450	0.017880	-0.084979	
114	-0.434638	0.015508	-0.082324	
115	-0.445463	0.012156	-0.079166	
116	-0.457455	0.008049	-0.076042	
117	-0.467883	0.005105	-0.071882	
118	-0.475321	0.002999	-0.066243	
119	-0.499107	-0.002649	-0.054204	
120	-0.507055	-0.003620	-0.046749	
121	-0.511972	-0.007839	-0.039826	
122	-0.521492	-0.011614	-0.032918	
123	-0.529133	-0.012693	-0.025965	
124	-0.537073	-0.017106	-0.020511	
125	-0.544462	-0.020914	-0.014558	
126	-0.551770	-0.023108	-0.008789	
127	-0.560026	-0.027653	-0.004434	
128	-0.566840	-0.032108	0.000073	
129	-0.573210	-0.036083	0.004819	
130	-0.581754	-0.040269	0.009099	
131	-0.587705	-0.043352	0.014163	
132	-0.593391	-0.047374	0.019380	
133	-0.599752	-0.051429	0.024389	
134	-0.615047	-0.056420	0.035362	
135	-0.622263	-0.059258	0.041165	
136	-0.630510	-0.061297	0.046648	
137	-0.638586	-0.064155	0.052068	
138	-0.652693	-0.068850	0.063120	
139	-0.661975	-0.070016	0.068783	
140	-0.679813	-0.074042	0.079952	
141	-0.688465	-0.076157	0.085542	
142	-0.697680	-0.076446	0.091693	
143	-0.706763	-0.078160	0.097325	
144	-0.716067	-0.080745	0.102939	
145	-0.723894	-0.083664	0.107979	
146	-0.733647	-0.087573	0.112823	
147	-0.743503	-0.088809	0.118445	
148	-0.751530	-0.092196	0.123305	
149	-0.760529	-0.094887	0.128340	
150	-0.769910	-0.096136	0.134071	
151	-0.784303	-0.102615	0.145031	
152	-0.792374	-0.104753	0.150367	
153	-0.799070	-0.108407	0.155314	
154	-0.803689	-0.112579	0.160116	
155	-0.810370	-0.113951	0.165406	
156	-0.816929	-0.115335	0.171068	
157	-0.821386	-0.118112	0.176610	
158	-0.826135	-0.121891	0.182077	
159	-0.833117	-0.123902	0.188148	
160	-0.838301	-0.126330	0.193987	
161	-0.842379	-0.129870	0.199228	
162	-0.848386	-0.131364	0.204467	
163	-0.855390	-0.132673	0.209770	
164	-0.859861	-0.135225	0.214682	
165	-0.864774	-0.138681	0.219020	
166	-0.871388	-0.140193	0.223904	
167	-0.876276	-0.142533	0.228945	
168	-0.879842	-0.145904	0.233267	
169	-0.885925	-0.147684	0.238590	
170	-0.892746	-0.149240	0.244218	
171	-0.897178	-0.155016	0.249187	
172	-0.902279	-0.159735	0.254162	
173	-0.909370	-0.163032	0.259722	
174	-0.919491	-0.169296	0.271337	
175	-0.925356	-0.173739	0.277409	
176	-0.931567	-0.175643	0.283943	
177	-0.935897	-0.179829	0.290595	
178	-0.940707	-0.183535	0.297361	
179	-0.946197	-0.187160	0.304162	
180	-0.951086	-0.190847	0.310583	
181	-0.955775	-0.193999	0.316863	
182	-0.960288	-0.197438	0.322654	
183	-0.966337	-0.202044	0.328685	
184	-0.970716	-0.203720	0.334747	
185	-0.973189	-0.207940	0.339567	
186	-0.979798	-0.209507	0.345309	
187	-0.986689	-0.211612	0.350927	
188	-0.991584	-0.213749	0.356292	
189	-0.995989	-0.215679	0.361430	
190	-1.003937	-0.216053	0.367477	
191	-1.011176	-0.216906	0.373703	
192	-1.016245	-0.217618	0.380061	
193	-1.021689	-0.219208	0.385986	
194	-1.030807	-0.219543	0.392649	
195	-1.041018	-0.218813	0.399619	
196	-1.049600	-0.220440	0.405374	
197	-1.059323	-0.221223	0.410797	
198	-1.072130	-0.222302	0.416846	
199	-1.082994	-0.222992	0.421665	
200	-1.092505	-0.223771	0.425794	
201	-1.103920	-0.224322	0.430369	
202	-1.116807	-0.224893	0.435548	
203	-1.126101	-0.224619	0.439642	
204	-1.136831	-0.226748	0.443975	
205	-1.157728	-0.229844	0.452368	
206	-1.166213	-0.231460	0.455770	
207	-1.176580	-0.234564	0.460146	
208	-1.185888	-0.237428	0.464370	
209	-1.191947	-0.238447	0.468067	
210	-1.199750	-0.241816	0.471928	
211	-1.209513	-0.244592	0.476972	
212	-1.214751	-0.246146	0.481245	
213	-1.220722	-0.249002	0.485436	
214	-1.229622	-0.253175	0.490598	
215	-1.234751	-0.254359	0.495650	
216	-1.239232	-0.257402	0.500055	
217	-1.246955	-0.260842	0.505962	
218	-1.251359	-0.263348	0.511517	
219	-1.255756	-0.265830	0.517216	
220	-1.261459	-0.269439	0.523152	
221	-1.266761	-0.272027	0.529359	
222	-1.270642	-0.275268	0.534984	
223	-1.275480	-0.279765	0.540988	
224	-1.280164	-0.283514	0.547184	
225	-1.283697	-0.287436	0.553262	
226	-1.288125	-0.291716	0.559822	
227	-1.290540	-0.296072	0.565910	
228	-1.293147	-0.301540	0.571829	
229	-1.297094	-0.307729	0.578075	
230	-1.300336	-0.312337	0.583879	
231	-1.303813	-0.316381	0.589555	
232	-1.307837	-0.321286	0.595559	
233	-1.310230	-0.326468	0.601071	
234	-1.313940	-0.331514	0.607043	
235	-1.319637	-0.335378	0.614068	
236	-1.323346	-0.339720	0.619936	
237	-1.327003	-0.343852	0.625672	
238	-1.331363	-0.347794	0.631649	
239	-1.335649	-0.351388	0.637849	
240	-1.339738	-0.354863	0.643826	
241	-1.345172	-0.359357	0.650024	
242	-1.350337	-0.361773	0.656082	
243	-1.354994	-0.365093	0.661006	
244	-1.361592	-0.369817	0.666581	
245	-1.367182	-0.372884	0.671839	
246	-1.371231	-0.377547	0.676205	
247	-1.376855	-0.382615	0.680317	
248	-1.382770	-0.386514	0.684194	
249	-1.387907	-0.390424	0.687362	
250	-1.393433	-0.395137	0.690024	
251	-1.401358	-0.398067	0.693299	
252	-1.408017	-0.400805	0.696146	
253	-1.415011	-0.404578	0.698356	
254	-1.424312	-0.405840	0.701215	
255	-1.432853	-0.407082	0.703057	
256	-1.451771	-0.410381	0.705992	
257	-1.462904	-0.409660	0.707325	
258	-1.482651	-0.409924	0.708510	
259	-1.494566	-0.409593	0.709691	
260	-1.505639	-0.408537	0.710824	
261	-1.516146	-0.407183	0.711792	
262	-1.526457	-0.406662	0.712904	
263	-1.536707	-0.407278	0.714080	
264	-1.547118	-0.405487	0.715963	
265	-1.556673	-0.404806	0.717049	
266	-1.567866	-0.405207	0.718499	
267	-1.577517	-0.405408	0.720334	
268	-1.586527	-0.405899	0.721640	
269	-1.597744	-0.405995	0.723952	
270	-1.607228	-0.404839	0.726220	
271	-1.616807	-0.405045	0.728463	
272	-1.626911	-0.405860	0.731161	
273	-1.635524	-0.405871	0.733946	
274	-1.644215	-0.406656	0.736716	
275	-1.653569	-0.404337	0.740780	
276	-1.661891	-0.402429	0.745392	
277	-1.670213	-0.399987	0.750625	
278	-1.678057	-0.395548	0.756844	
279	-1.685481	-0.391392	0.763985	
280	-1.692083	-0.386880	0.771562	
281	-1.698178	-0.381568	0.779341	
282	-1.702772	-0.377314	0.787064	
283	-1.706453	-0.373355	0.795044	
284	-1.710163	-0.369647	0.803165	
285	-1.712814	-0.366483	0.810502	
286	-1.715608	-0.365490	0.818224	
287	-1.718360	-0.363253	0.827657	
288	-1.717685	-0.360428	0.835552	
289	-1.718924	-0.360435	0.843142	
290	-1.720078	-0.357928	0.852242	
291	-1.719717	-0.355841	0.860793	
292	-1.720232	-0.354702	0.869820	
293	-1.720827	-0.353239	0.878573	
294	-1.721828	-0.350847	0.888279	
295	-1.722890	-0.348611	0.897536	
296	-1.723652	-0.349097	0.906197	
297	-1.725159	-0.348809	0.915246	
298	-1.726221	-0.349579	0.923961	
299	-1.727436	-0.351001	0.931181	
300	-1.729543	-0.352327	0.938924	
301	-1.731755	-0.354060	0.946558	
302	-1.733931	-0.354315	0.954611	
303	-1.736021	-0.356509	0.961413	
304	-1.738510	-0.359109	0.968517	
305	-1.740698	-0.363599	0.974886	
306	-1.744422	-0.366232	0.981638	
307	-1.748253	-0.367726	0.988590	
308	-1.752512	-0.371232	0.994994	
309	-1.756083	-0.375063	1.000632	
310	-1.759742	-0.378592	1.006537	
311	-1.763491	-0.380324	1.012489	
312	-1.767226	-0.383825	1.017980	
313	-1.771302	-0.387043	1.023694	
314	-1.775425	-0.388798	1.029959	
315	-1.779770	-0.392291	1.035746	
316	-1.784665	-0.396590	1.040829	
317	-1.789556	-0.401243	1.045779	
318	-1.794833	-0.405366	1.051089	
319	-1.800238	-0.409340	1.056177	
320	-1.806193	-0.413697	1.061284	
321	-1.811574	-0.418749	1.065928	
322	-1.816854	-0.423624	1.070269	
323	-1.822632	-0.428635	1.074419	
324	-1.828096	-0.433331	1.078643	
325	-1.833663	-0.437371	1.082681	
326	-1.838406	-0.442805	1.085570	
327	-1.842856	-0.447829	1.088554	
328	-1.847628	-0.452846	1.091920	
329	-1.852451	-0.457606	1.095567	
330	-1.857047	-0.462408	1.100062	
331	-1.861441	-0.468720	1.104331	
332	-1.865704	-0.473047	1.108662	
333	-1.870019	-0.478904	1.114388	
334	-1.873446	-0.486273	1.118910	
335	-1.877603	-0.491084	1.124569	
336	-1.881732	-0.497109	1.130718	
337	-1.884997	-0.503229	1.134890	
338	-1.888523	-0.508812	1.140992	
339	-1.891121	-0.516159	1.146711	
340	-1.893313	-0.522614	1.151225	
341	-1.895782	-0.527764	1.157094	
342	-1.897811	-0.534079	1.164378	
343	-1.898914	-0.540072	1.168216	
344	-1.900851	-0.544967	1.174721	
345	-1.902210	-0.552355	1.182074	
346	-1.903414	-0.557516	1.187477	
347	-1.904876	-0.560977	1.194380	
348	-1.904683	-0.566117	1.200638	
349	-1.904536	-0.573215	1.204808	
350	-1.904882	-0.577383	1.210806	
351	-1.905484	-0.582921	1.218576	
352	-1.905180	-0.588375	1.223443	
353	-1.905373	-0.594115	1.230132	
354	-1.904963	-0.605325	1.242538	
355	-1.904674	-0.610611	1.249246	
356	-1.904195	-0.615766	1.255751	
357	-1.903891	-0.621613	1.262449	
358	-1.903761	-0.626885	1.269320	
359	-1.903151	-0.633965	1.277274	
360	-1.902553	-0.645307	1.292282	
361	-1.902122	-0.652119	1.300226	
362	-1.901692	-0.658513	1.307293	
363	-1.901546	-0.664855	1.315105	
364	-1.901503	-0.670255	1.322346	
365	-1.901430	-0.675107	1.329382	
366	-1.901624	-0.678923	1.337179	
367	-1.901401	-0.682103	1.342906	
368	-1.901409	-0.686099	1.348869	
369	-1.901228	-0.690217	1.355580	
370	-1.900643	-0.693696	1.361778	
371	-1.900440	-0.696386	1.366615	
372	-1.899876	-0.699252	1.372358	
373	-1.899616	-0.702099	1.376598	
374	-1.900167	-0.704607	1.380291	
375	-1.900470	-0.707078	1.385016	
376	-1.901221	-0.709258	1.389918	
377	-1.902220	-0.710736	1.393437	
378	-1.903645	-0.712440	1.398064	
379	-1.905190	-0.714040	1.403439	
380	-1.906958	-0.716024	1.408706	
381	-1.908884	-0.718103	1.413495	
382	-1.911148	-0.720900	1.419760	
383	-1.913670	-0.723815	1.424540	
384	-1.916255	-0.727494	1.429834	
385	-1.919645	-0.731201	1.435790	
386	-1.922866	-0.735740	1.440279	
387	-1.927030	-0.739695	1.446370	
388	-1.931040	-0.745054	1.451677	
389	-1.934940	-0.751292	1.456312	
390	-1.939759	-0.755347	1.461572	
391	-1.944227	-0.761763	1.466741	
392	-1.949164	-0.767139	1.471147	
393	-1.954431	-0.773293	1.477741	
394	-1.959744	-0.778663	1.482250	
395	-1.965183	-0.785399	1.487795	
396	-1.971135	-0.792078	1.495288	
397	-1.976627	-0.798337	1.500531	
398	-1.986820	-0.811951	1.511396	
399	-1.990834	-0.819488	1.516845	
400	-1.995241	-0.826451	1.521205	
401	-1.998756	-0.836002	1.528358	
402	-2.002035	-0.842300	1.532608	
403	-2.005661	-0.849742	1.538096	
404	-2.009231	-0.857768	1.546357	
405	-2.012127	-0.864184	1.553948	
406	-2.015137	-0.870504	1.559813	
407	-2.018360	-0.877522	1.568336	
408	-2.020489	-0.883378	1.577068	
409	-2.022770	-0.886271	1.582125	
410	-2.025084	-0.890891	1.588652	
411	-2.026922	-0.895634	1.597469	
412	-2.028575	-0.898100	1.604086	
413	-2.030202	-0.900425	1.609993	
414	-2.031499	-0.903670	1.617602	
415	-2.032364	-0.907467	1.626478	
416	-2.033812	-0.908423	1.633006	
417	-2.035308	-0.910328	1.640393	
418	-2.036805	-0.912004	1.649019	
419	-2.038443	-0.913375	1.655307	
420	-2.039836	-0.915783	1.663425	
421	-2.041703	-0.916354	1.670342	
422	-2.043098	-0.917974	1.677525	
423	-2.044571	-0.918782	1.683538	
424	-2.045979	-0.920189	1.690112	
425	-2.047105	-0.922090	1.697045	
426	-2.049643	-0.924278	1.707337	
427	-2.051083	-0.925605	1.712576	
428	-2.052007	-0.927710	1.718308	
429	-2.053455	-0.930096	1.723890	
430	-2.055570	-0.933597	1.728821	
431	-2.056859	-0.938195	1.736493	
432	-2.058348	-0.949448	1.747314	
433	-2.059156	-0.955324	1.752839	
434	-2.059843	-0.960973	1.757717	
435	-2.061275	-0.966419	1.760675	
436	-2.062421	-0.972256	1.765913	
437	-2.063616	-0.978920	1.771634	
438	-2.065343	-0.984489	1.775572	
439	-2.066869	-0.990827	1.781992	
440	-2.067941	-0.997079	1.786678	
441	-2.069402	-1.004010	1.791793	
442	-2.070859	-1.009522	1.797837	
443	-2.072289	-1.014923	1.802940	
444	-2.073541	-1.021368	1.808391	
445	-2.075119	-1.027019	1.813756	
446	-2.075921	-1.033768	1.820299	
447	-2.077391	-1.039826	1.824483	
448	-2.078746	-1.046612	1.829703	
449	-2.080098	-1.053109	1.836648	
450	-2.081418	-1.059301	1.840315	
451	-2.083376	-1.065807	1.847420	
452	-2.084777	-1.071361	1.853237	
453	-2.087752	-1.076689	1.857340	
454	-2.089284	-1.084882	1.866232	
455	-2.091417	-1.090996	1.872347	
456	-2.094523	-1.098196	1.879276	
457	-2.098334	-1.104592	1.887733	
458	-2.102438	-1.111830	1.896210	
459	-2.106161	-1.121504	1.906536	
460	-2.112338	-1.126836	1.915071	
461	-2.117364	-1.134988	1.925365	
462	-2.122730	-1.143126	1.937154	
463	-2.127849	-1.150184	1.948347	
464	-2.132117	-1.157516	1.959579	
465	-2.136792	-1.164787	1.971100	
466	-2.140401	-1.171587	1.982548	
467	-2.143528	-1.178374	1.992811	
468	-2.147176	-1.185288	2.002620	
469	-2.150733	-1.192693	2.012619	
470	-2.153460	-1.198417	2.023545	
471	-2.157313	-1.204906	2.032456	
472	-2.161279	-1.211354	2.043889	
473	-2.163958	-1.217339	2.054101	
474	-2.167019	-1.222776	2.064209	
475	-2.169530	-1.228352	2.073761	
476	-2.171261	-1.233886	2.083664	
477	-2.173573	-1.237819	2.092363	
478	-2.174627	-1.241029	2.101649	
479	-2.175011	-1.243986	2.110188	
480	-2.175823	-1.246862	2.117585	
481	-2.175441	-1.248584	2.126223	
482	-2.173011	-1.250300	2.135977	
483	-2.173201	-1.251562	2.142564	
484	-2.172911	-1.252655	2.150765	
485	-2.169095	-1.253727	2.160899	
486	-2.166744	-1.254040	2.168239	
487	-2.165428	-1.254327	2.174524	
488	-2.157531	-1.257986	2.194410	
489	-2.154949	-1.259314	2.201828	
490	-2.150805	-1.262127	2.212658	
491	-2.147370	-1.265118	2.219003	
492	-2.143806	-1.268880	2.226217	
493	-2.138685	-1.273408	2.235044	
494	-2.135428	-1.277478	2.241817	
495	-2.133071	-1.281313	2.247987	
496	-2.127941	-1.286473	2.258640	
497	-2.120702	-1.296973	2.271447	
498	-2.116173	-1.301653	2.279877	
499	-2.111250	-1.305427	2.288351	
500	-2.107897	-1.310859	2.291936	
501	-2.104839	-1.314367	2.297340	
502	-2.099186	-1.319504	2.304296	
503	-2.096565	-1.323217	2.307713	
504	-2.093010	-1.326324	2.312975	
505	-2.088912	-1.328714	2.320024	
506	-2.085720	-1.332766	2.324344	
507	-2.082283	-1.337428	2.327147	
508	-2.076858	-1.341866	2.332613	
509	-2.074120	-1.344985	2.335147	
510	-2.071198	-1.347911	2.338116	
511	-2.066124	-1.351110	2.343515	
512	-2.061980	-1.356271	2.345182	
513	-2.057693	-1.361640	2.347042	
514	-2.051276	-1.366070	2.353048	
515	-2.047790	-1.369448	2.356470	
516	-2.043064	-1.373936	2.361102	
517	-2.036923	-1.378855	2.367865	
518	-2.032474	-1.383626	2.373527	
519	-2.028148	-1.387658	2.381314	
520	-2.021319	-1.392963	2.391265	
521	-2.018073	-1.397293	2.398945	
522	-2.013462	-1.401413	2.408320	
523	-2.008304	-1.407049	2.417929	
524	-2.003765	-1.412053	2.427433	
525	-1.998109	-1.418488	2.436795	
526	-1.994809	-1.425647	2.444012	
527	-1.989668	-1.430609	2.453557	
528	-1.984135	-1.435722	2.463107	
529	-1.979829	-1.441487	2.471529	
530	-1.975726	-1.446686	2.479563	
531	-1.970932	-1.450950	2.488629	
532	-1.966753	-1.456056	2.496390	
533	-1.963142	-1.458839	2.505565	
534	-1.958336	-1.461793	2.513809	
535	-1.953140	-1.465943	2.521386	
536	-1.948873	-1.469617	2.528474	
537	-1.943522	-1.472446	2.535768	
538	-1.937265	-1.476908	2.541598	
539	-1.934723	-1.479504	2.547649	
540	-1.928955	-1.482957	2.553682	
541	-1.921416	-1.487730	2.559760	
542	-1.917515	-1.490885	2.565365	
543	-1.911792	-1.493632	2.571210	
544	-1.904468	-1.497090	2.576980	
545	-1.898460	-1.499784	2.582487	
546	-1.893433	-1.501607	2.587439	
547	-1.886517	-1.502928	2.593384	
548	-1.878393	-1.504853	2.597522	
549	-1.871512	-1.506324	2.601884	
550	-1.863889	-1.507706	2.605338	
551	-1.856130	-1.507838	2.610846	
552	-1.847309	-1.509159	2.613798	
553	-1.841118	-1.509380	2.617459	
554	-1.831257	-1.508395	2.622292	
555	-1.818053	-1.509454	2.627116	
556	-1.811821	-1.508718	2.630748	
557	-1.801929	-1.507624	2.636168	
558	-1.789453	-1.507144	2.641387	
559	-1.781518	-1.506178	2.645827	
560	-1.772950	-1.504390	2.650517	
561	-1.760637	-1.503529	2.655270	
562	-1.750995	-1.503350	2.658963	
563	-1.733126	-1.500621	2.666119	
564	-1.721975	-1.500875	2.669329	
565	-1.713678	-1.500534	2.671206	
566	-1.704135	-1.499917	2.673355	
567	-1.694017	-1.500067	2.675875	
568	-1.685362	-1.500937	2.676115	
569	-1.677670	-1.501508	2.676916	
570	-1.668675	-1.501756	2.679330	
571	-1.660725	-1.502686	2.680295	
572	-1.653275	-1.504590	2.679298	
573	-1.645285	-1.506302	2.679441	
574	-1.637491	-1.507802	2.680181	
575	-1.631210	-1.508706	2.680510	
576	-1.624841	-1.509484	2.681240	
577	-1.616730	-1.510556	2.683097	
578	-1.605436	-1.513653	2.683495	
579	-1.598516	-1.514311	2.685130	
580	-1.591011	-1.515299	2.686728	
581	-1.585982	-1.516915	2.686450	
582	-1.579408	-1.517298	2.688599	
583	-1.571499	-1.519376	2.690016	
584	-1.566636	-1.521086	2.690971	
585	-1.553930	-1.523253	2.695437	
586	-1.548333	-1.524301	2.698306	
587	-1.542973	-1.525180	2.700330	
588	-1.536454	-1.526087	2.702985	
589	-1.530016	-1.527365	2.704019	
590	-1.517356	-1.528535	2.708967	
591	-1.511343	-1.529345	2.711535	
592	-1.503865	-1.530616	2.714161	
593	-1.498444	-1.531190	2.717449	
594	-1.492867	-1.532522	2.720087	
595	-1.485754	-1.533513	2.722825	
596	-1.478951	-1.533865	2.726476	
597	-1.474985	-1.533889	2.729297	
598	-1.467986	-1.533601	2.732440	
599	-1.460935	-1.533235	2.735762	
600	-1.455948	-1.532885	2.737503	
601	-1.450966	-1.532761	2.737961	
602	-1.442224	-1.531548	2.742483	
603	-1.435348	-1.529540	2.746871	
604	-1.430887	-1.529441	2.746296	
605	-1.422148	-1.528330	2.749511	
606	-1.412912	-1.526867	2.752853	
607	-1.407515	-1.525835	2.753985	
608	-1.398984	-1.524212	2.757636	
609	-1.390786	-1.523376	2.758390	
610	-1.381989	-1.522256	2.761046	
611	-1.374217	-1.521190	2.763013	
612	-1.367534	-1.519994	2.763278	
613	-1.357877	-1.519165	2.763808	
614	-1.350561	-1.518014	2.763183	
615	-1.343587	-1.516669	2.762137	
616	-1.335066	-1.515155	2.761507	
617	-1.327213	-1.513973	2.760859	
618	-1.320747	-1.513260	2.758722	
619	-1.311454	-1.513344	2.756525	
620	-1.304576	-1.513364	2.755072	
621	-1.299099	-1.513324	2.752823	
622	-1.291139	-1.513351	2.751547	
623	-1.283960	-1.513660	2.749748	
624	-1.278867	-1.514388	2.745730	
625	-1.271216	-1.514650	2.744248	
626	-1.263935	-1.515016	2.742414	
627	-1.251009	-1.515544	2.738530	
628	-1.243164	-1.516394	2.736422	
629	-1.237752	-1.517608	2.733523	
630	-1.230339	-1.518733	2.732197	
631	-1.224098	-1.519756	2.730664	
632	-1.217728	-1.521369	2.728328	
633	-1.211003	-1.522988	2.726125	
634	-1.205331	-1.524047	2.724070	
635	-1.199753	-1.525003	2.722610	
636	-1.194645	-1.525460	2.721450	
637	-1.185404	-1.525509	2.717063	
638	-1.181336	-1.525361	2.714651	
639	-1.176400	-1.524175	2.713349	
640	-1.169817	-1.523486	2.711013	
641	-1.163207	-1.522926	2.709194	
642	-1.160835	-1.521885	2.707004	
643	-1.157244	-1.520324	2.705790	
644	-1.150509	-1.519544	2.704082	
645	-1.147591	-1.517935	2.703158	
646	-1.144661	-1.516036	2.702201	
647	-1.138115	-1.514251	2.701275	
648	-1.132101	-1.512597	2.699719	
649	-1.128324	-1.510739	2.698067	
650	-1.123421	-1.508482	2.696499	
651	-1.117686	-1.505906	2.694552	
652	-1.112226	-1.502625	2.693278	
653	-1.107714	-1.499127	2.691520	
654	-1.101021	-1.495634	2.689871	
655	-1.094779	-1.491872	2.688073	
656	-1.089654	-1.487734	2.686216	
657	-1.080834	-1.484156	2.683889	
658	-1.078015	-1.479431	2.682471	
659	-1.073422	-1.474694	2.681262	
660	-1.063675	-1.471922	2.678447	
661	-1.058806	-1.467991	2.676973	
662	-1.055250	-1.463851	2.675114	
663	-1.049099	-1.460045	2.672232	
664	-1.044395	-1.455973	2.669235	
665	-1.040347	-1.451653	2.666249	
666	-1.036797	-1.446974	2.662575	
667	-1.033935	-1.441962	2.659061	
668	-1.027679	-1.437818	2.654009	
669	-1.021857	-1.433128	2.649546	
670	-1.018176	-1.427098	2.646510	
671	-1.010904	-1.422459	2.641134	
672	-1.002171	-1.417127	2.636186	
673	-0.988824	-1.407977	2.624639	
674	-0.976454	-1.403950	2.618545	
675	-0.965715	-1.396910	2.607307	
676	-0.960345	-1.395572	2.600142	
677	-0.959168	-1.390972	2.596855	
678	-0.956127	-1.386311	2.593562	
679	-0.948483	-1.383458	2.587831	
680	-0.942130	-1.379681	2.583588	
681	-0.939256	-1.374462	2.581409	
682	-0.933144	-1.371447	2.577790	
683	-0.927189	-1.368043	2.575002	
684	-0.918365	-1.360000	2.571780	
685	-0.913163	-1.357376	2.569298	
686	-0.911819	-1.351428	2.570095	
687	-0.908108	-1.347251	2.569346	
688	-0.901496	-1.345124	2.567445	
689	-0.899740	-1.338413	2.569976	
690	-0.896703	-1.333590	2.570377	
691	-0.892026	-1.330021	2.569947	
692	-0.889203	-1.324845	2.571445	
693	-0.888482	-1.319093	2.573733	
694	-0.884262	-1.316587	2.573472	
695	-0.881809	-1.312415	2.575206	
696	-0.880731	-1.307984	2.576909	
697	-0.875164	-1.307322	2.575623	
698	-0.874084	-1.302927	2.578268	
699	-0.872846	-1.299883	2.579889	
700	-0.868018	-1.299626	2.579511	
701	-0.867320	-1.296009	2.582292	
702	-0.865329	-1.293626	2.583668	
703	-0.861644	-1.292191	2.585016	
704	-0.860191	-1.289134	2.588055	
705	-0.857446	-1.286996	2.590247	
706	-0.854995	-1.284563	2.593038	
707	-0.852395	-1.281787	2.595979	
708	-0.850466	-1.279160	2.598938	
709	-0.846906	-1.277497	2.600895	
710	-0.844831	-1.274581	2.603850	
711	-0.842722	-1.271838	2.606719	
712	-0.834410	-1.265107	2.615317	
713	-0.828939	-1.265188	2.615467	
714	-0.822926	-1.265442	2.616683	
715	-0.821741	-1.262677	2.620671	
716	-0.815703	-1.263696	2.621682	
717	-0.812188	-1.263087	2.624458	
718	-0.810502	-1.260735	2.628131	
719	-0.805810	-1.260969	2.629985	
720	-0.802282	-1.260223	2.632668	
721	-0.799871	-1.258394	2.636050	
722	-0.794457	-1.259467	2.636717	
723	-0.789406	-1.260065	2.638869	
724	-0.787143	-1.258855	2.642242	
725	-0.784023	-1.258721	2.644448	
726	-0.777717	-1.261239	2.644913	
727	-0.775497	-1.259605	2.649442	
728	-0.772477	-1.258987	2.652308	
729	-0.766783	-1.261028	2.653226	
730	-0.763222	-1.260564	2.657805	
731	-0.760682	-1.260027	2.660460	
732	-0.755117	-1.261855	2.661579	
733	-0.752531	-1.261153	2.665820	
734	-0.748881	-1.261617	2.668262	
735	-0.744033	-1.263538	2.669466	
736	-0.741852	-1.262836	2.673157	
737	-0.738192	-1.263643	2.675128	
738	-0.734179	-1.265148	2.677227	
739	-0.731631	-1.265917	2.680153	
740	-0.727038	-1.269439	2.680079	
741	-0.725019	-1.270964	2.682879	
742	-0.723478	-1.271874	2.686122	
743	-0.722292	-1.273056	2.688174	
744	-0.722016	-1.272984	2.691896	
745	-0.719770	-1.274336	2.694099	
746	-0.718377	-1.275443	2.697402	
747	-0.717082	-1.276366	2.700491	
748	-0.714864	-1.277470	2.703069	
749	-0.712551	-1.278853	2.705716	
750	-0.712723	-1.278137	2.710016	
751	-0.709754	-1.280023	2.712518	
752	-0.707522	-1.281574	2.716730	
753	-0.706541	-1.282421	2.721958	
754	-0.704158	-1.284656	2.725838	
755	-0.701039	-1.287990	2.729146	
756	-0.699531	-1.290342	2.734392	
757	-0.697643	-1.293417	2.738910	
758	-0.693612	-1.298607	2.742768	
759	-0.693077	-1.301241	2.749398	
760	-0.690036	-1.305617	2.753979	
761	-0.687501	-1.309583	2.759883	
762	-0.685785	-1.313084	2.766771	
763	-0.684104	-1.316437	2.772332	
764	-0.681590	-1.320192	2.777771	
765	-0.678835	-1.324296	2.783412	
766	-0.675848	-1.328754	2.789141	
767	-0.674052	-1.331950	2.796078	
768	-0.670471	-1.336832	2.800445	
769	-0.668346	-1.340158	2.806739	
770	-0.668040	-1.341733	2.813591	
771	-0.663541	-1.346479	2.817317	
772	-0.660948	-1.349390	2.823114	
773	-0.658621	-1.351719	2.828271	
774	-0.654034	-1.355605	2.830300	
775	-0.652733	-1.356221	2.836617	
776	-0.651123	-1.356675	2.841630	
777	-0.645991	-1.358926	2.844550	
778	-0.642298	-1.359826	2.848689	
779	-0.638317	-1.360461	2.852782	
780	-0.632436	-1.363365	2.853158	
781	-0.627846	-1.365101	2.855044	
782	-0.623524	-1.366782	2.856330	
783	-0.617687	-1.369311	2.855871	
784	-0.611361	-1.372086	2.856807	
785	-0.606413	-1.373826	2.858559	
786	-0.599148	-1.376008	2.859282	
787	-0.593709	-1.377673	2.860553	
788	-0.581843	-1.381058	2.864543	
789	-0.574267	-1.383196	2.866899	
790	-0.567644	-1.385354	2.869610	
791	-0.559848	-1.387927	2.870662	
792	-0.552063	-1.390244	2.871749	
793	-0.543105	-1.393827	2.872289	
794	-0.536005	-1.395922	2.874655	
795	-0.527329	-1.398487	2.875441	
796	-0.517781	-1.401777	2.875537	
797	-0.510715	-1.403029	2.878365	
798	-0.502926	-1.404826	2.879926	
799	-0.493582	-1.407936	2.880447	
800	-0.486470	-1.409404	2.883224	
801	-0.469615	-1.414958	2.882966	
802	-0.457175	-1.417616	2.885002	
803	-0.444881	-1.420537	2.885631	
804	-0.439224	-1.421669	2.886037	
805	-0.432538	-1.423399	2.885198	
806	-0.428514	-1.422773	2.886820	
807	-0.421971	-1.423368	2.886324	
808	-0.415010	-1.424357	2.885631	
809	-0.408611	-1.423738	2.886547	
810	-0.400969	-1.424819	2.885581	
811	-0.392723	-1.426463	2.884424	
812	-0.385664	-1.425814	2.885530	
813	-0.379301	-1.426695	2.885633	
814	-0.371171	-1.428181	2.884539	
815	-0.365079	-1.427582	2.885739	
816	-0.358206	-1.428410	2.885532	
817	-0.350296	-1.429364	2.883795	
818	-0.345255	-1.428330	2.884169	
819	-0.338523	-1.429344	2.881625	
820	-0.332679	-1.430104	2.879704	
821	-0.326934	-1.429667	2.878660	
822	-0.321111	-1.429500	2.876997	
823	-0.315214	-1.428880	2.875501	
824	-0.309365	-1.427360	2.874398	
825	-0.303458	-1.426989	2.872349	
826	-0.297828	-1.425035	2.870942	
827	-0.293182	-1.422384	2.869754	
828	-0.288306	-1.420241	2.867623	
829	-0.276252	-1.414192	2.863781	
830	-0.270333	-1.411290	2.860714	
831	-0.264987	-1.408261	2.856938	
832	-0.259028	-1.403797	2.853654	
833	-0.253199	-1.399631	2.849553	
834	-0.245791	-1.396067	2.844185	
835	-0.238388	-1.391281	2.839576	
836	-0.230089	-1.386181	2.835003	
837	-0.221596	-1.383085	2.828429	
838	-0.212059	-1.379394	2.822223	
839	-0.203783	-1.375046	2.816306	
840	-0.194709	-1.371547	2.809739	
841	-0.177129	-1.364857	2.795574	
842	-0.169635	-1.361533	2.788862	
843	-0.162191	-1.358716	2.781307	
844	-0.154109	-1.354978	2.774910	
845	-0.148207	-1.352811	2.767756	
846	-0.140148	-1.349752	2.761616	
847	-0.132930	-1.346862	2.754843	
848	-0.127842	-1.345259	2.748514	
849	-0.119926	-1.341986	2.742993	
850	-0.114036	-1.342877	2.733702	
851	-0.106321	-1.342535	2.726679	
852	-0.097708	-1.339091	2.722551	
853	-0.094551	-1.340274	2.714645	
854	-0.088243	-1.341581	2.707358	
855	-0.081050	-1.340991	2.701097	
856	-0.076552	-1.340616	2.694318	
857	-0.071346	-1.339915	2.687406	
858	-0.066329	-1.339075	2.679963	
859	-0.060060	-1.337752	2.673024	
860	-0.053473	-1.335872	2.667149	
861	-0.048370	-1.335815	2.659715	
862	-0.041574	-1.335621	2.653713	
863	-0.034502	-1.336454	2.646580	
864	-0.027229	-1.337657	2.640395	
865	-0.019976	-1.338563	2.635090	
866	-0.013539	-1.340636	2.628558	
867	-0.005505	-1.342507	2.622761	
868	0.001512	-1.344249	2.617548	
869	0.007196	-1.346668	2.610876	
870	0.012956	-1.349444	2.603852	
871	0.020687	-1.351244	2.598157	
872	0.026571	-1.353527	2.591686	
873	0.032983	-1.355703	2.584526	
874	0.037822	-1.358249	2.576665	
875	0.050024	-1.360468	2.563048	
876	0.052847	-1.362462	2.554021	
877	0.057623	-1.363467	2.546507	
878	0.060476	-1.364907	2.537257	
879	0.068655	-1.364789	2.522320	
880	0.070121	-1.364366	2.513569	
881	0.072419	-1.364006	2.505090	
882	0.076912	-1.362192	2.498817	
883	0.078854	-1.361184	2.491282	
884	0.080174	-1.361058	2.482584	
885	0.080695	-1.359698	2.474123	
886	0.084086	-1.358495	2.464776	
887	0.085554	-1.357385	2.455935	
888	0.088645	-1.355622	2.446735	
889	0.090781	-1.353914	2.438680	
890	0.093793	-1.352702	2.429428	
891	0.095992	-1.352509	2.419456	
892	0.099568	-1.351547	2.410403	
893	0.101719	-1.350746	2.400384	
894	0.103710	-1.350727	2.388629	
895	0.107295	-1.351060	2.378116	
896	0.110728	-1.351889	2.368904	
897	0.114192	-1.353054	2.361662	
898	0.119121	-1.353487	2.354769	
899	0.122936	-1.353163	2.347637	
900	0.125968	-1.352499	2.339794	
901	0.128422	-1.351523	2.333041	
902	0.132471	-1.349728	2.326563	
903	0.134736	-1.347959	2.319828	
904	0.137772	-1.346391	2.313282	
905	0.140756	-1.344316	2.307387	
906	0.143289	-1.342218	2.301248	
907	0.146539	-1.340824	2.294671	
908	0.150628	-1.338643	2.288966	
909	0.155908	-1.336837	2.282813	
910	0.160593	-1.335770	2.277904	
911	0.166576	-1.333885	2.274788	
912	0.172239	-1.332740	2.271608	
913	0.176563	-1.332407	2.268370	
914	0.182271	-1.330623	2.264950	
915	0.187613	-1.328553	2.261022	
916	0.192555	-1.326736	2.257808	
917	0.194679	-1.324357	2.256120	
918	0.198038	-1.322272	2.253263	
919	0.202330	-1.320924	2.250453	
920	0.205283	-1.318689	2.249203	
921	0.208514	-1.317110	2.247359	
922	0.212703	-1.316102	2.245470	
923	0.216446	-1.314490	2.244204	
924	0.220490	-1.313425	2.242651	
925	0.224409	-1.312655	2.241884	
926	0.228183	-1.311343	2.242243	
927	0.233560	-1.311025	2.241472	
928	0.238145	-1.311041	2.241813	
929	0.240353	-1.310148	2.243590	
930	0.245641	-1.310182	2.244100	
931	0.249656	-1.310832	2.245901	
932	0.252253	-1.310879	2.249315	
933	0.255675	-1.311619	2.250957	
934	0.258527	-1.312266	2.253415	
935	0.260958	-1.312636	2.256117	
936	0.264121	-1.313353	2.257146	
937	0.266739	-1.314262	2.259159	
938	0.268885	-1.314475	2.263394	
939	0.270394	-1.315002	2.267276	
940	0.272833	-1.315524	2.271026	
941	0.275548	-1.315849	2.273796	
942	0.279261	-1.316366	2.276904	
943	0.281746	-1.316899	2.280244	
944	0.283404	-1.316758	2.285105	
945	0.286148	-1.317002	2.288377	
946	0.289909	-1.317277	2.291240	
947	0.292290	-1.317420	2.295286	
948	0.295660	-1.318524	2.297475	
949	0.298436	-1.318990	2.300714	
950	0.305449	-1.320444	2.304118	
951	0.307134	-1.320914	2.307647	
952	0.308816	-1.320924	2.309168	
953	0.311254	-1.320799	2.313045	
954	0.312231	-1.319391	2.316294	
955	0.314685	-1.318316	2.318928	
956	0.317261	-1.317457	2.321105	
957	0.319157	-1.315855	2.326287	
958	0.319913	-1.313918	2.331336	
959	0.320069	-1.311819	2.335608	
960	0.323098	-1.311191	2.339625	
961	0.324831	-1.310754	2.345105	
962	0.325530	-1.309201	2.350372	
963	0.329431	-1.309570	2.351831	
964	0.331350	-1.309449	2.357830	
965	0.331678	-1.308756	2.363360	
966	0.337009	-1.309703	2.365765	
967	0.338871	-1.309670	2.371586	
968	0.342458	-1.310172	2.377007	
969	0.348625	-1.312617	2.380048	
970	0.351986	-1.313636	2.385956	
971	0.353868	-1.314272	2.392826	
972	0.358516	-1.316801	2.397162	
973	0.361171	-1.317737	2.406051	
974	0.361510	-1.316884	2.413331	
975	0.364735	-1.318903	2.418345	
976	0.366241	-1.319033	2.427820	
977	0.369468	-1.320595	2.432739	
978	0.373747	-1.323642	2.440520	
979	0.372417	-1.322062	2.448275	
980	0.374093	-1.322587	2.449773	
981	0.378675	-1.323927	2.455513	
982	0.379148	-1.323105	2.463307	
983	0.381258	-1.324191	2.466106	
984	0.383654	-1.324663	2.471391	
985	0.383731	-1.324231	2.477466	
986	0.384591	-1.324810	2.480540	
987	0.387076	-1.325345	2.486141	
988	0.389005	-1.326037	2.490134	
989	0.390631	-1.327395	2.492640	
990	0.393048	-1.327371	2.499390	
991	0.393843	-1.327132	2.503744	
992	0.394748	-1.327916	2.507224	
993	0.396164	-1.326299	2.513770	
994	0.397857	-1.325837	2.517138	
995	0.400717	-1.326497	2.520062	
996	0.402623	-1.324468	2.525451	
997	0.401310	-1.320768	2.532765	
998	0.402966	-1.319963	2.535421	
999	0.405026	-1.317946	2.541406	
1000	0.407956	-1.315900	2.553659	
1001	0.409138	-1.313133	2.563925	
1002	0.409982	-1.312345	2.572008	
1003	0.410708	-1.313197	2.577593	
1004	0.410565	-1.311604	2.584665	
1005	0.410233	-1.311536	2.590105	
1006	0.410048	-1.310171	2.595435	
1007	0.410321	-1.309737	2.599044	
1008	0.410708	-1.309837	2.602826	
1009	0.410567	-1.309371	2.605431	
1010	0.411095	-1.310313	2.607805	
1011	0.412706	-1.311023	2.610823	
1012	0.412537	-1.310189	2.613854	
1013	0.412871	-1.309799	2.617528	
1014	0.414034	-1.310202	2.617851	
1015	0.416661	-1.312916	2.622359	
1016	0.415750	-1.311818	2.626062	
1017	0.417418	-1.312249	2.627942	
1018	0.419766	-1.313586	2.630126	
1019	0.421903	-1.312131	2.632693	
1020	0.424126	-1.312214	2.631954	
1021	0.422677	-1.308747	2.633439	
1022	0.425217	-1.308437	2.632973	
1023	0.425751	-1.302564	2.631305	
1024	0.428498	-1.296438	2.627615	
1025	0.427872	-1.291085	2.626143	
1026	0.428531	-1.287605	2.625746	
1027	0.431625	-1.285290	2.623489	
1028	0.432491	-1.281025	2.622688	
1029	0.434274	-1.277771	2.623540	
1030	0.436906	-1.274958	2.623846	
1031	0.436834	-1.268945	2.623515	
1032	0.438953	-1.265702	2.624304	
1033	0.442565	-1.264099	2.625083	
1034	0.442849	-1.259126	2.625504	
1035	0.445499	-1.255624	2.624410	
1036	0.449233	-1.254488	2.625296	
1037	0.450989	-1.251053	2.625244	
1038	0.452159	-1.247389	2.625690	
1039	0.455845	-1.245607	2.624730	
1040	0.458029	-1.243554	2.624441	
1041	0.459768	-1.240610	2.623003	
1042	0.461417	-1.237867	2.621197	
1043	0.464143	-1.236368	2.618623	
1044	0.465496	-1.233852	2.616171	
1045	0.467030	-1.232189	2.614987	
1046	0.468960	-1.230917	2.614076	
1047	0.470283	-1.227421	2.613720	
1048	0.472535	-1.226598	2.612889	
1049	0.473557	-1.225086	2.612194	
1050	0.474159	-1.224515	2.613186	
1051	0.475034	-1.223677	2.613637	
1052	0.475690	-1.222667	2.614187	
1053	0.475917	-1.221503	2.615126	
1054	0.476839	-1.219693	2.614557	
1055	0.477529	-1.217690	2.614381	
1056	0.477343	-1.216794	2.616820	
1057	0.477321	-1.215368	2.618743	
1058	0.477000	-1.215406	2.623051	
1059	0.476979	-1.212577	2.623327	
1060	0.478173	-1.211071	2.623849	
1061	0.477851	-1.212882	2.629380	
1062	0.475909	-1.211412	2.632747	
1063	0.476605	-1.211804	2.635451	
1064	0.477365	-1.210040	2.635592	
1065	0.476515	-1.206528	2.635225	
1066	0.478873	-1.207908	2.637350	
1067	0.479520	-1.206583	2.638069	
1068	0.478449	-1.204012	2.639677	
1069	0.480140	-1.204815	2.642447	
1070	0.480274	-1.206615	2.647977	
1071	0.477233	-1.204600	2.653254	
1072	0.477077	-1.203107	2.655964	
1073	0.475997	-1.204792	2.663667	
1074	0.473190	-1.201548	2.667760	
1075	0.473513	-1.199131	2.669212	
1076	0.473046	-1.196636	2.671319	
1077	0.471073	-1.194948	2.676365	
1078	0.470117	-1.193986	2.680917	
1079	0.469336	-1.193637	2.685558	
1080	0.468915	-1.193537	2.689737	
1081	0.466422	-1.192287	2.695357	
1082	0.467949	-1.192581	2.697686	
1083	0.468386	-1.192214	2.700249	
1084	0.465611	-1.189859	2.704261	
1085	0.468659	-1.191258	2.704172	
1086	0.468613	-1.190846	2.705256	
1087	0.466195	-1.187673	2.706027	
1088	0.467818	-1.188443	2.704973	
1089	0.465179	-1.184539	2.703207	
1090	0.461890	-1.184375	2.706496	
1091	0.462827	-1.186817	2.705984	
1092	0.459613	-1.186857	2.708056	
1093	0.456761	-1.186802	2.709055	
1094	0.456907	-1.188830	2.706765	
1095	0.452257	-1.189167	2.710446	
1096	0.451416	-1.190464	2.708847	
1097	0.449968	-1.192245	2.708496	
1098	0.445561	-1.191013	2.709595	
1099	0.445119	-1.194690	2.710011	
1100	0.441675	-1.196451	2.712316	
1101	0.435471	-1.200005	2.715905	
1102	0.431535	-1.201021	2.718288	
1103	0.428136	-1.203408	2.722552	
1104	0.424317	-1.206997	2.729194	
1105	0.419747	-1.207824	2.732759	
1106	0.415885	-1.209750	2.736861	
1107	0.412504	-1.211499	2.739664	
1108	0.407983	-1.213395	2.745127	
1109	0.404047	-1.215966	2.750184	
1110	0.399780	-1.216791	2.752380	
1111	0.395803	-1.220166	2.757685	
1112	0.391334	-1.222851	2.761653	
1113	0.387201	-1.226458	2.766031	
1114	0.382110	-1.227741	2.767783	
1115	0.377830	-1.231990	2.773133	
1116	0.366171	-1.237218	2.782076	
1117	0.361086	-1.240338	2.785131	
1118	0.355740	-1.244101	2.789999	
1119	0.348985	-1.245404	2.793004	
1120	0.343493	-1.247211	2.794208	
1121	0.337572	-1.251301	2.802152	
1122	0.331398	-1.252289	2.804145	
1123	0.327658	-1.258437	2.811354	
1124	0.321752	-1.261669	2.819110	
1125	0.315160	-1.259913	2.817972	
1126	0.310942	-1.262446	2.821270	
1127	0.305591	-1.262476	2.823690	
1128	0.302010	-1.265366	2.828627	
1129	0.298157	-1.266630	2.829835	
1130	0.293914	-1.266629	2.831519	
1131	0.292321	-1.271114	2.836406	
1132	0.289379	-1.272205	2.838377	
1133	0.286834	-1.273083	2.838666	
1134	0.285968	-1.275315	2.838303	
1135	0.284859	-1.277812	2.840225	
1136	0.283499	-1.278895	2.839623	
1137	0.282495	-1.280432	2.840102	
1138	0.282420	-1.283089	2.840796	
1139	0.280745	-1.282946	2.841208	
1140	0.280002	-1.283319	2.840086	
1141	0.279793	-1.285153	2.841339	
1142	0.277784	-1.284153	2.841335	
1143	0.276884	-1.285202	2.842956	
1144	0.275433	-1.285258	2.842582	
1145	0.273388	-1.284833	2.844245	
1146	0.271741	-1.284971	2.846246	
1147	0.270128	-1.286199	2.851322	
1148	0.266947	-1.284747	2.852366	
1149	0.265441	-1.286498	2.856767	
1150	0.264454	-1.289033	2.860994	
1151	0.260929	-1.289379	2.866250	
1152	0.259978	-1.293165	2.871576	
1153	0.257906	-1.295358	2.874911	
1154	0.254535	-1.296980	2.879031	
1155	0.252775	-1.300264	2.882031	
1156	0.250314	-1.302922	2.884986	
1157	0.247838	-1.305952	2.887877	
1158	0.245817	-1.309523	2.890956	
1159	0.243439	-1.312528	2.894309	
1160	0.241396	-1.315747	2.896299	
1161	0.238918	-1.319297	2.899357	
1162	0.236296	-1.322268	2.902213	
1163	0.234900	-1.326838	2.903740	
1164	0.231801	-1.329203	2.907282	
1165	0.229582	-1.332443	2.907823	
1166	0.228079	-1.336498	2.910883	
1167	0.225594	-1.338972	2.913289	
1168	0.224400	-1.342929	2.915110	
1169	0.222926	-1.346356	2.918445	
1170	0.220948	-1.348782	2.921468	
1171	0.219893	-1.352196	2.924233	
1172	0.218634	-1.355321	2.927989	
1173	0.216472	-1.357427	2.930542	
1174	0.214024	-1.359596	2.932899	
1175	0.213137	-1.363292	2.935124	
1176	0.210185	-1.364528	2.940527	
1177	0.207686	-1.366264	2.942382	
1178	0.205913	-1.368621	2.947153	
1179	0.202779	-1.369885	2.951381	
1180	0.200476	-1.371958	2.955288	
1181	0.198405	-1.375006	2.959733	
1182	0.195916	-1.377708	2.964077	
1183	0.193174	-1.380962	2.969319	
1184	0.190464	-1.384701	2.974185	
1185	0.186607	-1.388122	2.978245	
1186	0.182734	-1.391821	2.982402	
1187	0.179008	-1.396630	2.987680	
1188	0.174215	-1.400423	2.993767	
1189	0.170383	-1.404960	2.998240	
1190	0.166531	-1.409991	3.002934	
1191	0.160862	-1.413546	3.008893	
1192	0.156221	-1.418106	3.013421	
1193	0.150493	-1.422864	3.019071	
1194	0.143765	-1.426992	3.025580	
1195	0.138966	-1.432831	3.031240	
1196	0.133728	-1.438197	3.037492	
1197	0.128624	-1.442937	3.043784	
1198	0.124195	-1.448025	3.050835	
1199	0.119571	-1.453043	3.057317	
1200	0.115057	-1.458200	3.063516	
1201	0.110411	-1.463171	3.069586	
1202	0.103017	-1.474280	3.085743	
1203	0.099267	-1.479498	3.092753	
1204	0.095828	-1.484519	3.100232	
1205	0.092769	-1.489670	3.107238	
1206	0.090802	-1.495207	3.115779	
1207	0.088137	-1.499557	3.124431	
1208	0.086771	-1.504560	3.132034	
1209	0.085067	-1.509331	3.140687	
1210	0.083267	-1.514209	3.149119	
1211	0.081314	-1.518652	3.154512	
1212	0.079215	-1.522674	3.161933	
1213	0.076185	-1.530115	3.173610	
1214	0.076143	-1.534267	3.180426	
1215	0.076265	-1.538120	3.184773	
1216	0.077394	-1.542437	3.190645	
1217	0.078934	-1.546321	3.196463	
1218	0.080976	-1.549897	3.203065	
1219	0.083953	-1.553533	3.208224	
1220	0.087142	-1.557065	3.213909	
1221	0.091346	-1.560546	3.220496	
1222	0.095659	-1.563365	3.226229	
1223	0.100903	-1.566589	3.232037	
1224	0.106595	-1.568972	3.239710	
1225	0.112998	-1.571385	3.246209	
1226	0.120301	-1.573808	3.253310	
1227	0.127386	-1.575742	3.261510	
1228	0.135384	-1.577854	3.268997	
1229	0.144255	-1.581206	3.275787	
1230	0.152654	-1.583765	3.285221	
1231	0.161016	-1.586717	3.291921	
1232	0.170112	-1.590493	3.299534	
1233	0.178301	-1.593713	3.306639	
1234	0.186395	-1.597603	3.312551	
1235	0.194881	-1.601516	3.318977	
1236	0.202527	-1.604599	3.324207	
1237	0.210497	-1.608248	3.328804	
1238	0.218292	-1.611271	3.334013	
1239	0.226050	-1.614538	3.340126	
1240	0.233008	-1.618642	3.345608	
1241	0.239128	-1.622957	3.350660	
1242	0.245874	-1.627247	3.357039	
1243	0.251232	-1.631255	3.361234	
1244	0.256943	-1.634948	3.366257	
1245	0.262077	-1.638594	3.371654	
1246	0.267600	-1.643173	3.375709	
1247	0.273660	-1.647182	3.382330	
1248	0.278839	-1.651599	3.387337	
1249	0.284992	-1.657180	3.392230	
1250	0.296528	-1.665070	3.400532	
1251	0.302512	-1.670090	3.405791	
1252	0.308887	-1.675422	3.411371	
1253	0.316242	-1.680812	3.417513	
1254	0.330290	-1.692474	3.430489	
1255	0.337345	-1.698343	3.437363	
1256	0.343567	-1.703769	3.443835	
1257	0.350594	-1.708739	3.450479	
1258	0.356817	-1.713029	3.457531	
1259	0.363246	-1.716472	3.464808	
1260	0.369728	-1.721303	3.469427	
1261	0.376756	-1.725650	3.474887	
1262	0.383129	-1.729892	3.480339	
1263	0.389707	-1.733629	3.484909	
1264	0.395888	-1.736870	3.489060	
1265	0.402882	-1.739408	3.493913	
1266	0.410549	-1.741941	3.498376	
1267	0.419636	-1.745214	3.501783	
1268	0.428821	-1.747651	3.506163	
1269	0.437596	-1.750010	3.509867	
1270	0.447402	-1.752378	3.513484	
1271	0.457376	-1.754111	3.517022	
1272	0.467505	-1.755651	3.520718	
1273	0.479577	-1.757686	3.523306	
1274	0.491061	-1.759130	3.526290	
1275	0.502512	-1.759666	3.529624	
1276	0.514789	-1.761675	3.531107	
1277	0.527395	-1.762348	3.534102	
1278	0.539977	-1.763088	3.536408	
1279	0.552120	-1.762902	3.539381	
1280	0.564954	-1.763337	3.541424	
1281	0.576865	-1.763746	3.543324	
1282	0.588842	-1.763967	3.545107	
1283	0.600419	-1.764749	3.545825	
1284	0.612873	-1.766304	3.546523	
1285	0.625513	-1.767318	3.548293	
1286	0.639076	-1.768528	3.550043	
1287	0.651489	-1.769985	3.551171	
1288	0.663192	-1.771236	3.552134	
1289	0.675763	-1.771958	3.553672	
1290	0.689709	-1.773401	3.553998	
1291	0.702111	-1.773687	3.555256	
1292	0.713711	-1.774583	3.555292	
1293	0.726571	-1.775636	3.555898	
1294	0.738730	-1.776978	3.556134	
1295	0.750552	-1.777925	3.557107	
1296	0.763497	-1.779427	3.556916	
1297	0.774652	-1.779669	3.558045	
1298	0.785661	-1.779715	3.559237	
1299	0.799049	-1.781628	3.559298	
1300	0.811229	-1.782528	3.560772	
1301	0.823451	-1.783762	3.562343	
1302	0.836803	-1.785916	3.563647	
1303	0.848441	-1.786494	3.567057	
1304	0.860497	-1.788419	3.569352	
1305	0.874991	-1.789215	3.573429	
1306	0.886344	-1.790948	3.576665	
1307	0.898961	-1.793319	3.580708	
1308	0.910434	-1.795864	3.584972	
1309	0.920937	-1.797834	3.590784	
1310	0.933149	-1.800648	3.595910	
1311	0.946355	-1.802644	3.602113	
1312	0.957047	-1.804587	3.608552	
1313	0.968852	-1.808697	3.612695	
1314	0.980528	-1.811409	3.617991	
1315	0.989473	-1.813511	3.623261	
1316	0.998687	-1.816987	3.626995	
1317	1.007249	-1.819272	3.631430	
1318	1.023879	-1.822109	3.641431	
1319	1.032218	-1.824421	3.644823	
1320	1.041678	-1.825320	3.649345	
1321	1.049767	-1.826546	3.653004	
1322	1.060249	-1.828523	3.655081	
1323	1.075237	-1.827938	3.658549	
1324	1.083811	-1.829241	3.660717	
1325	1.094518	-1.831014	3.661915	
1326	1.105131	-1.830766	3.664840	
1327	1.115362	-1.831968	3.665568	
1328	1.126204	-1.833686	3.665403	
1329	1.136954	-1.832648	3.666556	
1330	1.148507	-1.833241	3.666065	
1331	1.159730	-1.832973	3.665203	
1332	1.170893	-1.832397	3.664105	
1333	1.184330	-1.831081	3.662876	
1334	1.209094	-1.828779	3.658277	
1335	1.222197	-1.825550	3.658258	
1336	1.233431	-1.822119	3.658092	
1337	1.263758	-1.817150	3.655438	
1338	1.290414	-1.813120	3.650736	
1339	1.305462	-1.809067	3.648697	
1340	1.315493	-1.806141	3.646860	
1341	1.328430	-1.804408	3.642330	
1342	1.340383	-1.802415	3.638498	
1343	1.352631	-1.801497	3.633871	
1344	1.363203	-1.801586	3.628673	
1345	1.379379	-1.797865	3.624578	
1346	1.382792	-1.798447	3.620882	
1347	1.398750	-1.795582	3.615963	
1348	1.403744	-1.794587	3.612963	
1349	1.409686	-1.794652	3.607963	
1350	1.419856	-1.793113	3.603401	
1351	1.428717	-1.790326	3.599968	
1352	1.435308	-1.791290	3.594453	
1353	1.444973	-1.789494	3.589750	
1354	1.454566	-1.787112	3.585763	
1355	1.462714	-1.786688	3.580035	
1356	1.473948	-1.784050	3.575449	
1357	1.482889	-1.781809	3.571446	
1358	1.494326	-1.780588	3.565165	
1359	1.506701	-1.777167	3.561188	
1360	1.516972	-1.775054	3.557650	
1361	1.529140	-1.773122	3.553832	
1362	1.542516	-1.770947	3.549259	
1363	1.552767	-1.767269	3.548450	
1364	1.564264	-1.765678	3.545162	
1365	1.578278	-1.763371	3.541575	
1366	1.589513	-1.760312	3.539564	
1367	1.600639	-1.759436	3.535163	
1368	1.613267	-1.756121	3.531827	
1369	1.621601	-1.754283	3.529171	
1370	1.632864	-1.751906	3.525074	
1371	1.643511	-1.748086	3.522983	
1372	1.652603	-1.745974	3.520283	
1373	1.662341	-1.743511	3.517034	
1374	1.671447	-1.740123	3.513773	
1375	1.679322	-1.737858	3.510190	
1376	1.687351	-1.735459	3.506073	
1377	1.696316	-1.732823	3.500859	
1378	1.704442	-1.729934	3.496054	
1379	1.711920	-1.727565	3.490500	
1380	1.720999	-1.724082	3.484219	
1381	1.730824	-1.718235	3.479080	
1382	1.735789	-1.715205	3.474364	
1383	1.743351	-1.711165	3.467837	
1384	1.752704	-1.704599	3.461142	
1385	1.758304	-1.700740	3.454219	
1386	1.765594	-1.695822	3.446537	
1387	1.773504	-1.690297	3.437364	
1388	1.780338	-1.685615	3.427865	
1389	1.787304	-1.680851	3.418055	
1390	1.793173	-1.674975	3.411764	
1391	1.802123	-1.669613	3.401823	
1392	1.812307	-1.664651	3.391014	
1393	1.818821	-1.658969	3.384398	
1394	1.824636	-1.654444	3.377266	
1395	1.838421	-1.646893	3.362978	
1396	1.850556	-1.637018	3.348784	
1397	1.857944	-1.632215	3.340219	
1398	1.863893	-1.627588	3.333846	
1399	1.870372	-1.624658	3.324535	
1400	1.877161	-1.620510	3.317021	
1401	1.883533	-1.616846	3.309454	
1402	1.889558	-1.614352	3.300790	
1403	1.895483	-1.611135	3.292534	
1404	1.901048	-1.608173	3.283562	
1405	1.906622	-1.603510	3.277192	
1406	1.912753	-1.598499	3.271855	
1407	1.919116	-1.594412	3.263780	
1408	1.926155	-1.589746	3.255776	
1409	1.933233	-1.583780	3.250058	
1410	1.940617	-1.578260	3.242320	
1411	1.948892	-1.572412	3.233754	
1412	1.956439	-1.566698	3.226280	
1413	1.965364	-1.561998	3.216419	
1414	1.975681	-1.554833	3.209033	
1415	1.983772	-1.549069	3.203012	
1416	1.993316	-1.543508	3.196312	
1417	2.003631	-1.537218	3.190261	
1418	2.013527	-1.530260	3.185904	
1419	2.022972	-1.524623	3.179867	
1420	2.033453	-1.518754	3.173081	
1421	2.043464	-1.512457	3.167112	
1422	2.053543	-1.506617	3.160661	
1423	2.061440	-1.501215	3.155565	
1424	2.077214	-1.491986	3.142874	
1425	2.083219	-1.487835	3.138224	
1426	2.089341	-1.484459	3.132414	
1427	2.095583	-1.481443	3.125893	
1428	2.101745	-1.477520	3.119040	
1429	2.107487	-1.472823	3.113379	
1430	2.112311	-1.468443	3.109439	
1431	2.116611	-1.464828	3.104872	
1432	2.121439	-1.461658	3.096473	
1433	2.126773	-1.456670	3.090456	
1434	2.130559	-1.451652	3.086315	
1435	2.134552	-1.446474	3.081403	
1436	2.139217	-1.440607	3.076090	
1437	2.142025	-1.437637	3.067205	
1438	2.145341	-1.433577	3.059569	
1439	2.148253	-1.428447	3.054648	
1440	2.151259	-1.423200	3.048101	
1441	2.155084	-1.418010	3.039645	
1442	2.158191	-1.412671	3.031927	
1443	2.160491	-1.408210	3.024648	
1444	2.164721	-1.402228	3.014038	
1445	2.168167	-1.397556	3.002599	
1446	2.170618	-1.393412	2.995678	
1447	2.172948	-1.389593	2.984438	
1448	2.177105	-1.384069	2.971541	
1449	2.178902	-1.379307	2.966956	
1450	2.179481	-1.376246	2.959591	
1451	2.184677	-1.367800	2.948226	
1452	2.186629	-1.361546	2.940321	
1453	2.185162	-1.359187	2.931012	
1454	2.186985	-1.352887	2.920196	
1455	2.189432	-1.344616	2.911673	
1456	2.189763	-1.339818	2.905250	
1457	2.192120	-1.334018	2.894310	
1458	2.193988	-1.327864	2.885289	
1459	2.195719	-1.321769	2.877122	
1460	2.198184	-1.314789	2.871850	
1461	2.200089	-1.310032	2.860779	
1462	2.202680	-1.305068	2.850349	
1463	2.206080	-1.298203	2.845769	
1464	2.208112	-1.293700	2.834817	
1465	2.212327	-1.287133	2.825613	
1466	2.215383	-1.280655	2.820455	
1467	2.216764	-1.277250	2.808701	
1468	2.221128	-1.271577	2.797258	
1469	2.223973	-1.267455	2.786718	
1470	2.226989	-1.264409	2.774942	
1471	2.236297	-1.253867	2.759010	
1472	2.240408	-1.250653	2.749932	
1473	2.245770	-1.246177	2.743619	
1474	2.251101	-1.242481	2.732767	
1475	2.256756	-1.239117	2.723990	
1476	2.262550	-1.235783	2.714674	
1477	2.267961	-1.232151	2.704318	
1478	2.274558	-1.225826	2.694391	
1479	2.280602	-1.220300	2.687288	
1480	2.284986	-1.216061	2.677832	
1481	2.290555	-1.209957	2.668978	
1482	2.294440	-1.205916	2.661363	
1483	2.298203	-1.201591	2.653998	
1484	2.302248	-1.196243	2.644278	
1485	2.306038	-1.190186	2.638874	
1486	2.308827	-1.186105	2.630555	
1487	2.311742	-1.181305	2.622039	
1488	2.314959	-1.175913	2.616151	
1489	2.316312	-1.172418	2.607004	
1490	2.318586	-1.167185	2.597586	
1491	2.319493	-1.162464	2.589152	
1492	2.320494	-1.157933	2.579779	
1493	2.322995	-1.146952	2.561992	
1494	2.323157	-1.143132	2.551780	
1495	2.323644	-1.137159	2.542365	
1496	2.323950	-1.130745	2.536726	
1497	2.324004	-1.124651	2.528733	
1498	2.321845	-1.121569	2.514824	
1499	2.321824	-1.113803	2.507707	
1500	2.321064	-1.106646	2.501259	
1501	2.321005	-1.098079	2.492065	
1502	2.320922	-1.089964	2.484273	
1503	2.319645	-1.083450	2.474242	
1504	2.318630	-1.077337	2.462442	
1505	2.317440	-1.072478	2.450382	
1506	2.316062	-1.068264	2.437078	
1507	2.315522	-1.062496	2.425012	
1508	2.314488	-1.057250	2.414035	
1509	2.314306	-1.050917	2.403805	
1510	2.313175	-1.045466	2.392050	
1511	2.312434	-1.039234	2.381756	
1512	2.311590	-1.033429	2.372287	
1513	2.309303	-1.029937	2.361642	
1514	2.308942	-1.023866	2.353215	
1515	2.308009	-1.018537	2.345675	
1516	2.305993	-1.015925	2.336302	
1517	2.304152	-1.011380	2.328507	
1518	2.302186	-1.008045	2.321233	
1519	2.300724	-1.004241	2.314252	
1520	2.299762	-0.999126	2.307927	
1521	2.298762	-0.995418	2.301827	
1522	2.298343	-0.992712	2.296517	
1523	2.298619	-0.988461	2.291011	
1524	2.299079	-0.984598	2.286626	
1525	2.299190	-0.982322	2.279826	
1526	2.298596	-0.980274	2.270901	
1527	2.299940	-0.976901	2.264587	
1528	2.300467	-0.974378	2.256055	
1529	2.301952	-0.970491	2.248301	
1530	2.304615	-0.965428	2.240276	
1531	2.308030	-0.959451	2.232547	
1532	2.311890	-0.953569	2.223799	
1533	2.315550	-0.947878	2.214849	
1534	2.318268	-0.943381	2.204775	
1535	2.321573	-0.938819	2.194742	
1536	2.325914	-0.932188	2.185156	
1537	2.329220	-0.928057	2.175486	
1538	2.332942	-0.923366	2.165844	
1539	2.336585	-0.919100	2.156639	
1540	2.340395	-0.914890	2.148060	
1541	2.344073	-0.910133	2.138408	
1542	2.348906	-0.904725	2.131039	
1543	2.352320	-0.901050	2.123194	
1544	2.355453	-0.898594	2.114067	
1545	2.359818	-0.892812	2.107354	
1546	2.363099	-0.888347	2.100216	
1547	2.366256	-0.884612	2.091693	
1548	2.369621	-0.879352	2.084107	
1549	2.372533	-0.874222	2.076245	
1550	2.375826	-0.869000	2.068041	
1551	2.379012	-0.862939	2.059847	
1552	2.381144	-0.858322	2.051519	
1553	2.382840	-0.854481	2.042739	
1554	2.384944	-0.848590	2.034568	
1555	2.385868	-0.843798	2.025104	
1556	2.387462	-0.838313	2.017102	
1557	2.388231	-0.833429	2.008551	
1558	2.388820	-0.829406	1.999889	
1559	2.389477	-0.823724	1.991192	
1560	2.390662	-0.817304	1.982319	
1561	2.391625	-0.810885	1.973831	
1562	2.391926	-0.804789	1.963134	
1563	2.391871	-0.798984	1.953403	
1564	2.392754	-0.785127	1.932726	
1565	2.393577	-0.778311	1.923376	
1566	2.394821	-0.771922	1.913651	
1567	2.396672	-0.764144	1.903187	
1568	2.399591	-0.757011	1.893854	
1569	2.402167	-0.749777	1.883399	
1570	2.405068	-0.742952	1.875152	
1571	2.407990	-0.737808	1.866984	
1572	2.409913	-0.733088	1.856380	
1573	2.411649	-0.728755	1.848060	
1574	2.413003	-0.725486	1.839159	
1575	2.415956	-0.720150	1.831590	
1576	2.417184	-0.718052	1.822232	
1577	2.419767	-0.714746	1.814084	
1578	2.422383	-0.711550	1.806813	
1579	2.427282	-0.705527	1.788957	
1580	2.429803	-0.702094	1.780094	
1581	2.431623	-0.699795	1.771081	
1582	2.434967	-0.696792	1.762372	
1583	2.439334	-0.692039	1.753561	
1584	2.443110	-0.688295	1.743986	
1585	2.446751	-0.684881	1.734055	
1586	2.451453	-0.679615	1.725286	
1587	2.455245	-0.675365	1.714655	
1588	2.459733	-0.671293	1.705056	
1589	2.465369	-0.665397	1.696646	
1590	2.470087	-0.661173	1.686395	
1591	2.474249	-0.658455	1.676323	
1592	2.478767	-0.653715	1.665653	
1593	2.483669	-0.650980	1.657375	
1594	2.487840	-0.645843	1.646961	
1595	2.493881	-0.639926	1.638124	
1596	2.498601	-0.633005	1.629376	
1597	2.503326	-0.627912	1.619425	
1598	2.508537	-0.620765	1.611763	
1599	2.512298	-0.614637	1.602792	
1600	2.516852	-0.608829	1.595715	
1601	2.520487	-0.602831	1.588099	
1602	2.523344	-0.596253	1.580140	
1603	2.526579	-0.590491	1.573411	
1604	2.528613	-0.584351	1.566768	
1605	2.531268	-0.578686	1.562046	
1606	2.533651	-0.571489	1.556781	
1607	2.534058	-0.566357	1.550222	
1608	2.535258	-0.561104	1.544746	
1609	2.535837	-0.555986	1.538528	
1610	2.535605	-0.550719	1.532032	
1611	2.535602	-0.545938	1.526068	
1612	2.534464	-0.541553	1.518965	
1613	2.532879	-0.536300	1.512185	
1614	2.529068	-0.525311	1.495984	
1615	2.526264	-0.518840	1.486862	
1616	2.523299	-0.514260	1.478864	
1617	2.520462	-0.508782	1.470228	
1618	2.517211	-0.503238	1.461518	
1619	2.513389	-0.496925	1.452971	
1620	2.509414	-0.490818	1.444096	
1621	2.506336	-0.484377	1.436225	
1622	2.502274	-0.479010	1.428274	
1623	2.497924	-0.474627	1.420598	
1624	2.493621	-0.470125	1.412060	
1625	2.489490	-0.465410	1.404294	
1626	2.484033	-0.461674	1.395426	
1627	2.479290	-0.459257	1.388324	
1628	2.473924	-0.456611	1.380881	
1629	2.468484	-0.454832	1.373352	
1630	2.463920	-0.451268	1.366822	
1631	2.460291	-0.448228	1.360562	
1632	2.455478	-0.445943	1.351869	
1633	2.452043	-0.443202	1.343968	
1634	2.448309	-0.440635	1.335300	
1635	2.445409	-0.438894	1.328702	
1636	2.441874	-0.436959	1.322115	
1637	2.438258	-0.433910	1.316032	
1638	2.434056	-0.432966	1.309330	
1639	2.430577	-0.429670	1.304193	
1640	2.427710	-0.427912	1.300666	
1641	2.421797	-0.427008	1.294195	
1642	2.418045	-0.423877	1.289805	
1643	2.414698	-0.422091	1.286183	
1644	2.409924	-0.421193	1.282228	
1645	2.406451	-0.419273	1.279577	
1646	2.402396	-0.418563	1.277261	
1647	2.397188	-0.417312	1.273769	
1648	2.394361	-0.413807	1.272898	
1649	2.391288	-0.410908	1.272779	
1650	2.386684	-0.409501	1.270924	
1651	2.382028	-0.407123	1.268599	
1652	2.376024	-0.404705	1.265061	
1653	2.371728	-0.402648	1.263411	
1654	2.367701	-0.400430	1.262146	
1655	2.362005	-0.398312	1.260155	
1656	2.356550	-0.396168	1.258469	
1657	2.350564	-0.392649	1.256506	
1658	2.343754	-0.391562	1.254808	
1659	2.336557	-0.389369	1.252420	
1660	2.329595	-0.387904	1.250659	
1661	2.320796	-0.386282	1.247726	
1662	2.312440	-0.384872	1.245270	
1663	2.304009	-0.383521	1.243112	
1664	2.293616	-0.382538	1.239894	
1665	2.284152	-0.381629	1.237021	
1666	2.276227	-0.380518	1.235381	
1667	2.266511	-0.380546	1.232567	
1668	2.255599	-0.380569	1.228133	
1669	2.246798	-0.380565	1.225440	
1670	2.237332	-0.380076	1.223284	
1671	2.225773	-0.378128	1.219645	
1672	2.215069	-0.377890	1.217194	
1673	2.204382	-0.378209	1.215952	
1674	2.191670	-0.377757	1.213994	
1675	2.179670	-0.375591	1.211648	
1676	2.168946	-0.375187	1.210628	
1677	2.157247	-0.374213	1.209359	
1678	2.145844	-0.371746	1.207686	
1679	2.136525	-0.370825	1.208120	
1680	2.126634	-0.370071	1.208360	
1681	2.117562	-0.368263	1.208169	
1682	2.108310	-0.367544	1.207698	
1683	2.099730	-0.365782	1.207090	
1684	2.092117	-0.363217	1.206763	
1685	2.084030	-0.362628	1.206028	
1686	2.076604	-0.361109	1.204543	
1687	2.070393	-0.359125	1.203784	
1688	2.056343	-0.356608	1.201795	
1689	2.049978	-0.355060	1.201199	
1690	2.043665	-0.353590	1.200031	
1691	2.037452	-0.351014	1.198608	
1692	2.030835	-0.348118	1.196826	
1693	2.025118	-0.343921	1.195170	
1694	2.018124	-0.340127	1.192710	
1695	2.011601	-0.335790	1.190267	
1696	2.005352	-0.332029	1.187347	
1697	1.999513	-0.326978	1.184481	
1698	1.993737	-0.322534	1.180922	
1699	1.988369	-0.318337	1.177377	
1700	1.982967	-0.313725	1.173773	
1701	1.977592	-0.309271	1.169784	
1702	1.972116	-0.304879	1.165833	
1703	1.967053	-0.300498	1.161877	
1704	1.961730	-0.296512	1.157037	
1705	1.956339	-0.292592	1.152076	
1706	1.952050	-0.288583	1.147695	
1707	1.946863	-0.285585	1.142689	
1708	1.941369	-0.281375	1.137796	
1709	1.936620	-0.278257	1.133522	
1710	1.930736	-0.275341	1.129251	
1711	1.924565	-0.270833	1.124668	
1712	1.919634	-0.267475	1.121309	
1713	1.913436	-0.265227	1.117312	
1714	1.906190	-0.261005	1.112721	
1715	1.899451	-0.258214	1.108497	
1716	1.892236	-0.255782	1.104135	
1717	1.884564	-0.252401	1.099607	
1718	1.877110	-0.249618	1.095180	
1719	1.868393	-0.246702	1.090299	
1720	1.860065	-0.243114	1.085832	
1721	1.851648	-0.240570	1.081507	
1722	1.842686	-0.237890	1.077424	
1723	1.832745	-0.234916	1.072923	
1724	1.823372	-0.232346	1.068910	
1725	1.812219	-0.230369	1.064507	
1726	1.801990	-0.226973	1.060735	
1727	1.793568	-0.225038	1.057656	
1728	1.783873	-0.222601	1.054385	
1729	1.766770	-0.218136	1.049172	
1730	1.758555	-0.216607	1.047387	
1731	1.749684	-0.214658	1.045074	
1732	1.742169	-0.213112	1.043374	
1733	1.734849	-0.212058	1.042171	
1734	1.727623	-0.210954	1.040922	
1735	1.721286	-0.208653	1.039521	
1736	1.715087	-0.207562	1.038362	
1737	1.708677	-0.207833	1.036757	
1738	1.702613	-0.206358	1.034742	
1739	1.697198	-0.205701	1.033287	
1740	1.691855	-0.205283	1.032347	
1741	1.686325	-0.204197	1.031388	
1742	1.681787	-0.202900	1.030497	
1743	1.676656	-0.201541	1.029176	
1744	1.672302	-0.200070	1.028004	
1745	1.667022	-0.199253	1.025976	
1746	1.662092	-0.198346	1.023637	
1747	1.656250	-0.196556	1.020808	
1748	1.651489	-0.196531	1.018293	
1749	1.645888	-0.195363	1.015057	
1750	1.640276	-0.192537	1.011482	
1751	1.635664	-0.190907	1.008440	
1752	1.630147	-0.188970	1.004749	
1753	1.624135	-0.185705	1.000638	
1754	1.618110	-0.181938	0.996277	
1755	1.612161	-0.179722	0.991327	
1756	1.606144	-0.174582	0.986302	
1757	1.600465	-0.170862	0.980952	
1758	1.587882	-0.163478	0.969244	
1759	1.581449	-0.159849	0.963047	
1760	1.575769	-0.156284	0.957038	
1761	1.569394	-0.152142	0.950462	
1762	1.564004	-0.148665	0.944279	
1763	1.558073	-0.145415	0.938059	
1764	1.552436	-0.140282	0.931909	
1765	1.547603	-0.136418	0.926112	
1766	1.534826	-0.128984	0.914025	
1767	1.529558	-0.126138	0.908313	
1768	1.524220	-0.121159	0.902920	
1769	1.518557	-0.116782	0.897476	
1770	1.513628	-0.114138	0.892044	
1771	1.509488	-0.110438	0.887319	
1772	1.505553	-0.106814	0.882825	
1773	1.500764	-0.103747	0.878336	
1774	1.496077	-0.101933	0.873862	
1775	1.491646	-0.101224	0.870034	
1776	1.480857	-0.104509	0.860206	
1777	1.475201	-0.105764	0.855195	
1778	1.468807	-0.108226	0.850164	
1779	1.462234	-0.112023	0.844439	
1780	1.454389	-0.114641	0.838862	
1781	1.439462	-0.121742	0.827590	
1782	1.431602	-0.123322	0.822507	
1783	1.423928	-0.124882	0.818032	
1784	1.416606	-0.125170	0.813964	
1785	1.409098	-0.125638	0.810215	
1786	1.401604	-0.126958	0.806145	
1787	1.394901	-0.128144	0.802394	
1788	1.387569	-0.127867	0.798686	
1789	1.374326	-0.127746	0.792783	
1790	1.367686	-0.128601	0.789794	
1791	1.361046	-0.128654	0.786985	
1792	1.355273	-0.128434	0.784447	
1793	1.349039	-0.129445	0.780990	
1794	1.342083	-0.128415	0.777948	
1795	1.337605	-0.128700	0.775101	
1796	1.331701	-0.128958	0.772167	
1797	1.325298	-0.127948	0.769499	
1798	1.319348	-0.126969	0.766645	
1799	1.314118	-0.126633	0.763931	
1800	1.309072	-0.124372	0.761602	
1801	1.304261	-0.123010	0.758035	
1802	1.299581	-0.121602	0.754776	
1803	1.293293	-0.120609	0.751204	
1804	1.290237	-0.119875	0.748179	
1805	1.285809	-0.116978	0.746177	
1806	1.282156	-0.115103	0.744487	
1807	1.277969	-0.114436	0.741595	
1808	1.273460	-0.111646	0.739131	
1809	1.269920	-0.108920	0.736821	
1810	1.265456	-0.107420	0.733201	
1811	1.261103	-0.103829	0.729784	
1812	1.258396	-0.099389	0.726830	
1813	1.254120	-0.096351	0.721668	
1814	1.249119	-0.092891	0.716246	
1815	1.245419	-0.087030	0.711713	
1816	1.242642	-0.084315	0.705585	
1817	1.238811	-0.080779	0.699369	
1818	1.235728	-0.075742	0.694375	
1819	1.233534	-0.073649	0.688152	
1820	1.231126	-0.069956	0.682523	
1821	1.226026	-0.065173	0.677825	
1822	1.224173	-0.063116	0.672239	
1823	1.219919	-0.058678	0.667526	
1824	1.216375	-0.056733	0.662323	
1825	1.213109	-0.056052	0.656512	
1826	1.208269	-0.053619	0.651736	
1827	1.205471	-0.051575	0.646951	
1828	1.200619	-0.050382	0.641727	
1829	1.195504	-0.047542	0.638122	
1830	1.190546	-0.047702	0.633308	
1831	1.185364	-0.047290	0.628489	
1832	1.178436	-0.046478	0.624395	
1833	1.171004	-0.044931	0.620535	
1834	1.164440	-0.045399	0.615574	
1835	1.155969	-0.044954	0.611140	
1836	1.147705	-0.044237	0.607192	
1837	1.141574	-0.045218	0.602744	
1838	1.132589	-0.046325	0.598572	
1839	1.123285	-0.048153	0.594909	
1840	1.115861	-0.051366	0.591515	
1841	1.106531	-0.056605	0.587778	
1842	1.095636	-0.060157	0.585162	
1843	1.087258	-0.063895	0.583778	
1844	1.076609	-0.066000	0.583380	
1845	1.064731	-0.068607	0.583529	
1846	1.054617	-0.073066	0.583106	
1847	1.043947	-0.076780	0.583253	
1848	1.033155	-0.078954	0.584246	
1849	1.023874	-0.082161	0.585097	
1850	1.013283	-0.085371	0.586177	
1851	1.002120	-0.088596	0.587799	
1852	0.992491	-0.092027	0.588969	
1853	0.982559	-0.094747	0.590317	
1854	0.973137	-0.098760	0.591128	
1855	0.964734	-0.103613	0.591484	
1856	0.955732	-0.105880	0.593431	
1857	0.947127	-0.108165	0.595307	
1858	0.939625	-0.110261	0.597066	
1859	0.930917	-0.113728	0.598658	
1860	0.922475	-0.116121	0.600558	
1861	0.916132	-0.118476	0.602539	
1862	0.907682	-0.118817	0.605865	
1863	0.901315	-0.121367	0.607971	
1864	0.894224	-0.122954	0.610373	
1865	0.886615	-0.124226	0.613361	
1866	0.879628	-0.126284	0.616222	
1867	0.872488	-0.128403	0.618811	
1868	0.865242	-0.127518	0.622608	
1869	0.860233	-0.128524	0.626188	
1870	0.855146	-0.133245	0.627720	
1871	0.847932	-0.134393	0.630252	
1872	0.839519	-0.134900	0.634227	
1873	0.834786	-0.140115	0.635478	
1874	0.829329	-0.142103	0.637051	
1875	0.821420	-0.143456	0.640318	
1876	0.817006	-0.147345	0.642032	
1877	0.812199	-0.148769	0.644166	
1878	0.804998	-0.149757	0.647438	
1879	0.800527	-0.151597	0.649713	
1880	0.795791	-0.153811	0.651966	
1881	0.790059	-0.154685	0.655135	
1882	0.784863	-0.155616	0.658506	
1883	0.781243	-0.156985	0.661654	
1884	0.772790	-0.157945	0.668778	
1885	0.767874	-0.158666	0.672096	
1886	0.762475	-0.157743	0.676572	
1887	0.757925	-0.158352	0.680414	
1888	0.754049	-0.159084	0.683817	
1889	0.749368	-0.158297	0.688313	
1890	0.747216	-0.157251	0.693271	
1891	0.743998	-0.158165	0.697938	
1892	0.740238	-0.157769	0.703631	
1893	0.737345	-0.156917	0.710088	
1894	0.733784	-0.156914	0.717282	
1895	0.730644	-0.155670	0.725441	
1896	0.729611	-0.156061	0.733563	
1897	0.726412	-0.156887	0.741685	
1898	0.723916	-0.155538	0.750468	
1899	0.721736	-0.155060	0.758905	
1900	0.719442	-0.156447	0.766502	
1901	0.716522	-0.156801	0.773993	
1902	0.713436	-0.157370	0.781473	
1903	0.710195	-0.158792	0.788872	
1904	0.707101	-0.160916	0.796207	
1905	0.703872	-0.161912	0.804495	
1906	0.700646	-0.164718	0.812320	
1907	0.697397	-0.168801	0.819464	
1908	0.693884	-0.170823	0.827900	
1909	0.691338	-0.174855	0.835585	
1910	0.688852	-0.179650	0.842413	
1911	0.686239	-0.180603	0.851498	
1912	0.683347	-0.184674	0.859100	
1913	0.680058	-0.188357	0.865390	
1914	0.678379	-0.189921	0.874071	
1915	0.677716	-0.193425	0.881440	
1916	0.676215	-0.196661	0.887998	
1917	0.674967	-0.198166	0.895435	
1918	0.674806	-0.200780	0.902499	
1919	0.674203	-0.203852	0.908149	
1920	0.673967	-0.205671	0.914639	
1921	0.674127	-0.208090	0.920662	
1922	0.675138	-0.211065	0.926107	
1923	0.676669	-0.213304	0.932222	
1924	0.677939	-0.216372	0.937884	
1925	0.678990	-0.219545	0.942761	
1926	0.679659	-0.222056	0.947674	
1927	0.680634	-0.223880	0.953130	
1928	0.682386	-0.226153	0.958593	
1929	0.682941	-0.229083	0.963466	
1930	0.684081	-0.229970	0.969957	
1931	0.684300	-0.232827	0.975315	
1932	0.685298	-0.234136	0.980718	
1933	0.687560	-0.235466	0.987139	
1934	0.688720	-0.238040	0.991793	
1935	0.689582	-0.238703	0.996388	
1936	0.690780	-0.238835	1.002070	
1937	0.691407	-0.239954	1.006484	
1938	0.693237	-0.239441	1.017092	
1939	0.693673	-0.239511	1.021337	
1940	0.694370	-0.238769	1.025606	
1941	0.695022	-0.235722	1.036244	
1942	0.694853	-0.233611	1.040986	
1943	0.695102	-0.231016	1.046883	
1944	0.696219	-0.229000	1.052338	
1945	0.696056	-0.226385	1.058131	
1946	0.696189	-0.223611	1.064114	
1947	0.696239	-0.221404	1.069886	
1948	0.693755	-0.213198	1.088151	
1949	0.693813	-0.210892	1.095021	
1950	0.693791	-0.209382	1.101923	
1951	0.693128	-0.207518	1.116205	
1952	0.692220	-0.206717	1.123350	
1953	0.691324	-0.205928	1.130417	
1954	0.690342	-0.205744	1.136894	
1955	0.689075	-0.206294	1.143089	
1956	0.690007	-0.205788	1.149701	
1957	0.688893	-0.207085	1.160582	
1958	0.689102	-0.207087	1.166239	
1959	0.689278	-0.207560	1.171352	
1960	0.689730	-0.207326	1.176981	
1961	0.690581	-0.207099	1.182710	
1962	0.690411	-0.207528	1.187741	
1963	0.690564	-0.207920	1.192644	
1964	0.691860	-0.207572	1.197881	
1965	0.692693	-0.207561	1.202831	
1966	0.692707	-0.208255	1.207141	
1967	0.693220	-0.208203	1.211700	
1968	0.693041	-0.207802	1.215665	
1969	0.692812	-0.207722	1.219227	
1970	0.693193	-0.206281	1.223558	
1971	0.694171	-0.204508	1.227302	
1972	0.694215	-0.203582	1.230293	
1973	0.694283	-0.201925	1.233472	
1974	0.695700	-0.201025	1.236531	
1975	0.695693	-0.199916	1.238739	
1976	0.694532	-0.198647	1.240841	
1977	0.694297	-0.198174	1.242449	
1978	0.694521	-0.197251	1.244669	
1979	0.694205	-0.196699	1.246209	
1980	0.693003	-0.195849	1.247600	
1981	0.691860	-0.194580	1.249389	
1982	0.690844	-0.193873	1.251040	
1983	0.686532	-0.192994	1.253578	
1984	0.684654	-0.191017	1.255595	
1985	0.682395	-0.188477	1.257263	
1986	0.679303	-0.185554	1.258866	
1987	0.676334	-0.183228	1.259968	
1988	0.672874	-0.180151	1.261121	
1989	0.669709	-0.177837	1.262261	
1990	0.666133	-0.176509	1.262882	
1991	0.662449	-0.174373	1.263712	
1992	0.659888	-0.173083	1.264854	
1993	0.656291	-0.172357	1.265460	
1994	0.652151	-0.170711	1.266331	
1995	0.648428	-0.169514	1.267147	
1996	0.644066	-0.168076	1.267913	
1997	0.639406	-0.166883	1.268770	
1998	0.635001	-0.165933	1.269792	
1999	0.629995	-0.165180	1.270203	
2000	0.625318	-0.164305	1.270948	
2001	0.620331	-0.164675	1.270859	
2002	0.615276	-0.164311	1.270783	
2003	0.610823	-0.163826	1.271223	
2004	0.606696	-0.164453	1.271245	
2005	0.602090	-0.164652	1.271309	
2006	0.597564	-0.164640	1.271491	
2007	0.593674	-0.165166	1.271430	
2008	0.589292	-0.165382	1.271173	
2009	0.584651	-0.165159	1.270648	
2010	0.580442	-0.164438	1.270117	
2011	0.575826	-0.162955	1.269773	
2012	0.571378	-0.161680	1.269517	
2013	0.566652	-0.161783	1.268221	
2014	0.562139	-0.160068	1.267423	
2015	0.557824	-0.158638	1.266850	
2016	0.553836	-0.157483	1.265779	
2017	0.550221	-0.154663	1.265599	
2018	0.545880	-0.155268	1.263834	
2019	0.542648	-0.153305	1.263044	
2020	0.539180	-0.153765	1.262434	
2021	0.536118	-0.152709	1.261389	
2022	0.533098	-0.151939	1.260599	
2023	0.527307	-0.151531	1.258563	
2024	0.524676	-0.152039	1.257773	
2025	0.522348	-0.151798	1.257496	
2026	0.519410	-0.152119	1.256163	
2027	0.517103	-0.150270	1.256171	
2028	0.514257	-0.150356	1.255074	
2029	0.511268	-0.148842	1.253694	
2030	0.508426	-0.148510	1.252933	
2031	0.504599	-0.147810	1.251129	
2032	0.500914	-0.146677	1.249611	
2033	0.497206	-0.146274	1.248063	
2034	0.493351	-0.145456	1.246455	
2035	0.489632	-0.144769	1.244895	
2036	0.485502	-0.143764	1.242795	
2037	0.481637	-0.143270	1.241047	
2038	0.476745	-0.142536	1.238087	
2039	0.472173	-0.142281	1.235785	
2040	0.467865	-0.141496	1.233253	
2041	0.464344	-0.140955	1.231131	
2042	0.461026	-0.140458	1.229213	
2043	0.457738	-0.139451	1.227207	
2044	0.450770	-0.137536	1.221193	
2045	0.445955	-0.134828	1.216832	
2046	0.443339	-0.133859	1.214189	
2047	0.440471	-0.132284	1.211411	
2048	0.436982	-0.131171	1.207679	
2049	0.433513	-0.128256	1.204214	
2050	0.430110	-0.127456	1.200806	
2051	0.426976	-0.125951	1.197818	
2052	0.424273	-0.124012	1.195627	
2053	0.420723	-0.123058	1.192009	
2054	0.418112	-0.120943	1.189758	
2055	0.414873	-0.119394	1.186741	
2056	0.411147	-0.117899	1.183362	
2057	0.405324	-0.114203	1.178007	
2058	0.402298	-0.113075	1.175082	
2059	0.399632	-0.111051	1.172769	
2060	0.396354	-0.109382	1.169615	
2061	0.393293	-0.107032	1.166873	
2062	0.387849	-0.102871	1.161985	
2063	0.385004	-0.100309	1.159210	
2064	0.380576	-0.094637	1.154817	
2065	0.378435	-0.092524	1.152735	
2066	0.376452	-0.090683	1.150385	
2067	0.374742	-0.088271	1.148731	
2068	0.372614	-0.087468	1.146096	
2069	0.370464	-0.086083	1.143488	
2070	0.366817	-0.084871	1.139386	
2071	0.364586	-0.084510	1.136760	
2072	0.362811	-0.083473	1.134348	
2073	0.360488	-0.084010	1.131132	
2074	0.358426	-0.084060	1.127949	
2075	0.357337	-0.082839	1.125386	
2076	0.355382	-0.083155	1.121517	
2077	0.354091	-0.081524	1.117976	
2078	0.353430	-0.080696	1.114635	
2079	0.352224	-0.080924	1.110565	
2080	0.351741	-0.079847	1.106698	
2081	0.350989	-0.078043	1.102832	
2082	0.350013	-0.077331	1.098223	
2083	0.349908	-0.075863	1.093845	
2084	0.349621	-0.074359	1.088857	
2085	0.349114	-0.072774	1.083463	
2086	0.349482	-0.071025	1.078602	
2087	0.349715	-0.071177	1.073400	
2088	0.350211	-0.070109	1.067542	
2089	0.350864	-0.068716	1.061656	
2090	0.352010	-0.068437	1.055836	
2091	0.353085	-0.066713	1.050296	
2092	0.354193	-0.063302	1.045906	
2093	0.355778	-0.062804	1.039248	
2094	0.356038	-0.059548	1.034054	
2095	0.357353	-0.057460	1.028225	
2096	0.357755	-0.056564	1.020670	
2097	0.358013	-0.052827	1.014591	
2098	0.359113	-0.051426	1.007016	
2099	0.358752	-0.049505	0.999161	
2100	0.359216	-0.046968	0.991856	
2101	0.359174	-0.046582	0.983589	
2102	0.358624	-0.044901	0.975908	
2103	0.358263	-0.042614	0.969060	
2104	0.357792	-0.041790	0.962278	
2105	0.356390	-0.041820	0.955357	
2106	0.354910	-0.040804	0.948857	
2107	0.353278	-0.041358	0.942758	
2108	0.350736	-0.042373	0.936704	
2109	0.348591	-0.042307	0.932062	
2110	0.345582	-0.043198	0.926487	
2111	0.342688	-0.042614	0.921427	
2112	0.339985	-0.041926	0.916756	
2113	0.336246	-0.042933	0.911314	
2114	0.333116	-0.041834	0.906855	
2115	0.329662	-0.040300	0.902565	
2116	0.327329	-0.040752	0.898708	
2117	0.323980	-0.039411	0.894393	
2118	0.321009	-0.037469	0.890401	
2119	0.317347	-0.037355	0.885264	
2120	0.314354	-0.036090	0.880610	
2121	0.312167	-0.033967	0.876678	
2122	0.307935	-0.036487	0.864660	
2123	0.306458	-0.034212	0.859617	
2124	0.302964	-0.036982	0.845278	
2125	0.301710	-0.034675	0.839433	
2126	0.300807	-0.037179	0.831339	
2127	0.300373	-0.036824	0.824359	
2128	0.299675	-0.034114	0.818382	
2129	0.299889	-0.035631	0.810318	
2130	0.298918	-0.037496	0.801641	
2131	0.297268	-0.035913	0.794606	
2132	0.298340	-0.035829	0.787012	
2133	0.298840	-0.035905	0.772706	
2134	0.299959	-0.037585	0.757874	
2135	0.299490	-0.036259	0.751843	
2136	0.300238	-0.035550	0.745898	
2137	0.300169	-0.037247	0.739245	
2138	0.300821	-0.036618	0.733958	
2139	0.301591	-0.035029	0.728440	
2140	0.301749	-0.035441	0.722210	
2141	0.302405	-0.035481	0.715943	
2142	0.304307	-0.034210	0.710007	
2143	0.305502	-0.031968	0.704624	
2144	0.307667	-0.032083	0.698545	
2145	0.308703	-0.031038	0.692543	
2146	0.310505	-0.028168	0.686845	
2147	0.312395	-0.028195	0.680584	
2148	0.315274	-0.027296	0.674304	
2149	0.321844	-0.020582	0.664108	
2150	0.325764	-0.021859	0.657381	
2151	0.327769	-0.018900	0.651263	
2152	0.334752	-0.015934	0.636853	
2153	0.336980	-0.014400	0.628788	
2154	0.338687	-0.011096	0.621802	
2155	0.341050	-0.008796	0.613608	
2156	0.342831	-0.008561	0.604466	
2157	0.344303	-0.006191	0.595973	
2158	0.345270	-0.003179	0.587017	
2159	0.347126	-0.002728	0.575561	
2160	0.348921	-0.000909	0.565387	
2161	0.354690	0.003468	0.544356	
2162	0.355841	0.005271	0.534019	
2163	0.356326	0.008649	0.524085	
2164	0.356952	0.011831	0.512719	
2165	0.357771	0.012819	0.499922	
2166	0.357821	0.014852	0.489509	
2167	0.358491	0.019329	0.479511	
2168	0.358767	0.019597	0.467088	
2169	0.358146	0.021126	0.454496	
2170	0.358065	0.021951	0.444505	
2171	0.356458	0.024220	0.434081	
2172	0.357062	0.025327	0.423369	
2173	0.357488	0.027628	0.414555	
2174	0.356941	0.030960	0.406415	
2175	0.356164	0.031970	0.397252	
2176	0.355205	0.032872	0.388617	
2177	0.355121	0.035677	0.382117	
2178	0.354882	0.037841	0.375104	
2179	0.355097	0.036849	0.367077	
2180	0.352177	0.041055	0.355128	
2181	0.350070	0.041989	0.348897	
2182	0.345671	0.042985	0.342984	
2183	0.335845	0.044250	0.337108	
2184	0.333371	0.045919	0.331134	
2185	0.329630	0.046717	0.324695	
2186	0.324108	0.049479	0.320120	
2187	0.318234	0.050867	0.314791	
2188	0.311406	0.051907	0.308523	
2189	0.304202	0.054384	0.303274	
2190	0.294863	0.056191	0.298138	
2191	0.286605	0.056958	0.291391	
2192	0.278424	0.057685	0.283805	
2193	0.268798	0.060575	0.278184	
2194	0.259504	0.062462	0.272330	
2195	0.250387	0.063256	0.265510	
2196	0.240804	0.063934	0.258532	
2197	0.232110	0.065706	0.252584	
2198	0.224309	0.066888	0.246078	
2199	0.215965	0.066693	0.238977	
2200	0.208140	0.067271	0.233067	
2201	0.201633	0.068544	0.227132	
2202	0.194900	0.069859	0.220821	
2203	0.185977	0.069186	0.214623	
2204	0.178217	0.069731	0.209648	
2205	0.170883	0.071092	0.204594	
2206	0.162757	0.072031	0.199161	
2207	0.155777	0.072528	0.193567	
2208	0.148485	0.072156	0.187631	
2209	0.141872	0.073042	0.181875	
2210	0.134949	0.073054	0.175718	
2211	0.127701	0.072341	0.169902	
2212	0.120667	0.072662	0.164752	
2213	0.113058	0.071908	0.159075	
2214	0.094498	0.074297	0.149093	
2215	0.087196	0.073779	0.142832	
2216	0.078697	0.074787	0.136825	
2217	0.071061	0.075856	0.130890	
2218	0.063085	0.075683	0.123604	
2219	0.053745	0.074700	0.116829	
2220	0.046571	0.076880	0.110429	
2221	0.038966	0.076571	0.102584	
2222	0.029590	0.077503	0.094990	
2223	0.021000	0.081086	0.088862	
2224	0.013140	0.083877	0.081258	
2225	0.002545	0.085570	0.073332	
2226	-0.005153	0.087950	0.067000	
2227	-0.013617	0.092646	0.060709	
2228	-0.023557	0.095017	0.053644	
2229	-0.032384	0.097655	0.047607	
2230	-0.039470	0.103004	0.042296	
2231	-0.048047	0.105839	0.035789	
2232	-0.057212	0.109674	0.030147	
2233	-0.065421	0.114669	0.025010	
2234	-0.073186	0.120027	0.019572	
2235	-0.090541	0.130389	0.009757	
2236	-0.095991	0.137993	0.006097	
2237	-0.105052	0.140936	-0.000139	
2238	-0.113133	0.144023	-0.004348	
2239	-0.118769	0.148004	-0.007575	
2240	-0.124849	0.149916	-0.011080	
2241	-0.131449	0.150836	-0.014868	
2242	-0.137202	0.152492	-0.018019	
2243	-0.143188	0.152404	-0.021773	
2244	-0.149856	0.152318	-0.024750	
2245	-0.155296	0.152944	-0.027496	
2246	-0.165020	0.152749	-0.030930	
2247	-0.173751	0.152363	-0.033857	
2248	-0.178833	0.154471	-0.035496	
2249	-0.185089	0.155844	-0.038162	
2250	-0.193715	0.156631	-0.040899	
2251	-0.201026	0.158865	-0.042479	
2252	-0.209063	0.160078	-0.044470	
2253	-0.217294	0.160040	-0.046263	
2254	-0.224289	0.159889	-0.047826	
2255	-0.231113	0.159581	-0.049238	
2256	-0.250758	0.157348	-0.051708	
2257	-0.265551	0.155900	-0.054574	
2258	-0.272753	0.156051	-0.055743	
2259	-0.280107	0.156456	-0.056830	
2260	-0.287016	0.156493	-0.057585	
2261	-0.293615	0.157754	-0.057779	
2262	-0.300342	0.160203	-0.057610	
2263	-0.307823	0.161767	-0.057567	
2264	-0.316569	0.162504	-0.058195	
2265	-0.323798	0.164816	-0.058105	
2266	-0.329874	0.167571	-0.058530	
2267	-0.337011	0.168196	-0.060174	
2268	-0.344726	0.167637	-0.062188	
2269	-0.352533	0.168696	-0.063968	
2270	-0.359120	0.167921	-0.066715	
2271	-0.366620	0.166244	-0.069311	
2272	-0.373262	0.164815	-0.071860	
2273	-0.379894	0.163737	-0.074594	
2274	-0.386506	0.160345	-0.077803	
2275	-0.394839	0.158695	-0.080765	
2276	-0.402493	0.157446	-0.083310	
2277	-0.408364	0.155982	-0.086168	
2278	-0.417572	0.155073	-0.088160	
2279	-0.424324	0.154367	-0.090160	
2280	-0.429453	0.155177	-0.091515	
2281	-0.437771	0.154426	-0.093435	
2282	-0.445256	0.156446	-0.094198	
2283	-0.451740	0.156693	-0.095903	
2284	-0.459779	0.154555	-0.097853	
2285	-0.465354	0.152635	-0.099416	
2286	-0.469045	0.152215	-0.101484	
2287	-0.475652	0.152373	-0.104011	
2288	-0.482175	0.151515	-0.106959	
2289	-0.487975	0.149753	-0.110970	
2290	-0.493699	0.149609	-0.114993	
2291	-0.499745	0.149780	-0.119619	
2292	-0.507275	0.150199	-0.123973	
2293	-0.512880	0.151012	-0.129060	
2294	-0.518361	0.152038	-0.134318	
2295	-0.525667	0.156092	-0.139442	
2296	-0.532713	0.160455	-0.144488	
2297	-0.538594	0.163671	-0.150103	
2298	-0.546667	0.167299	-0.155534	
2299	-0.554032	0.170920	-0.160742	
2300	-0.559678	0.175250	-0.165507	
2301	-0.565248	0.180866	-0.170199	
2302	-0.572702	0.183710	-0.174931	
2303	-0.579241	0.187063	-0.179554	
2304	-0.585600	0.192809	-0.183547	
2305	-0.590646	0.197832	-0.187670	
2306	-0.598382	0.202033	-0.191190	
2307	-0.603094	0.206443	-0.195327	
2308	-0.609266	0.212001	-0.199141	
2309	-0.616190	0.214731	-0.203407	
2310	-0.620860	0.218257	-0.207375	
2311	-0.627699	0.221740	-0.211084	
2312	-0.631570	0.225485	-0.214174	
2313	-0.638248	0.227479	-0.217028	
2314	-0.643313	0.228669	-0.219936	
2315	-0.648816	0.230144	-0.222386	
2316	-0.654058	0.232257	-0.224118	
2317	-0.659241	0.234234	-0.225986	
2318	-0.667894	0.236881	-0.227553	
2319	-0.673243	0.237699	-0.229531	
2320	-0.678194	0.237782	-0.231954	
2321	-0.684730	0.238388	-0.234383	
2322	-0.690067	0.238904	-0.236621	
2323	-0.695275	0.238406	-0.239671	
2324	-0.701355	0.238151	-0.242717	
2325	-0.708178	0.237296	-0.245423	
2326	-0.714212	0.236872	-0.248577	
2327	-0.720237	0.236705	-0.251899	
2328	-0.727103	0.234138	-0.254751	
2329	-0.734436	0.231212	-0.257812	
2330	-0.755668	0.228712	-0.258200	
2331	-0.763342	0.227835	-0.260771	
2332	-0.769325	0.225608	-0.263439	
2333	-0.778516	0.225081	-0.265864	
2334	-0.786489	0.224659	-0.268023	
2335	-0.793925	0.222091	-0.270488	
2336	-0.804364	0.223000	-0.272227	
2337	-0.810229	0.222685	-0.275050	
2338	-0.817067	0.222147	-0.278016	
2339	-0.829161	0.224365	-0.280528	
2340	-0.843036	0.227734	-0.282740	
2341	-0.847811	0.227334	-0.286741	
2342	-0.855443	0.228318	-0.290029	
2343	-0.866762	0.230307	-0.292580	
2344	-0.872652	0.228848	-0.296241	
2345	-0.881289	0.228463	-0.299094	
2346	-0.885063	0.228806	-0.302444	
2347	-0.891318	0.226784	-0.306521	
2348	-0.901147	0.226709	-0.309060	
2349	-0.908628	0.227235	-0.312000	
2350	-0.915207	0.226417	-0.315418	
2351	-0.922627	0.226784	-0.319125	
2352	-0.926440	0.224362	-0.323752	
2353	-0.932989	0.222184	-0.327869	
2354	-0.940130	0.220329	-0.331741	
2355	-0.945263	0.218623	-0.336201	
2356	-0.949284	0.219121	-0.340689	
2357	-0.958340	0.219921	-0.344307	
2358	-0.964663	0.221859	-0.347769	
2359	-0.970992	0.222999	-0.352084	
2360	-0.985197	0.225176	-0.360569	
2361	-0.997108	0.229087	-0.371127	
2362	-1.007700	0.235002	-0.375489	
2363	-1.014465	0.238304	-0.381001	
2364	-1.028028	0.245647	-0.390683	
2365	-1.045319	0.254366	-0.399677	
2366	-1.062319	0.260642	-0.408628	
2367	-1.071429	0.265901	-0.413241	
2368	-1.076038	0.269312	-0.417949	
2369	-1.084027	0.273253	-0.421180	
2370	-1.092709	0.279447	-0.423763	
2371	-1.101152	0.284543	-0.425748	
2372	-1.103864	0.286801	-0.428903	
2373	-1.107258	0.288296	-0.430319	
2374	-1.118428	0.293182	-0.428117	
2375	-1.125353	0.297068	-0.426054	
2376	-1.123724	0.297647	-0.425515	
2377	-1.127831	0.300107	-0.423378	
2378	-1.136047	0.301352	-0.419889	
2379	-1.144886	0.300860	-0.414056	
2380	-1.147948	0.303264	-0.410553	
2381	-1.154460	0.300856	-0.406907	
2382	-1.163105	0.298346	-0.401412	
2383	-1.165151	0.297697	-0.397431	
2384	-1.170946	0.297798	-0.391537	
2385	-1.179349	0.293661	-0.384549	
2386	-1.186925	0.291048	-0.377786	
2387	-1.193356	0.288723	-0.371264	
2388	-1.199468	0.281670	-0.364735	
2389	-1.208000	0.279436	-0.356614	
2390	-1.215606	0.276993	-0.349119	
2391	-1.220574	0.273219	-0.341513	
2392	-1.223043	0.267019	-0.335503	
2393	-1.232949	0.261813	-0.327123	
2394	-1.240752	0.258070	-0.319753	
2395	-1.246418	0.255682	-0.313292	
2396	-1.252302	0.250603	-0.306863	
2397	-1.256962	0.243806	-0.300849	
2398	-1.264060	0.237724	-0.294404	
2399	-1.276620	0.228049	-0.284888	
2400	-1.283000	0.222414	-0.278588	
2401	-1.285567	0.215846	-0.273253	
2402	-1.287301	0.208977	-0.268438	
2403	-1.292730	0.204153	-0.262952	
2404	-1.297732	0.198753	-0.257868	
2405	-1.299208	0.192955	-0.253641	
2406	-1.303836	0.190135	-0.248782	
2407	-1.307762	0.185320	-0.244032	
2408	-1.312796	0.181160	-0.238918	
2409	-1.317283	0.177273	-0.233621	
2410	-1.324548	0.171170	-0.223717	
2411	-1.327861	0.162794	-0.215415	
2412	-1.332642	0.160800	-0.210666	
2413	-1.334895	0.157793	-0.206163	
2414	-1.333088	0.152904	-0.203103	
2415	-1.337121	0.149976	-0.197850	
2416	-1.338856	0.146557	-0.193555	
2417	-1.338321	0.142547	-0.189559	
2418	-1.338857	0.139321	-0.185613	
2419	-1.343210	0.137301	-0.180288	
2420	-1.342837	0.133393	-0.176936	
2421	-1.345727	0.130855	-0.172064	
2422	-1.348494	0.128501	-0.167547	
2423	-1.349124	0.124578	-0.164055	
2424	-1.353255	0.123601	-0.159045	
2425	-1.354705	0.123138	-0.154338	
2426	-1.354884	0.121083	-0.150100	
2427	-1.359738	0.118421	-0.143963	
2428	-1.361941	0.116802	-0.138323	
2429	-1.364033	0.117092	-0.132712	
2430	-1.361226	0.115331	-0.128739	
2431	-1.363466	0.114285	-0.122979	
2432	-1.365722	0.115023	-0.117171	
2433	-1.367580	0.112698	-0.111682	
2434	-1.368467	0.110963	-0.105780	
2435	-1.366968	0.109862	-0.101034	
2436	-1.367170	0.109187	-0.094919	
2437	-1.365848	0.106758	-0.089053	
2438	-1.360575	0.104147	-0.083761	
2439	-1.358255	0.100428	-0.076892	
2440	-1.356142	0.095181	-0.069501	
2441	-1.351995	0.090395	-0.061876	
2442	-1.344760	0.087153	-0.054971	
2443	-1.339870	0.081796	-0.046920	
2444	-1.339982	0.076226	-0.036556	
2445	-1.332692	0.072274	-0.028058	
2446	-1.321982	0.065576	-0.021450	
2447	-1.320895	0.057687	-0.011767	
2448	-1.314006	0.052660	-0.003170	
2449	-1.300042	0.046046	0.002138	
2450	-1.298084	0.036315	0.010743	
2451	-1.296175	0.030910	0.020741	
2452	-1.281230	0.025422	0.026848	
2453	-1.272152	0.018066	0.033595	
2454	-1.270904	0.013174	0.042909	
2455	-1.263350	0.008243	0.049864	
2456	-1.253414	0.004682	0.055256	
2457	-1.251103	0.000440	0.062229	
2458	-1.247278	-0.001843	0.068585	
2459	-1.237809	-0.005542	0.072727	
2460	-1.229789	-0.009194	0.075957	
2461	-1.227111	-0.010077	0.081296	
2462	-1.224787	-0.010010	0.086295	
2463	-1.216124	-0.011137	0.089085	
2464	-1.208469	-0.011754	0.092898	
2465	-1.205139	-0.011285	0.098161	
2466	-1.202166	-0.011654	0.103382	
2467	-1.195031	-0.013795	0.108072	
2468	-1.189079	-0.011739	0.114195	
2469	-1.185517	-0.009833	0.119451	
2470	-1.180880	-0.010406	0.123853	
2471	-1.177228	-0.008533	0.129242	
2472	-1.175753	-0.006002	0.135633	
2473	-1.169801	-0.005218	0.139105	
2474	-1.166214	-0.005225	0.143514	
2475	-1.163308	-0.003133	0.148250	
2476	-1.157421	-0.003205	0.150976	
2477	-1.154819	-0.004589	0.154043	
2478	-1.150988	-0.004448	0.157156	
2479	-1.147074	-0.002563	0.160103	
2480	-1.145810	-0.002849	0.163145	
2481	-1.140996	-0.002977	0.166224	
2482	-1.136964	-0.002004	0.169995	
2483	-1.130686	-0.005875	0.172543	
2484	-1.130794	-0.004604	0.179257	
2485	-1.128815	-0.002015	0.185223	
2486	-1.120858	-0.004554	0.188565	
2487	-1.117791	-0.006627	0.193077	
2488	-1.120247	-0.003455	0.198774	
2489	-1.116258	-0.005111	0.202626	
2490	-1.111905	-0.004928	0.206679	
2491	-1.109587	-0.004401	0.210908	
2492	-1.108692	-0.005379	0.215759	
2493	-1.104560	0.000137	0.220551	
2494	-1.097737	-0.001003	0.222565	
2495	-1.098782	0.000331	0.226892	
2496	-1.099027	0.005023	0.231885	
2497	-1.093399	0.005053	0.233601	
2498	-1.094031	0.005317	0.236591	
2499	-1.096756	0.011122	0.241495	
2500	-1.092886	0.011332	0.242708	
2501	-1.093214	0.011155	0.244651	
2502	-1.094731	0.013953	0.247839	
2503	-1.092849	0.013762	0.248966	
2504	-1.094325	0.013572	0.250537	
2505	-1.096772	0.014910	0.252747	
2506	-1.095678	0.015032	0.253817	
2507	-1.095550	0.014612	0.254707	
2508	-1.097073	0.015880	0.256392	
2509	-1.096566	0.016127	0.257616	
2510	-1.094414	0.017005	0.258229	
2511	-1.095828	0.017763	0.259440	
2512	-1.097733	0.020707	0.261794	
2513	-1.096947	0.022141	0.263324	
2514	-1.097410	0.022702	0.264615	
2515	-1.101050	0.025499	0.267849	
2516	-1.098717	0.027298	0.269375	
2517	-1.096809	0.027605	0.270272	
2518	-1.101844	0.030523	0.273905	
2519	-1.100812	0.033036	0.276151	
2520	-1.098767	0.032844	0.277474	
2521	-1.101478	0.035146	0.280782	
2522	-1.100649	0.037050	0.283104	
2523	-1.098398	0.038414	0.285254	
2524	-1.096513	0.040086	0.287108	
2525	-1.098213	0.041770	0.290045	
2526	-1.094410	0.043015	0.291790	
2527	-1.092007	0.044487	0.293325	
2528	-1.093643	0.046605	0.295957	
2529	-1.092885	0.048285	0.298054	
2530	-1.088130	0.049379	0.298225	
2531	-1.087645	0.049874	0.298967	
2532	-1.089183	0.051803	0.300623	
2533	-1.086030	0.052604	0.300821	
2534	-1.084547	0.052261	0.300551	
2535	-1.086899	0.052858	0.302273	
2536	-1.084109	0.053451	0.302877	
2537	-1.083168	0.052612	0.302968	
2538	-1.083246	0.052293	0.303737	
2539	-1.082479	0.051992	0.304478	
2540	-1.080707	0.051816	0.304522	
2541	-1.079217	0.050777	0.304971	
2542	-1.076566	0.050013	0.304327	
2543	-1.076292	0.049449	0.304302	
2544	-1.075396	0.048804	0.304372	
2545	-1.073424	0.048105	0.304045	
2546	-1.074393	0.046872	0.304172	
2547	-1.073964	0.047431	0.304651	
2548	-1.071273	0.048466	0.304261	
2549	-1.071760	0.048475	0.304498	
2550	-1.071879	0.049634	0.305035	
2551	-1.069162	0.051621	0.305031	
2552	-1.068202	0.051628	0.304713	
2553	-1.067930	0.053686	0.305507	
2554	-1.064651	0.055476	0.305052	
2555	-1.063994	0.056221	0.304911	
2556	-1.063587	0.057824	0.305380	
2557	-1.060599	0.060148	0.304819	
2558	-1.059798	0.060449	0.304285	
2559	-1.060304	0.061932	0.304685	
2560	-1.056895	0.064024	0.304132	
2561	-1.056630	0.064565	0.303721	
2562	-1.057119	0.065914	0.304086	
2563	-1.052994	0.068515	0.303384	
2564	-1.052614	0.069672	0.303251	
2565	-1.051484	0.071744	0.303236	
2566	-1.047313	0.075480	0.302189	
2567	-1.047554	0.076744	0.302077	
2568	-1.044466	0.078790	0.300714	
2569	-1.043960	0.080158	0.299628	
2570	-1.042000	0.081039	0.298634	
2571	-1.042150	0.081337	0.297644	
2572	-1.041544	0.081851	0.296830	
2573	-1.039248	0.082434	0.295689	
2574	-1.038896	0.082948	0.294247	
2575	-1.036769	0.082570	0.292867	
2576	-1.037567	0.082731	0.292440	
2577	-1.035358	0.082664	0.291438	
2578	-1.033550	0.082841	0.289553	
2579	-1.032478	0.083397	0.288954	
2580	-1.029489	0.084102	0.287900	
2581	-1.029268	0.084696	0.287401	
2582	-1.029599	0.085221	0.287290	
2583	-1.027723	0.085842	0.286533	
