0	0.000000	0.000000	0.000000	
1	0.000000	0.000000	0.000000	
2	0.000000	0.000000	0.000000	
3	0.000000	0.000000	0.000000	
4	0.000067	0.001382	0.000723	
5	-0.000361	0.001262	0.000704	
6	-0.000670	0.002140	0.000451	
7	-0.000431	0.001631	0.000085	
8	-0.001101	0.005103	0.000530	
9	-0.000574	0.003788	-0.000197	
10	-0.000581	0.005126	0.000087	
11	-0.000621	0.003723	-0.000382	
12	-0.000658	0.003232	-0.000169	
13	-0.000517	0.003312	-0.000216	
14	-0.001148	0.002125	-0.000763	
15	-0.001208	0.001575	-0.000924	
16	-0.001034	0.000821	-0.001333	
17	-0.001269	-0.000515	-0.002053	
18	-0.000676	-0.000108	-0.001900	
19	-0.001076	-0.000469	-0.002555	
20	-0.001236	0.000350	-0.002423	
21	-0.000921	-0.000195	-0.002610	
22	0.000795	0.000531	-0.002624	
23	0.001009	0.000530	-0.003076	
24	0.000782	-0.000310	-0.003773	
25	0.001559	0.000296	-0.004100	
26	0.001944	0.000044	-0.004836	
27	0.002061	-0.000581	-0.005823	
28	0.003588	-0.000078	-0.006106	
29	0.003224	0.000308	-0.006573	
30	0.002692	-0.000436	-0.007429	
31	0.003899	-0.000411	-0.007632	
32	0.004255	0.000971	-0.007553	
33	0.003710	0.001592	-0.008140	
34	0.004098	0.002129	-0.008360	
35	0.004569	0.002161	-0.008473	
36	0.004477	0.002194	-0.008759	
37	0.005000	0.003343	-0.008479	
38	0.005721	0.004880	-0.008431	
39	0.004988	0.004754	-0.009108	
40	0.005383	0.005404	-0.008881	
41	0.005827	0.005491	-0.009152	
42	0.006099	0.004471	-0.009946	
43	0.006261	0.003370	-0.010540	
44	0.006860	0.003084	-0.010667	
45	0.006900	0.003582	-0.010949	
46	0.007080	0.003465	-0.011384	
47	0.007483	0.003939	-0.011617	
48	0.007392	0.004648	-0.011994	
49	0.007113	0.004218	-0.012347	
50	0.008108	0.004400	-0.012514	
51	0.008389	0.003776	-0.013236	
52	0.007800	0.003249	-0.013485	
53	0.008165	0.004394	-0.013618	
54	0.007941	0.004199	-0.013980	
55	0.008093	0.004104	-0.014395	
56	0.008123	0.004303	-0.014398	
57	0.007979	0.004308	-0.014771	
58	0.007731	0.004382	-0.014907	
59	0.008500	0.005971	-0.014183	
60	0.008074	0.006150	-0.014013	
61	0.006966	0.006725	-0.013710	
62	0.007654	0.007843	-0.013002	
63	0.007899	0.008708	-0.012351	
64	0.007093	0.009999	-0.011678	
65	0.006671	0.010193	-0.011421	
66	0.006489	0.010248	-0.011074	
67	0.006540	0.011924	-0.010233	
68	0.005410	0.012010	-0.010151	
69	0.003487	0.012489	-0.010242	
70	0.002198	0.012556	-0.010438	
71	-0.000245	0.011670	-0.011598	
72	-0.003082	0.011437	-0.012966	
73	-0.006359	0.009143	-0.015911	
74	-0.011590	0.007482	-0.019556	
75	-0.018202	0.006602	-0.023277	
76	-0.023728	0.005883	-0.027607	
77	-0.036776	0.003090	-0.037354	
78	-0.045415	0.002049	-0.042261	
79	-0.054553	0.002259	-0.046507	
80	-0.063442	0.001783	-0.051167	
81	-0.072729	0.001744	-0.055541	
82	-0.084114	0.002306	-0.060145	
83	-0.094965	0.004460	-0.064002	
84	-0.105588	0.006149	-0.067573	
85	-0.117214	0.008484	-0.070802	
86	-0.129484	0.010543	-0.073748	
87	-0.142755	0.013616	-0.076257	
88	-0.155974	0.016738	-0.078541	
89	-0.167817	0.019172	-0.080822	
90	-0.181324	0.021281	-0.083441	
91	-0.193686	0.025287	-0.084909	
92	-0.204714	0.029034	-0.086465	
93	-0.216928	0.031376	-0.088515	
94	-0.228712	0.033049	-0.089846	
95	-0.239564	0.034673	-0.091846	
96	-0.249483	0.037114	-0.093481	
97	-0.259679	0.037161	-0.095259	
98	-0.269388	0.036738	-0.096911	
99	-0.279783	0.036558	-0.097701	
100	-0.288650	0.036681	-0.098284	
101	-0.298946	0.034963	-0.098897	
102	-0.308877	0.034350	-0.098820	
103	-0.317931	0.033092	-0.098660	
104	-0.326401	0.031238	-0.098879	
105	-0.335589	0.029020	-0.099077	
106	-0.345479	0.027853	-0.098380	
107	-0.353621	0.027465	-0.097373	
108	-0.372624	0.023557	-0.095968	
109	-0.382166	0.022858	-0.094255	
110	-0.391540	0.021926	-0.092613	
111	-0.401419	0.020486	-0.090281	
112	-0.413171	0.018952	-0.087672	
113	-0.424406	0.017941	-0.084965	
114	-0.434741	0.015496	-0.082321	
115	-0.445457	0.012017	-0.079184	
116	-0.457478	0.008064	-0.076018	
117	-0.467893	0.005109	-0.071873	
118	-0.475362	0.003026	-0.066209	
119	-0.499110	-0.002761	-0.054200	
120	-0.507042	-0.003640	-0.046749	
121	-0.511967	-0.007848	-0.039831	
122	-0.521526	-0.011741	-0.032888	
123	-0.529106	-0.012583	-0.025940	
124	-0.537044	-0.017045	-0.020495	
125	-0.544495	-0.020947	-0.014539	
126	-0.551772	-0.023099	-0.008754	
127	-0.560076	-0.027623	-0.004402	
128	-0.566794	-0.032098	0.000095	
129	-0.573197	-0.036046	0.004853	
130	-0.581792	-0.040310	0.009124	
131	-0.587625	-0.043374	0.014152	
132	-0.593328	-0.047441	0.019396	
133	-0.599693	-0.051344	0.024441	
134	-0.615072	-0.056372	0.035400	
135	-0.622231	-0.059352	0.041169	
136	-0.630550	-0.061382	0.046668	
137	-0.638598	-0.064126	0.052081	
138	-0.652724	-0.068881	0.063141	
139	-0.662015	-0.069956	0.068802	
140	-0.679806	-0.074036	0.079982	
141	-0.688357	-0.076156	0.085556	
142	-0.697673	-0.076357	0.091722	
143	-0.706679	-0.078118	0.097347	
144	-0.716103	-0.080660	0.102940	
145	-0.723850	-0.083699	0.107983	
146	-0.733689	-0.087546	0.112857	
147	-0.743474	-0.088820	0.118472	
148	-0.751416	-0.092172	0.123349	
149	-0.760505	-0.094806	0.128385	
150	-0.769980	-0.096065	0.134103	
151	-0.784261	-0.102560	0.145070	
152	-0.792275	-0.104782	0.150397	
153	-0.799153	-0.108434	0.155336	
154	-0.803659	-0.112541	0.160130	
155	-0.810357	-0.113939	0.165432	
156	-0.817000	-0.115407	0.171104	
157	-0.821389	-0.118168	0.176645	
158	-0.826169	-0.121984	0.182110	
159	-0.833097	-0.123895	0.188171	
160	-0.838376	-0.126273	0.194017	
161	-0.842368	-0.129870	0.199250	
162	-0.848367	-0.131400	0.204507	
163	-0.855404	-0.132723	0.209780	
164	-0.859831	-0.135192	0.214697	
165	-0.864704	-0.138763	0.219041	
166	-0.871378	-0.140276	0.223907	
167	-0.876307	-0.142420	0.228956	
168	-0.879824	-0.145925	0.233281	
169	-0.885899	-0.147739	0.238598	
170	-0.892793	-0.149075	0.244232	
171	-0.897253	-0.154972	0.249211	
172	-0.902168	-0.159768	0.254193	
173	-0.909378	-0.163076	0.259763	
174	-0.919436	-0.169276	0.271354	
175	-0.925363	-0.173765	0.277422	
176	-0.931526	-0.175638	0.283971	
177	-0.935995	-0.179789	0.290615	
178	-0.940723	-0.183517	0.297388	
179	-0.946189	-0.187162	0.304187	
180	-0.951031	-0.190805	0.310593	
181	-0.955791	-0.194016	0.316894	
182	-0.960302	-0.197484	0.322695	
183	-0.966351	-0.202052	0.328722	
184	-0.970849	-0.203592	0.334769	
185	-0.973249	-0.207963	0.339583	
186	-0.979701	-0.209505	0.345355	
187	-0.986637	-0.211603	0.350967	
188	-0.991614	-0.213655	0.356340	
189	-0.996002	-0.215636	0.361449	
190	-1.003986	-0.216012	0.367522	
191	-1.011146	-0.216956	0.373725	
192	-1.016224	-0.217545	0.380081	
193	-1.021791	-0.219236	0.386015	
194	-1.030838	-0.219549	0.392670	
195	-1.041040	-0.218719	0.399664	
196	-1.049574	-0.220364	0.405397	
197	-1.059321	-0.221140	0.410840	
198	-1.072132	-0.222297	0.416863	
199	-1.082945	-0.222917	0.421701	
200	-1.092481	-0.223745	0.425822	
201	-1.103854	-0.224256	0.430397	
202	-1.116805	-0.224890	0.435575	
203	-1.126093	-0.224580	0.439671	
204	-1.136836	-0.226706	0.444020	
205	-1.157765	-0.229910	0.452382	
206	-1.166251	-0.231462	0.455806	
207	-1.176478	-0.234593	0.460121	
208	-1.185936	-0.237452	0.464411	
209	-1.191928	-0.238394	0.468088	
210	-1.199753	-0.241814	0.471938	
211	-1.209532	-0.244575	0.477008	
212	-1.214772	-0.246146	0.481249	
213	-1.220675	-0.248989	0.485429	
214	-1.229599	-0.253108	0.490615	
215	-1.234703	-0.254289	0.495633	
216	-1.239313	-0.257451	0.500112	
217	-1.246930	-0.260854	0.505992	
218	-1.251325	-0.263360	0.511544	
219	-1.255673	-0.265745	0.517221	
220	-1.261466	-0.269369	0.523198	
221	-1.266734	-0.272079	0.529363	
222	-1.270653	-0.275266	0.535010	
223	-1.275440	-0.279758	0.540989	
224	-1.280174	-0.283544	0.547209	
225	-1.283671	-0.287401	0.553291	
226	-1.288125	-0.291689	0.559851	
227	-1.290517	-0.296065	0.565934	
228	-1.293093	-0.301515	0.571829	
229	-1.297094	-0.307765	0.578105	
230	-1.300338	-0.312292	0.583904	
231	-1.303846	-0.316331	0.589627	
232	-1.307801	-0.321296	0.595568	
233	-1.310197	-0.326437	0.601091	
234	-1.313878	-0.331489	0.607028	
235	-1.319634	-0.335397	0.614075	
236	-1.323366	-0.339759	0.619957	
237	-1.326997	-0.343847	0.625704	
238	-1.331346	-0.347780	0.631661	
239	-1.335661	-0.351395	0.637892	
240	-1.339744	-0.354911	0.643844	
241	-1.345184	-0.359346	0.650066	
242	-1.350320	-0.361778	0.656090	
243	-1.355015	-0.365073	0.661054	
244	-1.361587	-0.369779	0.666601	
245	-1.367178	-0.372880	0.671870	
246	-1.371240	-0.377501	0.676243	
247	-1.376857	-0.382534	0.680351	
248	-1.382765	-0.386511	0.684220	
249	-1.387915	-0.390425	0.687382	
250	-1.393438	-0.395091	0.690060	
251	-1.401345	-0.398050	0.693326	
252	-1.408067	-0.400776	0.696216	
253	-1.415028	-0.404513	0.698401	
254	-1.424331	-0.405800	0.701255	
255	-1.432882	-0.407055	0.703123	
256	-1.451715	-0.410326	0.705989	
257	-1.462906	-0.409617	0.707372	
258	-1.482631	-0.409899	0.708530	
259	-1.494561	-0.409551	0.709722	
260	-1.505622	-0.408423	0.710840	
261	-1.516160	-0.407159	0.711829	
262	-1.526428	-0.406619	0.712917	
263	-1.536693	-0.407269	0.714085	
264	-1.547134	-0.405548	0.715997	
265	-1.556693	-0.404849	0.717107	
266	-1.567845	-0.405196	0.718505	
267	-1.577514	-0.405375	0.720355	
268	-1.586514	-0.405904	0.721646	
269	-1.597745	-0.405895	0.723981	
270	-1.607260	-0.404835	0.726265	
271	-1.616814	-0.405069	0.728477	
272	-1.626887	-0.405858	0.731181	
273	-1.635543	-0.405783	0.733982	
274	-1.644189	-0.406622	0.736740	
275	-1.653585	-0.404316	0.740816	
276	-1.661877	-0.402483	0.745396	
277	-1.670117	-0.399898	0.750584	
278	-1.677952	-0.395489	0.756784	
279	-1.685476	-0.391324	0.764007	
280	-1.692083	-0.386862	0.771585	
281	-1.698174	-0.381583	0.779363	
282	-1.702734	-0.377277	0.787067	
283	-1.706430	-0.373381	0.795057	
284	-1.710146	-0.369639	0.803197	
285	-1.712824	-0.366399	0.810546	
286	-1.715613	-0.365489	0.818257	
287	-1.718372	-0.363242	0.827705	
288	-1.717718	-0.360407	0.835615	
289	-1.718920	-0.360471	0.843153	
290	-1.720039	-0.357843	0.852279	
291	-1.719743	-0.355809	0.860850	
292	-1.720190	-0.354633	0.869831	
293	-1.720754	-0.353180	0.878554	
294	-1.721776	-0.350794	0.888259	
295	-1.722858	-0.348650	0.897532	
296	-1.723616	-0.349083	0.906184	
297	-1.725134	-0.348755	0.915238	
298	-1.726240	-0.349570	0.923997	
299	-1.727386	-0.351038	0.931159	
300	-1.729501	-0.352328	0.938915	
301	-1.731739	-0.354010	0.946586	
302	-1.733923	-0.354263	0.954641	
303	-1.735986	-0.356528	0.961411	
304	-1.738493	-0.359109	0.968538	
305	-1.740703	-0.363569	0.974927	
306	-1.744382	-0.366201	0.981627	
307	-1.748229	-0.367725	0.988599	
308	-1.752482	-0.371218	0.994995	
309	-1.756070	-0.375008	1.000653	
310	-1.759734	-0.378598	1.006550	
311	-1.763457	-0.380301	1.012498	
312	-1.767203	-0.383818	1.017989	
313	-1.771297	-0.386994	1.023711	
314	-1.775428	-0.388802	1.029997	
315	-1.779765	-0.392283	1.035779	
316	-1.784643	-0.396612	1.040839	
317	-1.789531	-0.401238	1.045804	
318	-1.794849	-0.405372	1.051137	
319	-1.800211	-0.409350	1.056174	
320	-1.806199	-0.413722	1.061327	
321	-1.811564	-0.418729	1.065954	
322	-1.816802	-0.423594	1.070251	
323	-1.822622	-0.428578	1.074441	
324	-1.828077	-0.433295	1.078660	
325	-1.833684	-0.437336	1.082747	
326	-1.838371	-0.442726	1.085564	
327	-1.842808	-0.447780	1.088527	
328	-1.847589	-0.452823	1.091913	
329	-1.852389	-0.457594	1.095524	
330	-1.857071	-0.462506	1.100118	
331	-1.861376	-0.468605	1.104268	
332	-1.865660	-0.473005	1.108653	
333	-1.870004	-0.478884	1.114419	
334	-1.873413	-0.486152	1.118911	
335	-1.877583	-0.491005	1.124601	
336	-1.881701	-0.497179	1.130697	
337	-1.884922	-0.503059	1.134815	
338	-1.888536	-0.508811	1.141072	
339	-1.891129	-0.516134	1.146738	
340	-1.893268	-0.522518	1.151183	
341	-1.895785	-0.527755	1.157146	
342	-1.897798	-0.534037	1.164393	
343	-1.898903	-0.540044	1.168264	
344	-1.900811	-0.544923	1.174706	
345	-1.902183	-0.552222	1.182055	
346	-1.903310	-0.557525	1.187361	
347	-1.904850	-0.560847	1.194357	
348	-1.904631	-0.566030	1.200601	
349	-1.904541	-0.573316	1.204903	
350	-1.904884	-0.577300	1.210829	
351	-1.905436	-0.582830	1.218525	
352	-1.905159	-0.588409	1.223466	
353	-1.905399	-0.594086	1.230227	
354	-1.904938	-0.605240	1.242532	
355	-1.904628	-0.610610	1.249228	
356	-1.904144	-0.615744	1.255712	
357	-1.903898	-0.621651	1.262514	
358	-1.903768	-0.626833	1.269384	
359	-1.903132	-0.633852	1.277270	
360	-1.902552	-0.645189	1.292333	
361	-1.902116	-0.652079	1.300230	
362	-1.901682	-0.658502	1.307346	
363	-1.901550	-0.664866	1.315119	
364	-1.901464	-0.670197	1.322306	
365	-1.901425	-0.675087	1.329385	
366	-1.901617	-0.678911	1.337216	
367	-1.901391	-0.682104	1.342930	
368	-1.901357	-0.686100	1.348818	
369	-1.901182	-0.690205	1.355543	
370	-1.900629	-0.693678	1.361764	
371	-1.900426	-0.696352	1.366605	
372	-1.899877	-0.699212	1.372420	
373	-1.899616	-0.702023	1.376602	
374	-1.900189	-0.704546	1.380363	
375	-1.900420	-0.707112	1.384968	
376	-1.901218	-0.709284	1.390003	
377	-1.902209	-0.710741	1.393492	
378	-1.903642	-0.712346	1.398077	
379	-1.905168	-0.713944	1.403419	
380	-1.906952	-0.716006	1.408731	
381	-1.908877	-0.718081	1.413546	
382	-1.911151	-0.720899	1.419828	
383	-1.913651	-0.723831	1.424530	
384	-1.916281	-0.727404	1.429851	
385	-1.919626	-0.731233	1.435823	
386	-1.922843	-0.735682	1.440240	
387	-1.927047	-0.739655	1.446401	
388	-1.931020	-0.745028	1.451625	
389	-1.934964	-0.751252	1.456368	
390	-1.939763	-0.755391	1.461631	
391	-1.944200	-0.761867	1.466744	
392	-1.949157	-0.767104	1.471102	
393	-1.954390	-0.773329	1.477677	
394	-1.959706	-0.778681	1.482179	
395	-1.965174	-0.785387	1.487816	
396	-1.971101	-0.792069	1.495213	
397	-1.976593	-0.798313	1.500401	
398	-1.986785	-0.812035	1.511441	
399	-1.990810	-0.819574	1.516894	
400	-1.995228	-0.826450	1.521190	
401	-1.998751	-0.836014	1.528380	
402	-2.001981	-0.842382	1.532612	
403	-2.005622	-0.849774	1.538059	
404	-2.009196	-0.857872	1.546384	
405	-2.012130	-0.864089	1.553923	
406	-2.015141	-0.870440	1.559789	
407	-2.018348	-0.877482	1.568357	
408	-2.020525	-0.883265	1.577051	
409	-2.022742	-0.886234	1.582041	
410	-2.025100	-0.890825	1.588692	
411	-2.026902	-0.895822	1.597637	
412	-2.028594	-0.898153	1.604293	
413	-2.030206	-0.900426	1.610055	
414	-2.031532	-0.903636	1.617676	
415	-2.032372	-0.907359	1.626488	
416	-2.033849	-0.908302	1.633066	
417	-2.035298	-0.910288	1.640361	
418	-2.036789	-0.911989	1.649040	
419	-2.038456	-0.913307	1.655359	
420	-2.039873	-0.915708	1.663513	
421	-2.041702	-0.916349	1.670343	
422	-2.043095	-0.917940	1.677587	
423	-2.044621	-0.918672	1.683569	
424	-2.045964	-0.920165	1.690160	
425	-2.047103	-0.922024	1.697086	
426	-2.049658	-0.924287	1.707473	
427	-2.051087	-0.925523	1.712570	
428	-2.052025	-0.927532	1.718217	
429	-2.053461	-0.930090	1.723937	
430	-2.055565	-0.933534	1.728800	
431	-2.056851	-0.938162	1.736559	
432	-2.058367	-0.949434	1.747429	
433	-2.059169	-0.955340	1.753007	
434	-2.059789	-0.961028	1.757728	
435	-2.061243	-0.966451	1.760621	
436	-2.062406	-0.972267	1.765920	
437	-2.063648	-0.978787	1.771642	
438	-2.065391	-0.984410	1.775728	
439	-2.066896	-0.990817	1.782225	
440	-2.067958	-0.997000	1.786813	
441	-2.069462	-1.003785	1.791803	
442	-2.070894	-1.009491	1.798020	
443	-2.072302	-1.014852	1.802967	
444	-2.073557	-1.021304	1.808487	
445	-2.075122	-1.027084	1.813970	
446	-2.075922	-1.033847	1.820527	
447	-2.077427	-1.039811	1.824596	
448	-2.078741	-1.046684	1.829917	
449	-2.080090	-1.053213	1.836812	
450	-2.081402	-1.059419	1.840537	
451	-2.083436	-1.065844	1.847848	
452	-2.084811	-1.071452	1.853577	
453	-2.087772	-1.076807	1.857618	
454	-2.089337	-1.084964	1.866683	
455	-2.091488	-1.091020	1.872711	
456	-2.094570	-1.098446	1.880101	
457	-2.098413	-1.104684	1.888270	
458	-2.102518	-1.111978	1.896958	
459	-2.106280	-1.121543	1.907071	
460	-2.112383	-1.126999	1.915636	
461	-2.117370	-1.135166	1.925905	
462	-2.122800	-1.143128	1.937604	
463	-2.127864	-1.150279	1.948670	
464	-2.132097	-1.157687	1.959864	
465	-2.136823	-1.164834	1.971461	
466	-2.140371	-1.171710	1.982872	
467	-2.143536	-1.178442	1.993047	
468	-2.147234	-1.185300	2.002886	
469	-2.150767	-1.192662	2.012739	
470	-2.153492	-1.198422	2.023604	
471	-2.157268	-1.205021	2.032628	
472	-2.161353	-1.211262	2.044159	
473	-2.163984	-1.217421	2.054269	
474	-2.167032	-1.222838	2.064404	
475	-2.169616	-1.228270	2.074024	
476	-2.171237	-1.234019	2.083972	
477	-2.173624	-1.237883	2.092707	
478	-2.174684	-1.241041	2.101955	
479	-2.175093	-1.243990	2.110611	
480	-2.175898	-1.246920	2.118040	
481	-2.175549	-1.248524	2.126625	
482	-2.173096	-1.250284	2.136379	
483	-2.173332	-1.251450	2.142931	
484	-2.173067	-1.252449	2.151016	
485	-2.169155	-1.253785	2.161100	
486	-2.166779	-1.254065	2.168397	
487	-2.165500	-1.254292	2.174500	
488	-2.157576	-1.257926	2.194500	
489	-2.154930	-1.259400	2.202056	
490	-2.150774	-1.262227	2.212819	
491	-2.147411	-1.265078	2.219101	
492	-2.143802	-1.268933	2.226398	
493	-2.138738	-1.273355	2.235279	
494	-2.135432	-1.277542	2.241973	
495	-2.133125	-1.281296	2.248128	
496	-2.127932	-1.286472	2.258718	
497	-2.120724	-1.296932	2.271588	
498	-2.116216	-1.301599	2.280071	
499	-2.111247	-1.305424	2.288513	
500	-2.107968	-1.310834	2.292073	
501	-2.104818	-1.314389	2.297580	
502	-2.099197	-1.319590	2.304522	
503	-2.096620	-1.323186	2.307816	
504	-2.093055	-1.326301	2.313056	
505	-2.088927	-1.328765	2.320321	
506	-2.085782	-1.332698	2.324591	
507	-2.082420	-1.337271	2.327383	
508	-2.076884	-1.341886	2.332803	
509	-2.074087	-1.345064	2.335447	
510	-2.071062	-1.348109	2.338299	
511	-2.066158	-1.351100	2.343728	
512	-2.061882	-1.356440	2.345431	
513	-2.057768	-1.361559	2.347379	
514	-2.051232	-1.366194	2.353314	
515	-2.047854	-1.369374	2.356769	
516	-2.043100	-1.373962	2.361362	
517	-2.036921	-1.378954	2.368089	
518	-2.032438	-1.383698	2.373808	
519	-2.028184	-1.387608	2.381666	
520	-2.021361	-1.392982	2.391571	
521	-2.018158	-1.397213	2.399163	
522	-2.013586	-1.401314	2.408521	
523	-2.008248	-1.407125	2.418185	
524	-2.003838	-1.412061	2.427639	
525	-1.998107	-1.418545	2.437012	
526	-1.994860	-1.425621	2.444251	
527	-1.989626	-1.430727	2.453684	
528	-1.984266	-1.435603	2.463416	
529	-1.979918	-1.441454	2.471785	
530	-1.975779	-1.446673	2.479800	
531	-1.970978	-1.450935	2.488879	
532	-1.966866	-1.455951	2.496661	
533	-1.963106	-1.458930	2.505711	
534	-1.958408	-1.461730	2.514123	
535	-1.953181	-1.465991	2.521522	
536	-1.948940	-1.469545	2.528752	
537	-1.943613	-1.472394	2.536036	
538	-1.937307	-1.476941	2.541813	
539	-1.934750	-1.479555	2.547942	
540	-1.928953	-1.483000	2.553916	
541	-1.921457	-1.487724	2.560109	
542	-1.917598	-1.490847	2.565610	
543	-1.911917	-1.493536	2.571362	
544	-1.904548	-1.497035	2.577172	
545	-1.898515	-1.499778	2.582714	
546	-1.893519	-1.501549	2.587634	
547	-1.886571	-1.502934	2.593503	
548	-1.878432	-1.504849	2.597836	
549	-1.871601	-1.506299	2.602103	
550	-1.864028	-1.507587	2.605639	
551	-1.856119	-1.507947	2.611010	
552	-1.847357	-1.509183	2.613970	
553	-1.841215	-1.509356	2.617681	
554	-1.831357	-1.508283	2.622561	
555	-1.818082	-1.509454	2.627367	
556	-1.811903	-1.508711	2.630928	
557	-1.801960	-1.507643	2.636406	
558	-1.789480	-1.507209	2.641573	
559	-1.781531	-1.506207	2.646079	
560	-1.772953	-1.504402	2.650761	
561	-1.760664	-1.503555	2.655505	
562	-1.751042	-1.503357	2.659163	
563	-1.733204	-1.500585	2.666387	
564	-1.722008	-1.500851	2.669681	
565	-1.713767	-1.500499	2.671505	
566	-1.704231	-1.499856	2.673648	
567	-1.694072	-1.500049	2.676213	
568	-1.685433	-1.500933	2.676267	
569	-1.677679	-1.501536	2.677144	
570	-1.668754	-1.501719	2.679639	
571	-1.660722	-1.502716	2.680559	
572	-1.653262	-1.504648	2.679568	
573	-1.645340	-1.506293	2.679655	
574	-1.637547	-1.507816	2.680392	
575	-1.631300	-1.508680	2.680713	
576	-1.624957	-1.509438	2.681446	
577	-1.616762	-1.510538	2.683395	
578	-1.605484	-1.513671	2.683693	
579	-1.598593	-1.514262	2.685362	
580	-1.591121	-1.515259	2.686954	
581	-1.586013	-1.516919	2.686713	
582	-1.579506	-1.517269	2.688785	
583	-1.571466	-1.519484	2.690187	
584	-1.566762	-1.521063	2.691100	
585	-1.554045	-1.523171	2.695820	
586	-1.548465	-1.524238	2.698622	
587	-1.543054	-1.525160	2.700615	
588	-1.536511	-1.526092	2.703230	
589	-1.530115	-1.527382	2.704175	
590	-1.517376	-1.528578	2.709208	
591	-1.511307	-1.529405	2.711739	
592	-1.503973	-1.530563	2.714397	
593	-1.498457	-1.531198	2.717737	
594	-1.492811	-1.532603	2.720320	
595	-1.485829	-1.533568	2.722995	
596	-1.479048	-1.533849	2.726665	
597	-1.474979	-1.533906	2.729595	
598	-1.468063	-1.533596	2.732640	
599	-1.460929	-1.533293	2.736020	
600	-1.456073	-1.532837	2.737726	
601	-1.451023	-1.532731	2.738263	
602	-1.442283	-1.531531	2.742737	
603	-1.435432	-1.529493	2.747086	
604	-1.430902	-1.529475	2.746474	
605	-1.422098	-1.528435	2.749700	
606	-1.412889	-1.526925	2.753091	
607	-1.407529	-1.525822	2.754371	
608	-1.399023	-1.524257	2.757812	
609	-1.390812	-1.523442	2.758574	
610	-1.381994	-1.522281	2.761242	
611	-1.374171	-1.521263	2.763220	
612	-1.367627	-1.519958	2.763546	
613	-1.357940	-1.519157	2.764099	
614	-1.350654	-1.517968	2.763442	
615	-1.343662	-1.516641	2.762442	
616	-1.335106	-1.515149	2.761742	
617	-1.327250	-1.513981	2.761071	
618	-1.320841	-1.513287	2.758891	
619	-1.311580	-1.513287	2.756765	
620	-1.304662	-1.513407	2.755284	
621	-1.299056	-1.513368	2.753122	
622	-1.291253	-1.513341	2.751800	
623	-1.284038	-1.513671	2.749975	
624	-1.278992	-1.514373	2.745963	
625	-1.271291	-1.514673	2.744456	
626	-1.264002	-1.515032	2.742641	
627	-1.251111	-1.515554	2.738738	
628	-1.243138	-1.516512	2.736525	
629	-1.237791	-1.517632	2.733845	
630	-1.230276	-1.518776	2.732468	
631	-1.224196	-1.519753	2.730900	
632	-1.217746	-1.521401	2.728544	
633	-1.211025	-1.523096	2.726273	
634	-1.205336	-1.524107	2.724277	
635	-1.199791	-1.525070	2.722754	
636	-1.194660	-1.525492	2.721687	
637	-1.185462	-1.525554	2.717278	
638	-1.181357	-1.525408	2.714878	
639	-1.176524	-1.524132	2.713626	
640	-1.169882	-1.523464	2.711331	
641	-1.163249	-1.522985	2.709338	
642	-1.160849	-1.521943	2.707174	
643	-1.157283	-1.520307	2.706102	
644	-1.150531	-1.519594	2.704279	
645	-1.147682	-1.517936	2.703384	
646	-1.144723	-1.516027	2.702453	
647	-1.138172	-1.514232	2.701588	
648	-1.132157	-1.512616	2.699956	
649	-1.128317	-1.510784	2.698301	
650	-1.123520	-1.508528	2.696688	
651	-1.117712	-1.505908	2.694841	
652	-1.112177	-1.502721	2.693464	
653	-1.107756	-1.499150	2.691777	
654	-1.100996	-1.495696	2.690105	
655	-1.094764	-1.491901	2.688360	
656	-1.089707	-1.487767	2.686444	
657	-1.080867	-1.484181	2.684166	
658	-1.078096	-1.479440	2.682722	
659	-1.073466	-1.474711	2.681529	
660	-1.063747	-1.471964	2.678677	
661	-1.058915	-1.468004	2.677213	
662	-1.055305	-1.463900	2.675331	
663	-1.049158	-1.460077	2.672446	
664	-1.044442	-1.455971	2.669530	
665	-1.040453	-1.451693	2.666464	
666	-1.036825	-1.447013	2.662806	
667	-1.033955	-1.441992	2.659298	
668	-1.027689	-1.437890	2.654225	
669	-1.021939	-1.433161	2.649812	
670	-1.018293	-1.427131	2.646752	
671	-1.010856	-1.422492	2.641386	
672	-1.002251	-1.417138	2.636452	
673	-0.988967	-1.407985	2.624937	
674	-0.976786	-1.404007	2.618798	
675	-0.965725	-1.396951	2.607575	
676	-0.960383	-1.395568	2.600427	
677	-0.959286	-1.391019	2.597091	
678	-0.956048	-1.386375	2.593761	
679	-0.948508	-1.383476	2.588120	
680	-0.942203	-1.379680	2.583860	
681	-0.939320	-1.374534	2.581640	
682	-0.933219	-1.371496	2.578026	
683	-0.927155	-1.368099	2.575218	
684	-0.918332	-1.360050	2.572003	
685	-0.913085	-1.357437	2.569508	
686	-0.911826	-1.351509	2.570305	
687	-0.908121	-1.347311	2.569592	
688	-0.901536	-1.345174	2.567700	
689	-0.899723	-1.338475	2.570201	
690	-0.896721	-1.333610	2.570644	
691	-0.892043	-1.330088	2.570187	
692	-0.889235	-1.324915	2.571680	
693	-0.888676	-1.319145	2.573989	
694	-0.884321	-1.316600	2.573754	
695	-0.881850	-1.312417	2.575480	
696	-0.880734	-1.308017	2.577137	
697	-0.875225	-1.307382	2.575862	
698	-0.874061	-1.302989	2.578488	
699	-0.872893	-1.299937	2.580151	
700	-0.867950	-1.299689	2.579734	
701	-0.867373	-1.296032	2.582570	
702	-0.865403	-1.293678	2.583896	
703	-0.861714	-1.292257	2.585258	
704	-0.860235	-1.289209	2.588281	
705	-0.857477	-1.287055	2.590501	
706	-0.855069	-1.284631	2.593245	
707	-0.852407	-1.281852	2.596226	
708	-0.850482	-1.279216	2.599134	
709	-0.846956	-1.277551	2.601107	
710	-0.844878	-1.274653	2.604068	
711	-0.842768	-1.271907	2.606905	
712	-0.834469	-1.265166	2.615561	
713	-0.829002	-1.265225	2.615701	
714	-0.822890	-1.265494	2.616894	
715	-0.821713	-1.262758	2.620879	
716	-0.815718	-1.263734	2.621882	
717	-0.812245	-1.263111	2.624717	
718	-0.810468	-1.260800	2.628329	
719	-0.805799	-1.261006	2.630208	
720	-0.802280	-1.260270	2.632901	
721	-0.799859	-1.258449	2.636297	
722	-0.794449	-1.259510	2.637018	
723	-0.789448	-1.260100	2.639114	
724	-0.787164	-1.258874	2.642487	
725	-0.784071	-1.258774	2.644660	
726	-0.777730	-1.261293	2.645086	
727	-0.775499	-1.259672	2.649629	
728	-0.772530	-1.259054	2.652490	
729	-0.766747	-1.261102	2.653456	
730	-0.763187	-1.260632	2.658015	
731	-0.760706	-1.260067	2.660677	
732	-0.755111	-1.261929	2.661777	
733	-0.752595	-1.261208	2.666032	
734	-0.748888	-1.261662	2.668468	
735	-0.744011	-1.263627	2.669676	
736	-0.741848	-1.262890	2.673347	
737	-0.738139	-1.263703	2.675329	
738	-0.734232	-1.265197	2.677441	
739	-0.731660	-1.265971	2.680399	
740	-0.727019	-1.269506	2.680289	
741	-0.725045	-1.271019	2.683121	
742	-0.723534	-1.271916	2.686350	
743	-0.722287	-1.273125	2.688409	
744	-0.722032	-1.273034	2.692103	
745	-0.719821	-1.274377	2.694346	
746	-0.718396	-1.275480	2.697656	
747	-0.717053	-1.276433	2.700732	
748	-0.714877	-1.277499	2.703302	
749	-0.712551	-1.278896	2.705951	
750	-0.712689	-1.278182	2.710221	
751	-0.709706	-1.280087	2.712755	
752	-0.707546	-1.281632	2.716972	
753	-0.706555	-1.282475	2.722134	
754	-0.704218	-1.284702	2.726064	
755	-0.701053	-1.288040	2.729407	
756	-0.699543	-1.290379	2.734628	
757	-0.697645	-1.293474	2.739115	
758	-0.693636	-1.298641	2.743062	
759	-0.693072	-1.301272	2.749675	
760	-0.690053	-1.305640	2.754246	
761	-0.687547	-1.309620	2.760151	
762	-0.685787	-1.313125	2.767049	
763	-0.684090	-1.316485	2.772594	
764	-0.681606	-1.320242	2.778009	
765	-0.678894	-1.324329	2.783619	
766	-0.675845	-1.328778	2.789406	
767	-0.674023	-1.331989	2.796364	
768	-0.670477	-1.336871	2.800735	
769	-0.668345	-1.340202	2.806986	
770	-0.668010	-1.341789	2.813815	
771	-0.663520	-1.346551	2.817527	
772	-0.660884	-1.349445	2.823366	
773	-0.658615	-1.351775	2.828494	
774	-0.654046	-1.355646	2.830589	
775	-0.652737	-1.356258	2.836879	
776	-0.651127	-1.356716	2.841850	
777	-0.645950	-1.358976	2.844795	
778	-0.642279	-1.359878	2.848878	
779	-0.638289	-1.360506	2.853033	
780	-0.632494	-1.363377	2.853410	
781	-0.627818	-1.365164	2.855295	
782	-0.623495	-1.366846	2.856557	
783	-0.617689	-1.369331	2.856127	
784	-0.611356	-1.372123	2.857033	
785	-0.606366	-1.373888	2.858831	
786	-0.599113	-1.376048	2.859581	
787	-0.593702	-1.377701	2.860800	
788	-0.581837	-1.381076	2.864822	
789	-0.574290	-1.383224	2.867121	
790	-0.567657	-1.385404	2.869813	
791	-0.559860	-1.387983	2.870886	
792	-0.552083	-1.390277	2.871984	
793	-0.543117	-1.393868	2.872478	
794	-0.536046	-1.395940	2.874919	
795	-0.527347	-1.398562	2.875654	
796	-0.517806	-1.401824	2.875773	
797	-0.510728	-1.403062	2.878617	
798	-0.502893	-1.404882	2.880160	
799	-0.493567	-1.407990	2.880663	
800	-0.486453	-1.409439	2.883462	
801	-0.469617	-1.414972	2.883211	
802	-0.457228	-1.417651	2.885251	
803	-0.444913	-1.420598	2.885832	
804	-0.439259	-1.421709	2.886277	
805	-0.432526	-1.423435	2.885441	
806	-0.428557	-1.422797	2.887059	
807	-0.422040	-1.423399	2.886577	
808	-0.415022	-1.424377	2.885895	
809	-0.408597	-1.423783	2.886812	
810	-0.400974	-1.424883	2.885816	
811	-0.392716	-1.426517	2.884646	
812	-0.385755	-1.425874	2.885718	
813	-0.379248	-1.426755	2.885858	
814	-0.371191	-1.428248	2.884756	
815	-0.365114	-1.427639	2.885962	
816	-0.358221	-1.428458	2.885770	
817	-0.350316	-1.429396	2.884049	
818	-0.345263	-1.428346	2.884432	
819	-0.338538	-1.429390	2.881855	
820	-0.332751	-1.430153	2.879930	
821	-0.327020	-1.429718	2.878914	
822	-0.321292	-1.429557	2.877244	
823	-0.315295	-1.428943	2.875733	
824	-0.309306	-1.427398	2.874660	
825	-0.303435	-1.427056	2.872556	
826	-0.297772	-1.425081	2.871202	
827	-0.293335	-1.422400	2.870040	
828	-0.288321	-1.420271	2.867885	
829	-0.276263	-1.414252	2.864014	
830	-0.270327	-1.411344	2.860961	
831	-0.265016	-1.408300	2.857209	
832	-0.259083	-1.403862	2.853865	
833	-0.253184	-1.399688	2.849768	
834	-0.245845	-1.396113	2.844414	
835	-0.238452	-1.391347	2.839794	
836	-0.230080	-1.386235	2.835245	
837	-0.221652	-1.383114	2.828709	
838	-0.212035	-1.379416	2.822502	
839	-0.203767	-1.375083	2.816565	
840	-0.194679	-1.371591	2.809988	
841	-0.177154	-1.364928	2.795821	
842	-0.169610	-1.361579	2.789094	
843	-0.162156	-1.358770	2.781550	
844	-0.154179	-1.355051	2.775139	
845	-0.148259	-1.352877	2.767968	
846	-0.140137	-1.349826	2.761826	
847	-0.132949	-1.346917	2.755085	
848	-0.127829	-1.345346	2.748696	
849	-0.119983	-1.342111	2.743151	
850	-0.114109	-1.342965	2.733896	
851	-0.106429	-1.342613	2.726912	
852	-0.097848	-1.339147	2.722806	
853	-0.094663	-1.340365	2.714820	
854	-0.088129	-1.341644	2.707590	
855	-0.081054	-1.341065	2.701327	
856	-0.076597	-1.340695	2.694538	
857	-0.071405	-1.340008	2.687572	
858	-0.066422	-1.339172	2.680147	
859	-0.060166	-1.337831	2.673287	
860	-0.053463	-1.335936	2.667337	
861	-0.048343	-1.335894	2.659900	
862	-0.041502	-1.335713	2.653916	
863	-0.034461	-1.336538	2.646760	
864	-0.027262	-1.337748	2.640581	
865	-0.020081	-1.338646	2.635325	
866	-0.013535	-1.340727	2.628761	
867	-0.005457	-1.342592	2.622981	
868	0.001462	-1.344350	2.617740	
869	0.007185	-1.346771	2.611058	
870	0.012874	-1.349537	2.604041	
871	0.020676	-1.351338	2.598401	
872	0.026506	-1.353586	2.591956	
873	0.032950	-1.355793	2.584735	
874	0.037881	-1.358352	2.576952	
875	0.049989	-1.360567	2.563277	
876	0.052852	-1.362552	2.554206	
877	0.057688	-1.363543	2.546770	
878	0.060471	-1.365008	2.537541	
879	0.068569	-1.364895	2.522597	
880	0.070159	-1.364457	2.513771	
881	0.072372	-1.364100	2.505349	
882	0.076968	-1.362293	2.499078	
883	0.078828	-1.361257	2.491491	
884	0.080023	-1.361136	2.482815	
885	0.080850	-1.359801	2.474346	
886	0.084159	-1.358602	2.464976	
887	0.085455	-1.357484	2.456134	
888	0.088545	-1.355726	2.446959	
889	0.090754	-1.354008	2.438851	
890	0.093803	-1.352823	2.429650	
891	0.096027	-1.352602	2.419765	
892	0.099579	-1.351648	2.410605	
893	0.101668	-1.350831	2.400556	
894	0.103764	-1.350843	2.388845	
895	0.107256	-1.351156	2.378320	
896	0.110681	-1.351979	2.369197	
897	0.114202	-1.353162	2.361933	
898	0.118971	-1.353616	2.354949	
899	0.122822	-1.353257	2.347893	
900	0.125819	-1.352583	2.340036	
901	0.128567	-1.351627	2.333197	
902	0.132322	-1.349853	2.326827	
903	0.134776	-1.348049	2.320048	
904	0.137807	-1.346476	2.313522	
905	0.140731	-1.344378	2.307604	
906	0.143241	-1.342330	2.301408	
907	0.146380	-1.340946	2.294912	
908	0.150509	-1.338746	2.289171	
909	0.155774	-1.336933	2.283032	
910	0.160547	-1.335863	2.278161	
911	0.166553	-1.334027	2.274988	
912	0.172108	-1.332854	2.271841	
913	0.176583	-1.332524	2.268506	
914	0.182281	-1.330708	2.265211	
915	0.187298	-1.328632	2.261288	
916	0.192580	-1.326851	2.258057	
917	0.194647	-1.324489	2.256330	
918	0.197906	-1.322397	2.253486	
919	0.202241	-1.321042	2.250618	
920	0.205216	-1.318798	2.249458	
921	0.208467	-1.317210	2.247528	
922	0.212706	-1.316228	2.245662	
923	0.216633	-1.314614	2.244311	
924	0.220422	-1.313540	2.242859	
925	0.224321	-1.312771	2.242107	
926	0.228205	-1.311460	2.242436	
927	0.233484	-1.311173	2.241671	
928	0.238183	-1.311168	2.242034	
929	0.240188	-1.310274	2.243829	
930	0.245413	-1.310297	2.244330	
931	0.249804	-1.310960	2.246089	
932	0.251988	-1.311004	2.249556	
933	0.255979	-1.311768	2.251173	
934	0.258606	-1.312395	2.253616	
935	0.260803	-1.312799	2.256294	
936	0.264277	-1.313470	2.257329	
937	0.266912	-1.314365	2.259340	
938	0.268991	-1.314608	2.263649	
939	0.270122	-1.315137	2.267521	
940	0.272732	-1.315639	2.271236	
941	0.275658	-1.315981	2.274008	
942	0.279263	-1.316499	2.277127	
943	0.281811	-1.317025	2.280512	
944	0.283497	-1.316889	2.285332	
945	0.285939	-1.317095	2.288478	
946	0.289874	-1.317365	2.291400	
947	0.292248	-1.317528	2.295549	
948	0.295549	-1.318594	2.297553	
949	0.298217	-1.319098	2.300841	
950	0.305518	-1.320556	2.304259	
951	0.307264	-1.321076	2.307878	
952	0.308883	-1.321061	2.309367	
953	0.311388	-1.320922	2.313292	
954	0.312233	-1.319482	2.316423	
955	0.314722	-1.318444	2.319201	
956	0.317235	-1.317453	2.321117	
957	0.319110	-1.315944	2.326492	
958	0.319887	-1.314076	2.331600	
959	0.319896	-1.311904	2.335805	
960	0.323054	-1.311341	2.339954	
961	0.324593	-1.310659	2.345014	
962	0.325406	-1.309272	2.350529	
963	0.329339	-1.309672	2.352040	
964	0.331247	-1.309502	2.358027	
965	0.331619	-1.308839	2.363554	
966	0.336895	-1.309797	2.366007	
967	0.338780	-1.309774	2.371763	
968	0.342363	-1.310282	2.377204	
969	0.348638	-1.312705	2.380219	
970	0.351799	-1.313787	2.386333	
971	0.353250	-1.313975	2.392432	
972	0.358342	-1.316705	2.397036	
973	0.361017	-1.317674	2.406013	
974	0.361198	-1.316856	2.413347	
975	0.364660	-1.319054	2.418648	
976	0.366205	-1.319152	2.428004	
977	0.369591	-1.320745	2.433024	
978	0.373713	-1.323689	2.440620	
979	0.372190	-1.322151	2.448362	
980	0.374001	-1.322702	2.449942	
981	0.378327	-1.323856	2.455396	
982	0.378896	-1.323134	2.463357	
983	0.380997	-1.324348	2.466391	
984	0.383231	-1.324645	2.471418	
985	0.383535	-1.324274	2.477547	
986	0.384492	-1.324886	2.480618	
987	0.386765	-1.325399	2.486245	
988	0.388729	-1.326086	2.490273	
989	0.390677	-1.327529	2.492931	
990	0.392737	-1.327361	2.499452	
991	0.393518	-1.327229	2.503907	
992	0.394471	-1.328005	2.507442	
993	0.395632	-1.326168	2.513510	
994	0.397627	-1.325841	2.517121	
995	0.400671	-1.326617	2.520282	
996	0.402513	-1.324557	2.525586	
997	0.401070	-1.320835	2.532827	
998	0.402845	-1.320039	2.535537	
999	0.404940	-1.317996	2.541517	
1000	0.407794	-1.315964	2.553787	
1001	0.408926	-1.313179	2.564027	
1002	0.409970	-1.312394	2.572152	
1003	0.410563	-1.313293	2.577744	
1004	0.410507	-1.311777	2.584995	
1005	0.410061	-1.311592	2.590240	
1006	0.409801	-1.310060	2.595333	
1007	0.409748	-1.309425	2.598559	
1008	0.410125	-1.309559	2.602396	
1009	0.410605	-1.309462	2.605641	
1010	0.410575	-1.309693	2.606813	
1011	0.412320	-1.310855	2.610521	
1012	0.412525	-1.310326	2.614168	
1013	0.412756	-1.309824	2.617543	
1014	0.414031	-1.310408	2.618250	
1015	0.416488	-1.313086	2.622668	
1016	0.415787	-1.312059	2.626510	
1017	0.417448	-1.312788	2.628861	
1018	0.419437	-1.313469	2.629856	
1019	0.421820	-1.312171	2.632846	
1020	0.424219	-1.312561	2.632642	
1021	0.422587	-1.308629	2.633196	
1022	0.425045	-1.308296	2.632740	
1023	0.425640	-1.302780	2.631709	
1024	0.428330	-1.296256	2.627423	
1025	0.427730	-1.290850	2.625790	
1026	0.428363	-1.287373	2.625463	
1027	0.431543	-1.285215	2.623322	
1028	0.432483	-1.281355	2.623217	
1029	0.434145	-1.277760	2.623575	
1030	0.436825	-1.274891	2.623794	
1031	0.436695	-1.268941	2.623569	
1032	0.438840	-1.265698	2.624378	
1033	0.442498	-1.264111	2.625080	
1034	0.442751	-1.259208	2.625684	
1035	0.445394	-1.255818	2.624706	
1036	0.449135	-1.254686	2.625648	
1037	0.450876	-1.251088	2.625290	
1038	0.452081	-1.247340	2.625633	
1039	0.455776	-1.245528	2.624629	
1040	0.457952	-1.243478	2.624338	
1041	0.459720	-1.240590	2.622974	
1042	0.461304	-1.237926	2.621349	
1043	0.464075	-1.236472	2.618792	
1044	0.465389	-1.233918	2.616349	
1045	0.466975	-1.232374	2.615291	
1046	0.468860	-1.231042	2.614336	
1047	0.470232	-1.227447	2.613805	
1048	0.472462	-1.226788	2.613204	
1049	0.473495	-1.225164	2.612366	
1050	0.474099	-1.224550	2.613282	
1051	0.474917	-1.223757	2.613865	
1052	0.475835	-1.222037	2.613240	
1053	0.476049	-1.221205	2.614612	
1054	0.476714	-1.220074	2.615173	
1055	0.477275	-1.218282	2.615393	
1056	0.477098	-1.217405	2.617818	
1057	0.477309	-1.215275	2.618648	
1058	0.476955	-1.215289	2.622978	
1059	0.476887	-1.212569	2.623420	
1060	0.478175	-1.210970	2.623698	
1061	0.477658	-1.213113	2.629812	
1062	0.475914	-1.211275	2.632565	
1063	0.476662	-1.211627	2.635172	
1064	0.477452	-1.209563	2.634915	
1065	0.476548	-1.206265	2.634850	
1066	0.478987	-1.207307	2.636499	
1067	0.479312	-1.206978	2.638741	
1068	0.478378	-1.203914	2.639624	
1069	0.480134	-1.204550	2.642138	
1070	0.480993	-1.204456	2.644660	
1071	0.478020	-1.202257	2.649589	
1072	0.477772	-1.200746	2.652296	
1073	0.476778	-1.201886	2.659204	
1074	0.473710	-1.199538	2.664662	
1075	0.473860	-1.197554	2.666802	
1076	0.474235	-1.192063	2.664293	
1077	0.472027	-1.190813	2.670064	
1078	0.470887	-1.190412	2.675425	
1079	0.470574	-1.187505	2.676282	
1080	0.470583	-1.186113	2.678149	
1081	0.467869	-1.184925	2.683867	
1082	0.469250	-1.185216	2.686193	
1083	0.469543	-1.185506	2.689740	
1084	0.466698	-1.182673	2.693125	
1085	0.469689	-1.184509	2.693634	
1086	0.469657	-1.183557	2.693971	
1087	0.467091	-1.181768	2.696766	
1088	0.468551	-1.184017	2.697847	
1089	0.465590	-1.183310	2.700764	
1090	0.462300	-1.182720	2.703553	
1091	0.463280	-1.184986	2.702691	
1092	0.459947	-1.184954	2.704844	
1093	0.457079	-1.184601	2.705465	
1094	0.457186	-1.187125	2.703872	
1095	0.452527	-1.187439	2.707497	
1096	0.451663	-1.188292	2.705346	
1097	0.450218	-1.189956	2.704851	
1098	0.445797	-1.189201	2.706622	
1099	0.445358	-1.192567	2.706573	
1100	0.441829	-1.194030	2.708578	
1101	0.435582	-1.196849	2.711091	
1102	0.431633	-1.198924	2.714936	
1103	0.428186	-1.201423	2.719319	
1104	0.424284	-1.204067	2.724616	
1105	0.419693	-1.204260	2.727190	
1106	0.415780	-1.207374	2.733068	
1107	0.412453	-1.209063	2.735670	
1108	0.407817	-1.210914	2.741141	
1109	0.403799	-1.213469	2.746238	
1110	0.399670	-1.215560	2.750237	
1111	0.395471	-1.217443	2.753370	
1112	0.391187	-1.221448	2.759128	
1113	0.386905	-1.224916	2.763492	
1114	0.381803	-1.226039	2.765002	
1115	0.377725	-1.231441	2.771953	
1116	0.365925	-1.236306	2.780413	
1117	0.360724	-1.239025	2.782914	
1118	0.355357	-1.242734	2.787593	
1119	0.348682	-1.244527	2.791487	
1120	0.343335	-1.246880	2.793522	
1121	0.337420	-1.251047	2.801548	
1122	0.330971	-1.251048	2.801930	
1123	0.327154	-1.257276	2.809412	
1124	0.321188	-1.260173	2.816461	
1125	0.314630	-1.258486	2.815495	
1126	0.310513	-1.261443	2.819481	
1127	0.305288	-1.262055	2.822997	
1128	0.301366	-1.263880	2.826025	
1129	0.297680	-1.265454	2.827630	
1130	0.293652	-1.266187	2.830587	
1131	0.291765	-1.269992	2.834560	
1132	0.288831	-1.271187	2.836643	
1133	0.286384	-1.272352	2.837428	
1134	0.285652	-1.274847	2.837336	
1135	0.284394	-1.277086	2.839002	
1136	0.283165	-1.278422	2.838772	
1137	0.282105	-1.279909	2.839224	
1138	0.282009	-1.282664	2.840336	
1139	0.280409	-1.282509	2.840385	
1140	0.279732	-1.283075	2.839666	
1141	0.279424	-1.284699	2.840534	
1142	0.277455	-1.283803	2.840642	
1143	0.276673	-1.285053	2.842330	
1144	0.275271	-1.285230	2.842424	
1145	0.272947	-1.284294	2.843329	
1146	0.271435	-1.284690	2.845692	
1147	0.269868	-1.286035	2.850907	
1148	0.266757	-1.284655	2.852056	
1149	0.265204	-1.286334	2.856322	
1150	0.264084	-1.288575	2.860192	
1151	0.260520	-1.289063	2.865927	
1152	0.259684	-1.292858	2.870877	
1153	0.257750	-1.295324	2.874593	
1154	0.254280	-1.296874	2.878809	
1155	0.252513	-1.300117	2.881855	
1156	0.249943	-1.302670	2.884472	
1157	0.247457	-1.305655	2.887564	
1158	0.245535	-1.309303	2.890316	
1159	0.243097	-1.312200	2.893689	
1160	0.241096	-1.315579	2.895889	
1161	0.238569	-1.319075	2.898998	
1162	0.236018	-1.322117	2.901743	
1163	0.234552	-1.326605	2.903370	
1164	0.231444	-1.328933	2.906859	
1165	0.229224	-1.332224	2.907402	
1166	0.227812	-1.336389	2.910483	
1167	0.225234	-1.338695	2.912833	
1168	0.224030	-1.342729	2.914833	
1169	0.222592	-1.346163	2.917993	
1170	0.220582	-1.348567	2.921105	
1171	0.219461	-1.351934	2.923862	
1172	0.218245	-1.355106	2.927577	
1173	0.216077	-1.357189	2.930035	
1174	0.213664	-1.359400	2.932442	
1175	0.212764	-1.363123	2.934594	
1176	0.209770	-1.364301	2.940152	
1177	0.207170	-1.365951	2.941949	
1178	0.205441	-1.368356	2.946782	
1179	0.202318	-1.369627	2.951168	
1180	0.200012	-1.371701	2.954834	
1181	0.197946	-1.374790	2.959272	
1182	0.195361	-1.377331	2.963533	
1183	0.192642	-1.380676	2.968832	
1184	0.189936	-1.384391	2.973666	
1185	0.186146	-1.387877	2.977772	
1186	0.182215	-1.391532	2.981967	
1187	0.178473	-1.396316	2.987428	
1188	0.173717	-1.400146	2.993351	
1189	0.169815	-1.404639	2.997760	
1190	0.166010	-1.409714	3.002702	
1191	0.160373	-1.413305	3.008518	
1192	0.155752	-1.417907	3.013000	
1193	0.149988	-1.422616	3.018851	
1194	0.143269	-1.426754	3.025316	
1195	0.138429	-1.432572	3.030956	
1196	0.133151	-1.437904	3.037251	
1197	0.128148	-1.442743	3.043409	
1198	0.123677	-1.447772	3.050643	
1199	0.118946	-1.452711	3.057060	
1200	0.114490	-1.457932	3.063224	
1201	0.109765	-1.462811	3.069236	
1202	0.102422	-1.473962	3.085576	
1203	0.098697	-1.479265	3.092547	
1204	0.095266	-1.484283	3.100049	
1205	0.092193	-1.489430	3.106955	
1206	0.090208	-1.494958	3.115611	
1207	0.087724	-1.499488	3.124350	
1208	0.086254	-1.504375	3.131953	
1209	0.084618	-1.509219	3.140578	
1210	0.082752	-1.514009	3.149034	
1211	0.080756	-1.518469	3.154351	
1212	0.078744	-1.522542	3.161844	
1213	0.075729	-1.530006	3.173632	
1214	0.075701	-1.534161	3.180419	
1215	0.075690	-1.537905	3.184741	
1216	0.076962	-1.542354	3.190645	
1217	0.078430	-1.546209	3.196332	
1218	0.080433	-1.549790	3.203028	
1219	0.083405	-1.553395	3.208225	
1220	0.086654	-1.556960	3.213902	
1221	0.090933	-1.560502	3.220541	
1222	0.095065	-1.563238	3.226142	
1223	0.100392	-1.566529	3.232022	
1224	0.106057	-1.568899	3.239638	
1225	0.112504	-1.571313	3.246201	
1226	0.119771	-1.573752	3.253221	
1227	0.126983	-1.575686	3.261613	
1228	0.134897	-1.577804	3.269015	
1229	0.143807	-1.581242	3.275782	
1230	0.152228	-1.583759	3.285255	
1231	0.160520	-1.586671	3.292002	
1232	0.169562	-1.590463	3.299549	
1233	0.177862	-1.593733	3.306684	
1234	0.185874	-1.597526	3.312654	
1235	0.194362	-1.601501	3.319028	
1236	0.202064	-1.604658	3.324117	
1237	0.209965	-1.608138	3.328958	
1238	0.217741	-1.611199	3.334139	
1239	0.225585	-1.614647	3.340043	
1240	0.232505	-1.618712	3.345600	
1241	0.238593	-1.622931	3.350729	
1242	0.245192	-1.627148	3.356990	
1243	0.250668	-1.631286	3.361185	
1244	0.256437	-1.634979	3.366336	
1245	0.261611	-1.638649	3.371696	
1246	0.267072	-1.643236	3.375782	
1247	0.273188	-1.647212	3.382422	
1248	0.278404	-1.651619	3.387515	
1249	0.284444	-1.657168	3.392308	
1250	0.296051	-1.665082	3.400717	
1251	0.302277	-1.670142	3.406062	
1252	0.308552	-1.675482	3.411584	
1253	0.315738	-1.680831	3.417662	
1254	0.329790	-1.692502	3.430597	
1255	0.336833	-1.698412	3.437437	
1256	0.343178	-1.703806	3.444076	
1257	0.350030	-1.708771	3.450619	
1258	0.356244	-1.712985	3.457792	
1259	0.362772	-1.716483	3.465023	
1260	0.369213	-1.721427	3.469491	
1261	0.376256	-1.725662	3.475068	
1262	0.382591	-1.729920	3.480550	
1263	0.389205	-1.733609	3.485178	
1264	0.395319	-1.736914	3.489283	
1265	0.402379	-1.739466	3.494102	
1266	0.410053	-1.742053	3.498535	
1267	0.419170	-1.745216	3.502081	
1268	0.428342	-1.747706	3.506384	
1269	0.437250	-1.750126	3.510068	
1270	0.446851	-1.752422	3.513724	
1271	0.456912	-1.754129	3.517353	
1272	0.467050	-1.755743	3.520978	
1273	0.479132	-1.757759	3.523601	
1274	0.490641	-1.759250	3.526528	
1275	0.502156	-1.759742	3.529928	
1276	0.514123	-1.761708	3.531409	
1277	0.526949	-1.762324	3.534532	
1278	0.539493	-1.763162	3.536716	
1279	0.551728	-1.763000	3.539695	
1280	0.564627	-1.763469	3.541666	
1281	0.576375	-1.763847	3.543581	
1282	0.588513	-1.764079	3.545401	
1283	0.600028	-1.764806	3.546158	
1284	0.612442	-1.766454	3.546744	
1285	0.624993	-1.767448	3.548538	
1286	0.638698	-1.768573	3.550452	
1287	0.650972	-1.770082	3.551488	
1288	0.662645	-1.771459	3.552401	
1289	0.675275	-1.772090	3.553942	
1290	0.689182	-1.773559	3.554334	
1291	0.701636	-1.773793	3.555653	
1292	0.713264	-1.774635	3.555688	
1293	0.726206	-1.775615	3.556399	
1294	0.738260	-1.777154	3.556429	
1295	0.750185	-1.778077	3.557404	
1296	0.763110	-1.779623	3.557249	
1297	0.774143	-1.779777	3.558445	
1298	0.785168	-1.779835	3.559636	
1299	0.798659	-1.781830	3.559644	
1300	0.810678	-1.782708	3.561134	
1301	0.822835	-1.783976	3.562741	
1302	0.836248	-1.786146	3.563971	
1303	0.848009	-1.786611	3.567489	
1304	0.859961	-1.788598	3.569704	
1305	0.874340	-1.789472	3.573735	
1306	0.885760	-1.791147	3.576979	
1307	0.898416	-1.793536	3.581059	
1308	0.909858	-1.796021	3.585389	
1309	0.920250	-1.798074	3.591114	
1310	0.932587	-1.800934	3.596199	
1311	0.945938	-1.802898	3.602397	
1312	0.956547	-1.804805	3.608876	
1313	0.968186	-1.808882	3.613104	
1314	0.980092	-1.811568	3.618417	
1315	0.988971	-1.813616	3.623705	
1316	0.998273	-1.817187	3.627367	
1317	1.006815	-1.819442	3.631814	
1318	1.023422	-1.822258	3.641872	
1319	1.031828	-1.824567	3.645267	
1320	1.041210	-1.825619	3.649621	
1321	1.049157	-1.826721	3.653503	
1322	1.059876	-1.828652	3.655500	
1323	1.074709	-1.828105	3.658923	
1324	1.083417	-1.829369	3.661174	
1325	1.094343	-1.831157	3.662359	
1326	1.104643	-1.830943	3.665339	
1327	1.115072	-1.832069	3.666046	
1328	1.125848	-1.833849	3.665876	
1329	1.136657	-1.832746	3.666986	
1330	1.148119	-1.833523	3.666356	
1331	1.159397	-1.833195	3.665571	
1332	1.170477	-1.832721	3.664377	
1333	1.184066	-1.831387	3.663114	
1334	1.208678	-1.828867	3.658803	
1335	1.221786	-1.825687	3.658702	
1336	1.233032	-1.822341	3.658516	
1337	1.263585	-1.817190	3.655839	
1338	1.290154	-1.813381	3.651051	
1339	1.305037	-1.809391	3.649092	
1340	1.315063	-1.806405	3.647227	
1341	1.327976	-1.804630	3.642790	
1342	1.339994	-1.802677	3.638904	
1343	1.352370	-1.801759	3.634223	
1344	1.362784	-1.801830	3.629156	
1345	1.378940	-1.798152	3.624962	
1346	1.382421	-1.798773	3.621301	
1347	1.398218	-1.795894	3.616429	
1348	1.403371	-1.794908	3.613413	
1349	1.409392	-1.794913	3.608380	
1350	1.419441	-1.793447	3.603828	
1351	1.428393	-1.790587	3.600497	
1352	1.435102	-1.791535	3.594865	
1353	1.444687	-1.789808	3.590147	
1354	1.454081	-1.787334	3.586383	
1355	1.462343	-1.786926	3.580534	
1356	1.473746	-1.784210	3.575908	
1357	1.482667	-1.782055	3.571808	
1358	1.494145	-1.780726	3.565668	
1359	1.506436	-1.777409	3.561596	
1360	1.516721	-1.775338	3.558109	
1361	1.528785	-1.773394	3.554315	
1362	1.542197	-1.771203	3.549698	
1363	1.552460	-1.767483	3.548908	
1364	1.563965	-1.765965	3.545568	
1365	1.578002	-1.763605	3.542021	
1366	1.589355	-1.760554	3.539929	
1367	1.600615	-1.759784	3.535340	
1368	1.613015	-1.756428	3.532195	
1369	1.621441	-1.754615	3.529521	
1370	1.632503	-1.752245	3.525537	
1371	1.643093	-1.748429	3.523536	
1372	1.652376	-1.746254	3.520641	
1373	1.662090	-1.743831	3.517471	
1374	1.671223	-1.740262	3.514379	
1375	1.679180	-1.738209	3.510487	
1376	1.687070	-1.735746	3.506481	
1377	1.696073	-1.733215	3.501263	
1378	1.704018	-1.730268	3.496614	
1379	1.711658	-1.727844	3.490935	
1380	1.720585	-1.724493	3.484751	
1381	1.730565	-1.718501	3.479566	
1382	1.735596	-1.715458	3.474792	
1383	1.743236	-1.711318	3.468271	
1384	1.752275	-1.704934	3.461660	
1385	1.758042	-1.701065	3.454609	
1386	1.765247	-1.696191	3.446926	
1387	1.773102	-1.690581	3.437965	
1388	1.780176	-1.685871	3.428403	
1389	1.786799	-1.681355	3.418559	
1390	1.792946	-1.675325	3.412105	
1391	1.801935	-1.669943	3.402254	
1392	1.812150	-1.665123	3.391208	
1393	1.818558	-1.659378	3.384686	
1394	1.824367	-1.654776	3.377750	
1395	1.838288	-1.647290	3.363293	
1396	1.850400	-1.637509	3.348887	
1397	1.857754	-1.632509	3.340603	
1398	1.863605	-1.628076	3.334177	
1399	1.870149	-1.625105	3.324904	
1400	1.877000	-1.620895	3.317362	
1401	1.883362	-1.617117	3.309934	
1402	1.889367	-1.614780	3.301052	
1403	1.895241	-1.611587	3.292908	
1404	1.900747	-1.608513	3.284163	
1405	1.906451	-1.603773	3.277581	
1406	1.912508	-1.598884	3.272255	
1407	1.918847	-1.594832	3.264188	
1408	1.925865	-1.590218	3.256212	
1409	1.932950	-1.584328	3.250390	
1410	1.940364	-1.578668	3.242811	
1411	1.948639	-1.572869	3.234160	
1412	1.956162	-1.567233	3.226590	
1413	1.965128	-1.562349	3.216934	
1414	1.975348	-1.555407	3.209374	
1415	1.983547	-1.549589	3.203322	
1416	1.993009	-1.544005	3.196834	
1417	2.003455	-1.537656	3.190619	
1418	2.013351	-1.530748	3.186201	
1419	2.022826	-1.525007	3.180234	
1420	2.033395	-1.519181	3.173166	
1421	2.043207	-1.512921	3.167474	
1422	2.053335	-1.507076	3.161065	
1423	2.061221	-1.501709	3.155881	
1424	2.077061	-1.492409	3.143204	
1425	2.083025	-1.488202	3.138650	
1426	2.089066	-1.484950	3.132938	
1427	2.095436	-1.481858	3.126311	
1428	2.101521	-1.478002	3.119589	
1429	2.107310	-1.473232	3.113889	
1430	2.112102	-1.468942	3.109831	
1431	2.116399	-1.465235	3.105397	
1432	2.121242	-1.462192	3.096822	
1433	2.126583	-1.457238	3.090631	
1434	2.130403	-1.452092	3.086719	
1435	2.134358	-1.446968	3.081832	
1436	2.138986	-1.441175	3.076315	
1437	2.141817	-1.438098	3.067657	
1438	2.145123	-1.434046	3.060110	
1439	2.148067	-1.428845	3.055130	
1440	2.151130	-1.423676	3.048419	
1441	2.154951	-1.418421	3.040102	
1442	2.158060	-1.413186	3.032335	
1443	2.160347	-1.408701	3.025043	
1444	2.164512	-1.402697	3.014333	
1445	2.168012	-1.398060	3.002808	
1446	2.170492	-1.393924	2.995889	
1447	2.172680	-1.390207	2.984931	
1448	2.176906	-1.384555	2.971988	
1449	2.178782	-1.379761	2.967362	
1450	2.179327	-1.376750	2.959843	
1451	2.184494	-1.368369	2.948653	
1452	2.186454	-1.362093	2.940761	
1453	2.184940	-1.359728	2.931376	
1454	2.186819	-1.353463	2.920502	
1455	2.189274	-1.345167	2.912138	
1456	2.189584	-1.340343	2.905710	
1457	2.191976	-1.334565	2.894683	
1458	2.193806	-1.328454	2.885745	
1459	2.195589	-1.322235	2.877648	
1460	2.198008	-1.315335	2.872315	
1461	2.199943	-1.310597	2.861259	
1462	2.202556	-1.305557	2.850764	
1463	2.206038	-1.298648	2.846162	
1464	2.207965	-1.294259	2.835289	
1465	2.212188	-1.287734	2.826037	
1466	2.215237	-1.281237	2.820892	
1467	2.216618	-1.277767	2.809078	
1468	2.221019	-1.272109	2.797753	
1469	2.223821	-1.268028	2.787185	
1470	2.226843	-1.264958	2.775280	
1471	2.236114	-1.254404	2.759356	
1472	2.240264	-1.251166	2.750342	
1473	2.245630	-1.246766	2.744021	
1474	2.251019	-1.242923	2.733287	
1475	2.256606	-1.239666	2.724412	
1476	2.262442	-1.236307	2.714995	
1477	2.267902	-1.232578	2.704820	
1478	2.274470	-1.226379	2.694721	
1479	2.280487	-1.220853	2.687697	
1480	2.284944	-1.216473	2.678185	
1481	2.290452	-1.210534	2.669350	
1482	2.294326	-1.206454	2.661685	
1483	2.298205	-1.201958	2.654359	
1484	2.302112	-1.196778	2.644709	
1485	2.305939	-1.190672	2.639240	
1486	2.308771	-1.186562	2.630952	
1487	2.311668	-1.181782	2.622309	
1488	2.314839	-1.176563	2.616542	
1489	2.316290	-1.172908	2.607428	
1490	2.318521	-1.167773	2.597946	
1491	2.319443	-1.162970	2.589570	
1492	2.320463	-1.158350	2.580099	
1493	2.322945	-1.147458	2.562406	
1494	2.323127	-1.143546	2.551981	
1495	2.323587	-1.137710	2.542853	
1496	2.324033	-1.131151	2.537177	
1497	2.324039	-1.125061	2.529160	
1498	2.321865	-1.121979	2.515281	
1499	2.321802	-1.114392	2.508064	
1500	2.321076	-1.107066	2.501608	
1501	2.321036	-1.098527	2.492533	
1502	2.320929	-1.090422	2.484630	
1503	2.319672	-1.083836	2.474557	
1504	2.318721	-1.077768	2.462983	
1505	2.317523	-1.072937	2.450712	
1506	2.316124	-1.068632	2.437510	
1507	2.315572	-1.063132	2.425410	
1508	2.314567	-1.057714	2.414517	
1509	2.314298	-1.051507	2.404108	
1510	2.313233	-1.045989	2.392427	
1511	2.312469	-1.039671	2.382144	
1512	2.311690	-1.033889	2.372765	
1513	2.309317	-1.030530	2.362064	
1514	2.309010	-1.024447	2.353560	
1515	2.308136	-1.019012	2.346209	
1516	2.306118	-1.016422	2.336831	
1517	2.304111	-1.012041	2.328946	
1518	2.302249	-1.008617	2.321681	
1519	2.300836	-1.004712	2.314760	
1520	2.299889	-0.999552	2.308476	
1521	2.298852	-0.995932	2.302346	
1522	2.298405	-0.993352	2.297046	
1523	2.298727	-0.988954	2.291540	
1524	2.299164	-0.985097	2.287092	
1525	2.299225	-0.982958	2.280247	
1526	2.298635	-0.980879	2.271407	
1527	2.300052	-0.977429	2.265119	
1528	2.300536	-0.974932	2.256672	
1529	2.302067	-0.971004	2.248833	
1530	2.304653	-0.966011	2.240762	
1531	2.308165	-0.959952	2.233166	
1532	2.312011	-0.954061	2.224384	
1533	2.315648	-0.948315	2.215329	
1534	2.318344	-0.943936	2.205243	
1535	2.321682	-0.939356	2.195201	
1536	2.326009	-0.932740	2.185604	
1537	2.329342	-0.928675	2.175961	
1538	2.333051	-0.923909	2.166341	
1539	2.336737	-0.919665	2.157203	
1540	2.340481	-0.915560	2.148564	
1541	2.344190	-0.910761	2.138835	
1542	2.349084	-0.905324	2.131715	
1543	2.352496	-0.901592	2.123815	
1544	2.355640	-0.899023	2.114600	
1545	2.359964	-0.893339	2.107948	
1546	2.363266	-0.888984	2.100742	
1547	2.366372	-0.885295	2.092153	
1548	2.369797	-0.879907	2.084607	
1549	2.372681	-0.874735	2.076693	
1550	2.375931	-0.869606	2.068645	
1551	2.379176	-0.863432	2.060396	
1552	2.381317	-0.858796	2.052087	
1553	2.382923	-0.855211	2.043297	
1554	2.385053	-0.849169	2.035035	
1555	2.385988	-0.844381	2.025547	
1556	2.387597	-0.838921	2.017563	
1557	2.388433	-0.833928	2.009106	
1558	2.388959	-0.830021	2.000319	
1559	2.389658	-0.824434	1.991727	
1560	2.390810	-0.817850	1.982791	
1561	2.391766	-0.811576	1.974397	
1562	2.392118	-0.805305	1.963622	
1563	2.392056	-0.799560	1.954008	
1564	2.392951	-0.785598	1.933218	
1565	2.393743	-0.778987	1.923939	
1566	2.394694	-0.772851	1.913749	
1567	2.396747	-0.764877	1.903664	
1568	2.399798	-0.757502	1.894422	
1569	2.402270	-0.750484	1.883757	
1570	2.405316	-0.743311	1.875737	
1571	2.407849	-0.738641	1.867003	
1572	2.409969	-0.733929	1.856717	
1573	2.411750	-0.729427	1.848472	
1574	2.413083	-0.726117	1.839481	
1575	2.416084	-0.720831	1.832156	
1576	2.417388	-0.718463	1.822643	
1577	2.419938	-0.715204	1.814517	
1578	2.422571	-0.712049	1.807309	
1579	2.427530	-0.705843	1.789439	
1580	2.429951	-0.702624	1.780444	
1581	2.431932	-0.700079	1.771583	
1582	2.435140	-0.697306	1.762822	
1583	2.439586	-0.692472	1.754101	
1584	2.443328	-0.688741	1.744364	
1585	2.447007	-0.685362	1.734621	
1586	2.451577	-0.680170	1.725623	
1587	2.455454	-0.675789	1.715116	
1588	2.459982	-0.671628	1.705499	
1589	2.465637	-0.665895	1.697215	
1590	2.470364	-0.661585	1.686959	
1591	2.474384	-0.659039	1.676726	
1592	2.479080	-0.654220	1.666309	
1593	2.483938	-0.651410	1.657840	
1594	2.488094	-0.646310	1.647461	
1595	2.494116	-0.640423	1.638673	
1596	2.498805	-0.633484	1.629756	
1597	2.503548	-0.628248	1.619878	
1598	2.508719	-0.621314	1.612110	
1599	2.512558	-0.614916	1.603267	
1600	2.517075	-0.609347	1.596159	
1601	2.520784	-0.603175	1.588535	
1602	2.523632	-0.596734	1.580699	
1603	2.526788	-0.590999	1.573945	
1604	2.528963	-0.584786	1.567449	
1605	2.531545	-0.579159	1.562582	
1606	2.533889	-0.571757	1.557149	
1607	2.534396	-0.566887	1.550949	
1608	2.535502	-0.561676	1.545385	
1609	2.536188	-0.556262	1.539186	
1610	2.535772	-0.551127	1.532283	
1611	2.535822	-0.546288	1.526278	
1612	2.534729	-0.541916	1.519281	
1613	2.533169	-0.536909	1.512828	
1614	2.529502	-0.525355	1.496600	
1615	2.526577	-0.519298	1.487238	
1616	2.523492	-0.514760	1.479138	
1617	2.520685	-0.509179	1.470568	
1618	2.517436	-0.503641	1.461902	
1619	2.513664	-0.497082	1.453286	
1620	2.509679	-0.491159	1.444428	
1621	2.506655	-0.484677	1.436640	
1622	2.502413	-0.479545	1.428564	
1623	2.498151	-0.475055	1.420973	
1624	2.493845	-0.470579	1.412346	
1625	2.489719	-0.465774	1.404529	
1626	2.484230	-0.462162	1.395666	
1627	2.479573	-0.459631	1.388738	
1628	2.474103	-0.456891	1.381162	
1629	2.468709	-0.455133	1.373689	
1630	2.464197	-0.451663	1.367298	
1631	2.460604	-0.448501	1.360999	
1632	2.455760	-0.446225	1.352332	
1633	2.452357	-0.443631	1.344470	
1634	2.448552	-0.440865	1.335600	
1635	2.445716	-0.439404	1.329259	
1636	2.442256	-0.437338	1.322698	
1637	2.438612	-0.434299	1.316564	
1638	2.434319	-0.433383	1.309716	
1639	2.430773	-0.429991	1.304447	
1640	2.427950	-0.428347	1.301061	
1641	2.421909	-0.427404	1.294343	
1642	2.418253	-0.424352	1.290150	
1643	2.415166	-0.422326	1.286747	
1644	2.410127	-0.421528	1.282491	
1645	2.406674	-0.419508	1.279813	
1646	2.402624	-0.418943	1.277637	
1647	2.397522	-0.417749	1.274268	
1648	2.394664	-0.414133	1.273357	
1649	2.391594	-0.411369	1.273229	
1650	2.386972	-0.409849	1.271267	
1651	2.382290	-0.407516	1.268996	
1652	2.376206	-0.405051	1.265282	
1653	2.372002	-0.402977	1.263803	
1654	2.368011	-0.400910	1.262590	
1655	2.362262	-0.398779	1.260484	
1656	2.356736	-0.396472	1.258735	
1657	2.350846	-0.393109	1.256927	
1658	2.344055	-0.391971	1.255245	
1659	2.336809	-0.389702	1.252747	
1660	2.329855	-0.388286	1.251028	
1661	2.321020	-0.386747	1.248078	
1662	2.312737	-0.385230	1.245737	
1663	2.304210	-0.383877	1.243345	
1664	2.293842	-0.383003	1.240211	
1665	2.284411	-0.382118	1.237397	
1666	2.276554	-0.380892	1.235852	
1667	2.266800	-0.381019	1.232988	
1668	2.255856	-0.380947	1.228514	
1669	2.247079	-0.380991	1.225839	
1670	2.237613	-0.380461	1.223647	
1671	2.226042	-0.378588	1.220008	
1672	2.215386	-0.378284	1.217628	
1673	2.204675	-0.378479	1.216338	
1674	2.191962	-0.378174	1.214376	
1675	2.179950	-0.375916	1.212041	
1676	2.169315	-0.375527	1.211076	
1677	2.157556	-0.374594	1.209768	
1678	2.146180	-0.372092	1.208111	
1679	2.136783	-0.371245	1.208483	
1680	2.127030	-0.370463	1.208835	
1681	2.117882	-0.368625	1.208566	
1682	2.108644	-0.367829	1.208099	
1683	2.100102	-0.366093	1.207537	
1684	2.092431	-0.363514	1.207166	
1685	2.084302	-0.363015	1.206381	
1686	2.076991	-0.361547	1.204995	
1687	2.070691	-0.359504	1.204149	
1688	2.056774	-0.357001	1.202324	
1689	2.050361	-0.355413	1.201671	
1690	2.043994	-0.353936	1.200451	
1691	2.037854	-0.351331	1.199034	
1692	2.031168	-0.348415	1.197239	
1693	2.025460	-0.344223	1.195578	
1694	2.018398	-0.340422	1.193067	
1695	2.011878	-0.336138	1.190646	
1696	2.005615	-0.332378	1.187692	
1697	1.999820	-0.327267	1.184855	
1698	1.994066	-0.322890	1.181342	
1699	1.988727	-0.318676	1.177779	
1700	1.983291	-0.314051	1.174132	
1701	1.977942	-0.309623	1.170199	
1702	1.972448	-0.305280	1.166254	
1703	1.967425	-0.300782	1.162297	
1704	1.962063	-0.296828	1.157434	
1705	1.956629	-0.292968	1.152449	
1706	1.952386	-0.288859	1.148060	
1707	1.947245	-0.285933	1.143103	
1708	1.941611	-0.281674	1.138070	
1709	1.936890	-0.278634	1.133847	
1710	1.931052	-0.275687	1.129631	
1711	1.924856	-0.271124	1.125024	
1712	1.919885	-0.267817	1.121661	
1713	1.913825	-0.265588	1.117770	
1714	1.906513	-0.261333	1.113142	
1715	1.899815	-0.258557	1.108915	
1716	1.892465	-0.256101	1.104450	
1717	1.884976	-0.252772	1.100099	
1718	1.877351	-0.249931	1.095523	
1719	1.868727	-0.247010	1.090687	
1720	1.860381	-0.243432	1.086228	
1721	1.851996	-0.240965	1.081936	
1722	1.843007	-0.238245	1.077847	
1723	1.833065	-0.235216	1.073320	
1724	1.823672	-0.232624	1.069295	
1725	1.812581	-0.230707	1.064946	
1726	1.802337	-0.227302	1.061145	
1727	1.793918	-0.225322	1.058076	
1728	1.784291	-0.223009	1.054906	
1729	1.767178	-0.218445	1.049637	
1730	1.759065	-0.216888	1.047922	
1731	1.749993	-0.214964	1.045457	
1732	1.742510	-0.213448	1.043779	
1733	1.735151	-0.212359	1.042525	
1734	1.727929	-0.211302	1.041307	
1735	1.721678	-0.208994	1.039904	
1736	1.715391	-0.207844	1.038709	
1737	1.709036	-0.208097	1.037140	
1738	1.702997	-0.206680	1.035155	
1739	1.697452	-0.205964	1.033607	
1740	1.692201	-0.205528	1.032740	
1741	1.686721	-0.204464	1.031788	
1742	1.682129	-0.203144	1.030875	
1743	1.677091	-0.201860	1.029636	
1744	1.672702	-0.200377	1.028423	
1745	1.667355	-0.199512	1.026329	
1746	1.662357	-0.198665	1.023961	
1747	1.656526	-0.196907	1.021149	
1748	1.651868	-0.196877	1.018681	
1749	1.646186	-0.195651	1.015395	
1750	1.640506	-0.192816	1.011757	
1751	1.636025	-0.191292	1.008832	
1752	1.630530	-0.189252	1.005139	
1753	1.624592	-0.185988	1.001055	
1754	1.618309	-0.182168	0.996578	
1755	1.612463	-0.179986	0.991679	
1756	1.606551	-0.174957	0.986732	
1757	1.600865	-0.171148	0.981348	
1758	1.588263	-0.163792	0.969615	
1759	1.581963	-0.160207	0.963498	
1760	1.576163	-0.156540	0.957386	
1761	1.569626	-0.152399	0.950768	
1762	1.564540	-0.148930	0.944681	
1763	1.558456	-0.145703	0.938438	
1764	1.552845	-0.140608	0.932282	
1765	1.548058	-0.136747	0.926510	
1766	1.535179	-0.129278	0.914372	
1767	1.529855	-0.126355	0.908612	
1768	1.524507	-0.121443	0.903239	
1769	1.518960	-0.116997	0.897812	
1770	1.513992	-0.114379	0.892390	
1771	1.510079	-0.110722	0.887736	
1772	1.505937	-0.107144	0.883149	
1773	1.501226	-0.103983	0.878712	
1774	1.496411	-0.102178	0.874203	
1775	1.491960	-0.101544	0.870374	
1776	1.481304	-0.104794	0.860587	
1777	1.475733	-0.106033	0.855604	
1778	1.469171	-0.108520	0.850503	
1779	1.462622	-0.112246	0.844779	
1780	1.454835	-0.114899	0.839223	
1781	1.439736	-0.121919	0.827847	
1782	1.431933	-0.123578	0.822828	
1783	1.424290	-0.125149	0.818372	
1784	1.417036	-0.125417	0.814274	
1785	1.409517	-0.125896	0.810556	
1786	1.401881	-0.127233	0.806444	
1787	1.395230	-0.128398	0.802750	
1788	1.387832	-0.128155	0.799016	
1789	1.374770	-0.128093	0.793101	
1790	1.368001	-0.128806	0.790142	
1791	1.361734	-0.128901	0.787432	
1792	1.355796	-0.128646	0.784824	
1793	1.349420	-0.129665	0.781314	
1794	1.342506	-0.128668	0.778309	
1795	1.337944	-0.128952	0.775434	
1796	1.331912	-0.129098	0.772444	
1797	1.325608	-0.128163	0.769815	
1798	1.319678	-0.127247	0.766944	
1799	1.314559	-0.126880	0.764276	
1800	1.309488	-0.124626	0.761934	
1801	1.304737	-0.123284	0.758406	
1802	1.300064	-0.121882	0.755104	
1803	1.293655	-0.120741	0.751524	
1804	1.290555	-0.120124	0.748470	
1805	1.286267	-0.117251	0.746475	
1806	1.282233	-0.115434	0.744728	
1807	1.278235	-0.114687	0.741866	
1808	1.273882	-0.111893	0.739450	
1809	1.270271	-0.109129	0.737133	
1810	1.265787	-0.107728	0.733508	
1811	1.261641	-0.104015	0.730161	
1812	1.258728	-0.099646	0.727094	
1813	1.254577	-0.096546	0.722004	
1814	1.249524	-0.093145	0.716554	
1815	1.245912	-0.087270	0.712090	
1816	1.242876	-0.084556	0.705877	
1817	1.239311	-0.081029	0.699726	
1818	1.235961	-0.075985	0.694637	
1819	1.233721	-0.073915	0.688435	
1820	1.231156	-0.070152	0.682771	
1821	1.226248	-0.065383	0.678103	
1822	1.224178	-0.063354	0.672443	
1823	1.220474	-0.058989	0.667879	
1824	1.216743	-0.056967	0.662619	
1825	1.213539	-0.056259	0.656833	
1826	1.208640	-0.053805	0.652077	
1827	1.205551	-0.051828	0.647207	
1828	1.201077	-0.050593	0.642051	
1829	1.195719	-0.047746	0.638374	
1830	1.190755	-0.047940	0.633567	
1831	1.185938	-0.047509	0.628845	
1832	1.179093	-0.046734	0.624755	
1833	1.171156	-0.045178	0.620790	
1834	1.164994	-0.045713	0.615931	
1835	1.156600	-0.045200	0.611530	
1836	1.148128	-0.044550	0.607518	
1837	1.141974	-0.045480	0.603056	
1838	1.133156	-0.046497	0.598892	
1839	1.123688	-0.048414	0.595220	
1840	1.116268	-0.051637	0.591835	
1841	1.107033	-0.056862	0.588117	
1842	1.096050	-0.060398	0.585475	
1843	1.087544	-0.064169	0.584067	
1844	1.077025	-0.066237	0.583717	
1845	1.065047	-0.068852	0.583836	
1846	1.054903	-0.073299	0.583388	
1847	1.044130	-0.077019	0.583534	
1848	1.033249	-0.079142	0.584515	
1849	1.024309	-0.082283	0.585393	
1850	1.013621	-0.085526	0.586498	
1851	1.002675	-0.088810	0.588122	
1852	0.992833	-0.092214	0.589279	
1853	0.982894	-0.094869	0.590635	
1854	0.973470	-0.098982	0.591454	
1855	0.965148	-0.103920	0.591772	
1856	0.956123	-0.106084	0.593713	
1857	0.947555	-0.108413	0.595605	
1858	0.940047	-0.110493	0.597361	
1859	0.931151	-0.113940	0.598961	
1860	0.922848	-0.116323	0.600847	
1861	0.916483	-0.118691	0.602829	
1862	0.908141	-0.119072	0.606153	
1863	0.901700	-0.121570	0.608284	
1864	0.894749	-0.123285	0.610640	
1865	0.887036	-0.124347	0.613662	
1866	0.880033	-0.126525	0.616514	
1867	0.873026	-0.128681	0.619092	
1868	0.865624	-0.127741	0.622896	
1869	0.860651	-0.128656	0.626472	
1870	0.855488	-0.133358	0.628007	
1871	0.848303	-0.134574	0.630526	
1872	0.839850	-0.134926	0.634538	
1873	0.835073	-0.140223	0.635781	
1874	0.829603	-0.142253	0.637318	
1875	0.821830	-0.143636	0.640594	
1876	0.817366	-0.147534	0.642310	
1877	0.812588	-0.149019	0.644410	
1878	0.805332	-0.150037	0.647718	
1879	0.800793	-0.151777	0.649991	
1880	0.796111	-0.153895	0.652255	
1881	0.790453	-0.154803	0.655432	
1882	0.785213	-0.155865	0.658734	
1883	0.781540	-0.157176	0.661916	
1884	0.773147	-0.158173	0.669051	
1885	0.768209	-0.158944	0.672374	
1886	0.762791	-0.157978	0.676842	
1887	0.758254	-0.158571	0.680677	
1888	0.754449	-0.159329	0.684056	
1889	0.749732	-0.158446	0.688575	
1890	0.747443	-0.157495	0.693509	
1891	0.744234	-0.158340	0.698215	
1892	0.740597	-0.157936	0.703894	
1893	0.737646	-0.157092	0.710360	
1894	0.734046	-0.157018	0.717566	
1895	0.730912	-0.155847	0.725714	
1896	0.729899	-0.156294	0.733793	
1897	0.726727	-0.157063	0.741940	
1898	0.724268	-0.155745	0.750721	
1899	0.722073	-0.155205	0.759182	
1900	0.719811	-0.156625	0.766777	
1901	0.716772	-0.157015	0.774229	
1902	0.713709	-0.157507	0.781715	
1903	0.710434	-0.159001	0.789111	
1904	0.707313	-0.161095	0.796454	
1905	0.704203	-0.162117	0.804760	
1906	0.700954	-0.164931	0.812549	
1907	0.697684	-0.168951	0.819715	
1908	0.694219	-0.170988	0.828168	
1909	0.691656	-0.175043	0.835817	
1910	0.689205	-0.179848	0.842649	
1911	0.686592	-0.180703	0.851763	
1912	0.683646	-0.184766	0.859365	
1913	0.680298	-0.188611	0.865608	
1914	0.678689	-0.190154	0.874318	
1915	0.678050	-0.193616	0.881708	
1916	0.676528	-0.196927	0.888234	
1917	0.675224	-0.198356	0.895679	
1918	0.675124	-0.201006	0.902732	
1919	0.674534	-0.204100	0.908397	
1920	0.674245	-0.205812	0.914903	
1921	0.674366	-0.208209	0.920934	
1922	0.675419	-0.211182	0.926374	
1923	0.676893	-0.213459	0.932462	
1924	0.678237	-0.216542	0.938149	
1925	0.679377	-0.219739	0.943019	
1926	0.679912	-0.222229	0.947920	
1927	0.680854	-0.224092	0.953373	
1928	0.682655	-0.226368	0.958827	
1929	0.683218	-0.229250	0.963726	
1930	0.684353	-0.230116	0.970222	
1931	0.684690	-0.233087	0.975550	
1932	0.685615	-0.234297	0.980977	
1933	0.687862	-0.235660	0.987381	
1934	0.689005	-0.238264	0.992050	
1935	0.689934	-0.238838	0.996671	
1936	0.691050	-0.238959	1.002326	
1937	0.691648	-0.240079	1.006748	
1938	0.693529	-0.239619	1.017348	
1939	0.693957	-0.239687	1.021599	
1940	0.694683	-0.238955	1.025863	
1941	0.695384	-0.235900	1.036504	
1942	0.695132	-0.233752	1.041258	
1943	0.695362	-0.231233	1.047129	
1944	0.696532	-0.229162	1.052605	
1945	0.696349	-0.226572	1.058392	
1946	0.696456	-0.223793	1.064361	
1947	0.696520	-0.221631	1.070108	
1948	0.694014	-0.213348	1.088398	
1949	0.694131	-0.211141	1.095246	
1950	0.694063	-0.209590	1.102156	
1951	0.693366	-0.207771	1.116433	
1952	0.692441	-0.206915	1.123594	
1953	0.691509	-0.206108	1.130667	
1954	0.690645	-0.205893	1.137150	
1955	0.689301	-0.206516	1.143335	
1956	0.690303	-0.205993	1.149957	
1957	0.689297	-0.207182	1.160854	
1958	0.689456	-0.207303	1.166502	
1959	0.689620	-0.207772	1.171615	
1960	0.690105	-0.207481	1.177246	
1961	0.690974	-0.207278	1.182981	
1962	0.690766	-0.207764	1.187993	
1963	0.690869	-0.208164	1.192902	
1964	0.692152	-0.207718	1.198137	
1965	0.692980	-0.207853	1.203081	
1966	0.692906	-0.208536	1.207392	
1967	0.693500	-0.208431	1.211941	
1968	0.693316	-0.208015	1.215933	
1969	0.693048	-0.207955	1.219493	
1970	0.693447	-0.206568	1.223793	
1971	0.694414	-0.204691	1.227568	
1972	0.694463	-0.203722	1.230577	
1973	0.694528	-0.202197	1.233717	
1974	0.696018	-0.201220	1.236788	
1975	0.696000	-0.200124	1.238995	
1976	0.694741	-0.198916	1.241068	
1977	0.694632	-0.198339	1.242733	
1978	0.694938	-0.197414	1.244960	
1979	0.694494	-0.196884	1.246472	
1980	0.693312	-0.196034	1.247869	
1981	0.692208	-0.194767	1.249659	
1982	0.691172	-0.194077	1.251307	
1983	0.686875	-0.193148	1.253868	
1984	0.684940	-0.191216	1.255849	
1985	0.682687	-0.188700	1.257518	
1986	0.679643	-0.185767	1.259134	
1987	0.676671	-0.183424	1.260232	
1988	0.673121	-0.180424	1.261352	
1989	0.669959	-0.177952	1.262527	
1990	0.666369	-0.176652	1.263120	
1991	0.662680	-0.174505	1.263963	
1992	0.660161	-0.173244	1.265105	
1993	0.656573	-0.172528	1.265718	
1994	0.652415	-0.170877	1.266580	
1995	0.648724	-0.169668	1.267398	
1996	0.644302	-0.168242	1.268150	
1997	0.639734	-0.167065	1.269026	
1998	0.635267	-0.166116	1.270053	
1999	0.630315	-0.165346	1.270473	
2000	0.625660	-0.164444	1.271240	
2001	0.620659	-0.164830	1.271138	
2002	0.615663	-0.164409	1.271106	
2003	0.611193	-0.163890	1.271556	
2004	0.607024	-0.164599	1.271533	
2005	0.602459	-0.164805	1.271616	
2006	0.597949	-0.164751	1.271810	
2007	0.594052	-0.165368	1.271743	
2008	0.589670	-0.165527	1.271488	
2009	0.585002	-0.165340	1.270933	
2010	0.580800	-0.164606	1.270404	
2011	0.576153	-0.163133	1.270039	
2012	0.571721	-0.161788	1.269806	
2013	0.566985	-0.161981	1.268468	
2014	0.562466	-0.160244	1.267691	
2015	0.558163	-0.158785	1.267123	
2016	0.554210	-0.157597	1.266074	
2017	0.550594	-0.154797	1.265894	
2018	0.546247	-0.155342	1.264127	
2019	0.542979	-0.153533	1.263301	
2020	0.539584	-0.153757	1.262762	
2021	0.536499	-0.152816	1.261705	
2022	0.533501	-0.152015	1.260904	
2023	0.527712	-0.151597	1.258884	
2024	0.525033	-0.152128	1.258044	
2025	0.522692	-0.151913	1.257757	
2026	0.519772	-0.152155	1.256428	
2027	0.517495	-0.150329	1.256485	
2028	0.514637	-0.150402	1.255357	
2029	0.511638	-0.148832	1.253976	
2030	0.508788	-0.148621	1.253202	
2031	0.505001	-0.147892	1.251442	
2032	0.501260	-0.146738	1.249851	
2033	0.497571	-0.146328	1.248333	
2034	0.493837	-0.145464	1.246844	
2035	0.490050	-0.144874	1.245215	
2036	0.485886	-0.143840	1.243113	
2037	0.481993	-0.143312	1.241288	
2038	0.477130	-0.142620	1.238377	
2039	0.472504	-0.142392	1.236031	
2040	0.468297	-0.141576	1.233585	
2041	0.464716	-0.141014	1.231402	
2042	0.461345	-0.140500	1.229424	
2043	0.458072	-0.139454	1.227432	
2044	0.451130	-0.137576	1.221459	
2045	0.446303	-0.134945	1.217066	
2046	0.443712	-0.133895	1.214461	
2047	0.440817	-0.132324	1.211668	
2048	0.437333	-0.131180	1.207934	
2049	0.433889	-0.128303	1.204496	
2050	0.430481	-0.127510	1.201069	
2051	0.427364	-0.125952	1.198090	
2052	0.424716	-0.124074	1.195964	
2053	0.421093	-0.123078	1.192262	
2054	0.418482	-0.120945	1.190032	
2055	0.415299	-0.119437	1.187064	
2056	0.411543	-0.117981	1.183641	
2057	0.405690	-0.114242	1.178262	
2058	0.402652	-0.113075	1.175310	
2059	0.400033	-0.111096	1.173017	
2060	0.396775	-0.109456	1.169892	
2061	0.393682	-0.107107	1.167120	
2062	0.388212	-0.102928	1.162220	
2063	0.385377	-0.100358	1.159442	
2064	0.380947	-0.094701	1.155051	
2065	0.378785	-0.092560	1.152949	
2066	0.376842	-0.090697	1.150635	
2067	0.375136	-0.088336	1.148969	
2068	0.372976	-0.087513	1.146317	
2069	0.370804	-0.086114	1.143700	
2070	0.367144	-0.084931	1.139569	
2071	0.364910	-0.084501	1.136958	
2072	0.363148	-0.083472	1.134557	
2073	0.360819	-0.084041	1.131304	
2074	0.358764	-0.084074	1.128144	
2075	0.357657	-0.082896	1.125588	
2076	0.355748	-0.083178	1.121702	
2077	0.354372	-0.081485	1.118101	
2078	0.353740	-0.080719	1.114818	
2079	0.352619	-0.080973	1.110801	
2080	0.352039	-0.079872	1.106873	
2081	0.351182	-0.078053	1.102931	
2082	0.350322	-0.077380	1.098427	
2083	0.350208	-0.075914	1.094042	
2084	0.349947	-0.074352	1.089025	
2085	0.349482	-0.072814	1.083692	
2086	0.349814	-0.071028	1.078809	
2087	0.350061	-0.071246	1.073623	
2088	0.350609	-0.070164	1.067805	
2089	0.351220	-0.068755	1.061871	
2090	0.352414	-0.068438	1.056084	
2091	0.353491	-0.066725	1.050554	
2092	0.354648	-0.063350	1.046170	
2093	0.356152	-0.062786	1.039506	
2094	0.356330	-0.059509	1.034241	
2095	0.357720	-0.057429	1.028422	
2096	0.358102	-0.056618	1.020871	
2097	0.358390	-0.052850	1.014833	
2098	0.359531	-0.051532	1.007248	
2099	0.359130	-0.049533	0.999392	
2100	0.359648	-0.047013	0.992123	
2101	0.359597	-0.046640	0.983866	
2102	0.359134	-0.044968	0.976217	
2103	0.358707	-0.042621	0.969340	
2104	0.358215	-0.041828	0.962530	
2105	0.356810	-0.041899	0.955612	
2106	0.355289	-0.041476	0.949035	
2107	0.353685	-0.041446	0.943010	
2108	0.351162	-0.042401	0.936945	
2109	0.349083	-0.042309	0.932346	
2110	0.346071	-0.043229	0.926746	
2111	0.343124	-0.042639	0.921683	
2112	0.340396	-0.041950	0.916977	
2113	0.336637	-0.042922	0.911549	
2114	0.333518	-0.041869	0.907083	
2115	0.330149	-0.040260	0.902816	
2116	0.327689	-0.040758	0.898923	
2117	0.324421	-0.039411	0.894656	
2118	0.321472	-0.037449	0.890712	
2119	0.317778	-0.037320	0.885535	
2120	0.314737	-0.036016	0.880857	
2121	0.312788	-0.033916	0.876946	
2122	0.308391	-0.036434	0.864880	
2123	0.306695	-0.034153	0.859796	
2124	0.303411	-0.036952	0.845505	
2125	0.302275	-0.034617	0.839691	
2126	0.301235	-0.037176	0.831542	
2127	0.300826	-0.036205	0.824688	
2128	0.300092	-0.033946	0.818592	
2129	0.300341	-0.035525	0.810600	
2130	0.299408	-0.037546	0.801888	
2131	0.297698	-0.035847	0.794810	
2132	0.298673	-0.035672	0.787236	
2133	0.299233	-0.035758	0.772925	
2134	0.300436	-0.037527	0.758126	
2135	0.299945	-0.036237	0.752067	
2136	0.300715	-0.035567	0.746155	
2137	0.300679	-0.037243	0.739504	
2138	0.301487	-0.036482	0.734221	
2139	0.302237	-0.035086	0.728692	
2140	0.302444	-0.035453	0.722482	
2141	0.302821	-0.035450	0.716175	
2142	0.304758	-0.034196	0.710228	
2143	0.305971	-0.031961	0.704861	
2144	0.308245	-0.032039	0.698825	
2145	0.309202	-0.031021	0.692782	
2146	0.310982	-0.028103	0.687094	
2147	0.312850	-0.028196	0.680826	
2148	0.315665	-0.027414	0.674525	
2149	0.322414	-0.020669	0.664348	
2150	0.326107	-0.021786	0.657620	
2151	0.328237	-0.018819	0.651531	
2152	0.335187	-0.015950	0.637079	
2153	0.337428	-0.014355	0.629040	
2154	0.339143	-0.011158	0.622035	
2155	0.341517	-0.008822	0.613834	
2156	0.343339	-0.008583	0.604709	
2157	0.344787	-0.006237	0.596202	
2158	0.345954	-0.003155	0.587265	
2159	0.347608	-0.002898	0.575790	
2160	0.349527	-0.001107	0.565587	
2161	0.355139	0.003517	0.544572	
2162	0.356493	0.005230	0.534268	
2163	0.356608	0.008681	0.524321	
2164	0.357166	0.011658	0.512921	
2165	0.358160	0.012656	0.500127	
2166	0.358279	0.014851	0.489748	
2167	0.358796	0.019172	0.479722	
2168	0.359165	0.019440	0.467281	
2169	0.358666	0.020883	0.454675	
2170	0.358671	0.022052	0.444754	
2171	0.357048	0.023992	0.434279	
2172	0.357717	0.025204	0.423561	
2173	0.357967	0.027586	0.414741	
2174	0.357419	0.030852	0.406640	
2175	0.356677	0.031805	0.397464	
2176	0.355682	0.032722	0.388830	
2177	0.355774	0.035689	0.382363	
2178	0.355436	0.037775	0.375397	
2179	0.355298	0.036704	0.367266	
2180	0.352444	0.040928	0.355336	
2181	0.350435	0.041744	0.349081	
2182	0.346284	0.043015	0.343261	
2183	0.336260	0.043981	0.337281	
2184	0.333741	0.045850	0.331358	
2185	0.329865	0.046525	0.324878	
2186	0.324265	0.049317	0.320285	
2187	0.318741	0.050799	0.314995	
2188	0.311849	0.051765	0.308737	
2189	0.304630	0.054199	0.303470	
2190	0.295224	0.056083	0.298359	
2191	0.287095	0.056805	0.291581	
2192	0.278738	0.057674	0.284017	
2193	0.269317	0.060546	0.278422	
2194	0.260194	0.062411	0.272549	
2195	0.250839	0.063187	0.265714	
2196	0.241111	0.063825	0.258726	
2197	0.232501	0.065503	0.252779	
2198	0.224677	0.066771	0.246278	
2199	0.216286	0.066639	0.239177	
2200	0.208429	0.067190	0.233260	
2201	0.201896	0.068426	0.227310	
2202	0.195519	0.069828	0.221030	
2203	0.186408	0.069039	0.214780	
2204	0.178658	0.069612	0.209830	
2205	0.171442	0.071002	0.204803	
2206	0.163248	0.071955	0.199359	
2207	0.156180	0.072447	0.193754	
2208	0.148967	0.072266	0.187832	
2209	0.142300	0.073131	0.182106	
2210	0.135362	0.072905	0.175899	
2211	0.128204	0.072230	0.170090	
2212	0.121226	0.072629	0.164943	
2213	0.113529	0.071784	0.159218	
2214	0.094983	0.074157	0.149259	
2215	0.087621	0.073727	0.143008	
2216	0.079250	0.075004	0.137090	
2217	0.071476	0.075716	0.131042	
2218	0.063555	0.075593	0.123777	
2219	0.054038	0.074664	0.117003	
2220	0.046973	0.076942	0.110641	
2221	0.039416	0.076540	0.102731	
2222	0.030001	0.077599	0.095182	
2223	0.021411	0.080946	0.088981	
2224	0.013608	0.083959	0.081431	
2225	0.003051	0.085610	0.073521	
2226	-0.004668	0.087973	0.067202	
2227	-0.013153	0.092658	0.060897	
2228	-0.023130	0.095023	0.053830	
2229	-0.031814	0.097696	0.047783	
2230	-0.038800	0.102993	0.042457	
2231	-0.047568	0.105814	0.035956	
2232	-0.056758	0.109695	0.030287	
2233	-0.065003	0.114653	0.025153	
2234	-0.072868	0.119991	0.019765	
2235	-0.090096	0.130462	0.009944	
2236	-0.095397	0.138025	0.006268	
2237	-0.104351	0.140892	-0.000026	
2238	-0.112439	0.143972	-0.004198	
2239	-0.117945	0.147935	-0.007408	
2240	-0.124424	0.149978	-0.010924	
2241	-0.130927	0.150709	-0.014731	
2242	-0.136688	0.152635	-0.017804	
2243	-0.142589	0.152442	-0.021572	
2244	-0.149405	0.152355	-0.024565	
2245	-0.154734	0.153002	-0.027329	
2246	-0.164273	0.152603	-0.030792	
2247	-0.173291	0.152400	-0.033700	
2248	-0.178211	0.154454	-0.035390	
2249	-0.184631	0.155875	-0.038009	
2250	-0.193120	0.156669	-0.040744	
2251	-0.200636	0.158817	-0.042349	
2252	-0.208471	0.159901	-0.044374	
2253	-0.216694	0.160061	-0.046115	
2254	-0.223667	0.159743	-0.047731	
2255	-0.230588	0.159520	-0.049155	
2256	-0.249959	0.157293	-0.051583	
2257	-0.264934	0.155850	-0.054466	
2258	-0.272268	0.156044	-0.055635	
2259	-0.279488	0.156316	-0.056730	
2260	-0.286346	0.156427	-0.057435	
2261	-0.293069	0.157699	-0.057666	
2262	-0.299733	0.160193	-0.057472	
2263	-0.307267	0.161731	-0.057478	
2264	-0.315994	0.162391	-0.058122	
2265	-0.323274	0.164777	-0.057992	
2266	-0.329419	0.167540	-0.058404	
2267	-0.336650	0.168182	-0.060003	
2268	-0.344169	0.167624	-0.062031	
2269	-0.352016	0.168591	-0.063837	
2270	-0.358573	0.167847	-0.066594	
2271	-0.366095	0.166110	-0.069239	
2272	-0.372612	0.164699	-0.071772	
2273	-0.379648	0.163724	-0.074449	
2274	-0.385984	0.160291	-0.077675	
2275	-0.394125	0.158594	-0.080658	
2276	-0.401897	0.157296	-0.083198	
2277	-0.407581	0.156014	-0.086018	
2278	-0.416815	0.155043	-0.088077	
2279	-0.423722	0.154252	-0.090086	
2280	-0.428908	0.155181	-0.091416	
2281	-0.437290	0.154271	-0.093365	
2282	-0.444470	0.156401	-0.094100	
2283	-0.450913	0.156553	-0.095900	
2284	-0.459222	0.154539	-0.097781	
2285	-0.464933	0.152732	-0.099247	
2286	-0.468444	0.152187	-0.101382	
2287	-0.475125	0.152339	-0.103899	
2288	-0.481396	0.151572	-0.106876	
2289	-0.487297	0.149702	-0.110894	
2290	-0.492914	0.149609	-0.114892	
2291	-0.499152	0.149719	-0.119525	
2292	-0.506769	0.150093	-0.123903	
2293	-0.512336	0.150881	-0.128947	
2294	-0.517494	0.151961	-0.134250	
2295	-0.525136	0.155996	-0.139335	
2296	-0.531921	0.160347	-0.144484	
2297	-0.538039	0.163809	-0.149987	
2298	-0.546103	0.167100	-0.155499	
2299	-0.553459	0.170865	-0.160646	
2300	-0.558901	0.175292	-0.165395	
2301	-0.564827	0.180840	-0.170043	
2302	-0.572330	0.183698	-0.174784	
2303	-0.578662	0.187018	-0.179473	
2304	-0.585157	0.192821	-0.183438	
2305	-0.590017	0.197958	-0.187563	
2306	-0.597565	0.202074	-0.191149	
2307	-0.602223	0.206501	-0.195278	
2308	-0.608796	0.212226	-0.198986	
2309	-0.615557	0.214801	-0.203362	
2310	-0.620481	0.218151	-0.207368	
2311	-0.626884	0.221828	-0.211055	
2312	-0.630821	0.225451	-0.214197	
2313	-0.637762	0.227532	-0.216974	
2314	-0.642883	0.228711	-0.219837	
2315	-0.648176	0.230082	-0.222308	
2316	-0.653719	0.232274	-0.223996	
2317	-0.658628	0.234210	-0.225946	
2318	-0.667070	0.236742	-0.227563	
2319	-0.672613	0.237750	-0.229466	
2320	-0.677569	0.237860	-0.231905	
2321	-0.683897	0.238386	-0.234424	
2322	-0.689714	0.238799	-0.236506	
2323	-0.694880	0.238244	-0.239595	
2324	-0.700629	0.238315	-0.242633	
2325	-0.707455	0.237256	-0.245420	
2326	-0.713759	0.236765	-0.248493	
2327	-0.719828	0.236726	-0.251806	
2328	-0.726546	0.234061	-0.254679	
2329	-0.733632	0.231091	-0.257823	
2330	-0.755085	0.228767	-0.258101	
2331	-0.762662	0.227983	-0.260692	
2332	-0.768912	0.225720	-0.263341	
2333	-0.777887	0.225086	-0.265838	
2334	-0.785802	0.224613	-0.267996	
2335	-0.793377	0.222125	-0.270392	
2336	-0.803713	0.223129	-0.272181	
2337	-0.809557	0.222827	-0.275004	
2338	-0.816492	0.222060	-0.278054	
2339	-0.828632	0.224489	-0.280470	
2340	-0.842457	0.227703	-0.282660	
2341	-0.846904	0.227409	-0.286745	
2342	-0.854788	0.228298	-0.289998	
2343	-0.866129	0.230127	-0.292607	
2344	-0.872330	0.228948	-0.296113	
2345	-0.880767	0.228394	-0.299078	
2346	-0.884571	0.228906	-0.302354	
2347	-0.891001	0.226903	-0.306383	
2348	-0.900692	0.226863	-0.308927	
2349	-0.908121	0.227312	-0.311930	
2350	-0.914815	0.226383	-0.315366	
2351	-0.922014	0.226722	-0.319104	
2352	-0.925939	0.224185	-0.323748	
2353	-0.932539	0.222250	-0.327781	
2354	-0.939666	0.220254	-0.331692	
2355	-0.944798	0.218381	-0.336235	
2356	-0.948865	0.219125	-0.340608	
2357	-0.957644	0.220023	-0.344251	
2358	-0.964090	0.221941	-0.347732	
2359	-0.970538	0.223102	-0.352027	
2360	-0.984635	0.225289	-0.360481	
2361	-0.996566	0.228909	-0.371186	
2362	-1.007239	0.235017	-0.375454	
2363	-1.013672	0.238323	-0.381056	
2364	-1.027808	0.245865	-0.390515	
2365	-1.044656	0.254376	-0.399720	
2366	-1.061895	0.260483	-0.408599	
2367	-1.070764	0.265718	-0.413314	
2368	-1.075566	0.269420	-0.417879	
2369	-1.083457	0.273476	-0.421084	
2370	-1.092041	0.279406	-0.423768	
2371	-1.100495	0.284619	-0.425756	
2372	-1.103076	0.286880	-0.428944	
2373	-1.106628	0.287930	-0.430473	
2374	-1.117617	0.293266	-0.428199	
2375	-1.124575	0.297138	-0.426126	
2376	-1.123006	0.297720	-0.425529	
2377	-1.127136	0.300001	-0.423470	
2378	-1.135632	0.301233	-0.419881	
2379	-1.144386	0.301094	-0.413970	
2380	-1.147460	0.303257	-0.410509	
2381	-1.154052	0.301060	-0.406794	
2382	-1.162536	0.298430	-0.401350	
2383	-1.164786	0.297758	-0.397322	
2384	-1.170230	0.297880	-0.391561	
2385	-1.178630	0.293927	-0.384586	
2386	-1.186462	0.291054	-0.377753	
2387	-1.192838	0.288925	-0.371229	
2388	-1.199007	0.281845	-0.364629	
2389	-1.207465	0.279687	-0.356580	
2390	-1.214852	0.277054	-0.349208	
2391	-1.219985	0.273138	-0.341570	
2392	-1.222522	0.267076	-0.335478	
2393	-1.232546	0.261910	-0.327070	
2394	-1.240206	0.258307	-0.319776	
2395	-1.246182	0.255819	-0.313154	
2396	-1.251689	0.250527	-0.306913	
2397	-1.256368	0.244081	-0.300851	
2398	-1.263527	0.237864	-0.294378	
2399	-1.276092	0.228081	-0.284847	
2400	-1.282457	0.222451	-0.278606	
2401	-1.284976	0.215817	-0.273282	
2402	-1.286752	0.209099	-0.268416	
2403	-1.292229	0.204144	-0.262967	
2404	-1.297211	0.198764	-0.257862	
2405	-1.298686	0.192842	-0.253636	
2406	-1.303201	0.190022	-0.248884	
2407	-1.307245	0.185357	-0.244010	
2408	-1.312385	0.181311	-0.238850	
2409	-1.316656	0.177305	-0.233696	
2410	-1.324024	0.171206	-0.223743	
2411	-1.327218	0.162817	-0.215439	
2412	-1.332198	0.160632	-0.210687	
2413	-1.334297	0.157846	-0.206214	
2414	-1.332429	0.152990	-0.203156	
2415	-1.336563	0.149852	-0.197950	
2416	-1.338282	0.146653	-0.193581	
2417	-1.337670	0.142476	-0.189683	
2418	-1.338249	0.139374	-0.185671	
2419	-1.342638	0.137549	-0.180273	
2420	-1.342131	0.133390	-0.177012	
2421	-1.345198	0.131046	-0.172025	
2422	-1.347841	0.128544	-0.167590	
2423	-1.348581	0.124677	-0.164070	
2424	-1.352601	0.123637	-0.159128	
2425	-1.354111	0.123312	-0.154378	
2426	-1.354269	0.121003	-0.150151	
2427	-1.359282	0.118367	-0.143948	
2428	-1.361370	0.117063	-0.138298	
2429	-1.363454	0.117177	-0.132748	
2430	-1.360588	0.115546	-0.128801	
2431	-1.362842	0.114535	-0.122991	
2432	-1.365037	0.115007	-0.117284	
2433	-1.366934	0.112752	-0.111737	
2434	-1.367889	0.111030	-0.105816	
2435	-1.366373	0.109887	-0.101084	
2436	-1.366587	0.109403	-0.094967	
2437	-1.365206	0.106849	-0.089121	
2438	-1.360088	0.104261	-0.083759	
2439	-1.357698	0.100570	-0.076891	
2440	-1.355515	0.095185	-0.069564	
2441	-1.351470	0.090477	-0.061919	
2442	-1.344142	0.087134	-0.055051	
2443	-1.339307	0.081888	-0.046939	
2444	-1.339381	0.076246	-0.036621	
2445	-1.332122	0.072351	-0.028110	
2446	-1.321455	0.065611	-0.021474	
2447	-1.320304	0.057752	-0.011803	
2448	-1.313406	0.052860	-0.003211	
2449	-1.299488	0.046160	0.002113	
2450	-1.297530	0.036468	0.010715	
2451	-1.295630	0.030996	0.020686	
2452	-1.280629	0.025459	0.026810	
2453	-1.271620	0.018272	0.033599	
2454	-1.270339	0.013323	0.042888	
2455	-1.262908	0.008314	0.049884	
2456	-1.252831	0.004894	0.055242	
2457	-1.250626	0.000613	0.062254	
2458	-1.246733	-0.001813	0.068541	
2459	-1.237251	-0.005379	0.072728	
2460	-1.229211	-0.009203	0.075906	
2461	-1.226541	-0.010130	0.081245	
2462	-1.224243	-0.009711	0.086330	
2463	-1.215580	-0.011158	0.089042	
2464	-1.207967	-0.011623	0.092906	
2465	-1.204630	-0.011196	0.098177	
2466	-1.201596	-0.011557	0.103356	
2467	-1.194522	-0.013781	0.108062	
2468	-1.188517	-0.011730	0.114189	
2469	-1.185026	-0.009833	0.119438	
2470	-1.180315	-0.010358	0.123840	
2471	-1.176665	-0.008429	0.129233	
2472	-1.175205	-0.005964	0.135624	
2473	-1.169245	-0.005106	0.139112	
2474	-1.165757	-0.005265	0.143502	
2475	-1.162812	-0.003159	0.148242	
2476	-1.156864	-0.003131	0.150949	
2477	-1.154333	-0.004524	0.154043	
2478	-1.150458	-0.004498	0.157117	
2479	-1.146574	-0.002483	0.160122	
2480	-1.145323	-0.002738	0.163153	
2481	-1.140474	-0.002918	0.166225	
2482	-1.136491	-0.001956	0.170034	
2483	-1.130223	-0.005868	0.172552	
2484	-1.130309	-0.004410	0.179298	
2485	-1.128284	-0.002120	0.185191	
2486	-1.120345	-0.004516	0.188564	
2487	-1.117315	-0.006561	0.193079	
2488	-1.119731	-0.003403	0.198774	
2489	-1.115799	-0.005031	0.202667	
2490	-1.111405	-0.004830	0.206697	
2491	-1.109146	-0.004423	0.210926	
2492	-1.108225	-0.005356	0.215777	
2493	-1.104071	0.000235	0.220584	
2494	-1.097274	-0.001047	0.222586	
2495	-1.098357	0.000345	0.226913	
2496	-1.098506	0.005084	0.231926	
2497	-1.092917	0.005109	0.233633	
2498	-1.093582	0.005427	0.236644	
2499	-1.096269	0.011130	0.241484	
2500	-1.092422	0.011351	0.242734	
2501	-1.092663	0.011244	0.244677	
2502	-1.094373	0.013883	0.247846	
2503	-1.092380	0.013802	0.248991	
2504	-1.093796	0.013618	0.250533	
2505	-1.096236	0.014976	0.252754	
2506	-1.095252	0.015023	0.253839	
2507	-1.095027	0.014696	0.254741	
2508	-1.096539	0.015959	0.256411	
2509	-1.096075	0.016168	0.257635	
2510	-1.093921	0.017064	0.258276	
2511	-1.095367	0.017728	0.259473	
2512	-1.097324	0.020601	0.261830	
2513	-1.096479	0.022014	0.263321	
2514	-1.096920	0.022748	0.264616	
2515	-1.100581	0.025511	0.267876	
2516	-1.098234	0.027314	0.269383	
2517	-1.096357	0.027640	0.270298	
2518	-1.101363	0.030611	0.273926	
2519	-1.100317	0.033081	0.276159	
2520	-1.098337	0.032931	0.277516	
2521	-1.101008	0.035200	0.280811	
2522	-1.100214	0.037135	0.283139	
2523	-1.097971	0.038439	0.285275	
2524	-1.096041	0.040233	0.287163	
2525	-1.097721	0.041836	0.290076	
2526	-1.093900	0.043063	0.291809	
2527	-1.091554	0.044510	0.293371	
2528	-1.093197	0.046639	0.295985	
2529	-1.092423	0.048277	0.298072	
2530	-1.087666	0.049456	0.298259	
2531	-1.087185	0.049964	0.299000	
2532	-1.088758	0.051802	0.300647	
2533	-1.085546	0.052621	0.300852	
2534	-1.084128	0.052335	0.300597	
2535	-1.086468	0.052848	0.302298	
2536	-1.083601	0.053447	0.302872	
2537	-1.082687	0.052679	0.302998	
2538	-1.082766	0.052336	0.303742	
2539	-1.081962	0.052023	0.304488	
2540	-1.080213	0.051873	0.304541	
2541	-1.078768	0.050821	0.305001	
2542	-1.076094	0.049986	0.304345	
2543	-1.075810	0.049546	0.304340	
2544	-1.074919	0.048749	0.304373	
2545	-1.072916	0.048226	0.304096	
2546	-1.073895	0.047028	0.304235	
2547	-1.073424	0.047423	0.304636	
2548	-1.070813	0.048498	0.304296	
2549	-1.071307	0.048470	0.304505	
2550	-1.071390	0.049693	0.305056	
2551	-1.068734	0.051630	0.305050	
2552	-1.067727	0.051777	0.304765	
2553	-1.067434	0.053702	0.305517	
2554	-1.064161	0.055593	0.305105	
2555	-1.063527	0.056375	0.304963	
2556	-1.063116	0.057798	0.305393	
2557	-1.060067	0.060221	0.304852	
2558	-1.059299	0.060475	0.304306	
2559	-1.059809	0.061961	0.304715	
2560	-1.056402	0.064084	0.304166	
2561	-1.056119	0.064581	0.303731	
2562	-1.056592	0.065948	0.304106	
2563	-1.052520	0.068557	0.303409	
2564	-1.052172	0.069642	0.303265	
2565	-1.050972	0.071795	0.303264	
2566	-1.046802	0.075521	0.302214	
2567	-1.047040	0.076733	0.302080	
2568	-1.044029	0.078882	0.300771	
2569	-1.043489	0.080160	0.299644	
2570	-1.041609	0.081058	0.298681	
2571	-1.041669	0.081384	0.297686	
2572	-1.041010	0.081915	0.296873	
2573	-1.038785	0.082372	0.295685	
2574	-1.038435	0.082985	0.294282	
2575	-1.036302	0.082568	0.292901	
2576	-1.037059	0.082759	0.292456	
2577	-1.034936	0.082671	0.291468	
2578	-1.033048	0.082871	0.289593	
2579	-1.032019	0.083425	0.288988	
2580	-1.029000	0.084092	0.287930	
2581	-1.028777	0.084675	0.287421	
2582	-1.029139	0.085252	0.287349	
2583	-1.027228	0.085840	0.286554	
