0	0.000000	0.000000	0.000000	
1	0.000000	0.000000	0.000000	
2	0.000000	0.000000	0.000000	
3	0.000000	0.000000	0.000000	
4	0.000023	0.001269	0.000709	
5	-0.000354	0.001224	0.000686	
6	-0.000665	0.002166	0.000442	
7	-0.000451	0.001658	0.000060	
8	-0.001100	0.005040	0.000509	
9	-0.000621	0.003760	-0.000221	
10	-0.000605	0.005126	0.000062	
11	-0.000590	0.003773	-0.000382	
12	-0.000662	0.003268	-0.000176	
13	-0.000493	0.003325	-0.000218	
14	-0.001121	0.002156	-0.000764	
15	-0.001207	0.001549	-0.000924	
16	-0.001081	0.000720	-0.001352	
17	-0.001295	-0.000512	-0.002058	
18	-0.000822	-0.000125	-0.001909	
19	-0.001027	-0.000422	-0.002558	
20	-0.001234	0.000292	-0.002442	
21	-0.000902	-0.000226	-0.002626	
22	0.000750	0.000469	-0.002650	
23	0.001086	0.000557	-0.003091	
24	0.000802	-0.000221	-0.003763	
25	0.001576	0.000273	-0.004096	
26	0.001948	0.000015	-0.004848	
27	0.002117	-0.000620	-0.005817	
28	0.003603	-0.000062	-0.006110	
29	0.003233	0.000333	-0.006546	
30	0.002707	-0.000513	-0.007457	
31	0.003893	-0.000517	-0.007637	
32	0.004300	0.000891	-0.007561	
33	0.003742	0.001542	-0.008161	
34	0.004093	0.002121	-0.008359	
35	0.004537	0.002135	-0.008495	
36	0.004474	0.002192	-0.008778	
37	0.005080	0.003320	-0.008489	
38	0.005789	0.004882	-0.008437	
39	0.004983	0.004763	-0.009126	
40	0.005328	0.005384	-0.008909	
41	0.005855	0.005467	-0.009178	
42	0.006109	0.004422	-0.009968	
43	0.006273	0.003353	-0.010548	
44	0.006806	0.002971	-0.010686	
45	0.006972	0.003577	-0.010969	
46	0.007174	0.003513	-0.011390	
47	0.007559	0.003973	-0.011613	
48	0.007475	0.004664	-0.012013	
49	0.007177	0.004255	-0.012360	
50	0.008192	0.004420	-0.012520	
51	0.008391	0.003798	-0.013234	
52	0.007738	0.003258	-0.013509	
53	0.008237	0.004400	-0.013627	
54	0.007935	0.004172	-0.013997	
55	0.008113	0.004032	-0.014419	
56	0.008150	0.004279	-0.014410	
57	0.007982	0.004252	-0.014769	
58	0.007716	0.004344	-0.014915	
59	0.008549	0.005947	-0.014192	
60	0.008125	0.006141	-0.014017	
61	0.007017	0.006748	-0.013713	
62	0.007792	0.007876	-0.013017	
63	0.007960	0.008695	-0.012354	
64	0.007182	0.010011	-0.011695	
65	0.006645	0.010170	-0.011443	
66	0.006512	0.010233	-0.011101	
67	0.006481	0.011892	-0.010239	
68	0.005352	0.011973	-0.010170	
69	0.003453	0.012472	-0.010244	
70	0.002107	0.012569	-0.010466	
71	-0.000178	0.011571	-0.011618	
72	-0.003085	0.011413	-0.012995	
73	-0.006291	0.009158	-0.015910	
74	-0.011577	0.007521	-0.019556	
75	-0.018237	0.006524	-0.023302	
76	-0.023710	0.005908	-0.027617	
77	-0.036808	0.003107	-0.037376	
78	-0.045369	0.002092	-0.042253	
79	-0.054559	0.002323	-0.046504	
80	-0.063394	0.001756	-0.051190	
81	-0.072752	0.001830	-0.055548	
82	-0.084119	0.002407	-0.060164	
83	-0.094944	0.004405	-0.064043	
84	-0.105587	0.006232	-0.067594	
85	-0.117171	0.008473	-0.070849	
86	-0.129390	0.010583	-0.073779	
87	-0.142741	0.013554	-0.076260	
88	-0.155976	0.016668	-0.078566	
89	-0.167865	0.019243	-0.080832	
90	-0.181312	0.021227	-0.083479	
91	-0.193659	0.025281	-0.084927	
92	-0.204693	0.028975	-0.086521	
93	-0.217064	0.031400	-0.088507	
94	-0.228745	0.033215	-0.089844	
95	-0.239511	0.034877	-0.091855	
96	-0.249469	0.037033	-0.093510	
97	-0.259786	0.037033	-0.095281	
98	-0.269353	0.036830	-0.096911	
99	-0.279972	0.036538	-0.097745	
100	-0.288645	0.036644	-0.098304	
101	-0.299016	0.035061	-0.098904	
102	-0.308865	0.034343	-0.098850	
103	-0.317873	0.033167	-0.098665	
104	-0.326377	0.031258	-0.098888	
105	-0.335726	0.028942	-0.099118	
106	-0.345514	0.027811	-0.098389	
107	-0.353562	0.027458	-0.097383	
108	-0.372639	0.023575	-0.095963	
109	-0.382210	0.022910	-0.094274	
110	-0.391551	0.021963	-0.092614	
111	-0.401485	0.020354	-0.090324	
112	-0.413244	0.018954	-0.087700	
113	-0.424451	0.017863	-0.084979	
114	-0.434637	0.015510	-0.082322	
115	-0.445462	0.012142	-0.079164	
116	-0.457458	0.008049	-0.076040	
117	-0.467885	0.005105	-0.071878	
118	-0.475323	0.003006	-0.066237	
119	-0.499108	-0.002651	-0.054200	
120	-0.507044	-0.003630	-0.046750	
121	-0.511967	-0.007838	-0.039822	
122	-0.521504	-0.011609	-0.032916	
123	-0.529130	-0.012692	-0.025962	
124	-0.537075	-0.017103	-0.020507	
125	-0.544457	-0.020916	-0.014553	
126	-0.551773	-0.023110	-0.008785	
127	-0.560023	-0.027647	-0.004429	
128	-0.566839	-0.032092	0.000080	
129	-0.573215	-0.036083	0.004823	
130	-0.581766	-0.040279	0.009100	
131	-0.587703	-0.043345	0.014168	
132	-0.593387	-0.047379	0.019382	
133	-0.599746	-0.051427	0.024393	
134	-0.615045	-0.056424	0.035366	
135	-0.622259	-0.059260	0.041168	
136	-0.630514	-0.061302	0.046651	
137	-0.638586	-0.064161	0.052073	
138	-0.652694	-0.068861	0.063123	
139	-0.661980	-0.070020	0.068785	
140	-0.679820	-0.074044	0.079959	
141	-0.688474	-0.076160	0.085544	
142	-0.697672	-0.076450	0.091697	
143	-0.706760	-0.078164	0.097328	
144	-0.716085	-0.080747	0.102940	
145	-0.723875	-0.083676	0.107979	
146	-0.733646	-0.087574	0.112828	
147	-0.743502	-0.088816	0.118449	
148	-0.751520	-0.092197	0.123307	
149	-0.760521	-0.094887	0.128345	
150	-0.769907	-0.096139	0.134073	
151	-0.784271	-0.102624	0.145034	
152	-0.792374	-0.104760	0.150371	
153	-0.799052	-0.108423	0.155317	
154	-0.803665	-0.112572	0.160115	
155	-0.810362	-0.113959	0.165407	
156	-0.816923	-0.115333	0.171071	
157	-0.821374	-0.118115	0.176614	
158	-0.826125	-0.121895	0.182079	
159	-0.833110	-0.123896	0.188148	
160	-0.838284	-0.126331	0.193991	
161	-0.842381	-0.129867	0.199233	
162	-0.848380	-0.131367	0.204470	
163	-0.855390	-0.132680	0.209775	
164	-0.859855	-0.135216	0.214687	
165	-0.864756	-0.138683	0.219025	
166	-0.871369	-0.140195	0.223906	
167	-0.876277	-0.142537	0.228947	
168	-0.879828	-0.145895	0.233269	
169	-0.885915	-0.147678	0.238593	
170	-0.892742	-0.149233	0.244220	
171	-0.897157	-0.155015	0.249192	
172	-0.902263	-0.159731	0.254163	
173	-0.909365	-0.163030	0.259726	
174	-0.919476	-0.169300	0.271342	
175	-0.925346	-0.173744	0.277413	
176	-0.931556	-0.175640	0.283947	
177	-0.935888	-0.179834	0.290600	
178	-0.940696	-0.183534	0.297371	
179	-0.946177	-0.187156	0.304168	
180	-0.951081	-0.190837	0.310586	
181	-0.955772	-0.194006	0.316870	
182	-0.960293	-0.197431	0.322660	
183	-0.966332	-0.202038	0.328689	
184	-0.970728	-0.203703	0.334749	
185	-0.973184	-0.207919	0.339570	
186	-0.979810	-0.209481	0.345314	
187	-0.986670	-0.211610	0.350934	
188	-0.991554	-0.213752	0.356297	
189	-0.995992	-0.215665	0.361434	
190	-1.003939	-0.216051	0.367481	
191	-1.011160	-0.216908	0.373706	
192	-1.016241	-0.217615	0.380064	
193	-1.021695	-0.219201	0.385989	
194	-1.030802	-0.219537	0.392656	
195	-1.041028	-0.218808	0.399624	
196	-1.049599	-0.220440	0.405377	
197	-1.059317	-0.221215	0.410801	
198	-1.072117	-0.222296	0.416850	
199	-1.082992	-0.222981	0.421669	
200	-1.092504	-0.223761	0.425798	
201	-1.103908	-0.224328	0.430371	
202	-1.116811	-0.224890	0.435552	
203	-1.126093	-0.224618	0.439646	
204	-1.136817	-0.226749	0.443978	
205	-1.157720	-0.229844	0.452373	
206	-1.166211	-0.231460	0.455775	
207	-1.176577	-0.234569	0.460153	
208	-1.185884	-0.237432	0.464373	
209	-1.191950	-0.238431	0.468078	
210	-1.199745	-0.241815	0.471929	
211	-1.209510	-0.244592	0.476969	
212	-1.214752	-0.246147	0.481248	
213	-1.220717	-0.248994	0.485435	
214	-1.229625	-0.253170	0.490602	
215	-1.234753	-0.254360	0.495655	
216	-1.239235	-0.257404	0.500072	
217	-1.246957	-0.260839	0.505980	
218	-1.251349	-0.263350	0.511534	
219	-1.255749	-0.265821	0.517229	
220	-1.261449	-0.269436	0.523155	
221	-1.266760	-0.272029	0.529364	
222	-1.270632	-0.275260	0.534983	
223	-1.275470	-0.279756	0.540992	
224	-1.280159	-0.283513	0.547188	
225	-1.283692	-0.287430	0.553270	
226	-1.288122	-0.291717	0.559830	
227	-1.290537	-0.296074	0.565917	
228	-1.293142	-0.301545	0.571833	
229	-1.297086	-0.307730	0.578081	
230	-1.300327	-0.312331	0.583884	
231	-1.303803	-0.316380	0.589556	
232	-1.307829	-0.321284	0.595566	
233	-1.310220	-0.326469	0.601074	
234	-1.313942	-0.331521	0.607050	
235	-1.319627	-0.335376	0.614071	
236	-1.323341	-0.339714	0.619942	
237	-1.327000	-0.343854	0.625674	
238	-1.331356	-0.347789	0.631645	
239	-1.335640	-0.351388	0.637851	
240	-1.339731	-0.354863	0.643826	
241	-1.345174	-0.359352	0.650033	
242	-1.350327	-0.361767	0.656086	
243	-1.354990	-0.365088	0.661013	
244	-1.361590	-0.369818	0.666588	
245	-1.367174	-0.372891	0.671844	
246	-1.371231	-0.377550	0.676211	
247	-1.376844	-0.382610	0.680318	
248	-1.382772	-0.386512	0.684203	
249	-1.387906	-0.390421	0.687368	
250	-1.393423	-0.395127	0.690027	
251	-1.401349	-0.398063	0.693296	
252	-1.408012	-0.400799	0.696147	
253	-1.415006	-0.404570	0.698356	
254	-1.424309	-0.405836	0.701219	
255	-1.432844	-0.407074	0.703058	
256	-1.451760	-0.410374	0.705990	
257	-1.462907	-0.409694	0.707328	
258	-1.482652	-0.409925	0.708515	
259	-1.494571	-0.409605	0.709697	
260	-1.505632	-0.408528	0.710827	
261	-1.516142	-0.407184	0.711798	
262	-1.526440	-0.406630	0.712904	
263	-1.536696	-0.407253	0.714079	
264	-1.547106	-0.405484	0.715964	
265	-1.556672	-0.404799	0.717054	
266	-1.567847	-0.405178	0.718491	
267	-1.577505	-0.405398	0.720333	
268	-1.586522	-0.405892	0.721642	
269	-1.597734	-0.405998	0.723950	
270	-1.607220	-0.404829	0.726220	
271	-1.616808	-0.405059	0.728469	
272	-1.626898	-0.405849	0.731161	
273	-1.635525	-0.405878	0.733949	
274	-1.644216	-0.406665	0.736717	
275	-1.653562	-0.404340	0.740776	
276	-1.661882	-0.402451	0.745382	
277	-1.670178	-0.399957	0.750587	
278	-1.678041	-0.395554	0.756827	
279	-1.685470	-0.391386	0.763983	
280	-1.692070	-0.386868	0.771559	
281	-1.698170	-0.381562	0.779343	
282	-1.702757	-0.377303	0.787065	
283	-1.706437	-0.373343	0.795042	
284	-1.710139	-0.369640	0.803154	
285	-1.712805	-0.366487	0.810495	
286	-1.715597	-0.365489	0.818228	
287	-1.718343	-0.363256	0.827646	
288	-1.717680	-0.360437	0.835554	
289	-1.718911	-0.360431	0.843137	
290	-1.720053	-0.357920	0.852233	
291	-1.719721	-0.355844	0.860798	
292	-1.720219	-0.354696	0.869813	
293	-1.720790	-0.353204	0.878554	
294	-1.721821	-0.350839	0.888278	
295	-1.722880	-0.348604	0.897534	
296	-1.723644	-0.349095	0.906199	
297	-1.725155	-0.348807	0.915248	
298	-1.726212	-0.349580	0.923961	
299	-1.727418	-0.351003	0.931174	
300	-1.729529	-0.352320	0.938921	
301	-1.731741	-0.354059	0.946558	
302	-1.733925	-0.354314	0.954612	
303	-1.736010	-0.356503	0.961415	
304	-1.738507	-0.359103	0.968519	
305	-1.740688	-0.363601	0.974885	
306	-1.744415	-0.366235	0.981641	
307	-1.748250	-0.367722	0.988593	
308	-1.752504	-0.371233	0.994991	
309	-1.756074	-0.375058	1.000631	
310	-1.759741	-0.378592	1.006542	
311	-1.763485	-0.380322	1.012490	
312	-1.767220	-0.383817	1.017979	
313	-1.771291	-0.387035	1.023691	
314	-1.775419	-0.388803	1.029958	
315	-1.779762	-0.392285	1.035744	
316	-1.784661	-0.396586	1.040831	
317	-1.789547	-0.401238	1.045779	
318	-1.794831	-0.405355	1.051095	
319	-1.800229	-0.409337	1.056173	
320	-1.806184	-0.413694	1.061279	
321	-1.811565	-0.418757	1.065928	
322	-1.816835	-0.423608	1.070258	
323	-1.822626	-0.428633	1.074420	
324	-1.828087	-0.433331	1.078640	
325	-1.833658	-0.437363	1.082681	
326	-1.838401	-0.442806	1.085569	
327	-1.842843	-0.447819	1.088549	
328	-1.847622	-0.452845	1.091914	
329	-1.852438	-0.457599	1.095559	
330	-1.857036	-0.462398	1.100060	
331	-1.861431	-0.468716	1.104322	
332	-1.865695	-0.473052	1.108657	
333	-1.870011	-0.478892	1.114398	
334	-1.873430	-0.486268	1.118908	
335	-1.877602	-0.491078	1.124572	
336	-1.881720	-0.497112	1.130705	
337	-1.884981	-0.503231	1.134874	
338	-1.888518	-0.508815	1.140991	
339	-1.891098	-0.516149	1.146694	
340	-1.893299	-0.522615	1.151217	
341	-1.895774	-0.527766	1.157099	
342	-1.897813	-0.534101	1.164383	
343	-1.898919	-0.540090	1.168229	
344	-1.900847	-0.544971	1.174721	
345	-1.902208	-0.552361	1.182080	
346	-1.903403	-0.557543	1.187476	
347	-1.904860	-0.560979	1.194364	
348	-1.904686	-0.566125	1.200654	
349	-1.904524	-0.573213	1.204810	
350	-1.904877	-0.577396	1.210814	
351	-1.905477	-0.582919	1.218577	
352	-1.905172	-0.588385	1.223437	
353	-1.905366	-0.594106	1.230136	
354	-1.904955	-0.605325	1.242534	
355	-1.904667	-0.610594	1.249239	
356	-1.904176	-0.615758	1.255714	
357	-1.903908	-0.621651	1.262503	
358	-1.903769	-0.626909	1.269352	
359	-1.903139	-0.633964	1.277268	
360	-1.902544	-0.645319	1.292277	
361	-1.902106	-0.652120	1.300212	
362	-1.901682	-0.658513	1.307293	
363	-1.901538	-0.664854	1.315107	
364	-1.901490	-0.670256	1.322340	
365	-1.901427	-0.675098	1.329384	
366	-1.901616	-0.678921	1.337174	
367	-1.901391	-0.682107	1.342905	
368	-1.901400	-0.686107	1.348865	
369	-1.901219	-0.690228	1.355582	
370	-1.900637	-0.693695	1.361773	
371	-1.900434	-0.696395	1.366621	
372	-1.899871	-0.699252	1.372366	
373	-1.899599	-0.702102	1.376582	
374	-1.900158	-0.704626	1.380295	
375	-1.900453	-0.707067	1.384989	
376	-1.901207	-0.709248	1.389903	
377	-1.902214	-0.710748	1.393443	
378	-1.903636	-0.712455	1.398065	
379	-1.905184	-0.714050	1.403437	
380	-1.906950	-0.716035	1.408709	
381	-1.908873	-0.718107	1.413494	
382	-1.911140	-0.720913	1.419774	
383	-1.913662	-0.723826	1.424543	
384	-1.916243	-0.727505	1.429822	
385	-1.919643	-0.731213	1.435809	
386	-1.922866	-0.735747	1.440304	
387	-1.927020	-0.739683	1.446349	
388	-1.931033	-0.745056	1.451676	
389	-1.934930	-0.751307	1.456315	
390	-1.939746	-0.755354	1.461577	
391	-1.944216	-0.761779	1.466759	
392	-1.949149	-0.767128	1.471107	
393	-1.954416	-0.773297	1.477725	
394	-1.959728	-0.778676	1.482255	
395	-1.965182	-0.785390	1.487806	
396	-1.971119	-0.792093	1.495283	
397	-1.976609	-0.798356	1.500509	
398	-1.986810	-0.811960	1.511400	
399	-1.990814	-0.819513	1.516834	
400	-1.995229	-0.826454	1.521195	
401	-1.998748	-0.836012	1.528357	
402	-2.002009	-0.842265	1.532551	
403	-2.005649	-0.849749	1.538080	
404	-2.009226	-0.857769	1.546346	
405	-2.012136	-0.864168	1.553954	
406	-2.015127	-0.870505	1.559786	
407	-2.018359	-0.877529	1.568357	
408	-2.020480	-0.883372	1.577050	
409	-2.022759	-0.886271	1.582110	
410	-2.025082	-0.890882	1.588642	
411	-2.026916	-0.895630	1.597461	
412	-2.028570	-0.898082	1.604065	
413	-2.030190	-0.900439	1.609993	
414	-2.031497	-0.903696	1.617618	
415	-2.032357	-0.907466	1.626463	
416	-2.033811	-0.908420	1.632997	
417	-2.035300	-0.910328	1.640388	
418	-2.036790	-0.912008	1.649009	
419	-2.038432	-0.913384	1.655308	
420	-2.039828	-0.915792	1.663425	
421	-2.041697	-0.916366	1.670359	
422	-2.043084	-0.917994	1.677537	
423	-2.044560	-0.918789	1.683537	
424	-2.045967	-0.920191	1.690101	
425	-2.047094	-0.922094	1.697042	
426	-2.049632	-0.924285	1.707330	
427	-2.051084	-0.925568	1.712539	
428	-2.051998	-0.927688	1.718273	
429	-2.053447	-0.930097	1.723897	
430	-2.055560	-0.933587	1.728806	
431	-2.056849	-0.938209	1.736504	
432	-2.058342	-0.949450	1.747321	
433	-2.059151	-0.955329	1.752854	
434	-2.059832	-0.960980	1.757709	
435	-2.061266	-0.966432	1.760684	
436	-2.062410	-0.972257	1.765911	
437	-2.063594	-0.978928	1.771579	
438	-2.065330	-0.984501	1.775552	
439	-2.066875	-0.990812	1.782015	
440	-2.067930	-0.997071	1.786670	
441	-2.069396	-1.004009	1.791788	
442	-2.070857	-1.009511	1.797851	
443	-2.072279	-1.014928	1.802942	
444	-2.073534	-1.021358	1.808396	
445	-2.075105	-1.027017	1.813739	
446	-2.075917	-1.033783	1.820334	
447	-2.077393	-1.039793	1.824456	
448	-2.078742	-1.046611	1.829700	
449	-2.080096	-1.053098	1.836652	
450	-2.081416	-1.059281	1.840305	
451	-2.083374	-1.065782	1.847417	
452	-2.084778	-1.071350	1.853232	
453	-2.087751	-1.076671	1.857331	
454	-2.089275	-1.084868	1.866196	
455	-2.091415	-1.091013	1.872457	
456	-2.094529	-1.098205	1.879350	
457	-2.098351	-1.104587	1.887835	
458	-2.102436	-1.111846	1.896301	
459	-2.106145	-1.121529	1.906584	
460	-2.112344	-1.126832	1.915147	
461	-2.117389	-1.134976	1.925501	
462	-2.122721	-1.143152	1.937269	
463	-2.127861	-1.150132	1.948354	
464	-2.132107	-1.157508	1.959609	
465	-2.136769	-1.164861	1.971271	
466	-2.140318	-1.171727	1.982718	
467	-2.143556	-1.178264	1.992681	
468	-2.147193	-1.185195	2.002497	
469	-2.150741	-1.192611	2.012480	
470	-2.153451	-1.198356	2.023378	
471	-2.157320	-1.204804	2.032290	
472	-2.161299	-1.211282	2.043778	
473	-2.163973	-1.217303	2.054041	
474	-2.167064	-1.222720	2.064188	
475	-2.169594	-1.228273	2.073781	
476	-2.171350	-1.233783	2.083722	
477	-2.173662	-1.237731	2.092438	
478	-2.174703	-1.240957	2.101720	
479	-2.175097	-1.243893	2.110230	
480	-2.175907	-1.246776	2.117648	
481	-2.175531	-1.248493	2.126302	
482	-2.173124	-1.250186	2.136064	
483	-2.173305	-1.251442	2.142652	
484	-2.173000	-1.252526	2.150724	
485	-2.169179	-1.253609	2.160853	
486	-2.166821	-1.253896	2.168169	
487	-2.165468	-1.254240	2.174445	
488	-2.157579	-1.257896	2.194365	
489	-2.155000	-1.259218	2.201788	
490	-2.150844	-1.262057	2.212546	
491	-2.147407	-1.265049	2.218931	
492	-2.143846	-1.268810	2.226171	
493	-2.138725	-1.273353	2.234975	
494	-2.135466	-1.277408	2.241719	
495	-2.133145	-1.281205	2.247905	
496	-2.127987	-1.286407	2.258555	
497	-2.120727	-1.296923	2.271343	
498	-2.116216	-1.301588	2.279787	
499	-2.111297	-1.305357	2.288247	
500	-2.107955	-1.310782	2.291832	
501	-2.104899	-1.314276	2.297235	
502	-2.099236	-1.319427	2.304205	
503	-2.096619	-1.323143	2.307607	
504	-2.093047	-1.326271	2.312885	
505	-2.088960	-1.328655	2.319942	
506	-2.085783	-1.332676	2.324273	
507	-2.082350	-1.337334	2.327048	
508	-2.076924	-1.341786	2.332510	
509	-2.074168	-1.344905	2.335042	
510	-2.071254	-1.347834	2.338012	
511	-2.066192	-1.351012	2.343384	
512	-2.062030	-1.356199	2.345076	
513	-2.057760	-1.361543	2.346935	
514	-2.051344	-1.365975	2.352927	
515	-2.047852	-1.369351	2.356366	
516	-2.043134	-1.373847	2.361003	
517	-2.036974	-1.378786	2.367764	
518	-2.032537	-1.383557	2.373426	
519	-2.028224	-1.387579	2.381214	
520	-2.021413	-1.392857	2.391164	
521	-2.018154	-1.397201	2.398841	
522	-2.013532	-1.401337	2.408206	
523	-2.008354	-1.406995	2.417823	
524	-2.003832	-1.411980	2.427330	
525	-1.998181	-1.418407	2.436707	
526	-1.994886	-1.425569	2.443913	
527	-1.989727	-1.430544	2.453459	
528	-1.984196	-1.435667	2.462992	
529	-1.979905	-1.441407	2.471425	
530	-1.975797	-1.446614	2.479461	
531	-1.971014	-1.450862	2.488527	
532	-1.966845	-1.455959	2.496293	
533	-1.963212	-1.458772	2.505456	
534	-1.958434	-1.461698	2.513720	
535	-1.953207	-1.465886	2.521287	
536	-1.948942	-1.469553	2.528384	
537	-1.943596	-1.472381	2.535669	
538	-1.937336	-1.476845	2.541512	
539	-1.934797	-1.479436	2.547566	
540	-1.929038	-1.482875	2.553606	
541	-1.921494	-1.487664	2.559662	
542	-1.917595	-1.490808	2.565270	
543	-1.911869	-1.493554	2.571114	
544	-1.904530	-1.497040	2.576883	
545	-1.898541	-1.499707	2.582396	
546	-1.893515	-1.501533	2.587334	
547	-1.886599	-1.502852	2.593291	
548	-1.878471	-1.504784	2.597420	
549	-1.871592	-1.506268	2.601788	
550	-1.863979	-1.507626	2.605251	
551	-1.856219	-1.507771	2.610739	
552	-1.847374	-1.509122	2.613695	
553	-1.841192	-1.509328	2.617374	
554	-1.831336	-1.508330	2.622187	
555	-1.818138	-1.509387	2.627024	
556	-1.811909	-1.508649	2.630665	
557	-1.802007	-1.507571	2.636071	
558	-1.789536	-1.507085	2.641299	
559	-1.781592	-1.506125	2.645747	
560	-1.773019	-1.504343	2.650448	
561	-1.760712	-1.503477	2.655214	
562	-1.751070	-1.503295	2.658911	
563	-1.733181	-1.500579	2.666080	
564	-1.722043	-1.500826	2.669292	
565	-1.713740	-1.500494	2.671172	
566	-1.704200	-1.499871	2.673323	
567	-1.694089	-1.500016	2.675845	
568	-1.685435	-1.500898	2.676071	
569	-1.677737	-1.501464	2.676876	
570	-1.668749	-1.501712	2.679286	
571	-1.660786	-1.502646	2.680253	
572	-1.653353	-1.504541	2.679241	
573	-1.645355	-1.506254	2.679402	
574	-1.637561	-1.507761	2.680143	
575	-1.631276	-1.508669	2.680474	
576	-1.624923	-1.509435	2.681206	
577	-1.616806	-1.510512	2.683064	
578	-1.605503	-1.513620	2.683462	
579	-1.598585	-1.514277	2.685105	
580	-1.591076	-1.515260	2.686698	
581	-1.586039	-1.516894	2.686401	
582	-1.579489	-1.517260	2.688547	
583	-1.571577	-1.519336	2.689959	
584	-1.566719	-1.521041	2.690911	
585	-1.554005	-1.523217	2.695374	
586	-1.548426	-1.524245	2.698256	
587	-1.543071	-1.525128	2.700270	
588	-1.536561	-1.526033	2.702907	
589	-1.530099	-1.527331	2.703943	
590	-1.517426	-1.528510	2.708900	
591	-1.511436	-1.529299	2.711461	
592	-1.503968	-1.530556	2.714105	
593	-1.498538	-1.531142	2.717381	
594	-1.492971	-1.532476	2.720030	
595	-1.485843	-1.533468	2.722777	
596	-1.479048	-1.533823	2.726408	
597	-1.475109	-1.533823	2.729228	
598	-1.468058	-1.533570	2.732398	
599	-1.461041	-1.533180	2.735720	
600	-1.456025	-1.532851	2.737460	
601	-1.451048	-1.532725	2.737918	
602	-1.442302	-1.531524	2.742430	
603	-1.435424	-1.529490	2.746870	
604	-1.430952	-1.529424	2.746258	
605	-1.422231	-1.528296	2.749481	
606	-1.412978	-1.526840	2.752834	
607	-1.407584	-1.525801	2.753967	
608	-1.399079	-1.524174	2.757602	
609	-1.390854	-1.523350	2.758345	
610	-1.382084	-1.522213	2.761013	
611	-1.374288	-1.521158	2.762997	
612	-1.367606	-1.519972	2.763238	
613	-1.357954	-1.519135	2.763777	
614	-1.350654	-1.517980	2.763146	
615	-1.343662	-1.516638	2.762107	
616	-1.335139	-1.515127	2.761483	
617	-1.327291	-1.513944	2.760823	
618	-1.320820	-1.513235	2.758687	
619	-1.311536	-1.513315	2.756503	
620	-1.304640	-1.513348	2.755041	
621	-1.299188	-1.513299	2.752793	
622	-1.291219	-1.513332	2.751500	
623	-1.284051	-1.513625	2.749720	
624	-1.278957	-1.514354	2.745709	
625	-1.271297	-1.514630	2.744206	
626	-1.264037	-1.514976	2.742381	
627	-1.251094	-1.515513	2.738515	
628	-1.243230	-1.516384	2.736390	
629	-1.237848	-1.517566	2.733529	
630	-1.230418	-1.518702	2.732183	
631	-1.224164	-1.519739	2.730639	
632	-1.217813	-1.521343	2.728308	
633	-1.211071	-1.522969	2.726109	
634	-1.205389	-1.524032	2.724044	
635	-1.199847	-1.524972	2.722588	
636	-1.194725	-1.525431	2.721438	
637	-1.185497	-1.525489	2.717023	
638	-1.181422	-1.525342	2.714614	
639	-1.176490	-1.524148	2.713323	
640	-1.169884	-1.523474	2.710982	
641	-1.163278	-1.522915	2.709153	
642	-1.160917	-1.521868	2.706969	
643	-1.157326	-1.520302	2.705758	
644	-1.150600	-1.519529	2.704025	
645	-1.147669	-1.517911	2.703131	
646	-1.144764	-1.516015	2.702150	
647	-1.138210	-1.514231	2.701234	
648	-1.132172	-1.512582	2.699695	
649	-1.128399	-1.510721	2.698036	
650	-1.123500	-1.508467	2.696465	
651	-1.117764	-1.505892	2.694513	
652	-1.112285	-1.502607	2.693259	
653	-1.107813	-1.499099	2.691493	
654	-1.101116	-1.495617	2.689835	
655	-1.094858	-1.491851	2.688056	
656	-1.089735	-1.487710	2.686208	
657	-1.080908	-1.484145	2.683868	
658	-1.078087	-1.479414	2.682466	
659	-1.073499	-1.474674	2.681243	
660	-1.063759	-1.471898	2.678440	
661	-1.058881	-1.467982	2.676931	
662	-1.055347	-1.463848	2.675029	
663	-1.049197	-1.460045	2.672144	
664	-1.044472	-1.455965	2.669181	
665	-1.040434	-1.451648	2.666177	
666	-1.036867	-1.446963	2.662543	
667	-1.033999	-1.441968	2.658984	
668	-1.027743	-1.437813	2.653997	
669	-1.021921	-1.433115	2.649544	
670	-1.018228	-1.427080	2.646513	
671	-1.010984	-1.422434	2.641160	
672	-1.002234	-1.417105	2.636204	
673	-0.988903	-1.407967	2.624657	
674	-0.976506	-1.403931	2.618547	
675	-0.965719	-1.396903	2.607288	
676	-0.960392	-1.395554	2.600136	
677	-0.959253	-1.390953	2.596855	
678	-0.956192	-1.386293	2.593557	
679	-0.948562	-1.383439	2.587830	
680	-0.942189	-1.379669	2.583580	
681	-0.939317	-1.374456	2.581403	
682	-0.933206	-1.371434	2.577785	
683	-0.927244	-1.368038	2.574990	
684	-0.918409	-1.360021	2.571756	
685	-0.913229	-1.357376	2.569293	
686	-0.911881	-1.351416	2.570093	
687	-0.908183	-1.347239	2.569345	
688	-0.901566	-1.345113	2.567446	
689	-0.899799	-1.338405	2.569970	
690	-0.896755	-1.333576	2.570375	
691	-0.892091	-1.330017	2.569938	
692	-0.889270	-1.324838	2.571439	
693	-0.888548	-1.319084	2.573728	
694	-0.884312	-1.316582	2.573462	
695	-0.881874	-1.312406	2.575203	
696	-0.880795	-1.307977	2.576903	
697	-0.875237	-1.307311	2.575624	
698	-0.874153	-1.302920	2.578265	
699	-0.872908	-1.299880	2.579884	
700	-0.868083	-1.299620	2.579505	
701	-0.867390	-1.295995	2.582294	
702	-0.865392	-1.293621	2.583661	
703	-0.861699	-1.292188	2.585011	
704	-0.860245	-1.289131	2.588046	
705	-0.857502	-1.286996	2.590239	
706	-0.855052	-1.284556	2.593032	
707	-0.852460	-1.281784	2.595983	
708	-0.850586	-1.279148	2.598921	
709	-0.846969	-1.277489	2.600888	
710	-0.844918	-1.274565	2.603843	
711	-0.842797	-1.271832	2.606709	
712	-0.834514	-1.265099	2.615326	
713	-0.829013	-1.265181	2.615467	
714	-0.822983	-1.265439	2.616683	
715	-0.821815	-1.262674	2.620672	
716	-0.815745	-1.263690	2.621677	
717	-0.812238	-1.263087	2.624449	
718	-0.810563	-1.260736	2.628116	
719	-0.805864	-1.260961	2.629983	
720	-0.802336	-1.260220	2.632670	
721	-0.799922	-1.258391	2.636051	
722	-0.794523	-1.259462	2.636721	
723	-0.789465	-1.260059	2.638863	
724	-0.787212	-1.258847	2.642233	
725	-0.784089	-1.258723	2.644425	
726	-0.777780	-1.261238	2.644907	
727	-0.775578	-1.259600	2.649439	
728	-0.772575	-1.258984	2.652305	
729	-0.766861	-1.261027	2.653217	
730	-0.763286	-1.260562	2.657796	
731	-0.760743	-1.260032	2.660449	
732	-0.755175	-1.261852	2.661577	
733	-0.752617	-1.261151	2.665814	
734	-0.748940	-1.261619	2.668235	
735	-0.744082	-1.263542	2.669461	
736	-0.741917	-1.262837	2.673147	
737	-0.738234	-1.263646	2.675128	
738	-0.734240	-1.265150	2.677236	
739	-0.731709	-1.265926	2.680161	
740	-0.727111	-1.269445	2.680085	
741	-0.725100	-1.270962	2.682874	
742	-0.723544	-1.271867	2.686134	
743	-0.722363	-1.273055	2.688173	
744	-0.722093	-1.272984	2.691892	
745	-0.719835	-1.274342	2.694108	
746	-0.718433	-1.275445	2.697400	
747	-0.717163	-1.276366	2.700480	
748	-0.714941	-1.277473	2.703070	
749	-0.712631	-1.278852	2.705710	
750	-0.712787	-1.278135	2.710009	
751	-0.709836	-1.280020	2.712515	
752	-0.707588	-1.281581	2.716738	
753	-0.706615	-1.282424	2.721955	
754	-0.704226	-1.284663	2.725840	
755	-0.701115	-1.287994	2.729156	
756	-0.699607	-1.290342	2.734403	
757	-0.697721	-1.293421	2.738904	
758	-0.693687	-1.298611	2.742769	
759	-0.693140	-1.301240	2.749399	
760	-0.690107	-1.305620	2.753985	
761	-0.687582	-1.309581	2.759884	
762	-0.685867	-1.313085	2.766763	
763	-0.684165	-1.316440	2.772331	
764	-0.681648	-1.320201	2.777785	
765	-0.678920	-1.324290	2.783414	
766	-0.675913	-1.328755	2.789163	
767	-0.674112	-1.331954	2.796089	
768	-0.670557	-1.336828	2.800452	
769	-0.668409	-1.340163	2.806740	
770	-0.668098	-1.341739	2.813588	
771	-0.663608	-1.346486	2.817319	
772	-0.661012	-1.349401	2.823108	
773	-0.658695	-1.351724	2.828278	
774	-0.654119	-1.355607	2.830295	
775	-0.652796	-1.356228	2.836613	
776	-0.651185	-1.356676	2.841631	
777	-0.646083	-1.358931	2.844562	
778	-0.642362	-1.359832	2.848691	
779	-0.638385	-1.360468	2.852788	
780	-0.632520	-1.363371	2.853153	
781	-0.627910	-1.365108	2.855044	
782	-0.623613	-1.366785	2.856326	
783	-0.617760	-1.369308	2.855879	
784	-0.611450	-1.372089	2.856811	
785	-0.606489	-1.373835	2.858567	
786	-0.599227	-1.376008	2.859286	
787	-0.593791	-1.377674	2.860565	
788	-0.581910	-1.381068	2.864555	
789	-0.574332	-1.383206	2.866906	
790	-0.567722	-1.385359	2.869617	
791	-0.559930	-1.387928	2.870670	
792	-0.552143	-1.390254	2.871759	
793	-0.543182	-1.393831	2.872292	
794	-0.536089	-1.395922	2.874673	
795	-0.527413	-1.398489	2.875457	
796	-0.517850	-1.401788	2.875546	
797	-0.510784	-1.403040	2.878373	
798	-0.502998	-1.404834	2.879934	
799	-0.493661	-1.407941	2.880461	
800	-0.486554	-1.409410	2.883237	
801	-0.469698	-1.414966	2.882979	
802	-0.457265	-1.417626	2.885012	
803	-0.444959	-1.420547	2.885647	
804	-0.439296	-1.421678	2.886056	
805	-0.432618	-1.423407	2.885217	
806	-0.428597	-1.422785	2.886840	
807	-0.422044	-1.423377	2.886342	
808	-0.415084	-1.424367	2.885653	
809	-0.408687	-1.423748	2.886565	
810	-0.401051	-1.424823	2.885611	
811	-0.392809	-1.426469	2.884445	
812	-0.385733	-1.425824	2.885551	
813	-0.379377	-1.426707	2.885652	
814	-0.371262	-1.428189	2.884566	
815	-0.365163	-1.427593	2.885761	
816	-0.358302	-1.428422	2.885554	
817	-0.350377	-1.429374	2.883820	
818	-0.345350	-1.428342	2.884198	
819	-0.338612	-1.429353	2.881654	
820	-0.332771	-1.430118	2.879727	
821	-0.327016	-1.429681	2.878682	
822	-0.321214	-1.429515	2.877026	
823	-0.315285	-1.428896	2.875526	
824	-0.309450	-1.427372	2.874430	
825	-0.303536	-1.427007	2.872370	
826	-0.297935	-1.425054	2.870971	
827	-0.293246	-1.422399	2.869784	
828	-0.288408	-1.420259	2.867649	
829	-0.276332	-1.414207	2.863808	
830	-0.270429	-1.411305	2.860742	
831	-0.265091	-1.408273	2.856970	
832	-0.259142	-1.403821	2.853677	
833	-0.253290	-1.399658	2.849573	
834	-0.245855	-1.396086	2.844208	
835	-0.238482	-1.391308	2.839596	
836	-0.230163	-1.386215	2.835017	
837	-0.221684	-1.383108	2.828456	
838	-0.212153	-1.379409	2.822261	
839	-0.203880	-1.375066	2.816340	
840	-0.194796	-1.371574	2.809762	
841	-0.177211	-1.364884	2.795599	
842	-0.169719	-1.361552	2.788893	
843	-0.162242	-1.358736	2.781334	
844	-0.154172	-1.354993	2.774947	
845	-0.148282	-1.352829	2.767792	
846	-0.140231	-1.349768	2.761657	
847	-0.133018	-1.346878	2.754886	
848	-0.127921	-1.345288	2.748538	
849	-0.120023	-1.342013	2.743020	
850	-0.114129	-1.342894	2.733744	
851	-0.106416	-1.342562	2.726710	
852	-0.097778	-1.339108	2.722597	
853	-0.094599	-1.340296	2.714675	
854	-0.088274	-1.341610	2.707381	
855	-0.081166	-1.341022	2.701125	
856	-0.076660	-1.340641	2.694364	
857	-0.071431	-1.339948	2.687422	
858	-0.066418	-1.339103	2.679990	
859	-0.060153	-1.337774	2.673064	
860	-0.053563	-1.335898	2.667189	
861	-0.048436	-1.335853	2.659722	
862	-0.041677	-1.335654	2.653733	
863	-0.034580	-1.336477	2.646630	
864	-0.027313	-1.337691	2.640419	
865	-0.020049	-1.338590	2.635124	
866	-0.013585	-1.340662	2.628590	
867	-0.005581	-1.342546	2.622785	
868	0.001449	-1.344285	2.617566	
869	0.007138	-1.346700	2.610898	
870	0.012855	-1.349471	2.603902	
871	0.020630	-1.351273	2.598209	
872	0.026506	-1.353558	2.591712	
873	0.032907	-1.355732	2.584560	
874	0.037774	-1.358282	2.576704	
875	0.049963	-1.360499	2.563100	
876	0.052775	-1.362494	2.554064	
877	0.057575	-1.363503	2.546533	
878	0.060447	-1.364939	2.537289	
879	0.068577	-1.364822	2.522360	
880	0.070049	-1.364397	2.513610	
881	0.072344	-1.364041	2.505128	
882	0.076862	-1.362227	2.498844	
883	0.078825	-1.361219	2.491322	
884	0.080089	-1.361082	2.482633	
885	0.080630	-1.359725	2.474163	
886	0.084017	-1.358519	2.464814	
887	0.085528	-1.357411	2.455983	
888	0.088615	-1.355653	2.446789	
889	0.090631	-1.353956	2.438748	
890	0.093753	-1.352729	2.429490	
891	0.095940	-1.352536	2.419526	
892	0.099510	-1.351579	2.410442	
893	0.101674	-1.350775	2.400419	
894	0.103656	-1.350762	2.388678	
895	0.107243	-1.351082	2.378160	
896	0.110701	-1.351911	2.368956	
897	0.114172	-1.353089	2.361699	
898	0.119087	-1.353518	2.354784	
899	0.122834	-1.353186	2.347697	
900	0.125905	-1.352525	2.339838	
901	0.128354	-1.351554	2.333079	
902	0.132418	-1.349757	2.326617	
903	0.134739	-1.347994	2.319874	
904	0.137681	-1.346416	2.313352	
905	0.140692	-1.344337	2.307461	
906	0.143196	-1.342251	2.301326	
907	0.146475	-1.340857	2.294711	
908	0.150575	-1.338684	2.288969	
909	0.155844	-1.336874	2.282853	
910	0.160547	-1.335812	2.277929	
911	0.166535	-1.333922	2.274834	
912	0.172178	-1.332766	2.271669	
913	0.176544	-1.332442	2.268408	
914	0.182218	-1.330640	2.265085	
915	0.187489	-1.328580	2.261129	
916	0.192538	-1.326772	2.257852	
917	0.194608	-1.324380	2.256170	
918	0.197986	-1.322302	2.253325	
919	0.202291	-1.320955	2.250524	
920	0.205215	-1.318719	2.249241	
921	0.208537	-1.317140	2.247396	
922	0.212666	-1.316142	2.245513	
923	0.216368	-1.314529	2.244234	
924	0.220417	-1.313457	2.242695	
925	0.224368	-1.312691	2.241936	
926	0.228131	-1.311378	2.242270	
927	0.233476	-1.311064	2.241539	
928	0.238126	-1.311073	2.241869	
929	0.240214	-1.310192	2.243640	
930	0.245515	-1.310219	2.244157	
931	0.249601	-1.310863	2.245933	
932	0.252166	-1.310911	2.249366	
933	0.255709	-1.311666	2.251018	
934	0.258493	-1.312305	2.253465	
935	0.260947	-1.312672	2.256136	
936	0.264059	-1.313396	2.257214	
937	0.266694	-1.314295	2.259216	
938	0.268894	-1.314516	2.263460	
939	0.270354	-1.315041	2.267338	
940	0.272764	-1.315553	2.271059	
941	0.275568	-1.315892	2.273857	
942	0.279224	-1.316416	2.276958	
943	0.281702	-1.316941	2.280312	
944	0.283403	-1.316817	2.285188	
945	0.286122	-1.317049	2.288445	
946	0.289869	-1.317323	2.291326	
947	0.292284	-1.317471	2.295358	
948	0.295634	-1.318549	2.297534	
949	0.298432	-1.319041	2.300781	
950	0.305423	-1.320488	2.304186	
951	0.307190	-1.321000	2.307782	
952	0.308866	-1.321015	2.309316	
953	0.311227	-1.320850	2.313103	
954	0.312210	-1.319458	2.316347	
955	0.314789	-1.318420	2.319067	
956	0.317273	-1.317502	2.321248	
957	0.319148	-1.315912	2.326361	
958	0.319959	-1.313837	2.331204	
959	0.320047	-1.311826	2.335576	
960	0.322985	-1.311221	2.339658	
961	0.324760	-1.310775	2.345110	
962	0.325461	-1.309235	2.350419	
963	0.329394	-1.309617	2.351903	
964	0.331347	-1.309499	2.357913	
965	0.331649	-1.308816	2.363476	
966	0.337000	-1.309766	2.365862	
967	0.338831	-1.309725	2.371672	
968	0.342478	-1.310227	2.377093	
969	0.348682	-1.312707	2.380179	
970	0.351906	-1.313736	2.386086	
971	0.353549	-1.314082	2.392508	
972	0.358315	-1.316652	2.396928	
973	0.360921	-1.317631	2.405847	
974	0.361391	-1.316896	2.413400	
975	0.364581	-1.318857	2.418273	
976	0.366095	-1.319092	2.427902	
977	0.369411	-1.320674	2.432858	
978	0.373757	-1.323786	2.440755	
979	0.372270	-1.322089	2.448335	
980	0.374023	-1.322634	2.449853	
981	0.378368	-1.323833	2.455352	
982	0.379071	-1.323149	2.463365	
983	0.381177	-1.324270	2.466259	
984	0.383522	-1.324724	2.471481	
985	0.383630	-1.324276	2.477514	
986	0.384471	-1.324819	2.480529	
987	0.386912	-1.325379	2.486194	
988	0.388888	-1.326097	2.490245	
989	0.390469	-1.327411	2.492623	
990	0.392908	-1.327400	2.499431	
991	0.393619	-1.327157	2.503761	
992	0.394583	-1.327931	2.507232	
993	0.396076	-1.326355	2.513881	
994	0.397780	-1.325896	2.517228	
995	0.400573	-1.326533	2.520127	
996	0.402513	-1.324521	2.525522	
997	0.401091	-1.320799	2.532788	
998	0.402772	-1.319972	2.535414	
999	0.404957	-1.317992	2.541469	
1000	0.407817	-1.315927	2.553678	
1001	0.408972	-1.313175	2.563963	
1002	0.409958	-1.312437	2.572141	
1003	0.410630	-1.313281	2.577713	
1004	0.410558	-1.311731	2.584869	
1005	0.410123	-1.311552	2.590116	
1006	0.410048	-1.310273	2.595589	
1007	0.410323	-1.309877	2.599298	
1008	0.410386	-1.309696	2.602514	
1009	0.410569	-1.309491	2.605613	
1010	0.410856	-1.310110	2.607443	
1011	0.412421	-1.310878	2.610550	
1012	0.412434	-1.310157	2.613788	
1013	0.412788	-1.309812	2.617510	
1014	0.413964	-1.310220	2.617865	
1015	0.416600	-1.312965	2.622448	
1016	0.415703	-1.311932	2.626234	
1017	0.417391	-1.312297	2.628017	
1018	0.419693	-1.313529	2.630001	
1019	0.421816	-1.312176	2.632762	
1020	0.424109	-1.312326	2.632153	
1021	0.422655	-1.308856	2.633620	
1022	0.425115	-1.308299	2.632715	
1023	0.425668	-1.302609	2.631352	
1024	0.428454	-1.296425	2.627608	
1025	0.427828	-1.290995	2.626007	
1026	0.428500	-1.287561	2.625664	
1027	0.431596	-1.285276	2.623446	
1028	0.432489	-1.281350	2.623226	
1029	0.434235	-1.277918	2.623775	
1030	0.436868	-1.274757	2.623493	
1031	0.436782	-1.269162	2.623851	
1032	0.438924	-1.265563	2.624079	
1033	0.442520	-1.263987	2.624890	
1034	0.442823	-1.259152	2.625542	
1035	0.445448	-1.255643	2.624452	
1036	0.449201	-1.254577	2.625430	
1037	0.450960	-1.251050	2.625221	
1038	0.452121	-1.247425	2.625747	
1039	0.455802	-1.245680	2.624844	
1040	0.457998	-1.243531	2.624402	
1041	0.459741	-1.240639	2.623040	
1042	0.461386	-1.237908	2.621251	
1043	0.464116	-1.236432	2.618716	
1044	0.465468	-1.233850	2.616170	
1045	0.466995	-1.232299	2.615171	
1046	0.468922	-1.230991	2.614216	
1047	0.470248	-1.227509	2.613873	
1048	0.472505	-1.226657	2.613021	
1049	0.473525	-1.225177	2.612350	
1050	0.474156	-1.224477	2.613133	
1051	0.475034	-1.223625	2.613573	
1052	0.475858	-1.221954	2.613119	
1053	0.475986	-1.221284	2.614789	
1054	0.476873	-1.219505	2.614278	
1055	0.477481	-1.217754	2.614511	
1056	0.477290	-1.216916	2.617022	
1057	0.477177	-1.215784	2.619400	
1058	0.477248	-1.214713	2.621942	
1059	0.477038	-1.212369	2.623024	
1060	0.478108	-1.211164	2.624012	
1061	0.477816	-1.212862	2.629372	
1062	0.475888	-1.211383	2.632720	
1063	0.476607	-1.211758	2.635380	
1064	0.477420	-1.209804	2.635235	
1065	0.476483	-1.206535	2.635242	
1066	0.478840	-1.207906	2.637361	
1067	0.479460	-1.206692	2.638246	
1068	0.478349	-1.204213	2.640021	
1069	0.480004	-1.205084	2.642887	
1070	0.480177	-1.206837	2.648335	
1071	0.477215	-1.204623	2.653287	
1072	0.476923	-1.203558	2.656671	
1073	0.475996	-1.204650	2.663465	
1074	0.473000	-1.202157	2.668723	
1075	0.473382	-1.199538	2.669855	
1076	0.472564	-1.198347	2.674032	
1077	0.470803	-1.196173	2.678263	
1078	0.469938	-1.194924	2.682330	
1079	0.469060	-1.194947	2.687608	
1080	0.468634	-1.194853	2.691822	
1081	0.466157	-1.193606	2.697471	
1082	0.467711	-1.193921	2.699820	
1083	0.468097	-1.194144	2.703288	
1084	0.465459	-1.190763	2.705717	
1085	0.468402	-1.192910	2.706790	
1086	0.468410	-1.192348	2.707612	
1087	0.466040	-1.189011	2.708081	
1088	0.467608	-1.189756	2.707068	
1089	0.465005	-1.185566	2.704818	
1090	0.461737	-1.184852	2.707381	
1091	0.462716	-1.187115	2.706558	
1092	0.459499	-1.187213	2.708733	
1093	0.456621	-1.187368	2.710055	
1094	0.456786	-1.189353	2.707686	
1095	0.452152	-1.189734	2.711399	
1096	0.451359	-1.190919	2.709561	
1097	0.449874	-1.192766	2.709352	
1098	0.445470	-1.191615	2.710553	
1099	0.445049	-1.195199	2.710830	
1100	0.441582	-1.196965	2.713190	
1101	0.435416	-1.200991	2.717412	
1102	0.431479	-1.201531	2.719112	
1103	0.428082	-1.203695	2.723057	
1104	0.424290	-1.207606	2.730193	
1105	0.419737	-1.208481	2.733800	
1106	0.415923	-1.210995	2.738760	
1107	0.412479	-1.212055	2.740603	
1108	0.407905	-1.213449	2.745336	
1109	0.404052	-1.216562	2.751168	
1110	0.399841	-1.217482	2.753446	
1111	0.395831	-1.220795	2.758729	
1112	0.391326	-1.223174	2.762217	
1113	0.387274	-1.227235	2.767301	
1114	0.382080	-1.227855	2.768045	
1115	0.377829	-1.232175	2.773479	
1116	0.366206	-1.237637	2.782841	
1117	0.361233	-1.241105	2.786385	
1118	0.355833	-1.244620	2.790874	
1119	0.348993	-1.245410	2.792993	
1120	0.343582	-1.247632	2.794936	
1121	0.337650	-1.251551	2.802590	
1122	0.331520	-1.252799	2.805019	
1123	0.327800	-1.258947	2.812202	
1124	0.321810	-1.261886	2.819475	
1125	0.315187	-1.260072	2.818293	
1126	0.310995	-1.262653	2.821629	
1127	0.305644	-1.262673	2.824035	
1128	0.302067	-1.265586	2.829038	
1129	0.298221	-1.266866	2.830309	
1130	0.293979	-1.266845	2.831900	
1131	0.292306	-1.271085	2.836395	
1132	0.289390	-1.272264	2.838513	
1133	0.286929	-1.273437	2.839324	
1134	0.285917	-1.275126	2.837889	
1135	0.284969	-1.278116	2.840844	
1136	0.283593	-1.279151	2.840052	
1137	0.282607	-1.280729	2.840656	
1138	0.282321	-1.282901	2.840540	
1139	0.280799	-1.283117	2.841502	
1140	0.280029	-1.283426	2.840284	
1141	0.279840	-1.285326	2.841688	
1142	0.277806	-1.284274	2.841577	
1143	0.276933	-1.285398	2.843326	
1144	0.275489	-1.285431	2.842918	
1145	0.273411	-1.284960	2.844491	
1146	0.271760	-1.285096	2.846409	
1147	0.270096	-1.286223	2.851420	
1148	0.266965	-1.284894	2.852684	
1149	0.265411	-1.286554	2.856880	
1150	0.264415	-1.288966	2.860896	
1151	0.260839	-1.289333	2.866482	
1152	0.260023	-1.293248	2.871595	
1153	0.257986	-1.295561	2.875242	
1154	0.254600	-1.297162	2.879370	
1155	0.252764	-1.300279	2.882117	
1156	0.250295	-1.302942	2.885073	
1157	0.247842	-1.305971	2.887900	
1158	0.245821	-1.309547	2.891040	
1159	0.243437	-1.312574	2.894420	
1160	0.241397	-1.315789	2.896439	
1161	0.238907	-1.319329	2.899459	
1162	0.236301	-1.322318	2.902313	
1163	0.234913	-1.326902	2.903879	
1164	0.231809	-1.329251	2.907414	
1165	0.229590	-1.332489	2.907957	
1166	0.228084	-1.336542	2.911018	
1167	0.225616	-1.339050	2.913424	
1168	0.224421	-1.343009	2.915276	
1169	0.222952	-1.346436	2.918621	
1170	0.220956	-1.348827	2.921585	
1171	0.219910	-1.352258	2.924356	
1172	0.218658	-1.355388	2.928132	
1173	0.216510	-1.357501	2.930683	
1174	0.214057	-1.359672	2.933028	
1175	0.213161	-1.363352	2.935248	
1176	0.210202	-1.364591	2.940674	
1177	0.207701	-1.366315	2.942482	
1178	0.205944	-1.368696	2.947295	
1179	0.202796	-1.369946	2.951508	
1180	0.200501	-1.372014	2.955368	
1181	0.198424	-1.375054	2.959849	
1182	0.195920	-1.377729	2.964168	
1183	0.193214	-1.381031	2.969430	
1184	0.190499	-1.384754	2.974265	
1185	0.186653	-1.388170	2.978398	
1186	0.182748	-1.391847	2.982532	
1187	0.179045	-1.396684	2.987776	
1188	0.174263	-1.400476	2.993878	
1189	0.170432	-1.405024	2.998291	
1190	0.166586	-1.410052	3.003043	
1191	0.160904	-1.413598	3.008955	
1192	0.156254	-1.418143	3.013531	
1193	0.150527	-1.422893	3.019156	
1194	0.143833	-1.427068	3.025723	
1195	0.139008	-1.432893	3.031383	
1196	0.133782	-1.438260	3.037604	
1197	0.128669	-1.443003	3.043905	
1198	0.124240	-1.448083	3.050945	
1199	0.119610	-1.453091	3.057444	
1200	0.115066	-1.458220	3.063591	
1201	0.110526	-1.463285	3.069810	
1202	0.103044	-1.474315	3.085811	
1203	0.099339	-1.479577	3.092837	
1204	0.095870	-1.484564	3.100333	
1205	0.092815	-1.489711	3.107333	
1206	0.090793	-1.495225	3.115872	
1207	0.088188	-1.499614	3.124523	
1208	0.086807	-1.504596	3.132121	
1209	0.085120	-1.509384	3.140797	
1210	0.083286	-1.514240	3.149189	
1211	0.081358	-1.518693	3.154590	
1212	0.079261	-1.522720	3.162005	
1213	0.076240	-1.530160	3.173708	
1214	0.076208	-1.534316	3.180507	
1215	0.076293	-1.538152	3.184843	
1216	0.077435	-1.542469	3.190725	
1217	0.078956	-1.546350	3.196515	
1218	0.080976	-1.549912	3.203136	
1219	0.083964	-1.553555	3.208297	
1220	0.087183	-1.557094	3.214020	
1221	0.091386	-1.560583	3.220585	
1222	0.095673	-1.563388	3.226299	
1223	0.100963	-1.566631	3.232168	
1224	0.106636	-1.569009	3.239822	
1225	0.113060	-1.571427	3.246299	
1226	0.120351	-1.573838	3.253417	
1227	0.127442	-1.575793	3.261591	
1228	0.135424	-1.577897	3.269069	
1229	0.144310	-1.581244	3.275889	
1230	0.152698	-1.583808	3.285293	
1231	0.161062	-1.586750	3.291997	
1232	0.170143	-1.590518	3.299621	
1233	0.178363	-1.593757	3.306717	
1234	0.186468	-1.597666	3.312603	
1235	0.194964	-1.601568	3.319059	
1236	0.202593	-1.604655	3.324240	
1237	0.210585	-1.608297	3.328900	
1238	0.218374	-1.611341	3.334101	
1239	0.226122	-1.614671	3.340055	
1240	0.233068	-1.618688	3.345694	
1241	0.239169	-1.622986	3.350719	
1242	0.245963	-1.627311	3.357116	
1243	0.251318	-1.631313	3.361283	
1244	0.257078	-1.635021	3.366371	
1245	0.262206	-1.638671	3.371742	
1246	0.267672	-1.643216	3.375825	
1247	0.273716	-1.647212	3.382402	
1248	0.278921	-1.651647	3.387436	
1249	0.285052	-1.657233	3.392268	
1250	0.296588	-1.665109	3.400615	
1251	0.302556	-1.670136	3.405837	
1252	0.308925	-1.675484	3.411383	
1253	0.316294	-1.680869	3.417547	
1254	0.330343	-1.692504	3.430558	
1255	0.337420	-1.698385	3.437428	
1256	0.343644	-1.703805	3.443908	
1257	0.350630	-1.708765	3.450541	
1258	0.356871	-1.713074	3.457584	
1259	0.363263	-1.716496	3.464871	
1260	0.369770	-1.721356	3.469473	
1261	0.376814	-1.725682	3.474949	
1262	0.383142	-1.729926	3.480387	
1263	0.389755	-1.733663	3.484975	
1264	0.395934	-1.736919	3.489107	
1265	0.402939	-1.739445	3.493969	
1266	0.410606	-1.741976	3.498434	
1267	0.419712	-1.745230	3.501864	
1268	0.428864	-1.747690	3.506223	
1269	0.437658	-1.750061	3.509908	
1270	0.447440	-1.752419	3.513536	
1271	0.457459	-1.754149	3.517083	
1272	0.467544	-1.755706	3.520747	
1273	0.479637	-1.757732	3.523355	
1274	0.491087	-1.759174	3.526337	
1275	0.502573	-1.759747	3.529642	
1276	0.514854	-1.761736	3.531145	
1277	0.527475	-1.762392	3.534157	
1278	0.540027	-1.763152	3.536433	
1279	0.552134	-1.762978	3.539410	
1280	0.565038	-1.763407	3.541440	
1281	0.576909	-1.763785	3.543378	
1282	0.588950	-1.764001	3.545156	
1283	0.600430	-1.764782	3.545883	
1284	0.612917	-1.766358	3.546565	
1285	0.625549	-1.767371	3.548324	
1286	0.639080	-1.768585	3.550084	
1287	0.651508	-1.770013	3.551224	
1288	0.663256	-1.771276	3.552164	
1289	0.675829	-1.771987	3.553728	
1290	0.689771	-1.773421	3.554068	
1291	0.702189	-1.773690	3.555337	
1292	0.713805	-1.774589	3.555374	
1293	0.726631	-1.775670	3.555953	
1294	0.738768	-1.776999	3.556190	
1295	0.750607	-1.777956	3.557160	
1296	0.763572	-1.779456	3.556980	
1297	0.774723	-1.779670	3.558132	
1298	0.785690	-1.779743	3.559305	
1299	0.799098	-1.781648	3.559362	
1300	0.811260	-1.782579	3.560813	
1301	0.823558	-1.783773	3.562404	
1302	0.836833	-1.785932	3.563712	
1303	0.848540	-1.786478	3.567132	
1304	0.860553	-1.788436	3.569409	
1305	0.875052	-1.789242	3.573480	
1306	0.886408	-1.790962	3.576722	
1307	0.898971	-1.793343	3.580760	
1308	0.910469	-1.795907	3.585031	
1309	0.920988	-1.797832	3.590866	
1310	0.933199	-1.800697	3.595955	
1311	0.946389	-1.802678	3.602180	
1312	0.957063	-1.804609	3.608647	
1313	0.968828	-1.808717	3.612769	
1314	0.980576	-1.811426	3.618051	
1315	0.989513	-1.813531	3.623332	
1316	0.998737	-1.816969	3.627099	
1317	1.007257	-1.819304	3.631505	
1318	1.023888	-1.822119	3.641512	
1319	1.032219	-1.824445	3.644898	
1320	1.041667	-1.825329	3.649446	
1321	1.049779	-1.826582	3.653075	
1322	1.060257	-1.828548	3.655146	
1323	1.075232	-1.827983	3.658604	
1324	1.083750	-1.829305	3.660775	
1325	1.094496	-1.831084	3.661960	
1326	1.105129	-1.830802	3.664893	
1327	1.115360	-1.831989	3.665628	
1328	1.126197	-1.833706	3.665491	
1329	1.136957	-1.832684	3.666614	
1330	1.148476	-1.833285	3.666130	
1331	1.159723	-1.833010	3.665257	
1332	1.170884	-1.832453	3.664151	
1333	1.184305	-1.831088	3.662980	
1334	1.209056	-1.828800	3.658365	
1335	1.222131	-1.825624	3.658307	
1336	1.233359	-1.822173	3.658197	
1337	1.263750	-1.817156	3.655519	
1338	1.290387	-1.813160	3.650795	
1339	1.305470	-1.809125	3.648735	
1340	1.315459	-1.806195	3.646911	
1341	1.328419	-1.804464	3.642380	
1342	1.340380	-1.802449	3.638569	
1343	1.352619	-1.801542	3.633942	
1344	1.363152	-1.801614	3.628770	
1345	1.379396	-1.797869	3.624645	
1346	1.382762	-1.798501	3.620954	
1347	1.398757	-1.795632	3.616011	
1348	1.403754	-1.794636	3.613014	
1349	1.409675	-1.794705	3.608022	
1350	1.419871	-1.793161	3.603451	
1351	1.428730	-1.790369	3.600056	
1352	1.435308	-1.791339	3.594518	
1353	1.444940	-1.789577	3.589808	
1354	1.454561	-1.787166	3.585814	
1355	1.462719	-1.786717	3.580089	
1356	1.473925	-1.784106	3.575504	
1357	1.482899	-1.781843	3.571495	
1358	1.494340	-1.780618	3.565248	
1359	1.506670	-1.777208	3.561291	
1360	1.516978	-1.775102	3.557709	
1361	1.529157	-1.773158	3.553888	
1362	1.542493	-1.770988	3.549340	
1363	1.552757	-1.767312	3.548524	
1364	1.564248	-1.765732	3.545249	
1365	1.578267	-1.763388	3.541673	
1366	1.589486	-1.760361	3.539643	
1367	1.600648	-1.759478	3.535216	
1368	1.613264	-1.756180	3.531885	
1369	1.621586	-1.754330	3.529269	
1370	1.632814	-1.751959	3.525183	
1371	1.643461	-1.748136	3.523111	
1372	1.652593	-1.746012	3.520370	
1373	1.662365	-1.743547	3.517122	
1374	1.671440	-1.740146	3.513882	
1375	1.679340	-1.737888	3.510273	
1376	1.687330	-1.735487	3.506181	
1377	1.696319	-1.732881	3.500921	
1378	1.704465	-1.729955	3.496149	
1379	1.711893	-1.727607	3.490592	
1380	1.720974	-1.724130	3.484324	
1381	1.730800	-1.718288	3.479125	
1382	1.735785	-1.715241	3.474456	
1383	1.743385	-1.711199	3.467917	
1384	1.752712	-1.704660	3.461191	
1385	1.758354	-1.700742	3.454280	
1386	1.765563	-1.695865	3.446653	
1387	1.773503	-1.690353	3.437408	
1388	1.780349	-1.685665	3.427968	
1389	1.787275	-1.680892	3.418174	
1390	1.793225	-1.675002	3.411775	
1391	1.802168	-1.669653	3.401862	
1392	1.812370	-1.664646	3.391069	
1393	1.818872	-1.658997	3.384432	
1394	1.824639	-1.654459	3.377393	
1395	1.838445	-1.646925	3.363055	
1396	1.850569	-1.637055	3.348848	
1397	1.857947	-1.632269	3.340287	
1398	1.863878	-1.627633	3.333941	
1399	1.870360	-1.624688	3.324662	
1400	1.877152	-1.620552	3.317132	
1401	1.883523	-1.616887	3.309555	
1402	1.889537	-1.614405	3.300920	
1403	1.895494	-1.611158	3.292648	
1404	1.901048	-1.608220	3.283672	
1405	1.906631	-1.603548	3.277295	
1406	1.912728	-1.598516	3.272007	
1407	1.919117	-1.594455	3.263875	
1408	1.926152	-1.589774	3.255886	
1409	1.933246	-1.583817	3.250160	
1410	1.940639	-1.578299	3.242393	
1411	1.948895	-1.572438	3.233863	
1412	1.956446	-1.566724	3.226367	
1413	1.965355	-1.562040	3.216522	
1414	1.975689	-1.554863	3.209091	
1415	1.983778	-1.549115	3.203089	
1416	1.993337	-1.543537	3.196392	
1417	2.003646	-1.537279	3.190324	
1418	2.013551	-1.530310	3.185958	
1419	2.022990	-1.524667	3.179914	
1420	2.033496	-1.518786	3.173114	
1421	2.043474	-1.512505	3.167175	
1422	2.053553	-1.506677	3.160734	
1423	2.061465	-1.501233	3.155649	
1424	2.077282	-1.491998	3.142907	
1425	2.083237	-1.487888	3.138302	
1426	2.089352	-1.484494	3.132531	
1427	2.095603	-1.481479	3.125978	
1428	2.101773	-1.477552	3.119112	
1429	2.107502	-1.472846	3.113471	
1430	2.112337	-1.468473	3.109539	
1431	2.116665	-1.464857	3.104920	
1432	2.121438	-1.461725	3.096560	
1433	2.126817	-1.456696	3.090531	
1434	2.130574	-1.451692	3.086422	
1435	2.134581	-1.446499	3.081491	
1436	2.139251	-1.440636	3.076128	
1437	2.142063	-1.437670	3.067237	
1438	2.145385	-1.433598	3.059619	
1439	2.148289	-1.428472	3.054721	
1440	2.151302	-1.423218	3.048150	
1441	2.155130	-1.418038	3.039741	
1442	2.158234	-1.412709	3.032016	
1443	2.160508	-1.408250	3.024783	
1444	2.164758	-1.402277	3.014080	
1445	2.168218	-1.397579	3.002641	
1446	2.170661	-1.393425	2.995800	
1447	2.172963	-1.389656	2.984510	
1448	2.177122	-1.384119	2.971570	
1449	2.178939	-1.379335	2.967021	
1450	2.179509	-1.376282	2.959675	
1451	2.184704	-1.367846	2.948320	
1452	2.186656	-1.361589	2.940415	
1453	2.185164	-1.359252	2.931111	
1454	2.187012	-1.352930	2.920248	
1455	2.189462	-1.344653	2.911748	
1456	2.189790	-1.339856	2.905295	
1457	2.192153	-1.334045	2.894400	
1458	2.194025	-1.327886	2.885374	
1459	2.195754	-1.321793	2.877182	
1460	2.198220	-1.314828	2.871950	
1461	2.200130	-1.310042	2.860837	
1462	2.202710	-1.305104	2.850420	
1463	2.206106	-1.298253	2.845840	
1464	2.208147	-1.293729	2.834849	
1465	2.212373	-1.287172	2.825699	
1466	2.215418	-1.280684	2.820526	
1467	2.216795	-1.277287	2.808776	
1468	2.221159	-1.271607	2.797311	
1469	2.224009	-1.267482	2.786776	
1470	2.227024	-1.264447	2.775016	
1471	2.236326	-1.253902	2.759066	
1472	2.240444	-1.250695	2.750001	
1473	2.245807	-1.246214	2.743688	
1474	2.251139	-1.242491	2.732855	
1475	2.256803	-1.239138	2.724073	
1476	2.262613	-1.235785	2.714710	
1477	2.267991	-1.232192	2.704402	
1478	2.274610	-1.225858	2.694482	
1479	2.280626	-1.220344	2.687363	
1480	2.285063	-1.216050	2.677858	
1481	2.290578	-1.210000	2.669020	
1482	2.294511	-1.205929	2.661396	
1483	2.298275	-1.201610	2.654102	
1484	2.302301	-1.196273	2.644320	
1485	2.306097	-1.190217	2.639003	
1486	2.308878	-1.186125	2.630649	
1487	2.311819	-1.181329	2.622127	
1488	2.315036	-1.175934	2.616235	
1489	2.316414	-1.172409	2.607056	
1490	2.318661	-1.167186	2.597609	
1491	2.319551	-1.162469	2.589188	
1492	2.320565	-1.157934	2.579865	
1493	2.323070	-1.146965	2.562063	
1494	2.323255	-1.143144	2.551864	
1495	2.323742	-1.137169	2.542509	
1496	2.324073	-1.130715	2.536820	
1497	2.324064	-1.124674	2.528795	
1498	2.321909	-1.121581	2.514870	
1499	2.321892	-1.113822	2.507795	
1500	2.321124	-1.106648	2.501306	
1501	2.321064	-1.098091	2.492138	
1502	2.320994	-1.089975	2.484338	
1503	2.319705	-1.083449	2.474305	
1504	2.318699	-1.077350	2.462519	
1505	2.317535	-1.072466	2.450468	
1506	2.316153	-1.068274	2.437140	
1507	2.315661	-1.062517	2.425146	
1508	2.314616	-1.057270	2.414192	
1509	2.314419	-1.050949	2.403924	
1510	2.313293	-1.045472	2.392128	
1511	2.312527	-1.039269	2.381845	
1512	2.311699	-1.033439	2.372394	
1513	2.309436	-1.029924	2.361771	
1514	2.309061	-1.023867	2.353327	
1515	2.308136	-1.018553	2.345799	
1516	2.306127	-1.015912	2.336441	
1517	2.304288	-1.011351	2.328632	
1518	2.302331	-1.008000	2.321362	
1519	2.300836	-1.004229	2.314362	
1520	2.299869	-0.999134	2.308052	
1521	2.298866	-0.995421	2.301923	
1522	2.298438	-0.992738	2.296625	
1523	2.298722	-0.988443	2.291078	
1524	2.299157	-0.984619	2.286744	
1525	2.299263	-0.982338	2.279904	
1526	2.298670	-0.980311	2.271029	
1527	2.300014	-0.976915	2.264666	
1528	2.300522	-0.974429	2.256172	
1529	2.302020	-0.970527	2.248372	
1530	2.304676	-0.965476	2.240344	
1531	2.308125	-0.959467	2.232640	
1532	2.312000	-0.953552	2.223910	
1533	2.315639	-0.947862	2.214930	
1534	2.318354	-0.943407	2.204846	
1535	2.321679	-0.938822	2.194828	
1536	2.326029	-0.932172	2.185270	
1537	2.329322	-0.928080	2.175586	
1538	2.333033	-0.923396	2.165952	
1539	2.336664	-0.919137	2.156703	
1540	2.340499	-0.914873	2.148144	
1541	2.344147	-0.910141	2.138445	
1542	2.348965	-0.904771	2.131121	
1543	2.352405	-0.901042	2.123249	
1544	2.355513	-0.898629	2.114114	
1545	2.359895	-0.892814	2.107405	
1546	2.363169	-0.888382	2.100262	
1547	2.366323	-0.884653	2.091744	
1548	2.369685	-0.879374	2.084129	
1549	2.372619	-0.874187	2.076266	
1550	2.375896	-0.869005	2.068099	
1551	2.379083	-0.862969	2.059891	
1552	2.381245	-0.858292	2.051585	
1553	2.382906	-0.854481	2.042760	
1554	2.385022	-0.848594	2.034630	
1555	2.385937	-0.843819	2.025156	
1556	2.387509	-0.838347	2.017123	
1557	2.388292	-0.833449	2.008601	
1558	2.388894	-0.829401	1.999949	
1559	2.389556	-0.823721	1.991249	
1560	2.390737	-0.817334	1.982393	
1561	2.391685	-0.810902	1.973875	
1562	2.391994	-0.804782	1.963151	
1563	2.391945	-0.798978	1.953440	
1564	2.392825	-0.785108	1.932764	
1565	2.393651	-0.778287	1.923415	
1566	2.394887	-0.771896	1.913682	
1567	2.396728	-0.764144	1.903217	
1568	2.399657	-0.757000	1.893903	
1569	2.402234	-0.749796	1.883475	
1570	2.405127	-0.742996	1.875192	
1571	2.408063	-0.737809	1.867067	
1572	2.409965	-0.733091	1.856376	
1573	2.411683	-0.728803	1.848066	
1574	2.413052	-0.725511	1.839165	
1575	2.416029	-0.720164	1.831631	
1576	2.417248	-0.718068	1.822255	
1577	2.419834	-0.714755	1.814141	
1578	2.422448	-0.711580	1.806865	
1579	2.427372	-0.705466	1.788995	
1580	2.429865	-0.702079	1.780077	
1581	2.431697	-0.699795	1.771121	
1582	2.435036	-0.696775	1.762394	
1583	2.439413	-0.692005	1.753609	
1584	2.443178	-0.688274	1.744021	
1585	2.446789	-0.684898	1.734056	
1586	2.451541	-0.679560	1.725346	
1587	2.455306	-0.675386	1.714694	
1588	2.459801	-0.671300	1.705112	
1589	2.465434	-0.665406	1.696698	
1590	2.470143	-0.661170	1.686435	
1591	2.474323	-0.658466	1.676408	
1592	2.478827	-0.653764	1.665720	
1593	2.483732	-0.650953	1.657373	
1594	2.487913	-0.645802	1.646986	
1595	2.493958	-0.639913	1.638195	
1596	2.498649	-0.633044	1.629387	
1597	2.503377	-0.627901	1.619423	
1598	2.508577	-0.620785	1.611741	
1599	2.512359	-0.614630	1.602837	
1600	2.516930	-0.608811	1.595742	
1601	2.520556	-0.602812	1.588151	
1602	2.523423	-0.596318	1.580239	
1603	2.526609	-0.590503	1.573411	
1604	2.528690	-0.584387	1.566868	
1605	2.531361	-0.578704	1.562145	
1606	2.533712	-0.571450	1.556789	
1607	2.534104	-0.566399	1.550302	
1608	2.535326	-0.561036	1.544768	
1609	2.535915	-0.555996	1.538617	
1610	2.535635	-0.550663	1.531972	
1611	2.535611	-0.545908	1.525990	
1612	2.534533	-0.541567	1.519033	
1613	2.532959	-0.536313	1.512267	
1614	2.529132	-0.525303	1.496016	
1615	2.526289	-0.518834	1.486805	
1616	2.523344	-0.514215	1.478864	
1617	2.520514	-0.508792	1.470240	
1618	2.517246	-0.503270	1.461539	
1619	2.513443	-0.496887	1.452972	
1620	2.509460	-0.490812	1.444084	
1621	2.506403	-0.484423	1.436284	
1622	2.502327	-0.479060	1.428322	
1623	2.497954	-0.474658	1.420575	
1624	2.493702	-0.470120	1.412123	
1625	2.489530	-0.465409	1.404319	
1626	2.484087	-0.461669	1.395452	
1627	2.479359	-0.459258	1.388379	
1628	2.473999	-0.456610	1.380963	
1629	2.468548	-0.454841	1.373383	
1630	2.464001	-0.451276	1.366875	
1631	2.460382	-0.448236	1.360678	
1632	2.455558	-0.445962	1.351943	
1633	2.452112	-0.443209	1.344025	
1634	2.448367	-0.440646	1.335321	
1635	2.445480	-0.438892	1.328746	
1636	2.442022	-0.436988	1.322267	
1637	2.438353	-0.433929	1.316138	
1638	2.434121	-0.432955	1.309353	
1639	2.430633	-0.429638	1.304198	
1640	2.427742	-0.427886	1.300651	
1641	2.421854	-0.426970	1.294207	
1642	2.418062	-0.423918	1.289809	
1643	2.414721	-0.422041	1.286141	
1644	2.409930	-0.421213	1.282225	
1645	2.406456	-0.419291	1.279568	
1646	2.402422	-0.418594	1.277289	
1647	2.397233	-0.417308	1.273807	
1648	2.394377	-0.413840	1.272884	
1649	2.391309	-0.410975	1.272790	
1650	2.386722	-0.409544	1.270938	
1651	2.382053	-0.407179	1.268620	
1652	2.376045	-0.404764	1.265076	
1653	2.371771	-0.402687	1.263451	
1654	2.367752	-0.400488	1.262193	
1655	2.362050	-0.398370	1.260181	
1656	2.356575	-0.396179	1.258455	
1657	2.350614	-0.392651	1.256536	
1658	2.343808	-0.391552	1.254832	
1659	2.336593	-0.389379	1.252437	
1660	2.329667	-0.387911	1.250727	
1661	2.320859	-0.386308	1.247779	
1662	2.312522	-0.384894	1.245340	
1663	2.304049	-0.383501	1.243124	
1664	2.293663	-0.382560	1.239922	
1665	2.284210	-0.381653	1.237062	
1666	2.276254	-0.380574	1.235388	
1667	2.266564	-0.380592	1.232595	
1668	2.255662	-0.380588	1.228172	
1669	2.246856	-0.380585	1.225472	
1670	2.237375	-0.380107	1.223309	
1671	2.225847	-0.378160	1.219710	
1672	2.215129	-0.377936	1.217244	
1673	2.204432	-0.378258	1.215990	
1674	2.191735	-0.377802	1.214050	
1675	2.179734	-0.375630	1.211698	
1676	2.169022	-0.375227	1.210680	
1677	2.157317	-0.374256	1.209416	
1678	2.145920	-0.371776	1.207744	
1679	2.136563	-0.370871	1.208148	
1680	2.126702	-0.370102	1.208402	
1681	2.117600	-0.368313	1.208191	
1682	2.108381	-0.367573	1.207753	
1683	2.099803	-0.365818	1.207141	
1684	2.092204	-0.363248	1.206837	
1685	2.084078	-0.362650	1.206067	
1686	2.076657	-0.361135	1.204585	
1687	2.070464	-0.359171	1.203839	
1688	2.056420	-0.356652	1.201860	
1689	2.050064	-0.355085	1.201270	
1690	2.043729	-0.353613	1.200076	
1691	2.037517	-0.351038	1.198653	
1692	2.030898	-0.348160	1.196879	
1693	2.025180	-0.343944	1.195225	
1694	2.018199	-0.340157	1.192776	
1695	2.011660	-0.335828	1.190319	
1696	2.005422	-0.332075	1.187407	
1697	1.999562	-0.327012	1.184532	
1698	1.993801	-0.322585	1.180980	
1699	1.988432	-0.318377	1.177431	
1700	1.983058	-0.313773	1.173855	
1701	1.977653	-0.309304	1.169830	
1702	1.972167	-0.304914	1.165886	
1703	1.967100	-0.300537	1.161916	
1704	1.961775	-0.296546	1.157079	
1705	1.956387	-0.292630	1.152120	
1706	1.952112	-0.288610	1.147745	
1707	1.946958	-0.285637	1.142771	
1708	1.941426	-0.281382	1.137841	
1709	1.936672	-0.278287	1.133557	
1710	1.930795	-0.275368	1.129300	
1711	1.924606	-0.270873	1.124696	
1712	1.919662	-0.267505	1.121335	
1713	1.913484	-0.265255	1.117351	
1714	1.906249	-0.261033	1.112770	
1715	1.899521	-0.258256	1.108552	
1716	1.892257	-0.255810	1.104141	
1717	1.884643	-0.252440	1.099663	
1718	1.877114	-0.249639	1.095191	
1719	1.868445	-0.246720	1.090337	
1720	1.860106	-0.243150	1.085870	
1721	1.851685	-0.240584	1.081543	
1722	1.842723	-0.237912	1.077452	
1723	1.832785	-0.234942	1.072955	
1724	1.823423	-0.232381	1.068956	
1725	1.812261	-0.230397	1.064546	
1726	1.802038	-0.227010	1.060771	
1727	1.793623	-0.225081	1.057706	
1728	1.783927	-0.222630	1.054431	
1729	1.766806	-0.218156	1.049201	
1730	1.758615	-0.216644	1.047428	
1731	1.749709	-0.214693	1.045104	
1732	1.742198	-0.213134	1.043399	
1733	1.734866	-0.212090	1.042196	
1734	1.727664	-0.211001	1.040956	
1735	1.721315	-0.208711	1.039552	
1736	1.715108	-0.207573	1.038379	
1737	1.708708	-0.207878	1.036787	
1738	1.702680	-0.206422	1.034810	
1739	1.697237	-0.205729	1.033330	
1740	1.691914	-0.205313	1.032399	
1741	1.686380	-0.204226	1.031437	
1742	1.681834	-0.202936	1.030547	
1743	1.676705	-0.201569	1.029237	
1744	1.672330	-0.200075	1.028035	
1745	1.667003	-0.199251	1.025971	
1746	1.662098	-0.198394	1.023663	
1747	1.656291	-0.196581	1.020852	
1748	1.651515	-0.196557	1.018327	
1749	1.645916	-0.195408	1.015094	
1750	1.640275	-0.192582	1.011504	
1751	1.635655	-0.190930	1.008457	
1752	1.630188	-0.189009	1.004798	
1753	1.624137	-0.185730	1.000670	
1754	1.618141	-0.181962	0.996317	
1755	1.612175	-0.179753	0.991355	
1756	1.606181	-0.174621	0.986353	
1757	1.600518	-0.170872	0.980993	
1758	1.587993	-0.163516	0.969317	
1759	1.581518	-0.159884	0.963101	
1760	1.575826	-0.156320	0.957088	
1761	1.569469	-0.152157	0.950516	
1762	1.564028	-0.148683	0.944299	
1763	1.558097	-0.145451	0.938098	
1764	1.552480	-0.140312	0.931952	
1765	1.547645	-0.136449	0.926154	
1766	1.534852	-0.129021	0.914067	
1767	1.529611	-0.126149	0.908338	
1768	1.524291	-0.121189	0.902965	
1769	1.518631	-0.116799	0.897519	
1770	1.513648	-0.114143	0.892068	
1771	1.509525	-0.110455	0.887350	
1772	1.505625	-0.106850	0.882881	
1773	1.500819	-0.103768	0.878376	
1774	1.496144	-0.101964	0.873916	
1775	1.491705	-0.101262	0.870083	
1776	1.480890	-0.104531	0.860246	
1777	1.475194	-0.105773	0.855224	
1778	1.468884	-0.108262	0.850235	
1779	1.462270	-0.112050	0.844474	
1780	1.454428	-0.114670	0.838907	
1781	1.439454	-0.121752	0.827614	
1782	1.431657	-0.123348	0.822547	
1783	1.423967	-0.124903	0.818073	
1784	1.416677	-0.125200	0.814019	
1785	1.409159	-0.125669	0.810272	
1786	1.401630	-0.126998	0.806198	
1787	1.394950	-0.128173	0.802450	
1788	1.387604	-0.127900	0.798736	
1789	1.374355	-0.127776	0.792818	
1790	1.367747	-0.128627	0.789848	
1791	1.361091	-0.128692	0.787031	
1792	1.355326	-0.128459	0.784499	
1793	1.349154	-0.129452	0.781060	
1794	1.342195	-0.128410	0.778013	
1795	1.337656	-0.128714	0.775149	
1796	1.331725	-0.128983	0.772213	
1797	1.325281	-0.127980	0.769532	
1798	1.319371	-0.127009	0.766693	
1799	1.314161	-0.126667	0.763979	
1800	1.309112	-0.124397	0.761651	
1801	1.304290	-0.123049	0.758078	
1802	1.299630	-0.121620	0.754820	
1803	1.293338	-0.120629	0.751258	
1804	1.290228	-0.119895	0.748220	
1805	1.285850	-0.117006	0.746225	
1806	1.282075	-0.115128	0.744502	
1807	1.277940	-0.114457	0.741617	
1808	1.273494	-0.111685	0.739174	
1809	1.269951	-0.108956	0.736862	
1810	1.265433	-0.107455	0.733230	
1811	1.261149	-0.103869	0.729830	
1812	1.258437	-0.099417	0.726863	
1813	1.254145	-0.096377	0.721703	
1814	1.249155	-0.092911	0.716290	
1815	1.245436	-0.087066	0.711752	
1816	1.242667	-0.084347	0.705627	
1817	1.238769	-0.080804	0.699406	
1818	1.235768	-0.075770	0.694437	
1819	1.233560	-0.073684	0.688202	
1820	1.231109	-0.069967	0.682559	
1821	1.226061	-0.065194	0.677869	
1822	1.224115	-0.063131	0.672267	
1823	1.219921	-0.058690	0.667572	
1824	1.216364	-0.056739	0.662370	
1825	1.213130	-0.056061	0.656553	
1826	1.208288	-0.053649	0.651783	
1827	1.205461	-0.051593	0.646996	
1828	1.200643	-0.050402	0.641764	
1829	1.195552	-0.047561	0.638177	
1830	1.190570	-0.047710	0.633352	
1831	1.185460	-0.047320	0.628557	
1832	1.178498	-0.046515	0.624457	
1833	1.171054	-0.044956	0.620594	
1834	1.164466	-0.045419	0.615633	
1835	1.155996	-0.044982	0.611190	
1836	1.147702	-0.044265	0.607237	
1837	1.141569	-0.045228	0.602796	
1838	1.132584	-0.046353	0.598613	
1839	1.123363	-0.048180	0.594966	
1840	1.115859	-0.051403	0.591563	
1841	1.106600	-0.056637	0.587836	
1842	1.095766	-0.060181	0.585232	
1843	1.087282	-0.063925	0.583831	
1844	1.076609	-0.066030	0.583425	
1845	1.064714	-0.068641	0.583570	
1846	1.054613	-0.073089	0.583151	
1847	1.043918	-0.076806	0.583297	
1848	1.033178	-0.078996	0.584286	
1849	1.023894	-0.082173	0.585143	
1850	1.013327	-0.085405	0.586222	
1851	1.002152	-0.088641	0.587846	
1852	0.992541	-0.092065	0.589020	
1853	0.982544	-0.094786	0.590356	
1854	0.973133	-0.098801	0.591179	
1855	0.964720	-0.103647	0.591528	
1856	0.955772	-0.105903	0.593485	
1857	0.947134	-0.108198	0.595360	
1858	0.939656	-0.110313	0.597114	
1859	0.930903	-0.113779	0.598697	
1860	0.922447	-0.116169	0.600604	
1861	0.916117	-0.118524	0.602584	
1862	0.907656	-0.118825	0.605917	
1863	0.901314	-0.121378	0.608021	
1864	0.894265	-0.123002	0.610420	
1865	0.886611	-0.124266	0.613411	
1866	0.879700	-0.126347	0.616266	
1867	0.872532	-0.128438	0.618870	
1868	0.865312	-0.127553	0.622657	
1869	0.860318	-0.128539	0.626248	
1870	0.855161	-0.133290	0.627775	
1871	0.848002	-0.134441	0.630315	
1872	0.839557	-0.134931	0.634290	
1873	0.834827	-0.140156	0.635538	
1874	0.829334	-0.142124	0.637105	
1875	0.821448	-0.143495	0.640367	
1876	0.817024	-0.147385	0.642081	
1877	0.812212	-0.148811	0.644219	
1878	0.805039	-0.149764	0.647502	
1879	0.800550	-0.151656	0.649760	
1880	0.795838	-0.153839	0.652023	
1881	0.790095	-0.154746	0.655185	
1882	0.784884	-0.155627	0.658568	
1883	0.781299	-0.157038	0.661710	
1884	0.772843	-0.157940	0.668851	
1885	0.767951	-0.158737	0.672148	
1886	0.762575	-0.157793	0.676634	
1887	0.757961	-0.158373	0.680477	
1888	0.754065	-0.159163	0.683857	
1889	0.749365	-0.158335	0.688360	
1890	0.747236	-0.157298	0.693327	
1891	0.744048	-0.158245	0.697985	
1892	0.740295	-0.157872	0.703677	
1893	0.737427	-0.157043	0.710135	
1894	0.733869	-0.157038	0.717334	
1895	0.730721	-0.155795	0.725488	
1896	0.729690	-0.156188	0.733606	
1897	0.726456	-0.157024	0.741728	
1898	0.724001	-0.155691	0.750516	
1899	0.721805	-0.155188	0.758957	
1900	0.719530	-0.156571	0.766555	
1901	0.716568	-0.156931	0.774037	
1902	0.713484	-0.157486	0.781516	
1903	0.710210	-0.158936	0.788898	
1904	0.707148	-0.161030	0.796254	
1905	0.703926	-0.161982	0.804553	
1906	0.700694	-0.164785	0.812376	
1907	0.697431	-0.168915	0.819498	
1908	0.693888	-0.170900	0.827948	
1909	0.691339	-0.174956	0.835622	
1910	0.688865	-0.179737	0.842455	
1911	0.686261	-0.180663	0.851544	
1912	0.683375	-0.184750	0.859140	
1913	0.680062	-0.188438	0.865431	
1914	0.678410	-0.190002	0.874116	
1915	0.677736	-0.193488	0.881490	
1916	0.676254	-0.196722	0.888049	
1917	0.674973	-0.198232	0.895481	
1918	0.674834	-0.200818	0.902555	
1919	0.674253	-0.203911	0.908206	
1920	0.674007	-0.205725	0.914693	
1921	0.674162	-0.208161	0.920713	
1922	0.675169	-0.211134	0.926159	
1923	0.676665	-0.213371	0.932267	
1924	0.677947	-0.216453	0.937923	
1925	0.679011	-0.219620	0.942801	
1926	0.679681	-0.222089	0.947727	
1927	0.680665	-0.223952	0.953173	
1928	0.682392	-0.226183	0.958643	
1929	0.682988	-0.229155	0.963513	
1930	0.684096	-0.230024	0.970006	
1931	0.684360	-0.232895	0.975363	
1932	0.685326	-0.234206	0.980762	
1933	0.687582	-0.235542	0.987177	
1934	0.688736	-0.238126	0.991832	
1935	0.689618	-0.238795	0.996428	
1936	0.690818	-0.238905	1.002116	
1937	0.691435	-0.240032	1.006528	
1938	0.693277	-0.239497	1.017146	
1939	0.693730	-0.239562	1.021391	
1940	0.694412	-0.238819	1.025660	
1941	0.695064	-0.235791	1.036296	
1942	0.694919	-0.233688	1.041033	
1943	0.695157	-0.231073	1.046934	
1944	0.696249	-0.229063	1.052385	
1945	0.696094	-0.226468	1.058174	
1946	0.696230	-0.223672	1.064165	
1947	0.696235	-0.221488	1.069918	
1948	0.693746	-0.213268	1.088188	
1949	0.693856	-0.210955	1.095070	
1950	0.693820	-0.209438	1.101973	
1951	0.693174	-0.207573	1.116256	
1952	0.692271	-0.206781	1.123394	
1953	0.691378	-0.205977	1.130468	
1954	0.690404	-0.205809	1.136942	
1955	0.689136	-0.206372	1.143134	
1956	0.690069	-0.205863	1.149746	
1957	0.688953	-0.207110	1.160641	
1958	0.689193	-0.207168	1.166284	
1959	0.689334	-0.207614	1.171402	
1960	0.689767	-0.207416	1.177023	
1961	0.690672	-0.207161	1.182763	
1962	0.690438	-0.207622	1.187772	
1963	0.690620	-0.208017	1.192683	
1964	0.691927	-0.207620	1.197935	
1965	0.692713	-0.207639	1.202874	
1966	0.692724	-0.208315	1.207190	
1967	0.693269	-0.208265	1.211750	
1968	0.693072	-0.207867	1.215710	
1969	0.692862	-0.207781	1.219275	
1970	0.693206	-0.206340	1.223604	
1971	0.694191	-0.204573	1.227350	
1972	0.694245	-0.203650	1.230344	
1973	0.694334	-0.201970	1.233523	
1974	0.695759	-0.201098	1.236571	
1975	0.695711	-0.199993	1.238776	
1976	0.694586	-0.198710	1.240891	
1977	0.694349	-0.198245	1.242498	
1978	0.694584	-0.197314	1.244723	
1979	0.694252	-0.196761	1.246259	
1980	0.693056	-0.195911	1.247655	
1981	0.691945	-0.194630	1.249446	
1982	0.690897	-0.193936	1.251091	
1983	0.686548	-0.193080	1.253613	
1984	0.684688	-0.191095	1.255638	
1985	0.682414	-0.188534	1.257303	
1986	0.679349	-0.185597	1.258921	
1987	0.676342	-0.183286	1.260009	
1988	0.672912	-0.180208	1.261175	
1989	0.669708	-0.177888	1.262303	
1990	0.666161	-0.176560	1.262928	
1991	0.662468	-0.174466	1.263751	
1992	0.659898	-0.173161	1.264894	
1993	0.656323	-0.172422	1.265500	
1994	0.652170	-0.170728	1.266382	
1995	0.648456	-0.169543	1.267200	
1996	0.644098	-0.168149	1.267963	
1997	0.639452	-0.166939	1.268826	
1998	0.635051	-0.165961	1.269856	
1999	0.630049	-0.165245	1.270262	
2000	0.625374	-0.164364	1.271011	
2001	0.620385	-0.164710	1.270921	
2002	0.615357	-0.164296	1.270878	
2003	0.610895	-0.163813	1.271317	
2004	0.606755	-0.164480	1.271318	
2005	0.602162	-0.164680	1.271390	
2006	0.597624	-0.164720	1.271554	
2007	0.593723	-0.165269	1.271482	
2008	0.589355	-0.165437	1.271242	
2009	0.584699	-0.165225	1.270706	
2010	0.580492	-0.164483	1.270184	
2011	0.575879	-0.163026	1.269831	
2012	0.571430	-0.161763	1.269574	
2013	0.566709	-0.161881	1.268281	
2014	0.562187	-0.160172	1.267480	
2015	0.557875	-0.158713	1.266905	
2016	0.553911	-0.157502	1.265862	
2017	0.550285	-0.154749	1.265663	
2018	0.545960	-0.155316	1.263925	
2019	0.542689	-0.153409	1.263077	
2020	0.539252	-0.153794	1.262513	
2021	0.536189	-0.152765	1.261466	
2022	0.533162	-0.152025	1.260663	
2023	0.527394	-0.151620	1.258646	
2024	0.524761	-0.152129	1.257856	
2025	0.522399	-0.151877	1.257545	
2026	0.519483	-0.152178	1.256237	
2027	0.517193	-0.150344	1.256266	
2028	0.514318	-0.150392	1.255134	
2029	0.511298	-0.148889	1.253732	
2030	0.508471	-0.148560	1.252972	
2031	0.504678	-0.147881	1.251203	
2032	0.500971	-0.146728	1.249662	
2033	0.497292	-0.146313	1.248139	
2034	0.493414	-0.145510	1.246510	
2035	0.489757	-0.144853	1.244996	
2036	0.485573	-0.143813	1.242870	
2037	0.481686	-0.143290	1.241101	
2038	0.476815	-0.142570	1.238157	
2039	0.472261	-0.142313	1.235866	
2040	0.467986	-0.141561	1.233367	
2041	0.464409	-0.141035	1.231192	
2042	0.461130	-0.140548	1.229299	
2043	0.457794	-0.139483	1.227244	
2044	0.450832	-0.137588	1.221250	
2045	0.446011	-0.134925	1.216872	
2046	0.443407	-0.133897	1.214244	
2047	0.440546	-0.132334	1.211472	
2048	0.437065	-0.131214	1.207747	
2049	0.433605	-0.128319	1.204297	
2050	0.430184	-0.127508	1.200859	
2051	0.427070	-0.126021	1.197895	
2052	0.424353	-0.124054	1.195681	
2053	0.420785	-0.123101	1.192047	
2054	0.418201	-0.120971	1.189827	
2055	0.414977	-0.119451	1.186826	
2056	0.411248	-0.117954	1.183448	
2057	0.405419	-0.114269	1.178074	
2058	0.402402	-0.113127	1.175162	
2059	0.399732	-0.111141	1.172839	
2060	0.396471	-0.109447	1.169708	
2061	0.393392	-0.107105	1.166955	
2062	0.387969	-0.102950	1.162080	
2063	0.385114	-0.100381	1.159294	
2064	0.380695	-0.094715	1.154906	
2065	0.378562	-0.092621	1.152840	
2066	0.376578	-0.090781	1.150483	
2067	0.374875	-0.088359	1.148836	
2068	0.372711	-0.087551	1.146168	
2069	0.370553	-0.086152	1.143561	
2070	0.366908	-0.084965	1.139455	
2071	0.364676	-0.084550	1.136823	
2072	0.362905	-0.083536	1.134413	
2073	0.360591	-0.084115	1.131206	
2074	0.358473	-0.084099	1.127982	
2075	0.357408	-0.082908	1.125440	
2076	0.355447	-0.083215	1.121556	
2077	0.354146	-0.081577	1.118006	
2078	0.353507	-0.080754	1.114693	
2079	0.352306	-0.081006	1.110616	
2080	0.351810	-0.079938	1.106731	
2081	0.351061	-0.078115	1.102866	
2082	0.350105	-0.077415	1.098300	
2083	0.350017	-0.075936	1.093929	
2084	0.349710	-0.074409	1.088922	
2085	0.349244	-0.072829	1.083567	
2086	0.349596	-0.071102	1.078682	
2087	0.349820	-0.071283	1.073484	
2088	0.350341	-0.070180	1.067647	
2089	0.350990	-0.068780	1.061737	
2090	0.352130	-0.068489	1.055920	
2091	0.353194	-0.066766	1.050378	
2092	0.354353	-0.063405	1.046011	
2093	0.355937	-0.062860	1.039363	
2094	0.356149	-0.059599	1.034140	
2095	0.357483	-0.057496	1.028300	
2096	0.357839	-0.056619	1.020720	
2097	0.358173	-0.052913	1.014711	
2098	0.359242	-0.051508	1.007105	
2099	0.358894	-0.049579	0.999269	
2100	0.359379	-0.047051	0.991970	
2101	0.359334	-0.046669	0.983705	
2102	0.358785	-0.044982	0.976009	
2103	0.358402	-0.042683	0.969153	
2104	0.357934	-0.041866	0.962372	
2105	0.356524	-0.041884	0.955441	
2106	0.355069	-0.040855	0.948971	
2107	0.353412	-0.041414	0.942851	
2108	0.350893	-0.042448	0.936801	
2109	0.348742	-0.042344	0.932158	
2110	0.345737	-0.043273	0.926575	
2111	0.342849	-0.042665	0.921510	
2112	0.340168	-0.041968	0.916844	
2113	0.336422	-0.042943	0.911403	
2114	0.333279	-0.041890	0.906940	
2115	0.329865	-0.040375	0.902660	
2116	0.327514	-0.040833	0.898812	
2117	0.324158	-0.039479	0.894498	
2118	0.321177	-0.037490	0.890506	
2119	0.317502	-0.037367	0.885358	
2120	0.314498	-0.036076	0.880708	
2121	0.312437	-0.034066	0.876779	
2122	0.308080	-0.036543	0.864743	
2123	0.306622	-0.034270	0.859698	
2124	0.303127	-0.037041	0.845355	
2125	0.301908	-0.034729	0.839532	
2126	0.300958	-0.037207	0.831414	
2127	0.300503	-0.036892	0.824439	
2128	0.299833	-0.034173	0.818472	
2129	0.300008	-0.035655	0.810401	
2130	0.299071	-0.037543	0.801721	
2131	0.297450	-0.035925	0.794690	
2132	0.298456	-0.035847	0.787094	
2133	0.299016	-0.035923	0.772785	
2134	0.300128	-0.037592	0.757951	
2135	0.299696	-0.036279	0.751941	
2136	0.300564	-0.035601	0.746005	
2137	0.300425	-0.037223	0.739357	
2138	0.300957	-0.036628	0.734032	
2139	0.301816	-0.035041	0.728528	
2140	0.301921	-0.035514	0.722291	
2141	0.302590	-0.035497	0.716026	
2142	0.304417	-0.034262	0.710080	
2143	0.305644	-0.031953	0.704701	
2144	0.307746	-0.032117	0.698606	
2145	0.308828	-0.031065	0.692618	
2146	0.310661	-0.028194	0.686919	
2147	0.312470	-0.028266	0.680636	
2148	0.315398	-0.027317	0.674364	
2149	0.322079	-0.020583	0.664208	
2150	0.325911	-0.021855	0.657456	
2151	0.327915	-0.018916	0.651333	
2152	0.334853	-0.015927	0.636910	
2153	0.337065	-0.014380	0.628853	
2154	0.338871	-0.011115	0.621864	
2155	0.341204	-0.008831	0.613658	
2156	0.342969	-0.008597	0.604519	
2157	0.344450	-0.006219	0.596028	
2158	0.345478	-0.003185	0.587078	
2159	0.347302	-0.002735	0.575621	
2160	0.349054	-0.000945	0.565442	
2161	0.354816	0.003468	0.544404	
2162	0.356017	0.005272	0.534085	
2163	0.356377	0.008646	0.524138	
2164	0.357075	0.011790	0.512763	
2165	0.357891	0.012792	0.499974	
2166	0.357951	0.014859	0.489565	
2167	0.358610	0.019277	0.479558	
2168	0.358855	0.019556	0.467134	
2169	0.358268	0.021122	0.454550	
2170	0.358162	0.021946	0.444558	
2171	0.356610	0.024222	0.434137	
2172	0.357069	0.025301	0.423412	
2173	0.357581	0.027620	0.414615	
2174	0.356959	0.030907	0.406470	
2175	0.356226	0.031917	0.397298	
2176	0.355313	0.032805	0.388667	
2177	0.355283	0.035667	0.382191	
2178	0.355035	0.037822	0.375186	
2179	0.355353	0.036819	0.367149	
2180	0.352172	0.040965	0.355170	
2181	0.350086	0.041907	0.348935	
2182	0.345706	0.042943	0.343041	
2183	0.335928	0.044209	0.337163	
2184	0.333580	0.045886	0.331183	
2185	0.329746	0.046724	0.324758	
2186	0.324188	0.049466	0.320172	
2187	0.318385	0.050888	0.314851	
2188	0.311499	0.051843	0.308566	
2189	0.304281	0.054333	0.303322	
2190	0.294913	0.056136	0.298186	
2191	0.286679	0.056949	0.291426	
2192	0.278433	0.057641	0.283837	
2193	0.268959	0.060520	0.278237	
2194	0.259655	0.062466	0.272383	
2195	0.250447	0.063228	0.265556	
2196	0.240921	0.063920	0.258588	
2197	0.232218	0.065694	0.252625	
2198	0.224387	0.066833	0.246122	
2199	0.215981	0.066652	0.239020	
2200	0.208164	0.067230	0.233102	
2201	0.201658	0.068501	0.227153	
2202	0.194904	0.069816	0.220848	
2203	0.185956	0.069146	0.214655	
2204	0.178192	0.069666	0.209677	
2205	0.170946	0.071006	0.204629	
2206	0.162777	0.071949	0.199192	
2207	0.155798	0.072444	0.193600	
2208	0.148499	0.072063	0.187659	
2209	0.141931	0.072991	0.181914	
2210	0.134979	0.073009	0.175763	
2211	0.127711	0.072285	0.169951	
2212	0.120694	0.072554	0.164781	
2213	0.113082	0.071867	0.159115	
2214	0.094543	0.074223	0.149122	
2215	0.087276	0.073757	0.142872	
2216	0.078706	0.074783	0.136863	
2217	0.071076	0.075750	0.130914	
2218	0.063128	0.075641	0.123635	
2219	0.053804	0.074718	0.116868	
2220	0.046631	0.076885	0.110462	
2221	0.039058	0.076592	0.102611	
2222	0.029678	0.077538	0.095025	
2223	0.020960	0.081084	0.088882	
2224	0.013120	0.083898	0.081295	
2225	0.002608	0.085568	0.073364	
2226	-0.005183	0.087927	0.067029	
2227	-0.013578	0.092640	0.060744	
2228	-0.023485	0.094951	0.053662	
2229	-0.032367	0.097654	0.047644	
2230	-0.039454	0.102990	0.042333	
2231	-0.048016	0.105770	0.035812	
2232	-0.057245	0.109692	0.030197	
2233	-0.065444	0.114641	0.025039	
2234	-0.073121	0.119992	0.019619	
2235	-0.090476	0.130264	0.009769	
2236	-0.095891	0.137947	0.006112	
2237	-0.104972	0.140863	-0.000119	
2238	-0.113068	0.143976	-0.004322	
2239	-0.118672	0.147974	-0.007537	
2240	-0.124833	0.149974	-0.011031	
2241	-0.131438	0.150780	-0.014842	
2242	-0.137128	0.152503	-0.017969	
2243	-0.143121	0.152374	-0.021736	
2244	-0.149795	0.152305	-0.024709	
2245	-0.155245	0.152893	-0.027472	
2246	-0.164995	0.152716	-0.030898	
2247	-0.173607	0.152308	-0.033822	
2248	-0.178782	0.154467	-0.035453	
2249	-0.185000	0.155798	-0.038131	
2250	-0.193700	0.156583	-0.040880	
2251	-0.200944	0.158804	-0.042463	
2252	-0.209012	0.160019	-0.044447	
2253	-0.217219	0.159990	-0.046235	
2254	-0.224202	0.159848	-0.047801	
2255	-0.231045	0.159523	-0.049213	
2256	-0.250704	0.157331	-0.051681	
2257	-0.265534	0.155842	-0.054553	
2258	-0.272725	0.156026	-0.055721	
2259	-0.280077	0.156417	-0.056812	
2260	-0.286946	0.156488	-0.057558	
2261	-0.293567	0.157755	-0.057730	
2262	-0.300273	0.160191	-0.057576	
2263	-0.307733	0.161773	-0.057534	
2264	-0.316488	0.162468	-0.058178	
2265	-0.323749	0.164787	-0.058083	
2266	-0.329836	0.167526	-0.058517	
2267	-0.337024	0.168161	-0.060158	
2268	-0.344692	0.167601	-0.062166	
2269	-0.352477	0.168686	-0.063943	
2270	-0.359072	0.167891	-0.066695	
2271	-0.366583	0.166215	-0.069288	
2272	-0.373187	0.164826	-0.071824	
2273	-0.379842	0.163669	-0.074570	
2274	-0.386443	0.160298	-0.077792	
2275	-0.394698	0.158657	-0.080756	
2276	-0.402422	0.157385	-0.083304	
2277	-0.408312	0.155932	-0.086158	
2278	-0.417546	0.155026	-0.088147	
2279	-0.424282	0.154342	-0.090138	
2280	-0.429369	0.155139	-0.091509	
2281	-0.437697	0.154370	-0.093433	
2282	-0.445224	0.156418	-0.094177	
2283	-0.451707	0.156625	-0.095899	
2284	-0.459691	0.154482	-0.097858	
2285	-0.465273	0.152610	-0.099406	
2286	-0.468980	0.152172	-0.101471	
2287	-0.475582	0.152316	-0.103990	
2288	-0.482108	0.151451	-0.106955	
2289	-0.487870	0.149704	-0.110973	
2290	-0.493580	0.149565	-0.114995	
2291	-0.499622	0.149699	-0.119623	
2292	-0.507226	0.150079	-0.123984	
2293	-0.512823	0.150908	-0.129056	
2294	-0.518206	0.151948	-0.134313	
2295	-0.525629	0.156050	-0.139428	
2296	-0.532667	0.160393	-0.144486	
2297	-0.538530	0.163614	-0.150094	
2298	-0.546622	0.167245	-0.155527	
2299	-0.553994	0.170847	-0.160737	
2300	-0.559578	0.175217	-0.165495	
2301	-0.565167	0.180809	-0.170206	
2302	-0.572708	0.183654	-0.174929	
2303	-0.579154	0.187015	-0.179578	
2304	-0.585542	0.192814	-0.183520	
2305	-0.590561	0.197801	-0.187668	
2306	-0.598406	0.201914	-0.191199	
2307	-0.603053	0.206378	-0.195311	
2308	-0.609221	0.212036	-0.199113	
2309	-0.616116	0.214741	-0.203403	
2310	-0.620788	0.218219	-0.207380	
2311	-0.627788	0.221779	-0.211050	
2312	-0.631431	0.225404	-0.214180	
2313	-0.638343	0.227423	-0.217020	
2314	-0.643278	0.228697	-0.219897	
2315	-0.648818	0.230090	-0.222394	
2316	-0.654068	0.232340	-0.224067	
2317	-0.659230	0.234239	-0.225962	
2318	-0.667822	0.236856	-0.227561	
2319	-0.673210	0.237730	-0.229507	
2320	-0.678099	0.237786	-0.231944	
2321	-0.684736	0.238349	-0.234373	
2322	-0.690063	0.238877	-0.236596	
2323	-0.695236	0.238411	-0.239659	
2324	-0.701226	0.238171	-0.242729	
2325	-0.708094	0.237300	-0.245414	
2326	-0.714243	0.236886	-0.248548	
2327	-0.720202	0.236742	-0.251864	
2328	-0.727026	0.234090	-0.254757	
2329	-0.734335	0.231201	-0.257813	
2330	-0.755653	0.228765	-0.258161	
2331	-0.763397	0.227890	-0.260716	
2332	-0.769379	0.225663	-0.263406	
2333	-0.778521	0.225100	-0.265853	
2334	-0.786479	0.224669	-0.268010	
2335	-0.794041	0.222137	-0.270436	
2336	-0.804441	0.222993	-0.272198	
2337	-0.810271	0.222710	-0.275030	
2338	-0.817078	0.222145	-0.277997	
2339	-0.829188	0.224453	-0.280481	
2340	-0.843018	0.227739	-0.282736	
2341	-0.847803	0.227361	-0.286721	
2342	-0.855435	0.228319	-0.290023	
2343	-0.866752	0.230308	-0.292560	
2344	-0.872663	0.228836	-0.296231	
2345	-0.881316	0.228442	-0.299089	
2346	-0.885140	0.228815	-0.302422	
2347	-0.891483	0.226807	-0.306477	
2348	-0.901253	0.226735	-0.309009	
2349	-0.908716	0.227230	-0.311958	
2350	-0.915163	0.226384	-0.315428	
2351	-0.922655	0.226761	-0.319108	
2352	-0.926446	0.224315	-0.323739	
2353	-0.932980	0.222141	-0.327873	
2354	-0.940135	0.220318	-0.331734	
2355	-0.945347	0.218596	-0.336200	
2356	-0.949329	0.219101	-0.340674	
2357	-0.958356	0.219944	-0.344283	
2358	-0.964709	0.221888	-0.347752	
2359	-0.971043	0.222975	-0.352066	
2360	-0.985186	0.225191	-0.360557	
2361	-0.997160	0.229053	-0.371116	
2362	-1.007740	0.234978	-0.375480	
2363	-1.014512	0.238298	-0.380988	
2364	-1.028061	0.245652	-0.390670	
2365	-1.045304	0.254374	-0.399676	
2366	-1.062384	0.260582	-0.408621	
2367	-1.071429	0.265894	-0.413238	
2368	-1.076071	0.269281	-0.417947	
2369	-1.084082	0.273269	-0.421143	
2370	-1.092755	0.279544	-0.423729	
2371	-1.101191	0.284672	-0.425680	
2372	-1.103942	0.286940	-0.428807	
2373	-1.107323	0.288355	-0.430261	
2374	-1.118439	0.293247	-0.428082	
2375	-1.125269	0.297118	-0.426046	
2376	-1.123599	0.297657	-0.425537	
2377	-1.127757	0.300100	-0.423380	
2378	-1.136005	0.301373	-0.419888	
2379	-1.144865	0.300935	-0.414035	
2380	-1.147948	0.303271	-0.410536	
2381	-1.154402	0.300816	-0.406905	
2382	-1.163119	0.298275	-0.401396	
2383	-1.165151	0.297688	-0.397412	
2384	-1.170950	0.297756	-0.391521	
2385	-1.179268	0.293652	-0.384571	
2386	-1.186860	0.291085	-0.377784	
2387	-1.193296	0.288728	-0.371271	
2388	-1.199442	0.281667	-0.364725	
2389	-1.207981	0.279452	-0.356608	
2390	-1.215659	0.277011	-0.349087	
2391	-1.220523	0.273247	-0.341522	
2392	-1.223112	0.267004	-0.335462	
2393	-1.232957	0.261812	-0.327099	
2394	-1.240720	0.258077	-0.319767	
2395	-1.246458	0.255666	-0.313245	
2396	-1.252352	0.250560	-0.306832	
2397	-1.256982	0.243832	-0.300824	
2398	-1.264092	0.237664	-0.294385	
2399	-1.276643	0.228033	-0.284873	
2400	-1.283025	0.222436	-0.278567	
2401	-1.285524	0.215786	-0.273279	
2402	-1.287307	0.208994	-0.268419	
2403	-1.292733	0.204127	-0.262946	
2404	-1.297715	0.198703	-0.257874	
2405	-1.299186	0.192937	-0.253647	
2406	-1.303815	0.190120	-0.248789	
2407	-1.307756	0.185300	-0.244026	
2408	-1.312796	0.181156	-0.238916	
2409	-1.317285	0.177243	-0.233623	
2410	-1.324531	0.171202	-0.223712	
2411	-1.327913	0.162771	-0.215386	
2412	-1.332645	0.160849	-0.210650	
2413	-1.334875	0.157753	-0.206185	
2414	-1.333087	0.152909	-0.203095	
2415	-1.337088	0.149978	-0.197861	
2416	-1.338825	0.146526	-0.193562	
2417	-1.338319	0.142520	-0.189559	
2418	-1.338879	0.139330	-0.185594	
2419	-1.343194	0.137320	-0.180287	
2420	-1.342815	0.133405	-0.176943	
2421	-1.345749	0.130894	-0.172042	
2422	-1.348503	0.128485	-0.167546	
2423	-1.349096	0.124546	-0.164073	
2424	-1.353241	0.123550	-0.159055	
2425	-1.354706	0.123122	-0.154345	
2426	-1.354873	0.121016	-0.150125	
2427	-1.359755	0.118420	-0.143946	
2428	-1.361930	0.116808	-0.138335	
2429	-1.364055	0.117062	-0.132714	
2430	-1.361235	0.115317	-0.128742	
2431	-1.363468	0.114261	-0.122993	
2432	-1.365732	0.115007	-0.117171	
2433	-1.367585	0.112704	-0.111681	
2434	-1.368477	0.110965	-0.105772	
2435	-1.366967	0.109870	-0.101034	
2436	-1.367162	0.109150	-0.094936	
2437	-1.365837	0.106766	-0.089065	
2438	-1.360520	0.104122	-0.083790	
2439	-1.358196	0.100401	-0.076933	
2440	-1.356114	0.095173	-0.069514	
2441	-1.351993	0.090383	-0.061880	
2442	-1.344776	0.087144	-0.054964	
2443	-1.339883	0.081784	-0.046917	
2444	-1.339979	0.076200	-0.036567	
2445	-1.332702	0.072257	-0.028062	
2446	-1.321956	0.065551	-0.021465	
2447	-1.320890	0.057669	-0.011775	
2448	-1.314008	0.052642	-0.003175	
2449	-1.300008	0.046045	0.002120	
2450	-1.298063	0.036279	0.010722	
2451	-1.296146	0.030891	0.020724	
2452	-1.281234	0.025413	0.026843	
2453	-1.272132	0.018045	0.033576	
2454	-1.270885	0.013180	0.042899	
2455	-1.263359	0.008180	0.049844	
2456	-1.253400	0.004655	0.055239	
2457	-1.251089	0.000422	0.062204	
2458	-1.247277	-0.001866	0.068577	
2459	-1.237807	-0.005576	0.072716	
2460	-1.229778	-0.009209	0.075947	
2461	-1.227119	-0.010108	0.081282	
2462	-1.224768	-0.010034	0.086270	
2463	-1.216140	-0.011136	0.089079	
2464	-1.208468	-0.011801	0.092883	
2465	-1.205112	-0.011302	0.098154	
2466	-1.202160	-0.011686	0.103376	
2467	-1.194998	-0.013814	0.108061	
2468	-1.189065	-0.011773	0.114187	
2469	-1.185500	-0.009874	0.119436	
2470	-1.180852	-0.010426	0.123842	
2471	-1.177222	-0.008578	0.129230	
2472	-1.175723	-0.006044	0.135604	
2473	-1.169769	-0.005236	0.139089	
2474	-1.166184	-0.005251	0.143492	
2475	-1.163307	-0.003154	0.148239	
2476	-1.157406	-0.003218	0.150956	
2477	-1.154807	-0.004606	0.154024	
2478	-1.150979	-0.004479	0.157144	
2479	-1.147050	-0.002583	0.160091	
2480	-1.145805	-0.002866	0.163138	
2481	-1.141000	-0.002984	0.166209	
2482	-1.136968	-0.002039	0.169978	
2483	-1.130682	-0.005893	0.172531	
2484	-1.130769	-0.004605	0.179249	
2485	-1.128808	-0.002054	0.185215	
2486	-1.120837	-0.004580	0.188549	
2487	-1.117774	-0.006647	0.193060	
2488	-1.120220	-0.003481	0.198756	
2489	-1.116257	-0.005150	0.202614	
2490	-1.111902	-0.004956	0.206669	
2491	-1.109615	-0.004443	0.210906	
2492	-1.108716	-0.005424	0.215755	
2493	-1.104580	0.000102	0.220549	
2494	-1.097742	-0.001011	0.222566	
2495	-1.098786	0.000287	0.226880	
2496	-1.099028	0.004961	0.231869	
2497	-1.093411	0.005015	0.233595	
2498	-1.094027	0.005270	0.236586	
2499	-1.096754	0.011096	0.241490	
2500	-1.092906	0.011312	0.242712	
2501	-1.093235	0.011109	0.244651	
2502	-1.094747	0.013901	0.247831	
2503	-1.092858	0.013728	0.248963	
2504	-1.094326	0.013542	0.250531	
2505	-1.096773	0.014865	0.252742	
2506	-1.095686	0.014984	0.253809	
2507	-1.095556	0.014587	0.254701	
2508	-1.097073	0.015838	0.256385	
2509	-1.096554	0.016104	0.257612	
2510	-1.094422	0.016969	0.258225	
2511	-1.095828	0.017711	0.259428	
2512	-1.097739	0.020689	0.261786	
2513	-1.096941	0.022070	0.263307	
2514	-1.097416	0.022640	0.264606	
2515	-1.101044	0.025464	0.267839	
2516	-1.098732	0.027262	0.269372	
2517	-1.096812	0.027591	0.270266	
2518	-1.101847	0.030494	0.273897	
2519	-1.100827	0.032999	0.276146	
2520	-1.098769	0.032797	0.277461	
2521	-1.101491	0.035101	0.280773	
2522	-1.100657	0.037013	0.283096	
2523	-1.098406	0.038382	0.285252	
2524	-1.096518	0.040061	0.287108	
2525	-1.098214	0.041722	0.290031	
2526	-1.094423	0.042971	0.291782	
2527	-1.092005	0.044437	0.293318	
2528	-1.093655	0.046570	0.295956	
2529	-1.092877	0.048230	0.298039	
2530	-1.088138	0.049331	0.298213	
2531	-1.087648	0.049825	0.298954	
2532	-1.089187	0.051759	0.300613	
2533	-1.086017	0.052577	0.300812	
2534	-1.084544	0.052208	0.300537	
2535	-1.086907	0.052820	0.302267	
2536	-1.084113	0.053403	0.302873	
2537	-1.083158	0.052569	0.302959	
2538	-1.083220	0.052257	0.303727	
2539	-1.082480	0.051953	0.304475	
2540	-1.080714	0.051762	0.304513	
2541	-1.079233	0.050715	0.304957	
2542	-1.076570	0.049956	0.304310	
2543	-1.076316	0.049385	0.304292	
2544	-1.075410	0.048742	0.304358	
2545	-1.073413	0.048074	0.304042	
2546	-1.074390	0.046834	0.304166	
2547	-1.073966	0.047381	0.304639	
2548	-1.071271	0.048435	0.304256	
2549	-1.071760	0.048428	0.304484	
2550	-1.071870	0.049572	0.305013	
2551	-1.069159	0.051566	0.305012	
2552	-1.068207	0.051557	0.304691	
2553	-1.067922	0.053627	0.305488	
2554	-1.064653	0.055417	0.305034	
2555	-1.063985	0.056167	0.304900	
2556	-1.063588	0.057751	0.305365	
2557	-1.060594	0.060103	0.304805	
2558	-1.059783	0.060409	0.304275	
2559	-1.060283	0.061882	0.304673	
2560	-1.056886	0.063973	0.304124	
2561	-1.056617	0.064521	0.303716	
2562	-1.057110	0.065859	0.304080	
2563	-1.052981	0.068460	0.303369	
2564	-1.052604	0.069626	0.303241	
2565	-1.051465	0.071679	0.303223	
2566	-1.047288	0.075433	0.302178	
2567	-1.047539	0.076698	0.302068	
2568	-1.044446	0.078737	0.300705	
2569	-1.043963	0.080107	0.299622	
2570	-1.042001	0.080996	0.298628	
2571	-1.042141	0.081295	0.297637	
2572	-1.041525	0.081792	0.296813	
2573	-1.039246	0.082388	0.295681	
2574	-1.038893	0.082891	0.294239	
2575	-1.036770	0.082523	0.292855	
2576	-1.037576	0.082687	0.292428	
2577	-1.035364	0.082618	0.291430	
2578	-1.033541	0.082802	0.289546	
2579	-1.032459	0.083348	0.288937	
2580	-1.029482	0.084045	0.287893	
2581	-1.029269	0.084659	0.287398	
2582	-1.029632	0.085189	0.287295	
2583	-1.027729	0.085794	0.286529	
