0	0.000000	0.000000	0.000000	
1	0.000000	0.000000	0.000000	
2	0.000000	0.000000	0.000000	
3	0.000000	0.000000	0.000000	
4	0.001032	0.001990	0.001808	
5	0.000740	0.002350	0.002030	
6	0.000535	0.003066	0.001923	
7	0.001029	0.002849	0.001741	
8	0.000409	0.005551	0.002268	
9	0.001008	0.004741	0.001677	
10	0.001101	0.006140	0.002098	
11	0.001151	0.005089	0.001764	
12	0.001125	0.004729	0.002046	
13	0.001379	0.004987	0.002150	
14	0.000837	0.003938	0.001668	
15	0.000898	0.003422	0.001569	
16	0.001031	0.002616	0.001208	
17	0.000936	0.001066	0.000478	
18	0.001578	0.001632	0.000728	
19	0.001408	0.001169	0.000087	
20	0.001135	0.001821	0.000282	
21	0.001639	0.001527	0.000163	
22	0.003129	0.002236	0.000170	
23	0.003428	0.002240	-0.000217	
24	0.003345	0.001620	-0.000830	
25	0.004228	0.002017	-0.001137	
26	0.004594	0.001867	-0.001835	
27	0.004697	0.001231	-0.002749	
28	0.006372	0.001601	-0.002995	
29	0.005986	0.001937	-0.003392	
30	0.005412	0.001275	-0.004308	
31	0.006774	0.001336	-0.004464	
32	0.007107	0.002583	-0.004298	
33	0.006525	0.003302	-0.004880	
34	0.007060	0.003885	-0.005036	
35	0.007386	0.003948	-0.005144	
36	0.007124	0.004271	-0.005371	
37	0.008025	0.005227	-0.005073	
38	0.008945	0.006738	-0.004999	
39	0.008029	0.006558	-0.005682	
40	0.008482	0.007219	-0.005417	
41	0.009116	0.007249	-0.005656	
42	0.009366	0.006220	-0.006456	
43	0.009578	0.005204	-0.007038	
44	0.010080	0.004994	-0.007097	
45	0.010445	0.005558	-0.007385	
46	0.010515	0.005575	-0.007789	
47	0.011006	0.006140	-0.007992	
48	0.011011	0.006739	-0.008327	
49	0.010619	0.006274	-0.008665	
50	0.011656	0.006549	-0.008803	
51	0.011920	0.005802	-0.009529	
52	0.011015	0.005572	-0.009776	
53	0.011711	0.006650	-0.009833	
54	0.011323	0.006259	-0.010206	
55	0.011442	0.006094	-0.010639	
56	0.011617	0.006452	-0.010607	
57	0.011413	0.006474	-0.010929	
58	0.011283	0.006583	-0.011059	
59	0.012156	0.008029	-0.010317	
60	0.011783	0.008306	-0.010087	
61	0.010589	0.008852	-0.009751	
62	0.011575	0.009871	-0.009091	
63	0.011844	0.010804	-0.008400	
64	0.010871	0.012079	-0.007729	
65	0.010539	0.012223	-0.007458	
66	0.010463	0.012194	-0.007131	
67	0.010276	0.013610	-0.006273	
68	0.009208	0.013722	-0.006186	
69	0.007358	0.014397	-0.006231	
70	0.005822	0.014390	-0.006419	
71	0.003539	0.013472	-0.007539	
72	0.000669	0.013404	-0.008904	
73	-0.002229	0.011199	-0.011772	
74	-0.007854	0.009629	-0.015486	
75	-0.014587	0.008851	-0.019180	
76	-0.019751	0.008350	-0.023447	
77	-0.032868	0.005673	-0.033131	
78	-0.041383	0.004760	-0.037964	
79	-0.050479	0.005144	-0.042192	
80	-0.059227	0.004819	-0.046882	
81	-0.068441	0.004592	-0.051216	
82	-0.079650	0.005252	-0.055782	
83	-0.090639	0.007238	-0.059635	
84	-0.101306	0.008925	-0.063149	
85	-0.112767	0.011226	-0.066350	
86	-0.125142	0.013118	-0.069297	
87	-0.138401	0.016078	-0.071718	
88	-0.151363	0.018948	-0.074014	
89	-0.163201	0.021232	-0.076275	
90	-0.176782	0.023288	-0.078899	
91	-0.188925	0.027117	-0.080379	
92	-0.200253	0.030509	-0.082032	
93	-0.212993	0.032786	-0.083963	
94	-0.224474	0.034636	-0.085305	
95	-0.235387	0.036277	-0.087260	
96	-0.245453	0.038455	-0.088859	
97	-0.255574	0.038648	-0.090572	
98	-0.265561	0.038213	-0.092182	
99	-0.275905	0.038140	-0.092894	
100	-0.284492	0.038206	-0.093448	
101	-0.295008	0.036631	-0.093952	
102	-0.304903	0.035997	-0.093822	
103	-0.314049	0.034768	-0.093624	
104	-0.322559	0.032901	-0.093776	
105	-0.331759	0.030531	-0.094040	
106	-0.341694	0.029562	-0.093215	
107	-0.349596	0.029258	-0.092096	
108	-0.368552	0.025486	-0.090610	
109	-0.378066	0.024808	-0.088859	
110	-0.387232	0.023847	-0.087169	
111	-0.396816	0.022441	-0.084770	
112	-0.408305	0.021385	-0.082091	
113	-0.419467	0.020627	-0.079300	
114	-0.429634	0.018373	-0.076696	
115	-0.440176	0.014826	-0.073606	
116	-0.452363	0.010788	-0.070438	
117	-0.462699	0.007948	-0.066222	
118	-0.470160	0.006022	-0.060409	
119	-0.494084	-0.000158	-0.048436	
120	-0.502065	-0.000835	-0.040766	
121	-0.506933	-0.005144	-0.033758	
122	-0.516456	-0.008752	-0.026742	
123	-0.524104	-0.009995	-0.019750	
124	-0.532043	-0.014390	-0.014247	
125	-0.539484	-0.018209	-0.008269	
126	-0.546717	-0.020607	-0.002471	
127	-0.554984	-0.025307	0.001847	
128	-0.562024	-0.029421	0.006590	
129	-0.568030	-0.033339	0.011344	
130	-0.576531	-0.037300	0.015684	
131	-0.582799	-0.040109	0.020869	
132	-0.588727	-0.044125	0.026179	
133	-0.594862	-0.048098	0.031253	
134	-0.609966	-0.053051	0.042376	
135	-0.617325	-0.055789	0.048143	
136	-0.625312	-0.057544	0.053731	
137	-0.633462	-0.060350	0.059154	
138	-0.647522	-0.065176	0.070143	
139	-0.656806	-0.065892	0.076045	
140	-0.674186	-0.070108	0.087136	
141	-0.682696	-0.072088	0.092815	
142	-0.692083	-0.072386	0.099024	
143	-0.701065	-0.073995	0.104722	
144	-0.709915	-0.076257	0.110374	
145	-0.717961	-0.079137	0.115469	
146	-0.727546	-0.083247	0.120307	
147	-0.737085	-0.084403	0.126020	
148	-0.745454	-0.087963	0.130934	
149	-0.754441	-0.090352	0.136003	
150	-0.763596	-0.091780	0.141793	
151	-0.778006	-0.098257	0.152783	
152	-0.786189	-0.100224	0.158178	
153	-0.792615	-0.103924	0.163197	
154	-0.797213	-0.108045	0.168082	
155	-0.803742	-0.109438	0.173373	
156	-0.810067	-0.110713	0.179011	
157	-0.814482	-0.113311	0.184596	
158	-0.819475	-0.117248	0.190133	
159	-0.826324	-0.119420	0.196166	
160	-0.831336	-0.121467	0.202070	
161	-0.835586	-0.124637	0.207417	
162	-0.841321	-0.126169	0.212630	
163	-0.848174	-0.127278	0.217947	
164	-0.852643	-0.129564	0.222882	
165	-0.857413	-0.132718	0.227345	
166	-0.863959	-0.134344	0.232259	
167	-0.868989	-0.136687	0.237304	
168	-0.872502	-0.139979	0.241711	
169	-0.878557	-0.141862	0.247062	
170	-0.885285	-0.143387	0.252700	
171	-0.889422	-0.149015	0.257756	
172	-0.894498	-0.153898	0.262752	
173	-0.901488	-0.157564	0.268240	
174	-0.911443	-0.163892	0.279934	
175	-0.917603	-0.168120	0.286012	
176	-0.923410	-0.170184	0.292606	
177	-0.927829	-0.174222	0.299343	
178	-0.932580	-0.177684	0.306079	
179	-0.937864	-0.181770	0.312942	
180	-0.942804	-0.185533	0.319461	
181	-0.947691	-0.188443	0.325734	
182	-0.951982	-0.192015	0.331568	
183	-0.958239	-0.196825	0.337790	
184	-0.962662	-0.198317	0.343952	
185	-0.965097	-0.202420	0.348888	
186	-0.971331	-0.204069	0.354589	
187	-0.978244	-0.206275	0.360322	
188	-0.982926	-0.208558	0.365588	
189	-0.987497	-0.210152	0.370846	
190	-0.995330	-0.210713	0.376929	
191	-1.002650	-0.211751	0.383111	
192	-1.007668	-0.212439	0.389420	
193	-1.013165	-0.213974	0.395351	
194	-1.022213	-0.214268	0.402116	
195	-1.032321	-0.213975	0.409013	
196	-1.040946	-0.215429	0.414754	
197	-1.050533	-0.215757	0.420335	
198	-1.063432	-0.217034	0.426466	
199	-1.074264	-0.217613	0.431229	
200	-1.083578	-0.218109	0.435528	
201	-1.094711	-0.218119	0.440230	
202	-1.107194	-0.218469	0.445500	
203	-1.116339	-0.218015	0.449378	
204	-1.127077	-0.219893	0.453876	
205	-1.147532	-0.222761	0.462137	
206	-1.155944	-0.224307	0.465893	
207	-1.165504	-0.226956	0.470226	
208	-1.174820	-0.229512	0.474683	
209	-1.180792	-0.230519	0.478390	
210	-1.188842	-0.233999	0.482383	
211	-1.198437	-0.236643	0.487470	
212	-1.203753	-0.238221	0.491953	
213	-1.209489	-0.241223	0.496165	
214	-1.218392	-0.245222	0.501495	
215	-1.223611	-0.246218	0.506682	
216	-1.228059	-0.249146	0.511234	
217	-1.235760	-0.252798	0.517162	
218	-1.240298	-0.255240	0.522941	
219	-1.244710	-0.257449	0.528707	
220	-1.250232	-0.261149	0.534706	
221	-1.255362	-0.263681	0.540943	
222	-1.259592	-0.266922	0.546773	
223	-1.264343	-0.271289	0.552896	
224	-1.268773	-0.275223	0.559055	
225	-1.272465	-0.279242	0.565178	
226	-1.276849	-0.283257	0.571849	
227	-1.279217	-0.287419	0.578069	
228	-1.281678	-0.292959	0.584062	
229	-1.285864	-0.299105	0.590234	
230	-1.288965	-0.303537	0.596200	
231	-1.292400	-0.307650	0.601840	
232	-1.296380	-0.312596	0.607947	
233	-1.298732	-0.317892	0.613427	
234	-1.302412	-0.322933	0.619413	
235	-1.308142	-0.326586	0.626537	
236	-1.311688	-0.330864	0.632387	
237	-1.315488	-0.335055	0.638113	
238	-1.319465	-0.338706	0.644171	
239	-1.323588	-0.341954	0.650387	
240	-1.327821	-0.345249	0.656537	
241	-1.333340	-0.349682	0.662842	
242	-1.338537	-0.352008	0.668924	
243	-1.343293	-0.355326	0.674023	
244	-1.349697	-0.360095	0.679752	
245	-1.355323	-0.362815	0.685184	
246	-1.359360	-0.367706	0.689410	
247	-1.364993	-0.372697	0.693845	
248	-1.370696	-0.376727	0.697625	
249	-1.375889	-0.380474	0.701063	
250	-1.381404	-0.385162	0.703835	
251	-1.389153	-0.388071	0.707021	
252	-1.395837	-0.390406	0.710157	
253	-1.402903	-0.394438	0.712444	
254	-1.412440	-0.396411	0.715356	
255	-1.420979	-0.397537	0.717336	
256	-1.439853	-0.400966	0.720332	
257	-1.450962	-0.400783	0.721955	
258	-1.470598	-0.400658	0.723194	
259	-1.482483	-0.400815	0.724569	
260	-1.493358	-0.399875	0.725695	
261	-1.503877	-0.398554	0.726732	
262	-1.513751	-0.398170	0.727707	
263	-1.524507	-0.399312	0.729003	
264	-1.534884	-0.397717	0.730888	
265	-1.544439	-0.397136	0.732130	
266	-1.555738	-0.397874	0.733525	
267	-1.565032	-0.397833	0.735326	
268	-1.574143	-0.398949	0.736725	
269	-1.585396	-0.398748	0.739123	
270	-1.595355	-0.397463	0.741763	
271	-1.605240	-0.398002	0.744353	
272	-1.615167	-0.399129	0.747203	
273	-1.623676	-0.399531	0.750163	
274	-1.632286	-0.400311	0.753188	
275	-1.641831	-0.397911	0.757565	
276	-1.650105	-0.396235	0.762240	
277	-1.658669	-0.393791	0.767685	
278	-1.666873	-0.389393	0.774307	
279	-1.674298	-0.385318	0.781404	
280	-1.680957	-0.380620	0.788969	
281	-1.686815	-0.375123	0.797072	
282	-1.691407	-0.370810	0.804803	
283	-1.695135	-0.366953	0.813033	
284	-1.698678	-0.363085	0.821179	
285	-1.701307	-0.359972	0.828645	
286	-1.704185	-0.359115	0.836084	
287	-1.706935	-0.356640	0.845776	
288	-1.706394	-0.353447	0.853986	
289	-1.707754	-0.353292	0.861627	
290	-1.708747	-0.350669	0.870677	
291	-1.708270	-0.348597	0.879337	
292	-1.708883	-0.347079	0.888435	
293	-1.709398	-0.345676	0.897259	
294	-1.710441	-0.342810	0.907205	
295	-1.711234	-0.340770	0.916376	
296	-1.712057	-0.340871	0.925311	
297	-1.713397	-0.340617	0.934350	
298	-1.714019	-0.341404	0.942725	
299	-1.715281	-0.342321	0.950232	
300	-1.717479	-0.343688	0.958173	
301	-1.719449	-0.345648	0.965467	
302	-1.721784	-0.345234	0.974126	
303	-1.724050	-0.347281	0.981456	
304	-1.726390	-0.349650	0.988633	
305	-1.728579	-0.353929	0.995269	
306	-1.732232	-0.356339	1.001908	
307	-1.736007	-0.358483	1.008679	
308	-1.740127	-0.361786	1.015284	
309	-1.743606	-0.365165	1.021073	
310	-1.747271	-0.369016	1.027080	
311	-1.751028	-0.370760	1.033186	
312	-1.754582	-0.374318	1.038579	
313	-1.758563	-0.376788	1.044248	
314	-1.762407	-0.378870	1.050410	
315	-1.766654	-0.382254	1.056386	
316	-1.771594	-0.386109	1.061514	
317	-1.776403	-0.390700	1.066588	
318	-1.781588	-0.394805	1.071954	
319	-1.786960	-0.398881	1.077051	
320	-1.793018	-0.403426	1.082389	
321	-1.798419	-0.408473	1.087112	
322	-1.804078	-0.413572	1.092118	
323	-1.809672	-0.418771	1.096185	
324	-1.815091	-0.423198	1.100363	
325	-1.820980	-0.428136	1.105227	
326	-1.825463	-0.433100	1.107852	
327	-1.829913	-0.437535	1.110735	
328	-1.834540	-0.443626	1.114282	
329	-1.839241	-0.448298	1.117928	
330	-1.843867	-0.453467	1.122571	
331	-1.848176	-0.459141	1.126621	
332	-1.852411	-0.463694	1.131047	
333	-1.856583	-0.469938	1.136821	
334	-1.860081	-0.477027	1.141528	
335	-1.864305	-0.482185	1.147398	
336	-1.868547	-0.487961	1.153778	
337	-1.871444	-0.493726	1.157777	
338	-1.875377	-0.499896	1.164652	
339	-1.877670	-0.506798	1.170030	
340	-1.879857	-0.513484	1.174857	
341	-1.882114	-0.518415	1.180928	
342	-1.884244	-0.524779	1.188373	
343	-1.885366	-0.531061	1.192525	
344	-1.887086	-0.535774	1.199142	
345	-1.888204	-0.542797	1.206334	
346	-1.889307	-0.547992	1.211877	
347	-1.890945	-0.551253	1.219225	
348	-1.891030	-0.557076	1.226058	
349	-1.890280	-0.563673	1.229529	
350	-1.890521	-0.568114	1.235623	
351	-1.890910	-0.573284	1.243293	
352	-1.890483	-0.579055	1.248160	
353	-1.890641	-0.584697	1.255052	
354	-1.890485	-0.596405	1.268419	
355	-1.889621	-0.600821	1.274030	
356	-1.889159	-0.606336	1.280990	
357	-1.888519	-0.611503	1.287094	
358	-1.888305	-0.617189	1.294224	
359	-1.887580	-0.623935	1.302232	
360	-1.886562	-0.634933	1.316737	
361	-1.886121	-0.641881	1.325009	
362	-1.885769	-0.648115	1.332397	
363	-1.885563	-0.654057	1.340086	
364	-1.885275	-0.659012	1.346879	
365	-1.885294	-0.664066	1.354263	
366	-1.885170	-0.668059	1.361858	
367	-1.884676	-0.670756	1.366943	
368	-1.884798	-0.674613	1.373252	
369	-1.884593	-0.678994	1.380283	
370	-1.883937	-0.682228	1.386424	
371	-1.883684	-0.684720	1.391145	
372	-1.883063	-0.687625	1.397074	
373	-1.882642	-0.690511	1.401237	
374	-1.883194	-0.692924	1.404924	
375	-1.883469	-0.695152	1.409585	
376	-1.883980	-0.697810	1.414607	
377	-1.884975	-0.699488	1.418389	
378	-1.886341	-0.701125	1.422955	
379	-1.888033	-0.702217	1.428351	
380	-1.889752	-0.704484	1.433972	
381	-1.891534	-0.706895	1.439067	
382	-1.893690	-0.709373	1.445175	
383	-1.896436	-0.711962	1.450116	
384	-1.898965	-0.715717	1.455777	
385	-1.902045	-0.719895	1.461809	
386	-1.905388	-0.724092	1.466580	
387	-1.909448	-0.728169	1.472685	
388	-1.913299	-0.733863	1.478066	
389	-1.917269	-0.740134	1.483342	
390	-1.922182	-0.743559	1.488595	
391	-1.926235	-0.751311	1.493727	
392	-1.931310	-0.756227	1.498631	
393	-1.936476	-0.762316	1.505207	
394	-1.941771	-0.768044	1.510345	
395	-1.947363	-0.773570	1.515837	
396	-1.952787	-0.781500	1.523453	
397	-1.958533	-0.786531	1.528693	
398	-1.968645	-0.799340	1.539253	
399	-1.972465	-0.807991	1.545549	
400	-1.976734	-0.816195	1.550593	
401	-1.980328	-0.823786	1.557281	
402	-1.983513	-0.830381	1.561625	
403	-1.986939	-0.838765	1.567199	
404	-1.990478	-0.846564	1.576084	
405	-1.993250	-0.853186	1.583732	
406	-1.996293	-0.858809	1.589215	
407	-1.999364	-0.865150	1.596882	
408	-2.001484	-0.869976	1.605030	
409	-2.003695	-0.873350	1.610632	
410	-2.006158	-0.875306	1.615466	
411	-2.007702	-0.881493	1.625017	
412	-2.009237	-0.885150	1.632699	
413	-2.010773	-0.886186	1.637937	
414	-2.012053	-0.890448	1.646895	
415	-2.012846	-0.892655	1.654849	
416	-2.014209	-0.895591	1.663630	
417	-2.015575	-0.896715	1.670889	
418	-2.016944	-0.899276	1.680661	
419	-2.018502	-0.899836	1.686265	
420	-2.019845	-0.900363	1.692996	
421	-2.021633	-0.902340	1.701668	
422	-2.022810	-0.904478	1.709184	
423	-2.024382	-0.903731	1.714396	
424	-2.025576	-0.905771	1.721559	
425	-2.026686	-0.907614	1.728680	
426	-2.029074	-0.909391	1.738760	
427	-2.030323	-0.912099	1.745110	
428	-2.031184	-0.914460	1.751197	
429	-2.032539	-0.915861	1.756293	
430	-2.034532	-0.919807	1.761436	
431	-2.035695	-0.923848	1.768927	
432	-2.036967	-0.935891	1.780307	
433	-2.037624	-0.941799	1.785770	
434	-2.038236	-0.947261	1.790313	
435	-2.039668	-0.952040	1.792714	
436	-2.040630	-0.958292	1.798190	
437	-2.041795	-0.964551	1.803596	
438	-2.043525	-0.969740	1.807507	
439	-2.044863	-0.976756	1.814411	
440	-2.045938	-0.982632	1.818894	
441	-2.047339	-0.988921	1.823349	
442	-2.048617	-0.994681	1.829742	
443	-2.049936	-1.000115	1.835086	
444	-2.051114	-1.006048	1.839883	
445	-2.052655	-1.011442	1.845480	
446	-2.053315	-1.018445	1.852676	
447	-2.054684	-1.024726	1.857321	
448	-2.055957	-1.031092	1.862051	
449	-2.057151	-1.037288	1.868481	
450	-2.058401	-1.043395	1.872150	
451	-2.060086	-1.050487	1.880132	
452	-2.061486	-1.055756	1.885910	
453	-2.064202	-1.061379	1.890125	
454	-2.065707	-1.068326	1.896346	
455	-2.067727	-1.074482	1.902820	
456	-2.070721	-1.081393	1.909236	
457	-2.074506	-1.087129	1.916349	
458	-2.078300	-1.094152	1.924338	
459	-2.081857	-1.103616	1.933505	
460	-2.087982	-1.108378	1.940670	
461	-2.092969	-1.116172	1.950558	
462	-2.098189	-1.123995	1.962138	
463	-2.103365	-1.130436	1.971322	
464	-2.107345	-1.138119	1.984124	
465	-2.111971	-1.144966	1.995374	
466	-2.115118	-1.152260	2.008103	
467	-2.118451	-1.158500	2.018887	
468	-2.121693	-1.165714	2.029642	
469	-2.124980	-1.173242	2.040679	
470	-2.127511	-1.179030	2.052378	
471	-2.131351	-1.185219	2.061194	
472	-2.134921	-1.192046	2.072785	
473	-2.137168	-1.198026	2.083471	
474	-2.140558	-1.202965	2.093841	
475	-2.142578	-1.209019	2.103937	
476	-2.144346	-1.214470	2.113883	
477	-2.146514	-1.218335	2.122940	
478	-2.147400	-1.221407	2.132502	
479	-2.148051	-1.223859	2.140932	
480	-2.148245	-1.227493	2.148548	
481	-2.147844	-1.228985	2.157419	
482	-2.145342	-1.230421	2.167213	
483	-2.145201	-1.232049	2.173808	
484	-2.144654	-1.233138	2.182115	
485	-2.141077	-1.233635	2.191836	
486	-2.138175	-1.234533	2.199587	
487	-2.136573	-1.235255	2.206111	
488	-2.128819	-1.238189	2.225484	
489	-2.126125	-1.239441	2.233031	
490	-2.122519	-1.241354	2.244101	
491	-2.118953	-1.244295	2.250515	
492	-2.115145	-1.248541	2.257443	
493	-2.110909	-1.251459	2.267090	
494	-2.107285	-1.256145	2.273183	
495	-2.103871	-1.260534	2.279439	
496	-2.099149	-1.265184	2.289824	
497	-2.091368	-1.275839	2.302932	
498	-2.087256	-1.280048	2.311181	
499	-2.082206	-1.283689	2.319455	
500	-2.078309	-1.289550	2.323193	
501	-2.075563	-1.293133	2.328446	
502	-2.069766	-1.298057	2.335610	
503	-2.067127	-1.301642	2.338960	
504	-2.063550	-1.305115	2.344143	
505	-2.059215	-1.307529	2.351295	
506	-2.055925	-1.311182	2.355715	
507	-2.052160	-1.316006	2.358308	
508	-2.047429	-1.320129	2.363827	
509	-2.044371	-1.323318	2.366138	
510	-2.041501	-1.326007	2.369153	
511	-2.036354	-1.328974	2.374678	
512	-2.032300	-1.334256	2.376419	
513	-2.027914	-1.339636	2.378371	
514	-2.021740	-1.343873	2.384536	
515	-2.018196	-1.346906	2.388151	
516	-2.013566	-1.351624	2.392581	
517	-2.007397	-1.356181	2.399665	
518	-2.002797	-1.360888	2.405129	
519	-1.998047	-1.365494	2.413261	
520	-1.991541	-1.370198	2.423276	
521	-1.987906	-1.374665	2.431199	
522	-1.982928	-1.379461	2.440436	
523	-1.977362	-1.384793	2.450079	
524	-1.972368	-1.390122	2.459782	
525	-1.966402	-1.396499	2.469287	
526	-1.963248	-1.403447	2.476359	
527	-1.957644	-1.408691	2.486008	
528	-1.951499	-1.414378	2.495528	
529	-1.947419	-1.419690	2.503586	
530	-1.943216	-1.424766	2.511709	
531	-1.938108	-1.428988	2.520730	
532	-1.933611	-1.434165	2.528563	
533	-1.929615	-1.437070	2.537641	
534	-1.924749	-1.439836	2.545676	
535	-1.919396	-1.443880	2.553147	
536	-1.914842	-1.447719	2.560012	
537	-1.909328	-1.450392	2.567603	
538	-1.903126	-1.454565	2.573472	
539	-1.900544	-1.456894	2.579486	
540	-1.894679	-1.460248	2.585416	
541	-1.886965	-1.464826	2.591749	
542	-1.883029	-1.467773	2.597238	
543	-1.877073	-1.470647	2.603290	
544	-1.869771	-1.473814	2.609087	
545	-1.863795	-1.476166	2.614589	
546	-1.858904	-1.477766	2.619740	
547	-1.851908	-1.478717	2.626054	
548	-1.843624	-1.480850	2.630107	
549	-1.836783	-1.481807	2.634428	
550	-1.828948	-1.483425	2.638013	
551	-1.821041	-1.483471	2.643203	
552	-1.812162	-1.484729	2.646371	
553	-1.805914	-1.484670	2.649933	
554	-1.795917	-1.483579	2.654419	
555	-1.782495	-1.484563	2.659089	
556	-1.776337	-1.483449	2.662813	
557	-1.766196	-1.482514	2.667823	
558	-1.753567	-1.482042	2.673099	
559	-1.745735	-1.480582	2.677405	
560	-1.737246	-1.478496	2.681858	
561	-1.724635	-1.477868	2.686411	
562	-1.714902	-1.477595	2.689760	
563	-1.696368	-1.475482	2.696683	
564	-1.685428	-1.475205	2.699440	
565	-1.677149	-1.474794	2.700977	
566	-1.667242	-1.474429	2.703247	
567	-1.657180	-1.474445	2.705582	
568	-1.648279	-1.475310	2.706080	
569	-1.640757	-1.475627	2.706855	
570	-1.631778	-1.475770	2.709320	
571	-1.623906	-1.476466	2.709993	
572	-1.616383	-1.478307	2.709087	
573	-1.608394	-1.479905	2.709359	
574	-1.600496	-1.481371	2.709941	
575	-1.594158	-1.482153	2.710299	
576	-1.587714	-1.482899	2.711119	
577	-1.579685	-1.483747	2.712882	
578	-1.568306	-1.486750	2.713315	
579	-1.561284	-1.487425	2.715069	
580	-1.553757	-1.488384	2.716582	
581	-1.548720	-1.489848	2.716162	
582	-1.542098	-1.490256	2.718338	
583	-1.534034	-1.492281	2.719802	
584	-1.529190	-1.493790	2.720798	
585	-1.516420	-1.495833	2.725135	
586	-1.511099	-1.496679	2.728110	
587	-1.505605	-1.497488	2.730086	
588	-1.499309	-1.498178	2.732533	
589	-1.492550	-1.499541	2.733560	
590	-1.479910	-1.500573	2.738576	
591	-1.473819	-1.501282	2.741102	
592	-1.466254	-1.502418	2.743678	
593	-1.460742	-1.502898	2.747129	
594	-1.455336	-1.504028	2.749664	
595	-1.448222	-1.504970	2.752332	
596	-1.441508	-1.505170	2.755838	
597	-1.437231	-1.505221	2.758785	
598	-1.430221	-1.504882	2.761812	
599	-1.422869	-1.504538	2.765142	
600	-1.417696	-1.504306	2.766601	
601	-1.412823	-1.503861	2.767134	
602	-1.403934	-1.502603	2.771618	
603	-1.396385	-1.500798	2.775941	
604	-1.392070	-1.500611	2.775221	
605	-1.383177	-1.499436	2.778447	
606	-1.373971	-1.497737	2.781621	
607	-1.368521	-1.496701	2.782546	
608	-1.359707	-1.495130	2.786167	
609	-1.351327	-1.494292	2.786828	
610	-1.342738	-1.492870	2.789662	
611	-1.334714	-1.491766	2.791477	
612	-1.327882	-1.490547	2.791615	
613	-1.318129	-1.489599	2.792177	
614	-1.310700	-1.488374	2.791576	
615	-1.303597	-1.487144	2.790334	
616	-1.295293	-1.485414	2.790013	
617	-1.287208	-1.484357	2.789093	
618	-1.280475	-1.483625	2.786834	
619	-1.271547	-1.483462	2.784853	
620	-1.264810	-1.483342	2.783287	
621	-1.258988	-1.483428	2.780681	
622	-1.251278	-1.483326	2.779637	
623	-1.243834	-1.483548	2.777627	
624	-1.238764	-1.484222	2.773785	
625	-1.231157	-1.484392	2.772230	
626	-1.223963	-1.484737	2.770005	
627	-1.211385	-1.485085	2.766315	
628	-1.203398	-1.486008	2.763922	
629	-1.198161	-1.487068	2.761359	
630	-1.191205	-1.488014	2.759941	
631	-1.185015	-1.489002	2.758314	
632	-1.179011	-1.490353	2.756175	
633	-1.172277	-1.491887	2.754092	
634	-1.166872	-1.492682	2.752118	
635	-1.161772	-1.493465	2.750514	
636	-1.156785	-1.493950	2.749284	
637	-1.147772	-1.493833	2.745041	
638	-1.143617	-1.493465	2.742720	
639	-1.138843	-1.492133	2.741173	
640	-1.132728	-1.491525	2.738379	
641	-1.125829	-1.490739	2.736847	
642	-1.123825	-1.489483	2.734578	
643	-1.120170	-1.487927	2.733488	
644	-1.113714	-1.487245	2.731169	
645	-1.110647	-1.485539	2.730402	
646	-1.107992	-1.483523	2.729520	
647	-1.101191	-1.481826	2.728459	
648	-1.095232	-1.480152	2.726838	
649	-1.091438	-1.478244	2.725233	
650	-1.086783	-1.475919	2.723558	
651	-1.081278	-1.473344	2.721460	
652	-1.075923	-1.469856	2.720208	
653	-1.071661	-1.466303	2.718457	
654	-1.064551	-1.462920	2.716785	
655	-1.058633	-1.459110	2.714745	
656	-1.053799	-1.454773	2.712967	
657	-1.045506	-1.451005	2.710579	
658	-1.042769	-1.446187	2.709134	
659	-1.037989	-1.441437	2.707885	
660	-1.028455	-1.438588	2.705069	
661	-1.023333	-1.434616	2.703440	
662	-1.019742	-1.430315	2.701807	
663	-1.013083	-1.426840	2.698715	
664	-1.008842	-1.422681	2.695788	
665	-1.004426	-1.418574	2.692722	
666	-1.001524	-1.413758	2.688873	
667	-0.999243	-1.408795	2.685039	
668	-0.992578	-1.404754	2.680073	
669	-0.987224	-1.399979	2.675497	
670	-0.984164	-1.393945	2.672260	
671	-0.977891	-1.389188	2.666785	
672	-0.971784	-1.383940	2.661593	
673	-0.960136	-1.374962	2.649797	
674	-0.952396	-1.371278	2.643933	
675	-0.938472	-1.363990	2.632594	
676	-0.928854	-1.362197	2.625612	
677	-0.926119	-1.357477	2.622253	
678	-0.923660	-1.352301	2.619644	
679	-0.916645	-1.349781	2.613668	
680	-0.910462	-1.345870	2.609406	
681	-0.907464	-1.340487	2.607296	
682	-0.902036	-1.337182	2.603731	
683	-0.896189	-1.333809	2.600842	
684	-0.887924	-1.325646	2.597489	
685	-0.882453	-1.322962	2.594893	
686	-0.881364	-1.317019	2.595486	
687	-0.878184	-1.313101	2.594402	
688	-0.871312	-1.311038	2.592164	
689	-0.869418	-1.304536	2.594427	
690	-0.866249	-1.299603	2.594727	
691	-0.861417	-1.296062	2.593995	
692	-0.858638	-1.291046	2.595189	
693	-0.857922	-1.285332	2.597349	
694	-0.853602	-1.283008	2.596672	
695	-0.851372	-1.278761	2.598424	
696	-0.850049	-1.274594	2.599772	
697	-0.844720	-1.273857	2.598363	
698	-0.843584	-1.269668	2.600829	
699	-0.842488	-1.266631	2.602332	
700	-0.837706	-1.266139	2.601822	
701	-0.836690	-1.262886	2.604349	
702	-0.834835	-1.260484	2.605625	
703	-0.831244	-1.258957	2.606785	
704	-0.829439	-1.256182	2.609497	
705	-0.827036	-1.253890	2.611722	
706	-0.824141	-1.251775	2.614169	
707	-0.821722	-1.248962	2.617080	
708	-0.819553	-1.246320	2.619932	
709	-0.816626	-1.244725	2.621732	
710	-0.814323	-1.241861	2.624588	
711	-0.812280	-1.239005	2.627320	
712	-0.803745	-1.232309	2.635638	
713	-0.798375	-1.232892	2.635260	
714	-0.792477	-1.232955	2.636561	
715	-0.791287	-1.229926	2.640450	
716	-0.785155	-1.231384	2.640988	
717	-0.781724	-1.230641	2.643618	
718	-0.779746	-1.228463	2.647007	
719	-0.774953	-1.228494	2.648729	
720	-0.770898	-1.227866	2.651165	
721	-0.768386	-1.226011	2.654609	
722	-0.762938	-1.226948	2.655272	
723	-0.757882	-1.227814	2.657337	
724	-0.755537	-1.226765	2.660925	
725	-0.752361	-1.226681	2.662938	
726	-0.746360	-1.228953	2.663937	
727	-0.744099	-1.227514	2.668403	
728	-0.740677	-1.227213	2.671172	
729	-0.735290	-1.228975	2.672154	
730	-0.731823	-1.228386	2.676606	
731	-0.729052	-1.227880	2.679260	
732	-0.723294	-1.229939	2.680223	
733	-0.721021	-1.228607	2.684383	
734	-0.717130	-1.229224	2.686800	
735	-0.712350	-1.230849	2.688051	
736	-0.709673	-1.230611	2.691543	
737	-0.706168	-1.231376	2.693452	
738	-0.702032	-1.232628	2.695623	
739	-0.699080	-1.233705	2.698533	
740	-0.694509	-1.237264	2.698452	
741	-0.692775	-1.238536	2.701275	
742	-0.691061	-1.239424	2.704484	
743	-0.690021	-1.240354	2.706519	
744	-0.689175	-1.240707	2.710406	
745	-0.687093	-1.241991	2.712509	
746	-0.685500	-1.243175	2.715628	
747	-0.684569	-1.243628	2.718620	
748	-0.681726	-1.245224	2.721193	
749	-0.679428	-1.246577	2.723759	
750	-0.679512	-1.245810	2.728173	
751	-0.676366	-1.247975	2.730372	
752	-0.674255	-1.249201	2.734687	
753	-0.672808	-1.250463	2.739683	
754	-0.670364	-1.252754	2.743459	
755	-0.667303	-1.255845	2.746920	
756	-0.665915	-1.258092	2.751960	
757	-0.663668	-1.261435	2.756486	
758	-0.659503	-1.266604	2.760259	
759	-0.658481	-1.269215	2.766934	
760	-0.655651	-1.273701	2.771394	
761	-0.652876	-1.277789	2.777264	
762	-0.651267	-1.281379	2.784155	
763	-0.649364	-1.284621	2.789758	
764	-0.646743	-1.288422	2.795250	
765	-0.643842	-1.292695	2.800782	
766	-0.640745	-1.296952	2.806398	
767	-0.638814	-1.300175	2.813280	
768	-0.635053	-1.304966	2.817589	
769	-0.633025	-1.308308	2.823996	
770	-0.632618	-1.309871	2.830829	
771	-0.628245	-1.314509	2.834545	
772	-0.625714	-1.317505	2.840244	
773	-0.623016	-1.319841	2.845410	
774	-0.618461	-1.323761	2.847349	
775	-0.617140	-1.324337	2.853563	
776	-0.615275	-1.324955	2.858666	
777	-0.610293	-1.327075	2.861399	
778	-0.606633	-1.328104	2.865432	
779	-0.602542	-1.328743	2.869365	
780	-0.596387	-1.331753	2.869413	
781	-0.591992	-1.333391	2.871232	
782	-0.587874	-1.335042	2.872469	
783	-0.581910	-1.337607	2.871887	
784	-0.575525	-1.340364	2.872868	
785	-0.570602	-1.342045	2.874529	
786	-0.563238	-1.344097	2.875274	
787	-0.557579	-1.345840	2.876552	
788	-0.546104	-1.349052	2.880315	
789	-0.538355	-1.351209	2.882467	
790	-0.532053	-1.353285	2.885044	
791	-0.523932	-1.355835	2.886031	
792	-0.516279	-1.358088	2.886985	
793	-0.507098	-1.361722	2.887421	
794	-0.500278	-1.363541	2.889789	
795	-0.491605	-1.366172	2.890368	
796	-0.482017	-1.369410	2.890405	
797	-0.474956	-1.370526	2.893197	
798	-0.467051	-1.372509	2.894735	
799	-0.457831	-1.375347	2.895165	
800	-0.450834	-1.376822	2.897921	
801	-0.433756	-1.382202	2.897672	
802	-0.421477	-1.384781	2.899557	
803	-0.409152	-1.387700	2.900095	
804	-0.403615	-1.388724	2.900464	
805	-0.396791	-1.390345	2.899887	
806	-0.393094	-1.389752	2.901290	
807	-0.386309	-1.390261	2.900891	
808	-0.379359	-1.391195	2.900109	
809	-0.373382	-1.390542	2.900997	
810	-0.365859	-1.391453	2.900012	
811	-0.357571	-1.392939	2.899055	
812	-0.351132	-1.392162	2.900148	
813	-0.344589	-1.393075	2.900167	
814	-0.336715	-1.394621	2.898967	
815	-0.330775	-1.393980	2.900088	
816	-0.323679	-1.394916	2.899642	
817	-0.315909	-1.395558	2.897966	
818	-0.311304	-1.394696	2.898470	
819	-0.304766	-1.395576	2.895898	
820	-0.298412	-1.396274	2.893742	
821	-0.293236	-1.395859	2.892620	
822	-0.287855	-1.395770	2.890889	
823	-0.283109	-1.395186	2.889399	
824	-0.277524	-1.393687	2.888201	
825	-0.271893	-1.393258	2.886049	
826	-0.266235	-1.391346	2.884425	
827	-0.261961	-1.388777	2.883212	
828	-0.257549	-1.386615	2.881080	
829	-0.246069	-1.380531	2.877075	
830	-0.239843	-1.377578	2.873814	
831	-0.234036	-1.374344	2.870209	
832	-0.227751	-1.369905	2.866820	
833	-0.221960	-1.365554	2.862670	
834	-0.213595	-1.361825	2.857386	
835	-0.205913	-1.356897	2.852894	
836	-0.197420	-1.351702	2.848241	
837	-0.189341	-1.348637	2.841595	
838	-0.179118	-1.344633	2.835464	
839	-0.171166	-1.340077	2.829551	
840	-0.162103	-1.336413	2.823031	
841	-0.145082	-1.329292	2.809094	
842	-0.136848	-1.325773	2.802302	
843	-0.130168	-1.322663	2.795155	
844	-0.122158	-1.318642	2.789033	
845	-0.116193	-1.316515	2.781623	
846	-0.108527	-1.313071	2.775943	
847	-0.101416	-1.309891	2.769538	
848	-0.096298	-1.308258	2.762966	
849	-0.088307	-1.304932	2.757210	
850	-0.081948	-1.305737	2.747715	
851	-0.074341	-1.305224	2.740775	
852	-0.067105	-1.301727	2.736667	
853	-0.063064	-1.302927	2.728153	
854	-0.056136	-1.304046	2.720706	
855	-0.048542	-1.303158	2.714391	
856	-0.044286	-1.302682	2.707652	
857	-0.039099	-1.301868	2.700784	
858	-0.033823	-1.300792	2.693222	
859	-0.026719	-1.299127	2.686648	
860	-0.020455	-1.297071	2.680728	
861	-0.015402	-1.296933	2.672840	
862	-0.008157	-1.296385	2.667222	
863	-0.000452	-1.296987	2.660133	
864	0.006747	-1.298139	2.653574	
865	0.014080	-1.298908	2.648161	
866	0.020451	-1.301032	2.641110	
867	0.027612	-1.302772	2.635298	
868	0.034366	-1.304452	2.629946	
869	0.040027	-1.306796	2.622946	
870	0.045637	-1.309587	2.615423	
871	0.052844	-1.311327	2.609241	
872	0.058762	-1.313552	2.602797	
873	0.064507	-1.315725	2.595349	
874	0.068485	-1.318197	2.586910	
875	0.080000	-1.320125	2.573215	
876	0.082817	-1.322020	2.564068	
877	0.087108	-1.322842	2.556440	
878	0.089446	-1.324218	2.546847	
879	0.097924	-1.323678	2.532602	
880	0.098662	-1.323280	2.523461	
881	0.100797	-1.322788	2.514874	
882	0.105397	-1.320608	2.508875	
883	0.106216	-1.319606	2.500700	
884	0.108082	-1.319345	2.492426	
885	0.107535	-1.317759	2.483493	
886	0.110661	-1.316288	2.474413	
887	0.111879	-1.314967	2.465896	
888	0.115161	-1.312983	2.456831	
889	0.117519	-1.311162	2.448578	
890	0.119886	-1.309903	2.438856	
891	0.122058	-1.309588	2.428419	
892	0.126015	-1.308520	2.419450	
893	0.128344	-1.307621	2.409652	
894	0.130224	-1.307367	2.398571	
895	0.132845	-1.307455	2.388730	
896	0.136233	-1.308017	2.379028	
897	0.139180	-1.309228	2.370503	
898	0.144988	-1.309446	2.363631	
899	0.148261	-1.308939	2.356197	
900	0.150338	-1.308252	2.347854	
901	0.153932	-1.307138	2.340005	
902	0.158181	-1.305349	2.334661	
903	0.159323	-1.303472	2.327062	
904	0.161704	-1.301761	2.319843	
905	0.164757	-1.299390	2.314171	
906	0.166287	-1.297321	2.307366	
907	0.169193	-1.295697	2.300034	
908	0.173397	-1.293404	2.294273	
909	0.177439	-1.291383	2.287551	
910	0.181303	-1.290004	2.282793	
911	0.188569	-1.287723	2.281265	
912	0.190192	-1.286622	2.275416	
913	0.194528	-1.286208	2.272917	
914	0.201581	-1.283803	2.270936	
915	0.205434	-1.281669	2.267060	
916	0.209348	-1.279696	2.263681	
917	0.212836	-1.277190	2.262070	
918	0.213922	-1.275213	2.259033	
919	0.218566	-1.273929	2.256334	
920	0.223091	-1.271513	2.254840	
921	0.225938	-1.270106	2.253119	
922	0.229882	-1.268960	2.251000	
923	0.232544	-1.267298	2.250256	
924	0.236038	-1.266129	2.248761	
925	0.241161	-1.265338	2.247652	
926	0.244992	-1.263963	2.247612	
927	0.249073	-1.263701	2.246842	
928	0.256286	-1.263608	2.246420	
929	0.257574	-1.262742	2.248041	
930	0.260170	-1.262853	2.249004	
931	0.266883	-1.263265	2.249447	
932	0.266697	-1.263573	2.253955	
933	0.272060	-1.264294	2.254606	
934	0.274984	-1.265061	2.257027	
935	0.277261	-1.265562	2.259953	
936	0.280844	-1.266299	2.260704	
937	0.283387	-1.267534	2.263517	
938	0.287364	-1.267780	2.267236	
939	0.290383	-1.268553	2.270566	
940	0.292248	-1.269244	2.274698	
941	0.295704	-1.269723	2.277271	
942	0.299279	-1.270306	2.280394	
943	0.301780	-1.271021	2.283710	
944	0.303487	-1.270985	2.288213	
945	0.306959	-1.271171	2.291149	
946	0.310275	-1.271621	2.294083	
947	0.310950	-1.271881	2.298037	
948	0.314720	-1.273151	2.300568	
949	0.317374	-1.273870	2.303893	
950	0.323774	-1.275462	2.307191	
951	0.325262	-1.276046	2.310724	
952	0.329056	-1.276504	2.313191	
953	0.331234	-1.276622	2.316808	
954	0.332821	-1.275839	2.321225	
955	0.336623	-1.275013	2.323927	
956	0.338989	-1.274180	2.326521	
957	0.340496	-1.273064	2.331441	
958	0.342788	-1.271346	2.337204	
959	0.342239	-1.269273	2.340739	
960	0.345064	-1.268892	2.344866	
961	0.346344	-1.268703	2.350250	
962	0.347153	-1.267053	2.355427	
963	0.351600	-1.267524	2.356538	
964	0.352559	-1.267581	2.362303	
965	0.353049	-1.267315	2.368458	
966	0.357963	-1.268503	2.370628	
967	0.360586	-1.268189	2.376274	
968	0.363591	-1.269275	2.381668	
969	0.369133	-1.271973	2.384984	
970	0.373096	-1.273260	2.391454	
971	0.374728	-1.273821	2.398006	
972	0.379801	-1.277354	2.403422	
973	0.382540	-1.278982	2.412544	
974	0.383652	-1.277854	2.419254	
975	0.387462	-1.280750	2.425101	
976	0.388625	-1.281156	2.434374	
977	0.392582	-1.282038	2.438339	
978	0.397623	-1.285210	2.445671	
979	0.396197	-1.284099	2.453739	
980	0.397990	-1.284245	2.454610	
981	0.403496	-1.285999	2.460586	
982	0.404961	-1.285754	2.468781	
983	0.407293	-1.286477	2.471075	
984	0.410532	-1.287283	2.476513	
985	0.410444	-1.287158	2.482921	
986	0.411731	-1.287499	2.485413	
987	0.414157	-1.288440	2.491254	
988	0.416469	-1.289165	2.495215	
989	0.418952	-1.290719	2.497882	
990	0.422081	-1.290900	2.504703	
991	0.422513	-1.290665	2.508916	
992	0.424028	-1.291702	2.512664	
993	0.425946	-1.290399	2.519521	
994	0.427978	-1.290016	2.522888	
995	0.430568	-1.290377	2.525025	
996	0.432633	-1.288554	2.530808	
997	0.432508	-1.285571	2.538898	
998	0.435169	-1.285166	2.541932	
999	0.437303	-1.283272	2.547963	
1000	0.440775	-1.281239	2.560006	
1001	0.442029	-1.278697	2.569948	
1002	0.443016	-1.277941	2.578142	
1003	0.443320	-1.278754	2.583397	
1004	0.442304	-1.277065	2.589675	
1005	0.441284	-1.276450	2.594165	
1006	0.440968	-1.274964	2.599405	
1007	0.441187	-1.273997	2.602353	
1008	0.441808	-1.273990	2.605831	
1009	0.441741	-1.273428	2.608560	
1010	0.442676	-1.274036	2.610419	
1011	0.443684	-1.274487	2.613243	
1012	0.443534	-1.273551	2.615842	
1013	0.443480	-1.273111	2.619338	
1014	0.445088	-1.273885	2.620512	
1015	0.447354	-1.275967	2.623973	
1016	0.446143	-1.275000	2.627763	
1017	0.447358	-1.275050	2.629029	
1018	0.449483	-1.276213	2.630826	
1019	0.451595	-1.274576	2.633104	
1020	0.453640	-1.274711	2.632635	
1021	0.452194	-1.271213	2.634200	
1022	0.454791	-1.271327	2.634440	
1023	0.455216	-1.265382	2.632854	
1024	0.458178	-1.259869	2.630417	
1025	0.457414	-1.254712	2.629492	
1026	0.458123	-1.250974	2.628595	
1027	0.461477	-1.248844	2.626499	
1028	0.462147	-1.244879	2.626331	
1029	0.463894	-1.241584	2.627000	
1030	0.466506	-1.238380	2.626580	
1031	0.465979	-1.232268	2.626080	
1032	0.467913	-1.229320	2.627202	
1033	0.471529	-1.227654	2.627904	
1034	0.471938	-1.222256	2.627741	
1035	0.474288	-1.218933	2.626847	
1036	0.478415	-1.218156	2.628302	
1037	0.480240	-1.213974	2.627288	
1038	0.481236	-1.210795	2.628194	
1039	0.484996	-1.209025	2.627468	
1040	0.487193	-1.206655	2.626862	
1041	0.488922	-1.203465	2.625093	
1042	0.490537	-1.200844	2.623594	
1043	0.493100	-1.199580	2.621263	
1044	0.494408	-1.196831	2.618663	
1045	0.495765	-1.195450	2.618011	
1046	0.497878	-1.193288	2.615788	
1047	0.499063	-1.190293	2.616196	
1048	0.501384	-1.188962	2.614779	
1049	0.502512	-1.187208	2.613745	
1050	0.503080	-1.187174	2.615656	
1051	0.504361	-1.185120	2.614120	
1052	0.505071	-1.183258	2.613681	
1053	0.505291	-1.182681	2.615496	
1054	0.506186	-1.180889	2.615115	
1055	0.506757	-1.179271	2.615526	
1056	0.507007	-1.177006	2.615931	
1057	0.507008	-1.175520	2.617866	
1058	0.506829	-1.174706	2.621085	
1059	0.506160	-1.173453	2.624025	
1060	0.506904	-1.173724	2.627385	
1061	0.506564	-1.175409	2.632934	
1062	0.504179	-1.175388	2.638535	
1063	0.504662	-1.176237	2.642218	
1064	0.505443	-1.173897	2.641810	
1065	0.504463	-1.170701	2.642009	
1066	0.506713	-1.172751	2.645216	
1067	0.506933	-1.172779	2.648164	
1068	0.505991	-1.169108	2.648350	
1069	0.507735	-1.170147	2.651374	
1070	0.507858	-1.172396	2.657605	
1071	0.504712	-1.169933	2.662524	
1072	0.504632	-1.168592	2.665243	
1073	0.503833	-1.169394	2.671651	
1074	0.501021	-1.165731	2.675100	
1075	0.501359	-1.163215	2.676630	
1076	0.500583	-1.161244	2.679570	
1077	0.498326	-1.160387	2.686029	
1078	0.497414	-1.159716	2.690854	
1079	0.496168	-1.160956	2.698157	
1080	0.495187	-1.162015	2.704345	
1081	0.492580	-1.161836	2.711679	
1082	0.494305	-1.162131	2.713830	
1083	0.494794	-1.161467	2.715998	
1084	0.492111	-1.160390	2.721703	
1085	0.495108	-1.160673	2.720043	
1086	0.495116	-1.159219	2.719722	
1087	0.492644	-1.156510	2.721249	
1088	0.494332	-1.157124	2.719921	
1089	0.492756	-1.146697	2.708216	
1090	0.489625	-1.144000	2.708118	
1091	0.490781	-1.145902	2.706572	
1092	0.487443	-1.147788	2.711264	
1093	0.484543	-1.147460	2.712260	
1094	0.485047	-1.149058	2.709003	
1095	0.480426	-1.149741	2.713102	
1096	0.479684	-1.151321	2.711919	
1097	0.478452	-1.153244	2.711672	
1098	0.473833	-1.154072	2.715858	
1099	0.473682	-1.156698	2.714671	
1100	0.470270	-1.159921	2.719032	
1101	0.464332	-1.163313	2.722441	
1102	0.460602	-1.163397	2.723425	
1103	0.457116	-1.163824	2.724829	
1104	0.453352	-1.164603	2.727199	
1105	0.448878	-1.167205	2.733006	
1106	0.444921	-1.170151	2.738454	
1107	0.441477	-1.171146	2.740365	
1108	0.437053	-1.174374	2.747472	
1109	0.433139	-1.177058	2.752437	
1110	0.429199	-1.179004	2.755569	
1111	0.424752	-1.182021	2.761025	
1112	0.420824	-1.185887	2.765577	
1113	0.416808	-1.190068	2.770513	
1114	0.411351	-1.191460	2.772968	
1115	0.406971	-1.194693	2.776660	
1116	0.395869	-1.200844	2.785795	
1117	0.390981	-1.204374	2.789581	
1118	0.385743	-1.207360	2.792965	
1119	0.378732	-1.206990	2.793600	
1120	0.374343	-1.212318	2.799397	
1121	0.368394	-1.217672	2.809504	
1122	0.362162	-1.218884	2.811601	
1123	0.357621	-1.221989	2.813869	
1124	0.352310	-1.227026	2.824395	
1125	0.345751	-1.224893	2.822810	
1126	0.341734	-1.228400	2.827425	
1127	0.336439	-1.229339	2.832082	
1128	0.332668	-1.231529	2.835922	
1129	0.329547	-1.234373	2.839848	
1130	0.325068	-1.234098	2.840868	
1131	0.323142	-1.237230	2.843733	
1132	0.320763	-1.239480	2.847015	
1133	0.318085	-1.240156	2.847343	
1134	0.317252	-1.241961	2.846274	
1135	0.315935	-1.244255	2.848421	
1136	0.314853	-1.245967	2.848882	
1137	0.313709	-1.247068	2.848910	
1138	0.313229	-1.249080	2.849076	
1139	0.311882	-1.249734	2.850854	
1140	0.311017	-1.249696	2.849109	
1141	0.310830	-1.251532	2.850222	
1142	0.308669	-1.250275	2.849703	
1143	0.307942	-1.251592	2.852104	
1144	0.306672	-1.252147	2.853014	
1145	0.304887	-1.252168	2.855216	
1146	0.303341	-1.252501	2.857416	
1147	0.301615	-1.253453	2.862787	
1148	0.298566	-1.252872	2.865417	
1149	0.296850	-1.253912	2.869287	
1150	0.295605	-1.255785	2.872756	
1151	0.292115	-1.256817	2.879322	
1152	0.291247	-1.259864	2.883638	
1153	0.289248	-1.262127	2.887108	
1154	0.285731	-1.263428	2.891478	
1155	0.283944	-1.265437	2.892159	
1156	0.281612	-1.268616	2.895974	
1157	0.279217	-1.271535	2.898396	
1158	0.276946	-1.274528	2.900731	
1159	0.274558	-1.277254	2.903715	
1160	0.272697	-1.280460	2.905187	
1161	0.270283	-1.284265	2.908962	
1162	0.267535	-1.287002	2.911748	
1163	0.265860	-1.290858	2.912427	
1164	0.263028	-1.293643	2.916411	
1165	0.260664	-1.296797	2.916738	
1166	0.259546	-1.301358	2.920109	
1167	0.256968	-1.303646	2.922636	
1168	0.255753	-1.307491	2.924226	
1169	0.254739	-1.311468	2.927571	
1170	0.252503	-1.313487	2.930864	
1171	0.251404	-1.316845	2.933867	
1172	0.250544	-1.320433	2.937417	
1173	0.248546	-1.322874	2.940789	
1174	0.245953	-1.324573	2.942825	
1175	0.245603	-1.328924	2.944593	
1176	0.242627	-1.330123	2.950137	
1177	0.240098	-1.331692	2.952075	
1178	0.238346	-1.333750	2.955657	
1179	0.235009	-1.334844	2.961426	
1180	0.233482	-1.337667	2.964298	
1181	0.230977	-1.340090	2.969067	
1182	0.228669	-1.343405	2.974700	
1183	0.226229	-1.346617	2.978894	
1184	0.223403	-1.350140	2.984107	
1185	0.220095	-1.353965	2.987278	
1186	0.216215	-1.357670	2.991815	
1187	0.212719	-1.362612	2.997871	
1188	0.208025	-1.366290	3.003736	
1189	0.203925	-1.370417	3.008265	
1190	0.200343	-1.375761	3.013089	
1191	0.195220	-1.379676	3.018388	
1192	0.190792	-1.384495	3.023840	
1193	0.185461	-1.389658	3.029911	
1194	0.178915	-1.393819	3.035992	
1195	0.174352	-1.399721	3.041453	
1196	0.169379	-1.405707	3.048506	
1197	0.164446	-1.410321	3.054154	
1198	0.159935	-1.415441	3.060683	
1199	0.155543	-1.420777	3.067650	
1200	0.151328	-1.426301	3.073671	
1201	0.146694	-1.431071	3.079932	
1202	0.139085	-1.442027	3.095653	
1203	0.135280	-1.447207	3.102709	
1204	0.132027	-1.452390	3.110004	
1205	0.128845	-1.457542	3.117329	
1206	0.127139	-1.463158	3.125656	
1207	0.124231	-1.467240	3.134260	
1208	0.122594	-1.472028	3.141502	
1209	0.120972	-1.476856	3.149839	
1210	0.119153	-1.481772	3.158445	
1211	0.117033	-1.485899	3.163753	
1212	0.114853	-1.489857	3.171203	
1213	0.112478	-1.497390	3.183395	
1214	0.111774	-1.500973	3.190073	
1215	0.111543	-1.504530	3.194494	
1216	0.112858	-1.508706	3.200079	
1217	0.114539	-1.512436	3.206498	
1218	0.116127	-1.515797	3.212969	
1219	0.119094	-1.519472	3.218149	
1220	0.122213	-1.522861	3.223976	
1221	0.126619	-1.526470	3.230308	
1222	0.131063	-1.528932	3.236274	
1223	0.136181	-1.532014	3.242500	
1224	0.141837	-1.534396	3.249803	
1225	0.147992	-1.536484	3.256145	
1226	0.155505	-1.538898	3.263367	
1227	0.162948	-1.540849	3.271637	
1228	0.170528	-1.542679	3.278720	
1229	0.179912	-1.546059	3.285584	
1230	0.188273	-1.548490	3.295049	
1231	0.196575	-1.551272	3.301907	
1232	0.205540	-1.555011	3.308948	
1233	0.214063	-1.558322	3.315365	
1234	0.222721	-1.562410	3.321175	
1235	0.231531	-1.566350	3.327596	
1236	0.239125	-1.569518	3.332230	
1237	0.247066	-1.573082	3.337077	
1238	0.255229	-1.576309	3.342610	
1239	0.262599	-1.579192	3.348456	
1240	0.269346	-1.582860	3.354145	
1241	0.275622	-1.587144	3.359206	
1242	0.282406	-1.591112	3.365784	
1243	0.287449	-1.595047	3.369817	
1244	0.293326	-1.598786	3.375113	
1245	0.299174	-1.602661	3.380765	
1246	0.304114	-1.606915	3.384423	
1247	0.310921	-1.611146	3.391470	
1248	0.316494	-1.615425	3.396880	
1249	0.322806	-1.620885	3.401499	
1250	0.334073	-1.628683	3.409390	
1251	0.340193	-1.633802	3.414332	
1252	0.346581	-1.639014	3.419961	
1253	0.353930	-1.644239	3.426105	
1254	0.368680	-1.655872	3.439614	
1255	0.376355	-1.661995	3.446306	
1256	0.382530	-1.667080	3.453191	
1257	0.389523	-1.672086	3.459837	
1258	0.396065	-1.676296	3.467242	
1259	0.402504	-1.679795	3.474418	
1260	0.409821	-1.684647	3.478957	
1261	0.416556	-1.688731	3.484297	
1262	0.423392	-1.692987	3.489781	
1263	0.429972	-1.696665	3.494668	
1264	0.435905	-1.699673	3.498700	
1265	0.443293	-1.702301	3.503286	
1266	0.450207	-1.704980	3.507244	
1267	0.459341	-1.708176	3.510259	
1268	0.469079	-1.710484	3.515022	
1269	0.477640	-1.712692	3.518504	
1270	0.487571	-1.715080	3.521956	
1271	0.498217	-1.716536	3.525895	
1272	0.508124	-1.717844	3.529462	
1273	0.520113	-1.719886	3.531741	
1274	0.531555	-1.721296	3.534221	
1275	0.542955	-1.721768	3.537665	
1276	0.555100	-1.723424	3.539205	
1277	0.566954	-1.723916	3.542670	
1278	0.579412	-1.724882	3.544510	
1279	0.591829	-1.724627	3.547268	
1280	0.604175	-1.725164	3.549100	
1281	0.616566	-1.725680	3.550881	
1282	0.628008	-1.726284	3.552252	
1283	0.639760	-1.727112	3.552972	
1284	0.651682	-1.728914	3.553060	
1285	0.664468	-1.730176	3.554310	
1286	0.677776	-1.731525	3.555726	
1287	0.690350	-1.733277	3.556115	
1288	0.701782	-1.734382	3.556958	
1289	0.714340	-1.735140	3.558321	
1290	0.728655	-1.736208	3.558723	
1291	0.741745	-1.735940	3.560134	
1292	0.752933	-1.737264	3.559627	
1293	0.766320	-1.737972	3.560316	
1294	0.778738	-1.739102	3.560352	
1295	0.790612	-1.740400	3.560792	
1296	0.803769	-1.741612	3.560770	
1297	0.814674	-1.742352	3.561038	
1298	0.825759	-1.742345	3.562268	
1299	0.838568	-1.744094	3.562567	
1300	0.851014	-1.744687	3.564241	
1301	0.862989	-1.746103	3.565443	
1302	0.877014	-1.747694	3.566959	
1303	0.888570	-1.748596	3.569800	
1304	0.900089	-1.750432	3.572383	
1305	0.914683	-1.751045	3.576477	
1306	0.926425	-1.752649	3.579675	
1307	0.939300	-1.754997	3.583560	
1308	0.951735	-1.757303	3.587235	
1309	0.961845	-1.759501	3.593002	
1310	0.974032	-1.762163	3.598356	
1311	0.987641	-1.764190	3.604494	
1312	0.998351	-1.766088	3.610885	
1313	1.010333	-1.769954	3.615014	
1314	1.021845	-1.772828	3.620217	
1315	1.031069	-1.775176	3.625343	
1316	1.040857	-1.778348	3.628989	
1317	1.049092	-1.780492	3.633852	
1318	1.066749	-1.783588	3.643092	
1319	1.075802	-1.784800	3.647014	
1320	1.084815	-1.785920	3.651466	
1321	1.093228	-1.787258	3.654768	
1322	1.103649	-1.788842	3.657180	
1323	1.118058	-1.788404	3.660457	
1324	1.127801	-1.789276	3.662581	
1325	1.138145	-1.791317	3.663558	
1326	1.149005	-1.790591	3.666611	
1327	1.158715	-1.791602	3.667567	
1328	1.169253	-1.792773	3.667934	
1329	1.180366	-1.791535	3.669219	
1330	1.191713	-1.791924	3.668767	
1331	1.203171	-1.791375	3.667905	
1332	1.214521	-1.790765	3.666488	
1333	1.227456	-1.787891	3.667710	
1334	1.252183	-1.785308	3.662849	
1335	1.265650	-1.781820	3.662299	
1336	1.277103	-1.777997	3.662645	
1337	1.308047	-1.773982	3.657557	
1338	1.334428	-1.769980	3.652880	
1339	1.349350	-1.765601	3.650916	
1340	1.359681	-1.762727	3.648058	
1341	1.372242	-1.761365	3.643286	
1342	1.383180	-1.759589	3.639374	
1343	1.395110	-1.758373	3.634778	
1344	1.405196	-1.758990	3.629010	
1345	1.422956	-1.754210	3.625172	
1346	1.425305	-1.755662	3.620845	
1347	1.441864	-1.752651	3.615577	
1348	1.446398	-1.751578	3.612721	
1349	1.452682	-1.751665	3.607125	
1350	1.462733	-1.750364	3.602432	
1351	1.472525	-1.746582	3.599273	
1352	1.478404	-1.747677	3.593605	
1353	1.488078	-1.745793	3.588743	
1354	1.497498	-1.743138	3.585299	
1355	1.505604	-1.742491	3.579591	
1356	1.516479	-1.739702	3.574809	
1357	1.526024	-1.737442	3.570551	
1358	1.537693	-1.735448	3.564404	
1359	1.549297	-1.732368	3.560184	
1360	1.558695	-1.729888	3.557445	
1361	1.571143	-1.727728	3.553411	
1362	1.585074	-1.724657	3.549331	
1363	1.594876	-1.720975	3.548029	
1364	1.606424	-1.719407	3.544688	
1365	1.620645	-1.716973	3.540579	
1366	1.632557	-1.714106	3.538057	
1367	1.643027	-1.712946	3.534013	
1368	1.655786	-1.709473	3.530619	
1369	1.664330	-1.707620	3.527599	
1370	1.676247	-1.704578	3.523324	
1371	1.687159	-1.700606	3.520913	
1372	1.696277	-1.698392	3.517508	
1373	1.705984	-1.696006	3.514072	
1374	1.715139	-1.692534	3.510242	
1375	1.723348	-1.689832	3.506650	
1376	1.731469	-1.687210	3.502408	
1377	1.740324	-1.684038	3.497504	
1378	1.748546	-1.681221	3.492559	
1379	1.755977	-1.678005	3.487525	
1380	1.764446	-1.674242	3.481983	
1381	1.774094	-1.667969	3.477432	
1382	1.779054	-1.664579	3.473403	
1383	1.785868	-1.660411	3.467048	
1384	1.795378	-1.653739	3.460218	
1385	1.799936	-1.650312	3.453589	
1386	1.807606	-1.645272	3.445474	
1387	1.816438	-1.638380	3.437005	
1388	1.822075	-1.634650	3.427357	
1389	1.829147	-1.629402	3.418272	
1390	1.835073	-1.623341	3.411843	
1391	1.843648	-1.617963	3.402390	
1392	1.853522	-1.612713	3.391846	
1393	1.859926	-1.606646	3.385280	
1394	1.865205	-1.602735	3.378163	
1395	1.878559	-1.594788	3.364226	
1396	1.890784	-1.584937	3.349278	
1397	1.897989	-1.579774	3.341573	
1398	1.904095	-1.574867	3.334522	
1399	1.910269	-1.572341	3.325164	
1400	1.917072	-1.568092	3.317790	
1401	1.923428	-1.564500	3.310032	
1402	1.929779	-1.561469	3.301482	
1403	1.935337	-1.558481	3.292909	
1404	1.941141	-1.555346	3.283503	
1405	1.946151	-1.551045	3.277092	
1406	1.952303	-1.545892	3.271592	
1407	1.958578	-1.541889	3.263267	
1408	1.965314	-1.536995	3.255591	
1409	1.972250	-1.531017	3.249740	
1410	1.979531	-1.525409	3.241976	
1411	1.987628	-1.519492	3.233465	
1412	1.995047	-1.513586	3.225224	
1413	2.003348	-1.508936	3.215677	
1414	2.013448	-1.501690	3.208424	
1415	2.021265	-1.495919	3.202093	
1416	2.031172	-1.490313	3.195445	
1417	2.041472	-1.483710	3.189147	
1418	2.051366	-1.477026	3.184486	
1419	2.060774	-1.471173	3.178309	
1420	2.071555	-1.464991	3.171183	
1421	2.081852	-1.458310	3.164526	
1422	2.091980	-1.452421	3.157666	
1423	2.100163	-1.446960	3.152199	
1424	2.115661	-1.437979	3.138772	
1425	2.121879	-1.433149	3.134139	
1426	2.127823	-1.429827	3.128564	
1427	2.133958	-1.426892	3.121187	
1428	2.140141	-1.422841	3.114347	
1429	2.145392	-1.418833	3.108804	
1430	2.150485	-1.414186	3.104366	
1431	2.154808	-1.410306	3.099899	
1432	2.159457	-1.407479	3.091957	
1433	2.164821	-1.402341	3.085567	
1434	2.168400	-1.397392	3.081608	
1435	2.172183	-1.392282	3.076579	
1436	2.176488	-1.386725	3.071455	
1437	2.179455	-1.383142	3.062390	
1438	2.182567	-1.378822	3.055122	
1439	2.184973	-1.373878	3.050964	
1440	2.187948	-1.368625	3.044459	
1441	2.192175	-1.363104	3.035135	
1442	2.194837	-1.357855	3.027631	
1443	2.197346	-1.353259	3.020084	
1444	2.201544	-1.347142	3.009204	
1445	2.204923	-1.342412	2.997713	
1446	2.207422	-1.337884	2.990850	
1447	2.209491	-1.334339	2.979602	
1448	2.213753	-1.328103	2.965501	
1449	2.215128	-1.323714	2.961674	
1450	2.215971	-1.320468	2.954093	
1451	2.220614	-1.312070	2.942797	
1452	2.222741	-1.305299	2.934731	
1453	2.220985	-1.303343	2.925758	
1454	2.222933	-1.296652	2.914447	
1455	2.224950	-1.288805	2.906356	
1456	2.225379	-1.283587	2.899216	
1457	2.227283	-1.277872	2.888603	
1458	2.228871	-1.271841	2.879626	
1459	2.230983	-1.265092	2.870390	
1460	2.233177	-1.258171	2.865418	
1461	2.235072	-1.253175	2.854141	
1462	2.237113	-1.248540	2.844082	
1463	2.240884	-1.241014	2.839389	
1464	2.242302	-1.237009	2.827950	
1465	2.246602	-1.230123	2.818709	
1466	2.249520	-1.223654	2.813369	
1467	2.250587	-1.220335	2.801586	
1468	2.255493	-1.213326	2.790202	
1469	2.258276	-1.209146	2.779207	
1470	2.261069	-1.206119	2.767745	
1471	2.270049	-1.195507	2.752007	
1472	2.273659	-1.192182	2.742896	
1473	2.278986	-1.187678	2.736828	
1474	2.284122	-1.183851	2.726143	
1475	2.289567	-1.180168	2.717079	
1476	2.295268	-1.176733	2.707801	
1477	2.300513	-1.172846	2.696856	
1478	2.306931	-1.166266	2.687311	
1479	2.313053	-1.160667	2.680300	
1480	2.317386	-1.156419	2.670753	
1481	2.322656	-1.149883	2.661735	
1482	2.326284	-1.146011	2.654385	
1483	2.330287	-1.141469	2.646966	
1484	2.333981	-1.135733	2.636764	
1485	2.338072	-1.129697	2.631734	
1486	2.340714	-1.125435	2.622913	
1487	2.343329	-1.120319	2.614144	
1488	2.346345	-1.114679	2.608273	
1489	2.347620	-1.111139	2.599203	
1490	2.349562	-1.105305	2.588552	
1491	2.350657	-1.100256	2.580070	
1492	2.351186	-1.095301	2.569843	
1493	2.353255	-1.084271	2.552032	
1494	2.353342	-1.080019	2.541442	
1495	2.354009	-1.073818	2.532112	
1496	2.354135	-1.067534	2.527112	
1497	2.354090	-1.061552	2.519152	
1498	2.351372	-1.058687	2.505033	
1499	2.351456	-1.050273	2.497919	
1500	2.350842	-1.042895	2.491926	
1501	2.350630	-1.034060	2.482255	
1502	2.349812	-1.025776	2.474249	
1503	2.348627	-1.019289	2.464692	
1504	2.347679	-1.012825	2.452625	
1505	2.345687	-1.008380	2.441186	
1506	2.344536	-1.003884	2.427834	
1507	2.343768	-0.998113	2.416193	
1508	2.342838	-0.992271	2.405416	
1509	2.342644	-0.985995	2.395755	
1510	2.341078	-0.980701	2.383574	
1511	2.340454	-0.974633	2.373929	
1512	2.339559	-0.968720	2.364761	
1513	2.336709	-0.965825	2.354820	
1514	2.336510	-0.959198	2.346111	
1515	2.335512	-0.953660	2.338512	
1516	2.333739	-0.950838	2.329006	
1517	2.331923	-0.946155	2.321859	
1518	2.329687	-0.942821	2.314206	
1519	2.328038	-0.939239	2.307614	
1520	2.326788	-0.933985	2.301013	
1521	2.325907	-0.930523	2.295421	
1522	2.325581	-0.927375	2.290097	
1523	2.325815	-0.923041	2.284615	
1524	2.326347	-0.918943	2.279998	
1525	2.326319	-0.916759	2.273287	
1526	2.325665	-0.914600	2.264432	
1527	2.326941	-0.911161	2.258341	
1528	2.327284	-0.908747	2.250081	
1529	2.328718	-0.904616	2.242269	
1530	2.331281	-0.899553	2.234347	
1531	2.334705	-0.893241	2.226606	
1532	2.338219	-0.887077	2.217211	
1533	2.341803	-0.881220	2.208286	
1534	2.344502	-0.876728	2.198614	
1535	2.347664	-0.871977	2.188676	
1536	2.352005	-0.865003	2.179336	
1537	2.355160	-0.860705	2.169218	
1538	2.359801	-0.855758	2.161448	
1539	2.363580	-0.851060	2.152505	
1540	2.366871	-0.846194	2.142837	
1541	2.370322	-0.841341	2.132495	
1542	2.375120	-0.836137	2.125839	
1543	2.378423	-0.832031	2.117659	
1544	2.381564	-0.829503	2.108766	
1545	2.385759	-0.823325	2.101740	
1546	2.389049	-0.818804	2.094730	
1547	2.391977	-0.815164	2.086107	
1548	2.394875	-0.809893	2.078366	
1549	2.397432	-0.804990	2.069798	
1550	2.400905	-0.799729	2.061804	
1551	2.403692	-0.793732	2.052875	
1552	2.405382	-0.789297	2.044557	
1553	2.406877	-0.785591	2.035779	
1554	2.408291	-0.781052	2.027534	
1555	2.410094	-0.775650	2.019337	
1556	2.411277	-0.770803	2.011101	
1557	2.411750	-0.766352	2.002417	
1558	2.412257	-0.762899	1.994257	
1559	2.413059	-0.756846	1.985898	
1560	2.414480	-0.750795	1.977760	
1561	2.414916	-0.745968	1.969125	
1562	2.415139	-0.740106	1.958251	
1563	2.414513	-0.735991	1.948821	
1564	2.415123	-0.723353	1.928399	
1565	2.415938	-0.717116	1.919141	
1566	2.416950	-0.710989	1.909424	
1567	2.418386	-0.704471	1.898689	
1568	2.420670	-0.698799	1.889039	
1569	2.423718	-0.690448	1.879065	
1570	2.425980	-0.685398	1.870499	
1571	2.427630	-0.682683	1.860820	
1572	2.430141	-0.677046	1.851035	
1573	2.431795	-0.673161	1.843209	
1574	2.432606	-0.671286	1.834205	
1575	2.435713	-0.665994	1.826565	
1576	2.436668	-0.664295	1.817342	
1577	2.439091	-0.660534	1.808646	
1578	2.441726	-0.657946	1.801901	
1579	2.446215	-0.653239	1.784363	
1580	2.448644	-0.649446	1.775568	
1581	2.450788	-0.647491	1.766906	
1582	2.454216	-0.644002	1.758553	
1583	2.458457	-0.639611	1.749346	
1584	2.461305	-0.636505	1.738698	
1585	2.465168	-0.633241	1.729556	
1586	2.469344	-0.628096	1.719875	
1587	2.472353	-0.625080	1.708427	
1588	2.476821	-0.619689	1.698780	
1589	2.481248	-0.614099	1.687621	
1590	2.485505	-0.610156	1.677205	
1591	2.489374	-0.606812	1.666435	
1592	2.493643	-0.602176	1.655107	
1593	2.497666	-0.599720	1.645905	
1594	2.501672	-0.595415	1.635832	
1595	2.506957	-0.589360	1.625427	
1596	2.511837	-0.582083	1.616854	
1597	2.516015	-0.577036	1.606548	
1598	2.521185	-0.570584	1.599085	
1599	2.524697	-0.564211	1.589700	
1600	2.528959	-0.557983	1.581935	
1601	2.532179	-0.551898	1.573543	
1602	2.534700	-0.545354	1.565802	
1603	2.538008	-0.539642	1.558687	
1604	2.539638	-0.534058	1.551852	
1605	2.542048	-0.528266	1.546726	
1606	2.543605	-0.521163	1.540117	
1607	2.543996	-0.516047	1.534173	
1608	2.544683	-0.511042	1.527684	
1609	2.545410	-0.505489	1.521695	
1610	2.544559	-0.500196	1.514008	
1611	2.544929	-0.495166	1.508610	
1612	2.543640	-0.490633	1.501795	
1613	2.541706	-0.485475	1.494820	
1614	2.538322	-0.473455	1.479766	
1615	2.535180	-0.467765	1.470177	
1616	2.532011	-0.462963	1.462557	
1617	2.529449	-0.456400	1.453996	
1618	2.526473	-0.450218	1.445725	
1619	2.521832	-0.444401	1.436199	
1620	2.518421	-0.437273	1.427815	
1621	2.514588	-0.431626	1.419185	
1622	2.510326	-0.427295	1.411661	
1623	2.505293	-0.422953	1.402601	
1624	2.501246	-0.417768	1.394504	
1625	2.496809	-0.411980	1.386300	
1626	2.491474	-0.408769	1.378477	
1627	2.484822	-0.406940	1.369528	
1628	2.480787	-0.403462	1.363573	
1629	2.475153	-0.401039	1.355843	
1630	2.469699	-0.398818	1.348733	
1631	2.465102	-0.396821	1.341565	
1632	2.459741	-0.395120	1.332182	
1633	2.456165	-0.392889	1.324177	
1634	2.453284	-0.389681	1.316812	
1635	2.450063	-0.387257	1.309669	
1636	2.445754	-0.386333	1.302319	
1637	2.441928	-0.383024	1.296205	
1638	2.437941	-0.381991	1.289955	
1639	2.434416	-0.379293	1.285127	
1640	2.429863	-0.377147	1.279395	
1641	2.424605	-0.376344	1.274113	
1642	2.420854	-0.372910	1.269928	
1643	2.417884	-0.370656	1.266654	
1644	2.412333	-0.369864	1.262332	
1645	2.409206	-0.368083	1.260005	
1646	2.405039	-0.367855	1.257712	
1647	2.400246	-0.365970	1.254683	
1648	2.397852	-0.362300	1.254766	
1649	2.394733	-0.358013	1.254399	
1650	2.390214	-0.356880	1.252925	
1651	2.385949	-0.354628	1.250967	
1652	2.379017	-0.352605	1.246631	
1653	2.374519	-0.350237	1.244892	
1654	2.370211	-0.347775	1.243721	
1655	2.364267	-0.345995	1.241384	
1656	2.358270	-0.344097	1.238800	
1657	2.352281	-0.340522	1.237572	
1658	2.345650	-0.339284	1.236047	
1659	2.338470	-0.337513	1.233853	
1660	2.331421	-0.336107	1.232167	
1661	2.322240	-0.334772	1.229154	
1662	2.313569	-0.333678	1.226819	
1663	2.305417	-0.332007	1.225141	
1664	2.294632	-0.331338	1.221716	
1665	2.285548	-0.330556	1.219601	
1666	2.277947	-0.329028	1.218174	
1667	2.268282	-0.329679	1.215885	
1668	2.256738	-0.329858	1.211195	
1669	2.248418	-0.329357	1.208890	
1670	2.238779	-0.328956	1.206578	
1671	2.226347	-0.327829	1.202845	
1672	2.215970	-0.327659	1.200976	
1673	2.205753	-0.328213	1.200655	
1674	2.192645	-0.327898	1.198402	
1675	2.180889	-0.327026	1.196548	
1676	2.170445	-0.326432	1.195852	
1677	2.158200	-0.325770	1.194341	
1678	2.146848	-0.324046	1.192794	
1679	2.137708	-0.322875	1.193524	
1680	2.127768	-0.322355	1.193679	
1681	2.117770	-0.320828	1.192794	
1682	2.108919	-0.320354	1.192838	
1683	2.100488	-0.319048	1.192689	
1684	2.092619	-0.316889	1.192366	
1685	2.084687	-0.316209	1.192033	
1686	2.077075	-0.314669	1.190397	
1687	2.070698	-0.312710	1.189936	
1688	2.056130	-0.310565	1.187634	
1689	2.049952	-0.308669	1.187304	
1690	2.043211	-0.307508	1.185748	
1691	2.036343	-0.304903	1.183919	
1692	2.029452	-0.302310	1.181977	
1693	2.023739	-0.298097	1.180469	
1694	2.016543	-0.294478	1.177865	
1695	2.009434	-0.290092	1.175177	
1696	2.002777	-0.286995	1.172118	
1697	1.996648	-0.281778	1.169261	
1698	1.990449	-0.277166	1.165266	
1699	1.984257	-0.273559	1.161445	
1700	1.979026	-0.269193	1.158155	
1701	1.974341	-0.264275	1.154994	
1702	1.968030	-0.260380	1.150603	
1703	1.963213	-0.255569	1.147156	
1704	1.957234	-0.252203	1.141748	
1705	1.951706	-0.248019	1.136586	
1706	1.947549	-0.244217	1.132757	
1707	1.941475	-0.241007	1.127178	
1708	1.936241	-0.236734	1.122205	
1709	1.931570	-0.233616	1.118191	
1710	1.924519	-0.230759	1.113276	
1711	1.918459	-0.226784	1.108895	
1712	1.913157	-0.222939	1.105340	
1713	1.906416	-0.220643	1.100910	
1714	1.899513	-0.217282	1.096609	
1715	1.892465	-0.214323	1.092589	
1716	1.884480	-0.211847	1.087877	
1717	1.877221	-0.208838	1.083928	
1718	1.868852	-0.206086	1.078948	
1719	1.860237	-0.203300	1.074468	
1720	1.851303	-0.199939	1.069949	
1721	1.842390	-0.197597	1.065535	
1722	1.833312	-0.195086	1.061792	
1723	1.822873	-0.192445	1.057406	
1724	1.812844	-0.190282	1.053380	
1725	1.801035	-0.188536	1.048966	
1726	1.790187	-0.186222	1.045238	
1727	1.781407	-0.184601	1.042021	
1728	1.771583	-0.182792	1.039016	
1729	1.753727	-0.178660	1.033793	
1730	1.745497	-0.177157	1.032079	
1731	1.736687	-0.175268	1.030252	
1732	1.728493	-0.173644	1.028058	
1733	1.720859	-0.172702	1.026908	
1734	1.713583	-0.171553	1.025900	
1735	1.706835	-0.168970	1.024463	
1736	1.699790	-0.167523	1.022820	
1737	1.693351	-0.167417	1.021396	
1738	1.687085	-0.166042	1.019341	
1739	1.680459	-0.165284	1.017554	
1740	1.675819	-0.164797	1.017071	
1741	1.669008	-0.163262	1.015410	
1742	1.665050	-0.162375	1.015152	
1743	1.658278	-0.160215	1.012899	
1744	1.653677	-0.158675	1.011755	
1745	1.648345	-0.157735	1.009692	
1746	1.643533	-0.157121	1.007800	
1747	1.636794	-0.155279	1.004799	
1748	1.632880	-0.155612	1.002961	
1749	1.626927	-0.154380	0.999636	
1750	1.620957	-0.151660	0.996130	
1751	1.616181	-0.149867	0.993367	
1752	1.609724	-0.148149	0.989146	
1753	1.603830	-0.144950	0.985446	
1754	1.597547	-0.141130	0.981095	
1755	1.591392	-0.139322	0.976458	
1756	1.585174	-0.134397	0.971406	
1757	1.579258	-0.130771	0.966293	
1758	1.566030	-0.123969	0.954590	
1759	1.560215	-0.120407	0.948793	
1760	1.554257	-0.117094	0.943089	
1761	1.547516	-0.113455	0.936671	
1762	1.541544	-0.110769	0.930038	
1763	1.535383	-0.107579	0.924071	
1764	1.529842	-0.102936	0.918275	
1765	1.524762	-0.098761	0.912722	
1766	1.511289	-0.092006	0.900717	
1767	1.505336	-0.088969	0.894777	
1768	1.499529	-0.084805	0.889335	
1769	1.493563	-0.080806	0.884082	
1770	1.487979	-0.077868	0.878600	
1771	1.483404	-0.074355	0.873657	
1772	1.479227	-0.070874	0.869353	
1773	1.473838	-0.067302	0.864843	
1774	1.470030	-0.067172	0.860634	
1775	1.465737	-0.067877	0.856939	
1776	1.454244	-0.069105	0.847646	
1777	1.448823	-0.070510	0.843003	
1778	1.442957	-0.072769	0.838416	
1779	1.436954	-0.077260	0.833305	
1780	1.430032	-0.079470	0.828396	
1781	1.415839	-0.086978	0.817755	
1782	1.409400	-0.088684	0.813420	
1783	1.401019	-0.090331	0.808792	
1784	1.394309	-0.090736	0.805317	
1785	1.386756	-0.091072	0.801529	
1786	1.379555	-0.092173	0.797840	
1787	1.372252	-0.093258	0.794018	
1788	1.365214	-0.092915	0.790722	
1789	1.352121	-0.092618	0.785495	
1790	1.345786	-0.093232	0.782744	
1791	1.339627	-0.093468	0.780151	
1792	1.333067	-0.092800	0.777691	
1793	1.327829	-0.093852	0.774733	
1794	1.321724	-0.092714	0.772159	
1795	1.317037	-0.092905	0.769457	
1796	1.310594	-0.093059	0.766635	
1797	1.304499	-0.092314	0.764111	
1798	1.298768	-0.091523	0.761322	
1799	1.293419	-0.091232	0.758790	
1800	1.287767	-0.088995	0.756424	
1801	1.282647	-0.087698	0.752982	
1802	1.277855	-0.086520	0.749719	
1803	1.271577	-0.085576	0.746341	
1804	1.268765	-0.085127	0.743418	
1805	1.264742	-0.082412	0.741509	
1806	1.260123	-0.080309	0.739868	
1807	1.256692	-0.079751	0.737277	
1808	1.252679	-0.077631	0.734819	
1809	1.248662	-0.074781	0.732741	
1810	1.244847	-0.073458	0.729227	
1811	1.240759	-0.070083	0.725921	
1812	1.238248	-0.066079	0.722906	
1813	1.233799	-0.063264	0.717781	
1814	1.228415	-0.060105	0.712322	
1815	1.224974	-0.055423	0.707837	
1816	1.222719	-0.054135	0.701292	
1817	1.218873	-0.050248	0.695142	
1818	1.215901	-0.046002	0.689953	
1819	1.214170	-0.044180	0.683695	
1820	1.210815	-0.040196	0.678008	
1821	1.206217	-0.034751	0.673813	
1822	1.203497	-0.031094	0.668654	
1823	1.199931	-0.027697	0.663843	
1824	1.196041	-0.024157	0.659259	
1825	1.193016	-0.024496	0.653255	
1826	1.187948	-0.022178	0.648744	
1827	1.186152	-0.021515	0.643537	
1828	1.180626	-0.019793	0.638663	
1829	1.175800	-0.017034	0.635327	
1830	1.171818	-0.017514	0.630621	
1831	1.166422	-0.017688	0.625899	
1832	1.157793	-0.015074	0.622428	
1833	1.151683	-0.014941	0.618388	
1834	1.144085	-0.015333	0.613603	
1835	1.135600	-0.015778	0.609144	
1836	1.127098	-0.014696	0.605556	
1837	1.121499	-0.016374	0.601199	
1838	1.111892	-0.018326	0.596941	
1839	1.102190	-0.020983	0.593259	
1840	1.094575	-0.023838	0.590298	
1841	1.085467	-0.028675	0.586918	
1842	1.073902	-0.034995	0.584095	
1843	1.065004	-0.038197	0.582962	
1844	1.054989	-0.041219	0.582747	
1845	1.044150	-0.042254	0.583303	
1846	1.033204	-0.046955	0.583009	
1847	1.022200	-0.053305	0.583261	
1848	1.011500	-0.054243	0.584472	
1849	1.002259	-0.056996	0.585461	
1850	0.992136	-0.059791	0.586961	
1851	0.979727	-0.064721	0.588722	
1852	0.970081	-0.067194	0.590113	
1853	0.958524	-0.070683	0.591703	
1854	0.947747	-0.074369	0.592857	
1855	0.938133	-0.078343	0.593455	
1856	0.927210	-0.081223	0.595756	
1857	0.917645	-0.083220	0.597846	
1858	0.908985	-0.085113	0.599905	
1859	0.899655	-0.087903	0.601702	
1860	0.890520	-0.091446	0.603874	
1861	0.883472	-0.092711	0.606143	
1862	0.875204	-0.094052	0.609720	
1863	0.868484	-0.096385	0.611926	
1864	0.861222	-0.098054	0.614526	
1865	0.853749	-0.098443	0.617693	
1866	0.846440	-0.101044	0.620920	
1867	0.839755	-0.102561	0.623781	
1868	0.831271	-0.101465	0.627866	
1869	0.825891	-0.102082	0.631578	
1870	0.821413	-0.107281	0.633365	
1871	0.814290	-0.108574	0.636251	
1872	0.805636	-0.109198	0.640304	
1873	0.801564	-0.114533	0.641724	
1874	0.796510	-0.115727	0.643571	
1875	0.788691	-0.116004	0.647075	
1876	0.784504	-0.118897	0.648886	
1877	0.779549	-0.120427	0.651328	
1878	0.772637	-0.120406	0.654795	
1879	0.768428	-0.123201	0.657206	
1880	0.763719	-0.125207	0.659645	
1881	0.758131	-0.125302	0.663091	
1882	0.752886	-0.123155	0.666691	
1883	0.749736	-0.125926	0.670071	
1884	0.741129	-0.124920	0.677478	
1885	0.736664	-0.126075	0.681001	
1886	0.731846	-0.126375	0.685504	
1887	0.727426	-0.126080	0.689536	
1888	0.723634	-0.125882	0.693182	
1889	0.720026	-0.127953	0.697630	
1890	0.717448	-0.124228	0.702823	
1891	0.715073	-0.127832	0.707529	
1892	0.711106	-0.124622	0.713567	
1893	0.708873	-0.124601	0.720157	
1894	0.705304	-0.125120	0.727388	
1895	0.702498	-0.123476	0.735723	
1896	0.700664	-0.123515	0.744096	
1897	0.697615	-0.123581	0.752490	
1898	0.695203	-0.122246	0.761419	
1899	0.692988	-0.120764	0.769931	
1900	0.690148	-0.122340	0.777675	
1901	0.687966	-0.123877	0.785227	
1902	0.684427	-0.123311	0.792825	
1903	0.681902	-0.125608	0.800287	
1904	0.679182	-0.127740	0.807891	
1905	0.675767	-0.127951	0.816310	
1906	0.673254	-0.132850	0.824247	
1907	0.669264	-0.134916	0.831500	
1908	0.666236	-0.138876	0.839969	
1909	0.663379	-0.141470	0.847770	
1910	0.660554	-0.146946	0.854681	
1911	0.657968	-0.148686	0.863558	
1912	0.655132	-0.152023	0.871326	
1913	0.651647	-0.155483	0.877690	
1914	0.649794	-0.157166	0.886384	
1915	0.649125	-0.160367	0.893881	
1916	0.647820	-0.163449	0.900455	
1917	0.646718	-0.165016	0.907939	
1918	0.646658	-0.168009	0.914989	
1919	0.646413	-0.171007	0.920721	
1920	0.645796	-0.171350	0.927239	
1921	0.646108	-0.174283	0.933350	
1922	0.647209	-0.177463	0.938863	
1923	0.648963	-0.178882	0.945022	
1924	0.650554	-0.182318	0.950642	
1925	0.651838	-0.185358	0.955522	
1926	0.652727	-0.187721	0.960411	
1927	0.653844	-0.189640	0.965829	
1928	0.655617	-0.191323	0.971251	
1929	0.656148	-0.194188	0.976227	
1930	0.657682	-0.195119	0.982622	
1931	0.657869	-0.198050	0.988021	
1932	0.658925	-0.198941	0.993445	
1933	0.661312	-0.200303	0.999750	
1934	0.662716	-0.203278	1.004368	
1935	0.663064	-0.203079	1.009090	
1936	0.664572	-0.203215	1.014739	
1937	0.665441	-0.205119	1.019104	
1938	0.667182	-0.203799	1.029783	
1939	0.667803	-0.204092	1.033992	
1940	0.668494	-0.203242	1.038312	
1941	0.669748	-0.200401	1.048955	
1942	0.669820	-0.198480	1.053633	
1943	0.670527	-0.196121	1.059565	
1944	0.672108	-0.194302	1.064932	
1945	0.672207	-0.191491	1.070756	
1946	0.672256	-0.188756	1.076725	
1947	0.672590	-0.186545	1.082391	
1948	0.670837	-0.179613	1.100376	
1949	0.670455	-0.176648	1.107209	
1950	0.670718	-0.175508	1.114057	
1951	0.671136	-0.174232	1.128284	
1952	0.670754	-0.173393	1.135539	
1953	0.669686	-0.172753	1.142660	
1954	0.669299	-0.172832	1.149236	
1955	0.669066	-0.172707	1.155591	
1956	0.669574	-0.172524	1.162237	
1957	0.669035	-0.173852	1.173231	
1958	0.668948	-0.174532	1.178804	
1959	0.668802	-0.175372	1.183898	
1960	0.669606	-0.175308	1.189560	
1961	0.670176	-0.175641	1.195220	
1962	0.670377	-0.176187	1.200299	
1963	0.670569	-0.176638	1.205196	
1964	0.671800	-0.176397	1.210364	
1965	0.672575	-0.176554	1.215246	
1966	0.673157	-0.177359	1.219572	
1967	0.673556	-0.176753	1.224227	
1968	0.673076	-0.176765	1.228206	
1969	0.673552	-0.176454	1.231882	
1970	0.673308	-0.175137	1.236206	
1971	0.674036	-0.173722	1.239934	
1972	0.674408	-0.172531	1.243121	
1973	0.674009	-0.170825	1.246346	
1974	0.675903	-0.169739	1.249381	
1975	0.675689	-0.168647	1.251727	
1976	0.674215	-0.167665	1.253874	
1977	0.673635	-0.166899	1.255592	
1978	0.673428	-0.166034	1.257783	
1979	0.672923	-0.165682	1.259293	
1980	0.671342	-0.164600	1.260776	
1981	0.669925	-0.163292	1.262616	
1982	0.668727	-0.162222	1.264337	
1983	0.664848	-0.161439	1.267077	
1984	0.662769	-0.159286	1.269211	
1985	0.660621	-0.156511	1.271048	
1986	0.657720	-0.153497	1.273056	
1987	0.654357	-0.151602	1.274087	
1988	0.650497	-0.148557	1.275335	
1989	0.647096	-0.146326	1.276519	
1990	0.643723	-0.145393	1.277263	
1991	0.640233	-0.144351	1.277934	
1992	0.637858	-0.143380	1.278918	
1993	0.635083	-0.143745	1.279709	
1994	0.632156	-0.143287	1.280708	
1995	0.630364	-0.142661	1.282118	
1996	0.628067	-0.142175	1.283621	
1997	0.624947	-0.141375	1.285115	
1998	0.621795	-0.140524	1.286664	
1999	0.617740	-0.140018	1.287485	
2000	0.613437	-0.139347	1.288453	
2001	0.608997	-0.140212	1.288536	
2002	0.604457	-0.139411	1.288974	
2003	0.599900	-0.139148	1.289516	
2004	0.596238	-0.139019	1.290023	
2005	0.592117	-0.138811	1.290580	
2006	0.588138	-0.137951	1.291398	
2007	0.584023	-0.138895	1.291333	
2008	0.579391	-0.139262	1.291199	
2009	0.573993	-0.139197	1.290525	
2010	0.569181	-0.138582	1.290050	
2011	0.563855	-0.137815	1.289652	
2012	0.558279	-0.137321	1.288897	
2013	0.552813	-0.138355	1.287291	
2014	0.547585	-0.137129	1.286247	
2015	0.542581	-0.136105	1.285361	
2016	0.538673	-0.135110	1.284660	
2017	0.534923	-0.132837	1.284563	
2018	0.530655	-0.133375	1.283189	
2019	0.527795	-0.132003	1.282866	
2020	0.524391	-0.131842	1.282491	
2021	0.521580	-0.131381	1.281876	
2022	0.518629	-0.130448	1.281309	
2023	0.513339	-0.130532	1.280035	
2024	0.511080	-0.129940	1.279500	
2025	0.508649	-0.129998	1.279095	
2026	0.505615	-0.130266	1.277795	
2027	0.503233	-0.128372	1.277776	
2028	0.500689	-0.128940	1.277097	
2029	0.498391	-0.127558	1.276296	
2030	0.496107	-0.127369	1.275914	
2031	0.493319	-0.126695	1.274962	
2032	0.490464	-0.125944	1.274096	
2033	0.487414	-0.125839	1.273081	
2034	0.483556	-0.125072	1.271347	
2035	0.480594	-0.124454	1.270436	
2036	0.476695	-0.123735	1.268590	
2037	0.473162	-0.123106	1.267112	
2038	0.469125	-0.122636	1.264764	
2039	0.465780	-0.122680	1.263397	
2040	0.462059	-0.121523	1.261172	
2041	0.458999	-0.121285	1.259398	
2042	0.455978	-0.121055	1.257563	
2043	0.453269	-0.120134	1.256030	
2044	0.446003	-0.118269	1.249805	
2045	0.439296	-0.115163	1.244075	
2046	0.435031	-0.113984	1.240150	
2047	0.432700	-0.112449	1.237720	
2048	0.429010	-0.111326	1.233831	
2049	0.425740	-0.108909	1.230699	
2050	0.422310	-0.108421	1.227285	
2051	0.419071	-0.107085	1.224251	
2052	0.416506	-0.105472	1.222076	
2053	0.413367	-0.104839	1.218828	
2054	0.410817	-0.103023	1.216581	
2055	0.407276	-0.102094	1.213316	
2056	0.403847	-0.101135	1.210185	
2057	0.398187	-0.098049	1.204858	
2058	0.394897	-0.097454	1.201625	
2059	0.392300	-0.095999	1.199412	
2060	0.389143	-0.094482	1.196339	
2061	0.386490	-0.091846	1.193812	
2062	0.380728	-0.087951	1.188723	
2063	0.378708	-0.085540	1.186638	
2064	0.374050	-0.080045	1.181942	
2065	0.372561	-0.077780	1.180470	
2066	0.370794	-0.076118	1.178246	
2067	0.369274	-0.073892	1.176656	
2068	0.367263	-0.073068	1.174102	
2069	0.365355	-0.071992	1.171628	
2070	0.361941	-0.070813	1.167316	
2071	0.360390	-0.070699	1.165122	
2072	0.358429	-0.069774	1.162508	
2073	0.356400	-0.070463	1.159317	
2074	0.354742	-0.070584	1.156050	
2075	0.353796	-0.069651	1.153503	
2076	0.351894	-0.069960	1.149524	
2077	0.350971	-0.068652	1.146178	
2078	0.350099	-0.068124	1.142750	
2079	0.349047	-0.068612	1.138775	
2080	0.348409	-0.067690	1.134969	
2081	0.347597	-0.066178	1.131044	
2082	0.346912	-0.065861	1.126642	
2083	0.346533	-0.064417	1.122126	
2084	0.345812	-0.063107	1.117089	
2085	0.345204	-0.061535	1.111579	
2086	0.345286	-0.060097	1.106676	
2087	0.345227	-0.059807	1.101163	
2088	0.345454	-0.058229	1.095155	
2089	0.346396	-0.056259	1.089337	
2090	0.347177	-0.055288	1.083386	
2091	0.348496	-0.052585	1.077816	
2092	0.352422	-0.048578	1.072940	
2093	0.351562	-0.047969	1.066566	
2094	0.352274	-0.044479	1.061271	
2095	0.357153	-0.042823	1.055336	
2096	0.353807	-0.042243	1.048457	
2097	0.354750	-0.039054	1.042483	
2098	0.355611	-0.038040	1.034912	
2099	0.354815	-0.035688	1.027024	
2100	0.355186	-0.033090	1.019428	
2101	0.355485	-0.032136	1.011540	
2102	0.354817	-0.030012	1.003697	
2103	0.355147	-0.027372	0.997422	
2104	0.353818	-0.026649	0.990223	
2105	0.352835	-0.026771	0.983384	
2106	0.351696	-0.026502	0.977011	
2107	0.350463	-0.027439	0.970823	
2108	0.347494	-0.028478	0.964715	
2109	0.345785	-0.028600	0.960005	
2110	0.342689	-0.029806	0.954257	
2111	0.339120	-0.029252	0.948920	
2112	0.336522	-0.029035	0.944104	
2113	0.332938	-0.029902	0.938715	
2114	0.329688	-0.028703	0.934282	
2115	0.325239	-0.027111	0.929472	
2116	0.323579	-0.027724	0.925855	
2117	0.319297	-0.026184	0.921153	
2118	0.316956	-0.024546	0.917484	
2119	0.313398	-0.024728	0.912443	
2120	0.310626	-0.023510	0.907532	
2121	0.309818	-0.021957	0.903613	
2122	0.304594	-0.024381	0.891248	
2123	0.304827	-0.022369	0.886106	
2124	0.300308	-0.025371	0.871452	
2125	0.301764	-0.021789	0.866276	
2126	0.299742	-0.024610	0.858138	
2127	0.299192	-0.024124	0.850799	
2128	0.300092	-0.021188	0.844613	
2129	0.299447	-0.021997	0.836634	
2130	0.299151	-0.024381	0.828187	
2131	0.299752	-0.022754	0.821647	
2132	0.300730	-0.023052	0.813942	
2133	0.299548	-0.022386	0.798443	
2134	0.298892	-0.021953	0.782550	
2135	0.299484	-0.020978	0.776850	
2136	0.299156	-0.018526	0.770300	
2137	0.298692	-0.020452	0.763483	
2138	0.300684	-0.020034	0.758352	
2139	0.300666	-0.017083	0.752728	
2140	0.302034	-0.018013	0.746718	
2141	0.301062	-0.016734	0.740339	
2142	0.302831	-0.015409	0.734368	
2143	0.303736	-0.012741	0.728621	
2144	0.305690	-0.013286	0.722283	
2145	0.306393	-0.012341	0.716093	
2146	0.307871	-0.010073	0.710101	
2147	0.308856	-0.010373	0.703634	
2148	0.310011	-0.008644	0.696726	
2149	0.315824	-0.003018	0.685805	
2150	0.318553	-0.003145	0.678987	
2151	0.320196	-0.000475	0.672492	
2152	0.324702	0.001553	0.656458	
2153	0.326147	0.003047	0.647959	
2154	0.326424	0.005958	0.640240	
2155	0.328300	0.008654	0.631709	
2156	0.328882	0.009442	0.622320	
2157	0.330770	0.012129	0.613863	
2158	0.332413	0.015107	0.604726	
2159	0.333081	0.015967	0.593057	
2160	0.334354	0.018808	0.582948	
2161	0.339845	0.024345	0.561697	
2162	0.339560	0.026111	0.551197	
2163	0.340662	0.029169	0.541009	
2164	0.340616	0.031219	0.529112	
2165	0.339902	0.032453	0.516208	
2166	0.340098	0.035047	0.505737	
2167	0.340517	0.039002	0.495502	
2168	0.340868	0.040123	0.482962	
2169	0.338843	0.040676	0.470347	
2170	0.338611	0.041018	0.460051	
2171	0.337348	0.044062	0.449716	
2172	0.336086	0.045040	0.439038	
2173	0.336181	0.047027	0.430032	
2174	0.334639	0.049816	0.421604	
2175	0.333999	0.051325	0.412626	
2176	0.331999	0.052691	0.404210	
2177	0.331168	0.055319	0.397481	
2178	0.330844	0.057469	0.390500	
2179	0.331866	0.057280	0.382502	
2180	0.327309	0.060496	0.370544	
2181	0.324734	0.061472	0.364355	
2182	0.320638	0.062251	0.358716	
2183	0.311640	0.063773	0.353019	
2184	0.309748	0.065261	0.347153	
2185	0.304736	0.065371	0.340802	
2186	0.298697	0.066117	0.336082	
2187	0.292601	0.067322	0.330865	
2188	0.285443	0.067811	0.324709	
2189	0.278218	0.069631	0.319618	
2190	0.269655	0.071501	0.314538	
2191	0.261603	0.072592	0.307881	
2192	0.252853	0.073159	0.300510	
2193	0.243723	0.074543	0.294997	
2194	0.234203	0.076650	0.289173	
2195	0.226332	0.077119	0.282660	
2196	0.215393	0.077577	0.275647	
2197	0.206817	0.079119	0.269922	
2198	0.199163	0.080158	0.263633	
2199	0.189951	0.080432	0.256793	
2200	0.181437	0.081001	0.251086	
2201	0.175049	0.082097	0.245286	
2202	0.167325	0.083529	0.239072	
2203	0.158467	0.083109	0.233178	
2204	0.150971	0.083775	0.228141	
2205	0.142538	0.085089	0.223171	
2206	0.134363	0.085404	0.217840	
2207	0.126853	0.085662	0.212237	
2208	0.119832	0.085761	0.206679	
2209	0.112692	0.086498	0.200852	
2210	0.105919	0.086640	0.194877	
2211	0.098203	0.086183	0.189260	
2212	0.091380	0.086933	0.184324	
2213	0.084938	0.088203	0.179187	
2214	0.068021	0.090309	0.169814	
2215	0.059721	0.090656	0.163895	
2216	0.051512	0.091504	0.158285	
2217	0.043612	0.091879	0.152320	
2218	0.035340	0.092733	0.145528	
2219	0.026129	0.092869	0.139023	
2220	0.018901	0.094224	0.132791	
2221	0.011269	0.094582	0.125173	
2222	0.000986	0.095778	0.117838	
2223	-0.007401	0.098208	0.111578	
2224	-0.015517	0.100811	0.104111	
2225	-0.026112	0.102634	0.096381	
2226	-0.034258	0.104839	0.090143	
2227	-0.042721	0.108449	0.083879	
2228	-0.052120	0.111157	0.077146	
2229	-0.061404	0.114380	0.071404	
2230	-0.068085	0.119002	0.065900	
2231	-0.077067	0.121770	0.059783	
2232	-0.086675	0.125793	0.054325	
2233	-0.094135	0.129623	0.049075	
2234	-0.101690	0.134844	0.043662	
2235	-0.119812	0.144273	0.033935	
2236	-0.124221	0.149608	0.029808	
2237	-0.133557	0.153332	0.023984	
2238	-0.141416	0.157109	0.020073	
2239	-0.147158	0.160144	0.016741	
2240	-0.152956	0.161916	0.013383	
2241	-0.159926	0.162981	0.009856	
2242	-0.165138	0.163857	0.006654	
2243	-0.171877	0.164619	0.003271	
2244	-0.178969	0.165598	0.000571	
2245	-0.183918	0.166016	-0.002209	
2246	-0.192932	0.166453	-0.005306	
2247	-0.201336	0.166559	-0.008057	
2248	-0.207396	0.167445	-0.009652	
2249	-0.212659	0.168194	-0.012484	
2250	-0.220936	0.169013	-0.015097	
2251	-0.228868	0.170667	-0.016622	
2252	-0.235724	0.171347	-0.018602	
2253	-0.242891	0.172146	-0.020155	
2254	-0.251478	0.171660	-0.021502	
2255	-0.258538	0.171662	-0.022662	
2256	-0.278677	0.169717	-0.024491	
2257	-0.293786	0.168025	-0.027068	
2258	-0.300862	0.168428	-0.027957	
2259	-0.307437	0.168785	-0.028858	
2260	-0.315089	0.168895	-0.029532	
2261	-0.321486	0.169907	-0.029761	
2262	-0.327970	0.172365	-0.029468	
2263	-0.334638	0.173100	-0.029631	
2264	-0.344377	0.173590	-0.030100	
2265	-0.351902	0.175553	-0.029852	
2266	-0.357839	0.177010	-0.030610	
2267	-0.364864	0.176945	-0.032192	
2268	-0.372605	0.176878	-0.034016	
2269	-0.380486	0.177384	-0.035619	
2270	-0.388174	0.175821	-0.038037	
2271	-0.396282	0.174257	-0.040527	
2272	-0.402632	0.173626	-0.042807	
2273	-0.409999	0.172358	-0.045332	
2274	-0.416963	0.169183	-0.048491	
2275	-0.426059	0.168074	-0.051103	
2276	-0.432838	0.167030	-0.053483	
2277	-0.438872	0.165487	-0.056051	
2278	-0.447095	0.165289	-0.057920	
2279	-0.454210	0.164539	-0.059648	
2280	-0.458598	0.164721	-0.061166	
2281	-0.467638	0.164067	-0.062846	
2282	-0.475710	0.165699	-0.063691	
2283	-0.481832	0.165308	-0.065402	
2284	-0.489789	0.163082	-0.067173	
2285	-0.494875	0.161971	-0.068462	
2286	-0.498956	0.161449	-0.070375	
2287	-0.505036	0.161443	-0.072937	
2288	-0.511571	0.160092	-0.075830	
2289	-0.517463	0.158714	-0.079562	
2290	-0.523999	0.158459	-0.083428	
2291	-0.530405	0.158476	-0.087842	
2292	-0.536982	0.159034	-0.092061	
2293	-0.543305	0.159942	-0.096880	
2294	-0.548602	0.160883	-0.101995	
2295	-0.556960	0.164491	-0.107065	
2296	-0.563837	0.167544	-0.112405	
2297	-0.569417	0.171042	-0.117722	
2298	-0.578177	0.173662	-0.123112	
2299	-0.585353	0.178071	-0.128001	
2300	-0.591856	0.182340	-0.132607	
2301	-0.597312	0.188519	-0.137018	
2302	-0.605307	0.190400	-0.141751	
2303	-0.611938	0.194794	-0.145854	
2304	-0.618534	0.200779	-0.149561	
2305	-0.623676	0.205420	-0.153711	
2306	-0.631753	0.209247	-0.156958	
2307	-0.637252	0.212678	-0.160707	
2308	-0.642832	0.217948	-0.164223	
2309	-0.649560	0.220754	-0.167763	
2310	-0.653900	0.225023	-0.171017	
2311	-0.660464	0.227556	-0.174116	
2312	-0.665237	0.231016	-0.176736	
2313	-0.671350	0.233246	-0.179021	
2314	-0.677046	0.232974	-0.181844	
2315	-0.682043	0.234658	-0.184110	
2316	-0.685900	0.236262	-0.186169	
2317	-0.691544	0.237282	-0.188112	
2318	-0.699690	0.239036	-0.189795	
2319	-0.705243	0.239184	-0.191803	
2320	-0.709546	0.239945	-0.194117	
2321	-0.715065	0.240349	-0.196922	
2322	-0.721348	0.240664	-0.199364	
2323	-0.727240	0.241052	-0.201890	
2324	-0.732660	0.240292	-0.205153	
2325	-0.739153	0.239069	-0.208047	
2326	-0.745871	0.239100	-0.210864	
2327	-0.751330	0.238909	-0.214316	
2328	-0.757063	0.236354	-0.217399	
2329	-0.764469	0.232938	-0.220584	
2330	-0.785858	0.231153	-0.220504	
2331	-0.793462	0.230706	-0.222986	
2332	-0.798896	0.228253	-0.225741	
2333	-0.808239	0.227597	-0.227973	
2334	-0.815594	0.227322	-0.230232	
2335	-0.823012	0.225041	-0.232404	
2336	-0.833788	0.225348	-0.234043	
2337	-0.839272	0.226163	-0.236531	
2338	-0.846096	0.224614	-0.239414	
2339	-0.858789	0.226410	-0.241523	
2340	-0.872336	0.229117	-0.243564	
2341	-0.876915	0.230313	-0.246882	
2342	-0.883796	0.230711	-0.250327	
2343	-0.895070	0.232535	-0.252645	
2344	-0.900963	0.231162	-0.256104	
2345	-0.909264	0.230578	-0.259056	
2346	-0.913245	0.230983	-0.262300	
2347	-0.919734	0.228817	-0.266174	
2348	-0.929832	0.227944	-0.268737	
2349	-0.937325	0.228094	-0.271587	
2350	-0.943950	0.227405	-0.274872	
2351	-0.951361	0.228089	-0.278349	
2352	-0.955416	0.225319	-0.283059	
2353	-0.962238	0.222902	-0.287173	
2354	-0.969271	0.221526	-0.290892	
2355	-0.974789	0.218895	-0.295350	
2356	-0.978291	0.219509	-0.299855	
2357	-0.987509	0.220156	-0.303310	
2358	-0.993856	0.222181	-0.306518	
2359	-1.000277	0.223198	-0.310592	
2360	-1.015182	0.225224	-0.318664	
2361	-1.026937	0.229251	-0.328972	
2362	-1.037119	0.234500	-0.333375	
2363	-1.044464	0.238204	-0.338489	
2364	-1.057994	0.245196	-0.348160	
2365	-1.075507	0.253705	-0.356795	
2366	-1.091784	0.259333	-0.365767	
2367	-1.101776	0.265577	-0.369619	
2368	-1.106500	0.268572	-0.374349	
2369	-1.114884	0.272079	-0.377349	
2370	-1.123511	0.278618	-0.379490	
2371	-1.131864	0.284201	-0.381237	
2372	-1.135652	0.287060	-0.383665	
2373	-1.140300	0.288809	-0.384478	
2374	-1.150941	0.293200	-0.382200	
2375	-1.157404	0.297358	-0.380157	
2376	-1.156434	0.297886	-0.379395	
2377	-1.160448	0.299768	-0.377394	
2378	-1.168732	0.301283	-0.373622	
2379	-1.178491	0.300116	-0.367305	
2380	-1.182170	0.302129	-0.363135	
2381	-1.188388	0.300066	-0.359318	
2382	-1.196481	0.296975	-0.353703	
2383	-1.199379	0.295955	-0.349222	
2384	-1.205305	0.296011	-0.343092	
2385	-1.211715	0.292849	-0.336600	
2386	-1.219224	0.290464	-0.329669	
2387	-1.225056	0.288113	-0.323210	
2388	-1.231567	0.281255	-0.315973	
2389	-1.239506	0.278762	-0.307901	
2390	-1.246866	0.276557	-0.300258	
2391	-1.251863	0.272675	-0.292609	
2392	-1.255138	0.266319	-0.285897	
2393	-1.263998	0.261016	-0.277756	
2394	-1.271583	0.256627	-0.270267	
2395	-1.277188	0.255032	-0.263392	
2396	-1.283259	0.249604	-0.256831	
2397	-1.288081	0.242200	-0.250675	
2398	-1.294931	0.236641	-0.243851	
2399	-1.305971	0.227626	-0.234770	
2400	-1.311245	0.221385	-0.228992	
2401	-1.314220	0.214719	-0.223376	
2402	-1.315714	0.208040	-0.218605	
2403	-1.320962	0.202993	-0.212984	
2404	-1.325281	0.196918	-0.208165	
2405	-1.326710	0.191178	-0.203853	
2406	-1.330965	0.188548	-0.198820	
2407	-1.335179	0.183678	-0.193766	
2408	-1.340138	0.178862	-0.188734	
2409	-1.344365	0.174498	-0.183499	
2410	-1.351154	0.168516	-0.173559	
2411	-1.354039	0.160068	-0.165269	
2412	-1.358806	0.157880	-0.160354	
2413	-1.360913	0.155066	-0.155814	
2414	-1.358675	0.150360	-0.152987	
2415	-1.362852	0.147426	-0.147474	
2416	-1.364001	0.143934	-0.143407	
2417	-1.363402	0.140287	-0.139343	
2418	-1.363560	0.137328	-0.135561	
2419	-1.367853	0.134819	-0.130100	
2420	-1.367392	0.130888	-0.126808	
2421	-1.370512	0.128022	-0.121742	
2422	-1.373270	0.125774	-0.117118	
2423	-1.374029	0.121496	-0.113530	
2424	-1.378465	0.120323	-0.108293	
2425	-1.379553	0.120073	-0.103600	
2426	-1.379853	0.117635	-0.099240	
2427	-1.384738	0.114690	-0.093075	
2428	-1.386787	0.113596	-0.087055	
2429	-1.388561	0.113666	-0.081683	
2430	-1.385652	0.112058	-0.077748	
2431	-1.388012	0.111205	-0.071738	
2432	-1.390090	0.111633	-0.066067	
2433	-1.391674	0.109350	-0.060515	
2434	-1.392860	0.107654	-0.054308	
2435	-1.390943	0.106695	-0.049735	
2436	-1.391209	0.105742	-0.043546	
2437	-1.389806	0.103258	-0.037654	
2438	-1.384352	0.100940	-0.032408	
2439	-1.382126	0.097054	-0.025481	
2440	-1.379987	0.091589	-0.017984	
2441	-1.375976	0.087255	-0.010125	
2442	-1.368465	0.084272	-0.003432	
2443	-1.363526	0.078993	0.004644	
2444	-1.363414	0.072830	0.014861	
2445	-1.356070	0.069324	0.023414	
2446	-1.345034	0.062801	0.029825	
2447	-1.343702	0.054772	0.039440	
2448	-1.336697	0.050575	0.048151	
2449	-1.322385	0.044366	0.053249	
2450	-1.320285	0.034330	0.061744	
2451	-1.318010	0.028618	0.071420	
2452	-1.302828	0.023590	0.077380	
2453	-1.293646	0.016599	0.084028	
2454	-1.292272	0.011396	0.093392	
2455	-1.284552	0.006507	0.100186	
2456	-1.274473	0.003343	0.105464	
2457	-1.272128	-0.001090	0.112488	
2458	-1.268159	-0.003321	0.118787	
2459	-1.258357	-0.006744	0.122761	
2460	-1.250346	-0.010030	0.126080	
2461	-1.247444	-0.010760	0.131277	
2462	-1.245088	-0.010996	0.136131	
2463	-1.236477	-0.012212	0.138892	
2464	-1.228496	-0.012287	0.142489	
2465	-1.225245	-0.012101	0.147680	
2466	-1.222096	-0.012776	0.152705	
2467	-1.214760	-0.014588	0.157317	
2468	-1.208768	-0.012125	0.163376	
2469	-1.204942	-0.010706	0.168290	
2470	-1.200393	-0.011271	0.172773	
2471	-1.196758	-0.009261	0.178108	
2472	-1.194874	-0.006604	0.184242	
2473	-1.188920	-0.006209	0.187697	
2474	-1.185547	-0.006851	0.192051	
2475	-1.182445	-0.004439	0.196694	
2476	-1.176544	-0.004206	0.199420	
2477	-1.174092	-0.006089	0.202574	
2478	-1.170272	-0.005778	0.205590	
2479	-1.166338	-0.003585	0.208532	
2480	-1.164945	-0.003853	0.211552	
2481	-1.160101	-0.003697	0.214632	
2482	-1.156173	-0.002793	0.218341	
2483	-1.150082	-0.005896	0.221109	
2484	-1.149920	-0.003595	0.227906	
2485	-1.147746	-0.000834	0.233781	
2486	-1.139979	-0.002835	0.237261	
2487	-1.136657	-0.004469	0.241703	
2488	-1.138854	-0.001698	0.247235	
2489	-1.134785	-0.002783	0.251290	
2490	-1.130116	-0.002194	0.255212	
2491	-1.127784	-0.001610	0.259451	
2492	-1.126756	-0.002715	0.264274	
2493	-1.122525	0.003075	0.268950	
2494	-1.115795	0.002374	0.270991	
2495	-1.116596	0.003792	0.275307	
2496	-1.116769	0.008355	0.280218	
2497	-1.111133	0.008761	0.281866	
2498	-1.111446	0.008970	0.284844	
2499	-1.114360	0.014501	0.289769	
2500	-1.110526	0.014589	0.290861	
2501	-1.110609	0.014674	0.292920	
2502	-1.112341	0.017074	0.296080	
2503	-1.110413	0.016990	0.297304	
2504	-1.111802	0.016609	0.298823	
2505	-1.114303	0.017723	0.301031	
2506	-1.113042	0.018279	0.302215	
2507	-1.112816	0.017900	0.303114	
2508	-1.114224	0.019147	0.304749	
2509	-1.113508	0.020056	0.306024	
2510	-1.111174	0.020748	0.306469	
2511	-1.112532	0.021485	0.307723	
2512	-1.114532	0.024370	0.310045	
2513	-1.113559	0.026087	0.311565	
2514	-1.113944	0.026512	0.312859	
2515	-1.117717	0.029230	0.316102	
2516	-1.115200	0.031283	0.317611	
2517	-1.113326	0.031522	0.318460	
2518	-1.118513	0.034278	0.322214	
2519	-1.117364	0.036850	0.324413	
2520	-1.115259	0.036801	0.325762	
2521	-1.117897	0.039036	0.329017	
2522	-1.116955	0.040951	0.331358	
2523	-1.114738	0.042396	0.333519	
2524	-1.112785	0.044120	0.335310	
2525	-1.114485	0.045693	0.338186	
2526	-1.110684	0.047050	0.339911	
2527	-1.108192	0.048666	0.341404	
2528	-1.109924	0.050556	0.344094	
2529	-1.109063	0.052405	0.346179	
2530	-1.104331	0.053564	0.346194	
2531	-1.103868	0.053962	0.347016	
2532	-1.105398	0.055850	0.348705	
2533	-1.102181	0.056728	0.348779	
2534	-1.100713	0.056376	0.348518	
2535	-1.103027	0.057093	0.350322	
2536	-1.100270	0.057779	0.350904	
2537	-1.099316	0.057071	0.351025	
2538	-1.099335	0.056701	0.351735	
2539	-1.098707	0.056270	0.352535	
2540	-1.096888	0.056201	0.352636	
2541	-1.095578	0.055133	0.353104	
2542	-1.092834	0.054647	0.352508	
2543	-1.092444	0.054117	0.352459	
2544	-1.091465	0.053613	0.352595	
2545	-1.089603	0.053119	0.352376	
2546	-1.090515	0.051671	0.352438	
2547	-1.089952	0.052423	0.352912	
2548	-1.087194	0.053592	0.352521	
2549	-1.087771	0.053664	0.352827	
2550	-1.087895	0.054747	0.353348	
2551	-1.085209	0.056664	0.353242	
2552	-1.084114	0.056881	0.352945	
2553	-1.083975	0.058951	0.353763	
2554	-1.080588	0.060792	0.353187	
2555	-1.080021	0.061430	0.353076	
2556	-1.079612	0.062986	0.353513	
2557	-1.076553	0.065323	0.352794	
2558	-1.075642	0.065844	0.352324	
2559	-1.076313	0.067233	0.352768	
2560	-1.072923	0.069300	0.352110	
2561	-1.072531	0.069907	0.351666	
2562	-1.072908	0.071299	0.352033	
2563	-1.068794	0.073818	0.351197	
2564	-1.068567	0.074977	0.351103	
2565	-1.067435	0.077204	0.351156	
2566	-1.063290	0.080727	0.349828	
2567	-1.063609	0.082135	0.349759	
2568	-1.060352	0.084148	0.348309	
2569	-1.059892	0.085444	0.347196	
2570	-1.057923	0.086465	0.346201	
2571	-1.057971	0.086705	0.345146	
2572	-1.057429	0.087263	0.344411	
2573	-1.055095	0.087892	0.343163	
2574	-1.054927	0.088315	0.341784	
2575	-1.052567	0.088060	0.340304	
2576	-1.053570	0.088185	0.339983	
2577	-1.051240	0.088264	0.339013	
2578	-1.049552	0.088449	0.337100	
2579	-1.048403	0.089217	0.336547	
2580	-1.045563	0.090023	0.335484	
2581	-1.045217	0.090612	0.334930	
2582	-1.045656	0.091111	0.334894	
2583	-1.043603	0.091778	0.334067	
