0	0.000000	0.000000	0.000000	
1	0.000000	0.000000	0.000000	
2	0.000000	0.000000	0.000000	
3	0.000000	0.000000	0.000000	
4	0.000949	0.001919	0.001837	
5	0.000685	0.002165	0.002064	
6	0.000469	0.002972	0.001989	
7	0.000863	0.002683	0.001802	
8	0.000408	0.005670	0.002386	
9	0.000849	0.004664	0.001764	
10	0.000955	0.006197	0.002192	
11	0.001064	0.004862	0.001818	
12	0.001047	0.004723	0.002137	
13	0.001297	0.004908	0.002205	
14	0.000705	0.003764	0.001714	
15	0.000749	0.003228	0.001633	
16	0.000897	0.002327	0.001261	
17	0.000779	0.000842	0.000555	
18	0.001493	0.001276	0.000790	
19	0.001199	0.000844	0.000176	
20	0.000958	0.001490	0.000370	
21	0.001505	0.001132	0.000239	
22	0.003135	0.001908	0.000280	
23	0.003405	0.002069	-0.000095	
24	0.003367	0.001276	-0.000727	
25	0.004236	0.001737	-0.001028	
26	0.004602	0.001527	-0.001714	
27	0.004694	0.000659	-0.002639	
28	0.006321	0.001318	-0.002887	
29	0.006014	0.001505	-0.003274	
30	0.005457	0.000775	-0.004169	
31	0.006742	0.001000	-0.004340	
32	0.007116	0.002331	-0.004176	
33	0.006601	0.002962	-0.004781	
34	0.007063	0.003627	-0.004927	
35	0.007495	0.003608	-0.005027	
36	0.007273	0.003822	-0.005251	
37	0.008024	0.004885	-0.004962	
38	0.008877	0.006463	-0.004898	
39	0.007979	0.006327	-0.005558	
40	0.008448	0.006918	-0.005311	
41	0.009116	0.007019	-0.005546	
42	0.009339	0.006030	-0.006332	
43	0.009550	0.004864	-0.006899	
44	0.010068	0.004640	-0.006986	
45	0.010359	0.005185	-0.007248	
46	0.010489	0.005169	-0.007672	
47	0.010910	0.005623	-0.007872	
48	0.010998	0.006382	-0.008206	
49	0.010646	0.005903	-0.008544	
50	0.011591	0.006119	-0.008689	
51	0.011902	0.005380	-0.009403	
52	0.011082	0.005087	-0.009636	
53	0.011674	0.006181	-0.009715	
54	0.011344	0.005796	-0.010079	
55	0.011482	0.005674	-0.010493	
56	0.011661	0.005939	-0.010469	
57	0.011404	0.006052	-0.010797	
58	0.011275	0.006141	-0.010915	
59	0.012136	0.007693	-0.010184	
60	0.011733	0.007902	-0.009962	
61	0.010648	0.008530	-0.009634	
62	0.011500	0.009655	-0.008940	
63	0.011726	0.010544	-0.008269	
64	0.010810	0.011851	-0.007606	
65	0.010362	0.011930	-0.007322	
66	0.010347	0.012011	-0.006984	
67	0.010231	0.013582	-0.006113	
68	0.009139	0.013814	-0.005988	
69	0.007274	0.014401	-0.006047	
70	0.005881	0.014584	-0.006213	
71	0.003516	0.013515	-0.007371	
72	0.000674	0.013269	-0.008734	
73	-0.002305	0.011088	-0.011626	
74	-0.007774	0.009477	-0.015337	
75	-0.014448	0.008554	-0.019029	
76	-0.019715	0.007962	-0.023303	
77	-0.032880	0.005176	-0.032993	
78	-0.041397	0.004200	-0.037824	
79	-0.050445	0.004471	-0.042054	
80	-0.059328	0.004004	-0.046741	
81	-0.068519	0.003855	-0.051080	
82	-0.079867	0.004531	-0.055647	
83	-0.090770	0.006550	-0.059486	
84	-0.101427	0.008241	-0.063010	
85	-0.112898	0.010475	-0.066240	
86	-0.125053	0.012608	-0.069142	
87	-0.138383	0.015451	-0.071591	
88	-0.151458	0.018575	-0.073824	
89	-0.163332	0.021031	-0.076081	
90	-0.176924	0.022875	-0.078707	
91	-0.189128	0.026700	-0.080171	
92	-0.200243	0.030247	-0.081858	
93	-0.212981	0.032645	-0.083756	
94	-0.224793	0.034575	-0.085057	
95	-0.235434	0.036186	-0.087030	
96	-0.245635	0.038393	-0.088597	
97	-0.255586	0.038648	-0.090317	
98	-0.265575	0.038231	-0.091932	
99	-0.276021	0.038048	-0.092639	
100	-0.284587	0.037989	-0.093222	
101	-0.295063	0.036476	-0.093717	
102	-0.305106	0.035723	-0.093623	
103	-0.314222	0.034595	-0.093388	
104	-0.322475	0.032691	-0.093553	
105	-0.331757	0.030382	-0.093783	
106	-0.341666	0.029291	-0.092999	
107	-0.349557	0.028966	-0.091897	
108	-0.368625	0.025210	-0.090406	
109	-0.377938	0.024611	-0.088669	
110	-0.387110	0.023640	-0.086947	
111	-0.396830	0.022315	-0.084549	
112	-0.408420	0.021188	-0.081882	
113	-0.419261	0.020393	-0.079076	
114	-0.429738	0.018033	-0.076489	
115	-0.440397	0.014561	-0.073347	
116	-0.452536	0.010371	-0.070184	
117	-0.462725	0.007254	-0.066011	
118	-0.470096	0.005355	-0.060232	
119	-0.493933	-0.000882	-0.048223	
120	-0.502054	-0.001364	-0.040521	
121	-0.506989	-0.005538	-0.033478	
122	-0.516490	-0.009156	-0.026479	
123	-0.523992	-0.010231	-0.019540	
124	-0.532072	-0.014737	-0.014027	
125	-0.539535	-0.018601	-0.008024	
126	-0.546811	-0.020869	-0.002233	
127	-0.555025	-0.025615	0.002128	
128	-0.562075	-0.029848	0.006856	
129	-0.567990	-0.033570	0.011592	
130	-0.576586	-0.037700	0.015924	
131	-0.582724	-0.040565	0.021112	
132	-0.588705	-0.044549	0.026432	
133	-0.594900	-0.048441	0.031550	
134	-0.609839	-0.053536	0.042593	
135	-0.617385	-0.056106	0.048445	
136	-0.625388	-0.057922	0.054001	
137	-0.633452	-0.060813	0.059436	
138	-0.647664	-0.065465	0.070517	
139	-0.656527	-0.066307	0.076252	
140	-0.674240	-0.070220	0.087528	
141	-0.682866	-0.072302	0.093202	
142	-0.692040	-0.072378	0.099370	
143	-0.701055	-0.074146	0.105070	
144	-0.709970	-0.076442	0.110720	
145	-0.717674	-0.079530	0.115798	
146	-0.727440	-0.083512	0.120646	
147	-0.737279	-0.084425	0.126340	
148	-0.745384	-0.088161	0.131294	
149	-0.754239	-0.090558	0.136342	
150	-0.763671	-0.091966	0.142190	
151	-0.777952	-0.098690	0.153127	
152	-0.786056	-0.100513	0.158511	
153	-0.792526	-0.104156	0.163546	
154	-0.797047	-0.108325	0.168396	
155	-0.803668	-0.109674	0.173723	
156	-0.810170	-0.111088	0.179360	
157	-0.814401	-0.113612	0.184925	
158	-0.819331	-0.117465	0.190485	
159	-0.826240	-0.119657	0.196543	
160	-0.831102	-0.121626	0.202438	
161	-0.835405	-0.125043	0.207757	
162	-0.841363	-0.126195	0.213019	
163	-0.848023	-0.127876	0.218242	
164	-0.852508	-0.129893	0.223222	
165	-0.857205	-0.133674	0.227656	
166	-0.863919	-0.134587	0.232589	
167	-0.869072	-0.136939	0.237727	
168	-0.872406	-0.140228	0.242019	
169	-0.878430	-0.142216	0.247356	
170	-0.885114	-0.143665	0.253029	
171	-0.889315	-0.149179	0.258094	
172	-0.894568	-0.154428	0.263086	
173	-0.901414	-0.157724	0.268554	
174	-0.911469	-0.164051	0.280297	
175	-0.917512	-0.168499	0.286400	
176	-0.923389	-0.170631	0.292981	
177	-0.927748	-0.174630	0.299683	
178	-0.932577	-0.178070	0.306460	
179	-0.937793	-0.182176	0.313262	
180	-0.942621	-0.185931	0.319817	
181	-0.947626	-0.188788	0.326180	
182	-0.952031	-0.192275	0.332003	
183	-0.958295	-0.197144	0.338230	
184	-0.962544	-0.198627	0.344370	
185	-0.965131	-0.202657	0.349275	
186	-0.971322	-0.204289	0.354969	
187	-0.978142	-0.206767	0.360655	
188	-0.982861	-0.208739	0.366009	
189	-0.987308	-0.210683	0.371192	
190	-0.995325	-0.211097	0.377262	
191	-1.002591	-0.212031	0.383472	
192	-1.007572	-0.212522	0.389827	
193	-1.013037	-0.214013	0.395755	
194	-1.022186	-0.214714	0.402407	
195	-1.032048	-0.214251	0.409417	
196	-1.040855	-0.215616	0.415215	
197	-1.050523	-0.215979	0.420764	
198	-1.063175	-0.217252	0.426766	
199	-1.074082	-0.217586	0.431747	
200	-1.083622	-0.218299	0.436097	
201	-1.094436	-0.218440	0.440724	
202	-1.107196	-0.218766	0.445980	
203	-1.116257	-0.218176	0.449962	
204	-1.127098	-0.220389	0.454306	
205	-1.147731	-0.223554	0.462913	
206	-1.155259	-0.224388	0.466289	
207	-1.165639	-0.227514	0.470986	
208	-1.174467	-0.229989	0.475211	
209	-1.180748	-0.230997	0.478945	
210	-1.188372	-0.234385	0.482909	
211	-1.198169	-0.237051	0.488004	
212	-1.203706	-0.238590	0.492542	
213	-1.209358	-0.241393	0.496770	
214	-1.218253	-0.245571	0.502116	
215	-1.223522	-0.246496	0.507212	
216	-1.227959	-0.249559	0.511777	
217	-1.235587	-0.253226	0.517718	
218	-1.239987	-0.255593	0.523466	
219	-1.244683	-0.257712	0.529283	
220	-1.250046	-0.261489	0.535228	
221	-1.255431	-0.263642	0.541603	
222	-1.259475	-0.267015	0.547351	
223	-1.263971	-0.271604	0.553262	
224	-1.268805	-0.275216	0.559592	
225	-1.272268	-0.279219	0.565653	
226	-1.276730	-0.283150	0.572389	
227	-1.278944	-0.287365	0.578445	
228	-1.281422	-0.292941	0.584458	
229	-1.285326	-0.299340	0.590609	
230	-1.288747	-0.303804	0.596663	
231	-1.292063	-0.308062	0.602214	
232	-1.296055	-0.312757	0.608315	
233	-1.298405	-0.317957	0.613872	
234	-1.301991	-0.322876	0.619812	
235	-1.307965	-0.326765	0.626986	
236	-1.311661	-0.330877	0.632910	
237	-1.315241	-0.335124	0.638576	
238	-1.319530	-0.338845	0.644610	
239	-1.323628	-0.342081	0.650877	
240	-1.327707	-0.345408	0.657004	
241	-1.333199	-0.350024	0.663256	
242	-1.338306	-0.352063	0.669433	
243	-1.343062	-0.355700	0.674349	
244	-1.349464	-0.360164	0.680207	
245	-1.355135	-0.363154	0.685608	
246	-1.359173	-0.367603	0.690033	
247	-1.364765	-0.372816	0.694313	
248	-1.370482	-0.376784	0.698228	
249	-1.375593	-0.380584	0.701566	
250	-1.381208	-0.385308	0.704492	
251	-1.388897	-0.388300	0.707623	
252	-1.395660	-0.390555	0.710674	
253	-1.402663	-0.394478	0.712932	
254	-1.412250	-0.396513	0.716008	
255	-1.420734	-0.397768	0.717925	
256	-1.439643	-0.401062	0.721122	
257	-1.450715	-0.400541	0.722710	
258	-1.470319	-0.400955	0.723958	
259	-1.482179	-0.400798	0.725190	
260	-1.493262	-0.400082	0.726372	
261	-1.503490	-0.398625	0.727389	
262	-1.513842	-0.398416	0.728491	
263	-1.524426	-0.399604	0.729687	
264	-1.534596	-0.397907	0.731644	
265	-1.544544	-0.397542	0.732836	
266	-1.555622	-0.398198	0.734225	
267	-1.565280	-0.398678	0.736179	
268	-1.573824	-0.398962	0.737411	
269	-1.584954	-0.398886	0.739737	
270	-1.594980	-0.397632	0.742447	
271	-1.604834	-0.398124	0.744946	
272	-1.615048	-0.399100	0.747988	
273	-1.623487	-0.399720	0.750932	
274	-1.632182	-0.400432	0.753746	
275	-1.641695	-0.398068	0.758359	
276	-1.649924	-0.396442	0.763019	
277	-1.658481	-0.394008	0.768433	
278	-1.666773	-0.389657	0.774961	
279	-1.674217	-0.385452	0.781968	
280	-1.680755	-0.380801	0.789792	
281	-1.686912	-0.375265	0.797628	
282	-1.691163	-0.370937	0.805493	
283	-1.695022	-0.366985	0.813839	
284	-1.698655	-0.363192	0.821638	
285	-1.701271	-0.360063	0.829225	
286	-1.703999	-0.359316	0.837039	
287	-1.706912	-0.356476	0.846806	
288	-1.706087	-0.353656	0.854411	
289	-1.707369	-0.353673	0.861997	
290	-1.708557	-0.350783	0.871467	
291	-1.708263	-0.348448	0.880310	
292	-1.708748	-0.346874	0.889496	
293	-1.709063	-0.345913	0.897704	
294	-1.709944	-0.343185	0.907390	
295	-1.710999	-0.340713	0.917052	
296	-1.711709	-0.340980	0.925810	
297	-1.713140	-0.340507	0.935040	
298	-1.713843	-0.341122	0.943551	
299	-1.715041	-0.342244	0.950936	
300	-1.717151	-0.343900	0.958547	
301	-1.719257	-0.345588	0.966169	
302	-1.721578	-0.344962	0.974983	
303	-1.723512	-0.347854	0.981434	
304	-1.726034	-0.349832	0.989081	
305	-1.728128	-0.354515	0.995351	
306	-1.731862	-0.356356	1.002499	
307	-1.735656	-0.358312	1.009352	
308	-1.739737	-0.361127	1.015863	
309	-1.743425	-0.365779	1.021710	
310	-1.746924	-0.368140	1.027753	
311	-1.750633	-0.370744	1.033675	
312	-1.754273	-0.373972	1.039279	
313	-1.758128	-0.377402	1.044794	
314	-1.762124	-0.378746	1.050893	
315	-1.766400	-0.382121	1.056918	
316	-1.771038	-0.386479	1.061975	
317	-1.775941	-0.390813	1.067069	
318	-1.781314	-0.394890	1.072539	
319	-1.786800	-0.399054	1.077874	
320	-1.792904	-0.403605	1.083249	
321	-1.798420	-0.408885	1.088206	
322	-1.803565	-0.413187	1.092435	
323	-1.809654	-0.419157	1.097216	
324	-1.814693	-0.423373	1.101007	
325	-1.820564	-0.428035	1.105748	
326	-1.825195	-0.433421	1.108653	
327	-1.829479	-0.437880	1.111350	
328	-1.834209	-0.443354	1.114866	
329	-1.838938	-0.447529	1.118408	
330	-1.843508	-0.453043	1.123199	
331	-1.847866	-0.458941	1.127301	
332	-1.852248	-0.463123	1.131761	
333	-1.856291	-0.470059	1.137516	
334	-1.859666	-0.476272	1.141930	
335	-1.863915	-0.481927	1.147946	
336	-1.868092	-0.487669	1.154377	
337	-1.871281	-0.493801	1.158559	
338	-1.874702	-0.499407	1.164913	
339	-1.877076	-0.506538	1.170485	
340	-1.879402	-0.513251	1.175419	
341	-1.882125	-0.518653	1.181589	
342	-1.884018	-0.524972	1.188998	
343	-1.884955	-0.530836	1.193427	
344	-1.886857	-0.535958	1.199895	
345	-1.887948	-0.542839	1.206965	
346	-1.888941	-0.547828	1.212493	
347	-1.890758	-0.551182	1.219813	
348	-1.890585	-0.557158	1.226952	
349	-1.890183	-0.563665	1.230412	
350	-1.890445	-0.568211	1.236609	
351	-1.890838	-0.573374	1.244234	
352	-1.890240	-0.579035	1.249054	
353	-1.890706	-0.584731	1.256237	
354	-1.890081	-0.596130	1.268887	
355	-1.889875	-0.601300	1.275926	
356	-1.888642	-0.605661	1.281268	
357	-1.888152	-0.610968	1.287801	
358	-1.888431	-0.617235	1.295875	
359	-1.887722	-0.624181	1.303903	
360	-1.886420	-0.634881	1.317842	
361	-1.885914	-0.641811	1.325995	
362	-1.885427	-0.647836	1.333118	
363	-1.884879	-0.653811	1.340382	
364	-1.885143	-0.658885	1.347804	
365	-1.884865	-0.663850	1.354990	
366	-1.884664	-0.667634	1.362337	
367	-1.884351	-0.670391	1.367610	
368	-1.884397	-0.674329	1.373929	
369	-1.884134	-0.678745	1.380860	
370	-1.883437	-0.681886	1.386898	
371	-1.883090	-0.684606	1.391714	
372	-1.882549	-0.687445	1.397601	
373	-1.882451	-0.690041	1.402055	
374	-1.882775	-0.692697	1.405637	
375	-1.883008	-0.695005	1.410269	
376	-1.883842	-0.697234	1.415480	
377	-1.884748	-0.698897	1.419182	
378	-1.886067	-0.700690	1.423833	
379	-1.887646	-0.701932	1.429096	
380	-1.889362	-0.704351	1.434874	
381	-1.891175	-0.706491	1.439780	
382	-1.893412	-0.708986	1.446144	
383	-1.895859	-0.712280	1.451056	
384	-1.898552	-0.715324	1.456551	
385	-1.901775	-0.719014	1.462525	
386	-1.905035	-0.723587	1.467358	
387	-1.908967	-0.728399	1.473684	
388	-1.913033	-0.733034	1.478816	
389	-1.916865	-0.739894	1.484116	
390	-1.921529	-0.743927	1.489407	
391	-1.925793	-0.750753	1.494402	
392	-1.930786	-0.756569	1.499535	
393	-1.936082	-0.761626	1.505842	
394	-1.941478	-0.767008	1.511045	
395	-1.946898	-0.773185	1.516603	
396	-1.952620	-0.779712	1.523882	
397	-1.957982	-0.786945	1.529682	
398	-1.968265	-0.798927	1.540200	
399	-1.972064	-0.807970	1.546695	
400	-1.976444	-0.814022	1.550875	
401	-1.979910	-0.824264	1.558564	
402	-1.983209	-0.828727	1.562045	
403	-1.986573	-0.838011	1.568032	
404	-1.990223	-0.844544	1.576169	
405	-1.992982	-0.851322	1.583742	
406	-1.995871	-0.858090	1.589822	
407	-1.998944	-0.865244	1.598210	
408	-2.001243	-0.868113	1.604856	
409	-2.003513	-0.870945	1.610254	
410	-2.005639	-0.876172	1.616988	
411	-2.007363	-0.879631	1.624652	
412	-2.008910	-0.883654	1.632690	
413	-2.010465	-0.885797	1.638975	
414	-2.011706	-0.888851	1.646809	
415	-2.012452	-0.892546	1.655962	
416	-2.013860	-0.891896	1.661439	
417	-2.015272	-0.894717	1.670316	
418	-2.016621	-0.896777	1.679715	
419	-2.018222	-0.897979	1.686235	
420	-2.019451	-0.901163	1.695282	
421	-2.021357	-0.899626	1.700764	
422	-2.022488	-0.903597	1.709943	
423	-2.023911	-0.903886	1.715709	
424	-2.025201	-0.905252	1.722419	
425	-2.026392	-0.906219	1.729026	
426	-2.028761	-0.908798	1.739761	
427	-2.030033	-0.910717	1.745520	
428	-2.030898	-0.913085	1.751597	
429	-2.032222	-0.915462	1.757375	
430	-2.034172	-0.918199	1.761608	
431	-2.035382	-0.923542	1.770187	
432	-2.036700	-0.934768	1.780995	
433	-2.037452	-0.940132	1.786091	
434	-2.037910	-0.946229	1.790919	
435	-2.039383	-0.950941	1.793394	
436	-2.040413	-0.956649	1.798569	
437	-2.041465	-0.963572	1.804320	
438	-2.043205	-0.969125	1.808567	
439	-2.044666	-0.975221	1.814912	
440	-2.045650	-0.981827	1.819985	
441	-2.047016	-0.988185	1.824449	
442	-2.048293	-0.993909	1.830857	
443	-2.049593	-0.998793	1.835165	
444	-2.050805	-1.005425	1.841218	
445	-2.052345	-1.010424	1.846139	
446	-2.053033	-1.017248	1.853097	
447	-2.054414	-1.023253	1.857200	
448	-2.055637	-1.030303	1.862934	
449	-2.056798	-1.036833	1.870067	
450	-2.058023	-1.042481	1.872693	
451	-2.059825	-1.049043	1.880002	
452	-2.061151	-1.054808	1.886420	
453	-2.063886	-1.059947	1.890176	
454	-2.065442	-1.067050	1.896748	
455	-2.067358	-1.073786	1.903918	
456	-2.070430	-1.080224	1.909457	
457	-2.074034	-1.086371	1.916943	
458	-2.078006	-1.093032	1.924482	
459	-2.081695	-1.102294	1.933444	
460	-2.087774	-1.107094	1.940652	
461	-2.092601	-1.115157	1.951486	
462	-2.097815	-1.122954	1.962341	
463	-2.102845	-1.129823	1.972948	
464	-2.107116	-1.136817	1.984293	
465	-2.111596	-1.144007	1.996627	
466	-2.115023	-1.150882	2.007982	
467	-2.117914	-1.157617	2.019713	
468	-2.121483	-1.164665	2.029975	
469	-2.124720	-1.172084	2.040972	
470	-2.127169	-1.178042	2.053033	
471	-2.130850	-1.184314	2.062317	
472	-2.134681	-1.191038	2.073344	
473	-2.136992	-1.196833	2.084204	
474	-2.140054	-1.202095	2.094692	
475	-2.142327	-1.207848	2.104666	
476	-2.144173	-1.213229	2.114905	
477	-2.146241	-1.217093	2.123957	
478	-2.147007	-1.220404	2.133554	
479	-2.147768	-1.222425	2.141848	
480	-2.147961	-1.226024	2.149512	
481	-2.147444	-1.227628	2.158154	
482	-2.145170	-1.229187	2.167995	
483	-2.144822	-1.230590	2.174534	
484	-2.144570	-1.231804	2.182921	
485	-2.140502	-1.232562	2.193047	
486	-2.138144	-1.233134	2.200146	
487	-2.136319	-1.233767	2.207200	
488	-2.128599	-1.236880	2.226294	
489	-2.126214	-1.237896	2.233755	
490	-2.122570	-1.240068	2.244781	
491	-2.118830	-1.242714	2.251327	
492	-2.115036	-1.246497	2.258507	
493	-2.110822	-1.250087	2.267642	
494	-2.106885	-1.254707	2.274104	
495	-2.104157	-1.259145	2.279989	
496	-2.099190	-1.263810	2.290508	
497	-2.091449	-1.274542	2.303565	
498	-2.087240	-1.278454	2.312194	
499	-2.082178	-1.282525	2.320136	
500	-2.078491	-1.288133	2.323827	
501	-2.075495	-1.291568	2.329401	
502	-2.069788	-1.296636	2.336436	
503	-2.066816	-1.300363	2.339763	
504	-2.062947	-1.303569	2.345158	
505	-2.058842	-1.306208	2.352448	
506	-2.056089	-1.310051	2.356402	
507	-2.052203	-1.314596	2.359126	
508	-2.047307	-1.318946	2.364517	
509	-2.044266	-1.321973	2.367090	
510	-2.041377	-1.324953	2.369866	
511	-2.036476	-1.327839	2.375424	
512	-2.032213	-1.332902	2.377259	
513	-2.027800	-1.338142	2.379230	
514	-2.021547	-1.342495	2.385515	
515	-2.018189	-1.345722	2.389065	
516	-2.013417	-1.350068	2.393553	
517	-2.007399	-1.354879	2.400464	
518	-2.002788	-1.359523	2.406212	
519	-1.998089	-1.363489	2.414347	
520	-1.991328	-1.368893	2.424099	
521	-1.987544	-1.373234	2.432213	
522	-1.982896	-1.377536	2.441329	
523	-1.977532	-1.383107	2.451184	
524	-1.972288	-1.388362	2.460960	
525	-1.966619	-1.394371	2.470428	
526	-1.963120	-1.402067	2.477433	
527	-1.957520	-1.407122	2.487098	
528	-1.951591	-1.412320	2.496539	
529	-1.947257	-1.418032	2.504728	
530	-1.943020	-1.423263	2.512633	
531	-1.938007	-1.427282	2.521589	
532	-1.933451	-1.432580	2.529583	
533	-1.929505	-1.435529	2.538474	
534	-1.924666	-1.438300	2.546705	
535	-1.919191	-1.442465	2.554255	
536	-1.914779	-1.446045	2.561075	
537	-1.909235	-1.448864	2.568373	
538	-1.902827	-1.453311	2.574012	
539	-1.900302	-1.455573	2.580306	
540	-1.894511	-1.458828	2.586499	
541	-1.886692	-1.463636	2.592714	
542	-1.882737	-1.466470	2.598183	
543	-1.876856	-1.469088	2.604409	
544	-1.869643	-1.472219	2.610161	
545	-1.863652	-1.474681	2.615682	
546	-1.858553	-1.476475	2.620876	
547	-1.851713	-1.477293	2.627182	
548	-1.843355	-1.479589	2.631004	
549	-1.836463	-1.480730	2.635275	
550	-1.828600	-1.482153	2.639105	
551	-1.820768	-1.482175	2.644215	
552	-1.811991	-1.483206	2.647452	
553	-1.805625	-1.483267	2.651043	
554	-1.795804	-1.481936	2.655582	
555	-1.782328	-1.483080	2.660044	
556	-1.776005	-1.482316	2.663849	
557	-1.766050	-1.480979	2.668941	
558	-1.753510	-1.480407	2.674255	
559	-1.745451	-1.479332	2.678405	
560	-1.736952	-1.477297	2.682788	
561	-1.724310	-1.476660	2.687307	
562	-1.714589	-1.476386	2.690622	
563	-1.696361	-1.473822	2.697704	
564	-1.685254	-1.473747	2.700284	
565	-1.676843	-1.473576	2.702080	
566	-1.667305	-1.472720	2.704189	
567	-1.657046	-1.472960	2.706557	
568	-1.648206	-1.473871	2.706920	
569	-1.640697	-1.474036	2.707659	
570	-1.631723	-1.474223	2.709957	
571	-1.623579	-1.475230	2.710864	
572	-1.616177	-1.476943	2.709859	
573	-1.608043	-1.478720	2.710283	
574	-1.600262	-1.480053	2.710847	
575	-1.593942	-1.480890	2.711471	
576	-1.587607	-1.481457	2.712141	
577	-1.579436	-1.482503	2.713983	
578	-1.568251	-1.485198	2.714170	
579	-1.561224	-1.485918	2.716051	
580	-1.553679	-1.486904	2.717556	
581	-1.548448	-1.488646	2.717194	
582	-1.541974	-1.488836	2.719275	
583	-1.534017	-1.490697	2.720653	
584	-1.529098	-1.492356	2.721643	
585	-1.516174	-1.494530	2.726315	
586	-1.510941	-1.495283	2.729075	
587	-1.505455	-1.496120	2.731183	
588	-1.498985	-1.496871	2.733640	
589	-1.492467	-1.498101	2.734347	
590	-1.479893	-1.499103	2.739539	
591	-1.473867	-1.499808	2.741974	
592	-1.466184	-1.500966	2.744690	
593	-1.460773	-1.501384	2.748037	
594	-1.455388	-1.502509	2.750566	
595	-1.448240	-1.503572	2.753135	
596	-1.441417	-1.503830	2.756674	
597	-1.437147	-1.503859	2.759646	
598	-1.430188	-1.503534	2.762497	
599	-1.422719	-1.503217	2.765955	
600	-1.417601	-1.502914	2.767342	
601	-1.412456	-1.502676	2.767982	
602	-1.403840	-1.501252	2.772404	
603	-1.396377	-1.499407	2.776700	
604	-1.392000	-1.499243	2.775989	
605	-1.383052	-1.498058	2.779332	
606	-1.373765	-1.496481	2.782455	
607	-1.368228	-1.495523	2.783438	
608	-1.359655	-1.493649	2.787114	
609	-1.351384	-1.492763	2.787895	
610	-1.342324	-1.491750	2.790479	
611	-1.334496	-1.490512	2.792315	
612	-1.327690	-1.489230	2.792519	
613	-1.318013	-1.488265	2.793128	
614	-1.310606	-1.487015	2.792559	
615	-1.303635	-1.485650	2.791426	
616	-1.295050	-1.484109	2.790760	
617	-1.287138	-1.482876	2.789934	
618	-1.280478	-1.482220	2.787945	
619	-1.271498	-1.482106	2.785422	
620	-1.264607	-1.482081	2.784233	
621	-1.258831	-1.482141	2.781762	
622	-1.251042	-1.482063	2.780273	
623	-1.243761	-1.482226	2.778777	
624	-1.238596	-1.482929	2.774796	
625	-1.230992	-1.483139	2.773127	
626	-1.223823	-1.483402	2.771196	
627	-1.211312	-1.483771	2.767364	
628	-1.203209	-1.484672	2.765081	
629	-1.197952	-1.485751	2.762378	
630	-1.190949	-1.486737	2.761107	
631	-1.184871	-1.487716	2.759172	
632	-1.178750	-1.489064	2.757241	
633	-1.171877	-1.490598	2.755020	
634	-1.166636	-1.491402	2.752997	
635	-1.161753	-1.492252	2.751328	
636	-1.156309	-1.492675	2.750251	
637	-1.147282	-1.492563	2.745862	
638	-1.143085	-1.492303	2.743589	
639	-1.138353	-1.491041	2.742208	
640	-1.132179	-1.490330	2.739511	
641	-1.125468	-1.489834	2.737559	
642	-1.123203	-1.488543	2.735623	
643	-1.119646	-1.487053	2.734341	
644	-1.113167	-1.486297	2.732123	
645	-1.109988	-1.484728	2.731191	
646	-1.107035	-1.482820	2.730262	
647	-1.100234	-1.481032	2.729375	
648	-1.094265	-1.479424	2.727576	
649	-1.090567	-1.477432	2.726000	
650	-1.085906	-1.474993	2.724594	
651	-1.080820	-1.472426	2.722225	
652	-1.075124	-1.469051	2.721106	
653	-1.070952	-1.465412	2.719368	
654	-1.064037	-1.461889	2.717734	
655	-1.057990	-1.458072	2.715793	
656	-1.052920	-1.453784	2.714018	
657	-1.044878	-1.450084	2.711386	
658	-1.041755	-1.445278	2.710136	
659	-1.037458	-1.440488	2.708748	
660	-1.027375	-1.437844	2.705903	
661	-1.022690	-1.433790	2.704126	
662	-1.018752	-1.429532	2.702697	
663	-1.012530	-1.425864	2.699509	
664	-1.008067	-1.421783	2.696623	
665	-1.004367	-1.417469	2.693479	
666	-1.001225	-1.412738	2.689636	
667	-0.998882	-1.407758	2.685909	
668	-0.992765	-1.403696	2.680688	
669	-0.987445	-1.398801	2.676179	
670	-0.984523	-1.392764	2.672887	
671	-0.977272	-1.388344	2.667556	
672	-0.971245	-1.382985	2.662359	
673	-0.959851	-1.373936	2.650561	
674	-0.952278	-1.370090	2.644740	
675	-0.938949	-1.362609	2.633572	
676	-0.928091	-1.361352	2.625899	
677	-0.926244	-1.356261	2.623269	
678	-0.922682	-1.351791	2.619928	
679	-0.916780	-1.348469	2.614663	
680	-0.910346	-1.344766	2.610394	
681	-0.907260	-1.339519	2.608034	
682	-0.901759	-1.336203	2.604429	
683	-0.896080	-1.332700	2.601635	
684	-0.887800	-1.324586	2.598275	
685	-0.882299	-1.321898	2.595765	
686	-0.881024	-1.316013	2.596138	
687	-0.877838	-1.312113	2.595162	
688	-0.871041	-1.310034	2.592889	
689	-0.869052	-1.303536	2.595231	
690	-0.866013	-1.298576	2.595421	
691	-0.860965	-1.295246	2.594721	
692	-0.858479	-1.289960	2.596041	
693	-0.857689	-1.284267	2.598125	
694	-0.853338	-1.281993	2.597484	
695	-0.851249	-1.277659	2.599227	
696	-0.850061	-1.273279	2.600768	
697	-0.844703	-1.272680	2.599283	
698	-0.843521	-1.268413	2.601757	
699	-0.842346	-1.265463	2.603194	
700	-0.837355	-1.265399	2.602429	
701	-0.836493	-1.261690	2.605168	
702	-0.834613	-1.259307	2.606456	
703	-0.831079	-1.257920	2.607607	
704	-0.829339	-1.254973	2.610541	
705	-0.827010	-1.252990	2.612694	
706	-0.824088	-1.250650	2.615146	
707	-0.821503	-1.247786	2.617874	
708	-0.819429	-1.245206	2.620654	
709	-0.816465	-1.243556	2.622507	
710	-0.814264	-1.240790	2.625410	
711	-0.812338	-1.238034	2.628045	
712	-0.803607	-1.231419	2.636380	
713	-0.798070	-1.231578	2.636220	
714	-0.792320	-1.232088	2.637199	
715	-0.790939	-1.229035	2.641183	
716	-0.785035	-1.230318	2.641794	
717	-0.781491	-1.229348	2.644562	
718	-0.779629	-1.227259	2.647916	
719	-0.774754	-1.227223	2.649662	
720	-0.770854	-1.226696	2.652046	
721	-0.768124	-1.225029	2.655430	
722	-0.762717	-1.225818	2.656075	
723	-0.757908	-1.226462	2.658290	
724	-0.755276	-1.225631	2.661830	
725	-0.752297	-1.225523	2.663820	
726	-0.746203	-1.227865	2.664695	
727	-0.743858	-1.226414	2.669251	
728	-0.740975	-1.225470	2.672176	
729	-0.735368	-1.227513	2.673049	
730	-0.731831	-1.226946	2.677479	
731	-0.728969	-1.226534	2.680151	
732	-0.723276	-1.228499	2.681151	
733	-0.720460	-1.227928	2.685366	
734	-0.716673	-1.228399	2.687680	
735	-0.712101	-1.229801	2.688784	
736	-0.709521	-1.229309	2.692371	
737	-0.705945	-1.230187	2.694231	
738	-0.701837	-1.231541	2.696311	
739	-0.699163	-1.232217	2.699222	
740	-0.694575	-1.235867	2.699227	
741	-0.692521	-1.237570	2.702075	
742	-0.690839	-1.238368	2.705264	
743	-0.689535	-1.239651	2.707355	
744	-0.689049	-1.239546	2.711154	
745	-0.687008	-1.240768	2.713206	
746	-0.685493	-1.241794	2.716503	
747	-0.684156	-1.242639	2.719526	
748	-0.681421	-1.244281	2.721972	
749	-0.679280	-1.245397	2.724536	
750	-0.679418	-1.244548	2.728923	
751	-0.676358	-1.246730	2.731193	
752	-0.674145	-1.248051	2.735415	
753	-0.672882	-1.249070	2.740503	
754	-0.670506	-1.251117	2.744315	
755	-0.667020	-1.254974	2.747608	
756	-0.665657	-1.257359	2.752694	
757	-0.663466	-1.260328	2.757215	
758	-0.659284	-1.265750	2.760976	
759	-0.658331	-1.268191	2.767671	
760	-0.655401	-1.272609	2.772122	
761	-0.652668	-1.276793	2.777966	
762	-0.651061	-1.280282	2.784861	
763	-0.649135	-1.283550	2.790505	
764	-0.646666	-1.287404	2.795899	
765	-0.643698	-1.291656	2.801480	
766	-0.640631	-1.295887	2.807178	
767	-0.638779	-1.299150	2.814122	
768	-0.634981	-1.304017	2.818396	
769	-0.632919	-1.307121	2.824618	
770	-0.632549	-1.308859	2.831545	
771	-0.628195	-1.313468	2.835178	
772	-0.625532	-1.316364	2.840951	
773	-0.622913	-1.318733	2.846145	
774	-0.618214	-1.322613	2.848062	
775	-0.616932	-1.323292	2.854346	
776	-0.615077	-1.323881	2.859382	
777	-0.610243	-1.326035	2.862242	
778	-0.606378	-1.326948	2.866247	
779	-0.602486	-1.327546	2.870234	
780	-0.596385	-1.330606	2.870294	
781	-0.591965	-1.332237	2.872079	
782	-0.587679	-1.333968	2.873355	
783	-0.581776	-1.336594	2.872755	
784	-0.575475	-1.339244	2.873604	
785	-0.570466	-1.340859	2.875343	
786	-0.563056	-1.343096	2.875881	
787	-0.557511	-1.344699	2.877295	
788	-0.545795	-1.348072	2.881130	
789	-0.538134	-1.350147	2.883335	
790	-0.531687	-1.352241	2.885839	
791	-0.523833	-1.354680	2.886754	
792	-0.516220	-1.356920	2.887805	
793	-0.507087	-1.360539	2.888265	
794	-0.500138	-1.362540	2.890578	
795	-0.491349	-1.365030	2.891307	
796	-0.481839	-1.368271	2.891257	
797	-0.474721	-1.369469	2.894040	
798	-0.466852	-1.371300	2.895511	
799	-0.457379	-1.374404	2.896041	
800	-0.450762	-1.375700	2.898700	
801	-0.433593	-1.381087	2.898468	
802	-0.421284	-1.383641	2.900373	
803	-0.408867	-1.386673	2.901189	
804	-0.403462	-1.387684	2.901400	
805	-0.396631	-1.389262	2.900740	
806	-0.392924	-1.388689	2.902092	
807	-0.386250	-1.389232	2.901604	
808	-0.379230	-1.390091	2.901173	
809	-0.373142	-1.389468	2.902027	
810	-0.365645	-1.390383	2.901149	
811	-0.357528	-1.391835	2.899971	
812	-0.350996	-1.391088	2.901123	
813	-0.344542	-1.391958	2.901081	
814	-0.336714	-1.393519	2.899782	
815	-0.330473	-1.393072	2.900949	
816	-0.323431	-1.393940	2.900654	
817	-0.315743	-1.394579	2.898865	
818	-0.310966	-1.393676	2.899291	
819	-0.304236	-1.394622	2.896539	
820	-0.298095	-1.395200	2.894582	
821	-0.293033	-1.394869	2.893551	
822	-0.288108	-1.394906	2.891717	
823	-0.283237	-1.394292	2.890252	
824	-0.277471	-1.392720	2.889026	
825	-0.271983	-1.392291	2.886897	
826	-0.266111	-1.390369	2.885230	
827	-0.261974	-1.387798	2.884048	
828	-0.257602	-1.385617	2.881880	
829	-0.245716	-1.379467	2.877872	
830	-0.240240	-1.376566	2.874815	
831	-0.233630	-1.373426	2.870842	
832	-0.228141	-1.368811	2.867779	
833	-0.221341	-1.364684	2.863512	
834	-0.213807	-1.360802	2.858167	
835	-0.206016	-1.355925	2.853733	
836	-0.197460	-1.350814	2.849020	
837	-0.188448	-1.347614	2.842346	
838	-0.179390	-1.343655	2.836216	
839	-0.170655	-1.339128	2.830396	
840	-0.161859	-1.335482	2.823790	
841	-0.144827	-1.328420	2.809751	
842	-0.137074	-1.324915	2.803138	
843	-0.129848	-1.321806	2.795946	
844	-0.121711	-1.317876	2.789554	
845	-0.116263	-1.315463	2.782750	
846	-0.108273	-1.312127	2.776848	
847	-0.100831	-1.309121	2.770022	
848	-0.095645	-1.307362	2.763746	
849	-0.087981	-1.304029	2.758009	
850	-0.081675	-1.304830	2.748524	
851	-0.074718	-1.304349	2.741584	
852	-0.066994	-1.300862	2.737391	
853	-0.062652	-1.302010	2.728953	
854	-0.056499	-1.303138	2.721575	
855	-0.048751	-1.302302	2.715203	
856	-0.043346	-1.301820	2.708385	
857	-0.038796	-1.300985	2.701581	
858	-0.033381	-1.299927	2.694082	
859	-0.026816	-1.298327	2.687388	
860	-0.020605	-1.296318	2.681357	
861	-0.014556	-1.296010	2.673990	
862	-0.007565	-1.295520	2.668267	
863	-0.000164	-1.296212	2.660985	
864	0.006607	-1.297428	2.654157	
865	0.013218	-1.298181	2.648856	
866	0.020814	-1.300281	2.641912	
867	0.027541	-1.301905	2.636183	
868	0.034136	-1.303630	2.630667	
869	0.040590	-1.305971	2.623793	
870	0.046284	-1.308761	2.616286	
871	0.052810	-1.310516	2.610087	
872	0.058825	-1.312719	2.603526	
873	0.064068	-1.314900	2.595997	
874	0.068564	-1.317411	2.587788	
875	0.079926	-1.319387	2.573864	
876	0.083120	-1.321251	2.564811	
877	0.086799	-1.322140	2.556955	
878	0.089751	-1.323449	2.547732	
879	0.097730	-1.323057	2.533170	
880	0.099089	-1.322542	2.524308	
881	0.100852	-1.322084	2.515706	
882	0.105672	-1.319881	2.509680	
883	0.106957	-1.318864	2.501873	
884	0.107906	-1.318660	2.492941	
885	0.107625	-1.317106	2.484066	
886	0.111188	-1.315598	2.475472	
887	0.112130	-1.314325	2.466724	
888	0.115497	-1.312326	2.457902	
889	0.117596	-1.310472	2.449633	
890	0.119998	-1.309221	2.439944	
891	0.122790	-1.308954	2.429582	
892	0.125515	-1.307884	2.420500	
893	0.128181	-1.306942	2.410730	
894	0.130342	-1.306715	2.399412	
895	0.132775	-1.306787	2.389610	
896	0.135999	-1.307390	2.379833	
897	0.139496	-1.308558	2.371260	
898	0.143852	-1.308859	2.363900	
899	0.148168	-1.308346	2.356789	
900	0.150837	-1.307621	2.348416	
901	0.153785	-1.306505	2.340635	
902	0.157349	-1.304719	2.334847	
903	0.158707	-1.302906	2.327387	
904	0.160623	-1.301279	2.319973	
905	0.165242	-1.298751	2.314782	
906	0.165240	-1.296888	2.307328	
907	0.170188	-1.294972	2.301962	
908	0.173579	-1.292812	2.295113	
909	0.178463	-1.290682	2.289364	
910	0.180229	-1.289677	2.282804	
911	0.188506	-1.287282	2.282163	
912	0.192822	-1.285871	2.278475	
913	0.196809	-1.285489	2.274819	
914	0.201528	-1.283451	2.272099	
915	0.205386	-1.281332	2.268194	
916	0.208749	-1.279371	2.264764	
917	0.210289	-1.277188	2.262744	
918	0.214968	-1.274799	2.260105	
919	0.219075	-1.273530	2.257350	
920	0.222463	-1.271298	2.256162	
921	0.225552	-1.269764	2.254348	
922	0.231101	-1.268514	2.251840	
923	0.232259	-1.267048	2.251484	
924	0.238496	-1.265631	2.248918	
925	0.240665	-1.265102	2.249088	
926	0.244193	-1.263871	2.249146	
927	0.250413	-1.263421	2.247623	
928	0.254344	-1.263518	2.248236	
929	0.257039	-1.262627	2.249732	
930	0.261590	-1.262537	2.249692	
931	0.266545	-1.263158	2.250975	
932	0.267262	-1.263420	2.255289	
933	0.272057	-1.264174	2.255999	
934	0.274022	-1.264978	2.258955	
935	0.277056	-1.265441	2.261382	
936	0.280517	-1.266322	2.262466	
937	0.284072	-1.267298	2.264270	
938	0.288102	-1.267669	2.268325	
939	0.290712	-1.268567	2.272085	
940	0.292576	-1.269137	2.275780	
941	0.296067	-1.269661	2.278917	
942	0.299292	-1.270123	2.281309	
943	0.301685	-1.270854	2.284120	
944	0.303373	-1.270773	2.289203	
945	0.306429	-1.270987	2.292170	
946	0.310522	-1.271522	2.295043	
947	0.311222	-1.271654	2.298625	
948	0.314443	-1.272848	2.301066	
949	0.317354	-1.273434	2.304077	
950	0.324461	-1.275064	2.307421	
951	0.325519	-1.275749	2.311536	
952	0.328648	-1.276226	2.313140	
953	0.330460	-1.276336	2.317085	
954	0.332295	-1.275559	2.321692	
955	0.335659	-1.274661	2.324021	
956	0.338572	-1.273806	2.326418	
957	0.340869	-1.272410	2.331526	
958	0.341836	-1.271030	2.337609	
959	0.341743	-1.268652	2.340506	
960	0.344388	-1.268602	2.345215	
961	0.346822	-1.267963	2.350424	
962	0.346896	-1.266711	2.355802	
963	0.351791	-1.267214	2.357256	
964	0.352855	-1.267018	2.362185	
965	0.353511	-1.266598	2.368037	
966	0.358299	-1.267829	2.370462	
967	0.360296	-1.267512	2.375912	
968	0.363460	-1.268466	2.381835	
969	0.369564	-1.271128	2.385125	
970	0.372984	-1.272543	2.391186	
971	0.374478	-1.273165	2.397781	
972	0.379736	-1.276758	2.403323	
973	0.382694	-1.277991	2.412050	
974	0.383446	-1.276885	2.418675	
975	0.387585	-1.279515	2.424173	
976	0.389000	-1.280043	2.434078	
977	0.392458	-1.281404	2.438293	
978	0.397519	-1.284563	2.445878	
979	0.396076	-1.283438	2.454064	
980	0.398088	-1.283448	2.454713	
981	0.403811	-1.285470	2.461197	
982	0.405159	-1.284811	2.468724	
983	0.407216	-1.285504	2.470685	
984	0.410538	-1.286486	2.476462	
985	0.410627	-1.286363	2.482814	
986	0.411516	-1.286916	2.485718	
987	0.413809	-1.287392	2.490798	
988	0.416344	-1.288465	2.495265	
989	0.419032	-1.290102	2.498190	
990	0.421669	-1.290150	2.504659	
991	0.422255	-1.289925	2.508871	
992	0.423485	-1.290794	2.512348	
993	0.425674	-1.289646	2.519313	
994	0.427896	-1.289398	2.522970	
995	0.430563	-1.289990	2.525459	
996	0.432275	-1.287956	2.530622	
997	0.432475	-1.284991	2.539041	
998	0.435246	-1.284523	2.542343	
999	0.437265	-1.282738	2.547826	
1000	0.440481	-1.280560	2.559615	
1001	0.442111	-1.278062	2.570350	
1002	0.442594	-1.277315	2.578214	
1003	0.443148	-1.278059	2.583403	
1004	0.442154	-1.276263	2.589941	
1005	0.441084	-1.275738	2.594196	
1006	0.440663	-1.274187	2.599583	
1007	0.441280	-1.273444	2.602513	
1008	0.441880	-1.273380	2.606021	
1009	0.441779	-1.272771	2.608512	
1010	0.442618	-1.273426	2.610678	
1011	0.443595	-1.273700	2.613216	
1012	0.443499	-1.272858	2.616031	
1013	0.443539	-1.272537	2.619852	
1014	0.445155	-1.273128	2.620598	
1015	0.447386	-1.275369	2.624290	
1016	0.446201	-1.274383	2.628181	
1017	0.447601	-1.274543	2.629529	
1018	0.449620	-1.275548	2.630938	
1019	0.451783	-1.274128	2.633604	
1020	0.454030	-1.274415	2.633197	
1021	0.452405	-1.270728	2.634560	
1022	0.454901	-1.270563	2.634285	
1023	0.455327	-1.264770	2.633107	
1024	0.458347	-1.259670	2.631382	
1025	0.457653	-1.254658	2.630582	
1026	0.458199	-1.250194	2.628616	
1027	0.461679	-1.248782	2.627542	
1028	0.462189	-1.244821	2.627374	
1029	0.463987	-1.240717	2.626952	
1030	0.466523	-1.237998	2.627290	
1031	0.465923	-1.231880	2.626804	
1032	0.468597	-1.228841	2.627654	
1033	0.471998	-1.227350	2.628469	
1034	0.472037	-1.221849	2.628150	
1035	0.475012	-1.218285	2.627171	
1036	0.478658	-1.217711	2.628730	
1037	0.480705	-1.213863	2.628066	
1038	0.481483	-1.210104	2.628509	
1039	0.485363	-1.208393	2.627837	
1040	0.487511	-1.206061	2.627101	
1041	0.489287	-1.203282	2.625905	
1042	0.490898	-1.200675	2.624499	
1043	0.493471	-1.199224	2.621919	
1044	0.494762	-1.196865	2.619926	
1045	0.496149	-1.194979	2.618568	
1046	0.498189	-1.193147	2.616793	
1047	0.499400	-1.189989	2.617015	
1048	0.501827	-1.188521	2.615270	
1049	0.502748	-1.187339	2.615169	
1050	0.503436	-1.186886	2.616389	
1051	0.504650	-1.184887	2.615038	
1052	0.505473	-1.183160	2.614555	
1053	0.505760	-1.181999	2.615559	
1054	0.506637	-1.180614	2.615680	
1055	0.506963	-1.179199	2.616693	
1056	0.506990	-1.177857	2.618426	
1057	0.506813	-1.176441	2.620638	
1058	0.507064	-1.174437	2.622007	
1059	0.506380	-1.173581	2.625435	
1060	0.507045	-1.173738	2.628709	
1061	0.506800	-1.175452	2.634215	
1062	0.504510	-1.175014	2.639279	
1063	0.505002	-1.175892	2.642929	
1064	0.505683	-1.173895	2.643052	
1065	0.504756	-1.170232	2.642588	
1066	0.507235	-1.172020	2.645177	
1067	0.507218	-1.171966	2.648333	
1068	0.506126	-1.169250	2.649770	
1069	0.507743	-1.170600	2.653408	
1070	0.507795	-1.172952	2.659722	
1071	0.505113	-1.169185	2.662640	
1072	0.505275	-1.167272	2.664429	
1073	0.504276	-1.167996	2.670825	
1074	0.501347	-1.165233	2.675674	
1075	0.501408	-1.163190	2.678030	
1076	0.500394	-1.162682	2.683008	
1077	0.498460	-1.162013	2.689502	
1078	0.497459	-1.160861	2.693816	
1079	0.496471	-1.161925	2.700514	
1080	0.495780	-1.161877	2.705096	
1081	0.493166	-1.161802	2.712553	
1082	0.494734	-1.161967	2.714736	
1083	0.495419	-1.160353	2.715459	
1084	0.492872	-1.156675	2.717341	
1085	0.495941	-1.157779	2.716702	
1086	0.496593	-1.150082	2.707180	
1087	0.494409	-1.146104	2.706701	
1088	0.496569	-1.143481	2.700540	
1089	0.493920	-1.142210	2.702475	
1090	0.490506	-1.142191	2.706104	
1091	0.491475	-1.144434	2.705269	
1092	0.488257	-1.144655	2.707550	
1093	0.485456	-1.143681	2.707493	
1094	0.485920	-1.144779	2.703712	
1095	0.481006	-1.146572	2.709621	
1096	0.480306	-1.147886	2.707997	
1097	0.479133	-1.149296	2.707007	
1098	0.474341	-1.150770	2.712262	
1099	0.474242	-1.153092	2.710574	
1100	0.470759	-1.155389	2.713695	
1101	0.464840	-1.161801	2.721124	
1102	0.461188	-1.162479	2.722863	
1103	0.457635	-1.161809	2.722825	
1104	0.453856	-1.163468	2.726402	
1105	0.449281	-1.164771	2.730444	
1106	0.445253	-1.167196	2.735216	
1107	0.441954	-1.168832	2.737731	
1108	0.437357	-1.172097	2.745112	
1109	0.433414	-1.174738	2.749959	
1110	0.429093	-1.176091	2.752866	
1111	0.425134	-1.180634	2.759829	
1112	0.421206	-1.184303	2.764057	
1113	0.416852	-1.188238	2.769134	
1114	0.411975	-1.190250	2.771457	
1115	0.407630	-1.194247	2.776536	
1116	0.395907	-1.199737	2.785404	
1117	0.391382	-1.203417	2.789005	
1118	0.385957	-1.205900	2.791686	
1119	0.379268	-1.206721	2.793722	
1120	0.374486	-1.211786	2.799904	
1121	0.368678	-1.216920	2.809360	
1122	0.362216	-1.217190	2.810090	
1123	0.357675	-1.220363	2.812425	
1124	0.351910	-1.224043	2.820798	
1125	0.345614	-1.223023	2.820973	
1126	0.341603	-1.226731	2.826516	
1127	0.336669	-1.227780	2.830103	
1128	0.332919	-1.229808	2.833391	
1129	0.329524	-1.232950	2.839014	
1130	0.325488	-1.233486	2.841015	
1131	0.323364	-1.236120	2.842612	
1132	0.320773	-1.238029	2.846730	
1133	0.318250	-1.238839	2.847051	
1134	0.317100	-1.240140	2.845243	
1135	0.316175	-1.243458	2.848629	
1136	0.314763	-1.244497	2.848424	
1137	0.314223	-1.246632	2.849329	
1138	0.313586	-1.248125	2.848503	
1139	0.312196	-1.248744	2.850267	
1140	0.311207	-1.248683	2.848635	
1141	0.311012	-1.250531	2.849828	
1142	0.308853	-1.249314	2.849724	
1143	0.307814	-1.250135	2.851545	
1144	0.306895	-1.251106	2.852760	
1145	0.304893	-1.250942	2.854857	
1146	0.303532	-1.251626	2.857381	
1147	0.301791	-1.252743	2.862925	
1148	0.298668	-1.251506	2.864594	
1149	0.296997	-1.253167	2.869421	
1150	0.295897	-1.255044	2.872827	
1151	0.292145	-1.255346	2.878645	
1152	0.291398	-1.259467	2.884546	
1153	0.289441	-1.261458	2.887609	
1154	0.285923	-1.262355	2.891041	
1155	0.284161	-1.264937	2.892816	
1156	0.281717	-1.267208	2.895017	
1157	0.279212	-1.270588	2.898637	
1158	0.277243	-1.273815	2.900782	
1159	0.274976	-1.277221	2.904955	
1160	0.272537	-1.279282	2.905343	
1161	0.270169	-1.283027	2.908740	
1162	0.267423	-1.285644	2.911150	
1163	0.266146	-1.290267	2.912849	
1164	0.263354	-1.293027	2.916340	
1165	0.261017	-1.296539	2.917695	
1166	0.259410	-1.300244	2.920086	
1167	0.256729	-1.302373	2.922572	
1168	0.256083	-1.306972	2.924227	
1169	0.254795	-1.310624	2.927874	
1170	0.252751	-1.312915	2.930897	
1171	0.251811	-1.316694	2.934802	
1172	0.250293	-1.319197	2.937916	
1173	0.248612	-1.321905	2.940335	
1174	0.246205	-1.324241	2.943710	
1175	0.245414	-1.327698	2.945058	
1176	0.242696	-1.329468	2.951373	
1177	0.239985	-1.330336	2.950877	
1178	0.238357	-1.332941	2.956117	
1179	0.235182	-1.334234	2.962021	
1180	0.233044	-1.336129	2.964175	
1181	0.231232	-1.339560	2.969075	
1182	0.228594	-1.342437	2.975220	
1183	0.226292	-1.345913	2.978989	
1184	0.223357	-1.349195	2.984488	
1185	0.219861	-1.353009	2.988344	
1186	0.216453	-1.356901	2.991632	
1187	0.212973	-1.361888	2.997633	
1188	0.207815	-1.365278	3.004285	
1189	0.204049	-1.369729	3.008312	
1190	0.200480	-1.375058	3.013222	
1191	0.195125	-1.378974	3.018920	
1192	0.190980	-1.383843	3.023639	
1193	0.185505	-1.388847	3.029112	
1194	0.178710	-1.392915	3.036007	
1195	0.174347	-1.399153	3.041543	
1196	0.169230	-1.404616	3.047635	
1197	0.164292	-1.409341	3.054397	
1198	0.159944	-1.414729	3.060817	
1199	0.155550	-1.419956	3.067358	
1200	0.151004	-1.425094	3.073633	
1201	0.146637	-1.430249	3.080396	
1202	0.138752	-1.440931	3.095122	
1203	0.135328	-1.446348	3.102439	
1204	0.131945	-1.451697	3.110411	
1205	0.129114	-1.456928	3.116890	
1206	0.127067	-1.462319	3.125899	
1207	0.124276	-1.466380	3.134017	
1208	0.122595	-1.471316	3.140997	
1209	0.120978	-1.476047	3.149736	
1210	0.119262	-1.481089	3.158398	
1211	0.117400	-1.485273	3.164116	
1212	0.115119	-1.489244	3.171436	
1213	0.112447	-1.496702	3.183537	
1214	0.111742	-1.500254	3.189895	
1215	0.111969	-1.503962	3.194648	
1216	0.113051	-1.508303	3.201335	
1217	0.115106	-1.512222	3.207250	
1218	0.116717	-1.515609	3.213669	
1219	0.119851	-1.519116	3.218960	
1220	0.122959	-1.522467	3.224620	
1221	0.126720	-1.525640	3.231037	
1222	0.131320	-1.528296	3.237031	
1223	0.136325	-1.531152	3.242900	
1224	0.142081	-1.533549	3.250371	
1225	0.148428	-1.535838	3.256592	
1226	0.155951	-1.538282	3.263824	
1227	0.163170	-1.540211	3.271982	
1228	0.170543	-1.541795	3.279044	
1229	0.179543	-1.545056	3.285848	
1230	0.187376	-1.547142	3.295005	
1231	0.196900	-1.550615	3.302490	
1232	0.205706	-1.554147	3.309447	
1233	0.213860	-1.557321	3.315533	
1234	0.222505	-1.561339	3.321234	
1235	0.231177	-1.565087	3.327888	
1236	0.238848	-1.568419	3.332521	
1237	0.247081	-1.572074	3.337683	
1238	0.255143	-1.575269	3.342991	
1239	0.262455	-1.577994	3.348942	
1240	0.269202	-1.581753	3.354602	
1241	0.274873	-1.585843	3.359601	
1242	0.281511	-1.589833	3.366140	
1243	0.287161	-1.593831	3.370242	
1244	0.292899	-1.597534	3.375505	
1245	0.299078	-1.601495	3.381304	
1246	0.303876	-1.605678	3.385099	
1247	0.310645	-1.609916	3.392022	
1248	0.316137	-1.614226	3.397296	
1249	0.322355	-1.619750	3.401930	
1250	0.333434	-1.627488	3.409729	
1251	0.339653	-1.632526	3.415022	
1252	0.346255	-1.637838	3.420682	
1253	0.353360	-1.643051	3.426958	
1254	0.368268	-1.654700	3.440371	
1255	0.376091	-1.660795	3.447142	
1256	0.382006	-1.665828	3.454210	
1257	0.389830	-1.671091	3.460707	
1258	0.395420	-1.675113	3.468055	
1259	0.402295	-1.678589	3.475442	
1260	0.409292	-1.683370	3.479952	
1261	0.416193	-1.687637	3.485237	
1262	0.422793	-1.691875	3.490758	
1263	0.429687	-1.695495	3.495606	
1264	0.435770	-1.698558	3.499720	
1265	0.442427	-1.701172	3.504197	
1266	0.450182	-1.703685	3.508284	
1267	0.458995	-1.706897	3.511235	
1268	0.468503	-1.709157	3.515919	
1269	0.477213	-1.711576	3.519368	
1270	0.487567	-1.713876	3.523086	
1271	0.497478	-1.715598	3.526348	
1272	0.507737	-1.716974	3.529817	
1273	0.520057	-1.718851	3.532447	
1274	0.531271	-1.719986	3.536059	
1275	0.542645	-1.720486	3.538721	
1276	0.554823	-1.722442	3.539961	
1277	0.567545	-1.723121	3.542943	
1278	0.579697	-1.723905	3.545200	
1279	0.591486	-1.723562	3.548001	
1280	0.603913	-1.724105	3.550132	
1281	0.615989	-1.724443	3.551918	
1282	0.627648	-1.724884	3.553580	
1283	0.639278	-1.725554	3.554328	
1284	0.651441	-1.727419	3.554385	
1285	0.664348	-1.728469	3.555651	
1286	0.677495	-1.729720	3.557199	
1287	0.689585	-1.731186	3.557937	
1288	0.701083	-1.732641	3.558478	
1289	0.713909	-1.733202	3.559920	
1290	0.728631	-1.734388	3.560278	
1291	0.740717	-1.734497	3.561528	
1292	0.752257	-1.735572	3.561221	
1293	0.765275	-1.736630	3.561584	
1294	0.778192	-1.737551	3.561880	
1295	0.789465	-1.738912	3.562389	
1296	0.802812	-1.740164	3.562231	
1297	0.813590	-1.740802	3.562773	
1298	0.824478	-1.740838	3.563919	
1299	0.837561	-1.742832	3.563658	
1300	0.850692	-1.743237	3.565279	
1301	0.861795	-1.744623	3.567029	
1302	0.875308	-1.746902	3.568054	
1303	0.887002	-1.747401	3.571502	
1304	0.899056	-1.749277	3.573560	
1305	0.914424	-1.749195	3.578233	
1306	0.925570	-1.751441	3.580892	
1307	0.939131	-1.753482	3.584960	
1308	0.950775	-1.756107	3.588955	
1309	0.960606	-1.758331	3.594991	
1310	0.973376	-1.760876	3.600027	
1311	0.986656	-1.762899	3.606431	
1312	0.998262	-1.764734	3.612380	
1313	1.009619	-1.768703	3.616683	
1314	1.022096	-1.771271	3.621699	
1315	1.030664	-1.773683	3.626916	
1316	1.040301	-1.776842	3.630683	
1317	1.049055	-1.778687	3.635503	
1318	1.065810	-1.782409	3.644639	
1319	1.074823	-1.783733	3.648422	
1320	1.084505	-1.784650	3.652877	
1321	1.092442	-1.786139	3.656109	
1322	1.103124	-1.787665	3.658476	
1323	1.117629	-1.787244	3.661696	
1324	1.126758	-1.788281	3.663945	
1325	1.137129	-1.790010	3.665221	
1326	1.148353	-1.789549	3.667765	
1327	1.158172	-1.790574	3.668623	
1328	1.168770	-1.791652	3.669159	
1329	1.179770	-1.790527	3.670362	
1330	1.190963	-1.791194	3.669695	
1331	1.202417	-1.790341	3.669109	
1332	1.213609	-1.789486	3.668274	
1333	1.226891	-1.787393	3.667813	
1334	1.251438	-1.784695	3.663425	
1335	1.264851	-1.781379	3.662709	
1336	1.276191	-1.777303	3.663390	
1337	1.306467	-1.772805	3.659671	
1338	1.333443	-1.769264	3.653975	
1339	1.348460	-1.764993	3.651494	
1340	1.358468	-1.761827	3.649507	
1341	1.371402	-1.760751	3.644279	
1342	1.382093	-1.758765	3.640718	
1343	1.393798	-1.757762	3.635983	
1344	1.404525	-1.757917	3.630338	
1345	1.421738	-1.753551	3.626426	
1346	1.424442	-1.754791	3.622314	
1347	1.440892	-1.751773	3.617020	
1348	1.445568	-1.750551	3.614039	
1349	1.451911	-1.750731	3.608563	
1350	1.462151	-1.749211	3.603718	
1351	1.471648	-1.745755	3.600609	
1352	1.477723	-1.746699	3.594947	
1353	1.487327	-1.744790	3.590165	
1354	1.496246	-1.742219	3.586857	
1355	1.504950	-1.741613	3.580740	
1356	1.516009	-1.739132	3.575366	
1357	1.525470	-1.736757	3.571351	
1358	1.536979	-1.734547	3.565758	
1359	1.548080	-1.731442	3.562277	
1360	1.557852	-1.729128	3.558687	
1361	1.570718	-1.727143	3.554280	
1362	1.584379	-1.724022	3.550388	
1363	1.594222	-1.720517	3.548891	
1364	1.605871	-1.718663	3.546004	
1365	1.619940	-1.716038	3.542439	
1366	1.631817	-1.713467	3.539378	
1367	1.642268	-1.712199	3.535512	
1368	1.654973	-1.708746	3.532002	
1369	1.663974	-1.706660	3.528702	
1370	1.675523	-1.703661	3.524842	
1371	1.686539	-1.699930	3.522019	
1372	1.695886	-1.697585	3.518838	
1373	1.705907	-1.694868	3.515087	
1374	1.714644	-1.691739	3.511466	
1375	1.723295	-1.689036	3.507522	
1376	1.731449	-1.686306	3.503523	
1377	1.740043	-1.683308	3.498477	
1378	1.748355	-1.680438	3.493429	
1379	1.754991	-1.677474	3.489146	
1380	1.763745	-1.673708	3.483060	
1381	1.773508	-1.667567	3.478356	
1382	1.778286	-1.664193	3.474369	
1383	1.784813	-1.660416	3.467870	
1384	1.794652	-1.653583	3.461022	
1385	1.799385	-1.649874	3.454580	
1386	1.807452	-1.644343	3.446686	
1387	1.815601	-1.638409	3.437632	
1388	1.821845	-1.633881	3.428598	
1389	1.828671	-1.628518	3.419554	
1390	1.834028	-1.622866	3.413540	
1391	1.841884	-1.617965	3.403954	
1392	1.852342	-1.612448	3.393201	
1393	1.858794	-1.606192	3.386887	
1394	1.864133	-1.602330	3.379879	
1395	1.877735	-1.594171	3.366087	
1396	1.889774	-1.584533	3.350978	
1397	1.896620	-1.579513	3.343235	
1398	1.902710	-1.574608	3.336363	
1399	1.909121	-1.572021	3.326906	
1400	1.915739	-1.567584	3.319662	
1401	1.922117	-1.563951	3.312057	
1402	1.928755	-1.561017	3.302799	
1403	1.934441	-1.557918	3.294259	
1404	1.939969	-1.554864	3.285300	
1405	1.945453	-1.550299	3.278741	
1406	1.951124	-1.545455	3.273623	
1407	1.957495	-1.541381	3.265316	
1408	1.964331	-1.536562	3.257352	
1409	1.971232	-1.530591	3.251526	
1410	1.978498	-1.525016	3.243524	
1411	1.986552	-1.518918	3.235329	
1412	1.994035	-1.513321	3.226900	
1413	2.002659	-1.508672	3.217425	
1414	2.012590	-1.501256	3.210053	
1415	2.020601	-1.495565	3.203769	
1416	2.030119	-1.489939	3.197254	
1417	2.040788	-1.483568	3.190898	
1418	2.050390	-1.476845	3.186766	
1419	2.059804	-1.471064	3.180174	
1420	2.070668	-1.464771	3.172895	
1421	2.080887	-1.458358	3.166339	
1422	2.090842	-1.452341	3.159319	
1423	2.099034	-1.446963	3.154160	
1424	2.114601	-1.437784	3.140730	
1425	2.120538	-1.433188	3.135972	
1426	2.126774	-1.429688	3.130524	
1427	2.133047	-1.426821	3.122535	
1428	2.139476	-1.422759	3.115710	
1429	2.144463	-1.418643	3.110427	
1430	2.149007	-1.414321	3.106654	
1431	2.153481	-1.410669	3.101884	
1432	2.158378	-1.407449	3.093795	
1433	2.163688	-1.402300	3.087205	
1434	2.167788	-1.396807	3.082855	
1435	2.171554	-1.391747	3.077869	
1436	2.176042	-1.386029	3.072509	
1437	2.178551	-1.383183	3.064024	
1438	2.181621	-1.378840	3.056689	
1439	2.184295	-1.373468	3.052400	
1440	2.187100	-1.368540	3.046235	
1441	2.191139	-1.363152	3.037160	
1442	2.194149	-1.357360	3.029228	
1443	2.196671	-1.352347	3.021527	
1444	2.200606	-1.346522	3.010853	
1445	2.204370	-1.341923	2.999115	
1446	2.206538	-1.337406	2.992563	
1447	2.208755	-1.334147	2.981323	
1448	2.212977	-1.328298	2.967216	
1449	2.214390	-1.323619	2.963558	
1450	2.215257	-1.320374	2.955952	
1451	2.219692	-1.312185	2.945026	
1452	2.221734	-1.305299	2.936737	
1453	2.220201	-1.303316	2.927477	
1454	2.221819	-1.297039	2.916237	
1455	2.224180	-1.288903	2.907919	
1456	2.224516	-1.283742	2.900884	
1457	2.226682	-1.277672	2.889971	
1458	2.228348	-1.271544	2.880801	
1459	2.229822	-1.265582	2.872458	
1460	2.232379	-1.258111	2.867252	
1461	2.234408	-1.252973	2.855628	
1462	2.236594	-1.248281	2.845260	
1463	2.239911	-1.241274	2.841144	
1464	2.241759	-1.236833	2.829185	
1465	2.245989	-1.229897	2.820006	
1466	2.248765	-1.223617	2.814880	
1467	2.249835	-1.220347	2.803237	
1468	2.254887	-1.213253	2.791541	
1469	2.257541	-1.209219	2.780667	
1470	2.260457	-1.206166	2.769097	
1471	2.269474	-1.195547	2.753290	
1472	2.273217	-1.192125	2.744394	
1473	2.278357	-1.187816	2.737988	
1474	2.283452	-1.183956	2.727444	
1475	2.288997	-1.180391	2.718541	
1476	2.294573	-1.176854	2.708948	
1477	2.299887	-1.172982	2.698019	
1478	2.306551	-1.166403	2.688566	
1479	2.312180	-1.160776	2.681521	
1480	2.316834	-1.156606	2.671990	
1481	2.322214	-1.150178	2.663251	
1482	2.325836	-1.146256	2.655899	
1483	2.329516	-1.141590	2.647723	
1484	2.333715	-1.135940	2.638037	
1485	2.337648	-1.129724	2.632956	
1486	2.340243	-1.125666	2.624432	
1487	2.342841	-1.120412	2.615441	
1488	2.346094	-1.114755	2.609859	
1489	2.347132	-1.111227	2.600659	
1490	2.349228	-1.105379	2.589875	
1491	2.350228	-1.100521	2.581715	
1492	2.350860	-1.095359	2.571227	
1493	2.352760	-1.084296	2.553309	
1494	2.353157	-1.080367	2.542907	
1495	2.353455	-1.073925	2.533640	
1496	2.353588	-1.067844	2.528636	
1497	2.353921	-1.061571	2.521003	
1498	2.351244	-1.058785	2.506633	
1499	2.351175	-1.050509	2.499496	
1500	2.350293	-1.043255	2.493521	
1501	2.350013	-1.034476	2.483922	
1502	2.349891	-1.026025	2.476019	
1503	2.348550	-1.019577	2.466345	
1504	2.347208	-1.013474	2.454697	
1505	2.345613	-1.008453	2.442464	
1506	2.344031	-1.004534	2.429586	
1507	2.343240	-0.998520	2.417379	
1508	2.342191	-0.992673	2.406571	
1509	2.341809	-0.986581	2.396824	
1510	2.340533	-0.980659	2.384129	
1511	2.339861	-0.974345	2.374193	
1512	2.338665	-0.968791	2.365098	
1513	2.336157	-0.965725	2.355296	
1514	2.335915	-0.958780	2.346251	
1515	2.335017	-0.953257	2.338514	
1516	2.332642	-0.950768	2.328825	
1517	2.330680	-0.946125	2.321385	
1518	2.328850	-0.942378	2.313873	
1519	2.327200	-0.938941	2.307511	
1520	2.326149	-0.933633	2.301273	
1521	2.325107	-0.930158	2.295480	
1522	2.324660	-0.927052	2.289938	
1523	2.324976	-0.922728	2.284685	
1524	2.325548	-0.918777	2.280129	
1525	2.325517	-0.916585	2.273499	
1526	2.324880	-0.914252	2.264637	
1527	2.326088	-0.910859	2.258363	
1528	2.326539	-0.908331	2.250193	
1529	2.327979	-0.904304	2.242516	
1530	2.330433	-0.899256	2.234491	
1531	2.333798	-0.893311	2.226701	
1532	2.337633	-0.887037	2.217998	
1533	2.341045	-0.881146	2.208412	
1534	2.343778	-0.876745	2.199093	
1535	2.347017	-0.872093	2.189063	
1536	2.351571	-0.865001	2.180036	
1537	2.355212	-0.860848	2.170578	
1538	2.359196	-0.855587	2.161570	
1539	2.362852	-0.850873	2.152316	
1540	2.366682	-0.846227	2.143876	
1541	2.370234	-0.841651	2.134240	
1542	2.374955	-0.836434	2.127242	
1543	2.378472	-0.832374	2.119218	
1544	2.381725	-0.829998	2.110755	
1545	2.385953	-0.823930	2.103580	
1546	2.389148	-0.819180	2.096348	
1547	2.391841	-0.815820	2.087557	
1548	2.395437	-0.810301	2.080311	
1549	2.398274	-0.804762	2.072236	
1550	2.400989	-0.799868	2.063527	
1551	2.403858	-0.793847	2.054892	
1552	2.405673	-0.789320	2.046390	
1553	2.406220	-0.786647	2.036833	
1554	2.408349	-0.780898	2.029005	
1555	2.409610	-0.776342	2.020335	
1556	2.411026	-0.771047	2.012249	
1557	2.411794	-0.766049	2.003632	
1558	2.411959	-0.763437	1.995453	
1559	2.412905	-0.756814	1.986928	
1560	2.414004	-0.751205	1.978709	
1561	2.414971	-0.745288	1.970254	
1562	2.415099	-0.739426	1.959157	
1563	2.414155	-0.735803	1.949328	
1564	2.414919	-0.723216	1.929109	
1565	2.415514	-0.717704	1.919865	
1566	2.416367	-0.711813	1.909971	
1567	2.418116	-0.704731	1.899485	
1568	2.420636	-0.698589	1.889858	
1569	2.423512	-0.690552	1.879778	
1570	2.425692	-0.685951	1.871500	
1571	2.427702	-0.682331	1.861831	
1572	2.430287	-0.677368	1.852473	
1573	2.431268	-0.673775	1.843421	
1574	2.432988	-0.670760	1.835511	
1575	2.435942	-0.665723	1.828048	
1576	2.437102	-0.664155	1.818938	
1577	2.439230	-0.660795	1.809944	
1578	2.441876	-0.658472	1.803199	
1579	2.446166	-0.653247	1.784899	
1580	2.448597	-0.649725	1.775927	
1581	2.450194	-0.648413	1.766809	
1582	2.454904	-0.643636	1.760589	
1583	2.458001	-0.640334	1.749383	
1584	2.460858	-0.636986	1.739004	
1585	2.465114	-0.633584	1.730161	
1586	2.468606	-0.628704	1.719416	
1587	2.472696	-0.624206	1.709161	
1588	2.476474	-0.620204	1.698776	
1589	2.481577	-0.613923	1.688840	
1590	2.485837	-0.609913	1.678239	
1591	2.488803	-0.607769	1.666621	
1592	2.493336	-0.602698	1.655754	
1593	2.497068	-0.600543	1.646169	
1594	2.501168	-0.595992	1.636046	
1595	2.506307	-0.590085	1.625721	
1596	2.511532	-0.582308	1.617105	
1597	2.515713	-0.577789	1.607177	
1598	2.520910	-0.570794	1.599380	
1599	2.524481	-0.564507	1.590050	
1600	2.528636	-0.559183	1.582754	
1601	2.532031	-0.552373	1.574220	
1602	2.534485	-0.545802	1.566065	
1603	2.537923	-0.539812	1.559506	
1604	2.539440	-0.533920	1.552017	
1605	2.541917	-0.528184	1.546760	
1606	2.543651	-0.521814	1.541113	
1607	2.544090	-0.516361	1.535118	
1608	2.544745	-0.511568	1.528511	
1609	2.545348	-0.505412	1.522078	
1610	2.544605	-0.500032	1.514437	
1611	2.544949	-0.495847	1.509723	
1612	2.543778	-0.492183	1.503417	
1613	2.541739	-0.485408	1.495535	
1614	2.538498	-0.473935	1.480860	
1615	2.535238	-0.468224	1.470970	
1616	2.532254	-0.463358	1.463267	
1617	2.529173	-0.456791	1.454087	
1618	2.526379	-0.450493	1.446267	
1619	2.521647	-0.444594	1.436691	
1620	2.518379	-0.437563	1.428365	
1621	2.514553	-0.431957	1.419734	
1622	2.510048	-0.427661	1.411941	
1623	2.504710	-0.423622	1.402867	
1624	2.501145	-0.418330	1.395155	
1625	2.496847	-0.412230	1.386932	
1626	2.492269	-0.408941	1.379647	
1627	2.485680	-0.406841	1.370734	
1628	2.481013	-0.403802	1.364249	
1629	2.474823	-0.401906	1.356041	
1630	2.469317	-0.399490	1.348956	
1631	2.465234	-0.397344	1.342190	
1632	2.460059	-0.395114	1.332970	
1633	2.456818	-0.393016	1.325265	
1634	2.452541	-0.390420	1.316745	
1635	2.449528	-0.388412	1.309713	
1636	2.445788	-0.386629	1.302896	
1637	2.442115	-0.383549	1.296870	
1638	2.438325	-0.382034	1.290807	
1639	2.434421	-0.379334	1.285505	
1640	2.430076	-0.377617	1.280154	
1641	2.425081	-0.375605	1.275131	
1642	2.421064	-0.372830	1.270569	
1643	2.417795	-0.370965	1.266861	
1644	2.412521	-0.369884	1.262826	
1645	2.408964	-0.368348	1.259797	
1646	2.404978	-0.367960	1.257849	
1647	2.400151	-0.365687	1.254756	
1648	2.398048	-0.362032	1.255172	
1649	2.394226	-0.358387	1.253927	
1650	2.390246	-0.356797	1.253167	
1651	2.385805	-0.354834	1.251128	
1652	2.379031	-0.352359	1.247108	
1653	2.374481	-0.349967	1.245103	
1654	2.370283	-0.347787	1.244201	
1655	2.364467	-0.346072	1.242015	
1656	2.358311	-0.344352	1.239221	
1657	2.352448	-0.340490	1.238231	
1658	2.345578	-0.339653	1.236295	
1659	2.338544	-0.337595	1.234404	
1660	2.331524	-0.336151	1.232786	
1661	2.322451	-0.334853	1.229784	
1662	2.313496	-0.333914	1.227176	
1663	2.305681	-0.332049	1.225873	
1664	2.294880	-0.331432	1.222518	
1665	2.285779	-0.330485	1.220226	
1666	2.278105	-0.329197	1.218791	
1667	2.268616	-0.329508	1.216600	
1668	2.256593	-0.329960	1.211526	
1669	2.248555	-0.329725	1.209648	
1670	2.238969	-0.329251	1.207338	
1671	2.226538	-0.327960	1.203422	
1672	2.216200	-0.327841	1.201668	
1673	2.205866	-0.328328	1.201099	
1674	2.192791	-0.328026	1.198928	
1675	2.181009	-0.327285	1.197089	
1676	2.170552	-0.326416	1.196224	
1677	2.158332	-0.325785	1.194765	
1678	2.147011	-0.324020	1.193287	
1679	2.137888	-0.323246	1.194093	
1680	2.127740	-0.322549	1.193885	
1681	2.117929	-0.321116	1.193340	
1682	2.109080	-0.320634	1.193392	
1683	2.100675	-0.319246	1.193286	
1684	2.092790	-0.316845	1.192972	
1685	2.084825	-0.316278	1.192479	
1686	2.077410	-0.314704	1.191148	
1687	2.070770	-0.313450	1.190379	
1688	2.056319	-0.310938	1.188138	
1689	2.050132	-0.309393	1.187857	
1690	2.043420	-0.307776	1.186273	
1691	2.036608	-0.304987	1.184456	
1692	2.029515	-0.302293	1.182309	
1693	2.023864	-0.298487	1.180926	
1694	2.016723	-0.294220	1.178288	
1695	2.009594	-0.290658	1.175613	
1696	2.002777	-0.287245	1.172502	
1697	1.997063	-0.281956	1.169944	
1698	1.990569	-0.278085	1.165908	
1699	1.984532	-0.274311	1.162069	
1700	1.979115	-0.269737	1.158697	
1701	1.974343	-0.264834	1.155540	
1702	1.968046	-0.260889	1.151102	
1703	1.963315	-0.256195	1.147716	
1704	1.957753	-0.252314	1.142488	
1705	1.951942	-0.248551	1.137266	
1706	1.947517	-0.244958	1.133280	
1707	1.941606	-0.241711	1.127725	
1708	1.936468	-0.237582	1.123003	
1709	1.931802	-0.234166	1.118842	
1710	1.924787	-0.231408	1.113875	
1711	1.918533	-0.227387	1.109372	
1712	1.913486	-0.223470	1.106000	
1713	1.907086	-0.221394	1.101954	
1714	1.899831	-0.217545	1.097323	
1715	1.892718	-0.214733	1.093254	
1716	1.884976	-0.212222	1.088626	
1717	1.877476	-0.209079	1.084435	
1718	1.868982	-0.206404	1.079391	
1719	1.860200	-0.203700	1.074838	
1720	1.851631	-0.200413	1.070639	
1721	1.842658	-0.198224	1.066181	
1722	1.833521	-0.195622	1.062299	
1723	1.823298	-0.192920	1.058169	
1724	1.813154	-0.190907	1.053948	
1725	1.801488	-0.189159	1.049697	
1726	1.790103	-0.186509	1.045389	
1727	1.781472	-0.185176	1.042349	
1728	1.772082	-0.183197	1.039650	
1729	1.754047	-0.179037	1.034195	
1730	1.745955	-0.177606	1.032795	
1731	1.736956	-0.175605	1.030536	
1732	1.728630	-0.174021	1.028375	
1733	1.721141	-0.173114	1.027353	
1734	1.713496	-0.171772	1.025954	
1735	1.706927	-0.169301	1.024706	
1736	1.700532	-0.168028	1.023690	
1737	1.693692	-0.167759	1.021923	
1738	1.687910	-0.166753	1.020447	
1739	1.680540	-0.165638	1.017820	
1740	1.676054	-0.165174	1.017464	
1741	1.669594	-0.163831	1.016275	
1742	1.665279	-0.162623	1.015467	
1743	1.659344	-0.160879	1.014032	
1744	1.654662	-0.159531	1.013004	
1745	1.649079	-0.158518	1.010747	
1746	1.643873	-0.157422	1.008126	
1747	1.637815	-0.155979	1.005966	
1748	1.632966	-0.155713	1.003237	
1749	1.627072	-0.154728	0.999858	
1750	1.621458	-0.152092	0.996656	
1751	1.616390	-0.150072	0.993635	
1752	1.610050	-0.148436	0.989571	
1753	1.604246	-0.145332	0.985982	
1754	1.597867	-0.141423	0.981501	
1755	1.591479	-0.139359	0.976519	
1756	1.585817	-0.134744	0.971900	
1757	1.579895	-0.131223	0.966891	
1758	1.566266	-0.123979	0.954839	
1759	1.560647	-0.120749	0.949095	
1760	1.554345	-0.117341	0.943094	
1761	1.547637	-0.113668	0.936819	
1762	1.541852	-0.110598	0.930359	
1763	1.535618	-0.107541	0.924354	
1764	1.530327	-0.102615	0.918881	
1765	1.525913	-0.099390	0.913606	
1766	1.512066	-0.092737	0.901257	
1767	1.505812	-0.089668	0.895203	
1768	1.499661	-0.084690	0.889842	
1769	1.494099	-0.080494	0.884507	
1770	1.488476	-0.077256	0.879067	
1771	1.483381	-0.074094	0.873992	
1772	1.479664	-0.070907	0.869750	
1773	1.474944	-0.068570	0.865261	
1774	1.470551	-0.067935	0.860992	
1775	1.465988	-0.068047	0.857302	
1776	1.454446	-0.069855	0.847817	
1777	1.448732	-0.069901	0.843292	
1778	1.443077	-0.073845	0.838532	
1779	1.436800	-0.076474	0.833523	
1780	1.430562	-0.079978	0.828784	
1781	1.416317	-0.087461	0.818062	
1782	1.409823	-0.088984	0.813756	
1783	1.401835	-0.090601	0.809249	
1784	1.394151	-0.090879	0.805335	
1785	1.387378	-0.091510	0.801918	
1786	1.380054	-0.092524	0.798267	
1787	1.372597	-0.093531	0.794287	
1788	1.365210	-0.093051	0.790813	
1789	1.352232	-0.092791	0.785625	
1790	1.345387	-0.093311	0.782648	
1791	1.340241	-0.093528	0.780559	
1792	1.333457	-0.093039	0.778051	
1793	1.328251	-0.094077	0.775131	
1794	1.321710	-0.092974	0.772348	
1795	1.317744	-0.093005	0.769877	
1796	1.311123	-0.093286	0.766991	
1797	1.305115	-0.092514	0.764476	
1798	1.299313	-0.091745	0.761710	
1799	1.294146	-0.091420	0.759089	
1800	1.288567	-0.089259	0.756832	
1801	1.284005	-0.087933	0.753471	
1802	1.278339	-0.086738	0.750030	
1803	1.272100	-0.085791	0.746637	
1804	1.269109	-0.085301	0.743702	
1805	1.264828	-0.082656	0.741729	
1806	1.261012	-0.080530	0.740264	
1807	1.256752	-0.080175	0.737521	
1808	1.253014	-0.077499	0.735166	
1809	1.249158	-0.075174	0.733010	
1810	1.245472	-0.074132	0.729446	
1811	1.241133	-0.070256	0.726142	
1812	1.238203	-0.066194	0.723145	
1813	1.234268	-0.063658	0.718030	
1814	1.228895	-0.060483	0.712538	
1815	1.225518	-0.056432	0.707846	
1816	1.222939	-0.052988	0.701901	
1817	1.219076	-0.050127	0.695552	
1818	1.216067	-0.045511	0.690449	
1819	1.214575	-0.044264	0.684062	
1820	1.211113	-0.038427	0.679068	
1821	1.206710	-0.035659	0.673767	
1822	1.204121	-0.031569	0.668827	
1823	1.200122	-0.027284	0.664353	
1824	1.196414	-0.024261	0.659445	
1825	1.193853	-0.025806	0.653136	
1826	1.188752	-0.022245	0.648962	
1827	1.186284	-0.020578	0.644328	
1828	1.181551	-0.019818	0.638955	
1829	1.176729	-0.017149	0.635657	
1830	1.172495	-0.017060	0.631170	
1831	1.166772	-0.016994	0.626495	
1832	1.158903	-0.015678	0.622629	
1833	1.151578	-0.013939	0.619069	
1834	1.145799	-0.015895	0.613810	
1835	1.136691	-0.015985	0.609316	
1836	1.127478	-0.014166	0.606032	
1837	1.121669	-0.016119	0.601586	
1838	1.112500	-0.018207	0.597118	
1839	1.102540	-0.020432	0.593761	
1840	1.094660	-0.023352	0.590699	
1841	1.085255	-0.029101	0.587048	
1842	1.074564	-0.033056	0.584596	
1843	1.065819	-0.037443	0.583305	
1844	1.055683	-0.040004	0.583068	
1845	1.042812	-0.044480	0.583090	
1846	1.031877	-0.049477	0.582786	
1847	1.022023	-0.052590	0.583358	
1848	1.010824	-0.055934	0.584503	
1849	1.001792	-0.059091	0.585619	
1850	0.991426	-0.061666	0.586974	
1851	0.979737	-0.063729	0.588785	
1852	0.969960	-0.067174	0.590254	
1853	0.958395	-0.070118	0.591695	
1854	0.947621	-0.074154	0.592779	
1855	0.937941	-0.078947	0.593521	
1856	0.927164	-0.081120	0.595845	
1857	0.917540	-0.083898	0.597887	
1858	0.908786	-0.086221	0.599960	
1859	0.899644	-0.088884	0.601784	
1860	0.890496	-0.091807	0.604018	
1861	0.883605	-0.093535	0.606208	
1862	0.875220	-0.094091	0.609764	
1863	0.868569	-0.096811	0.612024	
1864	0.861617	-0.097669	0.614670	
1865	0.853803	-0.099212	0.617821	
1866	0.846654	-0.102492	0.621063	
1867	0.839823	-0.103954	0.623945	
1868	0.831466	-0.101125	0.627949	
1869	0.826281	-0.103036	0.631729	
1870	0.821604	-0.107767	0.633478	
1871	0.814401	-0.108614	0.636351	
1872	0.805754	-0.109426	0.640415	
1873	0.801733	-0.114548	0.641915	
1874	0.796726	-0.116036	0.643654	
1875	0.788805	-0.116298	0.647157	
1876	0.784789	-0.120417	0.649039	
1877	0.779576	-0.119675	0.651367	
1878	0.773190	-0.122164	0.654909	
1879	0.768404	-0.122950	0.657261	
1880	0.763708	-0.124231	0.659776	
1881	0.757592	-0.123290	0.663144	
1882	0.753067	-0.123608	0.666760	
1883	0.750010	-0.126712	0.670157	
1884	0.741792	-0.126600	0.677534	
1885	0.736809	-0.126791	0.681063	
1886	0.732264	-0.128090	0.685566	
1887	0.727468	-0.125771	0.689673	
1888	0.724033	-0.127366	0.693218	
1889	0.719540	-0.125564	0.697899	
1890	0.717752	-0.125377	0.702904	
1891	0.715203	-0.127455	0.707637	
1892	0.711394	-0.124808	0.713686	
1893	0.709118	-0.125248	0.720222	
1894	0.705482	-0.125087	0.727500	
1895	0.702596	-0.123281	0.735867	
1896	0.700836	-0.123536	0.744212	
1897	0.698021	-0.124243	0.752606	
1898	0.695713	-0.123372	0.761496	
1899	0.693183	-0.121365	0.770003	
1900	0.690291	-0.122767	0.777757	
1901	0.688640	-0.124898	0.785343	
1902	0.686343	-0.126514	0.793017	
1903	0.682894	-0.127069	0.800439	
1904	0.678957	-0.127521	0.807933	
1905	0.676040	-0.128820	0.816393	
1906	0.672776	-0.131392	0.824228	
1907	0.669503	-0.135770	0.831559	
1908	0.666303	-0.138658	0.840073	
1909	0.663443	-0.141781	0.847842	
1910	0.660525	-0.146020	0.854794	
1911	0.658097	-0.148649	0.863657	
1912	0.655211	-0.152055	0.871430	
1913	0.651840	-0.155684	0.877774	
1914	0.650043	-0.157549	0.886468	
1915	0.649450	-0.160648	0.893981	
1916	0.648013	-0.163674	0.900586	
1917	0.647008	-0.165776	0.907993	
1918	0.646713	-0.167986	0.915120	
1919	0.646346	-0.170394	0.920847	
1920	0.646243	-0.173135	0.927247	
1921	0.646360	-0.175268	0.933389	
1922	0.647282	-0.177103	0.939010	
1923	0.649232	-0.179713	0.945093	
1924	0.650846	-0.182690	0.950731	
1925	0.651999	-0.185487	0.955677	
1926	0.652638	-0.187407	0.960537	
1927	0.654114	-0.189945	0.965939	
1928	0.656006	-0.191994	0.971422	
1929	0.656544	-0.194393	0.976361	
1930	0.657756	-0.195145	0.982816	
1931	0.658069	-0.198293	0.988150	
1932	0.659044	-0.199552	0.993520	
1933	0.661630	-0.201109	0.999810	
1934	0.663012	-0.203692	1.004488	
1935	0.663474	-0.204406	1.009101	
1936	0.664773	-0.203520	1.014844	
1937	0.665659	-0.205361	1.019226	
1938	0.667489	-0.203847	1.029927	
1939	0.668113	-0.204003	1.034154	
1940	0.668943	-0.203860	1.038403	
1941	0.669947	-0.200616	1.049084	
1942	0.670077	-0.198865	1.053759	
1943	0.670531	-0.196239	1.059660	
1944	0.672266	-0.194391	1.065066	
1945	0.672385	-0.191652	1.070881	
1946	0.672382	-0.188946	1.076856	
1947	0.672783	-0.186881	1.082470	
1948	0.670778	-0.179337	1.100563	
1949	0.670535	-0.176786	1.107313	
1950	0.670717	-0.175550	1.114196	
1951	0.671206	-0.174375	1.128379	
1952	0.670743	-0.173506	1.135645	
1953	0.669756	-0.172901	1.142764	
1954	0.669069	-0.172597	1.149318	
1955	0.669491	-0.173284	1.155733	
1956	0.669876	-0.172876	1.162359	
1957	0.669184	-0.173937	1.173345	
1958	0.669029	-0.174551	1.178930	
1959	0.668863	-0.175356	1.184000	
1960	0.669698	-0.175285	1.189666	
1961	0.670294	-0.175804	1.195328	
1962	0.670710	-0.176423	1.200446	
1963	0.670659	-0.176833	1.205295	
1964	0.671928	-0.176556	1.210466	
1965	0.672824	-0.176676	1.215357	
1966	0.673411	-0.177409	1.219683	
1967	0.673723	-0.176980	1.224348	
1968	0.673251	-0.176926	1.228319	
1969	0.673786	-0.176494	1.231989	
1970	0.673538	-0.175205	1.236320	
1971	0.674198	-0.173743	1.240040	
1972	0.674564	-0.172583	1.243218	
1973	0.674217	-0.170741	1.246427	
1974	0.675989	-0.169988	1.249498	
1975	0.675887	-0.168626	1.251838	
1976	0.674404	-0.167697	1.253973	
1977	0.673800	-0.166996	1.255698	
1978	0.673532	-0.166133	1.257887	
1979	0.673065	-0.165778	1.259415	
1980	0.671491	-0.164516	1.260893	
1981	0.670107	-0.163379	1.262728	
1982	0.668917	-0.162281	1.264451	
1983	0.665006	-0.161358	1.267196	
1984	0.662896	-0.159117	1.269306	
1985	0.660766	-0.156486	1.271161	
1986	0.657824	-0.153612	1.273131	
1987	0.654490	-0.151597	1.274191	
1988	0.650593	-0.148520	1.275449	
1989	0.647318	-0.146563	1.276668	
1990	0.643907	-0.145659	1.277375	
1991	0.640318	-0.144382	1.278003	
1992	0.637931	-0.143523	1.278992	
1993	0.635211	-0.143917	1.279806	
1994	0.632371	-0.143404	1.280837	
1995	0.630560	-0.142862	1.282241	
1996	0.628261	-0.142376	1.283734	
1997	0.625134	-0.141590	1.285198	
1998	0.621894	-0.140493	1.286748	
1999	0.617924	-0.140121	1.287591	
2000	0.613594	-0.139418	1.288545	
2001	0.609157	-0.140165	1.288666	
2002	0.604517	-0.139377	1.289073	
2003	0.599957	-0.139016	1.289622	
2004	0.596276	-0.139060	1.290075	
2005	0.592285	-0.138924	1.290678	
2006	0.588243	-0.138252	1.291442	
2007	0.584206	-0.139019	1.291426	
2008	0.579494	-0.139375	1.291259	
2009	0.574177	-0.139284	1.290634	
2010	0.569318	-0.138662	1.290133	
2011	0.563904	-0.137993	1.289674	
2012	0.558439	-0.137414	1.288989	
2013	0.552914	-0.138496	1.287353	
2014	0.547670	-0.137128	1.286333	
2015	0.542778	-0.136148	1.285460	
2016	0.538815	-0.135096	1.284735	
2017	0.535062	-0.132874	1.284623	
2018	0.530728	-0.133484	1.283198	
2019	0.527919	-0.132092	1.282944	
2020	0.524480	-0.131890	1.282526	
2021	0.521677	-0.131479	1.281891	
2022	0.518730	-0.130528	1.281326	
2023	0.513462	-0.130589	1.280078	
2024	0.511246	-0.129973	1.279588	
2025	0.508809	-0.130129	1.279145	
2026	0.505731	-0.130365	1.277840	
2027	0.503401	-0.128512	1.277846	
2028	0.500814	-0.128995	1.277157	
2029	0.498577	-0.127713	1.276396	
2030	0.496289	-0.127489	1.276029	
2031	0.493393	-0.126812	1.274988	
2032	0.490682	-0.126007	1.274225	
2033	0.487703	-0.125893	1.273259	
2034	0.483744	-0.125178	1.271449	
2035	0.480798	-0.124503	1.270563	
2036	0.476917	-0.123809	1.268713	
2037	0.473416	-0.123249	1.267267	
2038	0.469312	-0.122676	1.264852	
2039	0.466022	-0.122708	1.263522	
2040	0.462275	-0.121612	1.261292	
2041	0.459264	-0.121350	1.259552	
2042	0.456001	-0.120947	1.257562	
2043	0.453190	-0.120029	1.255925	
2044	0.446163	-0.118359	1.249887	
2045	0.439476	-0.115216	1.244165	
2046	0.435124	-0.114032	1.240147	
2047	0.432666	-0.112522	1.237626	
2048	0.429151	-0.111367	1.233893	
2049	0.425868	-0.108975	1.230747	
2050	0.422463	-0.108572	1.227352	
2051	0.419244	-0.107152	1.224324	
2052	0.416710	-0.105486	1.222174	
2053	0.413412	-0.104895	1.218834	
2054	0.411078	-0.103055	1.216714	
2055	0.407402	-0.102093	1.213371	
2056	0.403990	-0.101209	1.210227	
2057	0.398268	-0.098147	1.204862	
2058	0.395095	-0.097592	1.201702	
2059	0.392537	-0.096006	1.199515	
2060	0.389306	-0.094449	1.196392	
2061	0.386534	-0.091853	1.193793	
2062	0.381117	-0.087831	1.188942	
2063	0.378664	-0.085463	1.186522	
2064	0.374217	-0.079891	1.182001	
2065	0.371988	-0.078083	1.180035	
2066	0.370474	-0.076175	1.177978	
2067	0.369376	-0.073919	1.176652	
2068	0.367032	-0.073137	1.173896	
2069	0.365660	-0.072127	1.171748	
2070	0.362011	-0.070927	1.167300	
2071	0.360641	-0.070814	1.165215	
2072	0.358497	-0.069805	1.162477	
2073	0.356538	-0.070569	1.159294	
2074	0.354770	-0.070794	1.155961	
2075	0.354000	-0.069793	1.153588	
2076	0.351940	-0.070033	1.149539	
2077	0.351014	-0.068790	1.146104	
2078	0.350238	-0.068268	1.142714	
2079	0.349277	-0.068760	1.138840	
2080	0.348479	-0.067812	1.134923	
2081	0.348035	-0.066282	1.131207	
2082	0.346631	-0.065837	1.126403	
2083	0.346427	-0.064599	1.122061	
2084	0.346022	-0.063220	1.117183	
2085	0.345090	-0.061761	1.111554	
2086	0.345389	-0.059925	1.106583	
2087	0.345594	-0.059801	1.101290	
2088	0.345775	-0.058266	1.095277	
2089	0.346512	-0.056474	1.089374	
2090	0.347178	-0.055411	1.083323	
2091	0.348658	-0.052744	1.077960	
2092	0.352469	-0.048741	1.072885	
2093	0.351514	-0.048056	1.066494	
2094	0.352622	-0.044468	1.061256	
2095	0.357008	-0.042952	1.055249	
2096	0.354387	-0.042247	1.048697	
2097	0.355198	-0.038834	1.042788	
2098	0.355500	-0.038289	1.034900	
2099	0.354661	-0.035990	1.026815	
2100	0.355676	-0.033088	1.019807	
2101	0.355546	-0.032265	1.011460	
2102	0.355149	-0.030145	1.003963	
2103	0.354682	-0.028015	0.996990	
2104	0.354174	-0.026978	0.990281	
2105	0.352760	-0.026776	0.983315	
2106	0.351802	-0.026790	0.976948	
2107	0.349844	-0.027583	0.970593	
2108	0.347341	-0.028543	0.964647	
2109	0.345825	-0.028797	0.960028	
2110	0.342382	-0.030043	0.954161	
2111	0.339629	-0.029697	0.949008	
2112	0.336510	-0.029020	0.944191	
2113	0.332606	-0.030258	0.938547	
2114	0.328987	-0.028800	0.933866	
2115	0.325552	-0.027639	0.929460	
2116	0.323635	-0.027974	0.925869	
2117	0.319509	-0.026443	0.921056	
2118	0.317140	-0.024920	0.917515	
2119	0.312853	-0.024738	0.911976	
2120	0.310271	-0.023592	0.907245	
2121	0.309742	-0.022093	0.903401	
2122	0.304567	-0.024619	0.891226	
2123	0.304502	-0.022206	0.885870	
2124	0.301806	-0.025683	0.872107	
2125	0.302233	-0.021993	0.866194	
2126	0.300377	-0.024927	0.858370	
2127	0.299393	-0.024099	0.850681	
2128	0.300320	-0.020845	0.844814	
2129	0.299781	-0.022893	0.836537	
2130	0.300357	-0.025501	0.828931	
2131	0.298755	-0.022168	0.820659	
2132	0.298958	-0.021360	0.812779	
2133	0.298696	-0.021608	0.797969	
2134	0.298553	-0.021715	0.782313	
2135	0.299284	-0.021206	0.776719	
2136	0.299544	-0.019626	0.770369	
2137	0.299421	-0.021582	0.763561	
2138	0.300623	-0.020216	0.758337	
2139	0.301043	-0.018218	0.752597	
2140	0.301497	-0.018124	0.746445	
2141	0.301050	-0.017101	0.740102	
2142	0.302566	-0.015865	0.734211	
2143	0.303327	-0.013190	0.728361	
2144	0.305639	-0.013531	0.722121	
2145	0.306757	-0.012369	0.716209	
2146	0.307854	-0.009427	0.710195	
2147	0.307863	-0.010291	0.703078	
2148	0.310930	-0.008678	0.697027	
2149	0.315615	-0.004131	0.685445	
2150	0.318905	-0.003392	0.679055	
2151	0.319784	-0.001813	0.671842	
2152	0.325528	0.001473	0.656650	
2153	0.325808	0.001638	0.647525	
2154	0.327381	0.006525	0.640830	
2155	0.328646	0.007809	0.631778	
2156	0.329794	0.010023	0.622806	
2157	0.331434	0.012067	0.614083	
2158	0.332633	0.015362	0.604929	
2159	0.333391	0.015689	0.593135	
2160	0.334703	0.017579	0.582753	
2161	0.339859	0.024376	0.561849	
2162	0.339677	0.024842	0.550940	
2163	0.340940	0.028863	0.541058	
2164	0.340860	0.030522	0.529078	
2165	0.339913	0.032679	0.516397	
2166	0.340239	0.034322	0.505709	
2167	0.340808	0.037927	0.495333	
2168	0.341260	0.039154	0.482898	
2169	0.339244	0.039160	0.470098	
2170	0.338743	0.041174	0.460242	
2171	0.337400	0.042861	0.449481	
2172	0.336411	0.044317	0.438955	
2173	0.336301	0.046120	0.429897	
2174	0.335073	0.049788	0.421785	
2175	0.334301	0.051208	0.412780	
2176	0.332418	0.052090	0.404158	
2177	0.331458	0.054406	0.397458	
2178	0.331381	0.056910	0.390520	
2179	0.331805	0.056727	0.382567	
2180	0.327249	0.060012	0.370561	
2181	0.324391	0.060959	0.364335	
2182	0.319924	0.061918	0.358486	
2183	0.312370	0.063201	0.353180	
2184	0.309284	0.064867	0.347094	
2185	0.304263	0.065018	0.340710	
2186	0.298637	0.065474	0.336120	
2187	0.292324	0.066807	0.330849	
2188	0.285192	0.067554	0.324782	
2189	0.277251	0.069587	0.319497	
2190	0.269090	0.071376	0.314486	
2191	0.262126	0.072056	0.308003	
2192	0.253115	0.072812	0.300558	
2193	0.243422	0.074272	0.294943	
2194	0.234203	0.076343	0.289194	
2195	0.226343	0.076755	0.282688	
2196	0.215874	0.076979	0.275740	
2197	0.206774	0.078624	0.269923	
2198	0.198657	0.080228	0.263557	
2199	0.190162	0.079717	0.256850	
2200	0.181487	0.080520	0.251123	
2201	0.174753	0.082002	0.245311	
2202	0.167566	0.082945	0.239176	
2203	0.158200	0.083080	0.233169	
2204	0.151203	0.083107	0.228227	
2205	0.142851	0.084681	0.223338	
2206	0.134615	0.084906	0.217855	
2207	0.126956	0.085233	0.212360	
2208	0.119564	0.085306	0.206702	
2209	0.112793	0.086002	0.200873	
2210	0.105719	0.086085	0.194855	
2211	0.098343	0.085680	0.189322	
2212	0.091420	0.086293	0.184312	
2213	0.084765	0.087179	0.179099	
2214	0.068099	0.089570	0.169758	
2215	0.059720	0.090316	0.163984	
2216	0.051612	0.091211	0.158363	
2217	0.043742	0.091937	0.152513	
2218	0.035418	0.092568	0.145659	
2219	0.026450	0.092182	0.139006	
2220	0.019023	0.093960	0.132843	
2221	0.011583	0.094020	0.125176	
2222	0.001086	0.095879	0.118021	
2223	-0.007300	0.097807	0.111619	
2224	-0.015423	0.100523	0.104181	
2225	-0.026084	0.101954	0.096362	
2226	-0.034017	0.104421	0.090161	
2227	-0.042771	0.108490	0.083955	
2228	-0.052347	0.110917	0.077220	
2229	-0.061545	0.114139	0.071504	
2230	-0.068357	0.118141	0.065920	
2231	-0.076968	0.121524	0.059790	
2232	-0.086728	0.125378	0.054318	
2233	-0.093796	0.129160	0.049026	
2234	-0.101400	0.134345	0.043590	
2235	-0.119253	0.143519	0.033862	
2236	-0.124212	0.149332	0.029822	
2237	-0.133659	0.152896	0.024003	
2238	-0.141576	0.156505	0.020146	
2239	-0.146980	0.159575	0.016753	
2240	-0.152815	0.161187	0.013391	
2241	-0.159630	0.162344	0.009857	
2242	-0.165176	0.163341	0.006662	
2243	-0.171569	0.163945	0.003225	
2244	-0.178730	0.165118	0.000606	
2245	-0.183951	0.165508	-0.002154	
2246	-0.192698	0.166108	-0.005232	
2247	-0.201444	0.166246	-0.007928	
2248	-0.207442	0.167054	-0.009581	
2249	-0.212464	0.168155	-0.012392	
2250	-0.221060	0.168461	-0.015047	
2251	-0.229002	0.170335	-0.016557	
2252	-0.235929	0.171036	-0.018529	
2253	-0.243072	0.171830	-0.020036	
2254	-0.251343	0.171669	-0.021350	
2255	-0.258625	0.171302	-0.022546	
2256	-0.279067	0.169424	-0.024266	
2257	-0.293982	0.167682	-0.026946	
2258	-0.301197	0.168300	-0.027693	
2259	-0.307768	0.168708	-0.028608	
2260	-0.315439	0.168956	-0.029219	
2261	-0.321847	0.169795	-0.029544	
2262	-0.327881	0.171885	-0.029402	
2263	-0.334956	0.172781	-0.029482	
2264	-0.344059	0.173315	-0.029961	
2265	-0.351875	0.175196	-0.029752	
2266	-0.357735	0.176591	-0.030481	
2267	-0.365210	0.177003	-0.031884	
2268	-0.372537	0.176665	-0.033831	
2269	-0.380539	0.177260	-0.035391	
2270	-0.388180	0.175604	-0.037868	
2271	-0.396278	0.174060	-0.040388	
2272	-0.402326	0.173309	-0.042663	
2273	-0.409902	0.171855	-0.045202	
2274	-0.416631	0.168993	-0.048420	
2275	-0.425836	0.167721	-0.050983	
2276	-0.432887	0.166484	-0.053340	
2277	-0.438826	0.165650	-0.055823	
2278	-0.447065	0.165006	-0.057738	
2279	-0.454316	0.164017	-0.059547	
2280	-0.458938	0.164489	-0.060978	
2281	-0.467825	0.163602	-0.062727	
2282	-0.475901	0.165231	-0.063602	
2283	-0.481795	0.164774	-0.065341	
2284	-0.490041	0.162963	-0.067075	
2285	-0.494936	0.161908	-0.068345	
2286	-0.498862	0.161310	-0.070272	
2287	-0.505083	0.160728	-0.072800	
2288	-0.511507	0.159852	-0.075795	
2289	-0.517557	0.158138	-0.079427	
2290	-0.523891	0.157649	-0.083374	
2291	-0.530179	0.157964	-0.087775	
2292	-0.536961	0.158561	-0.092037	
2293	-0.543122	0.159513	-0.096789	
2294	-0.548376	0.160486	-0.101959	
2295	-0.556850	0.164161	-0.106949	
2296	-0.563648	0.167893	-0.112089	
2297	-0.569328	0.170571	-0.117672	
2298	-0.578180	0.174830	-0.122441	
2299	-0.585444	0.178255	-0.127715	
2300	-0.591544	0.182131	-0.132398	
2301	-0.596600	0.187810	-0.136995	
2302	-0.604578	0.190361	-0.141632	
2303	-0.611526	0.194838	-0.145734	
2304	-0.618322	0.199964	-0.149709	
2305	-0.623639	0.204905	-0.153713	
2306	-0.631464	0.208856	-0.156939	
2307	-0.637020	0.212418	-0.160662	
2308	-0.642950	0.217245	-0.164120	
2309	-0.649436	0.220574	-0.167582	
2310	-0.654031	0.224393	-0.170900	
2311	-0.660376	0.227347	-0.173959	
2312	-0.665083	0.230890	-0.176526	
2313	-0.671178	0.232581	-0.179024	
2314	-0.676733	0.232468	-0.181767	
2315	-0.681836	0.234028	-0.184090	
2316	-0.685839	0.235863	-0.186012	
2317	-0.691459	0.237091	-0.187927	
2318	-0.699690	0.238678	-0.189613	
2319	-0.705067	0.238943	-0.191639	
2320	-0.709363	0.239521	-0.194010	
2321	-0.715003	0.240015	-0.196782	
2322	-0.721546	0.240272	-0.199130	
2323	-0.727305	0.240566	-0.201735	
2324	-0.732326	0.240213	-0.205007	
2325	-0.738729	0.239064	-0.207869	
2326	-0.745792	0.238815	-0.210646	
2327	-0.751394	0.238781	-0.214033	
2328	-0.757248	0.236106	-0.217100	
2329	-0.764215	0.232706	-0.220456	
2330	-0.785892	0.231016	-0.220223	
2331	-0.793113	0.230212	-0.222937	
2332	-0.798666	0.227706	-0.225690	
2333	-0.808001	0.227212	-0.227866	
2334	-0.815560	0.227389	-0.229942	
2335	-0.822913	0.224682	-0.232279	
2336	-0.834035	0.225205	-0.233742	
2337	-0.839480	0.225617	-0.236315	
2338	-0.846107	0.224484	-0.239176	
2339	-0.858915	0.226072	-0.241282	
2340	-0.872561	0.228868	-0.243268	
2341	-0.876911	0.229774	-0.246778	
2342	-0.883943	0.230563	-0.250027	
2343	-0.895000	0.232512	-0.252409	
2344	-0.901060	0.230986	-0.255849	
2345	-0.909155	0.230515	-0.258872	
2346	-0.913311	0.230804	-0.262052	
2347	-0.919859	0.228528	-0.265912	
2348	-0.929898	0.227864	-0.268448	
2349	-0.937625	0.227964	-0.271245	
2350	-0.944145	0.227118	-0.274563	
2351	-0.951396	0.228232	-0.278005	
2352	-0.955636	0.225442	-0.282638	
2353	-0.962332	0.222921	-0.286833	
2354	-0.969403	0.221308	-0.290598	
2355	-0.974979	0.219244	-0.294886	
2356	-0.978580	0.219595	-0.299370	
2357	-0.987921	0.220192	-0.302795	
2358	-0.994292	0.222277	-0.306002	
2359	-1.000721	0.223379	-0.310084	
2360	-1.015384	0.225382	-0.318249	
2361	-1.026982	0.229483	-0.328665	
2362	-1.037488	0.234309	-0.333039	
2363	-1.044704	0.237953	-0.338201	
2364	-1.057747	0.245397	-0.347943	
2365	-1.075375	0.253530	-0.356652	
2366	-1.092068	0.259192	-0.365393	
2367	-1.101989	0.265387	-0.369317	
2368	-1.106600	0.268530	-0.374043	
2369	-1.114490	0.272233	-0.377147	
2370	-1.123270	0.278615	-0.379318	
2371	-1.131989	0.283766	-0.381075	
2372	-1.135450	0.287077	-0.383427	
2373	-1.140098	0.288669	-0.384323	
2374	-1.150861	0.293125	-0.381997	
2375	-1.157467	0.297340	-0.379850	
2376	-1.156192	0.297835	-0.379199	
2377	-1.160314	0.299777	-0.377173	
2378	-1.168693	0.301370	-0.373285	
2379	-1.178287	0.300183	-0.367024	
2380	-1.182129	0.302127	-0.362914	
2381	-1.188545	0.300223	-0.358921	
2382	-1.196511	0.297095	-0.353381	
2383	-1.199207	0.295785	-0.348990	
2384	-1.205393	0.296315	-0.342643	
2385	-1.211728	0.293278	-0.336274	
2386	-1.219082	0.290669	-0.329289	
2387	-1.225210	0.288494	-0.322709	
2388	-1.231645	0.281465	-0.315583	
2389	-1.239981	0.278767	-0.307451	
2390	-1.246866	0.276533	-0.299914	
2391	-1.251884	0.272620	-0.292266	
2392	-1.255179	0.266315	-0.285561	
2393	-1.264021	0.261127	-0.277360	
2394	-1.271509	0.256670	-0.269947	
2395	-1.277188	0.254998	-0.263102	
2396	-1.283076	0.249599	-0.256605	
2397	-1.287941	0.242231	-0.250418	
2398	-1.294849	0.236711	-0.243545	
2399	-1.306024	0.227701	-0.234408	
2400	-1.311358	0.221370	-0.228624	
2401	-1.314171	0.214754	-0.223036	
2402	-1.315749	0.208098	-0.218265	
2403	-1.321004	0.202967	-0.212639	
2404	-1.325306	0.197040	-0.207762	
2405	-1.326642	0.191394	-0.203473	
2406	-1.331224	0.188680	-0.198381	
2407	-1.335136	0.183424	-0.193574	
2408	-1.340221	0.178903	-0.188357	
2409	-1.344294	0.174432	-0.183236	
2410	-1.351130	0.168293	-0.173256	
2411	-1.354163	0.159965	-0.164900	
2412	-1.358720	0.157878	-0.160025	
2413	-1.360932	0.155049	-0.155483	
2414	-1.358652	0.150412	-0.152651	
2415	-1.362880	0.147353	-0.147174	
2416	-1.364076	0.143965	-0.143045	
2417	-1.363355	0.140260	-0.139065	
2418	-1.363469	0.137326	-0.135195	
2419	-1.367815	0.134919	-0.129756	
2420	-1.367436	0.130919	-0.126438	
2421	-1.370477	0.127920	-0.121505	
2422	-1.373254	0.125874	-0.116775	
2423	-1.373899	0.121640	-0.113177	
2424	-1.378304	0.120489	-0.107966	
2425	-1.379515	0.120111	-0.103306	
2426	-1.379787	0.117694	-0.098926	
2427	-1.384727	0.114788	-0.092756	
2428	-1.386804	0.113547	-0.086761	
2429	-1.388595	0.113690	-0.081297	
2430	-1.385604	0.112193	-0.077337	
2431	-1.387886	0.111197	-0.071447	
2432	-1.390027	0.111671	-0.065750	
2433	-1.391789	0.109334	-0.060155	
2434	-1.392883	0.107581	-0.053961	
2435	-1.390903	0.106560	-0.049447	
2436	-1.391208	0.105568	-0.043212	
2437	-1.389757	0.103132	-0.037396	
2438	-1.384358	0.100810	-0.032033	
2439	-1.382049	0.096935	-0.025157	
2440	-1.379969	0.091587	-0.017632	
2441	-1.375939	0.086981	-0.009896	
2442	-1.368547	0.084004	-0.003093	
2443	-1.363529	0.078731	0.004950	
2444	-1.363436	0.072721	0.015192	
2445	-1.356029	0.069190	0.023734	
2446	-1.345024	0.062694	0.030150	
2447	-1.343681	0.054832	0.039863	
2448	-1.336680	0.050490	0.048485	
2449	-1.322319	0.044281	0.053585	
2450	-1.320270	0.034338	0.062092	
2451	-1.318198	0.028154	0.071747	
2452	-1.302782	0.023519	0.077693	
2453	-1.293485	0.016430	0.084283	
2454	-1.292308	0.011077	0.093675	
2455	-1.284546	0.006450	0.100552	
2456	-1.274369	0.003270	0.105799	
2457	-1.272119	-0.001056	0.112870	
2458	-1.268248	-0.003356	0.119182	
2459	-1.258358	-0.006655	0.123139	
2460	-1.250392	-0.010129	0.126436	
2461	-1.247573	-0.010881	0.131641	
2462	-1.245023	-0.011023	0.136487	
2463	-1.236498	-0.012284	0.139201	
2464	-1.228492	-0.012520	0.142792	
2465	-1.225267	-0.012115	0.148052	
2466	-1.222142	-0.012908	0.153049	
2467	-1.214770	-0.014699	0.157665	
2468	-1.208827	-0.012401	0.163679	
2469	-1.204857	-0.010595	0.168677	
2470	-1.200410	-0.011530	0.173069	
2471	-1.196820	-0.009262	0.178489	
2472	-1.194883	-0.006606	0.184625	
2473	-1.189093	-0.006164	0.188110	
2474	-1.185454	-0.006447	0.192454	
2475	-1.182582	-0.004405	0.197101	
2476	-1.176721	-0.004543	0.199760	
2477	-1.174184	-0.005993	0.202976	
2478	-1.170197	-0.005513	0.205968	
2479	-1.166437	-0.004049	0.208840	
2480	-1.165005	-0.003732	0.211971	
2481	-1.160196	-0.003854	0.214957	
2482	-1.156169	-0.002711	0.218720	
2483	-1.150028	-0.005799	0.221474	
2484	-1.149866	-0.003438	0.228248	
2485	-1.147745	-0.000809	0.234125	
2486	-1.139963	-0.002715	0.237610	
2487	-1.136654	-0.004513	0.242043	
2488	-1.138765	-0.001497	0.247586	
2489	-1.134760	-0.002923	0.251583	
2490	-1.130122	-0.002278	0.255525	
2491	-1.127752	-0.001422	0.259808	
2492	-1.126765	-0.002805	0.264577	
2493	-1.122500	0.003077	0.269284	
2494	-1.115759	0.002365	0.271324	
2495	-1.116589	0.003670	0.275618	
2496	-1.116726	0.008319	0.280530	
2497	-1.111156	0.008596	0.282180	
2498	-1.111405	0.009063	0.285185	
2499	-1.114368	0.014390	0.290076	
2500	-1.110435	0.014947	0.291257	
2501	-1.110591	0.014715	0.293252	
2502	-1.112313	0.017098	0.296413	
2503	-1.110410	0.017026	0.297647	
2504	-1.111808	0.016676	0.299175	
2505	-1.114277	0.017702	0.301355	
2506	-1.112973	0.018206	0.302524	
2507	-1.112793	0.017786	0.303416	
2508	-1.114145	0.019294	0.305093	
2509	-1.113448	0.019973	0.306332	
2510	-1.111067	0.020978	0.306824	
2511	-1.112512	0.021455	0.308034	
2512	-1.114483	0.024312	0.310367	
2513	-1.113542	0.025951	0.311867	
2514	-1.113987	0.026276	0.313167	
2515	-1.117635	0.029269	0.316417	
2516	-1.115137	0.031238	0.317905	
2517	-1.113245	0.031533	0.318763	
2518	-1.118465	0.034272	0.322524	
2519	-1.117337	0.036885	0.324733	
2520	-1.115230	0.036825	0.326100	
2521	-1.117991	0.039002	0.329386	
2522	-1.116939	0.040969	0.331672	
2523	-1.114680	0.042417	0.333839	
2524	-1.112779	0.044149	0.335627	
2525	-1.114470	0.045704	0.338513	
2526	-1.110708	0.047015	0.340250	
2527	-1.108224	0.048667	0.341747	
2528	-1.109906	0.050612	0.344424	
2529	-1.108974	0.052465	0.346493	
2530	-1.104257	0.053590	0.346491	
2531	-1.103807	0.053981	0.347332	
2532	-1.105359	0.055869	0.349003	
2533	-1.102164	0.056705	0.349071	
2534	-1.100691	0.056359	0.348809	
2535	-1.103004	0.057102	0.350621	
2536	-1.100257	0.057778	0.351204	
2537	-1.099218	0.057064	0.351295	
2538	-1.099306	0.056658	0.352013	
2539	-1.098626	0.056313	0.352840	
2540	-1.096850	0.056245	0.352944	
2541	-1.095457	0.055148	0.353386	
2542	-1.092691	0.054770	0.352792	
2543	-1.092458	0.054129	0.352769	
2544	-1.091344	0.053726	0.352896	
2545	-1.089634	0.053194	0.352710	
2546	-1.090490	0.051837	0.352782	
2547	-1.089954	0.052524	0.353244	
2548	-1.087135	0.053638	0.352821	
2549	-1.087776	0.053728	0.353146	
2550	-1.087914	0.054755	0.353650	
2551	-1.085127	0.056793	0.353553	
2552	-1.084138	0.056998	0.353288	
2553	-1.083853	0.059084	0.354075	
2554	-1.080359	0.060966	0.353450	
2555	-1.079942	0.061489	0.353356	
2556	-1.079600	0.063018	0.353833	
2557	-1.076510	0.065407	0.353097	
2558	-1.075587	0.065880	0.352614	
2559	-1.076176	0.067282	0.353026	
2560	-1.072779	0.069377	0.352380	
2561	-1.072554	0.069906	0.351989	
2562	-1.072904	0.071332	0.352342	
2563	-1.068661	0.073936	0.351480	
2564	-1.068527	0.075012	0.351407	
2565	-1.067387	0.077210	0.351439	
2566	-1.063188	0.080871	0.350134	
2567	-1.063530	0.082253	0.350091	
2568	-1.060284	0.084285	0.348646	
2569	-1.059833	0.085531	0.347508	
2570	-1.057921	0.086411	0.346522	
2571	-1.057973	0.086689	0.345472	
2572	-1.057442	0.087324	0.344740	
2573	-1.055133	0.087882	0.343470	
2574	-1.054886	0.088493	0.342142	
2575	-1.052610	0.088132	0.340635	
2576	-1.053502	0.088348	0.340319	
2577	-1.051290	0.088243	0.339334	
2578	-1.049471	0.088560	0.337424	
2579	-1.048353	0.089233	0.336844	
2580	-1.045524	0.089939	0.335714	
2581	-1.045147	0.090511	0.335163	
2582	-1.045550	0.091038	0.335133	
2583	-1.043569	0.091772	0.334348	
