0	0.000000	0.000000	0.000000	
1	0.000000	0.000000	0.000000	
2	0.000000	0.000000	0.000000	
3	0.000000	0.000000	0.000000	
4	0.000139	-0.000030	-0.000009	
5	0.000120	0.000961	-0.000340	
6	0.000175	0.001112	-0.000406	
7	0.000021	-0.000254	0.000040	
8	0.000206	-0.000199	0.000100	
9	0.000282	0.000455	-0.000074	
10	0.000185	-0.000192	0.000122	
11	0.000208	-0.001041	0.000415	
12	0.000135	-0.001554	0.000739	
13	0.000228	-0.001669	0.000824	
14	0.000267	-0.001718	0.000899	
15	0.000578	-0.001765	0.000846	
16	0.000482	-0.001663	0.000875	
17	0.000471	-0.000964	0.000628	
18	0.000408	-0.001043	0.000577	
19	0.000181	-0.000815	0.000476	
20	0.000231	-0.000709	0.000340	
21	0.000305	-0.000865	0.000444	
22	-0.000060	-0.000728	0.000378	
23	-0.000066	-0.000869	0.000385	
24	-0.000272	-0.000893	0.000391	
25	-0.000116	-0.001174	0.000435	
26	-0.000420	-0.001115	0.000408	
27	-0.000506	-0.001029	0.000445	
28	-0.000804	-0.001328	0.000575	
29	-0.000632	-0.001729	0.000529	
30	-0.000807	-0.001476	0.000511	
31	-0.001028	-0.001099	0.000475	
32	-0.001292	-0.001260	0.000638	
33	-0.001749	-0.000907	0.000695	
34	-0.002006	-0.000093	0.000479	
35	-0.002457	0.000061	0.000444	
36	-0.002567	-0.000454	0.000682	
37	-0.002770	0.000154	0.000699	
38	-0.003322	0.001653	0.000350	
39	-0.003695	0.001265	0.000774	
40	-0.003987	0.000041	0.001493	
41	-0.004557	0.000317	0.001841	
42	-0.004745	0.000443	0.002383	
43	-0.005112	0.000106	0.003033	
44	-0.005468	0.000624	0.003580	
45	-0.005754	0.001728	0.004120	
46	-0.005805	0.002099	0.005016	
47	-0.006142	0.002147	0.006466	
48	-0.006116	0.003543	0.007491	
49	-0.006070	0.004095	0.009017	
50	-0.006052	0.003860	0.010924	
51	-0.005466	0.004001	0.012848	
52	-0.005064	0.005265	0.014498	
53	-0.004106	0.006012	0.016293	
54	-0.003774	0.005723	0.018806	
55	-0.003255	0.005474	0.021324	
56	-0.002073	0.005595	0.023752	
57	-0.001384	0.004593	0.026615	
58	-0.000136	0.004891	0.029260	
59	0.000788	0.006201	0.031657	
60	0.002073	0.006219	0.034594	
61	0.003319	0.006299	0.037508	
62	0.004749	0.006937	0.040208	
63	0.006307	0.006608	0.043375	
64	0.007507	0.007004	0.046229	
65	0.009275	0.007987	0.048776	
66	0.011429	0.006500	0.052102	
67	0.011763	0.006292	0.054956	
68	0.013608	0.007156	0.057627	
69	0.015090	0.007878	0.060109	
70	0.016377	0.007147	0.063158	
71	0.017837	0.007458	0.065836	
72	0.019189	0.007982	0.068309	
73	0.020659	0.007143	0.071229	
74	0.022043	0.006802	0.073938	
75	0.023545	0.007998	0.076125	
76	0.024606	0.009161	0.078238	
77	0.026167	0.008457	0.081092	
78	0.027012	0.008264	0.083833	
79	0.028073	0.009315	0.086060	
80	0.029385	0.009556	0.088605	
81	0.029913	0.009793	0.091135	
82	0.031041	0.010725	0.093546	
83	0.031823	0.010900	0.096114	
84	0.032366	0.010564	0.098920	
85	0.033135	0.010705	0.101505	
86	0.034014	0.010668	0.104374	
87	0.034801	0.011025	0.107154	
88	0.035583	0.011003	0.110075	
89	0.036026	0.010983	0.113050	
90	0.037329	0.011580	0.116071	
91	0.037822	0.011818	0.119257	
92	0.038283	0.012303	0.122203	
93	0.039118	0.012136	0.125407	
94	0.039893	0.012383	0.128492	
95	0.040787	0.012251	0.131762	
96	0.041386	0.010804	0.135427	
97	0.041978	0.010958	0.138587	
98	0.043045	0.010942	0.141825	
99	0.043251	0.009337	0.145458	
100	0.043800	0.008772	0.148845	
101	0.044457	0.009063	0.151801	
102	0.044754	0.007885	0.155213	
103	0.045522	0.007836	0.158345	
104	0.045905	0.007712	0.161078	
105	0.045944	0.006991	0.163918	
106	0.046473	0.007638	0.166369	
107	0.046524	0.006725	0.169135	
108	0.046695	0.005872	0.171832	
109	0.047090	0.005479	0.174387	
110	0.047470	0.005315	0.176929	
111	0.047920	0.005107	0.179343	
112	0.047537	0.004458	0.181786	
113	0.047894	0.004599	0.184222	
114	0.048229	0.004673	0.186575	
115	0.048066	0.004005	0.189176	
116	0.048257	0.004292	0.191618	
117	0.048300	0.004112	0.194321	
118	0.048759	0.004001	0.197292	
119	0.048841	0.004282	0.200057	
120	0.049071	0.004170	0.203125	
121	0.049076	0.004117	0.206201	
122	0.049144	0.003942	0.209360	
123	0.049182	0.003623	0.212435	
124	0.049446	0.003300	0.215738	
125	0.049700	0.003335	0.218885	
126	0.050180	0.003181	0.222173	
127	0.050603	0.002668	0.225367	
128	0.051126	0.002623	0.228480	
129	0.051716	0.003356	0.231135	
130	0.052289	0.003179	0.233946	
131	0.052577	0.002667	0.236898	
132	0.053248	0.003300	0.239456	
133	0.053806	0.002616	0.242502	
134	0.054296	0.002991	0.244792	
135	0.054988	0.003693	0.247070	
136	0.055728	0.003968	0.249571	
137	0.056169	0.003879	0.251908	
138	0.056538	0.004088	0.254199	
139	0.056796	0.004544	0.256473	
140	0.056783	0.005021	0.260624	
141	0.056651	0.005554	0.262650	
142	0.056467	0.006023	0.264565	
143	0.055977	0.005967	0.266566	
144	0.055352	0.005984	0.268365	
145	0.054708	0.005747	0.270301	
146	0.054003	0.006647	0.271829	
147	0.053120	0.007346	0.273244	
148	0.052144	0.007446	0.275044	
149	0.051216	0.007741	0.277061	
150	0.050066	0.007945	0.278831	
151	0.048955	0.008174	0.280754	
152	0.047850	0.008430	0.283036	
153	0.046583	0.008858	0.285011	
154	0.045147	0.009053	0.287052	
155	0.042250	0.010032	0.291247	
156	0.040815	0.010121	0.293565	
157	0.039340	0.010589	0.295587	
158	0.037673	0.010843	0.297613	
159	0.036090	0.010793	0.299768	
160	0.034392	0.010898	0.301715	
161	0.032593	0.011134	0.303554	
162	0.031007	0.011174	0.305295	
163	0.029450	0.011183	0.307236	
164	0.027839	0.011443	0.309227	
165	0.026371	0.011568	0.311041	
166	0.024835	0.011272	0.313259	
167	0.023358	0.011866	0.314757	
168	0.021863	0.012053	0.316240	
169	0.020719	0.012275	0.317994	
170	0.019668	0.013040	0.319471	
171	0.018471	0.013585	0.320579	
172	0.017493	0.014166	0.321562	
173	0.016635	0.014695	0.322634	
174	0.015750	0.015257	0.323761	
175	0.014885	0.015770	0.324419	
176	0.014253	0.016348	0.325294	
177	0.013645	0.016962	0.326010	
178	0.013132	0.017376	0.326791	
179	0.012671	0.017859	0.327661	
180	0.012110	0.018200	0.328113	
181	0.011600	0.018435	0.328590	
182	0.011177	0.018758	0.328762	
183	0.010378	0.019295	0.329337	
184	0.010041	0.019527	0.329515	
185	0.009488	0.019877	0.330466	
186	0.009109	0.020051	0.331794	
187	0.008851	0.020341	0.333062	
188	0.008622	0.020624	0.334489	
189	0.008574	0.020514	0.335913	
190	0.008817	0.020642	0.337258	
191	0.008873	0.020903	0.338902	
192	0.008847	0.021004	0.340333	
193	0.008957	0.021085	0.341939	
194	0.009146	0.021240	0.343162	
195	0.009279	0.021463	0.343540	
196	0.009452	0.021794	0.344587	
197	0.009642	0.021908	0.345785	
198	0.009883	0.022123	0.346085	
199	0.010083	0.022428	0.346874	
200	0.010170	0.022602	0.347810	
201	0.010404	0.022734	0.348290	
202	0.010494	0.022690	0.348408	
203	0.010578	0.022655	0.349121	
204	0.010620	0.022575	0.349366	
205	0.010603	0.022308	0.349600	
206	0.010677	0.022200	0.349953	
207	0.010650	0.022176	0.350426	
208	0.010602	0.022287	0.350369	
209	0.010472	0.022218	0.350465	
210	0.010453	0.022111	0.350533	
211	0.010404	0.021881	0.350083	
212	0.010419	0.021897	0.349747	
213	0.010412	0.021856	0.349274	
214	0.010303	0.021482	0.348886	
215	0.010201	0.021189	0.348508	
216	0.010050	0.020899	0.347832	
217	0.009940	0.020546	0.347250	
218	0.009821	0.020088	0.346745	
219	0.009710	0.019644	0.346089	
220	0.009622	0.019460	0.345644	
221	0.009451	0.019073	0.345081	
222	0.009137	0.018514	0.344409	
223	0.008843	0.018188	0.343797	
224	0.008494	0.017637	0.342729	
225	0.008194	0.017151	0.341928	
226	0.007796	0.016686	0.341245	
227	0.007433	0.016239	0.340397	
228	0.007012	0.016109	0.339374	
229	0.006563	0.015727	0.338546	
230	0.006006	0.015187	0.337334	
231	0.005488	0.014565	0.336337	
232	0.004910	0.014124	0.335723	
233	0.004298	0.013554	0.334410	
234	0.003668	0.013379	0.333389	
235	0.002969	0.012782	0.332336	
236	0.002210	0.012272	0.331323	
237	0.000439	0.010445	0.328991	
238	-0.000520	0.009676	0.327765	
239	-0.001544	0.008374	0.326439	
240	-0.002582	0.007575	0.325406	
241	-0.003629	0.006741	0.324385	
242	-0.004653	0.005954	0.322843	
243	-0.005774	0.004923	0.321629	
244	-0.006769	0.004296	0.320265	
245	-0.007912	0.003500	0.318748	
246	-0.008968	0.002344	0.317431	
247	-0.010051	0.001356	0.315651	
248	-0.011020	0.000671	0.314043	
249	-0.012029	-0.000309	0.312602	
250	-0.013105	-0.001739	0.311063	
251	-0.014106	-0.002804	0.309463	
252	-0.014978	-0.003837	0.307657	
253	-0.015943	-0.005002	0.306085	
254	-0.016967	-0.005970	0.304562	
255	-0.017847	-0.006829	0.302956	
256	-0.018814	-0.007871	0.301472	
257	-0.019614	-0.008830	0.299823	
258	-0.020495	-0.009759	0.298278	
259	-0.021529	-0.010902	0.296714	
260	-0.022337	-0.011717	0.295157	
261	-0.023160	-0.012417	0.293546	
262	-0.024059	-0.013350	0.291927	
263	-0.025002	-0.014254	0.290327	
264	-0.025889	-0.014568	0.288943	
265	-0.026637	-0.015000	0.287266	
266	-0.027516	-0.015914	0.285607	
267	-0.028356	-0.016330	0.283831	
268	-0.029243	-0.016644	0.282388	
269	-0.030075	-0.017034	0.280806	
270	-0.030754	-0.017670	0.278647	
271	-0.031666	-0.018304	0.276953	
272	-0.032488	-0.018848	0.275059	
273	-0.033363	-0.019116	0.273436	
274	-0.033918	-0.019166	0.271388	
275	-0.034639	-0.019356	0.269675	
276	-0.035580	-0.019464	0.268154	
277	-0.036296	-0.019629	0.266558	
278	-0.036922	-0.019702	0.264844	
279	-0.037686	-0.020180	0.263054	
280	-0.038480	-0.020434	0.261537	
281	-0.039292	-0.020794	0.259804	
282	-0.040282	-0.021035	0.258236	
283	-0.041001	-0.021214	0.256747	
284	-0.042006	-0.021439	0.254926	
285	-0.042919	-0.021429	0.253017	
286	-0.043955	-0.021313	0.251318	
287	-0.045009	-0.021207	0.249280	
288	-0.046747	-0.020930	0.247966	
289	-0.048142	-0.020704	0.245971	
290	-0.049639	-0.020432	0.244252	
291	-0.051263	-0.019830	0.242627	
292	-0.052904	-0.019213	0.241017	
293	-0.054867	-0.019154	0.239051	
294	-0.056975	-0.019045	0.237475	
295	-0.059102	-0.018853	0.235958	
296	-0.061287	-0.018730	0.234463	
297	-0.063399	-0.018519	0.232800	
298	-0.065854	-0.018612	0.231419	
299	-0.068253	-0.018317	0.229913	
300	-0.070706	-0.018414	0.228312	
301	-0.073300	-0.018706	0.226811	
302	-0.075681	-0.018765	0.225211	
303	-0.078231	-0.018468	0.223798	
304	-0.080790	-0.018846	0.222182	
305	-0.083454	-0.019156	0.220727	
306	-0.085968	-0.019330	0.219151	
307	-0.088362	-0.018746	0.217913	
308	-0.090874	-0.018464	0.216533	
309	-0.093455	-0.018641	0.215104	
310	-0.096291	-0.018650	0.214150	
311	-0.098716	-0.018257	0.212979	
312	-0.101173	-0.017983	0.211764	
313	-0.103894	-0.017625	0.210927	
314	-0.106271	-0.016597	0.210081	
315	-0.108842	-0.015873	0.209318	
316	-0.110978	-0.014937	0.208343	
317	-0.113058	-0.014198	0.207541	
318	-0.115117	-0.013958	0.206354	
319	-0.117173	-0.013716	0.205192	
320	-0.118848	-0.012905	0.203829	
321	-0.120422	-0.011817	0.202809	
322	-0.122191	-0.011457	0.201472	
323	-0.123941	-0.011089	0.199964	
324	-0.125567	-0.010182	0.198533	
325	-0.126892	-0.009333	0.196988	
326	-0.128595	-0.008789	0.195319	
327	-0.130145	-0.008142	0.193911	
328	-0.131628	-0.007597	0.192150	
329	-0.133095	-0.006864	0.190397	
330	-0.134498	-0.006397	0.188408	
331	-0.135857	-0.005574	0.186461	
332	-0.137179	-0.005307	0.183974	
333	-0.138608	-0.005163	0.181664	
334	-0.139892	-0.003530	0.179727	
335	-0.141047	-0.003501	0.177109	
336	-0.142346	-0.004027	0.173720	
337	-0.143681	-0.003622	0.171299	
338	-0.145086	-0.004079	0.168566	
339	-0.146455	-0.004543	0.165774	
340	-0.147747	-0.004694	0.163263	
341	-0.149117	-0.004478	0.160582	
342	-0.150181	-0.003966	0.158011	
343	-0.151170	-0.004071	0.154715	
344	-0.152225	-0.004418	0.151572	
345	-0.153246	-0.004489	0.148778	
346	-0.154257	-0.004158	0.145862	
347	-0.155200	-0.003866	0.143369	
348	-0.156187	-0.003322	0.140461	
349	-0.156862	-0.003062	0.137214	
350	-0.157591	-0.002524	0.134443	
351	-0.158375	-0.002109	0.131387	
352	-0.159042	-0.001959	0.128577	
353	-0.160193	-0.002051	0.125625	
354	-0.160868	-0.001881	0.123220	
355	-0.161624	-0.001792	0.120545	
356	-0.162416	-0.002069	0.117859	
357	-0.163387	-0.002276	0.115750	
358	-0.163938	-0.001188	0.113200	
359	-0.163957	-0.000268	0.110912	
360	-0.164546	-0.000208	0.108648	
361	-0.165029	-0.000157	0.105815	
362	-0.165545	0.000636	0.103738	
363	-0.165761	0.001054	0.101302	
364	-0.166543	0.000511	0.098791	
365	-0.167110	0.000385	0.096320	
366	-0.167048	0.001618	0.094008	
367	-0.167331	0.002110	0.091568	
368	-0.167909	0.002238	0.089295	
369	-0.168418	0.001975	0.087075	
370	-0.169172	0.001371	0.084273	
371	-0.169471	0.001276	0.081361	
372	-0.169951	0.000800	0.078574	
373	-0.170830	0.000411	0.076226	
374	-0.171378	0.001540	0.074337	
375	-0.171906	0.002088	0.071970	
376	-0.172921	0.000891	0.069541	
377	-0.173166	0.001350	0.066816	
378	-0.173731	0.002432	0.064410	
379	-0.174478	0.002160	0.061477	
380	-0.175433	0.002178	0.059357	
381	-0.175862	0.002483	0.056387	
382	-0.176742	0.002450	0.054178	
383	-0.177894	0.002032	0.051573	
384	-0.179331	0.001757	0.049206	
385	-0.179968	0.001620	0.046330	
386	-0.181032	0.001038	0.043634	
387	-0.182595	0.000336	0.041564	
388	-0.183580	-0.000091	0.038749	
389	-0.185078	-0.000411	0.036505	
390	-0.186730	-0.001443	0.034068	
391	-0.188063	-0.002101	0.031586	
392	-0.189119	-0.002365	0.029139	
393	-0.190369	-0.002986	0.026815	
394	-0.192364	-0.003908	0.024161	
395	-0.193245	-0.004769	0.021294	
396	-0.194560	-0.005480	0.019263	
397	-0.195899	-0.004985	0.016698	
398	-0.196960	-0.004914	0.014509	
399	-0.198328	-0.006178	0.011927	
400	-0.199233	-0.006369	0.009644	
401	-0.200423	-0.006770	0.007465	
402	-0.201630	-0.007515	0.005167	
403	-0.201917	-0.008126	0.002569	
404	-0.203023	-0.007886	0.000825	
405	-0.203704	-0.009525	-0.001640	
406	-0.204578	-0.009671	-0.003385	
407	-0.205009	-0.009806	-0.005500	
408	-0.205662	-0.009955	-0.007549	
409	-0.206031	-0.011139	-0.009735	
410	-0.206420	-0.011670	-0.011765	
411	-0.206861	-0.012380	-0.013946	
412	-0.207595	-0.012548	-0.015966	
413	-0.207844	-0.012752	-0.018137	
414	-0.208140	-0.013751	-0.020630	
415	-0.208535	-0.013872	-0.022784	
416	-0.209313	-0.014541	-0.025193	
417	-0.210273	-0.015752	-0.027614	
418	-0.210716	-0.017118	-0.030351	
419	-0.210708	-0.017040	-0.032836	
420	-0.211260	-0.017698	-0.035630	
421	-0.210684	-0.018505	-0.038392	
422	-0.211555	-0.019089	-0.040988	
423	-0.211771	-0.020196	-0.044034	
424	-0.211503	-0.020539	-0.047086	
425	-0.211248	-0.020694	-0.049968	
426	-0.211251	-0.020411	-0.052764	
427	-0.209626	-0.021020	-0.056132	
428	-0.209154	-0.021163	-0.059320	
429	-0.209535	-0.021479	-0.062264	
430	-0.209123	-0.022287	-0.065773	
431	-0.209043	-0.022717	-0.068719	
432	-0.209139	-0.023015	-0.072041	
433	-0.208829	-0.023535	-0.075068	
434	-0.208906	-0.024927	-0.078500	
435	-0.208084	-0.025297	-0.081678	
436	-0.207387	-0.025702	-0.084442	
437	-0.206257	-0.026135	-0.087685	
438	-0.203981	-0.026578	-0.090747	
439	-0.203291	-0.026826	-0.093381	
440	-0.202620	-0.027417	-0.096018	
441	-0.202432	-0.027074	-0.098713	
442	-0.202196	-0.026626	-0.101067	
443	-0.201955	-0.026554	-0.103677	
444	-0.202039	-0.027322	-0.106441	
445	-0.202100	-0.027410	-0.109174	
446	-0.202115	-0.027922	-0.111673	
447	-0.201826	-0.027963	-0.114219	
448	-0.201196	-0.026962	-0.116416	
449	-0.201572	-0.028026	-0.121515	
450	-0.201431	-0.027713	-0.124007	
451	-0.201774	-0.026540	-0.126117	
452	-0.201940	-0.026012	-0.128410	
453	-0.202331	-0.026576	-0.131225	
454	-0.202863	-0.027768	-0.134235	
455	-0.203369	-0.028818	-0.136967	
456	-0.203836	-0.028534	-0.139426	
457	-0.204595	-0.029284	-0.142214	
458	-0.205642	-0.029513	-0.144791	
459	-0.205824	-0.029780	-0.147681	
460	-0.206637	-0.030091	-0.150465	
461	-0.206905	-0.029294	-0.152955	
462	-0.207397	-0.029508	-0.155868	
463	-0.208330	-0.028900	-0.158424	
464	-0.208993	-0.029325	-0.161477	
465	-0.210376	-0.030620	-0.164747	
466	-0.211614	-0.031816	-0.167881	
467	-0.212814	-0.032957	-0.171033	
468	-0.213642	-0.033355	-0.173933	
469	-0.215219	-0.036090	-0.177353	
470	-0.215701	-0.035792	-0.179967	
471	-0.216541	-0.037079	-0.182958	
472	-0.217460	-0.036830	-0.185895	
473	-0.219232	-0.037313	-0.188646	
474	-0.220560	-0.038613	-0.191427	
475	-0.221718	-0.040278	-0.194313	
476	-0.222470	-0.042284	-0.197333	
477	-0.223507	-0.044450	-0.199928	
478	-0.224934	-0.045373	-0.202506	
479	-0.225767	-0.046368	-0.205068	
480	-0.226791	-0.047096	-0.207487	
481	-0.227861	-0.048194	-0.210051	
482	-0.228647	-0.047521	-0.212138	
483	-0.229163	-0.047892	-0.214162	
484	-0.229422	-0.048171	-0.215971	
485	-0.229657	-0.048817	-0.217990	
486	-0.230186	-0.049887	-0.219999	
487	-0.230523	-0.050636	-0.222156	
488	-0.230752	-0.050279	-0.224048	
489	-0.230875	-0.051044	-0.226028	
490	-0.231866	-0.051345	-0.228004	
491	-0.231458	-0.052279	-0.229969	
492	-0.231746	-0.052403	-0.231927	
493	-0.231218	-0.053412	-0.233877	
494	-0.232375	-0.052972	-0.236029	
495	-0.233767	-0.053125	-0.238453	
496	-0.234011	-0.052590	-0.240350	
497	-0.232725	-0.050806	-0.241667	
498	-0.232142	-0.050980	-0.243854	
499	-0.231234	-0.051518	-0.246162	
500	-0.232107	-0.049469	-0.248606	
501	-0.233063	-0.048736	-0.251421	
502	-0.232407	-0.049880	-0.254222	
503	-0.231799	-0.050482	-0.256479	
504	-0.231511	-0.051619	-0.259214	
505	-0.231779	-0.052618	-0.261657	
506	-0.232457	-0.051476	-0.264249	
507	-0.232207	-0.051443	-0.267009	
508	-0.231176	-0.050911	-0.269097	
509	-0.230898	-0.051960	-0.271467	
510	-0.230941	-0.052581	-0.274116	
511	-0.230733	-0.053195	-0.276981	
512	-0.228001	-0.054611	-0.279814	
513	-0.227383	-0.054611	-0.282963	
514	-0.225914	-0.054036	-0.285702	
515	-0.223398	-0.053482	-0.288338	
516	-0.221296	-0.053820	-0.290761	
517	-0.219481	-0.054579	-0.293293	
518	-0.218141	-0.055238	-0.295936	
519	-0.217386	-0.054919	-0.298360	
520	-0.216428	-0.056096	-0.300521	
521	-0.215858	-0.058135	-0.302920	
522	-0.215097	-0.058608	-0.305218	
523	-0.214846	-0.058645	-0.307666	
524	-0.214298	-0.058802	-0.310005	
525	-0.213727	-0.059394	-0.312201	
526	-0.213229	-0.059583	-0.314104	
527	-0.212204	-0.059837	-0.315936	
528	-0.211577	-0.058946	-0.317864	
529	-0.211815	-0.058884	-0.319759	
530	-0.211298	-0.059151	-0.321645	
531	-0.210504	-0.057718	-0.323285	
532	-0.210105	-0.057391	-0.324930	
533	-0.209522	-0.056527	-0.326362	
534	-0.209433	-0.055529	-0.327786	
535	-0.209259	-0.055732	-0.329401	
536	-0.209309	-0.054757	-0.330696	
537	-0.208818	-0.054618	-0.331885	
538	-0.208609	-0.053617	-0.333225	
539	-0.208454	-0.053385	-0.334496	
540	-0.208843	-0.053113	-0.335860	
541	-0.208809	-0.051754	-0.337103	
542	-0.209505	-0.050826	-0.338301	
543	-0.210051	-0.049756	-0.339580	
544	-0.210212	-0.048436	-0.340611	
545	-0.210629	-0.047528	-0.341653	
546	-0.210459	-0.046085	-0.342704	
547	-0.210929	-0.045058	-0.343954	
548	-0.211496	-0.041580	-0.345034	
549	-0.212318	-0.040805	-0.346178	
550	-0.212930	-0.041029	-0.347357	
551	-0.213674	-0.040074	-0.348330	
552	-0.214597	-0.038112	-0.349293	
553	-0.215147	-0.037961	-0.350186	
554	-0.215535	-0.039323	-0.351325	
555	-0.215633	-0.039008	-0.352302	
556	-0.215836	-0.037398	-0.353082	
557	-0.215637	-0.036968	-0.353732	
558	-0.215995	-0.036613	-0.354688	
559	-0.216387	-0.036729	-0.355492	
560	-0.216199	-0.036129	-0.356246	
561	-0.216781	-0.035505	-0.356994	
562	-0.216844	-0.035053	-0.357678	
563	-0.217026	-0.034932	-0.358295	
564	-0.217740	-0.034051	-0.359107	
565	-0.217608	-0.033792	-0.359629	
566	-0.217882	-0.033457	-0.360512	
567	-0.218325	-0.032790	-0.360943	
568	-0.218575	-0.032482	-0.361587	
569	-0.219037	-0.032112	-0.362221	
570	-0.219226	-0.031093	-0.362984	
571	-0.219270	-0.031381	-0.363739	
572	-0.219621	-0.030888	-0.364637	
573	-0.219312	-0.030058	-0.365661	
574	-0.219291	-0.029375	-0.366547	
575	-0.219612	-0.028500	-0.367637	
576	-0.219205	-0.027456	-0.368480	
577	-0.219165	-0.026390	-0.369322	
578	-0.219148	-0.025508	-0.370219	
579	-0.219339	-0.024869	-0.371028	
580	-0.219453	-0.023859	-0.371599	
581	-0.218790	-0.023426	-0.372208	
582	-0.218018	-0.023510	-0.372910	
583	-0.218565	-0.022118	-0.373590	
584	-0.217863	-0.021633	-0.373758	
585	-0.217697	-0.021875	-0.374328	
586	-0.217659	-0.021358	-0.374838	
587	-0.217079	-0.020816	-0.374759	
588	-0.217063	-0.020644	-0.375219	
589	-0.217012	-0.020345	-0.375572	
590	-0.217131	-0.018844	-0.375623	
591	-0.217260	-0.018226	-0.375968	
592	-0.217318	-0.017848	-0.376135	
593	-0.217379	-0.017449	-0.376698	
594	-0.217357	-0.016541	-0.376812	
595	-0.217995	-0.016081	-0.377076	
596	-0.217862	-0.015935	-0.376957	
597	-0.218042	-0.015337	-0.377176	
598	-0.218002	-0.014102	-0.377119	
599	-0.217852	-0.013117	-0.377245	
600	-0.217942	-0.012375	-0.377295	
601	-0.217793	-0.011298	-0.377208	
602	-0.217643	-0.010543	-0.376990	
603	-0.217539	-0.010007	-0.376756	
604	-0.217842	-0.009903	-0.376873	
605	-0.217645	-0.009287	-0.376828	
606	-0.217284	-0.008878	-0.376759	
607	-0.216871	-0.008428	-0.376701	
608	-0.217574	-0.007127	-0.376757	
609	-0.217358	-0.007042	-0.377017	
610	-0.217121	-0.006049	-0.376846	
611	-0.217029	-0.005827	-0.377236	
612	-0.216089	-0.006825	-0.377037	
613	-0.216018	-0.006681	-0.377075	
614	-0.216605	-0.005164	-0.377367	
615	-0.216893	-0.003420	-0.377803	
616	-0.216420	-0.003142	-0.377714	
617	-0.215859	-0.002440	-0.377881	
618	-0.215324	-0.002322	-0.378213	
619	-0.215135	-0.002984	-0.379232	
620	-0.214397	-0.002908	-0.379464	
621	-0.213264	-0.002298	-0.379500	
622	-0.212399	-0.001883	-0.379457	
623	-0.211922	-0.001083	-0.379911	
624	-0.210485	-0.001300	-0.379668	
625	-0.209261	-0.001666	-0.379685	
626	-0.208149	-0.000792	-0.379779	
627	-0.206674	-0.001220	-0.379807	
628	-0.204951	-0.002644	-0.380255	
629	-0.203879	-0.002271	-0.380112	
630	-0.202085	-0.001599	-0.379722	
631	-0.200469	-0.001665	-0.379726	
632	-0.198930	-0.002770	-0.379771	
633	-0.196998	-0.002614	-0.379145	
634	-0.194931	-0.002261	-0.378391	
635	-0.193180	-0.002419	-0.378670	
636	-0.190926	-0.002665	-0.378242	
637	-0.189225	-0.001648	-0.377709	
638	-0.186914	-0.001734	-0.377627	
639	-0.184491	-0.002149	-0.377025	
640	-0.181654	-0.002628	-0.376352	
641	-0.179610	-0.002089	-0.376300	
642	-0.177044	-0.002778	-0.376040	
643	-0.174540	-0.002539	-0.375257	
644	-0.171970	-0.001884	-0.374559	
645	-0.169488	-0.002359	-0.374199	
646	-0.166773	-0.002820	-0.373343	
647	-0.164618	-0.002192	-0.372574	
648	-0.162032	-0.001790	-0.372193	
649	-0.159380	-0.002296	-0.371504	
650	-0.156895	-0.002815	-0.371026	
651	-0.154524	-0.003012	-0.371144	
652	-0.152273	-0.002782	-0.370975	
653	-0.146624	-0.003554	-0.368993	
654	-0.144399	-0.002944	-0.368621	
655	-0.141503	-0.003374	-0.367550	
656	-0.138796	-0.003320	-0.366396	
657	-0.136250	-0.003108	-0.365810	
658	-0.133678	-0.003580	-0.365652	
659	-0.131127	-0.003108	-0.364820	
660	-0.128183	-0.002790	-0.363472	
661	-0.125469	-0.002989	-0.362823	
662	-0.122993	-0.002405	-0.362280	
663	-0.120583	-0.001208	-0.361395	
664	-0.118484	0.000396	-0.361203	
665	-0.115940	0.000980	-0.360716	
666	-0.113572	0.001656	-0.360610	
667	-0.111156	0.002319	-0.360130	
668	-0.108901	0.003426	-0.360164	
669	-0.106527	0.003831	-0.360329	
670	-0.103935	0.003505	-0.360714	
671	-0.101679	0.004838	-0.360934	
672	-0.099166	0.005627	-0.361108	
673	-0.096416	0.004866	-0.361462	
674	-0.093893	0.004899	-0.362553	
675	-0.091398	0.006264	-0.362560	
676	-0.088695	0.006340	-0.363689	
677	-0.086003	0.006648	-0.364360	
678	-0.083671	0.007153	-0.365527	
679	-0.080859	0.006729	-0.366829	
680	-0.078219	0.006822	-0.368006	
681	-0.075677	0.007149	-0.369666	
682	-0.072783	0.007154	-0.370869	
683	-0.069985	0.007278	-0.372595	
684	-0.067338	0.009177	-0.373643	
685	-0.064674	0.010022	-0.375312	
686	-0.061630	0.009921	-0.377283	
687	-0.058534	0.009933	-0.379216	
688	-0.055767	0.010292	-0.381361	
689	-0.052445	0.009508	-0.383624	
690	-0.049143	0.008533	-0.385981	
691	-0.046055	0.008379	-0.388442	
692	-0.043093	0.009153	-0.390313	
693	-0.040082	0.009458	-0.392549	
694	-0.037075	0.009951	-0.394472	
695	-0.034214	0.010335	-0.396099	
696	-0.028423	0.009383	-0.400898	
697	-0.025934	0.010491	-0.402534	
698	-0.021352	0.010782	-0.406592	
699	-0.019228	0.011427	-0.408616	
700	-0.017073	0.012521	-0.409880	
701	-0.015110	0.013401	-0.411433	
702	-0.012925	0.013142	-0.413427	
703	-0.010502	0.013073	-0.414890	
704	-0.008557	0.013998	-0.416253	
705	-0.006456	0.014419	-0.417626	
706	-0.004024	0.013618	-0.419237	
707	-0.001506	0.013417	-0.420779	
708	0.000665	0.014431	-0.421554	
709	0.003084	0.014868	-0.422204	
710	0.005674	0.014255	-0.423512	
711	0.008062	0.015095	-0.423815	
712	0.010393	0.015933	-0.424122	
713	0.013019	0.015537	-0.424909	
714	0.016047	0.014498	-0.425474	
715	0.018919	0.014050	-0.425642	
716	0.021745	0.014318	-0.425735	
717	0.024478	0.014472	-0.425644	
718	0.027362	0.014852	-0.425215	
719	0.030555	0.015148	-0.424499	
720	0.033878	0.013940	-0.424446	
721	0.037430	0.013585	-0.423747	
722	0.040821	0.013419	-0.423005	
723	0.044244	0.013261	-0.422062	
724	0.047906	0.013286	-0.420872	
725	0.051140	0.013416	-0.420057	
726	0.055130	0.012462	-0.418834	
727	0.058977	0.011747	-0.417714	
728	0.062454	0.012347	-0.416213	
729	0.065763	0.012482	-0.415011	
730	0.069700	0.011985	-0.413424	
731	0.073213	0.011766	-0.412124	
732	0.076645	0.011421	-0.411262	
733	0.080204	0.011245	-0.409956	
734	0.083328	0.011385	-0.408839	
735	0.086352	0.011809	-0.407497	
736	0.089250	0.011865	-0.406450	
737	0.092288	0.011599	-0.405359	
738	0.094921	0.012190	-0.404143	
739	0.097347	0.013033	-0.402891	
740	0.099589	0.013271	-0.401894	
741	0.102360	0.012981	-0.400865	
742	0.104669	0.012856	-0.400067	
743	0.106899	0.013123	-0.399123	
744	0.109222	0.012347	-0.398465	
745	0.111233	0.011679	-0.398132	
746	0.112833	0.012650	-0.397163	
747	0.116755	0.012445	-0.395327	
748	0.118891	0.012215	-0.394601	
749	0.120547	0.012148	-0.393969	
750	0.122500	0.011548	-0.393429	
751	0.124471	0.010967	-0.392899	
752	0.126266	0.011321	-0.392222	
753	0.128294	0.011050	-0.391739	
754	0.130037	0.011115	-0.391218	
755	0.131591	0.012068	-0.390392	
756	0.133379	0.012932	-0.389556	
757	0.135327	0.012816	-0.389309	
758	0.137741	0.012553	-0.388900	
759	0.139844	0.012898	-0.388268	
760	0.141851	0.013298	-0.387995	
761	0.144314	0.013249	-0.387289	
762	0.146902	0.013062	-0.387033	
763	0.149366	0.013450	-0.386572	
764	0.151610	0.013605	-0.386294	
765	0.154238	0.012959	-0.386238	
766	0.156958	0.012496	-0.386214	
767	0.159077	0.012775	-0.386110	
768	0.161276	0.012286	-0.386360	
769	0.163385	0.011763	-0.386660	
770	0.165243	0.012486	-0.386726	
771	0.166909	0.012573	-0.386976	
772	0.169159	0.012091	-0.387151	
773	0.171019	0.012072	-0.387325	
774	0.172603	0.011694	-0.387700	
775	0.174298	0.011481	-0.387873	
776	0.175836	0.011607	-0.387959	
777	0.177343	0.010487	-0.388702	
778	0.178542	0.009627	-0.389417	
779	0.179613	0.009329	-0.389677	
780	0.180542	0.009185	-0.390059	
781	0.181494	0.008800	-0.390362	
782	0.182292	0.008757	-0.390688	
783	0.182950	0.008995	-0.390863	
784	0.183629	0.009250	-0.390963	
785	0.184602	0.008448	-0.391375	
786	0.185483	0.007791	-0.391632	
787	0.186310	0.007314	-0.391759	
788	0.187320	0.006248	-0.392050	
789	0.188153	0.005419	-0.392134	
790	0.189101	0.005166	-0.392143	
791	0.190177	0.004648	-0.391981	
792	0.190887	0.003867	-0.392055	
793	0.191780	0.002836	-0.392005	
794	0.192497	0.002272	-0.391611	
795	0.193145	0.001385	-0.391392	
796	0.193922	0.000409	-0.391037	
797	0.194030	0.000063	-0.390933	
798	0.194583	-0.000286	-0.390583	
799	0.195162	-0.000551	-0.390326	
800	0.195884	-0.000780	-0.389799	
801	0.196648	-0.001006	-0.389368	
802	0.197406	-0.001408	-0.388968	
803	0.198094	-0.001635	-0.388309	
804	0.198720	-0.001873	-0.387843	
805	0.199335	-0.001822	-0.387215	
806	0.200203	-0.001993	-0.386653	
807	0.200752	-0.002170	-0.386097	
808	0.201509	-0.002368	-0.385478	
809	0.202089	-0.002195	-0.384678	
810	0.202841	-0.002107	-0.383912	
811	0.203614	-0.001920	-0.383034	
812	0.204596	-0.002079	-0.382274	
813	0.205352	-0.001899	-0.381286	
814	0.206144	-0.001816	-0.380316	
815	0.206940	-0.002011	-0.379554	
816	0.207657	-0.001881	-0.378587	
817	0.208277	-0.001844	-0.377697	
818	0.208852	-0.001779	-0.376632	
819	0.209044	-0.001559	-0.375758	
820	0.209240	-0.001450	-0.375064	
821	0.209172	-0.000902	-0.374147	
822	0.209470	-0.000567	-0.372953	
823	0.209385	-0.000043	-0.372044	
824	0.209352	0.000279	-0.371145	
825	0.209165	0.000314	-0.370538	
826	0.208960	0.000709	-0.369734	
827	0.208498	0.001251	-0.369142	
828	0.208054	0.001151	-0.368628	
829	0.207813	0.001193	-0.367462	
830	0.206414	0.001124	-0.366349	
831	0.206162	0.001318	-0.365206	
832	0.205320	0.001571	-0.364466	
833	0.204624	0.001356	-0.363601	
834	0.204128	0.001294	-0.362514	
835	0.203137	0.001712	-0.361627	
836	0.202146	0.001990	-0.360816	
837	0.201164	0.002029	-0.360179	
838	0.200020	0.002145	-0.359778	
839	0.198879	0.002904	-0.358974	
840	0.197569	0.003933	-0.357747	
841	0.196372	0.004402	-0.357047	
842	0.195214	0.004437	-0.356376	
843	0.193934	0.004946	-0.355397	
844	0.192547	0.005149	-0.355257	
845	0.191382	0.004875	-0.354654	
846	0.190297	0.004773	-0.353699	
847	0.188976	0.004736	-0.353191	
848	0.187796	0.004502	-0.352754	
849	0.186583	0.004546	-0.351588	
850	0.185228	0.004692	-0.351488	
851	0.183491	0.004855	-0.351858	
852	0.182133	0.005232	-0.351490	
853	0.180880	0.005800	-0.350594	
854	0.179561	0.007169	-0.349337	
855	0.178404	0.008053	-0.347717	
856	0.177381	0.007927	-0.346753	
857	0.176119	0.008584	-0.345454	
858	0.174746	0.009098	-0.343838	
859	0.173384	0.008937	-0.342566	
860	0.171943	0.009161	-0.341132	
861	0.170489	0.009327	-0.339372	
862	0.168992	0.009074	-0.337836	
863	0.167100	0.008834	-0.335853	
864	0.165212	0.009096	-0.333695	
865	0.163124	0.009422	-0.331380	
866	0.160991	0.008872	-0.329643	
867	0.158720	0.008413	-0.327583	
868	0.156404	0.007608	-0.325509	
869	0.153802	0.007161	-0.323093	
870	0.151057	0.007740	-0.320597	
871	0.148143	0.008277	-0.317756	
872	0.145437	0.006939	-0.315559	
873	0.142647	0.005698	-0.313474	
874	0.139646	0.005328	-0.311261	
875	0.136634	0.005023	-0.308977	
876	0.133618	0.004447	-0.306695	
877	0.130438	0.004600	-0.304353	
878	0.127393	0.004082	-0.302405	
879	0.124424	0.003083	-0.299945	
880	0.121327	0.003265	-0.297895	
881	0.118289	0.003320	-0.295439	
882	0.115132	0.003178	-0.293182	
883	0.112350	0.002170	-0.291317	
884	0.109448	0.001734	-0.289435	
885	0.106446	0.001816	-0.287301	
886	0.103543	0.001733	-0.285487	
887	0.100723	0.001669	-0.283661	
888	0.098098	0.001167	-0.281911	
889	0.095552	0.000557	-0.280215	
890	0.092990	-0.000246	-0.278563	
891	0.090477	-0.000690	-0.276979	
892	0.087935	-0.001183	-0.275466	
893	0.085466	-0.001723	-0.274111	
894	0.082982	-0.002058	-0.272813	
895	0.080538	-0.002183	-0.271512	
896	0.078183	-0.002676	-0.270528	
897	0.075751	-0.003357	-0.269443	
898	0.073172	-0.003571	-0.268691	
899	0.070659	-0.003246	-0.268190	
900	0.068326	-0.003428	-0.268130	
901	0.065981	-0.003712	-0.267948	
902	0.063443	-0.003584	-0.267645	
903	0.061001	-0.003664	-0.267419	
904	0.058564	-0.004113	-0.266953	
905	0.055957	-0.004065	-0.266904	
906	0.053350	-0.003834	-0.267294	
907	0.050721	-0.003701	-0.267738	
908	0.048117	-0.003685	-0.267854	
909	0.045527	-0.003957	-0.267846	
910	0.042885	-0.003608	-0.268183	
911	0.040391	-0.003841	-0.268078	
912	0.037951	-0.004149	-0.267939	
913	0.035308	-0.003954	-0.267960	
914	0.032884	-0.003791	-0.268361	
915	0.030514	-0.003650	-0.268378	
916	0.028103	-0.002989	-0.268642	
917	0.025870	-0.002914	-0.268372	
918	0.023831	-0.003184	-0.268218	
919	0.021790	-0.002999	-0.268257	
920	0.019992	-0.003184	-0.268085	
921	0.018358	-0.003715	-0.267490	
922	0.016776	-0.003860	-0.267292	
923	0.015312	-0.003603	-0.267472	
924	0.013764	-0.003375	-0.267201	
925	0.012484	-0.003634	-0.267161	
926	0.011343	-0.003786	-0.267083	
927	0.010314	-0.004590	-0.266493	
928	0.009301	-0.004786	-0.266162	
929	0.008454	-0.004983	-0.265910	
930	0.007652	-0.005334	-0.265587	
931	0.006987	-0.005510	-0.265526	
932	0.006284	-0.005949	-0.265032	
933	0.005736	-0.006679	-0.264585	
934	0.005330	-0.007032	-0.264408	
935	0.004901	-0.007226	-0.264384	
936	0.004615	-0.007176	-0.264378	
937	0.004336	-0.007225	-0.264437	
938	0.004336	-0.007430	-0.264697	
939	0.004327	-0.007735	-0.264865	
940	0.004248	-0.008277	-0.264775	
941	0.004364	-0.008714	-0.264883	
942	0.004461	-0.008967	-0.265097	
943	0.004578	-0.009463	-0.265222	
944	0.004722	-0.009778	-0.265430	
945	0.004728	-0.009945	-0.265501	
946	0.004861	-0.010246	-0.265517	
947	0.004956	-0.010420	-0.265563	
948	0.005152	-0.010728	-0.265735	
949	0.005397	-0.011160	-0.265997	
950	0.005597	-0.011424	-0.266112	
951	0.005729	-0.011668	-0.265957	
952	0.006077	-0.011938	-0.266338	
953	0.006325	-0.012281	-0.266347	
954	0.006469	-0.012293	-0.266383	
955	0.006787	-0.012681	-0.266676	
956	0.006910	-0.012550	-0.266905	
957	0.007062	-0.012783	-0.266904	
958	0.007336	-0.012769	-0.267181	
959	0.007499	-0.012907	-0.267074	
960	0.007802	-0.013053	-0.267313	
961	0.008065	-0.013152	-0.267498	
962	0.008333	-0.013013	-0.267642	
963	0.008654	-0.013237	-0.267756	
964	0.008924	-0.013314	-0.267842	
965	0.009184	-0.013300	-0.268018	
966	0.009464	-0.013311	-0.268185	
