0	0.000000	0.000000	0.000000	
1	0.000000	0.000000	0.000000	
2	0.000000	0.000000	0.000000	
3	0.000000	0.000000	0.000000	
4	-0.003940	-0.000636	0.000869	
5	-0.003202	-0.000380	-0.000010	
6	-0.003229	-0.000209	0.000343	
7	-0.004682	-0.000509	0.000195	
8	-0.006725	0.000024	0.000255	
9	-0.006883	-0.001204	0.000824	
10	-0.007883	-0.000324	0.001521	
11	-0.007845	-0.000185	0.000731	
12	-0.010299	0.000072	0.001319	
13	-0.010249	-0.001023	0.000715	
14	-0.013424	-0.002103	0.001461	
15	-0.012563	-0.000345	0.000372	
16	-0.014621	0.000878	-0.001051	
17	-0.016189	0.000903	-0.000037	
18	-0.017653	0.000626	-0.000465	
19	-0.020643	0.001886	-0.000820	
20	-0.023653	0.000964	-0.000463	
21	-0.029291	0.001749	-0.000911	
22	-0.028700	0.002710	-0.002609	
23	-0.037137	0.001265	-0.003230	
24	-0.038227	0.000024	-0.004012	
25	-0.044460	0.001397	-0.003146	
26	-0.050151	0.002110	-0.005363	
27	-0.055003	0.000310	-0.005627	
28	-0.061067	0.000073	-0.008395	
29	-0.070632	0.000765	-0.006409	
30	-0.077094	0.000017	-0.008235	
31	-0.083954	-0.000191	-0.010551	
32	-0.089402	0.000152	-0.010821	
33	-0.117802	0.000775	-0.011158	
34	-0.121193	0.000010	-0.013824	
35	-0.126839	-0.000904	-0.015604	
36	-0.137691	0.001134	-0.014367	
37	-0.149594	0.001672	-0.013624	
38	-0.152664	0.002346	-0.017003	
39	-0.162657	0.003992	-0.016305	
40	-0.173022	0.005089	-0.014574	
41	-0.186405	0.003648	-0.012349	
42	-0.193156	0.003229	-0.008983	
43	-0.199459	0.003919	-0.011089	
44	-0.207865	0.001870	-0.007377	
45	-0.213869	0.001230	-0.007286	
46	-0.216868	0.003059	-0.007614	
47	-0.221380	0.003288	-0.006506	
48	-0.228740	0.002166	-0.005710	
49	-0.242954	0.002433	-0.000791	
50	-0.241395	0.002622	-0.003797	
51	-0.245271	0.002175	-0.004519	
52	-0.247240	0.004513	-0.007755	
53	-0.260370	0.006025	-0.001975	
54	-0.262612	0.005271	-0.002274	
55	-0.282596	0.004878	0.006877	
56	-0.287440	0.007574	0.007467	
57	-0.296787	0.008206	0.010256	
58	-0.310919	0.005898	0.015943	
59	-0.313964	0.007602	0.014012	
60	-0.320807	0.009113	0.013769	
61	-0.344588	0.008559	0.024088	
62	-0.353186	0.009744	0.025239	
63	-0.365729	0.008595	0.029789	
64	-0.379486	0.008824	0.033509	
65	-0.390168	0.007534	0.035466	
66	-0.400402	0.005120	0.037721	
67	-0.411554	0.005310	0.037021	
68	-0.421054	0.005067	0.041503	
69	-0.429993	0.003261	0.041143	
70	-0.437168	0.002621	0.038072	
71	-0.453157	-0.002508	0.041000	
72	-0.463183	-0.003988	0.042661	
73	-0.465311	-0.005707	0.039511	
74	-0.466714	-0.009375	0.036721	
75	-0.464657	-0.012523	0.028605	
76	-0.465081	-0.012964	0.021793	
77	-0.463400	-0.014279	0.014589	
78	-0.470339	-0.017375	0.012408	
79	-0.473784	-0.020162	0.008669	
80	-0.485708	-0.019359	0.011661	
81	-0.494109	-0.019461	0.011174	
82	-0.501918	-0.021532	0.008041	
83	-0.514482	-0.020384	0.008274	
84	-0.528194	-0.021315	0.008641	
85	-0.542854	-0.022064	0.012680	
86	-0.552859	-0.020925	0.012347	
87	-0.565895	-0.021228	0.012647	
88	-0.575185	-0.021459	0.012791	
89	-0.582648	-0.019588	0.011541	
90	-0.597157	-0.018269	0.014565	
91	-0.612335	-0.020385	0.019752	
92	-0.617107	-0.019405	0.016333	
93	-0.624413	-0.017048	0.015887	
94	-0.637480	-0.018378	0.022443	
95	-0.647626	-0.017775	0.022015	
96	-0.653082	-0.015090	0.023907	
97	-0.667633	-0.014439	0.027982	
98	-0.673198	-0.015780	0.031105	
99	-0.681525	-0.015292	0.035147	
100	-0.690136	-0.013640	0.041158	
101	-0.693769	-0.012170	0.042785	
102	-0.704294	-0.011663	0.049408	
103	-0.716979	-0.009879	0.062206	
104	-0.719799	-0.009692	0.063990	
105	-0.726167	-0.010268	0.069033	
106	-0.726513	-0.006966	0.065342	
107	-0.736060	-0.005990	0.073797	
108	-0.737706	-0.005930	0.074871	
109	-0.745566	-0.005331	0.083244	
110	-0.751711	-0.004018	0.089937	
111	-0.759840	-0.004510	0.097783	
112	-0.764018	-0.004426	0.102001	
113	-0.774594	-0.004189	0.114285	
114	-0.775440	-0.004188	0.116133	
115	-0.785779	-0.006733	0.128174	
116	-0.793472	-0.009730	0.138621	
117	-0.799019	-0.008205	0.142804	
118	-0.805327	-0.007802	0.149843	
119	-0.812083	-0.009020	0.158096	
120	-0.821399	-0.008544	0.175875	
121	-0.822968	-0.010080	0.176662	
122	-0.828659	-0.014028	0.183013	
123	-0.837991	-0.015000	0.198973	
124	-0.842334	-0.014825	0.203993	
125	-0.847164	-0.015995	0.211337	
126	-0.856723	-0.016882	0.228285	
127	-0.862185	-0.016788	0.234094	
128	-0.866125	-0.017087	0.240788	
129	-0.874812	-0.016916	0.258876	
130	-0.878416	-0.017463	0.262958	
131	-0.878812	-0.017157	0.260699	
132	-0.889067	-0.017298	0.279810	
133	-0.897948	-0.019707	0.296191	
134	-0.901300	-0.020042	0.300110	
135	-0.908344	-0.020106	0.312236	
136	-0.913613	-0.020435	0.321427	
137	-0.919315	-0.019550	0.326157	
138	-0.925388	-0.017462	0.331408	
139	-0.934693	-0.018190	0.345723	
140	-0.940189	-0.019436	0.351188	
141	-0.949324	-0.019425	0.365903	
142	-0.954561	-0.021625	0.375916	
143	-0.960933	-0.023272	0.383782	
144	-0.966503	-0.022447	0.390564	
145	-0.972399	-0.022637	0.399942	
146	-0.982655	-0.021850	0.420915	
147	-0.984029	-0.021703	0.424271	
148	-0.988357	-0.022347	0.435296	
149	-0.992001	-0.022052	0.444042	
150	-0.995318	-0.022563	0.453781	
151	-0.998426	-0.023783	0.464585	
152	-1.002087	-0.022771	0.473070	
153	-1.006562	-0.022119	0.485378	
154	-1.008234	-0.021111	0.492967	
155	-1.012915	-0.022229	0.507872	
156	-1.015174	-0.022920	0.518701	
157	-1.018123	-0.023209	0.535086	
158	-1.018685	-0.022538	0.542756	
159	-1.019884	-0.023990	0.558245	
160	-1.019694	-0.024460	0.568884	
161	-1.019827	-0.022737	0.579975	
162	-1.020850	-0.024024	0.593103	
163	-1.021047	-0.025449	0.604982	
164	-1.022085	-0.026706	0.622991	
165	-1.021284	-0.027406	0.634256	
166	-1.020236	-0.029300	0.644709	
167	-1.019725	-0.029472	0.657139	
168	-1.019706	-0.027381	0.671577	
169	-1.021668	-0.029372	0.688759	
170	-1.020639	-0.032252	0.697937	
171	-1.020128	-0.033499	0.710914	
172	-1.020513	-0.035107	0.724906	
173	-1.021554	-0.036798	0.737527	
174	-1.021085	-0.037721	0.749474	
175	-1.022493	-0.038073	0.764101	
176	-1.021385	-0.035593	0.771117	
177	-1.020120	-0.035144	0.778334	
178	-1.019873	-0.037588	0.791977	
179	-1.019088	-0.040033	0.805010	
180	-1.016920	-0.040663	0.815789	
181	-1.017247	-0.040900	0.829736	
182	-1.018968	-0.041425	0.845989	
183	-1.016789	-0.041089	0.856535	
184	-1.015239	-0.041321	0.871920	
185	-1.015397	-0.041032	0.890150	
186	-1.012284	-0.041096	0.898513	
187	-1.009935	-0.044652	0.913926	
188	-1.007807	-0.047397	0.931600	
189	-1.005543	-0.046371	0.946269	
190	-1.004282	-0.048599	0.962673	
191	-1.000666	-0.054729	0.977641	
192	-1.000680	-0.055246	0.995819	
193	-1.000934	-0.051206	1.012032	
194	-0.999767	-0.050965	1.024909	
195	-0.997856	-0.054482	1.041804	
196	-0.996054	-0.057869	1.053744	
197	-0.994940	-0.061543	1.070512	
198	-0.992926	-0.062592	1.086131	
199	-0.992811	-0.061141	1.100058	
200	-0.992195	-0.061663	1.118700	
201	-0.989357	-0.062367	1.129113	
202	-0.987115	-0.064286	1.146347	
203	-0.985243	-0.063694	1.158803	
204	-0.982385	-0.062820	1.170466	
205	-0.978962	-0.062718	1.183950	
206	-0.974467	-0.065656	1.197574	
207	-0.970289	-0.067892	1.210248	
208	-0.965766	-0.069784	1.223168	
209	-0.960149	-0.070515	1.234384	
210	-0.955152	-0.068699	1.248164	
211	-0.947935	-0.071770	1.259733	
212	-0.941519	-0.075616	1.274157	
213	-0.934505	-0.075817	1.286476	
214	-0.926646	-0.075250	1.296787	
215	-0.917401	-0.079699	1.308610	
216	-0.908452	-0.082654	1.325369	
217	-0.900004	-0.082467	1.334596	
218	-0.889870	-0.085050	1.345008	
219	-0.879395	-0.090033	1.356628	
220	-0.869740	-0.091198	1.368622	
221	-0.860526	-0.092996	1.383045	
222	-0.849877	-0.095941	1.392560	
223	-0.839144	-0.099031	1.403345	
224	-0.828650	-0.101603	1.411506	
225	-0.818355	-0.105588	1.422918	
226	-0.806319	-0.111591	1.431441	
227	-0.794855	-0.117512	1.445065	
228	-0.784226	-0.121514	1.452677	
229	-0.773405	-0.125608	1.459533	
230	-0.764192	-0.126672	1.466964	
231	-0.754730	-0.129679	1.475333	
232	-0.745143	-0.132554	1.482685	
233	-0.735248	-0.136330	1.489571	
234	-0.725206	-0.139736	1.496811	
235	-0.715796	-0.142415	1.505327	
236	-0.705860	-0.146620	1.511676	
237	-0.695039	-0.152591	1.519530	
238	-0.684351	-0.157939	1.526922	
239	-0.674225	-0.162813	1.535590	
240	-0.664992	-0.163776	1.544183	
241	-0.655240	-0.166437	1.552644	
242	-0.644317	-0.172489	1.560426	
243	-0.633044	-0.179021	1.568550	
244	-0.622836	-0.181650	1.576525	
245	-0.612534	-0.184681	1.585494	
246	-0.603096	-0.184896	1.595423	
247	-0.593807	-0.186553	1.603930	
248	-0.583814	-0.188861	1.611552	
249	-0.574166	-0.190969	1.620539	
250	-0.564135	-0.194023	1.629296	
251	-0.555643	-0.193057	1.639816	
252	-0.548087	-0.189964	1.649685	
253	-0.538360	-0.193630	1.658524	
254	-0.527486	-0.200506	1.667437	
255	-0.516315	-0.205354	1.675929	
256	-0.506955	-0.205039	1.684725	
257	-0.496644	-0.210116	1.693556	
258	-0.486206	-0.213945	1.700005	
259	-0.476263	-0.215554	1.708304	
260	-0.466709	-0.215094	1.715206	
261	-0.457209	-0.215335	1.722484	
262	-0.446443	-0.216733	1.728142	
263	-0.436136	-0.216378	1.734153	
264	-0.424906	-0.218181	1.740429	
265	-0.412910	-0.220488	1.744756	
266	-0.401674	-0.219526	1.748842	
267	-0.390370	-0.218971	1.755017	
268	-0.378475	-0.218799	1.757360	
269	-0.353105	-0.223520	1.767858	
270	-0.338779	-0.227296	1.771283	
271	-0.326878	-0.225396	1.774880	
272	-0.314277	-0.226128	1.779445	
273	-0.301027	-0.227330	1.783116	
274	-0.288154	-0.227327	1.785920	
275	-0.274690	-0.229171	1.789720	
276	-0.261141	-0.230639	1.793169	
277	-0.247564	-0.232399	1.796653	
278	-0.233625	-0.234157	1.800582	
279	-0.219627	-0.236690	1.803862	
280	-0.206496	-0.237514	1.806535	
281	-0.194648	-0.236536	1.811167	
282	-0.182350	-0.237839	1.813683	
283	-0.169791	-0.239983	1.819157	
284	-0.158215	-0.241072	1.823327	
285	-0.147687	-0.241023	1.827329	
286	-0.138163	-0.240651	1.831455	
287	-0.129262	-0.240551	1.835448	
288	-0.120717	-0.240409	1.841954	
289	-0.112388	-0.240788	1.847828	
290	-0.104809	-0.239881	1.854879	
291	-0.096761	-0.240844	1.860662	
292	-0.089773	-0.241099	1.867540	
293	-0.083651	-0.240324	1.874809	
294	-0.077950	-0.240350	1.881845	
295	-0.072085	-0.240513	1.888366	
296	-0.067191	-0.240030	1.895896	
297	-0.062295	-0.239370	1.903878	
298	-0.057229	-0.239426	1.912058	
299	-0.052221	-0.240267	1.920411	
300	-0.047576	-0.240559	1.929617	
301	-0.043605	-0.240373	1.939514	
302	-0.039383	-0.240725	1.949481	
303	-0.035471	-0.240951	1.959714	
304	-0.031804	-0.240844	1.971089	
305	-0.028185	-0.240777	1.982576	
306	-0.024901	-0.241488	1.994110	
307	-0.022263	-0.241566	2.005751	
308	-0.020320	-0.241248	2.016730	
309	-0.018650	-0.240703	2.028657	
310	-0.016429	-0.241476	2.039395	
311	-0.014066	-0.241228	2.063301	
312	-0.013450	-0.241013	2.073974	
313	-0.013394	-0.239880	2.086541	
314	-0.012918	-0.240108	2.097822	
315	-0.012715	-0.240340	2.110013	
316	-0.012976	-0.239686	2.121530	
317	-0.013598	-0.239142	2.133043	
318	-0.014296	-0.239264	2.143050	
319	-0.015455	-0.239379	2.153307	
320	-0.017537	-0.238253	2.163921	
321	-0.019118	-0.238555	2.173271	
322	-0.021020	-0.237424	2.181822	
323	-0.022922	-0.236802	2.190919	
324	-0.024222	-0.237652	2.199871	
325	-0.026111	-0.237294	2.207010	
326	-0.028016	-0.237713	2.216518	
327	-0.028460	-0.240446	2.222823	
328	-0.029992	-0.241261	2.231753	
329	-0.031809	-0.241566	2.239631	
330	-0.033457	-0.242203	2.249387	
331	-0.035218	-0.242713	2.257751	
332	-0.037234	-0.242987	2.267160	
333	-0.039395	-0.242887	2.275148	
334	-0.041383	-0.243857	2.283891	
335	-0.042776	-0.245753	2.291760	
336	-0.044389	-0.248134	2.299265	
337	-0.046114	-0.249747	2.305545	
338	-0.048494	-0.249711	2.311059	
339	-0.050819	-0.250065	2.316122	
340	-0.052927	-0.250477	2.320925	
341	-0.054980	-0.250799	2.326605	
342	-0.056857	-0.251083	2.331424	
343	-0.057871	-0.252700	2.336933	
344	-0.059709	-0.252567	2.342439	
345	-0.061303	-0.252399	2.347510	
346	-0.063579	-0.251041	2.352041	
347	-0.064080	-0.253242	2.357879	
348	-0.065683	-0.252896	2.363670	
349	-0.067612	-0.251480	2.372473	
350	-0.067680	-0.252138	2.376875	
351	-0.068258	-0.251717	2.381625	
352	-0.068569	-0.250755	2.385909	
353	-0.068227	-0.251304	2.390775	
354	-0.068734	-0.249879	2.395513	
355	-0.068384	-0.249758	2.400154	
356	-0.068032	-0.250248	2.405816	
357	-0.068302	-0.248878	2.411208	
358	-0.068913	-0.247094	2.416698	
359	-0.069035	-0.245838	2.422843	
360	-0.069114	-0.245701	2.429291	
361	-0.069092	-0.245899	2.435864	
362	-0.068905	-0.246809	2.443022	
363	-0.069254	-0.246115	2.450249	
364	-0.069795	-0.245228	2.457289	
365	-0.069882	-0.246091	2.465112	
366	-0.069849	-0.247010	2.472417	
367	-0.070005	-0.247530	2.480029	
368	-0.070782	-0.247237	2.487459	
369	-0.070951	-0.247621	2.495325	
370	-0.070993	-0.247343	2.502563	
371	-0.071218	-0.246826	2.509591	
372	-0.071345	-0.246624	2.516916	
373	-0.071526	-0.245934	2.524240	
374	-0.071277	-0.245493	2.531221	
375	-0.070284	-0.246785	2.538630	
376	-0.068012	-0.247852	2.551785	
377	-0.066096	-0.249028	2.558278	
378	-0.064256	-0.249485	2.563942	
379	-0.061525	-0.250564	2.569303	
380	-0.059191	-0.251544	2.574379	
381	-0.056987	-0.251952	2.579159	
382	-0.054373	-0.252947	2.583640	
383	-0.051587	-0.253584	2.587475	
384	-0.049133	-0.253170	2.590018	
385	-0.046159	-0.253795	2.592161	
386	-0.042533	-0.255920	2.594330	
387	-0.039569	-0.257168	2.595303	
388	-0.037016	-0.257295	2.596296	
389	-0.033205	-0.260380	2.597483	
390	-0.030100	-0.260716	2.598830	
391	-0.027338	-0.260526	2.599275	
392	-0.025285	-0.259005	2.599961	
393	-0.023343	-0.257172	2.600917	
394	-0.020096	-0.257577	2.601476	
395	-0.016405	-0.257815	2.601626	
396	-0.013600	-0.256985	2.601681	
397	-0.010736	-0.255111	2.601091	
398	-0.006252	-0.256731	2.599647	
399	-0.002004	-0.257727	2.600037	
400	0.002301	-0.258137	2.600604	
401	0.007767	-0.258704	2.600708	
402	0.012327	-0.258196	2.602280	
403	0.017239	-0.258670	2.601318	
404	0.022604	-0.259164	2.602793	
405	0.028458	-0.260877	2.605337	
406	0.033599	-0.261800	2.607354	
407	0.038860	-0.262403	2.610252	
408	0.045470	-0.265952	2.612923	
409	0.051594	-0.269041	2.617352	
410	0.055037	-0.267819	2.619058	
411	0.060182	-0.267641	2.625390	
412	0.066385	-0.269056	2.632164	
413	0.071143	-0.266970	2.635686	
414	0.074234	-0.261216	2.641269	
415	0.080495	-0.261222	2.646936	
416	0.086774	-0.262806	2.648586	
417	0.088967	-0.259562	2.648006	
418	0.096653	-0.262572	2.653623	
419	0.103996	-0.265239	2.653610	
420	0.107843	-0.260751	2.654608	
421	0.116534	-0.254178	2.656566	
422	0.123560	-0.253191	2.656462	
423	0.129259	-0.250161	2.654834	
424	0.137104	-0.250863	2.652363	
425	0.146054	-0.250917	2.651644	
426	0.151898	-0.247263	2.647174	
427	0.161631	-0.245426	2.643859	
428	0.172270	-0.244318	2.642327	
429	0.180468	-0.240484	2.635633	
430	0.189929	-0.236124	2.632253	
431	0.201887	-0.234724	2.627617	
432	0.213161	-0.233350	2.621985	
433	0.223278	-0.228508	2.613583	
434	0.236387	-0.227533	2.608334	
435	0.252286	-0.231332	2.601293	
436	0.269713	-0.236847	2.592710	
437	0.282999	-0.237996	2.584625	
438	0.290431	-0.232538	2.573707	
439	0.296454	-0.223901	2.565334	
440	0.304259	-0.216963	2.557768	
441	0.317927	-0.217811	2.548949	
442	0.343436	-0.221852	2.531515	
443	0.353680	-0.221015	2.520674	
444	0.363512	-0.218364	2.512533	
445	0.373730	-0.218479	2.503541	
446	0.381610	-0.215451	2.495753	
447	0.389283	-0.213464	2.488436	
448	0.397325	-0.211619	2.480417	
449	0.404090	-0.207266	2.474762	
450	0.413795	-0.206841	2.469078	
451	0.423759	-0.207021	2.462628	
452	0.431670	-0.203538	2.456249	
453	0.441577	-0.202858	2.450692	
454	0.451955	-0.201834	2.445480	
455	0.460498	-0.198624	2.438883	
456	0.469882	-0.195788	2.434065	
457	0.481865	-0.197042	2.431366	
458	0.494653	-0.199451	2.424945	
459	0.503046	-0.195411	2.421108	
460	0.514266	-0.193527	2.418118	
461	0.525493	-0.194421	2.412452	
462	0.534683	-0.192396	2.406223	
463	0.542467	-0.188815	2.403236	
464	0.550334	-0.184805	2.400168	
465	0.563087	-0.185640	2.397509	
466	0.574366	-0.183973	2.394847	
467	0.584359	-0.180448	2.394170	
468	0.593806	-0.178849	2.392899	
469	0.603298	-0.175360	2.392809	
470	0.614049	-0.173650	2.390652	
471	0.624391	-0.173885	2.387538	
472	0.634557	-0.173726	2.383607	
473	0.640271	-0.172303	2.376139	
474	0.648562	-0.170309	2.373908	
475	0.658472	-0.169933	2.371295	
476	0.666764	-0.169894	2.363310	
477	0.679452	-0.169127	2.366474	
478	0.686550	-0.166471	2.365280	
479	0.697002	-0.164371	2.367210	
480	0.704538	-0.166179	2.361381	
481	0.714486	-0.165848	2.362655	
482	0.723096	-0.163768	2.361446	
483	0.727988	-0.163284	2.356839	
484	0.737161	-0.166309	2.352501	
485	0.746505	-0.169424	2.350104	
486	0.752309	-0.166281	2.347277	
487	0.751836	-0.163697	2.339638	
488	0.756696	-0.163061	2.335387	
489	0.760774	-0.162272	2.327121	
490	0.766183	-0.161382	2.322643	
491	0.766620	-0.161838	2.311213	
492	0.768635	-0.161008	2.300165	
493	0.770035	-0.156323	2.292991	
494	0.769941	-0.153289	2.282426	
495	0.768808	-0.153512	2.275256	
496	0.771993	-0.150397	2.268933	
497	0.770582	-0.149176	2.258025	
498	0.771529	-0.148016	2.251569	
499	0.771528	-0.146562	2.241281	
500	0.772325	-0.144873	2.230668	
501	0.775804	-0.142568	2.224679	
502	0.777737	-0.142627	2.211807	
503	0.776613	-0.139454	2.201337	
504	0.772730	-0.137645	2.188443	
505	0.772532	-0.140391	2.179559	
506	0.772738	-0.141331	2.168256	
507	0.765206	-0.138936	2.158689	
508	0.768770	-0.137664	2.149076	
509	0.773192	-0.138813	2.134224	
510	0.776033	-0.142555	2.121910	
511	0.772704	-0.143193	2.109014	
512	0.777653	-0.141664	2.097868	
513	0.779101	-0.143106	2.086274	
514	0.784372	-0.145234	2.073906	
515	0.787367	-0.144417	2.060386	
516	0.783031	-0.142056	2.061560	
517	0.797318	-0.142348	2.040724	
518	0.788189	-0.144957	2.044867	
519	0.781125	-0.146776	2.045100	
520	0.778683	-0.144590	2.037515	
521	0.780571	-0.141059	2.030967	
522	0.770150	-0.139892	2.036721	
523	0.786896	-0.140140	2.015159	
524	0.786483	-0.139422	2.010164	
525	0.794286	-0.135904	1.997162	
526	0.795409	-0.136416	1.988073	
527	0.798036	-0.135748	1.983294	
528	0.811144	-0.133763	1.962731	
529	0.807748	-0.134057	1.961023	
530	0.815805	-0.132807	1.945851	
531	0.816275	-0.131579	1.937821	
532	0.814787	-0.130553	1.932728	
533	0.822170	-0.128923	1.917461	
534	0.827602	-0.130957	1.902578	
535	0.825104	-0.130050	1.898729	
536	0.832940	-0.128585	1.881720	
537	0.832974	-0.128347	1.873448	
538	0.831115	-0.127949	1.865639	
539	0.834043	-0.129106	1.851222	
540	0.834860	-0.130949	1.841855	
541	0.837297	-0.128884	1.828812	
542	0.838262	-0.126273	1.823524	
543	0.838795	-0.127107	1.813420	
544	0.841404	-0.125672	1.801528	
545	0.842781	-0.126411	1.795000	
546	0.844834	-0.128159	1.783155	
547	0.841675	-0.128258	1.779625	
548	0.842798	-0.127502	1.773211	
549	0.842263	-0.129895	1.766572	
550	0.842665	-0.129924	1.758646	
551	0.845706	-0.131218	1.750549	
552	0.844334	-0.131141	1.748090	
553	0.844891	-0.129508	1.741095	
554	0.845370	-0.132254	1.733218	
555	0.845213	-0.134807	1.724621	
556	0.844548	-0.132114	1.720551	
557	0.842587	-0.129540	1.714623	
558	0.841995	-0.132086	1.709404	
559	0.840696	-0.132020	1.706218	
560	0.843826	-0.131093	1.698020	
561	0.842322	-0.132430	1.695044	
562	0.844238	-0.132459	1.685844	
563	0.844574	-0.130416	1.680078	
564	0.847831	-0.127865	1.668713	
565	0.848561	-0.127053	1.662149	
566	0.849940	-0.126556	1.655757	
567	0.852197	-0.124356	1.647038	
568	0.854201	-0.122702	1.636621	
569	0.853045	-0.125250	1.626785	
570	0.851763	-0.126516	1.618365	
571	0.851710	-0.122369	1.609764	
572	0.851095	-0.121700	1.600467	
573	0.848405	-0.123050	1.593611	
574	0.847119	-0.119887	1.584076	
575	0.846298	-0.116417	1.576789	
576	0.844815	-0.118064	1.567240	
577	0.843926	-0.117437	1.557736	
578	0.843368	-0.114625	1.548558	
579	0.842802	-0.113611	1.538357	
580	0.841260	-0.113777	1.529004	
581	0.839866	-0.111573	1.517956	
582	0.839678	-0.108290	1.508527	
583	0.837679	-0.108795	1.497180	
584	0.836350	-0.107947	1.485831	
585	0.835938	-0.104665	1.474834	
586	0.834540	-0.104021	1.465189	
587	0.831803	-0.106157	1.437829	
588	0.829903	-0.107500	1.428001	
589	0.827566	-0.109198	1.416481	
590	0.826351	-0.106893	1.405133	
591	0.825185	-0.104446	1.391306	
592	0.823358	-0.104363	1.378811	
593	0.821853	-0.104316	1.366925	
594	0.819241	-0.103298	1.357850	
595	0.817435	-0.104748	1.344888	
596	0.814665	-0.106503	1.334409	
597	0.812972	-0.106354	1.320774	
598	0.809908	-0.108351	1.310662	
599	0.807838	-0.108533	1.299330	
600	0.804820	-0.108611	1.289062	
601	0.802802	-0.108586	1.276495	
602	0.799366	-0.108910	1.267503	
603	0.796058	-0.109565	1.259296	
604	0.793190	-0.108602	1.250606	
605	0.790725	-0.106165	1.242935	
606	0.788539	-0.105578	1.230253	
607	0.785455	-0.107057	1.221497	
608	0.783806	-0.104238	1.212420	
609	0.781764	-0.100426	1.204188	
610	0.780371	-0.099602	1.190551	
611	0.777442	-0.100026	1.181383	
612	0.775281	-0.097979	1.173943	
613	0.773397	-0.095664	1.160951	
614	0.772013	-0.094298	1.152530	
615	0.770507	-0.091522	1.141516	
616	0.768566	-0.089922	1.130664	
617	0.767433	-0.088081	1.117764	
618	0.766249	-0.087274	1.102503	
619	0.763352	-0.088161	1.093574	
620	0.761653	-0.087530	1.083201	
621	0.759714	-0.085534	1.072439	
622	0.757395	-0.086094	1.061698	
623	0.754425	-0.086930	1.050498	
624	0.751637	-0.085320	1.040529	
625	0.749696	-0.083205	1.031234	
626	0.746884	-0.082960	1.021092	
627	0.743092	-0.084808	1.011454	
628	0.740497	-0.084041	1.005270	
629	0.736617	-0.083936	0.995709	
630	0.732639	-0.084962	0.987324	
631	0.728892	-0.083828	0.981580	
632	0.724872	-0.084803	0.971191	
633	0.719688	-0.086413	0.963329	
634	0.715663	-0.086330	0.957736	
635	0.712231	-0.084684	0.948529	
636	0.707768	-0.085014	0.941380	
637	0.704439	-0.083419	0.933564	
638	0.699324	-0.081368	0.927628	
639	0.695205	-0.080098	0.921699	
640	0.690156	-0.078980	0.915210	
641	0.684770	-0.077796	0.910302	
642	0.680096	-0.076225	0.903808	
643	0.674415	-0.075211	0.898688	
644	0.669441	-0.073219	0.892505	
645	0.663023	-0.071624	0.888617	
646	0.655690	-0.072064	0.882995	
647	0.648968	-0.071360	0.878546	
648	0.641823	-0.068600	0.873889	
649	0.627785	-0.061646	0.865143	
650	0.610336	-0.061696	0.854904	
651	0.600958	-0.062477	0.849135	
652	0.590699	-0.065580	0.844644	
653	0.580404	-0.065345	0.841339	
654	0.570937	-0.063055	0.835435	
655	0.560144	-0.063579	0.831432	
656	0.549571	-0.063882	0.827870	
657	0.538345	-0.065217	0.823130	
658	0.526581	-0.067967	0.820057	
659	0.515777	-0.069098	0.816439	
660	0.503726	-0.071574	0.812536	
661	0.491901	-0.074912	0.810792	
662	0.481226	-0.074419	0.807457	
663	0.471060	-0.071449	0.801631	
664	0.460501	-0.072011	0.798857	
665	0.449400	-0.074133	0.795363	
666	0.438756	-0.077075	0.793851	
667	0.427727	-0.081175	0.790665	
668	0.416786	-0.082533	0.787524	
669	0.407156	-0.082165	0.784919	
670	0.397634	-0.082452	0.781068	
671	0.388036	-0.085102	0.777123	
672	0.379110	-0.085616	0.773272	
673	0.370308	-0.086666	0.769491	
674	0.361633	-0.088606	0.766841	
675	0.352519	-0.092918	0.763401	
676	0.343830	-0.095973	0.761461	
677	0.335642	-0.097924	0.758295	
678	0.326779	-0.099940	0.754358	
679	0.318974	-0.099840	0.749622	
680	0.310950	-0.101121	0.746087	
681	0.302755	-0.104746	0.741608	
682	0.294831	-0.107525	0.737214	
683	0.286537	-0.108671	0.732896	
684	0.278829	-0.109396	0.727135	
685	0.270292	-0.113008	0.721710	
686	0.262156	-0.116494	0.716059	
687	0.253847	-0.118211	0.710488	
688	0.245533	-0.119892	0.704931	
689	0.237670	-0.121309	0.698245	
690	0.228821	-0.125638	0.692109	
691	0.220151	-0.129360	0.685738	
692	0.212331	-0.129883	0.678443	
693	0.204901	-0.129170	0.670273	
694	0.197871	-0.128417	0.662791	
695	0.190175	-0.130780	0.655231	
696	0.182140	-0.134165	0.648033	
697	0.173220	-0.138622	0.641352	
698	0.164923	-0.142671	0.635139	
699	0.156286	-0.145823	0.628387	
700	0.148145	-0.148138	0.622273	
701	0.140184	-0.149369	0.615960	
702	0.133037	-0.150457	0.611219	
703	0.124222	-0.156713	0.606844	
704	0.115852	-0.160974	0.602489	
705	0.108632	-0.160970	0.598369	
706	0.100864	-0.164448	0.594572	
707	0.092641	-0.168873	0.591541	
708	0.086368	-0.166155	0.588431	
709	0.079574	-0.167296	0.585020	
710	0.071062	-0.175246	0.583194	
711	0.063178	-0.177659	0.580764	
712	0.058195	-0.174296	0.579920	
713	0.049867	-0.181752	0.579295	
714	0.041104	-0.188578	0.578928	
715	0.034389	-0.190382	0.580990	
716	0.027955	-0.192015	0.583657	
717	0.020616	-0.196669	0.586539	
718	0.012895	-0.199905	0.588531	
719	0.005459	-0.202278	0.592222	
720	-0.001406	-0.203166	0.596882	
721	-0.009221	-0.205576	0.601149	
722	-0.016858	-0.206886	0.606571	
723	-0.025091	-0.209265	0.611840	
724	-0.033700	-0.211923	0.617467	
725	-0.041767	-0.213269	0.623489	
726	-0.050919	-0.215434	0.629373	
727	-0.059668	-0.217855	0.635978	
728	-0.068396	-0.220472	0.643016	
729	-0.077058	-0.221701	0.649754	
730	-0.086333	-0.224298	0.656089	
731	-0.096362	-0.228543	0.662679	
732	-0.105982	-0.231844	0.670767	
733	-0.115099	-0.235524	0.679822	
734	-0.123961	-0.238992	0.688314	
735	-0.132566	-0.243330	0.697250	
736	-0.140830	-0.246611	0.705786	
737	-0.149282	-0.250227	0.714431	
738	-0.157066	-0.253193	0.723190	
739	-0.164090	-0.255894	0.731721	
740	-0.171234	-0.260251	0.740254	
741	-0.177389	-0.263907	0.749253	
742	-0.182215	-0.265000	0.757457	
743	-0.187165	-0.266947	0.764430	
744	-0.192335	-0.269611	0.770850	
745	-0.197126	-0.271500	0.777140	
746	-0.202348	-0.274584	0.782889	
747	-0.207324	-0.278210	0.788822	
748	-0.211569	-0.281124	0.794481	
749	-0.215621	-0.283936	0.799693	
750	-0.219383	-0.286120	0.804353	
751	-0.222930	-0.288818	0.808653	
752	-0.226611	-0.290793	0.812363	
753	-0.230183	-0.292883	0.815922	
754	-0.234229	-0.294316	0.819219	
755	-0.238470	-0.297097	0.822818	
756	-0.243287	-0.300195	0.825800	
757	-0.248145	-0.301952	0.829353	
758	-0.253632	-0.304999	0.832860	
759	-0.259965	-0.309876	0.835927	
760	-0.266307	-0.313392	0.838621	
761	-0.273069	-0.317063	0.840900	
762	-0.280343	-0.321065	0.843096	
763	-0.288059	-0.324931	0.845296	
764	-0.295772	-0.328943	0.847484	
765	-0.303511	-0.332517	0.849753	
766	-0.311972	-0.336550	0.851657	
767	-0.320248	-0.340214	0.853772	
768	-0.328604	-0.344469	0.855879	
769	-0.337004	-0.348765	0.858005	
770	-0.345438	-0.352591	0.859661	
771	-0.353751	-0.355128	0.861404	
772	-0.362238	-0.358182	0.863206	
773	-0.370281	-0.360592	0.865285	
774	-0.378620	-0.362134	0.866728	
775	-0.387186	-0.364072	0.868254	
776	-0.395623	-0.367295	0.869589	
777	-0.403918	-0.370672	0.870709	
778	-0.411785	-0.372942	0.872306	
779	-0.419451	-0.375558	0.873741	
780	-0.427184	-0.377950	0.874696	
781	-0.434410	-0.379287	0.875869	
782	-0.441602	-0.380957	0.877221	
783	-0.448259	-0.382185	0.878513	
784	-0.454618	-0.382793	0.879686	
785	-0.460982	-0.383687	0.880881	
786	-0.466774	-0.385648	0.881973	
787	-0.471936	-0.386516	0.883652	
788	-0.477238	-0.386576	0.884704	
789	-0.482344	-0.386741	0.886142	
790	-0.487130	-0.387017	0.887275	
791	-0.491347	-0.386642	0.888657	
792	-0.495186	-0.385839	0.889877	
793	-0.498487	-0.384725	0.891233	
794	-0.501718	-0.383717	0.892528	
795	-0.504828	-0.382615	0.894164	
796	-0.507205	-0.381473	0.895755	
797	-0.510060	-0.379958	0.896992	
798	-0.512664	-0.378157	0.898321	
799	-0.514987	-0.376155	0.899828	
800	-0.516968	-0.374448	0.901829	
801	-0.519023	-0.372356	0.903669	
802	-0.519848	-0.372026	0.906229	
803	-0.520925	-0.371264	0.908218	
804	-0.521929	-0.369561	0.910412	
805	-0.523159	-0.367995	0.912113	
806	-0.523733	-0.364917	0.914104	
807	-0.524881	-0.362494	0.916332	
808	-0.525099	-0.358784	0.918756	
809	-0.525852	-0.356396	0.920889	
810	-0.526903	-0.352562	0.922957	
811	-0.527630	-0.349082	0.925172	
812	-0.527825	-0.346514	0.928189	
813	-0.528391	-0.343673	0.931039	
814	-0.529158	-0.340647	0.933710	
815	-0.529347	-0.336395	0.937069	
816	-0.530119	-0.332952	0.939915	
817	-0.530693	-0.329341	0.943624	
818	-0.530863	-0.327394	0.947917	
819	-0.531445	-0.324978	0.952173	
820	-0.530863	-0.322973	0.957724	
821	-0.531104	-0.320386	0.962652	
822	-0.531667	-0.318361	0.967658	
823	-0.532030	-0.317443	0.973514	
824	-0.532363	-0.315043	0.979481	
825	-0.532820	-0.313774	0.985577	
826	-0.533406	-0.310589	0.991411	
827	-0.533682	-0.306811	0.996950	
828	-0.534414	-0.303596	1.003148	
829	-0.535009	-0.300208	1.008986	
830	-0.534862	-0.295234	1.015743	
831	-0.535532	-0.291129	1.022151	
832	-0.536455	-0.287810	1.028932	
833	-0.537233	-0.282682	1.035452	
834	-0.538544	-0.280055	1.041578	
835	-0.539322	-0.276459	1.048218	
836	-0.540478	-0.273911	1.054558	
837	-0.540869	-0.269088	1.060537	
838	-0.541332	-0.266612	1.066947	
839	-0.543584	-0.264130	1.071509	
840	-0.544962	-0.262125	1.076880	
841	-0.546369	-0.259974	1.081905	
842	-0.547416	-0.256571	1.087110	
843	-0.548159	-0.251686	1.091931	
844	-0.548263	-0.248535	1.097069	
845	-0.549456	-0.246260	1.101551	
846	-0.550365	-0.241533	1.105111	
847	-0.551251	-0.238123	1.109133	
848	-0.552080	-0.232712	1.112639	
849	-0.552896	-0.229038	1.116226	
850	-0.553875	-0.226188	1.120122	
851	-0.553601	-0.220998	1.123984	
852	-0.554555	-0.217179	1.126906	
853	-0.554898	-0.214600	1.130368	
854	-0.554658	-0.211303	1.133814	
855	-0.555163	-0.208481	1.136600	
856	-0.556240	-0.207482	1.139420	
857	-0.557363	-0.205218	1.141771	
858	-0.557075	-0.199266	1.143701	
859	-0.557735	-0.194474	1.145139	
860	-0.558073	-0.191196	1.147600	
861	-0.558220	-0.187225	1.149518	
862	-0.558335	-0.181036	1.150672	
863	-0.558186	-0.177688	1.152422	
864	-0.559155	-0.176635	1.154104	
865	-0.560375	-0.175210	1.155207	
866	-0.560191	-0.172497	1.156833	
867	-0.560818	-0.168771	1.157579	
868	-0.560243	-0.165444	1.158629	
869	-0.561213	-0.162841	1.159094	
870	-0.562189	-0.161030	1.159818	
871	-0.563310	-0.157894	1.160444	
872	-0.563747	-0.155929	1.161827	
873	-0.564471	-0.154682	1.162997	
874	-0.565955	-0.154818	1.164478	
875	-0.566701	-0.153960	1.165820	
876	-0.567586	-0.153703	1.167221	
877	-0.568634	-0.153907	1.168365	
878	-0.569469	-0.152925	1.169472	
879	-0.570107	-0.153831	1.170810	
880	-0.571136	-0.153685	1.172111	
881	-0.570608	-0.149730	1.172744	
