0	0.000000	0.000000	0.000000	
1	0.000000	0.000000	0.000000	
2	0.000000	0.000000	0.000000	
3	0.000000	0.000000	0.000000	
4	-0.004067	-0.000671	0.000848	
5	-0.003302	-0.000384	-0.000037	
6	-0.003356	-0.000241	0.000325	
7	-0.004797	-0.000507	0.000172	
8	-0.006828	0.000041	0.000228	
9	-0.007002	-0.001191	0.000799	
10	-0.007973	-0.000304	0.001490	
11	-0.007946	-0.000168	0.000704	
12	-0.010411	0.000097	0.001288	
13	-0.010353	-0.000994	0.000686	
14	-0.013533	-0.002087	0.001437	
15	-0.012654	-0.000323	0.000344	
16	-0.014707	0.000891	-0.001078	
17	-0.016295	0.000936	-0.000065	
18	-0.017761	0.000642	-0.000490	
19	-0.020749	0.001912	-0.000849	
20	-0.023757	0.000985	-0.000490	
21	-0.029398	0.001774	-0.000940	
22	-0.028806	0.002729	-0.002636	
23	-0.037254	0.001284	-0.003256	
24	-0.038338	0.000040	-0.004037	
25	-0.044569	0.001410	-0.003172	
26	-0.050259	0.002127	-0.005390	
27	-0.055114	0.000339	-0.005656	
28	-0.061174	0.000098	-0.008424	
29	-0.070733	0.000804	-0.006441	
30	-0.077199	0.000033	-0.008261	
31	-0.084065	-0.000178	-0.010577	
32	-0.089512	0.000165	-0.010848	
33	-0.117902	0.000796	-0.011189	
34	-0.121299	0.000029	-0.013852	
35	-0.126941	-0.000888	-0.015632	
36	-0.137786	0.001160	-0.014396	
37	-0.149691	0.001692	-0.013656	
38	-0.152761	0.002360	-0.017032	
39	-0.162774	0.004004	-0.016331	
40	-0.173130	0.005100	-0.014603	
41	-0.186502	0.003668	-0.012379	
42	-0.193263	0.003251	-0.009012	
43	-0.199563	0.003948	-0.011120	
44	-0.207977	0.001892	-0.007406	
45	-0.213980	0.001248	-0.007317	
46	-0.216975	0.003077	-0.007644	
47	-0.221494	0.003312	-0.006538	
48	-0.228840	0.002187	-0.005742	
49	-0.243055	0.002448	-0.000822	
50	-0.241505	0.002643	-0.003829	
51	-0.245384	0.002196	-0.004549	
52	-0.247346	0.004539	-0.007786	
53	-0.260469	0.006047	-0.002004	
54	-0.262732	0.005285	-0.002302	
55	-0.282715	0.004891	0.006849	
56	-0.287550	0.007586	0.007440	
57	-0.296896	0.008214	0.010229	
58	-0.311037	0.005915	0.015912	
59	-0.314075	0.007619	0.013985	
60	-0.320919	0.009131	0.013740	
61	-0.344690	0.008578	0.024059	
62	-0.353294	0.009758	0.025212	
63	-0.365846	0.008613	0.029761	
64	-0.379597	0.008842	0.033480	
65	-0.390273	0.007557	0.035437	
66	-0.400513	0.005134	0.037693	
67	-0.411656	0.005326	0.036993	
68	-0.421157	0.005085	0.041475	
69	-0.430103	0.003273	0.041114	
70	-0.437270	0.002632	0.038043	
71	-0.453274	-0.002491	0.040970	
72	-0.463281	-0.003973	0.042632	
73	-0.465409	-0.005704	0.039481	
74	-0.466816	-0.009364	0.036691	
75	-0.464761	-0.012513	0.028576	
76	-0.465200	-0.012956	0.021763	
77	-0.463523	-0.014268	0.014559	
78	-0.470452	-0.017357	0.012378	
79	-0.473902	-0.020149	0.008638	
80	-0.485847	-0.019341	0.011630	
81	-0.494163	-0.019455	0.011146	
82	-0.502036	-0.021518	0.008011	
83	-0.514606	-0.020375	0.008244	
84	-0.528280	-0.021310	0.008612	
85	-0.542956	-0.022057	0.012650	
86	-0.552954	-0.020917	0.012318	
87	-0.566020	-0.021215	0.012615	
88	-0.575277	-0.021451	0.012760	
89	-0.582740	-0.019578	0.011511	
90	-0.597255	-0.018264	0.014534	
91	-0.612450	-0.020384	0.019722	
92	-0.617199	-0.019392	0.016303	
93	-0.624522	-0.017039	0.015857	
94	-0.637590	-0.018363	0.022413	
95	-0.647721	-0.017765	0.021985	
96	-0.653185	-0.015086	0.023877	
97	-0.667744	-0.014437	0.027952	
98	-0.673312	-0.015775	0.031075	
99	-0.681621	-0.015286	0.035115	
100	-0.690245	-0.013639	0.041126	
101	-0.693875	-0.012164	0.042755	
102	-0.704433	-0.011652	0.049377	
103	-0.717098	-0.009878	0.062175	
104	-0.719937	-0.009682	0.063959	
105	-0.726303	-0.010265	0.069001	
106	-0.726605	-0.006961	0.065314	
107	-0.736126	-0.005987	0.073768	
108	-0.737792	-0.005925	0.074840	
109	-0.745683	-0.005320	0.083213	
110	-0.751837	-0.004018	0.089908	
111	-0.759973	-0.004508	0.097754	
112	-0.764132	-0.004420	0.101974	
113	-0.774711	-0.004185	0.114257	
114	-0.775577	-0.004184	0.116104	
115	-0.785889	-0.006728	0.128143	
116	-0.793593	-0.009723	0.138591	
117	-0.799129	-0.008204	0.142775	
118	-0.805445	-0.007802	0.149813	
119	-0.812206	-0.009020	0.158067	
120	-0.821526	-0.008560	0.175843	
121	-0.823080	-0.010082	0.176630	
122	-0.828772	-0.014022	0.182984	
123	-0.838115	-0.015009	0.198943	
124	-0.842456	-0.014829	0.203961	
125	-0.847285	-0.015998	0.211304	
126	-0.856844	-0.016889	0.228254	
127	-0.862309	-0.016792	0.234061	
128	-0.866252	-0.017095	0.240758	
129	-0.874933	-0.016927	0.258844	
130	-0.878539	-0.017471	0.262927	
131	-0.878938	-0.017161	0.260664	
132	-0.889179	-0.017303	0.279776	
133	-0.898070	-0.019704	0.296154	
134	-0.901424	-0.020044	0.300075	
135	-0.908452	-0.020108	0.312198	
136	-0.913738	-0.020443	0.321393	
137	-0.919443	-0.019563	0.326122	
138	-0.925513	-0.017466	0.331371	
139	-0.934813	-0.018199	0.345686	
140	-0.940318	-0.019450	0.351153	
141	-0.949446	-0.019433	0.365868	
142	-0.954687	-0.021642	0.375880	
143	-0.961061	-0.023289	0.383750	
144	-0.966631	-0.022471	0.390529	
145	-0.972522	-0.022663	0.399907	
146	-0.982777	-0.021871	0.420879	
147	-0.984150	-0.021718	0.424234	
148	-0.988487	-0.022377	0.435258	
149	-0.992126	-0.022065	0.444005	
150	-0.995446	-0.022578	0.453744	
151	-0.998551	-0.023797	0.464548	
152	-1.002211	-0.022780	0.473037	
153	-1.006693	-0.022148	0.485344	
154	-1.008369	-0.021140	0.492938	
155	-1.013050	-0.022255	0.507842	
156	-1.015304	-0.022943	0.518666	
157	-1.018250	-0.023223	0.535056	
158	-1.018816	-0.022563	0.542730	
159	-1.020004	-0.023979	0.558213	
160	-1.019830	-0.024483	0.568859	
161	-1.019967	-0.022760	0.579953	
162	-1.020983	-0.024045	0.593078	
163	-1.021173	-0.025453	0.604955	
164	-1.022211	-0.026704	0.622969	
165	-1.021409	-0.027406	0.634235	
166	-1.020361	-0.029300	0.644686	
167	-1.019847	-0.029475	0.657117	
168	-1.019829	-0.027380	0.671551	
169	-1.021795	-0.029378	0.688737	
170	-1.020766	-0.032252	0.697913	
171	-1.020253	-0.033505	0.710888	
172	-1.020637	-0.035113	0.724879	
173	-1.021677	-0.036803	0.737503	
174	-1.021207	-0.037727	0.749450	
175	-1.022620	-0.038087	0.764074	
176	-1.021511	-0.035602	0.771096	
177	-1.020241	-0.035140	0.778317	
178	-1.019995	-0.037595	0.791965	
179	-1.019208	-0.040044	0.804992	
180	-1.017046	-0.040672	0.815776	
181	-1.017375	-0.040918	0.829716	
182	-1.019098	-0.041443	0.845969	
183	-1.016921	-0.041115	0.856512	
184	-1.015369	-0.041341	0.871901	
185	-1.015527	-0.041052	0.890130	
186	-1.012410	-0.041096	0.898492	
187	-1.010062	-0.044653	0.913908	
188	-1.007935	-0.047408	0.931581	
189	-1.005672	-0.046382	0.946251	
190	-1.004406	-0.048604	0.962656	
191	-1.000791	-0.054731	0.977625	
192	-1.000810	-0.055253	0.995803	
193	-1.001066	-0.051213	1.012013	
194	-0.999895	-0.050972	1.024893	
195	-0.997988	-0.054503	1.041782	
196	-0.996189	-0.057893	1.053735	
197	-0.995072	-0.061564	1.070496	
198	-0.993051	-0.062597	1.086120	
199	-0.992936	-0.061148	1.100036	
200	-0.992326	-0.061684	1.118688	
201	-0.989491	-0.062400	1.129096	
202	-0.987236	-0.064270	1.146331	
203	-0.985366	-0.063689	1.158792	
204	-0.982507	-0.062814	1.170454	
205	-0.979107	-0.062800	1.183936	
206	-0.974612	-0.065726	1.197566	
207	-0.970418	-0.067894	1.210243	
208	-0.965899	-0.069801	1.223153	
209	-0.960284	-0.070551	1.234375	
210	-0.955282	-0.068710	1.248160	
211	-0.948072	-0.071801	1.259731	
212	-0.941651	-0.075625	1.274146	
213	-0.934633	-0.075822	1.286468	
214	-0.926775	-0.075259	1.296770	
215	-0.917520	-0.079698	1.308590	
216	-0.908571	-0.082643	1.325351	
217	-0.900141	-0.082484	1.334551	
218	-0.890005	-0.085037	1.344963	
219	-0.879530	-0.090036	1.356595	
220	-0.869869	-0.091201	1.368612	
221	-0.860658	-0.092999	1.383027	
222	-0.850003	-0.095965	1.392572	
223	-0.839272	-0.099062	1.403351	
224	-0.828779	-0.101648	1.411513	
225	-0.818477	-0.105595	1.422932	
226	-0.806441	-0.111578	1.431450	
227	-0.794982	-0.117537	1.445064	
228	-0.784350	-0.121529	1.452671	
229	-0.773526	-0.125631	1.459539	
230	-0.764316	-0.126684	1.466971	
231	-0.754852	-0.129703	1.475338	
232	-0.745267	-0.132566	1.482690	
233	-0.735368	-0.136337	1.489577	
234	-0.725323	-0.139750	1.496824	
235	-0.715914	-0.142419	1.505320	
236	-0.705981	-0.146624	1.511679	
237	-0.695162	-0.152577	1.519518	
238	-0.684476	-0.157957	1.526924	
239	-0.674351	-0.162801	1.535584	
240	-0.665118	-0.163783	1.544180	
241	-0.655370	-0.166438	1.552634	
242	-0.644444	-0.172505	1.560423	
243	-0.633175	-0.178997	1.568528	
244	-0.622969	-0.181645	1.576510	
245	-0.612670	-0.184668	1.585477	
246	-0.603228	-0.184881	1.595402	
247	-0.593936	-0.186555	1.603924	
248	-0.583948	-0.188860	1.611541	
249	-0.574299	-0.190952	1.620515	
250	-0.564269	-0.194001	1.629266	
251	-0.555775	-0.193060	1.639802	
252	-0.548220	-0.189963	1.649667	
253	-0.538491	-0.193649	1.658520	
254	-0.527618	-0.200510	1.667416	
255	-0.516448	-0.205348	1.675904	
256	-0.507090	-0.205031	1.684705	
257	-0.496779	-0.210099	1.693526	
258	-0.486341	-0.213952	1.699993	
259	-0.476399	-0.215542	1.708284	
260	-0.466843	-0.215089	1.715180	
261	-0.457344	-0.215331	1.722464	
262	-0.446575	-0.216745	1.728136	
263	-0.436268	-0.216394	1.734149	
264	-0.425041	-0.218165	1.740396	
265	-0.413042	-0.220490	1.744745	
266	-0.401807	-0.219530	1.748825	
267	-0.390503	-0.218970	1.755001	
268	-0.378610	-0.218781	1.757329	
269	-0.353237	-0.223537	1.767855	
270	-0.338914	-0.227299	1.771261	
271	-0.327013	-0.225395	1.774861	
272	-0.314411	-0.226127	1.779415	
273	-0.301159	-0.227332	1.783089	
274	-0.288287	-0.227315	1.785888	
275	-0.274823	-0.229180	1.789710	
276	-0.261275	-0.230622	1.793133	
277	-0.247695	-0.232399	1.796631	
278	-0.233755	-0.234168	1.800566	
279	-0.219759	-0.236682	1.803834	
280	-0.206627	-0.237515	1.806511	
281	-0.194780	-0.236536	1.811154	
282	-0.182482	-0.237834	1.813651	
283	-0.169923	-0.239979	1.819131	
284	-0.158345	-0.241080	1.823313	
285	-0.147818	-0.241015	1.827300	
286	-0.138294	-0.240647	1.831435	
287	-0.129394	-0.240547	1.835428	
288	-0.120848	-0.240400	1.841931	
289	-0.112519	-0.240789	1.847807	
290	-0.104941	-0.239874	1.854851	
291	-0.096893	-0.240848	1.860643	
292	-0.089906	-0.241101	1.867523	
293	-0.083783	-0.240331	1.874790	
294	-0.078081	-0.240350	1.881823	
295	-0.072216	-0.240512	1.888340	
296	-0.067322	-0.240037	1.895880	
297	-0.062427	-0.239372	1.903859	
298	-0.057360	-0.239429	1.912037	
299	-0.052352	-0.240271	1.920391	
300	-0.047706	-0.240566	1.929601	
301	-0.043735	-0.240381	1.939494	
302	-0.039513	-0.240729	1.949463	
303	-0.035601	-0.240955	1.959697	
304	-0.031934	-0.240849	1.971067	
305	-0.028315	-0.240778	1.982557	
306	-0.025031	-0.241498	1.994096	
307	-0.022393	-0.241574	2.005732	
308	-0.020450	-0.241254	2.016704	
309	-0.018780	-0.240713	2.028639	
310	-0.016558	-0.241483	2.039376	
311	-0.014195	-0.241233	2.063279	
312	-0.013579	-0.241019	2.073953	
313	-0.013523	-0.239889	2.086524	
314	-0.013046	-0.240117	2.097804	
315	-0.012843	-0.240351	2.110000	
316	-0.013105	-0.239697	2.121516	
317	-0.013727	-0.239152	2.133025	
318	-0.014425	-0.239274	2.143034	
319	-0.015584	-0.239391	2.153288	
320	-0.017667	-0.238264	2.163907	
321	-0.019248	-0.238569	2.173259	
322	-0.021150	-0.237438	2.181809	
323	-0.023051	-0.236818	2.190910	
324	-0.024351	-0.237668	2.199857	
325	-0.026239	-0.237311	2.207000	
326	-0.028146	-0.237731	2.216507	
327	-0.028591	-0.240462	2.222813	
328	-0.030123	-0.241280	2.231746	
329	-0.031939	-0.241586	2.239623	
330	-0.033587	-0.242224	2.249377	
331	-0.035350	-0.242735	2.257742	
332	-0.037364	-0.243008	2.267149	
333	-0.039526	-0.242908	2.275135	
334	-0.041515	-0.243877	2.283879	
335	-0.042906	-0.245775	2.291744	
336	-0.044519	-0.248158	2.299250	
337	-0.046246	-0.249769	2.305528	
338	-0.048626	-0.249731	2.311039	
339	-0.050950	-0.250089	2.316105	
340	-0.053057	-0.250499	2.320905	
341	-0.055110	-0.250823	2.326585	
342	-0.056988	-0.251105	2.331406	
343	-0.058001	-0.252721	2.336912	
344	-0.059839	-0.252590	2.342419	
345	-0.061432	-0.252424	2.347488	
346	-0.063709	-0.251064	2.352020	
347	-0.064209	-0.253266	2.357856	
348	-0.065814	-0.252915	2.363647	
349	-0.067741	-0.251502	2.372449	
350	-0.067811	-0.252159	2.376854	
351	-0.068387	-0.251739	2.381597	
352	-0.068698	-0.250778	2.385882	
353	-0.068357	-0.251323	2.390746	
354	-0.068863	-0.249900	2.395484	
355	-0.068514	-0.249781	2.400127	
356	-0.068160	-0.250266	2.405787	
357	-0.068429	-0.248899	2.411175	
358	-0.069042	-0.247116	2.416670	
359	-0.069164	-0.245859	2.422811	
360	-0.069245	-0.245723	2.429268	
361	-0.069221	-0.245920	2.435838	
362	-0.069033	-0.246832	2.443000	
363	-0.069382	-0.246139	2.450221	
364	-0.069925	-0.245250	2.457264	
365	-0.070011	-0.246113	2.465088	
366	-0.069980	-0.247029	2.472392	
367	-0.070133	-0.247551	2.480002	
368	-0.070911	-0.247260	2.487437	
369	-0.071081	-0.247643	2.495298	
370	-0.071124	-0.247365	2.502538	
371	-0.071349	-0.246848	2.509569	
372	-0.071476	-0.246646	2.516891	
373	-0.071656	-0.245959	2.524216	
374	-0.071407	-0.245518	2.531198	
375	-0.070414	-0.246810	2.538607	
376	-0.068142	-0.247878	2.551762	
377	-0.066227	-0.249054	2.558253	
378	-0.064388	-0.249510	2.563916	
379	-0.061656	-0.250590	2.569278	
380	-0.059323	-0.251568	2.574353	
381	-0.057117	-0.251979	2.579135	
382	-0.054504	-0.252973	2.583615	
383	-0.051718	-0.253612	2.587450	
384	-0.049264	-0.253197	2.589996	
385	-0.046289	-0.253822	2.592139	
386	-0.042663	-0.255949	2.594308	
387	-0.039700	-0.257195	2.595279	
388	-0.037147	-0.257325	2.596274	
389	-0.033336	-0.260410	2.597461	
390	-0.030230	-0.260746	2.598809	
391	-0.027469	-0.260554	2.599253	
392	-0.025417	-0.259033	2.599938	
393	-0.023475	-0.257200	2.600895	
394	-0.020226	-0.257608	2.601457	
395	-0.016536	-0.257848	2.601609	
396	-0.013731	-0.257018	2.601663	
397	-0.010866	-0.255145	2.601074	
398	-0.006384	-0.256760	2.599629	
399	-0.002135	-0.257755	2.600019	
400	0.002169	-0.258165	2.600590	
401	0.007636	-0.258730	2.600691	
402	0.012196	-0.258222	2.602261	
403	0.017107	-0.258696	2.601305	
404	0.022474	-0.259192	2.602776	
405	0.028327	-0.260901	2.605321	
406	0.033469	-0.261824	2.607339	
407	0.038729	-0.262427	2.610234	
408	0.045339	-0.265977	2.612907	
409	0.051463	-0.269067	2.617341	
410	0.054905	-0.267845	2.619043	
411	0.060050	-0.267661	2.625378	
412	0.066253	-0.269083	2.632155	
413	0.071011	-0.266993	2.635677	
414	0.074105	-0.261238	2.641263	
415	0.080367	-0.261248	2.646923	
416	0.086643	-0.262831	2.648569	
417	0.088838	-0.259590	2.647999	
418	0.096527	-0.262598	2.653618	
419	0.103866	-0.265260	2.653597	
420	0.107713	-0.260774	2.654603	
421	0.116399	-0.254201	2.656547	
422	0.123429	-0.253213	2.656448	
423	0.129128	-0.250179	2.654819	
424	0.136978	-0.250894	2.652357	
425	0.145922	-0.250937	2.651636	
426	0.151770	-0.247297	2.647170	
427	0.161505	-0.245450	2.643855	
428	0.172140	-0.244344	2.642319	
429	0.180334	-0.240513	2.635619	
430	0.189797	-0.236146	2.632240	
431	0.201756	-0.234752	2.627610	
432	0.213032	-0.233377	2.621982	
433	0.223141	-0.228535	2.613571	
434	0.236257	-0.227565	2.608327	
435	0.252162	-0.231365	2.601286	
436	0.269577	-0.236876	2.592702	
437	0.282866	-0.238020	2.584618	
438	0.290310	-0.232569	2.573702	
439	0.296333	-0.223928	2.565335	
440	0.304129	-0.216990	2.557759	
441	0.317795	-0.217838	2.548942	
442	0.343284	-0.221881	2.531500	
443	0.353544	-0.221042	2.520671	
444	0.363386	-0.218393	2.512535	
445	0.373596	-0.218517	2.503541	
446	0.381474	-0.215485	2.495754	
447	0.389148	-0.213499	2.488438	
448	0.397187	-0.211652	2.480420	
449	0.403959	-0.207302	2.474768	
450	0.413656	-0.206876	2.469082	
451	0.423626	-0.207055	2.462634	
452	0.431540	-0.203576	2.456256	
453	0.441444	-0.202896	2.450695	
454	0.451813	-0.201870	2.445489	
455	0.460361	-0.198657	2.438892	
456	0.469756	-0.195827	2.434082	
457	0.481735	-0.197080	2.431378	
458	0.494521	-0.199487	2.424951	
459	0.502921	-0.195453	2.421136	
460	0.514122	-0.193563	2.418149	
461	0.525360	-0.194456	2.412475	
462	0.534559	-0.192433	2.406245	
463	0.542333	-0.188851	2.403258	
464	0.550200	-0.184843	2.400185	
465	0.562956	-0.185676	2.397535	
466	0.574235	-0.184015	2.394876	
467	0.584229	-0.180488	2.394194	
468	0.593679	-0.178891	2.392928	
469	0.603159	-0.175402	2.392835	
470	0.613919	-0.173691	2.390676	
471	0.624271	-0.173923	2.387571	
472	0.634437	-0.173772	2.383636	
473	0.640163	-0.172347	2.376175	
474	0.648427	-0.170349	2.373932	
475	0.658372	-0.169974	2.371332	
476	0.666669	-0.169944	2.363345	
477	0.679373	-0.169175	2.366515	
478	0.686466	-0.166516	2.365319	
479	0.696931	-0.164421	2.367253	
480	0.704454	-0.166229	2.361423	
481	0.714387	-0.165895	2.362694	
482	0.722998	-0.163810	2.361484	
483	0.727880	-0.163339	2.356872	
484	0.737056	-0.166352	2.352540	
485	0.746424	-0.169482	2.350146	
486	0.752244	-0.166328	2.347321	
487	0.751760	-0.163751	2.339679	
488	0.756631	-0.163105	2.335430	
489	0.760707	-0.162308	2.327165	
490	0.766138	-0.161417	2.322691	
491	0.766551	-0.161876	2.311254	
492	0.768599	-0.161040	2.300214	
493	0.769993	-0.156363	2.293036	
494	0.769881	-0.153328	2.282474	
495	0.768785	-0.153542	2.275313	
496	0.771928	-0.150430	2.268981	
497	0.770529	-0.149198	2.258078	
498	0.771485	-0.148047	2.251622	
499	0.771468	-0.146591	2.241331	
500	0.772275	-0.144912	2.230721	
501	0.775759	-0.142608	2.224730	
502	0.777693	-0.142660	2.211861	
503	0.776549	-0.139499	2.201388	
504	0.772680	-0.137683	2.188498	
505	0.772504	-0.140420	2.179620	
506	0.772690	-0.141372	2.168308	
507	0.765175	-0.138962	2.158747	
508	0.768718	-0.137688	2.149129	
509	0.773152	-0.138851	2.134278	
510	0.775997	-0.142602	2.121963	
511	0.772654	-0.143230	2.109065	
512	0.777631	-0.141704	2.097925	
513	0.779072	-0.143147	2.086330	
514	0.784339	-0.145274	2.073960	
515	0.787341	-0.144460	2.060441	
516	0.783003	-0.142094	2.061615	
517	0.797287	-0.142380	2.040778	
518	0.788171	-0.145007	2.044923	
519	0.781101	-0.146813	2.045154	
520	0.778664	-0.144629	2.037571	
521	0.780550	-0.141103	2.031021	
522	0.770131	-0.139927	2.036777	
523	0.786886	-0.140180	2.015216	
524	0.786470	-0.139461	2.010220	
525	0.794271	-0.135947	1.997217	
526	0.795396	-0.136453	1.988127	
527	0.798031	-0.135789	1.983351	
528	0.811143	-0.133801	1.962786	
529	0.807742	-0.134099	1.961075	
530	0.815810	-0.132848	1.945905	
531	0.816275	-0.131616	1.937873	
532	0.814788	-0.130590	1.932781	
533	0.822177	-0.128963	1.917514	
534	0.827606	-0.130999	1.902627	
535	0.825115	-0.130089	1.898780	
536	0.832948	-0.128623	1.881768	
537	0.832985	-0.128383	1.873493	
538	0.831130	-0.127989	1.865689	
539	0.834062	-0.129151	1.851266	
540	0.834877	-0.130983	1.841901	
541	0.837322	-0.128928	1.828859	
542	0.838270	-0.126312	1.823571	
543	0.838806	-0.127147	1.813464	
544	0.841415	-0.125715	1.801574	
545	0.842795	-0.126450	1.795048	
546	0.844844	-0.128204	1.783196	
547	0.841691	-0.128301	1.779672	
548	0.842810	-0.127547	1.773255	
549	0.842268	-0.129941	1.766612	
550	0.842674	-0.129971	1.758687	
551	0.845714	-0.131261	1.750587	
552	0.844349	-0.131191	1.748132	
553	0.844907	-0.129540	1.741146	
554	0.845388	-0.132305	1.733262	
555	0.845232	-0.134860	1.724664	
556	0.844560	-0.132158	1.720599	
557	0.842608	-0.129579	1.714671	
558	0.842016	-0.132125	1.709450	
559	0.840718	-0.132066	1.706259	
560	0.843847	-0.131130	1.698062	
561	0.842352	-0.132466	1.695085	
562	0.844266	-0.132504	1.685869	
563	0.844601	-0.130465	1.680117	
564	0.847862	-0.127909	1.668747	
565	0.848591	-0.127100	1.662189	
566	0.849977	-0.126592	1.655799	
567	0.852234	-0.124389	1.647084	
568	0.854236	-0.122742	1.636658	
569	0.853077	-0.125278	1.626822	
570	0.851795	-0.126548	1.618409	
571	0.851740	-0.122413	1.609798	
572	0.851131	-0.121727	1.600508	
573	0.848439	-0.123078	1.593654	
574	0.847154	-0.119919	1.584118	
575	0.846338	-0.116450	1.576834	
576	0.844852	-0.118099	1.567284	
577	0.843962	-0.117466	1.557778	
578	0.843407	-0.114652	1.548608	
579	0.842840	-0.113652	1.538403	
580	0.841297	-0.113808	1.529053	
581	0.839901	-0.111600	1.518001	
582	0.839713	-0.108316	1.508576	
583	0.837712	-0.108824	1.497226	
584	0.836382	-0.107981	1.485876	
585	0.835973	-0.104712	1.474883	
586	0.834572	-0.104063	1.465228	
587	0.831837	-0.106198	1.437880	
588	0.829936	-0.107534	1.428040	
589	0.827599	-0.109237	1.416522	
590	0.826384	-0.106920	1.405174	
591	0.825220	-0.104488	1.391354	
592	0.823392	-0.104403	1.378865	
593	0.821886	-0.104354	1.366982	
594	0.819274	-0.103332	1.357900	
595	0.817467	-0.104789	1.344933	
596	0.814697	-0.106550	1.334447	
597	0.813002	-0.106391	1.320822	
598	0.809941	-0.108383	1.310724	
599	0.807870	-0.108574	1.299382	
600	0.804850	-0.108650	1.289112	
601	0.802833	-0.108623	1.276542	
602	0.799397	-0.108954	1.267548	
603	0.796089	-0.109604	1.259349	
604	0.793221	-0.108644	1.250657	
605	0.790757	-0.106206	1.242993	
606	0.788569	-0.105616	1.230303	
607	0.785485	-0.107097	1.221549	
608	0.783834	-0.104281	1.212474	
609	0.781792	-0.100468	1.204236	
610	0.780401	-0.099641	1.190608	
611	0.777470	-0.100068	1.181437	
612	0.775308	-0.098021	1.173989	
613	0.773424	-0.095706	1.161005	
614	0.772040	-0.094341	1.152583	
615	0.770534	-0.091567	1.141571	
616	0.768592	-0.089966	1.130712	
617	0.767459	-0.088130	1.117809	
618	0.766276	-0.087320	1.102558	
619	0.763377	-0.088210	1.093620	
620	0.761679	-0.087583	1.083249	
621	0.759740	-0.085586	1.072491	
622	0.757418	-0.086145	1.061754	
623	0.754449	-0.086987	1.050550	
624	0.751661	-0.085376	1.040581	
625	0.749718	-0.083264	1.031288	
626	0.746906	-0.083021	1.021149	
627	0.743114	-0.084872	1.011508	
628	0.740520	-0.084105	1.005320	
629	0.736637	-0.084007	0.995769	
630	0.732660	-0.085034	0.987388	
631	0.728910	-0.083909	0.981656	
632	0.724892	-0.084874	0.971275	
633	0.719707	-0.086487	0.963417	
634	0.715683	-0.086402	0.957818	
635	0.712250	-0.084746	0.948609	
636	0.707788	-0.085079	0.941453	
637	0.704459	-0.083486	0.933654	
638	0.699343	-0.081428	0.927697	
639	0.695223	-0.080163	0.921780	
640	0.690175	-0.079041	0.915262	
641	0.684790	-0.077854	0.910370	
642	0.680118	-0.076283	0.903787	
643	0.674434	-0.075268	0.898761	
644	0.669461	-0.073269	0.892563	
645	0.663042	-0.071678	0.888664	
646	0.655710	-0.072108	0.883076	
647	0.648988	-0.071413	0.878620	
648	0.641844	-0.068649	0.873938	
649	0.627806	-0.061699	0.865221	
650	0.610358	-0.061744	0.854966	
651	0.600978	-0.062518	0.849211	
652	0.590718	-0.065617	0.844759	
653	0.580425	-0.065392	0.841373	
654	0.570957	-0.063105	0.835505	
655	0.560164	-0.063630	0.831507	
656	0.549590	-0.063936	0.827996	
657	0.538364	-0.065259	0.823239	
658	0.526602	-0.068005	0.820102	
659	0.515796	-0.069140	0.816528	
660	0.503744	-0.071617	0.812655	
661	0.491920	-0.074960	0.810876	
662	0.481245	-0.074464	0.807520	
663	0.471078	-0.071492	0.801685	
664	0.460519	-0.072065	0.798907	
665	0.449418	-0.074176	0.795415	
666	0.438773	-0.077120	0.793930	
667	0.427743	-0.081217	0.790744	
668	0.416803	-0.082571	0.787593	
669	0.407174	-0.082215	0.784945	
670	0.397651	-0.082492	0.781116	
671	0.388051	-0.085144	0.777247	
672	0.379123	-0.085655	0.773394	
673	0.370323	-0.086708	0.769557	
674	0.361648	-0.088646	0.766933	
675	0.352532	-0.092954	0.763457	
676	0.343843	-0.096010	0.761572	
677	0.335653	-0.097964	0.758459	
678	0.326791	-0.099977	0.754463	
679	0.318990	-0.099867	0.749588	
680	0.310964	-0.101157	0.746105	
681	0.302767	-0.104784	0.741703	
682	0.294843	-0.107557	0.737260	
683	0.286548	-0.108701	0.733024	
684	0.278842	-0.109423	0.727181	
685	0.270304	-0.113030	0.721848	
686	0.262166	-0.116525	0.716182	
687	0.253858	-0.118235	0.710613	
688	0.245543	-0.119920	0.705074	
689	0.237682	-0.121337	0.698380	
690	0.228832	-0.125673	0.692280	
691	0.220164	-0.129387	0.685891	
692	0.212344	-0.129913	0.678621	
693	0.204916	-0.129202	0.670407	
694	0.197886	-0.128455	0.662915	
695	0.190191	-0.130818	0.655459	
696	0.182159	-0.134197	0.648226	
697	0.173241	-0.138653	0.641501	
698	0.164947	-0.142698	0.635406	
699	0.156311	-0.145851	0.628622	
700	0.148172	-0.148173	0.622461	
701	0.140211	-0.149404	0.616106	
702	0.133066	-0.150490	0.611370	
703	0.124254	-0.156750	0.606954	
704	0.115884	-0.161004	0.602609	
705	0.108665	-0.161002	0.598453	
706	0.100898	-0.164481	0.594672	
707	0.092675	-0.168909	0.591601	
708	0.086403	-0.166195	0.588502	
709	0.079610	-0.167336	0.585078	
710	0.071100	-0.175281	0.583234	
711	0.063215	-0.177696	0.580812	
712	0.058232	-0.174335	0.579959	
713	0.049904	-0.181789	0.579329	
714	0.041141	-0.188619	0.578964	
715	0.034426	-0.190428	0.581009	
716	0.027992	-0.192055	0.583686	
717	0.020654	-0.196708	0.586567	
718	0.012934	-0.199944	0.588554	
719	0.005497	-0.202316	0.592254	
720	-0.001368	-0.203204	0.596910	
721	-0.009182	-0.205618	0.601184	
722	-0.016818	-0.206928	0.606594	
723	-0.025051	-0.209301	0.611863	
724	-0.033659	-0.211961	0.617488	
725	-0.041725	-0.213307	0.623510	
726	-0.050878	-0.215466	0.629389	
727	-0.059625	-0.217888	0.635997	
728	-0.068352	-0.220509	0.643038	
729	-0.077013	-0.221738	0.649777	
730	-0.086285	-0.224334	0.656104	
731	-0.096313	-0.228576	0.662690	
732	-0.105933	-0.231878	0.670773	
733	-0.115051	-0.235561	0.679831	
734	-0.123911	-0.239029	0.688314	
735	-0.132516	-0.243368	0.697246	
736	-0.140780	-0.246651	0.705778	
737	-0.149232	-0.250267	0.714426	
738	-0.157015	-0.253232	0.723182	
739	-0.164039	-0.255932	0.731709	
740	-0.171183	-0.260290	0.740243	
741	-0.177337	-0.263944	0.749242	
742	-0.182164	-0.265041	0.757443	
743	-0.187112	-0.266991	0.764411	
744	-0.192284	-0.269657	0.770836	
745	-0.197072	-0.271544	0.777124	
746	-0.202292	-0.274632	0.782876	
747	-0.207271	-0.278252	0.788805	
748	-0.211514	-0.281171	0.794471	
749	-0.215567	-0.283984	0.799683	
750	-0.219328	-0.286172	0.804342	
751	-0.222876	-0.288866	0.808643	
752	-0.226555	-0.290841	0.812357	
753	-0.230127	-0.292933	0.815908	
754	-0.234172	-0.294369	0.819198	
755	-0.238411	-0.297146	0.822808	
756	-0.243228	-0.300252	0.825790	
757	-0.248088	-0.302008	0.829344	
758	-0.253577	-0.305050	0.832858	
759	-0.259907	-0.309929	0.835907	
760	-0.266251	-0.313440	0.838605	
761	-0.273013	-0.317114	0.840890	
762	-0.280287	-0.321115	0.843077	
763	-0.288003	-0.324984	0.845277	
764	-0.295715	-0.328995	0.847471	
765	-0.303453	-0.332573	0.849733	
766	-0.311916	-0.336598	0.851645	
767	-0.320193	-0.340261	0.853763	
768	-0.328551	-0.344517	0.855868	
769	-0.336950	-0.348813	0.857985	
770	-0.345385	-0.352637	0.859645	
771	-0.353696	-0.355175	0.861377	
772	-0.362186	-0.358226	0.863183	
773	-0.370227	-0.360639	0.865272	
774	-0.378566	-0.362178	0.866717	
775	-0.387133	-0.364115	0.868239	
776	-0.395572	-0.367337	0.869560	
777	-0.403866	-0.370712	0.870696	
778	-0.411735	-0.372983	0.872288	
779	-0.419400	-0.375597	0.873716	
780	-0.427135	-0.377985	0.874684	
781	-0.434360	-0.379324	0.875846	
782	-0.441550	-0.380994	0.877190	
783	-0.448208	-0.382222	0.878498	
784	-0.454566	-0.382832	0.879663	
785	-0.460932	-0.383724	0.880868	
786	-0.466723	-0.385685	0.881949	
787	-0.471884	-0.386556	0.883626	
788	-0.477186	-0.386612	0.884680	
789	-0.482289	-0.386781	0.886117	
790	-0.487078	-0.387053	0.887254	
791	-0.491290	-0.386683	0.888630	
792	-0.495133	-0.385875	0.889854	
793	-0.498433	-0.384762	0.891207	
794	-0.501664	-0.383755	0.892501	
795	-0.504774	-0.382653	0.894141	
796	-0.507147	-0.381514	0.895734	
797	-0.510006	-0.379996	0.896968	
798	-0.512609	-0.378196	0.898291	
799	-0.514931	-0.376196	0.899802	
800	-0.516911	-0.374492	0.901792	
801	-0.518966	-0.372396	0.903638	
802	-0.519791	-0.372067	0.906192	
803	-0.520868	-0.371304	0.908184	
804	-0.521870	-0.369604	0.910377	
805	-0.523102	-0.368036	0.912080	
806	-0.523675	-0.364959	0.914069	
807	-0.524822	-0.362536	0.916300	
808	-0.525040	-0.358826	0.918715	
809	-0.525793	-0.356439	0.920858	
810	-0.526844	-0.352605	0.922922	
811	-0.527570	-0.349124	0.925135	
812	-0.527765	-0.346554	0.928160	
813	-0.528330	-0.343717	0.931004	
814	-0.529096	-0.340690	0.933674	
815	-0.529285	-0.336438	0.937033	
816	-0.530057	-0.332996	0.939881	
817	-0.530631	-0.329385	0.943588	
818	-0.530800	-0.327437	0.947884	
819	-0.531383	-0.325019	0.952137	
820	-0.530800	-0.323017	0.957688	
821	-0.531042	-0.320430	0.962619	
822	-0.531605	-0.318403	0.967623	
823	-0.531970	-0.317484	0.973478	
824	-0.532300	-0.315086	0.979445	
825	-0.532756	-0.313816	0.985539	
826	-0.533340	-0.310633	0.991370	
827	-0.533620	-0.306852	0.996915	
828	-0.534348	-0.303639	1.003107	
829	-0.534946	-0.300252	1.008949	
830	-0.534798	-0.295276	1.015705	
831	-0.535469	-0.291173	1.022114	
832	-0.536394	-0.287853	1.028893	
833	-0.537173	-0.282722	1.035415	
834	-0.538481	-0.280096	1.041539	
835	-0.539259	-0.276496	1.048180	
836	-0.540414	-0.273954	1.054518	
837	-0.540803	-0.269130	1.060500	
838	-0.541265	-0.266651	1.066909	
839	-0.543515	-0.264170	1.071470	
840	-0.544897	-0.262165	1.076842	
841	-0.546304	-0.260016	1.081866	
842	-0.547346	-0.256610	1.087070	
843	-0.548091	-0.251723	1.091894	
844	-0.548195	-0.248573	1.097032	
845	-0.549387	-0.246300	1.101513	
846	-0.550292	-0.241570	1.105072	
847	-0.551177	-0.238159	1.109094	
848	-0.552001	-0.232752	1.112599	
849	-0.552824	-0.229074	1.116189	
850	-0.553800	-0.226227	1.120083	
851	-0.553528	-0.221037	1.123945	
852	-0.554478	-0.217218	1.126868	
853	-0.554818	-0.214634	1.130328	
854	-0.554580	-0.211341	1.133776	
855	-0.555085	-0.208516	1.136562	
856	-0.556162	-0.207517	1.139381	
857	-0.557288	-0.205256	1.141731	
858	-0.557000	-0.199302	1.143660	
859	-0.557665	-0.194516	1.145099	
860	-0.557997	-0.191228	1.147560	
861	-0.558146	-0.187260	1.149477	
862	-0.558256	-0.181065	1.150630	
863	-0.558109	-0.177722	1.152381	
864	-0.559079	-0.176664	1.154062	
865	-0.560302	-0.175244	1.155165	
866	-0.560114	-0.172524	1.156792	
867	-0.560738	-0.168797	1.157538	
868	-0.560161	-0.165470	1.158589	
869	-0.561135	-0.162863	1.159053	
870	-0.562113	-0.161060	1.159777	
871	-0.563231	-0.157931	1.160402	
872	-0.563671	-0.155960	1.161785	
873	-0.564391	-0.154711	1.162955	
874	-0.565880	-0.154858	1.164436	
875	-0.566624	-0.153990	1.165778	
876	-0.567506	-0.153737	1.167178	
877	-0.568554	-0.153939	1.168323	
878	-0.569386	-0.152947	1.169430	
879	-0.570032	-0.153867	1.170768	
880	-0.571055	-0.153709	1.172069	
881	-0.570531	-0.149763	1.172702	
