0	0.000000	0.000000	0.000000	
1	0.000000	0.000000	0.000000	
2	0.000000	0.000000	0.000000	
3	0.000000	0.000000	0.000000	
4	0.000006	0.001082	0.000637	
5	-0.000393	0.001098	0.000631	
6	-0.000713	0.002035	0.000383	
7	-0.000506	0.001523	0.000009	
8	-0.001112	0.004898	0.000453	
9	-0.000647	0.003612	-0.000270	
10	-0.000601	0.005006	0.000017	
11	-0.000601	0.003666	-0.000418	
12	-0.000699	0.003129	-0.000235	
13	-0.000504	0.003142	-0.000272	
14	-0.001113	0.001982	-0.000816	
15	-0.001215	0.001427	-0.000964	
16	-0.001074	0.000599	-0.001400	
17	-0.001294	-0.000653	-0.002105	
18	-0.000813	-0.000241	-0.001956	
19	-0.000997	-0.000559	-0.002602	
20	-0.001224	0.000154	-0.002493	
21	-0.000929	-0.000345	-0.002671	
22	0.000758	0.000390	-0.002697	
23	0.001081	0.000434	-0.003138	
24	0.000807	-0.000312	-0.003808	
25	0.001589	0.000140	-0.004152	
26	0.001975	-0.000100	-0.004891	
27	0.002129	-0.000751	-0.005863	
28	0.003611	-0.000177	-0.006159	
29	0.003232	0.000206	-0.006593	
30	0.002732	-0.000635	-0.007508	
31	0.003951	-0.000600	-0.007696	
32	0.004342	0.000753	-0.007611	
33	0.003787	0.001410	-0.008213	
34	0.004138	0.001993	-0.008406	
35	0.004546	0.002000	-0.008542	
36	0.004514	0.002045	-0.008820	
37	0.005107	0.003201	-0.008540	
38	0.005795	0.004762	-0.008479	
39	0.004993	0.004628	-0.009168	
40	0.005352	0.005219	-0.008956	
41	0.005893	0.005343	-0.009227	
42	0.006139	0.004286	-0.010017	
43	0.006275	0.003220	-0.010594	
44	0.006813	0.002821	-0.010736	
45	0.006994	0.003454	-0.011021	
46	0.007206	0.003386	-0.011436	
47	0.007590	0.003841	-0.011661	
48	0.007473	0.004529	-0.012052	
49	0.007227	0.004138	-0.012406	
50	0.008212	0.004278	-0.012572	
51	0.008425	0.003654	-0.013278	
52	0.007743	0.003112	-0.013553	
53	0.008244	0.004292	-0.013668	
54	0.007969	0.004048	-0.014035	
55	0.008122	0.003881	-0.014462	
56	0.008174	0.004169	-0.014457	
57	0.007998	0.004136	-0.014810	
58	0.007739	0.004224	-0.014955	
59	0.008578	0.005817	-0.014236	
60	0.008160	0.006032	-0.014061	
61	0.007029	0.006641	-0.013757	
62	0.007801	0.007766	-0.013057	
63	0.007985	0.008612	-0.012389	
64	0.007208	0.009920	-0.011734	
65	0.006649	0.010064	-0.011485	
66	0.006515	0.010125	-0.011147	
67	0.006513	0.011797	-0.010288	
68	0.005366	0.011886	-0.010209	
69	0.003464	0.012362	-0.010286	
70	0.002147	0.012455	-0.010512	
71	-0.000172	0.011450	-0.011669	
72	-0.003067	0.011292	-0.013039	
73	-0.006260	0.009044	-0.015951	
74	-0.011577	0.007390	-0.019603	
75	-0.018246	0.006423	-0.023347	
76	-0.023668	0.005789	-0.027659	
77	-0.036786	0.002966	-0.037422	
78	-0.045354	0.002024	-0.042292	
79	-0.054521	0.002242	-0.046541	
80	-0.063385	0.001675	-0.051230	
81	-0.072707	0.001677	-0.055588	
82	-0.084075	0.002285	-0.060202	
83	-0.094904	0.004344	-0.064081	
84	-0.105573	0.006155	-0.067633	
85	-0.117158	0.008365	-0.070884	
86	-0.129442	0.010497	-0.073815	
87	-0.142716	0.013406	-0.076309	
88	-0.156013	0.016529	-0.078615	
89	-0.167867	0.019214	-0.080853	
90	-0.181274	0.021204	-0.083498	
91	-0.193713	0.025156	-0.084983	
92	-0.204687	0.028952	-0.086542	
93	-0.216996	0.031389	-0.088542	
94	-0.228686	0.033185	-0.089867	
95	-0.239534	0.034800	-0.091873	
96	-0.249529	0.036899	-0.093558	
97	-0.259792	0.036893	-0.095319	
98	-0.269384	0.036754	-0.096933	
99	-0.279992	0.036467	-0.097768	
100	-0.288633	0.036596	-0.098318	
101	-0.299004	0.034939	-0.098932	
102	-0.308868	0.034234	-0.098869	
103	-0.317864	0.033062	-0.098696	
104	-0.326364	0.031204	-0.098910	
105	-0.335794	0.028869	-0.099138	
106	-0.345542	0.027723	-0.098410	
107	-0.353519	0.027349	-0.097409	
108	-0.372590	0.023460	-0.095988	
109	-0.382204	0.022859	-0.094276	
110	-0.391495	0.021791	-0.092653	
111	-0.401430	0.020251	-0.090347	
112	-0.413219	0.018863	-0.087714	
113	-0.424459	0.017697	-0.085010	
114	-0.434607	0.015386	-0.082334	
115	-0.445369	0.012042	-0.079188	
116	-0.457477	0.007935	-0.076058	
117	-0.467865	0.005010	-0.071895	
118	-0.475321	0.002892	-0.066262	
119	-0.499091	-0.002765	-0.054224	
120	-0.507002	-0.003709	-0.046769	
121	-0.511921	-0.007895	-0.039824	
122	-0.521461	-0.011683	-0.032942	
123	-0.529114	-0.012739	-0.025969	
124	-0.537035	-0.017167	-0.020521	
125	-0.544465	-0.020980	-0.014562	
126	-0.551732	-0.023181	-0.008808	
127	-0.560015	-0.027756	-0.004444	
128	-0.566836	-0.032166	0.000061	
129	-0.573221	-0.036185	0.004808	
130	-0.581758	-0.040357	0.009086	
131	-0.587692	-0.043427	0.014142	
132	-0.593344	-0.047423	0.019363	
133	-0.599742	-0.051523	0.024367	
134	-0.615019	-0.056498	0.035341	
135	-0.622264	-0.059321	0.041154	
136	-0.630454	-0.061380	0.046636	
137	-0.638531	-0.064239	0.052046	
138	-0.652663	-0.068995	0.063095	
139	-0.661969	-0.070099	0.068772	
140	-0.679746	-0.074163	0.079942	
141	-0.688334	-0.076280	0.085530	
142	-0.697557	-0.076554	0.091680	
143	-0.706688	-0.078291	0.097317	
144	-0.715948	-0.080842	0.102919	
145	-0.723725	-0.083829	0.107959	
146	-0.733525	-0.087691	0.112804	
147	-0.743376	-0.088911	0.118436	
148	-0.751356	-0.092330	0.123289	
149	-0.760430	-0.094990	0.128326	
150	-0.769824	-0.096251	0.134058	
151	-0.784186	-0.102737	0.145016	
152	-0.792274	-0.104858	0.150361	
153	-0.798934	-0.108527	0.155291	
154	-0.803589	-0.112712	0.160098	
155	-0.810259	-0.114125	0.165391	
156	-0.816833	-0.115492	0.171062	
157	-0.821286	-0.118249	0.176600	
158	-0.826028	-0.121998	0.182067	
159	-0.833022	-0.124037	0.188144	
160	-0.838221	-0.126437	0.193974	
161	-0.842280	-0.129987	0.199217	
162	-0.848237	-0.131482	0.204455	
163	-0.855271	-0.132814	0.209768	
164	-0.859729	-0.135341	0.214679	
165	-0.864578	-0.138834	0.219002	
166	-0.871247	-0.140295	0.223896	
167	-0.876143	-0.142685	0.228936	
168	-0.879700	-0.146038	0.233256	
169	-0.885788	-0.147857	0.238590	
170	-0.892598	-0.149395	0.244222	
171	-0.897015	-0.155183	0.249182	
172	-0.902142	-0.159895	0.254152	
173	-0.909214	-0.163201	0.259715	
174	-0.919351	-0.169429	0.271316	
175	-0.925197	-0.173883	0.277388	
176	-0.931416	-0.175807	0.283919	
177	-0.935773	-0.179997	0.290566	
178	-0.940603	-0.183667	0.297340	
179	-0.946087	-0.187300	0.304139	
180	-0.950978	-0.190989	0.310561	
181	-0.955642	-0.194171	0.316819	
182	-0.960158	-0.197583	0.322626	
183	-0.966253	-0.202222	0.328658	
184	-0.970624	-0.203854	0.334724	
185	-0.973097	-0.208107	0.339539	
186	-0.979727	-0.209653	0.345281	
187	-0.986577	-0.211738	0.350909	
188	-0.991454	-0.213927	0.356283	
189	-0.995898	-0.215854	0.361415	
190	-1.003865	-0.216233	0.367460	
191	-1.011066	-0.217071	0.373689	
192	-1.016160	-0.217796	0.380041	
193	-1.021626	-0.219397	0.385962	
194	-1.030740	-0.219733	0.392634	
195	-1.040888	-0.218985	0.399603	
196	-1.049491	-0.220622	0.405349	
197	-1.059183	-0.221398	0.410798	
198	-1.071972	-0.222507	0.416849	
199	-1.082775	-0.223180	0.421652	
200	-1.092411	-0.223966	0.425770	
201	-1.103844	-0.224535	0.430331	
202	-1.116666	-0.225059	0.435521	
203	-1.126014	-0.224806	0.439600	
204	-1.136752	-0.226927	0.443946	
205	-1.157625	-0.230035	0.452329	
206	-1.166135	-0.231657	0.455717	
207	-1.176544	-0.234795	0.460108	
208	-1.185833	-0.237649	0.464339	
209	-1.191872	-0.238638	0.468045	
210	-1.199705	-0.242022	0.471908	
211	-1.209479	-0.244789	0.476957	
212	-1.214670	-0.246338	0.481221	
213	-1.220587	-0.249158	0.485402	
214	-1.229537	-0.253387	0.490586	
215	-1.234626	-0.254587	0.495636	
216	-1.239128	-0.257605	0.500048	
217	-1.246851	-0.261073	0.505944	
218	-1.251247	-0.263557	0.511503	
219	-1.255649	-0.266112	0.517205	
220	-1.261333	-0.269672	0.523145	
221	-1.266643	-0.272303	0.529360	
222	-1.270488	-0.275529	0.534964	
223	-1.275339	-0.280036	0.540978	
224	-1.279993	-0.283831	0.547140	
225	-1.283553	-0.287728	0.553228	
226	-1.287973	-0.291985	0.559792	
227	-1.290398	-0.296391	0.565861	
228	-1.293021	-0.301866	0.571781	
229	-1.296989	-0.308074	0.578024	
230	-1.300195	-0.312674	0.583817	
231	-1.303683	-0.316742	0.589492	
232	-1.307738	-0.321605	0.595515	
233	-1.310121	-0.326826	0.601016	
234	-1.313808	-0.331894	0.606968	
235	-1.319528	-0.335773	0.613998	
236	-1.323233	-0.340088	0.619854	
237	-1.326910	-0.344243	0.625599	
238	-1.331251	-0.348197	0.631563	
239	-1.335538	-0.351781	0.637772	
240	-1.339639	-0.355241	0.643749	
241	-1.345078	-0.359783	0.649960	
242	-1.350221	-0.362177	0.655998	
243	-1.354876	-0.365469	0.660931	
244	-1.361475	-0.370191	0.666498	
245	-1.367035	-0.373242	0.671793	
246	-1.371090	-0.377797	0.676206	
247	-1.376694	-0.382845	0.680317	
248	-1.382641	-0.386728	0.684210	
249	-1.387774	-0.390644	0.687381	
250	-1.393295	-0.395316	0.690073	
251	-1.401190	-0.398243	0.693319	
252	-1.407883	-0.400986	0.696182	
253	-1.414863	-0.404795	0.698378	
254	-1.424136	-0.406070	0.701218	
255	-1.432681	-0.407244	0.703069	
256	-1.451593	-0.410603	0.705982	
257	-1.462729	-0.409856	0.707300	
258	-1.482437	-0.410117	0.708475	
259	-1.494387	-0.409787	0.709671	
260	-1.505427	-0.408689	0.710797	
261	-1.515919	-0.407315	0.711751	
262	-1.526239	-0.406779	0.712875	
263	-1.536516	-0.407451	0.714061	
264	-1.546904	-0.405617	0.715946	
265	-1.556483	-0.404984	0.717058	
266	-1.567699	-0.405366	0.718523	
267	-1.577374	-0.405694	0.720317	
268	-1.586332	-0.406228	0.721560	
269	-1.597590	-0.406276	0.723930	
270	-1.607076	-0.405109	0.726189	
271	-1.616656	-0.405395	0.728426	
272	-1.626758	-0.406207	0.731132	
273	-1.635371	-0.406181	0.733920	
274	-1.644117	-0.407122	0.736649	
275	-1.653470	-0.404791	0.740712	
276	-1.661698	-0.402853	0.745280	
277	-1.670063	-0.400377	0.750502	
278	-1.677980	-0.395979	0.756795	
279	-1.685384	-0.391830	0.763922	
280	-1.691999	-0.387286	0.771495	
281	-1.698078	-0.381971	0.779264	
282	-1.702677	-0.377736	0.786994	
283	-1.706385	-0.373756	0.794998	
284	-1.710060	-0.370013	0.803101	
285	-1.712722	-0.366858	0.810440	
286	-1.715517	-0.365912	0.818164	
287	-1.718277	-0.363657	0.827593	
288	-1.717622	-0.360852	0.835493	
289	-1.718882	-0.360859	0.843090	
290	-1.720044	-0.358373	0.852194	
291	-1.719719	-0.356288	0.860773	
292	-1.720188	-0.355134	0.869768	
293	-1.720796	-0.353665	0.878525	
294	-1.721819	-0.351279	0.888243	
295	-1.722839	-0.349030	0.897492	
296	-1.723613	-0.349506	0.906177	
297	-1.725127	-0.349203	0.915230	
298	-1.726170	-0.349960	0.923930	
299	-1.727393	-0.351411	0.931159	
300	-1.729512	-0.352754	0.938902	
301	-1.731701	-0.354452	0.946527	
302	-1.733864	-0.354722	0.954572	
303	-1.735939	-0.356888	0.961369	
304	-1.738428	-0.359501	0.968469	
305	-1.740609	-0.363953	0.974840	
306	-1.744340	-0.366611	0.981597	
307	-1.748158	-0.368079	0.988548	
308	-1.752433	-0.371613	0.994958	
309	-1.756004	-0.375451	1.000593	
310	-1.759656	-0.378946	1.006510	
311	-1.763399	-0.380676	1.012447	
312	-1.767115	-0.384176	1.017922	
313	-1.771187	-0.387373	1.023636	
314	-1.775307	-0.389139	1.029902	
315	-1.779639	-0.392612	1.035681	
316	-1.784538	-0.396919	1.040763	
317	-1.789424	-0.401583	1.045711	
318	-1.794710	-0.405705	1.051032	
319	-1.800160	-0.409699	1.056147	
320	-1.806114	-0.414048	1.061255	
321	-1.811511	-0.419112	1.065916	
322	-1.816780	-0.423974	1.070241	
323	-1.822557	-0.428992	1.074392	
324	-1.827987	-0.433653	1.078598	
325	-1.833525	-0.437659	1.082599	
326	-1.838267	-0.443110	1.085489	
327	-1.842734	-0.448175	1.088490	
328	-1.847479	-0.453179	1.091808	
329	-1.852326	-0.457951	1.095505	
330	-1.856896	-0.462737	1.099966	
331	-1.861255	-0.468990	1.104185	
332	-1.865491	-0.473388	1.108489	
333	-1.869827	-0.479235	1.114247	
334	-1.873262	-0.486591	1.118768	
335	-1.877425	-0.491392	1.124437	
336	-1.881547	-0.497428	1.130564	
337	-1.884771	-0.503525	1.134712	
338	-1.888376	-0.509128	1.140925	
339	-1.890892	-0.516367	1.146534	
340	-1.893083	-0.522879	1.151051	
341	-1.895568	-0.528077	1.156961	
342	-1.897599	-0.534356	1.164232	
343	-1.898680	-0.540320	1.168030	
344	-1.900681	-0.545262	1.174623	
345	-1.902039	-0.552639	1.181963	
346	-1.903233	-0.557808	1.187335	
347	-1.904713	-0.561295	1.194264	
348	-1.904533	-0.566427	1.200516	
349	-1.904383	-0.573548	1.204714	
350	-1.904734	-0.577724	1.210726	
351	-1.905307	-0.583217	1.218435	
352	-1.905038	-0.588825	1.223365	
353	-1.905237	-0.594478	1.230052	
354	-1.904803	-0.605667	1.242408	
355	-1.904513	-0.610937	1.249120	
356	-1.903981	-0.616155	1.255548	
357	-1.903719	-0.622027	1.262354	
358	-1.903552	-0.627318	1.269166	
359	-1.902920	-0.634295	1.277067	
360	-1.902314	-0.645624	1.292038	
361	-1.901902	-0.652450	1.300011	
362	-1.901481	-0.658782	1.307073	
363	-1.901314	-0.665142	1.314853	
364	-1.901270	-0.670533	1.322091	
365	-1.901200	-0.675389	1.329123	
366	-1.901400	-0.679225	1.336942	
367	-1.901192	-0.682429	1.342685	
368	-1.901200	-0.686428	1.348646	
369	-1.901027	-0.690527	1.355344	
370	-1.900460	-0.694020	1.361579	
371	-1.900249	-0.696753	1.366432	
372	-1.899700	-0.699580	1.372175	
373	-1.899410	-0.702442	1.376368	
374	-1.899975	-0.704975	1.380094	
375	-1.900269	-0.707413	1.384794	
376	-1.901000	-0.709598	1.389669	
377	-1.902005	-0.711130	1.393239	
378	-1.903445	-0.712850	1.397901	
379	-1.904998	-0.714438	1.403230	
380	-1.906790	-0.716362	1.408502	
381	-1.908724	-0.718456	1.413270	
382	-1.911005	-0.721235	1.419522	
383	-1.913522	-0.724116	1.424232	
384	-1.916122	-0.727741	1.429482	
385	-1.919474	-0.731511	1.435470	
386	-1.922659	-0.736075	1.439902	
387	-1.926853	-0.739995	1.446003	
388	-1.930832	-0.745330	1.451251	
389	-1.934697	-0.751644	1.455859	
390	-1.939552	-0.755619	1.461150	
391	-1.943979	-0.762084	1.466229	
392	-1.948913	-0.767632	1.470808	
393	-1.954119	-0.773526	1.477024	
394	-1.959412	-0.778897	1.481463	
395	-1.964874	-0.785583	1.487084	
396	-1.970784	-0.792270	1.494453	
397	-1.976243	-0.798526	1.499617	
398	-1.986389	-0.811971	1.510313	
399	-1.990393	-0.819413	1.515553	
400	-1.994813	-0.826401	1.520010	
401	-1.998336	-0.835945	1.527098	
402	-2.001611	-0.842058	1.531195	
403	-2.005229	-0.849521	1.536611	
404	-2.008781	-0.857679	1.545029	
405	-2.011678	-0.863977	1.552485	
406	-2.014681	-0.870310	1.558289	
407	-2.017897	-0.877390	1.566851	
408	-2.020019	-0.883197	1.575522	
409	-2.022303	-0.886099	1.580567	
410	-2.024642	-0.890677	1.587135	
411	-2.026460	-0.895379	1.595881	
412	-2.028105	-0.897859	1.602503	
413	-2.029715	-0.900233	1.608383	
414	-2.031054	-0.903412	1.616018	
415	-2.031933	-0.907294	1.624991	
416	-2.033442	-0.908342	1.631775	
417	-2.034968	-0.910386	1.639367	
418	-2.036479	-0.912113	1.648056	
419	-2.038116	-0.913477	1.654156	
420	-2.039531	-0.915996	1.662345	
421	-2.041399	-0.916625	1.669366	
422	-2.042803	-0.918285	1.676621	
423	-2.044315	-0.919000	1.682601	
424	-2.045719	-0.920452	1.689258	
425	-2.046832	-0.922418	1.696284	
426	-2.049371	-0.924647	1.706668	
427	-2.050815	-0.926012	1.712012	
428	-2.051723	-0.928171	1.717852	
429	-2.053197	-0.930373	1.723290	
430	-2.055271	-0.933938	1.728023	
431	-2.056569	-0.938707	1.736098	
432	-2.058079	-0.949770	1.747113	
433	-2.058857	-0.955775	1.752879	
434	-2.059530	-0.961393	1.757936	
435	-2.060974	-0.966866	1.760863	
436	-2.062081	-0.972758	1.766155	
437	-2.063274	-0.979446	1.771640	
438	-2.065039	-0.985040	1.775652	
439	-2.066518	-0.991297	1.782022	
440	-2.067594	-0.997435	1.786783	
441	-2.069058	-1.004506	1.791839	
442	-2.070529	-1.009906	1.797809	
443	-2.071932	-1.015416	1.802916	
444	-2.073181	-1.021998	1.808271	
445	-2.074779	-1.027602	1.813700	
446	-2.075590	-1.034339	1.820462	
447	-2.077024	-1.040464	1.824609	
448	-2.078413	-1.047199	1.829802	
449	-2.079699	-1.053631	1.836660	
450	-2.081049	-1.059823	1.840303	
451	-2.082981	-1.066326	1.847317	
452	-2.084369	-1.071820	1.853155	
453	-2.087410	-1.077112	1.857333	
454	-2.088952	-1.085364	1.866144	
455	-2.091116	-1.091638	1.872619	
456	-2.094259	-1.098799	1.879524	
457	-2.098057	-1.105070	1.887727	
458	-2.102130	-1.112248	1.896007	
459	-2.105840	-1.122013	1.906568	
460	-2.112037	-1.127384	1.915388	
461	-2.117042	-1.135482	1.925458	
462	-2.122425	-1.143446	1.936787	
463	-2.127578	-1.150284	1.947312	
464	-2.131816	-1.157652	1.958632	
465	-2.136541	-1.164901	1.970024	
466	-2.140169	-1.171633	1.981302	
467	-2.143417	-1.178169	1.991740	
468	-2.147069	-1.185103	2.001630	
469	-2.150604	-1.192640	2.011447	
470	-2.153358	-1.198303	2.022455	
471	-2.157265	-1.204642	2.031530	
472	-2.161113	-1.211252	2.042793	
473	-2.163840	-1.217214	2.052963	
474	-2.166892	-1.222610	2.063306	
475	-2.169414	-1.228159	2.072930	
476	-2.171208	-1.233705	2.082712	
477	-2.173518	-1.237646	2.091380	
478	-2.174550	-1.240837	2.100831	
479	-2.174965	-1.243772	2.109398	
480	-2.175763	-1.246721	2.116846	
481	-2.175390	-1.248424	2.125430	
482	-2.172978	-1.249992	2.135376	
483	-2.173143	-1.251344	2.142125	
484	-2.172837	-1.252519	2.150060	
485	-2.168999	-1.253616	2.160209	
486	-2.166597	-1.253909	2.167793	
487	-2.165230	-1.254491	2.174016	
488	-2.157450	-1.257868	2.193832	
489	-2.154881	-1.259191	2.201252	
490	-2.150796	-1.261982	2.211941	
491	-2.147298	-1.265032	2.218369	
492	-2.143794	-1.268673	2.225579	
493	-2.138668	-1.273225	2.234388	
494	-2.135401	-1.277297	2.241214	
495	-2.133130	-1.281060	2.247432	
496	-2.127988	-1.286319	2.257915	
497	-2.120687	-1.296852	2.270878	
498	-2.116244	-1.301513	2.279090	
499	-2.111322	-1.305148	2.287598	
500	-2.107986	-1.310537	2.291301	
501	-2.104848	-1.314227	2.296657	
502	-2.099280	-1.319219	2.303634	
503	-2.096616	-1.322927	2.307175	
504	-2.093067	-1.326104	2.312308	
505	-2.088993	-1.328466	2.319390	
506	-2.085790	-1.332474	2.323765	
507	-2.082340	-1.337204	2.326506	
508	-2.076977	-1.341566	2.331906	
509	-2.074192	-1.344723	2.334442	
510	-2.071270	-1.347710	2.337342	
511	-2.066267	-1.350806	2.342633	
512	-2.062112	-1.356014	2.344327	
513	-2.057826	-1.361414	2.346156	
514	-2.051420	-1.365811	2.352120	
515	-2.047945	-1.369108	2.355690	
516	-2.043236	-1.373632	2.360212	
517	-2.037084	-1.378570	2.367070	
518	-2.032600	-1.383353	2.372836	
519	-2.028326	-1.387348	2.380645	
520	-2.021497	-1.392693	2.390482	
521	-2.018241	-1.396940	2.398299	
522	-2.013620	-1.401100	2.407621	
523	-2.008475	-1.406748	2.417172	
524	-2.003946	-1.411698	2.426780	
525	-1.998325	-1.418096	2.436113	
526	-1.995008	-1.425315	2.443281	
527	-1.989814	-1.430354	2.452841	
528	-1.984291	-1.435482	2.462369	
529	-1.980000	-1.441268	2.470678	
530	-1.975850	-1.446435	2.478836	
531	-1.970993	-1.450766	2.487890	
532	-1.966971	-1.455793	2.495577	
533	-1.963365	-1.458639	2.504708	
534	-1.958558	-1.461612	2.513052	
535	-1.953319	-1.465795	2.520647	
536	-1.949048	-1.469415	2.527821	
537	-1.943772	-1.472166	2.535018	
538	-1.937449	-1.476697	2.540946	
539	-1.934883	-1.479298	2.546940	
540	-1.929128	-1.482747	2.552959	
541	-1.921692	-1.487440	2.559104	
542	-1.917697	-1.490691	2.564679	
543	-1.911955	-1.493391	2.570581	
544	-1.904631	-1.496863	2.576344	
545	-1.898644	-1.499553	2.581841	
546	-1.893566	-1.501372	2.586866	
547	-1.886733	-1.502591	2.592795	
548	-1.878608	-1.504488	2.596954	
549	-1.871696	-1.506010	2.601296	
550	-1.864077	-1.507366	2.604775	
551	-1.856297	-1.507505	2.610310	
552	-1.847479	-1.508797	2.613283	
553	-1.841273	-1.509012	2.617001	
554	-1.831443	-1.508001	2.621800	
555	-1.818262	-1.509079	2.626647	
556	-1.812015	-1.508286	2.630291	
557	-1.802140	-1.507255	2.635676	
558	-1.789659	-1.506799	2.640871	
559	-1.781712	-1.505802	2.645397	
560	-1.773159	-1.504024	2.650039	
561	-1.760876	-1.503137	2.654822	
562	-1.751259	-1.502962	2.658442	
563	-1.733351	-1.500251	2.665625	
564	-1.722229	-1.500566	2.668785	
565	-1.713938	-1.500201	2.670641	
566	-1.704383	-1.499538	2.672867	
567	-1.694286	-1.499741	2.675340	
568	-1.685657	-1.500550	2.675615	
569	-1.677945	-1.501096	2.676479	
570	-1.668966	-1.501381	2.678852	
571	-1.660995	-1.502298	2.679854	
572	-1.653558	-1.504171	2.678881	
573	-1.645592	-1.505858	2.679037	
574	-1.637788	-1.507375	2.679815	
575	-1.631525	-1.508279	2.680123	
576	-1.625212	-1.509013	2.680829	
577	-1.617085	-1.510152	2.682673	
578	-1.605863	-1.513161	2.683095	
579	-1.598894	-1.513914	2.684757	
580	-1.591373	-1.514928	2.686280	
581	-1.586385	-1.516466	2.686090	
582	-1.579790	-1.516902	2.688159	
583	-1.571796	-1.519033	2.689565	
584	-1.566986	-1.520621	2.690597	
585	-1.554237	-1.522832	2.695091	
586	-1.548754	-1.523718	2.697989	
587	-1.543361	-1.524653	2.700001	
588	-1.536899	-1.525479	2.702727	
589	-1.530480	-1.526743	2.703713	
590	-1.517881	-1.527891	2.708608	
591	-1.511915	-1.528649	2.711157	
592	-1.504448	-1.529927	2.713786	
593	-1.499058	-1.530427	2.717134	
594	-1.493501	-1.531756	2.719755	
595	-1.486238	-1.532840	2.722569	
596	-1.479605	-1.533049	2.726185	
597	-1.475598	-1.533147	2.728978	
598	-1.468564	-1.532871	2.732113	
599	-1.461588	-1.532428	2.735499	
600	-1.456574	-1.532146	2.737202	
601	-1.451478	-1.532176	2.737615	
602	-1.442877	-1.530745	2.742235	
603	-1.436220	-1.528529	2.746567	
604	-1.431519	-1.528728	2.745988	
605	-1.422892	-1.527457	2.749289	
606	-1.413764	-1.525921	2.752575	
607	-1.408192	-1.525140	2.753638	
608	-1.399634	-1.523548	2.757263	
609	-1.391275	-1.522842	2.758063	
610	-1.382459	-1.521743	2.760700	
611	-1.374663	-1.520703	2.762659	
612	-1.367986	-1.519492	2.762967	
613	-1.358364	-1.518647	2.763494	
614	-1.351048	-1.517504	2.762838	
615	-1.344053	-1.516170	2.761826	
616	-1.335546	-1.514659	2.761184	
617	-1.327691	-1.513482	2.760519	
618	-1.321321	-1.512674	2.758400	
619	-1.312087	-1.512740	2.756220	
620	-1.305151	-1.512794	2.754739	
621	-1.299624	-1.512771	2.752529	
622	-1.291686	-1.512820	2.751240	
623	-1.284491	-1.513133	2.749444	
624	-1.279327	-1.513883	2.745450	
625	-1.271675	-1.514162	2.743966	
626	-1.264410	-1.514528	2.742118	
627	-1.251483	-1.515045	2.738257	
628	-1.243602	-1.515914	2.736148	
629	-1.238233	-1.517115	2.733291	
630	-1.230797	-1.518233	2.731945	
631	-1.224540	-1.519268	2.730372	
632	-1.218150	-1.520882	2.728107	
633	-1.211451	-1.522489	2.725916	
634	-1.205764	-1.523555	2.723853	
635	-1.200193	-1.524511	2.722407	
636	-1.195104	-1.524970	2.721242	
637	-1.185887	-1.525042	2.716829	
638	-1.181807	-1.524896	2.714438	
639	-1.176926	-1.523668	2.713152	
640	-1.170272	-1.523016	2.710840	
641	-1.163651	-1.522469	2.708977	
642	-1.161258	-1.521425	2.706815	
643	-1.157665	-1.519872	2.705593	
644	-1.150919	-1.519108	2.703881	
645	-1.148009	-1.517496	2.702952	
646	-1.145082	-1.515621	2.701958	
647	-1.138521	-1.513826	2.701085	
648	-1.132525	-1.512172	2.699520	
649	-1.128721	-1.510332	2.697853	
650	-1.123829	-1.508089	2.696280	
651	-1.118075	-1.505528	2.694326	
652	-1.112624	-1.502231	2.693079	
653	-1.108113	-1.498756	2.691302	
654	-1.101438	-1.495249	2.689668	
655	-1.095175	-1.491485	2.687861	
656	-1.090030	-1.487363	2.685996	
657	-1.081215	-1.483800	2.683688	
658	-1.078441	-1.479051	2.682282	
659	-1.073846	-1.474329	2.681044	
660	-1.064041	-1.471565	2.678226	
661	-1.059176	-1.467654	2.676734	
662	-1.055573	-1.463529	2.674859	
663	-1.049445	-1.459732	2.671987	
664	-1.044742	-1.455664	2.668979	
665	-1.040630	-1.451358	2.665994	
666	-1.037070	-1.446674	2.662347	
667	-1.034204	-1.441674	2.658799	
668	-1.028016	-1.437536	2.653749	
669	-1.022208	-1.432785	2.649296	
670	-1.018539	-1.426752	2.646259	
671	-1.011310	-1.422117	2.640890	
672	-1.002541	-1.416763	2.635946	
673	-0.989200	-1.407633	2.624427	
674	-0.977273	-1.403649	2.618389	
675	-0.966012	-1.396629	2.607137	
676	-0.960629	-1.395245	2.599973	
677	-0.959496	-1.390650	2.596690	
678	-0.956378	-1.386005	2.593381	
679	-0.948738	-1.383169	2.587650	
680	-0.942347	-1.379419	2.583392	
681	-0.939467	-1.374207	2.581218	
682	-0.933385	-1.371181	2.577600	
683	-0.927413	-1.367790	2.574792	
684	-0.918550	-1.359777	2.571562	
685	-0.913352	-1.357139	2.569087	
686	-0.912003	-1.351184	2.569887	
687	-0.908333	-1.346986	2.569165	
688	-0.901701	-1.344868	2.567268	
689	-0.899933	-1.338176	2.569804	
690	-0.896886	-1.333323	2.570228	
691	-0.892183	-1.329767	2.569790	
692	-0.889407	-1.324589	2.571290	
693	-0.888635	-1.318835	2.573578	
694	-0.884396	-1.316333	2.573311	
695	-0.881965	-1.312168	2.575042	
696	-0.880910	-1.307742	2.576746	
697	-0.875362	-1.307076	2.575459	
698	-0.874244	-1.302685	2.578102	
699	-0.873026	-1.299631	2.579723	
700	-0.868223	-1.299374	2.579349	
701	-0.867524	-1.295766	2.582121	
702	-0.865526	-1.293386	2.583494	
703	-0.861820	-1.291949	2.584844	
704	-0.860387	-1.288896	2.587885	
705	-0.857651	-1.286742	2.590074	
706	-0.855186	-1.284312	2.592870	
707	-0.852566	-1.281543	2.595809	
708	-0.850571	-1.278934	2.598793	
709	-0.847107	-1.277247	2.600728	
710	-0.845031	-1.274351	2.603681	
711	-0.843006	-1.271605	2.606527	
712	-0.834644	-1.264872	2.615165	
713	-0.829137	-1.264935	2.615311	
714	-0.823118	-1.265211	2.616549	
715	-0.821948	-1.262426	2.620531	
716	-0.815833	-1.263433	2.621551	
717	-0.812355	-1.262820	2.624344	
718	-0.810733	-1.260480	2.627959	
719	-0.806000	-1.260711	2.629820	
720	-0.802458	-1.259940	2.632526	
721	-0.800015	-1.258126	2.635880	
722	-0.794592	-1.259193	2.636571	
723	-0.789585	-1.259807	2.638683	
724	-0.787300	-1.258602	2.642056	
725	-0.784252	-1.258469	2.644282	
726	-0.777919	-1.260966	2.644808	
727	-0.775653	-1.259356	2.649286	
728	-0.772687	-1.258729	2.652183	
729	-0.766975	-1.260750	2.653196	
730	-0.763345	-1.260309	2.657717	
731	-0.760808	-1.259763	2.660352	
732	-0.755237	-1.261568	2.661502	
733	-0.752617	-1.260892	2.665745	
734	-0.748956	-1.261351	2.668178	
735	-0.744069	-1.263286	2.669369	
736	-0.741864	-1.262560	2.673035	
737	-0.738243	-1.263391	2.674974	
738	-0.734175	-1.264899	2.677180	
739	-0.731633	-1.265659	2.680078	
740	-0.727064	-1.269194	2.679977	
741	-0.725097	-1.270703	2.682761	
742	-0.723577	-1.271605	2.685995	
743	-0.722371	-1.272820	2.688085	
744	-0.722081	-1.272741	2.691820	
745	-0.719857	-1.274107	2.693987	
746	-0.718424	-1.275231	2.697292	
747	-0.717137	-1.276143	2.700392	
748	-0.714985	-1.277224	2.702951	
749	-0.712652	-1.278624	2.705564	
750	-0.712801	-1.277869	2.709892	
751	-0.709868	-1.279766	2.712420	
752	-0.707653	-1.281321	2.716633	
753	-0.706643	-1.282144	2.721864	
754	-0.704311	-1.284365	2.725717	
755	-0.701133	-1.287711	2.729092	
756	-0.699674	-1.290059	2.734299	
757	-0.697810	-1.293136	2.738843	
758	-0.693731	-1.298338	2.742688	
759	-0.693227	-1.300938	2.749345	
760	-0.690164	-1.305327	2.753912	
761	-0.687669	-1.309279	2.759842	
762	-0.685950	-1.312788	2.766716	
763	-0.684277	-1.316136	2.772302	
764	-0.681794	-1.319898	2.777712	
765	-0.679039	-1.324005	2.783362	
766	-0.676021	-1.328465	2.789140	
767	-0.674202	-1.331654	2.796052	
768	-0.670720	-1.336539	2.800378	
769	-0.668527	-1.339873	2.806656	
770	-0.668176	-1.341431	2.813516	
771	-0.663714	-1.346189	2.817237	
772	-0.661120	-1.349085	2.823061	
773	-0.658777	-1.351404	2.828227	
774	-0.654219	-1.355304	2.830235	
775	-0.652888	-1.355929	2.836537	
776	-0.651299	-1.356367	2.841557	
777	-0.646150	-1.358575	2.844520	
778	-0.642398	-1.359493	2.848619	
779	-0.638405	-1.360128	2.852723	
780	-0.632627	-1.363048	2.853114	
781	-0.628024	-1.364787	2.854957	
782	-0.623685	-1.366429	2.856298	
783	-0.617914	-1.368958	2.855840	
784	-0.611595	-1.371755	2.856821	
785	-0.606615	-1.373494	2.858543	
786	-0.599380	-1.375645	2.859304	
787	-0.593945	-1.377325	2.860558	
788	-0.581996	-1.380716	2.864558	
789	-0.574492	-1.382859	2.866887	
790	-0.567778	-1.385022	2.869552	
791	-0.559982	-1.387583	2.870623	
792	-0.552248	-1.389877	2.871755	
793	-0.543269	-1.393483	2.872289	
794	-0.536149	-1.395575	2.874643	
795	-0.527533	-1.398124	2.875475	
796	-0.517979	-1.401416	2.875601	
797	-0.510912	-1.402659	2.878432	
798	-0.503106	-1.404462	2.880002	
799	-0.493813	-1.407578	2.880531	
800	-0.486696	-1.408996	2.883361	
801	-0.469879	-1.414577	2.883089	
802	-0.457341	-1.417234	2.885102	
803	-0.445040	-1.420174	2.885720	
804	-0.439422	-1.421282	2.886158	
805	-0.432730	-1.423021	2.885318	
806	-0.428720	-1.422405	2.886954	
807	-0.422126	-1.422992	2.886454	
808	-0.415164	-1.423994	2.885731	
809	-0.408767	-1.423360	2.886675	
810	-0.401108	-1.424462	2.885685	
811	-0.392860	-1.426110	2.884514	
812	-0.385865	-1.425455	2.885645	
813	-0.379478	-1.426359	2.885721	
814	-0.371336	-1.427836	2.884646	
815	-0.365344	-1.427214	2.885884	
816	-0.358278	-1.428075	2.885635	
817	-0.350441	-1.428999	2.883934	
818	-0.345470	-1.427962	2.884335	
819	-0.338635	-1.428973	2.881783	
820	-0.332633	-1.429709	2.879848	
821	-0.326602	-1.429269	2.878735	
822	-0.320661	-1.429117	2.877074	
823	-0.315029	-1.428497	2.875639	
824	-0.309212	-1.426985	2.874544	
825	-0.303294	-1.426612	2.872494	
826	-0.297717	-1.424659	2.871104	
827	-0.293169	-1.422002	2.869952	
828	-0.288408	-1.419875	2.867802	
829	-0.276375	-1.413824	2.863977	
830	-0.270483	-1.410916	2.860927	
831	-0.265135	-1.407885	2.857162	
832	-0.259240	-1.403444	2.853868	
833	-0.253374	-1.399269	2.849783	
834	-0.245967	-1.395712	2.844404	
835	-0.238565	-1.390948	2.839776	
836	-0.230259	-1.385847	2.835209	
837	-0.221667	-1.382752	2.828620	
838	-0.212206	-1.379049	2.822438	
839	-0.203912	-1.374709	2.816510	
840	-0.194859	-1.371222	2.809942	
841	-0.177230	-1.364530	2.795786	
842	-0.169772	-1.361202	2.789083	
843	-0.162347	-1.358395	2.781528	
844	-0.154205	-1.354658	2.775127	
845	-0.148318	-1.352499	2.767975	
846	-0.140258	-1.349472	2.761792	
847	-0.133024	-1.346573	2.755029	
848	-0.127828	-1.344956	2.748707	
849	-0.119975	-1.341684	2.743209	
850	-0.114108	-1.342555	2.733963	
851	-0.106326	-1.342211	2.726936	
852	-0.097722	-1.338759	2.722825	
853	-0.094609	-1.339976	2.714868	
854	-0.088178	-1.341282	2.707579	
855	-0.080976	-1.340716	2.701258	
856	-0.076511	-1.340356	2.694472	
857	-0.071278	-1.339671	2.687503	
858	-0.066244	-1.338837	2.680040	
859	-0.060029	-1.337508	2.673116	
860	-0.053431	-1.335616	2.667273	
861	-0.048279	-1.335585	2.659782	
862	-0.041426	-1.335402	2.653733	
863	-0.034344	-1.336235	2.646610	
864	-0.027093	-1.337425	2.640435	
865	-0.019789	-1.338335	2.635134	
866	-0.013385	-1.340419	2.628576	
867	-0.005236	-1.342282	2.622797	
868	0.001833	-1.344025	2.617575	
869	0.007546	-1.346456	2.610847	
870	0.013238	-1.349228	2.603837	
871	0.020976	-1.351030	2.598112	
872	0.026950	-1.353302	2.591607	
873	0.033312	-1.355484	2.584490	
874	0.038167	-1.358020	2.576639	
875	0.050609	-1.360226	2.563022	
876	0.053391	-1.362232	2.554010	
877	0.058091	-1.363221	2.546464	
878	0.060945	-1.364664	2.537141	
879	0.069076	-1.364541	2.522210	
880	0.070246	-1.364093	2.513439	
881	0.072664	-1.363801	2.504877	
882	0.077217	-1.361994	2.498511	
883	0.079150	-1.360995	2.490901	
884	0.080464	-1.360885	2.482125	
885	0.080986	-1.359530	2.473634	
886	0.084445	-1.358336	2.464200	
887	0.085876	-1.357177	2.455483	
888	0.089037	-1.355392	2.446326	
889	0.091072	-1.353682	2.438259	
890	0.094187	-1.352448	2.429000	
891	0.096375	-1.352232	2.419015	
892	0.100027	-1.351287	2.409945	
893	0.102220	-1.350473	2.399980	
894	0.104115	-1.350426	2.388231	
895	0.107597	-1.350755	2.377834	
896	0.111059	-1.351570	2.368631	
897	0.114448	-1.352713	2.361306	
898	0.119411	-1.353139	2.354379	
899	0.123187	-1.352769	2.347260	
900	0.126184	-1.352112	2.339387	
901	0.129416	-1.351182	2.332504	
902	0.132867	-1.349316	2.326227	
903	0.135057	-1.347556	2.319323	
904	0.138082	-1.345970	2.312766	
905	0.141003	-1.343885	2.306861	
906	0.143535	-1.341788	2.300694	
907	0.146943	-1.340363	2.293964	
908	0.150978	-1.338186	2.288303	
909	0.156207	-1.336349	2.282194	
910	0.160877	-1.335264	2.277162	
911	0.166813	-1.333395	2.274110	
912	0.172390	-1.332217	2.270813	
913	0.176740	-1.331862	2.267682	
914	0.182379	-1.330064	2.264186	
915	0.187502	-1.328000	2.260340	
916	0.192683	-1.326187	2.257092	
917	0.194699	-1.323806	2.255431	
918	0.198046	-1.321702	2.252573	
919	0.202337	-1.320353	2.249815	
920	0.205445	-1.318090	2.248438	
921	0.208639	-1.316511	2.246569	
922	0.212884	-1.315499	2.244703	
923	0.216465	-1.313860	2.243423	
924	0.220496	-1.312773	2.241921	
925	0.224450	-1.311991	2.241153	
926	0.228131	-1.310673	2.241537	
927	0.233510	-1.310343	2.240823	
928	0.238159	-1.310344	2.241207	
929	0.240119	-1.309415	2.242948	
930	0.245373	-1.309426	2.243480	
931	0.249444	-1.310060	2.245224	
932	0.252088	-1.310103	2.248680	
933	0.255645	-1.310840	2.250299	
934	0.258066	-1.311499	2.252802	
935	0.260663	-1.311862	2.255449	
936	0.263750	-1.312564	2.256562	
937	0.266397	-1.313416	2.258574	
938	0.268462	-1.313619	2.262754	
939	0.269949	-1.314129	2.266711	
940	0.272222	-1.314556	2.270740	
941	0.274497	-1.314657	2.273838	
942	0.278016	-1.315082	2.277117	
943	0.280616	-1.315619	2.280559	
944	0.282098	-1.315506	2.285568	
945	0.285013	-1.315726	2.288658	
946	0.288846	-1.316087	2.291741	
947	0.291178	-1.316242	2.295810	
948	0.294634	-1.317403	2.297876	
949	0.297341	-1.317858	2.301298	
950	0.304847	-1.319563	2.304772	
951	0.306513	-1.319957	2.308122	
952	0.308489	-1.320186	2.309781	
953	0.310924	-1.320117	2.313413	
954	0.311964	-1.318743	2.316551	
955	0.314470	-1.317665	2.318933	
956	0.316977	-1.316705	2.320713	
957	0.318972	-1.315082	2.325616	
958	0.319735	-1.313168	2.330473	
959	0.319893	-1.311067	2.334724	
960	0.322950	-1.310523	2.338847	
961	0.324980	-1.310027	2.344347	
962	0.325459	-1.308524	2.349813	
963	0.329322	-1.308938	2.351209	
964	0.331138	-1.308713	2.357269	
965	0.331721	-1.308143	2.362955	
966	0.337136	-1.309138	2.365469	
967	0.339035	-1.309134	2.371460	
968	0.342632	-1.309630	2.376822	
969	0.349125	-1.312304	2.380223	
970	0.352370	-1.313149	2.386026	
971	0.353786	-1.313201	2.392016	
972	0.358806	-1.315915	2.396607	
973	0.361277	-1.316928	2.405651	
974	0.361737	-1.316335	2.413245	
975	0.365196	-1.318439	2.418378	
976	0.366782	-1.318698	2.428079	
977	0.370034	-1.320313	2.433026	
978	0.374259	-1.323220	2.440616	
979	0.372652	-1.321554	2.448088	
980	0.374638	-1.322098	2.449675	
981	0.378665	-1.323303	2.455511	
982	0.379604	-1.322629	2.463308	
983	0.381621	-1.323538	2.465602	
984	0.383983	-1.324108	2.471146	
985	0.383792	-1.323571	2.476995	
986	0.384591	-1.324119	2.480054	
987	0.387038	-1.324682	2.485619	
988	0.389029	-1.325670	2.490220	
989	0.390828	-1.326944	2.492527	
990	0.393223	-1.326935	2.499352	
991	0.393906	-1.326701	2.503596	
992	0.395167	-1.327789	2.507676	
993	0.396437	-1.326016	2.513755	
994	0.398749	-1.325801	2.517538	
995	0.401257	-1.326357	2.520313	
996	0.403356	-1.324412	2.526015	
997	0.402715	-1.320992	2.533581	
998	0.405265	-1.320493	2.536898	
999	0.407079	-1.318421	2.542946	
1000	0.410028	-1.316399	2.554854	
1001	0.410780	-1.313574	2.564706	
1002	0.411853	-1.312842	2.572787	
1003	0.412834	-1.313704	2.578735	
1004	0.412695	-1.312442	2.586207	
1005	0.412190	-1.312334	2.591482	
1006	0.411829	-1.311224	2.597055	
1007	0.412188	-1.310676	2.600435	
1008	0.411326	-1.309887	2.602973	
1009	0.412114	-1.309918	2.607124	
1010	0.412180	-1.310296	2.608850	
1011	0.412934	-1.310574	2.611432	
1012	0.413028	-1.309606	2.614157	
1013	0.413268	-1.309255	2.617620	
1014	0.414267	-1.309643	2.618196	
1015	0.416738	-1.312294	2.622426	
1016	0.416059	-1.311323	2.626372	
1017	0.417581	-1.311465	2.627820	
1018	0.419848	-1.312648	2.629571	
1019	0.421826	-1.310919	2.631783	
1020	0.423821	-1.310839	2.631033	
1021	0.422538	-1.307388	2.632618	
1022	0.425191	-1.307425	2.632576	
1023	0.425516	-1.300985	2.630162	
1024	0.428452	-1.295660	2.627825	
1025	0.427793	-1.289947	2.625774	
1026	0.428554	-1.286659	2.625752	
1027	0.431716	-1.284583	2.623740	
1028	0.432621	-1.280757	2.623902	
1029	0.434348	-1.277278	2.624207	
1030	0.436898	-1.274407	2.624598	
1031	0.436811	-1.268582	2.624753	
1032	0.438906	-1.264929	2.624861	
1033	0.442430	-1.263263	2.625551	
1034	0.442639	-1.258253	2.626064	
1035	0.445270	-1.254745	2.624897	
1036	0.448916	-1.253480	2.625679	
1037	0.450632	-1.249768	2.625226	
1038	0.451711	-1.245652	2.625162	
1039	0.455416	-1.243986	2.624341	
1040	0.457663	-1.241866	2.623966	
1041	0.459347	-1.238948	2.622776	
1042	0.461021	-1.236347	2.621067	
1043	0.463671	-1.235068	2.618922	
1044	0.465135	-1.232591	2.616337	
1045	0.466593	-1.231340	2.615798	
1046	0.468664	-1.230085	2.614572	
1047	0.470071	-1.226976	2.614429	
1048	0.472291	-1.226240	2.613726	
1049	0.473433	-1.224455	2.612434	
1050	0.474117	-1.223752	2.613110	
1051	0.475150	-1.222255	2.612543	
1052	0.475939	-1.220830	2.612429	
1053	0.476186	-1.219557	2.613201	
1054	0.477133	-1.217726	2.612575	
1055	0.477602	-1.216445	2.613557	
1056	0.477563	-1.215145	2.615378	
1057	0.477718	-1.213139	2.616330	
1058	0.477361	-1.213216	2.620677	
1059	0.477341	-1.210508	2.621130	
1060	0.478206	-1.209832	2.623011	
1061	0.478090	-1.211139	2.627751	
1062	0.476112	-1.209674	2.631119	
1063	0.477006	-1.209539	2.633016	
1064	0.477734	-1.207820	2.633221	
1065	0.476837	-1.204492	2.633111	
1066	0.479302	-1.205481	2.634668	
1067	0.479534	-1.205348	2.637269	
1068	0.478600	-1.202314	2.638171	
1069	0.480391	-1.202919	2.640572	
1070	0.480658	-1.204302	2.645432	
1071	0.478336	-1.200078	2.647277	
1072	0.478803	-1.196950	2.647276	
1073	0.477637	-1.198038	2.654212	
1074	0.475498	-1.192651	2.654848	
1075	0.476076	-1.189050	2.654542	
1076	0.475184	-1.187932	2.658793	
1077	0.473067	-1.186207	2.663772	
1078	0.471835	-1.185809	2.669227	
1079	0.471193	-1.184465	2.672348	
1080	0.470912	-1.183829	2.675483	
1081	0.468720	-1.180505	2.677876	
1082	0.470079	-1.180901	2.680281	
1083	0.470481	-1.180361	2.682623	
1084	0.467432	-1.178322	2.687190	
1085	0.470348	-1.180683	2.688427	
1086	0.470163	-1.180691	2.690104	
1087	0.467494	-1.179005	2.693177	
1088	0.469008	-1.180686	2.693465	
1089	0.466084	-1.179610	2.695758	
1090	0.462788	-1.179184	2.698774	
1091	0.463651	-1.181375	2.698004	
1092	0.460424	-1.180928	2.699390	
1093	0.457469	-1.181218	2.700947	
1094	0.457625	-1.182914	2.698215	
1095	0.452988	-1.182909	2.701309	
1096	0.451985	-1.184872	2.700788	
1097	0.450513	-1.187109	2.701039	
1098	0.445980	-1.186473	2.703080	
1099	0.445458	-1.190561	2.704165	
1100	0.441868	-1.192212	2.706385	
1101	0.435557	-1.196176	2.710551	
1102	0.431766	-1.196723	2.712050	
1103	0.428234	-1.199458	2.716932	
1104	0.424277	-1.201438	2.721304	
1105	0.419654	-1.201481	2.723622	
1106	0.415691	-1.204074	2.728627	
1107	0.412353	-1.207133	2.733339	
1108	0.407759	-1.208917	2.738545	
1109	0.403668	-1.210999	2.742859	
1110	0.399487	-1.212710	2.746279	
1111	0.395424	-1.216376	2.751987	
1112	0.390988	-1.219651	2.756775	
1113	0.386876	-1.224022	2.762336	
1114	0.381782	-1.225237	2.763956	
1115	0.377626	-1.230493	2.770785	
1116	0.365796	-1.235828	2.780207	
1117	0.360739	-1.238697	2.782635	
1118	0.355422	-1.242717	2.787907	
1119	0.348889	-1.244996	2.792611	
1120	0.343897	-1.248602	2.796523	
1121	0.337980	-1.252545	2.804244	
1122	0.331688	-1.253187	2.805517	
1123	0.327433	-1.258171	2.811363	
1124	0.321101	-1.259917	2.816613	
1125	0.314938	-1.259137	2.816785	
1126	0.310296	-1.260856	2.819273	
1127	0.305272	-1.261731	2.822773	
1128	0.301279	-1.263500	2.825838	
1129	0.297976	-1.266328	2.829916	
1130	0.294079	-1.267311	2.832793	
1131	0.291919	-1.270422	2.835945	
1132	0.288948	-1.271219	2.836988	
1133	0.286400	-1.272260	2.837808	
1134	0.285764	-1.275154	2.838691	
1135	0.284637	-1.277542	2.840288	
1136	0.283209	-1.278511	2.839639	
1137	0.282446	-1.280554	2.840753	
1138	0.282160	-1.282845	2.841080	
1139	0.280621	-1.282829	2.841444	
1140	0.279684	-1.282844	2.840011	
1141	0.279263	-1.284395	2.841354	
1142	0.277364	-1.283434	2.840955	
1143	0.276360	-1.284513	2.843466	
1144	0.274878	-1.284540	2.843091	
1145	0.272488	-1.283615	2.844472	
1146	0.270512	-1.283467	2.847232	
1147	0.268940	-1.284583	2.851227	
1148	0.265816	-1.283330	2.852896	
1149	0.264400	-1.285136	2.856550	
1150	0.263048	-1.286773	2.859024	
1151	0.259441	-1.286569	2.862415	
1152	0.258422	-1.290252	2.867023	
1153	0.256514	-1.292791	2.870621	
1154	0.252985	-1.294117	2.874410	
1155	0.251370	-1.297842	2.878490	
1156	0.248955	-1.300613	2.881135	
1157	0.246596	-1.303888	2.884677	
1158	0.244683	-1.307680	2.887766	
1159	0.242221	-1.310544	2.890648	
1160	0.240199	-1.313870	2.892823	
1161	0.237763	-1.317537	2.896281	
1162	0.235309	-1.320734	2.899067	
1163	0.233605	-1.324949	2.900894	
1164	0.230554	-1.327360	2.904352	
1165	0.228502	-1.330821	2.905011	
1166	0.226998	-1.334813	2.908181	
1167	0.224520	-1.337312	2.910956	
1168	0.223588	-1.341612	2.913138	
1169	0.221951	-1.344879	2.916723	
1170	0.220082	-1.347381	2.919329	
1171	0.218878	-1.350748	2.922126	
1172	0.217704	-1.353928	2.925967	
1173	0.215538	-1.356116	2.928228	
1174	0.213162	-1.358288	2.930958	
1175	0.212423	-1.362179	2.933243	
1176	0.209394	-1.363391	2.938802	
1177	0.206617	-1.364793	2.940410	
1178	0.204889	-1.367261	2.945401	
1179	0.201617	-1.368400	2.949404	
1180	0.199609	-1.370878	2.953242	
1181	0.197336	-1.373804	2.957503	
1182	0.194703	-1.376310	2.961758	
1183	0.191976	-1.379633	2.966969	
1184	0.189399	-1.383583	2.971611	
1185	0.185559	-1.387081	2.975842	
1186	0.181871	-1.390991	2.980394	
1187	0.178228	-1.395888	2.985475	
1188	0.173359	-1.399638	2.991953	
1189	0.169807	-1.404484	2.996246	
1190	0.165916	-1.409548	3.000777	
1191	0.160264	-1.413020	3.007466	
1192	0.155840	-1.417845	3.011816	
1193	0.149967	-1.422490	3.017706	
1194	0.143275	-1.426623	3.024477	
1195	0.138542	-1.432582	3.029980	
1196	0.133318	-1.437894	3.036815	
1197	0.128309	-1.442710	3.043054	
1198	0.123941	-1.447905	3.050020	
1199	0.119268	-1.452920	3.056636	
1200	0.114907	-1.458292	3.062551	
1201	0.110311	-1.463276	3.069015	
1202	0.102695	-1.474228	3.085060	
1203	0.098958	-1.479397	3.092330	
1204	0.095447	-1.484381	3.099681	
1205	0.092523	-1.489636	3.106778	
1206	0.090666	-1.495250	3.115524	
1207	0.087979	-1.499417	3.124485	
1208	0.086388	-1.504359	3.131959	
1209	0.084717	-1.509109	3.140805	
1210	0.082827	-1.513967	3.149009	
1211	0.080999	-1.518688	3.154343	
1212	0.078927	-1.522369	3.162344	
1213	0.075761	-1.529660	3.174289	
1214	0.075655	-1.533716	3.181121	
1215	0.075840	-1.537629	3.185331	
1216	0.076860	-1.541799	3.191434	
1217	0.078398	-1.545563	3.197415	
1218	0.080351	-1.548929	3.204111	
1219	0.083364	-1.552580	3.209306	
1220	0.086549	-1.556036	3.215168	
1221	0.090719	-1.559448	3.221797	
1222	0.094923	-1.562136	3.227540	
1223	0.100048	-1.565408	3.233270	
1224	0.105721	-1.567612	3.241196	
1225	0.112067	-1.570026	3.247527	
1226	0.119383	-1.572489	3.254587	
1227	0.126390	-1.574146	3.263165	
1228	0.134269	-1.576340	3.270526	
1229	0.143149	-1.579760	3.277162	
1230	0.151434	-1.582099	3.286895	
1231	0.160045	-1.585284	3.293420	
1232	0.169123	-1.589082	3.301020	
1233	0.177372	-1.592427	3.308060	
1234	0.185559	-1.596306	3.313849	
1235	0.194136	-1.600319	3.320277	
1236	0.201560	-1.603202	3.325634	
1237	0.209528	-1.606963	3.330118	
1238	0.217284	-1.609970	3.335383	
1239	0.225060	-1.613266	3.341614	
1240	0.232084	-1.617170	3.347507	
1241	0.238063	-1.621357	3.352436	
1242	0.244743	-1.625475	3.358974	
1243	0.250127	-1.629379	3.363451	
1244	0.255843	-1.633259	3.368108	
1245	0.261289	-1.636804	3.374086	
1246	0.266715	-1.641286	3.378238	
1247	0.272750	-1.645397	3.384561	
1248	0.277987	-1.649770	3.389587	
1249	0.284028	-1.655157	3.394650	
1250	0.295233	-1.662343	3.403556	
1251	0.301349	-1.667569	3.408387	
1252	0.307385	-1.672680	3.414188	
1253	0.314863	-1.678400	3.419949	
1254	0.328461	-1.689671	3.433135	
1255	0.335754	-1.695701	3.439873	
1256	0.341647	-1.700836	3.446535	
1257	0.348484	-1.705898	3.452949	
1258	0.354972	-1.710481	3.459726	
1259	0.361356	-1.713941	3.466990	
1260	0.367753	-1.718254	3.472191	
1261	0.374778	-1.722556	3.477626	
1262	0.381051	-1.726516	3.483440	
1263	0.387526	-1.730302	3.487918	
1264	0.393412	-1.732820	3.492912	
1265	0.400598	-1.735623	3.497457	
1266	0.408253	-1.738197	3.501933	
1267	0.417336	-1.741279	3.505436	
1268	0.426503	-1.744004	3.509513	
1269	0.435170	-1.746228	3.513370	
1270	0.445067	-1.748842	3.516700	
1271	0.454942	-1.750509	3.520314	
1272	0.465294	-1.752512	3.523500	
1273	0.477081	-1.754026	3.526659	
1274	0.488907	-1.756070	3.528951	
1275	0.500360	-1.757174	3.531631	
1276	0.512189	-1.758591	3.533847	
1277	0.525062	-1.759762	3.536237	
1278	0.537281	-1.760730	3.538370	
1279	0.549050	-1.760789	3.541179	
1280	0.561531	-1.761163	3.543178	
1281	0.573256	-1.761558	3.545165	
1282	0.584999	-1.762030	3.546825	
1283	0.595861	-1.762743	3.547747	
1284	0.608338	-1.763756	3.549199	
1285	0.621117	-1.765232	3.550668	
1286	0.634635	-1.766441	3.552423	
1287	0.646927	-1.767879	3.553622	
1288	0.658580	-1.769310	3.554510	
1289	0.671192	-1.769810	3.556182	
1290	0.684799	-1.770962	3.556872	
1291	0.697416	-1.772451	3.556818	
1292	0.708905	-1.773043	3.557256	
1293	0.721520	-1.774169	3.557815	
1294	0.733707	-1.775809	3.557649	
1295	0.745847	-1.777216	3.558245	
1296	0.758219	-1.778634	3.558354	
1297	0.769526	-1.779458	3.558863	
1298	0.780396	-1.779711	3.559943	
1299	0.793658	-1.781375	3.560200	
1300	0.805648	-1.782407	3.561557	
1301	0.817904	-1.784097	3.562780	
1302	0.831416	-1.785928	3.564358	
1303	0.842890	-1.786880	3.567521	
1304	0.855310	-1.788520	3.570065	
1305	0.869142	-1.789457	3.574108	
1306	0.880376	-1.791352	3.577332	
1307	0.893723	-1.793461	3.581413	
1308	0.904697	-1.796118	3.585805	
1309	0.915396	-1.798301	3.591396	
1310	0.927384	-1.801205	3.596656	
1311	0.941091	-1.802782	3.603015	
1312	0.951726	-1.804334	3.609676	
1313	0.963582	-1.808518	3.613727	
1314	0.975745	-1.810995	3.619096	
1315	0.984672	-1.813152	3.624415	
1316	0.993874	-1.816755	3.628030	
1317	1.002279	-1.818975	3.632762	
1318	1.019112	-1.821477	3.642996	
1319	1.027311	-1.823412	3.646923	
1320	1.036581	-1.824063	3.651761	
1321	1.044534	-1.825302	3.655517	
1322	1.054700	-1.827220	3.657848	
1323	1.069708	-1.826338	3.661577	
1324	1.077974	-1.827516	3.663962	
1325	1.088587	-1.829770	3.664818	
1326	1.099672	-1.829287	3.667843	
1327	1.110087	-1.830563	3.668582	
1328	1.120890	-1.832204	3.668463	
1329	1.131832	-1.831086	3.669560	
1330	1.143237	-1.831683	3.669229	
1331	1.154607	-1.831419	3.668318	
1332	1.165967	-1.831249	3.666819	
1333	1.179274	-1.830016	3.665648	
1334	1.204429	-1.828164	3.660715	
1335	1.217392	-1.824475	3.661006	
1336	1.228915	-1.820560	3.661025	
1337	1.259465	-1.816084	3.657698	
1338	1.285985	-1.812149	3.652996	
1339	1.301470	-1.808131	3.650726	
1340	1.311221	-1.805165	3.648982	
1341	1.324656	-1.803522	3.644191	
1342	1.336523	-1.801978	3.639955	
1343	1.348663	-1.800854	3.635585	
1344	1.359236	-1.801319	3.630051	
1345	1.375602	-1.797121	3.626243	
1346	1.378546	-1.798103	3.622407	
1347	1.394876	-1.795208	3.617293	
1348	1.399478	-1.794184	3.614502	
1349	1.405711	-1.794729	3.608922	
1350	1.415705	-1.792981	3.604695	
1351	1.424768	-1.789809	3.601538	
1352	1.431069	-1.791153	3.595695	
1353	1.440710	-1.789174	3.591061	
1354	1.450431	-1.786466	3.587500	
1355	1.458969	-1.786063	3.581440	
1356	1.469944	-1.783505	3.576780	
1357	1.478988	-1.781278	3.572621	
1358	1.490215	-1.779807	3.566661	
1359	1.502317	-1.776459	3.562902	
1360	1.512400	-1.774597	3.559166	
1361	1.524368	-1.772300	3.555901	
1362	1.537926	-1.770030	3.551402	
1363	1.548761	-1.766021	3.550597	
1364	1.559809	-1.764238	3.547655	
1365	1.573705	-1.761440	3.544714	
1366	1.585203	-1.758593	3.542284	
1367	1.595788	-1.758094	3.537846	
1368	1.608891	-1.754467	3.534689	
1369	1.617191	-1.752343	3.532356	
1370	1.628542	-1.749686	3.528452	
1371	1.639599	-1.745837	3.526349	
1372	1.648922	-1.743633	3.523390	
1373	1.658427	-1.741112	3.520700	
1374	1.667495	-1.738006	3.517200	
1375	1.675283	-1.736206	3.513410	
1376	1.683193	-1.734044	3.509215	
1377	1.691606	-1.731233	3.504584	
1378	1.699958	-1.728433	3.499460	
1379	1.707036	-1.726232	3.493778	
1380	1.716347	-1.722706	3.487351	
1381	1.727164	-1.716545	3.481909	
1382	1.731788	-1.713514	3.477486	
1383	1.739558	-1.709685	3.470065	
1384	1.749217	-1.702954	3.463258	
1385	1.754882	-1.698967	3.455793	
1386	1.762301	-1.694279	3.447752	
1387	1.770782	-1.688423	3.438353	
1388	1.776951	-1.683881	3.429390	
1389	1.783776	-1.679225	3.419885	
1390	1.789903	-1.672915	3.413995	
1391	1.799277	-1.667771	3.403872	
1392	1.809799	-1.662952	3.392388	
1393	1.816002	-1.657141	3.386183	
1394	1.821584	-1.652792	3.379339	
1395	1.835359	-1.645339	3.364891	
1396	1.847301	-1.635805	3.350293	
1397	1.854707	-1.631104	3.341771	
1398	1.860852	-1.626324	3.335042	
1399	1.867176	-1.623663	3.325686	
1400	1.874269	-1.619371	3.318094	
1401	1.880402	-1.615927	3.310381	
1402	1.886418	-1.613467	3.301627	
1403	1.892718	-1.609979	3.292921	
1404	1.898038	-1.607129	3.284158	
1405	1.903552	-1.602439	3.277800	
1406	1.909765	-1.597094	3.272562	
1407	1.916192	-1.593306	3.264144	
1408	1.922955	-1.588768	3.256317	
1409	1.930277	-1.582707	3.250406	
1410	1.937550	-1.577523	3.242268	
1411	1.945713	-1.571570	3.233898	
1412	1.953133	-1.565910	3.226301	
1413	1.962098	-1.561414	3.216197	
1414	1.972477	-1.553936	3.208906	
1415	1.980380	-1.548465	3.203082	
1416	1.990093	-1.542990	3.195804	
1417	2.000361	-1.536776	3.189694	
1418	2.010527	-1.529676	3.184920	
1419	2.020129	-1.524226	3.178301	
1420	2.030418	-1.518430	3.171595	
1421	2.040392	-1.512416	3.165495	
1422	2.050564	-1.506680	3.158110	
1423	2.058640	-1.501056	3.152824	
1424	2.074227	-1.492036	3.140140	
1425	2.080387	-1.487445	3.136065	
1426	2.086428	-1.484345	3.130352	
1427	2.092477	-1.481599	3.123464	
1428	2.098668	-1.477856	3.116628	
1429	2.104167	-1.473204	3.111846	
1430	2.109207	-1.468712	3.107762	
1431	2.113473	-1.465250	3.103236	
1432	2.118160	-1.462393	3.094795	
1433	2.123534	-1.457339	3.088901	
1434	2.127423	-1.452109	3.084799	
1435	2.131218	-1.447178	3.079867	
1436	2.136004	-1.441196	3.074422	
1437	2.138726	-1.438381	3.065515	
1438	2.141976	-1.434260	3.057748	
1439	2.144973	-1.428957	3.053433	
1440	2.147964	-1.423753	3.046711	
1441	2.151732	-1.418700	3.038203	
1442	2.154763	-1.413306	3.030484	
1443	2.157210	-1.408732	3.023121	
1444	2.161349	-1.402934	3.012602	
1445	2.164679	-1.398500	3.001217	
1446	2.167219	-1.394099	2.994620	
1447	2.169429	-1.390498	2.982970	
1448	2.173367	-1.385575	2.969728	
1449	2.175398	-1.380244	2.965661	
1450	2.176151	-1.376823	2.958354	
1451	2.180934	-1.369123	2.946611	
1452	2.182998	-1.362651	2.938940	
1453	2.181706	-1.360087	2.929871	
1454	2.183130	-1.354302	2.918794	
1455	2.185657	-1.345927	2.910608	
1456	2.186201	-1.340788	2.904543	
1457	2.188498	-1.335059	2.893647	
1458	2.190474	-1.328765	2.884343	
1459	2.192213	-1.322759	2.876097	
1460	2.194829	-1.315651	2.870972	
1461	2.196896	-1.310578	2.859962	
1462	2.199322	-1.305882	2.849510	
1463	2.202807	-1.298885	2.845292	
1464	2.204960	-1.294130	2.833877	
1465	2.209136	-1.287941	2.824986	
1466	2.212373	-1.281060	2.819749	
1467	2.213677	-1.277574	2.807768	
1468	2.217817	-1.272371	2.796340	
1469	2.220810	-1.268004	2.785547	
1470	2.223796	-1.265015	2.773614	
1471	2.233146	-1.254390	2.757684	
1472	2.237309	-1.250873	2.748457	
1473	2.242827	-1.246248	2.742127	
1474	2.248070	-1.242683	2.731085	
1475	2.253722	-1.239096	2.722514	
1476	2.259703	-1.235523	2.713213	
1477	2.265128	-1.231920	2.703038	
1478	2.271576	-1.226005	2.692942	
1479	2.277533	-1.220613	2.685682	
1480	2.281984	-1.216363	2.676213	
1481	2.287206	-1.210894	2.667616	
1482	2.291240	-1.206406	2.659993	
1483	2.295253	-1.201552	2.652033	
1484	2.298817	-1.197035	2.642856	
1485	2.302936	-1.190380	2.637244	
1486	2.305775	-1.186075	2.628699	
1487	2.308502	-1.181298	2.619857	
1488	2.311756	-1.175690	2.613586	
1489	2.313078	-1.172351	2.604740	
1490	2.315132	-1.166967	2.594608	
1491	2.316017	-1.162057	2.585996	
1492	2.316827	-1.157148	2.575584	
1493	2.319223	-1.145960	2.557529	
1494	2.319232	-1.142126	2.546967	
1495	2.319596	-1.135651	2.537099	
1496	2.320086	-1.129323	2.531720	
1497	2.320379	-1.123137	2.523905	
1498	2.317663	-1.120185	2.509399	
1499	2.317505	-1.112181	2.502192	
1500	2.316931	-1.105420	2.496221	
1501	2.316597	-1.096668	2.486495	
1502	2.316397	-1.088418	2.478201	
1503	2.315244	-1.081865	2.468743	
1504	2.313920	-1.075984	2.456527	
1505	2.312843	-1.070951	2.444762	
1506	2.311196	-1.066279	2.430793	
1507	2.310569	-1.060864	2.419004	
1508	2.309739	-1.055383	2.408240	
1509	2.309308	-1.049175	2.397993	
1510	2.307912	-1.043431	2.385817	
1511	2.307310	-1.037312	2.375927	
1512	2.306458	-1.031447	2.366477	
1513	2.304332	-1.027940	2.356521	
1514	2.304166	-1.022082	2.348721	
1515	2.303459	-1.016943	2.341558	
1516	2.301270	-1.014335	2.332196	
1517	2.299704	-1.009964	2.324852	
1518	2.297770	-1.006748	2.317807	
1519	2.296167	-1.003090	2.310861	
1520	2.295412	-0.998053	2.304704	
1521	2.294511	-0.994667	2.299030	
1522	2.293917	-0.992051	2.293409	
1523	2.294250	-0.988042	2.288152	
1524	2.294756	-0.984112	2.283596	
1525	2.294793	-0.981966	2.276755	
1526	2.294339	-0.979823	2.267841	
1527	2.295782	-0.976670	2.261683	
1528	2.296151	-0.974097	2.252924	
1529	2.297798	-0.970248	2.245344	
1530	2.300291	-0.965240	2.237259	
1531	2.303732	-0.959210	2.229759	
1532	2.307580	-0.953463	2.221125	
1533	2.311413	-0.947586	2.212442	
1534	2.314242	-0.943386	2.202540	
1535	2.317575	-0.938997	2.192575	
1536	2.322171	-0.932277	2.183584	
1537	2.325630	-0.928373	2.173957	
1538	2.329262	-0.923668	2.164218	
1539	2.333064	-0.919348	2.155323	
1540	2.336960	-0.915204	2.146870	
1541	2.340705	-0.910667	2.137195	
1542	2.345616	-0.905187	2.130227	
1543	2.349173	-0.901573	2.122258	
1544	2.352205	-0.899469	2.112891	
1545	2.356756	-0.893559	2.106684	
1546	2.359999	-0.889088	2.099409	
1547	2.363003	-0.885673	2.090622	
1548	2.366484	-0.880329	2.083333	
1549	2.369319	-0.875147	2.075202	
1550	2.372294	-0.870424	2.066683	
1551	2.375588	-0.863911	2.058301	
1552	2.377677	-0.859290	2.049937	
1553	2.379285	-0.855462	2.040937	
1554	2.381430	-0.849531	2.032728	
1555	2.382359	-0.844672	2.023515	
1556	2.383960	-0.839293	2.015814	
1557	2.384669	-0.834435	2.007004	
1558	2.385213	-0.830292	1.998068	
1559	2.385918	-0.824549	1.989511	
1560	2.387233	-0.818162	1.980934	
1561	2.388249	-0.811739	1.972620	
1562	2.388521	-0.805731	1.962057	
1563	2.388317	-0.799729	1.951811	
1564	2.389169	-0.785746	1.931273	
1565	2.390109	-0.778698	1.922273	
1566	2.391279	-0.772269	1.912430	
1567	2.393034	-0.764519	1.901697	
1568	2.396041	-0.757107	1.892604	
1569	2.398610	-0.749760	1.882069	
1570	2.401085	-0.743179	1.873251	
1571	2.403422	-0.738425	1.864174	
1572	2.405415	-0.733797	1.853688	
1573	2.406988	-0.729574	1.845230	
1574	2.408428	-0.726073	1.836270	
1575	2.411549	-0.720769	1.828754	
1576	2.412717	-0.718570	1.819148	
1577	2.415380	-0.715291	1.811225	
1578	2.418076	-0.712223	1.803963	
1579	2.422936	-0.706203	1.786120	
1580	2.425438	-0.702967	1.777405	
1581	2.427228	-0.701031	1.768392	
1582	2.430686	-0.697599	1.759624	
1583	2.435057	-0.692872	1.750902	
1584	2.438779	-0.689303	1.741218	
1585	2.442264	-0.686214	1.731312	
1586	2.446965	-0.680939	1.722284	
1587	2.450873	-0.676841	1.712247	
1588	2.455231	-0.672728	1.702404	
1589	2.461047	-0.666389	1.693691	
1590	2.465716	-0.662277	1.683466	
1591	2.469644	-0.659812	1.673061	
1592	2.474342	-0.654913	1.662630	
1593	2.479314	-0.651975	1.654106	
1594	2.483296	-0.647088	1.643534	
1595	2.489559	-0.641251	1.635253	
1596	2.494237	-0.634310	1.626383	
1597	2.498941	-0.629338	1.616296	
1598	2.504340	-0.621908	1.608779	
1599	2.508006	-0.615760	1.599638	
1600	2.512420	-0.609961	1.592325	
1601	2.516291	-0.603923	1.584971	
1602	2.519131	-0.597577	1.577147	
1603	2.522379	-0.592023	1.570678	
1604	2.524324	-0.586019	1.563870	
1605	2.527061	-0.580490	1.559284	
1606	2.529555	-0.573297	1.554059	
1607	2.529725	-0.568044	1.547118	
1608	2.530839	-0.562974	1.541443	
1609	2.531633	-0.557467	1.535237	
1610	2.531099	-0.552167	1.528250	
1611	2.531094	-0.547552	1.522338	
1612	2.530056	-0.543149	1.515507	
1613	2.528220	-0.537857	1.508364	
1614	2.524467	-0.526925	1.492295	
1615	2.521571	-0.520471	1.482933	
1616	2.518503	-0.515995	1.474929	
1617	2.515765	-0.510335	1.466361	
1618	2.512547	-0.504934	1.457706	
1619	2.508662	-0.498483	1.449005	
1620	2.504654	-0.492233	1.439824	
1621	2.501777	-0.485473	1.432144	
1622	2.497729	-0.480295	1.424339	
1623	2.492837	-0.476152	1.415649	
1624	2.488690	-0.471587	1.407417	
1625	2.484599	-0.467069	1.400049	
1626	2.479240	-0.463492	1.391351	
1627	2.474521	-0.461172	1.384624	
1628	2.468989	-0.458485	1.376856	
1629	2.463524	-0.456699	1.369237	
1630	2.459113	-0.452910	1.362837	
1631	2.455467	-0.449656	1.356494	
1632	2.450487	-0.447761	1.347744	
1633	2.447132	-0.444847	1.339828	
1634	2.443545	-0.441924	1.331193	
1635	2.440580	-0.440330	1.324555	
1636	2.437253	-0.438455	1.318539	
1637	2.433693	-0.435361	1.312438	
1638	2.429505	-0.434382	1.305691	
1639	2.425934	-0.430893	1.300250	
1640	2.423162	-0.429183	1.297099	
1641	2.417230	-0.428440	1.290678	
1642	2.413355	-0.425385	1.286157	
1643	2.410143	-0.423456	1.282624	
1644	2.405286	-0.422818	1.278629	
1645	2.401909	-0.420956	1.276059	
1646	2.397892	-0.420436	1.273893	
1647	2.392796	-0.419157	1.270550	
1648	2.390086	-0.415738	1.269944	
1649	2.387096	-0.412784	1.269845	
1650	2.382395	-0.411387	1.267752	
1651	2.377609	-0.409041	1.265397	
1652	2.371583	-0.406806	1.261863	
1653	2.367329	-0.404691	1.260190	
1654	2.363222	-0.402622	1.258896	
1655	2.357571	-0.400558	1.256935	
1656	2.352044	-0.398387	1.255117	
1657	2.346047	-0.394938	1.253338	
1658	2.339252	-0.393677	1.251630	
1659	2.332075	-0.391479	1.249222	
1660	2.325105	-0.390100	1.247542	
1661	2.316288	-0.388420	1.244603	
1662	2.307939	-0.387037	1.242126	
1663	2.299592	-0.385568	1.240048	
1664	2.289262	-0.384418	1.236870	
1665	2.279781	-0.383637	1.234046	
1666	2.271974	-0.382401	1.232626	
1667	2.262154	-0.382465	1.229671	
1668	2.251177	-0.382470	1.225140	
1669	2.242373	-0.382359	1.222465	
1670	2.232899	-0.381961	1.220376	
1671	2.221378	-0.379942	1.216805	
1672	2.210733	-0.379771	1.214576	
1673	2.200051	-0.380074	1.213320	
1674	2.187356	-0.379576	1.211420	
1675	2.175270	-0.377351	1.208834	
1676	2.164571	-0.376920	1.207939	
1677	2.152946	-0.375917	1.206751	
1678	2.141615	-0.373394	1.205158	
1679	2.132157	-0.372416	1.205427	
1680	2.122458	-0.371727	1.205919	
1681	2.113136	-0.369805	1.205451	
1682	2.103918	-0.368969	1.204965	
1683	2.095468	-0.367336	1.204548	
1684	2.087830	-0.364690	1.204154	
1685	2.079730	-0.364167	1.203462	
1686	2.072403	-0.362648	1.202110	
1687	2.066140	-0.360698	1.201316	
1688	2.052073	-0.358365	1.199478	
1689	2.045731	-0.356819	1.198909	
1690	2.039408	-0.355355	1.197752	
1691	2.033185	-0.352820	1.196409	
1692	2.026540	-0.350025	1.194610	
1693	2.020633	-0.345640	1.192685	
1694	2.013800	-0.341942	1.190448	
1695	2.007245	-0.337645	1.187962	
1696	2.001038	-0.333904	1.185094	
1697	1.995298	-0.328963	1.182338	
1698	1.989542	-0.324429	1.178865	
1699	1.984146	-0.320253	1.175225	
1700	1.978671	-0.315490	1.171460	
1701	1.973250	-0.310874	1.167347	
1702	1.967659	-0.306566	1.163343	
1703	1.962700	-0.302147	1.159451	
1704	1.957210	-0.298300	1.154462	
1705	1.951623	-0.294235	1.149234	
1706	1.947422	-0.290161	1.144957	
1707	1.942130	-0.287114	1.139852	
1708	1.936638	-0.283126	1.135081	
1709	1.931884	-0.280016	1.130763	
1710	1.925940	-0.276751	1.126307	
1711	1.919683	-0.272222	1.121680	
1712	1.914804	-0.269123	1.118455	
1713	1.908575	-0.266760	1.114459	
1714	1.901276	-0.262520	1.109793	
1715	1.894563	-0.259592	1.105606	
1716	1.887369	-0.257198	1.101298	
1717	1.879707	-0.253883	1.096839	
1718	1.872287	-0.251016	1.092434	
1719	1.863429	-0.248342	1.087506	
1720	1.855094	-0.244858	1.083106	
1721	1.846697	-0.242290	1.078833	
1722	1.837959	-0.239779	1.075028	
1723	1.827979	-0.236940	1.070626	
1724	1.818757	-0.234485	1.066771	
1725	1.807579	-0.232481	1.062367	
1726	1.797064	-0.229053	1.058391	
1727	1.788777	-0.227057	1.055354	
1728	1.779070	-0.224564	1.052115	
1729	1.761802	-0.219775	1.046730	
1730	1.753412	-0.218232	1.044827	
1731	1.744491	-0.216244	1.042552	
1732	1.736972	-0.214669	1.040865	
1733	1.729712	-0.213531	1.039678	
1734	1.722458	-0.212568	1.038462	
1735	1.716135	-0.210261	1.037061	
1736	1.709918	-0.209145	1.035905	
1737	1.703472	-0.209342	1.034371	
1738	1.697451	-0.207914	1.032418	
1739	1.692003	-0.207172	1.030923	
1740	1.686627	-0.206713	1.029948	
1741	1.681151	-0.205545	1.029006	
1742	1.676579	-0.204340	1.028118	
1743	1.671399	-0.203007	1.026802	
1744	1.667017	-0.201578	1.025656	
1745	1.661686	-0.200714	1.023568	
1746	1.656663	-0.199839	1.021209	
1747	1.650752	-0.198119	1.018387	
1748	1.645980	-0.197939	1.015839	
1749	1.640610	-0.197029	1.012742	
1750	1.634937	-0.194266	1.009115	
1751	1.630352	-0.192533	1.006103	
1752	1.624822	-0.190810	1.002482	
1753	1.618559	-0.187380	0.998222	
1754	1.612589	-0.183528	0.993881	
1755	1.606588	-0.181179	0.988913	
1756	1.600663	-0.176198	0.983984	
1757	1.595073	-0.172736	0.978859	
1758	1.582211	-0.165081	0.966901	
1759	1.575794	-0.161425	0.960749	
1760	1.570181	-0.157893	0.954792	
1761	1.563895	-0.153756	0.948254	
1762	1.558382	-0.150132	0.942002	
1763	1.552296	-0.146790	0.935717	
1764	1.546725	-0.141656	0.929624	
1765	1.541999	-0.137886	0.923925	
1766	1.529109	-0.130361	0.911822	
1767	1.523822	-0.127418	0.906078	
1768	1.518589	-0.122603	0.900802	
1769	1.512888	-0.118104	0.895348	
1770	1.507800	-0.115403	0.889885	
1771	1.503745	-0.111670	0.885206	
1772	1.499838	-0.108089	0.880698	
1773	1.494853	-0.104946	0.876149	
1774	1.490178	-0.103211	0.871715	
1775	1.485665	-0.102500	0.867927	
1776	1.475052	-0.105856	0.858230	
1777	1.469470	-0.107098	0.853213	
1778	1.462955	-0.109370	0.847988	
1779	1.456281	-0.113283	0.842273	
1780	1.448195	-0.115718	0.836608	
1781	1.433667	-0.122950	0.825636	
1782	1.425745	-0.124501	0.820567	
1783	1.417922	-0.126029	0.816053	
1784	1.410776	-0.126416	0.812128	
1785	1.403270	-0.127092	0.808324	
1786	1.395573	-0.128301	0.804205	
1787	1.388975	-0.129538	0.800522	
1788	1.381618	-0.129309	0.796849	
1789	1.368453	-0.129362	0.790955	
1790	1.361798	-0.130122	0.788006	
1791	1.355091	-0.130011	0.785235	
1792	1.349319	-0.130188	0.782741	
1793	1.343113	-0.130948	0.779261	
1794	1.336174	-0.130087	0.776238	
1795	1.331630	-0.130226	0.773420	
1796	1.325541	-0.130477	0.770406	
1797	1.319320	-0.129587	0.767791	
1798	1.313193	-0.128591	0.764900	
1799	1.307995	-0.127879	0.762258	
1800	1.302913	-0.126029	0.759879	
1801	1.298153	-0.124954	0.756339	
1802	1.293523	-0.123321	0.753125	
1803	1.287294	-0.122145	0.749621	
1804	1.284123	-0.121237	0.746574	
1805	1.279836	-0.118632	0.744575	
1806	1.276007	-0.116577	0.742903	
1807	1.271941	-0.115967	0.740054	
1808	1.267563	-0.113474	0.737598	
1809	1.264066	-0.110845	0.735323	
1810	1.259751	-0.109371	0.731776	
1811	1.255228	-0.105541	0.728327	
1812	1.252614	-0.101340	0.725367	
1813	1.248365	-0.098250	0.720262	
1814	1.243254	-0.094585	0.714857	
1815	1.239699	-0.088898	0.710328	
1816	1.236948	-0.086238	0.704220	
1817	1.233086	-0.082699	0.698031	
1818	1.229992	-0.077810	0.693040	
1819	1.227901	-0.075952	0.686821	
1820	1.225287	-0.072207	0.681142	
1821	1.220250	-0.067667	0.676456	
1822	1.218163	-0.065368	0.670823	
1823	1.214197	-0.061140	0.666156	
1824	1.210298	-0.059210	0.660882	
1825	1.207254	-0.058456	0.655136	
1826	1.202520	-0.055915	0.650404	
1827	1.199575	-0.054137	0.645591	
1828	1.194732	-0.052754	0.640334	
1829	1.189528	-0.050137	0.636709	
1830	1.184865	-0.050226	0.632003	
1831	1.179675	-0.049775	0.627235	
1832	1.172508	-0.048972	0.623091	
1833	1.165206	-0.047443	0.619275	
1834	1.158781	-0.047874	0.614377	
1835	1.150415	-0.047400	0.609981	
1836	1.142105	-0.046610	0.606034	
1837	1.136029	-0.047596	0.601626	
1838	1.127218	-0.048669	0.597517	
1839	1.117723	-0.050543	0.593846	
1840	1.110528	-0.053713	0.590525	
1841	1.101166	-0.058903	0.586780	
1842	1.090396	-0.062492	0.584205	
1843	1.081724	-0.066313	0.582766	
1844	1.071132	-0.068459	0.582395	
1845	1.059183	-0.071004	0.582582	
1846	1.049304	-0.075227	0.582221	
1847	1.038347	-0.078777	0.582408	
1848	1.027313	-0.080751	0.583408	
1849	1.018335	-0.083988	0.584293	
1850	1.007758	-0.087001	0.585425	
1851	0.996392	-0.090106	0.587082	
1852	0.986814	-0.093380	0.588261	
1853	0.976796	-0.096026	0.589640	
1854	0.967283	-0.100045	0.590452	
1855	0.958799	-0.104220	0.590902	
1856	0.949919	-0.106583	0.592849	
1857	0.941077	-0.108455	0.594806	
1858	0.933672	-0.110597	0.596587	
1859	0.924890	-0.114123	0.598172	
1860	0.916316	-0.116098	0.600133	
1861	0.909978	-0.118342	0.602153	
1862	0.901709	-0.118920	0.605473	
1863	0.895273	-0.121320	0.607606	
1864	0.888056	-0.122567	0.610049	
1865	0.880340	-0.123974	0.613013	
1866	0.873583	-0.126277	0.615883	
1867	0.866590	-0.128684	0.618478	
1868	0.859622	-0.128594	0.622174	
1869	0.854853	-0.130014	0.625724	
1870	0.849779	-0.134757	0.627289	
1871	0.842618	-0.135984	0.629818	
1872	0.834287	-0.136480	0.633813	
1873	0.829401	-0.141701	0.635076	
1874	0.824109	-0.143514	0.636685	
1875	0.816253	-0.144921	0.639966	
1876	0.811733	-0.148833	0.641686	
1877	0.807028	-0.150267	0.643830	
1878	0.799824	-0.151213	0.647134	
1879	0.795345	-0.153080	0.649388	
1880	0.790786	-0.155357	0.651660	
1881	0.784991	-0.156197	0.654857	
1882	0.779803	-0.157152	0.658224	
1883	0.776304	-0.158379	0.661438	
1884	0.767979	-0.159447	0.668557	
1885	0.762975	-0.160200	0.671851	
1886	0.757576	-0.159397	0.676293	
1887	0.753011	-0.159839	0.680184	
1888	0.749176	-0.160461	0.683633	
1889	0.744496	-0.159793	0.688072	
1890	0.742376	-0.158700	0.693076	
1891	0.739223	-0.159485	0.697770	
1892	0.735434	-0.159029	0.703491	
1893	0.732563	-0.158302	0.709907	
1894	0.729023	-0.158212	0.717142	
1895	0.725860	-0.156975	0.725279	
1896	0.724864	-0.157291	0.733449	
1897	0.721648	-0.158022	0.741599	
1898	0.719075	-0.156688	0.750353	
1899	0.716958	-0.156116	0.758825	
1900	0.714640	-0.157525	0.766410	
1901	0.711760	-0.157920	0.773900	
1902	0.708645	-0.158409	0.781384	
1903	0.705284	-0.159903	0.788753	
1904	0.702206	-0.161947	0.796124	
1905	0.698945	-0.162912	0.804409	
1906	0.695684	-0.165748	0.812222	
1907	0.692484	-0.169766	0.819398	
1908	0.688966	-0.171739	0.827867	
1909	0.686439	-0.175714	0.835569	
1910	0.683894	-0.180588	0.842376	
1911	0.681406	-0.181640	0.851421	
1912	0.678509	-0.185606	0.859055	
1913	0.675131	-0.189417	0.865298	
1914	0.673579	-0.190855	0.874037	
1915	0.672811	-0.194295	0.881428	
1916	0.671369	-0.197502	0.887977	
1917	0.670240	-0.198966	0.895453	
1918	0.669995	-0.201398	0.902565	
1919	0.669363	-0.204503	0.908198	
1920	0.669237	-0.206230	0.914722	
1921	0.669429	-0.208673	0.920740	
1922	0.670366	-0.211592	0.926198	
1923	0.671906	-0.213871	0.932293	
1924	0.673158	-0.216941	0.937939	
1925	0.674191	-0.220247	0.942791	
1926	0.674811	-0.222816	0.947671	
1927	0.675744	-0.224721	0.953100	
1928	0.677463	-0.227012	0.958539	
1929	0.677998	-0.230066	0.963385	
1930	0.679120	-0.231030	0.969851	
1931	0.679460	-0.233863	0.975227	
1932	0.680442	-0.235235	0.980613	
1933	0.682743	-0.236482	0.987063	
1934	0.683944	-0.239028	0.991739	
1935	0.684822	-0.239697	0.996336	
1936	0.686105	-0.239843	1.002005	
1937	0.686645	-0.240983	1.006414	
1938	0.688542	-0.240355	1.017062	
1939	0.688888	-0.240480	1.021268	
1940	0.689617	-0.239672	1.025554	
1941	0.690368	-0.236649	1.036176	
1942	0.690141	-0.234489	1.040919	
1943	0.690451	-0.231923	1.046808	
1944	0.691496	-0.229837	1.052278	
1945	0.691349	-0.227224	1.058061	
1946	0.691553	-0.224399	1.064062	
1947	0.691512	-0.222200	1.069802	
1948	0.688952	-0.213996	1.088036	
1949	0.689096	-0.211633	1.094922	
1950	0.689129	-0.210139	1.101813	
1951	0.688498	-0.208253	1.116096	
1952	0.687666	-0.207394	1.123253	
1953	0.686476	-0.206667	1.130261	
1954	0.685664	-0.206422	1.136775	
1955	0.684482	-0.206970	1.142974	
1956	0.685275	-0.206437	1.149569	
1957	0.684216	-0.207587	1.160493	
1958	0.684646	-0.207643	1.166152	
1959	0.684644	-0.208080	1.171245	
1960	0.685147	-0.207866	1.176877	
1961	0.685896	-0.207578	1.182595	
1962	0.685881	-0.208037	1.187635	
1963	0.685954	-0.208368	1.192540	
1964	0.687281	-0.208077	1.197775	
1965	0.688004	-0.208123	1.202686	
1966	0.688084	-0.208813	1.206989	
1967	0.688515	-0.208755	1.211557	
1968	0.688452	-0.208386	1.215512	
1969	0.688228	-0.208305	1.219067	
1970	0.688717	-0.206798	1.223413	
1971	0.689437	-0.205079	1.227116	
1972	0.689537	-0.204075	1.230142	
1973	0.689609	-0.202415	1.233318	
1974	0.691031	-0.201556	1.236350	
1975	0.691113	-0.200397	1.238579	
1976	0.689949	-0.199078	1.240689	
1977	0.689726	-0.198621	1.242284	
1978	0.689835	-0.197742	1.244452	
1979	0.689538	-0.197279	1.245960	
1980	0.688455	-0.196373	1.247405	
1981	0.687398	-0.195028	1.249224	
1982	0.686456	-0.194231	1.250937	
1983	0.682133	-0.193280	1.253474	
1984	0.680310	-0.191391	1.255474	
1985	0.678113	-0.188908	1.257134	
1986	0.674984	-0.185946	1.258759	
1987	0.671947	-0.183688	1.259805	
1988	0.668563	-0.180497	1.260983	
1989	0.665390	-0.178235	1.262108	
1990	0.661905	-0.176995	1.262767	
1991	0.658187	-0.174687	1.263619	
1992	0.655703	-0.173531	1.264740	
1993	0.652162	-0.172794	1.265366	
1994	0.648092	-0.171247	1.266263	
1995	0.644404	-0.169934	1.267108	
1996	0.640086	-0.168510	1.267900	
1997	0.635411	-0.167281	1.268737	
1998	0.631052	-0.166225	1.269814	
1999	0.626102	-0.165573	1.270221	
2000	0.621385	-0.164704	1.270951	
2001	0.616380	-0.165118	1.270831	
2002	0.611403	-0.164711	1.270826	
2003	0.606963	-0.164201	1.271278	
2004	0.602817	-0.164808	1.271339	
2005	0.598226	-0.165003	1.271403	
2006	0.593762	-0.164893	1.271639	
2007	0.589938	-0.165424	1.271647	
2008	0.585571	-0.165581	1.271420	
2009	0.580902	-0.165431	1.270865	
2010	0.576700	-0.164721	1.270365	
2011	0.572090	-0.163306	1.270017	
2012	0.567604	-0.162023	1.269752	
2013	0.562916	-0.162133	1.268484	
2014	0.558402	-0.160337	1.267683	
2015	0.554059	-0.159078	1.267076	
2016	0.550085	-0.157769	1.266033	
2017	0.546524	-0.154924	1.265898	
2018	0.542192	-0.155611	1.264124	
2019	0.538932	-0.153679	1.263330	
2020	0.535544	-0.154023	1.262785	
2021	0.532514	-0.152954	1.261765	
2022	0.529523	-0.152206	1.261006	
2023	0.523738	-0.151755	1.258986	
2024	0.521259	-0.152311	1.258361	
2025	0.518877	-0.152084	1.258002	
2026	0.515881	-0.152438	1.256613	
2027	0.513590	-0.150473	1.256701	
2028	0.510721	-0.150686	1.255586	
2029	0.507691	-0.149064	1.254183	
2030	0.504880	-0.148777	1.253450	
2031	0.501021	-0.148027	1.251614	
2032	0.497373	-0.146962	1.250118	
2033	0.493709	-0.146516	1.248629	
2034	0.489820	-0.145664	1.246953	
2035	0.486178	-0.144919	1.245455	
2036	0.481990	-0.143902	1.243335	
2037	0.478153	-0.143537	1.241590	
2038	0.473414	-0.142795	1.238773	
2039	0.468913	-0.142642	1.236506	
2040	0.464635	-0.141894	1.234001	
2041	0.461119	-0.141475	1.231846	
2042	0.457787	-0.140851	1.229927	
2043	0.454473	-0.139855	1.227897	
2044	0.447473	-0.137956	1.221867	
2045	0.442566	-0.135213	1.217441	
2046	0.439948	-0.134292	1.214811	
2047	0.437126	-0.132673	1.212045	
2048	0.433685	-0.131614	1.208360	
2049	0.430128	-0.128778	1.204805	
2050	0.426773	-0.127913	1.201423	
2051	0.423714	-0.126461	1.198480	
2052	0.421029	-0.124549	1.196315	
2053	0.417488	-0.123602	1.192703	
2054	0.414901	-0.121489	1.190447	
2055	0.411682	-0.119961	1.187460	
2056	0.408017	-0.118429	1.184117	
2057	0.402170	-0.114783	1.178739	
2058	0.399131	-0.113990	1.175783	
2059	0.396485	-0.111977	1.173471	
2060	0.393229	-0.110370	1.170313	
2061	0.390136	-0.107929	1.167560	
2062	0.384773	-0.103665	1.162726	
2063	0.381919	-0.101080	1.159943	
2064	0.377494	-0.095382	1.155542	
2065	0.375364	-0.093327	1.153474	
2066	0.373365	-0.091451	1.151124	
2067	0.371660	-0.088965	1.149485	
2068	0.369533	-0.088083	1.146862	
2069	0.367374	-0.086677	1.144243	
2070	0.363711	-0.085439	1.140101	
2071	0.361574	-0.085066	1.137530	
2072	0.359821	-0.084063	1.135160	
2073	0.357446	-0.084520	1.131879	
2074	0.355412	-0.084595	1.128696	
2075	0.354348	-0.083351	1.126114	
2076	0.352387	-0.083612	1.122255	
2077	0.351079	-0.081982	1.118680	
2078	0.350451	-0.081194	1.115344	
2079	0.349173	-0.081385	1.111225	
2080	0.348810	-0.080360	1.107400	
2081	0.348043	-0.078569	1.103528	
2082	0.347092	-0.077909	1.098972	
2083	0.347106	-0.076456	1.094651	
2084	0.346801	-0.074954	1.089658	
2085	0.346247	-0.073339	1.084236	
2086	0.346622	-0.071664	1.079382	
2087	0.346811	-0.071712	1.074104	
2088	0.347325	-0.070686	1.068261	
2089	0.347933	-0.069235	1.062283	
2090	0.349031	-0.068879	1.056459	
2091	0.350227	-0.067289	1.051027	
2092	0.351402	-0.063857	1.046618	
2093	0.352742	-0.063329	1.039884	
2094	0.353095	-0.060076	1.034733	
2095	0.354608	-0.057954	1.028995	
2096	0.354868	-0.057074	1.021413	
2097	0.355097	-0.053400	1.015345	
2098	0.356156	-0.051980	1.007753	
2099	0.355866	-0.049989	0.999965	
2100	0.356376	-0.047456	0.992689	
2101	0.356388	-0.047004	0.984468	
2102	0.355827	-0.045213	0.976816	
2103	0.355453	-0.042941	0.969965	
2104	0.354964	-0.042149	0.963169	
2105	0.353547	-0.042089	0.956269	
2106	0.352111	-0.041776	0.949703	
2107	0.350454	-0.041637	0.943638	
2108	0.348044	-0.042613	0.937685	
2109	0.346021	-0.042437	0.933105	
2110	0.342914	-0.043301	0.927460	
2111	0.339946	-0.042629	0.922367	
2112	0.337368	-0.042043	0.917742	
2113	0.333524	-0.042945	0.912257	
2114	0.330391	-0.041850	0.907796	
2115	0.327144	-0.040410	0.903622	
2116	0.324642	-0.040874	0.899671	
2117	0.321411	-0.039443	0.895413	
2118	0.318478	-0.037542	0.891431	
2119	0.314780	-0.037426	0.886282	
2120	0.311889	-0.036251	0.881649	
2121	0.309643	-0.034200	0.877621	
2122	0.305381	-0.036693	0.865559	
2123	0.303962	-0.034446	0.860522	
2124	0.300260	-0.037292	0.846132	
2125	0.299183	-0.035034	0.840302	
2126	0.298221	-0.037544	0.832170	
2127	0.297800	-0.036920	0.825282	
2128	0.297024	-0.034374	0.819251	
2129	0.297299	-0.035907	0.811125	
2130	0.296487	-0.037876	0.802524	
2131	0.294817	-0.036253	0.795469	
2132	0.295756	-0.036163	0.787925	
2133	0.296339	-0.036224	0.773549	
2134	0.297230	-0.037978	0.758667	
2135	0.296852	-0.036658	0.752664	
2136	0.297435	-0.035964	0.746655	
2137	0.297442	-0.037627	0.739988	
2138	0.298027	-0.037024	0.734683	
2139	0.298750	-0.035407	0.729120	
2140	0.298827	-0.035903	0.722900	
2141	0.299278	-0.035902	0.716602	
2142	0.301104	-0.034729	0.710605	
2143	0.302385	-0.032468	0.705303	
2144	0.304181	-0.032652	0.699094	
2145	0.305873	-0.031532	0.693186	
2146	0.307492	-0.028672	0.687462	
2147	0.309142	-0.028769	0.681105	
2148	0.312055	-0.027469	0.674888	
2149	0.318655	-0.021169	0.664674	
2150	0.322357	-0.022393	0.657838	
2151	0.324402	-0.019487	0.651750	
2152	0.331258	-0.016343	0.637247	
2153	0.333567	-0.014941	0.629188	
2154	0.335206	-0.011625	0.622146	
2155	0.337472	-0.009208	0.613963	
2156	0.339345	-0.008738	0.604861	
2157	0.340608	-0.006530	0.596314	
2158	0.341820	-0.003333	0.587392	
2159	0.343515	-0.002916	0.575905	
2160	0.345459	-0.001249	0.565711	
2161	0.350792	0.003098	0.544633	
2162	0.352034	0.004953	0.534297	
2163	0.352514	0.008304	0.524328	
2164	0.352903	0.011240	0.512891	
2165	0.353953	0.012449	0.500119	
2166	0.354146	0.014409	0.489733	
2167	0.354614	0.018682	0.479691	
2168	0.355071	0.019318	0.467325	
2169	0.354538	0.020670	0.454725	
2170	0.354623	0.021335	0.444765	
2171	0.353016	0.023844	0.434356	
2172	0.353179	0.024578	0.423579	
2173	0.353356	0.026555	0.414734	
2174	0.352308	0.029701	0.406548	
2175	0.351719	0.030725	0.397417	
2176	0.350589	0.031346	0.388735	
2177	0.350860	0.034215	0.382279	
2178	0.350102	0.036264	0.375232	
2179	0.350471	0.035337	0.367200	
2180	0.347532	0.039403	0.355244	
2181	0.345101	0.040380	0.348980	
2182	0.341074	0.041758	0.343199	
2183	0.332295	0.042850	0.337260	
2184	0.329396	0.044615	0.331331	
2185	0.325324	0.045540	0.324946	
2186	0.319784	0.048147	0.320313	
2187	0.314090	0.049531	0.314979	
2188	0.306911	0.050480	0.308696	
2189	0.299847	0.053023	0.303482	
2190	0.290339	0.054861	0.298347	
2191	0.282309	0.055774	0.291657	
2192	0.274481	0.056548	0.284092	
2193	0.264926	0.059263	0.278476	
2194	0.255511	0.061196	0.272609	
2195	0.246547	0.062114	0.265831	
2196	0.236745	0.062525	0.258783	
2197	0.228004	0.064358	0.252857	
2198	0.220305	0.065452	0.246351	
2199	0.212067	0.065432	0.239254	
2200	0.204247	0.065982	0.233360	
2201	0.197824	0.067271	0.227444	
2202	0.191074	0.068415	0.221079	
2203	0.182231	0.067967	0.214899	
2204	0.174590	0.068513	0.209931	
2205	0.167281	0.069849	0.204877	
2206	0.159205	0.070707	0.199413	
2207	0.152208	0.071200	0.193816	
2208	0.145217	0.070765	0.187872	
2209	0.138505	0.071801	0.182151	
2210	0.131512	0.071820	0.176004	
2211	0.124187	0.071172	0.170210	
2212	0.117351	0.071424	0.165014	
2213	0.109645	0.070734	0.159346	
2214	0.091575	0.073237	0.149355	
2215	0.083938	0.072810	0.143135	
2216	0.075350	0.073817	0.137130	
2217	0.067802	0.074842	0.131175	
2218	0.059772	0.074549	0.123860	
2219	0.050541	0.073691	0.117084	
2220	0.043355	0.075877	0.110674	
2221	0.035600	0.075475	0.102804	
2222	0.026104	0.076365	0.095201	
2223	0.017638	0.080074	0.089078	
2224	0.009815	0.082900	0.081476	
2225	-0.000901	0.084464	0.073537	
2226	-0.008811	0.086765	0.067201	
2227	-0.017140	0.091463	0.060886	
2228	-0.026947	0.093655	0.053797	
2229	-0.035738	0.096444	0.047795	
2230	-0.042824	0.101596	0.042431	
2231	-0.051280	0.104322	0.035910	
2232	-0.060469	0.108085	0.030278	
2233	-0.068719	0.113090	0.025157	
2234	-0.076427	0.118479	0.019704	
2235	-0.093943	0.128664	0.009856	
2236	-0.099021	0.136122	0.006145	
2237	-0.108214	0.138948	-0.000135	
2238	-0.116442	0.142208	-0.004287	
2239	-0.122088	0.146177	-0.007532	
2240	-0.127982	0.148062	-0.011037	
2241	-0.134693	0.149056	-0.014779	
2242	-0.140442	0.150696	-0.017933	
2243	-0.146294	0.150733	-0.021642	
2244	-0.152884	0.150514	-0.024650	
2245	-0.158493	0.151011	-0.027449	
2246	-0.167976	0.150708	-0.030939	
2247	-0.176587	0.150676	-0.033752	
2248	-0.181869	0.152538	-0.035465	
2249	-0.188045	0.153909	-0.038114	
2250	-0.196786	0.154565	-0.040875	
2251	-0.204389	0.156734	-0.042464	
2252	-0.212005	0.157890	-0.044475	
2253	-0.220295	0.157653	-0.046309	
2254	-0.227393	0.157460	-0.047901	
2255	-0.234192	0.157150	-0.049305	
2256	-0.253613	0.154988	-0.051761	
2257	-0.268638	0.153334	-0.054716	
2258	-0.275661	0.153590	-0.055853	
2259	-0.282835	0.153975	-0.056928	
2260	-0.289756	0.154036	-0.057659	
2261	-0.296299	0.155314	-0.057858	
2262	-0.302878	0.157760	-0.057703	
2263	-0.310217	0.159325	-0.057675	
2264	-0.318959	0.160027	-0.058289	
2265	-0.326128	0.162420	-0.058180	
2266	-0.332280	0.165223	-0.058589	
2267	-0.339629	0.165921	-0.060194	
2268	-0.347176	0.165426	-0.062200	
2269	-0.355036	0.166368	-0.063984	
2270	-0.361641	0.165788	-0.066653	
2271	-0.368942	0.163973	-0.069291	
2272	-0.375744	0.162679	-0.071796	
2273	-0.382529	0.161605	-0.074478	
2274	-0.389157	0.158152	-0.077724	
2275	-0.397585	0.156518	-0.080645	
2276	-0.405194	0.155183	-0.083229	
2277	-0.411394	0.154041	-0.085904	
2278	-0.420439	0.153205	-0.087913	
2279	-0.427312	0.152557	-0.089868	
2280	-0.432142	0.153063	-0.091346	
2281	-0.440870	0.152486	-0.093168	
2282	-0.448546	0.154707	-0.093912	
2283	-0.454731	0.154624	-0.095744	
2284	-0.462278	0.152482	-0.097771	
2285	-0.468260	0.150456	-0.099300	
2286	-0.471898	0.150187	-0.101343	
2287	-0.478340	0.150376	-0.103790	
2288	-0.485060	0.149477	-0.106753	
2289	-0.490742	0.147925	-0.110753	
2290	-0.496389	0.147669	-0.114779	
2291	-0.502896	0.148170	-0.119295	
2292	-0.510385	0.148474	-0.123673	
2293	-0.516149	0.149322	-0.128779	
2294	-0.521812	0.150618	-0.133913	
2295	-0.529757	0.155183	-0.138775	
2296	-0.536513	0.159676	-0.143840	
2297	-0.542447	0.162520	-0.149541	
2298	-0.550693	0.165756	-0.155045	
2299	-0.557932	0.169568	-0.160231	
2300	-0.563576	0.174011	-0.164983	
2301	-0.568908	0.179362	-0.169826	
2302	-0.576544	0.182176	-0.174567	
2303	-0.583194	0.185735	-0.179095	
2304	-0.589502	0.191436	-0.183098	
2305	-0.594739	0.196402	-0.187228	
2306	-0.602677	0.200564	-0.190732	
2307	-0.607259	0.205151	-0.194838	
2308	-0.613404	0.210474	-0.198766	
2309	-0.620319	0.212758	-0.203128	
2310	-0.624590	0.216283	-0.207270	
2311	-0.631354	0.219908	-0.210963	
2312	-0.635459	0.223547	-0.214039	
2313	-0.642351	0.225513	-0.216862	
2314	-0.647038	0.226840	-0.219706	
2315	-0.652606	0.228318	-0.222183	
2316	-0.657696	0.230490	-0.223921	
2317	-0.663054	0.232359	-0.225787	
2318	-0.671482	0.235161	-0.227312	
2319	-0.676883	0.235614	-0.229355	
2320	-0.681969	0.235741	-0.231791	
2321	-0.688065	0.236334	-0.234308	
2322	-0.693640	0.236681	-0.236596	
2323	-0.698739	0.236215	-0.239565	
2324	-0.704581	0.235778	-0.242707	
2325	-0.711433	0.234903	-0.245451	
2326	-0.717420	0.234576	-0.248572	
2327	-0.723187	0.234610	-0.251858	
2328	-0.730488	0.231915	-0.254662	
2329	-0.737644	0.228903	-0.257739	
2330	-0.759010	0.226759	-0.257960	
2331	-0.766757	0.225650	-0.260586	
2332	-0.772911	0.223373	-0.263236	
2333	-0.781814	0.222932	-0.265692	
2334	-0.789852	0.222484	-0.267863	
2335	-0.797288	0.219951	-0.270309	
2336	-0.807771	0.220905	-0.272007	
2337	-0.813683	0.220533	-0.274820	
2338	-0.820450	0.219973	-0.277819	
2339	-0.832792	0.222243	-0.280214	
2340	-0.846649	0.225402	-0.282495	
2341	-0.851234	0.224898	-0.286560	
2342	-0.858807	0.225880	-0.289834	
2343	-0.870164	0.227636	-0.292447	
2344	-0.875873	0.226212	-0.296187	
2345	-0.884503	0.225780	-0.299043	
2346	-0.888257	0.226089	-0.302430	
2347	-0.894578	0.224113	-0.306429	
2348	-0.904559	0.224129	-0.308901	
2349	-0.911917	0.224635	-0.311868	
2350	-0.918461	0.223841	-0.315270	
2351	-0.926110	0.224162	-0.318925	
2352	-0.929988	0.221786	-0.323499	
2353	-0.936489	0.219874	-0.327540	
2354	-0.943746	0.218149	-0.331360	
2355	-0.948753	0.216528	-0.335837	
2356	-0.952864	0.216944	-0.340332	
2357	-0.961963	0.217837	-0.343901	
2358	-0.968194	0.219550	-0.347445	
2359	-0.974517	0.220637	-0.351793	
2360	-0.988812	0.222965	-0.360168	
2361	-1.000757	0.226839	-0.370751	
2362	-1.011243	0.232592	-0.375206	
2363	-1.017842	0.235866	-0.380758	
2364	-1.031660	0.242990	-0.390399	
2365	-1.049058	0.251883	-0.399340	
2366	-1.065941	0.257785	-0.408410	
2367	-1.075058	0.263115	-0.412991	
2368	-1.079536	0.266534	-0.417767	
2369	-1.087788	0.270548	-0.420879	
2370	-1.096539	0.276865	-0.423431	
2371	-1.104663	0.281811	-0.425522	
2372	-1.107830	0.283902	-0.428617	
2373	-1.111114	0.285104	-0.430225	
2374	-1.122365	0.290471	-0.427830	
2375	-1.129577	0.294669	-0.425513	
2376	-1.127550	0.295145	-0.425145	
2377	-1.132289	0.298119	-0.422656	
2378	-1.140212	0.299422	-0.419260	
2379	-1.149316	0.298779	-0.413303	
2380	-1.152856	0.301246	-0.409610	
2381	-1.159062	0.298962	-0.405991	
2382	-1.167834	0.296223	-0.400474	
2383	-1.169681	0.295679	-0.396565	
2384	-1.175889	0.295867	-0.390496	
2385	-1.184120	0.291760	-0.383587	
2386	-1.191459	0.289154	-0.376863	
2387	-1.197578	0.286094	-0.370630	
2388	-1.203829	0.279559	-0.363873	
2389	-1.212544	0.277593	-0.355564	
2390	-1.220061	0.275058	-0.348070	
2391	-1.224911	0.271163	-0.340632	
2392	-1.227510	0.264953	-0.334494	
2393	-1.237310	0.259887	-0.326127	
2394	-1.244942	0.256078	-0.318856	
2395	-1.250874	0.253541	-0.312318	
2396	-1.256589	0.248542	-0.305935	
2397	-1.261206	0.241870	-0.299892	
2398	-1.268302	0.235637	-0.293494	
2399	-1.280489	0.226075	-0.284102	
2400	-1.286994	0.220259	-0.277785	
2401	-1.289757	0.213554	-0.272328	
2402	-1.291246	0.206746	-0.267604	
2403	-1.296715	0.201962	-0.262055	
2404	-1.301741	0.196373	-0.257041	
2405	-1.303255	0.190507	-0.252782	
2406	-1.307741	0.187478	-0.248052	
2407	-1.311599	0.182962	-0.243183	
2408	-1.316492	0.178696	-0.238182	
2409	-1.321129	0.174888	-0.232761	
2410	-1.328243	0.168802	-0.222912	
2411	-1.331594	0.160593	-0.214544	
2412	-1.336346	0.158668	-0.209729	
2413	-1.338449	0.155681	-0.205305	
2414	-1.336615	0.150894	-0.202234	
2415	-1.340728	0.147958	-0.196922	
2416	-1.342342	0.144526	-0.192684	
2417	-1.341855	0.140532	-0.188648	
2418	-1.342475	0.137470	-0.184605	
2419	-1.346822	0.135445	-0.179291	
2420	-1.346347	0.131599	-0.175951	
2421	-1.349299	0.129049	-0.171035	
2422	-1.352040	0.126664	-0.166545	
2423	-1.352544	0.122747	-0.163080	
2424	-1.356764	0.121501	-0.158113	
2425	-1.358174	0.121210	-0.153387	
2426	-1.358297	0.119038	-0.149176	
2427	-1.363290	0.116392	-0.142978	
2428	-1.365400	0.114950	-0.137343	
2429	-1.367516	0.115156	-0.131723	
2430	-1.364663	0.113538	-0.127740	
2431	-1.366904	0.112592	-0.121962	
2432	-1.369210	0.113266	-0.116147	
2433	-1.371072	0.110920	-0.110654	
2434	-1.371929	0.109311	-0.104760	
2435	-1.370479	0.108235	-0.099967	
2436	-1.370484	0.107625	-0.093944	
2437	-1.369223	0.105183	-0.088054	
2438	-1.363960	0.102440	-0.082775	
2439	-1.361651	0.098724	-0.075874	
2440	-1.359607	0.093493	-0.068442	
2441	-1.355495	0.088617	-0.060839	
2442	-1.348207	0.085503	-0.053940	
2443	-1.343170	0.080388	-0.045875	
2444	-1.343251	0.074569	-0.035565	
2445	-1.336070	0.070755	-0.027020	
2446	-1.325274	0.064098	-0.020413	
2447	-1.324252	0.056299	-0.010708	
2448	-1.317432	0.051053	-0.002125	
2449	-1.303405	0.044451	0.003170	
2450	-1.301648	0.034642	0.011828	
2451	-1.299589	0.029268	0.021815	
2452	-1.284698	0.023551	0.027907	
2453	-1.275670	0.016178	0.034645	
2454	-1.274269	0.011354	0.043900	
2455	-1.266813	0.006464	0.050907	
2456	-1.256844	0.002567	0.056207	
2457	-1.254507	-0.001674	0.063180	
2458	-1.250737	-0.003884	0.069568	
2459	-1.241177	-0.007580	0.073680	
2460	-1.233213	-0.011326	0.076919	
2461	-1.230515	-0.012182	0.082231	
2462	-1.228056	-0.012181	0.087144	
2463	-1.219433	-0.013334	0.089941	
2464	-1.211889	-0.013988	0.093812	
2465	-1.208497	-0.013440	0.099080	
2466	-1.205575	-0.013860	0.104292	
2467	-1.198376	-0.015908	0.108992	
2468	-1.192528	-0.013956	0.115127	
2469	-1.188960	-0.012107	0.120374	
2470	-1.184307	-0.012760	0.124724	
2471	-1.180582	-0.010822	0.130079	
2472	-1.179070	-0.008338	0.136435	
2473	-1.173110	-0.007489	0.139936	
2474	-1.169605	-0.007528	0.144372	
2475	-1.166695	-0.005408	0.149114	
2476	-1.160899	-0.005369	0.151877	
2477	-1.158304	-0.006785	0.154988	
2478	-1.154426	-0.006621	0.158074	
2479	-1.150435	-0.004811	0.160961	
2480	-1.149164	-0.005025	0.164015	
2481	-1.144420	-0.005197	0.167121	
2482	-1.140242	-0.004216	0.170804	
2483	-1.134063	-0.008035	0.173404	
2484	-1.134196	-0.006717	0.180142	
2485	-1.132279	-0.004218	0.186107	
2486	-1.124267	-0.006818	0.189406	
2487	-1.121233	-0.008794	0.193960	
2488	-1.123637	-0.005552	0.199606	
2489	-1.119682	-0.007214	0.203494	
2490	-1.115176	-0.006946	0.207524	
2491	-1.112862	-0.006277	0.211788	
2492	-1.111924	-0.007243	0.216620	
2493	-1.107771	-0.001647	0.221417	
2494	-1.100898	-0.002833	0.223425	
2495	-1.102006	-0.001532	0.227749	
2496	-1.102241	0.003176	0.232725	
2497	-1.096603	0.003214	0.234429	
2498	-1.097237	0.003412	0.237418	
2499	-1.100044	0.009285	0.242355	
2500	-1.096192	0.009474	0.243536	
2501	-1.096464	0.009338	0.245480	
2502	-1.098043	0.012116	0.248679	
2503	-1.096086	0.011898	0.249788	
2504	-1.097517	0.011728	0.251363	
2505	-1.099975	0.013093	0.253549	
2506	-1.098841	0.013259	0.254599	
2507	-1.098748	0.012819	0.255506	
2508	-1.100228	0.014067	0.257183	
2509	-1.099673	0.014374	0.258417	
2510	-1.097544	0.015255	0.259014	
2511	-1.098908	0.016074	0.260234	
2512	-1.100866	0.018961	0.262564	
2513	-1.100039	0.020467	0.264083	
2514	-1.100541	0.020982	0.265383	
2515	-1.104142	0.023796	0.268613	
2516	-1.101825	0.025602	0.270138	
2517	-1.099880	0.025931	0.271028	
2518	-1.104969	0.028821	0.274684	
2519	-1.103936	0.031308	0.276904	
2520	-1.101836	0.031131	0.278227	
2521	-1.104608	0.033427	0.281543	
2522	-1.103760	0.035347	0.283872	
2523	-1.101497	0.036690	0.286020	
2524	-1.099559	0.038385	0.287856	
2525	-1.101317	0.040041	0.290802	
2526	-1.097505	0.041300	0.292553	
2527	-1.095037	0.042757	0.294072	
2528	-1.096750	0.044919	0.296719	
2529	-1.095961	0.046579	0.298818	
2530	-1.091183	0.047685	0.298970	
2531	-1.090688	0.048200	0.299716	
2532	-1.092250	0.050123	0.301373	
2533	-1.089103	0.050932	0.301571	
2534	-1.087571	0.050666	0.301313	
2535	-1.089935	0.051223	0.303029	
2536	-1.087204	0.051759	0.303623	
2537	-1.086202	0.050947	0.303721	
2538	-1.086387	0.050581	0.304470	
2539	-1.085599	0.050304	0.305230	
2540	-1.083836	0.050000	0.305234	
2541	-1.082395	0.048691	0.305642	
2542	-1.079681	0.048030	0.305009	
2543	-1.079391	0.047342	0.304940	
2544	-1.078551	0.046704	0.305025	
2545	-1.076526	0.045939	0.304679	
2546	-1.077538	0.044670	0.304811	
2547	-1.077032	0.045223	0.305267	
2548	-1.074298	0.046325	0.304867	
2549	-1.074750	0.046631	0.305172	
2550	-1.074910	0.047419	0.305608	
2551	-1.072212	0.049365	0.305616	
2552	-1.071203	0.049607	0.305355	
2553	-1.071007	0.051490	0.306131	
2554	-1.067671	0.053482	0.305698	
2555	-1.067101	0.053939	0.305502	
2556	-1.066747	0.055561	0.305993	
2557	-1.063780	0.057976	0.305454	
2558	-1.062865	0.058474	0.304953	
2559	-1.063332	0.059983	0.305354	
2560	-1.060059	0.061810	0.304778	
2561	-1.059689	0.062669	0.304421	
2562	-1.060126	0.063979	0.304765	
2563	-1.056033	0.066376	0.303999	
2564	-1.055643	0.067657	0.303876	
2565	-1.054461	0.069842	0.303901	
2566	-1.050462	0.073372	0.302838	
2567	-1.050585	0.074918	0.302759	
2568	-1.047441	0.076926	0.301374	
2569	-1.046979	0.078374	0.300284	
2570	-1.044973	0.079245	0.299315	
2571	-1.045147	0.079525	0.298310	
2572	-1.044509	0.080025	0.297494	
2573	-1.042281	0.080657	0.296356	
2574	-1.041934	0.081132	0.294933	
2575	-1.039740	0.080814	0.293550	
2576	-1.040579	0.080933	0.293112	
2577	-1.038372	0.080961	0.292135	
2578	-1.036485	0.081103	0.290228	
2579	-1.035436	0.081659	0.289629	
2580	-1.032474	0.082328	0.288566	
2581	-1.032241	0.083005	0.288064	
2582	-1.032536	0.083542	0.287947	
2583	-1.030666	0.084143	0.287184	
