0	0.000000	0.000000	0.000000	
1	0.000000	0.000000	0.000000	
2	0.000000	0.000000	0.000000	
3	0.000000	0.000000	0.000000	
4	0.001032	0.001991	0.001808	
5	0.000772	0.002263	0.002014	
6	0.000510	0.003150	0.001935	
7	0.001000	0.002778	0.001734	
8	0.000561	0.005657	0.002297	
9	0.001024	0.004748	0.001683	
10	0.001101	0.006132	0.002098	
11	0.001217	0.005055	0.001759	
12	0.001101	0.004791	0.002063	
13	0.001400	0.004941	0.002135	
14	0.000881	0.003942	0.001676	
15	0.000901	0.003369	0.001557	
16	0.001099	0.002623	0.001205	
17	0.000957	0.001148	0.000479	
18	0.001656	0.001587	0.000735	
19	0.001417	0.001233	0.000102	
20	0.001169	0.001860	0.000298	
21	0.001663	0.001430	0.000142	
22	0.003173	0.002215	0.000171	
23	0.003428	0.002377	-0.000206	
24	0.003378	0.001695	-0.000828	
25	0.004232	0.002008	-0.001126	
26	0.004605	0.001923	-0.001828	
27	0.004725	0.001136	-0.002748	
28	0.006408	0.001712	-0.002995	
29	0.006062	0.001989	-0.003374	
30	0.005542	0.001194	-0.004295	
31	0.006817	0.001390	-0.004452	
32	0.007121	0.002604	-0.004290	
33	0.006582	0.003283	-0.004874	
34	0.007150	0.003864	-0.005037	
35	0.007453	0.003905	-0.005149	
36	0.007269	0.004219	-0.005392	
37	0.008051	0.005202	-0.005059	
38	0.008997	0.006686	-0.004996	
39	0.008078	0.006616	-0.005672	
40	0.008501	0.007199	-0.005419	
41	0.009179	0.007236	-0.005655	
42	0.009434	0.006240	-0.006458	
43	0.009603	0.005212	-0.007025	
44	0.010130	0.005055	-0.007090	
45	0.010477	0.005591	-0.007379	
46	0.010564	0.005623	-0.007786	
47	0.010978	0.006070	-0.007983	
48	0.011008	0.006762	-0.008325	
49	0.010643	0.006243	-0.008664	
50	0.011683	0.006565	-0.008790	
51	0.011970	0.005814	-0.009527	
52	0.011125	0.005632	-0.009751	
53	0.011743	0.006674	-0.009837	
54	0.011336	0.006212	-0.010201	
55	0.011415	0.006044	-0.010616	
56	0.011684	0.006498	-0.010597	
57	0.011472	0.006508	-0.010920	
58	0.011310	0.006562	-0.011052	
59	0.012183	0.008035	-0.010309	
60	0.011804	0.008305	-0.010077	
61	0.010659	0.008851	-0.009747	
62	0.011594	0.009922	-0.009061	
63	0.011882	0.010750	-0.008395	
64	0.010937	0.012133	-0.007713	
65	0.010548	0.012200	-0.007455	
66	0.010464	0.012239	-0.007119	
67	0.010275	0.013644	-0.006258	
68	0.009264	0.013739	-0.006183	
69	0.007359	0.014447	-0.006203	
70	0.005876	0.014395	-0.006407	
71	0.003573	0.013505	-0.007523	
72	0.000768	0.013362	-0.008899	
73	-0.002218	0.011196	-0.011766	
74	-0.007803	0.009670	-0.015472	
75	-0.014477	0.008853	-0.019162	
76	-0.019706	0.008326	-0.023430	
77	-0.032789	0.005708	-0.033116	
78	-0.041365	0.004783	-0.037959	
79	-0.050426	0.005136	-0.042190	
80	-0.059221	0.004802	-0.046879	
81	-0.068380	0.004589	-0.051212	
82	-0.079556	0.005257	-0.055768	
83	-0.090584	0.007254	-0.059625	
84	-0.101267	0.008940	-0.063129	
85	-0.112712	0.011263	-0.066346	
86	-0.125099	0.013224	-0.069268	
87	-0.138280	0.015856	-0.071770	
88	-0.151299	0.018875	-0.074035	
89	-0.163142	0.021277	-0.076261	
90	-0.176718	0.023195	-0.078892	
91	-0.188921	0.027117	-0.080354	
92	-0.200305	0.030465	-0.082010	
93	-0.212867	0.032768	-0.083971	
94	-0.224435	0.034606	-0.085309	
95	-0.235268	0.036339	-0.087241	
96	-0.245433	0.038475	-0.088851	
97	-0.255612	0.038599	-0.090572	
98	-0.265555	0.038265	-0.092163	
99	-0.275923	0.038192	-0.092865	
100	-0.284385	0.038146	-0.093448	
101	-0.294995	0.036631	-0.093942	
102	-0.304953	0.036027	-0.093813	
103	-0.313983	0.034778	-0.093609	
104	-0.322530	0.032815	-0.093783	
105	-0.331777	0.030592	-0.094008	
106	-0.341649	0.029499	-0.093211	
107	-0.349576	0.029165	-0.092109	
108	-0.368564	0.025527	-0.090590	
109	-0.377993	0.024846	-0.088843	
110	-0.387141	0.023912	-0.087134	
111	-0.396767	0.022446	-0.084750	
112	-0.408262	0.021340	-0.082095	
113	-0.419471	0.020581	-0.079310	
114	-0.429574	0.018399	-0.076699	
115	-0.440136	0.014846	-0.073590	
116	-0.452318	0.010861	-0.070418	
117	-0.462653	0.007906	-0.066225	
118	-0.470080	0.005959	-0.060418	
119	-0.494104	-0.000151	-0.048427	
120	-0.501993	-0.000903	-0.040785	
121	-0.506895	-0.005165	-0.033751	
122	-0.516355	-0.008764	-0.026747	
123	-0.523992	-0.009972	-0.019771	
124	-0.531932	-0.014435	-0.014300	
125	-0.539407	-0.018136	-0.008256	
126	-0.546722	-0.020580	-0.002490	
127	-0.554951	-0.025352	0.001836	
128	-0.562015	-0.029435	0.006598	
129	-0.567950	-0.033290	0.011346	
130	-0.576530	-0.037286	0.015698	
131	-0.582718	-0.040117	0.020879	
132	-0.588619	-0.044173	0.026147	
133	-0.594768	-0.048061	0.031240	
134	-0.609899	-0.053048	0.042391	
135	-0.617277	-0.055748	0.048153	
136	-0.625252	-0.057577	0.053717	
137	-0.633372	-0.060382	0.059126	
138	-0.647480	-0.065107	0.070151	
139	-0.656495	-0.065933	0.075958	
140	-0.674062	-0.070065	0.087132	
141	-0.682626	-0.072078	0.092816	
142	-0.691918	-0.072407	0.098990	
143	-0.700845	-0.073840	0.104718	
144	-0.709993	-0.076251	0.110398	
145	-0.717713	-0.079292	0.115460	
146	-0.727493	-0.083313	0.120281	
147	-0.737090	-0.084345	0.126003	
148	-0.745232	-0.088045	0.130944	
149	-0.754321	-0.090460	0.135976	
150	-0.763470	-0.091826	0.141813	
151	-0.777821	-0.098348	0.152754	
152	-0.786104	-0.100254	0.158168	
153	-0.792487	-0.103938	0.163178	
154	-0.797069	-0.108157	0.168092	
155	-0.803527	-0.109447	0.173356	
156	-0.809962	-0.110580	0.179008	
157	-0.814509	-0.113405	0.184574	
158	-0.819407	-0.117290	0.190122	
159	-0.826223	-0.119076	0.196212	
160	-0.831120	-0.121653	0.202053	
161	-0.835466	-0.124729	0.207425	
162	-0.841328	-0.125923	0.212652	
163	-0.848045	-0.127401	0.217930	
164	-0.852592	-0.129620	0.222911	
165	-0.857289	-0.133069	0.227351	
166	-0.863909	-0.134388	0.232279	
167	-0.868883	-0.136731	0.237326	
168	-0.872372	-0.140104	0.241699	
169	-0.878438	-0.141841	0.247041	
170	-0.885185	-0.143494	0.252734	
171	-0.889318	-0.149068	0.257744	
172	-0.894423	-0.154081	0.262748	
173	-0.901459	-0.157536	0.268246	
174	-0.911458	-0.163907	0.279951	
175	-0.917500	-0.168047	0.286043	
176	-0.923345	-0.170248	0.292609	
177	-0.927700	-0.174161	0.299332	
178	-0.932474	-0.177832	0.306090	
179	-0.937797	-0.181763	0.312926	
180	-0.942579	-0.185541	0.319409	
181	-0.947669	-0.188489	0.325774	
182	-0.952024	-0.191994	0.331636	
183	-0.958227	-0.196816	0.337848	
184	-0.962490	-0.198416	0.343891	
185	-0.965023	-0.202489	0.348832	
186	-0.971395	-0.203979	0.354639	
187	-0.978268	-0.206444	0.360227	
188	-0.982903	-0.208367	0.365632	
189	-0.987324	-0.210335	0.370780	
190	-0.995296	-0.210854	0.376818	
191	-1.002653	-0.211712	0.383101	
192	-1.007544	-0.212257	0.389499	
193	-1.013073	-0.213984	0.395375	
194	-1.022253	-0.214353	0.402061	
195	-1.032180	-0.214063	0.408974	
196	-1.040644	-0.215562	0.414948	
197	-1.050553	-0.215865	0.420274	
198	-1.063245	-0.216973	0.426404	
199	-1.074111	-0.217167	0.431374	
200	-1.083663	-0.218042	0.435613	
201	-1.094593	-0.218245	0.440271	
202	-1.107743	-0.218951	0.445488	
203	-1.116908	-0.218280	0.449541	
204	-1.127408	-0.220108	0.453975	
205	-1.148002	-0.223369	0.462396	
206	-1.155177	-0.223783	0.465776	
207	-1.165474	-0.227050	0.470297	
208	-1.174914	-0.229668	0.474698	
209	-1.180869	-0.230605	0.478472	
210	-1.188730	-0.234021	0.482454	
211	-1.198330	-0.236634	0.487544	
212	-1.203988	-0.238317	0.492027	
213	-1.209722	-0.241213	0.496190	
214	-1.218656	-0.245134	0.501500	
215	-1.223810	-0.246272	0.506759	
216	-1.228107	-0.249289	0.511359	
217	-1.236016	-0.252769	0.517287	
218	-1.240352	-0.255341	0.523028	
219	-1.244681	-0.257655	0.528742	
220	-1.250453	-0.261091	0.534789	
221	-1.255372	-0.263607	0.541043	
222	-1.259667	-0.267047	0.546755	
223	-1.264295	-0.271317	0.552871	
224	-1.268784	-0.275237	0.559011	
225	-1.272504	-0.279020	0.565226	
226	-1.276930	-0.282978	0.571924	
227	-1.279055	-0.287394	0.577922	
228	-1.281732	-0.292923	0.584007	
229	-1.285774	-0.299087	0.590295	
230	-1.288996	-0.303574	0.596172	
231	-1.292435	-0.307696	0.601852	
232	-1.296222	-0.312757	0.607886	
233	-1.298505	-0.317829	0.613381	
234	-1.302215	-0.322724	0.619386	
235	-1.308125	-0.326674	0.626480	
236	-1.311769	-0.330750	0.632383	
237	-1.315263	-0.334911	0.638139	
238	-1.319361	-0.338667	0.644113	
239	-1.323714	-0.342082	0.650339	
240	-1.327891	-0.345414	0.656440	
241	-1.333275	-0.349815	0.662799	
242	-1.338478	-0.352234	0.668827	
243	-1.343170	-0.355516	0.673905	
244	-1.349729	-0.360022	0.679794	
245	-1.355321	-0.362844	0.685161	
246	-1.359364	-0.367592	0.689598	
247	-1.365000	-0.372671	0.693855	
248	-1.370695	-0.376682	0.697682	
249	-1.375873	-0.380479	0.701052	
250	-1.381371	-0.385208	0.703982	
251	-1.389182	-0.388125	0.707015	
252	-1.395741	-0.390694	0.710197	
253	-1.402788	-0.394718	0.712420	
254	-1.412359	-0.396534	0.715387	
255	-1.420944	-0.397483	0.717347	
256	-1.439756	-0.400937	0.720455	
257	-1.450980	-0.400561	0.721954	
258	-1.470571	-0.400944	0.723299	
259	-1.482576	-0.400990	0.724675	
260	-1.493303	-0.399724	0.725662	
261	-1.503867	-0.398718	0.726708	
262	-1.513945	-0.398270	0.727795	
263	-1.524513	-0.399307	0.729005	
264	-1.534420	-0.397521	0.730873	
265	-1.544183	-0.397096	0.732102	
266	-1.555248	-0.397619	0.733460	
267	-1.565426	-0.398377	0.735425	
268	-1.574180	-0.398949	0.736796	
269	-1.585343	-0.398888	0.739153	
270	-1.595445	-0.397499	0.741901	
271	-1.604823	-0.397870	0.744014	
272	-1.614990	-0.399098	0.747103	
273	-1.623676	-0.399497	0.750225	
274	-1.632220	-0.400266	0.753170	
275	-1.641781	-0.397973	0.757636	
276	-1.650066	-0.396190	0.762185	
277	-1.658776	-0.393982	0.767551	
278	-1.666856	-0.389490	0.774206	
279	-1.674182	-0.385309	0.781259	
280	-1.680630	-0.380623	0.789104	
281	-1.687044	-0.375136	0.797071	
282	-1.691194	-0.370984	0.804815	
283	-1.695216	-0.366864	0.812980	
284	-1.698713	-0.363139	0.820987	
285	-1.701237	-0.359966	0.828756	
286	-1.704034	-0.358996	0.836571	
287	-1.707029	-0.356526	0.846104	
288	-1.706379	-0.353410	0.854112	
289	-1.707725	-0.353200	0.861924	
290	-1.708662	-0.350753	0.870750	
291	-1.708308	-0.348613	0.879411	
292	-1.708770	-0.347239	0.888449	
293	-1.709373	-0.345627	0.897378	
294	-1.710140	-0.343229	0.906852	
295	-1.711314	-0.340730	0.916466	
296	-1.711984	-0.340888	0.925353	
297	-1.713249	-0.340899	0.934148	
298	-1.714128	-0.340728	0.943234	
299	-1.715199	-0.342279	0.950295	
300	-1.717556	-0.343058	0.958611	
301	-1.719639	-0.345073	0.966026	
302	-1.721578	-0.345562	0.973835	
303	-1.723754	-0.347865	0.980864	
304	-1.726410	-0.349507	0.988797	
305	-1.728539	-0.353905	0.995366	
306	-1.732137	-0.356960	1.001669	
307	-1.735871	-0.358148	1.008852	
308	-1.740073	-0.361103	1.015415	
309	-1.743633	-0.365604	1.021175	
310	-1.747184	-0.368967	1.027124	
311	-1.750877	-0.370569	1.033093	
312	-1.754492	-0.373814	1.038476	
313	-1.758402	-0.377072	1.044149	
314	-1.762347	-0.378917	1.050447	
315	-1.766526	-0.382624	1.056383	
316	-1.771341	-0.386630	1.061548	
317	-1.776260	-0.390967	1.066573	
318	-1.781565	-0.394880	1.072026	
319	-1.787136	-0.399015	1.077410	
320	-1.793066	-0.403613	1.082529	
321	-1.798456	-0.408620	1.087343	
322	-1.803786	-0.413241	1.091806	
323	-1.809527	-0.418660	1.096117	
324	-1.814912	-0.423316	1.100332	
325	-1.820639	-0.427679	1.104812	
326	-1.825389	-0.432486	1.107595	
327	-1.829777	-0.437598	1.110647	
328	-1.834461	-0.443497	1.114240	
329	-1.839205	-0.447588	1.117751	
330	-1.843840	-0.452706	1.122459	
331	-1.848177	-0.458786	1.126671	
332	-1.852373	-0.463421	1.131003	
333	-1.856522	-0.469140	1.136693	
334	-1.859996	-0.476786	1.141468	
335	-1.864278	-0.482128	1.147388	
336	-1.868406	-0.487801	1.153752	
337	-1.871488	-0.493796	1.157837	
338	-1.875313	-0.499758	1.164638	
339	-1.877727	-0.506834	1.170135	
340	-1.879869	-0.513484	1.174907	
341	-1.882469	-0.518733	1.181073	
342	-1.884178	-0.524797	1.188430	
343	-1.885538	-0.531417	1.192586	
344	-1.887107	-0.535776	1.199223	
345	-1.888115	-0.542728	1.206347	
346	-1.889389	-0.548066	1.211861	
347	-1.890919	-0.551284	1.219268	
348	-1.890887	-0.557342	1.226215	
349	-1.890163	-0.563792	1.229530	
350	-1.890648	-0.568297	1.235823	
351	-1.890938	-0.573244	1.243359	
352	-1.890982	-0.579361	1.248826	
353	-1.890928	-0.585073	1.255589	
354	-1.890594	-0.596607	1.268679	
355	-1.889739	-0.600772	1.274372	
356	-1.889126	-0.606246	1.281038	
357	-1.888536	-0.611632	1.287368	
358	-1.888309	-0.617015	1.294309	
359	-1.887981	-0.624364	1.303109	
360	-1.886803	-0.635254	1.317331	
361	-1.886052	-0.641646	1.324737	
362	-1.885424	-0.647864	1.331842	
363	-1.885551	-0.654164	1.340170	
364	-1.885080	-0.658957	1.346620	
365	-1.884978	-0.663849	1.353766	
366	-1.885247	-0.667974	1.362000	
367	-1.884926	-0.670889	1.367430	
368	-1.884869	-0.674575	1.373405	
369	-1.884659	-0.678887	1.380236	
370	-1.883836	-0.682116	1.386271	
371	-1.883688	-0.684733	1.391243	
372	-1.882845	-0.687988	1.397060	
373	-1.882622	-0.690434	1.401261	
374	-1.883161	-0.693034	1.405017	
375	-1.883232	-0.695702	1.409544	
376	-1.883978	-0.697940	1.414764	
377	-1.884933	-0.699458	1.418339	
378	-1.886396	-0.700966	1.423013	
379	-1.887945	-0.702456	1.428448	
380	-1.889759	-0.704299	1.434029	
381	-1.891630	-0.706394	1.438981	
382	-1.893742	-0.709337	1.445224	
383	-1.896293	-0.712077	1.450098	
384	-1.898821	-0.716532	1.456018	
385	-1.902050	-0.719888	1.461878	
386	-1.905320	-0.724269	1.466546	
387	-1.909321	-0.728698	1.472878	
388	-1.913248	-0.734057	1.478117	
389	-1.917516	-0.739383	1.483381	
390	-1.921748	-0.744925	1.488590	
391	-1.926290	-0.750562	1.493616	
392	-1.931207	-0.756313	1.498518	
393	-1.936665	-0.761429	1.505026	
394	-1.941727	-0.767921	1.510319	
395	-1.947119	-0.774595	1.516068	
396	-1.952779	-0.781270	1.523394	
397	-1.958279	-0.787673	1.529010	
398	-1.968441	-0.799961	1.539484	
399	-1.972300	-0.809188	1.546042	
400	-1.976733	-0.815152	1.550387	
401	-1.980235	-0.824554	1.557712	
402	-1.983440	-0.829871	1.561445	
403	-1.986939	-0.837809	1.567031	
404	-1.990506	-0.845200	1.575504	
405	-1.993240	-0.852716	1.583620	
406	-1.996394	-0.856894	1.588240	
407	-1.999372	-0.864632	1.596723	
408	-2.001330	-0.871134	1.605727	
409	-2.003631	-0.873345	1.610554	
410	-2.005980	-0.876079	1.615936	
411	-2.007615	-0.882193	1.625485	
412	-2.009218	-0.883732	1.631663	
413	-2.010772	-0.887568	1.639300	
414	-2.012001	-0.890403	1.646904	
415	-2.012765	-0.893359	1.655504	
416	-2.014167	-0.893150	1.661349	
417	-2.015494	-0.897780	1.671665	
418	-2.016894	-0.898454	1.679827	
419	-2.018406	-0.900528	1.686857	
420	-2.019783	-0.900658	1.693321	
421	-2.021536	-0.902476	1.701801	
422	-2.022939	-0.902142	1.707610	
423	-2.024144	-0.905339	1.715322	
424	-2.025503	-0.906410	1.722006	
425	-2.026639	-0.907413	1.728585	
426	-2.029037	-0.909806	1.739205	
427	-2.030300	-0.911061	1.744333	
428	-2.031121	-0.913873	1.750759	
429	-2.032452	-0.915244	1.755819	
430	-2.034434	-0.919766	1.761434	
431	-2.035599	-0.924278	1.769355	
432	-2.036999	-0.935289	1.780074	
433	-2.037651	-0.941548	1.785808	
434	-2.038114	-0.947506	1.790502	
435	-2.039584	-0.952246	1.792824	
436	-2.040504	-0.958559	1.798151	
437	-2.041827	-0.963957	1.803288	
438	-2.043477	-0.969827	1.807696	
439	-2.044829	-0.976761	1.814523	
440	-2.045860	-0.982851	1.819155	
441	-2.047282	-0.988342	1.822838	
442	-2.048589	-0.994461	1.829680	
443	-2.049872	-0.999497	1.834090	
444	-2.051087	-1.006292	1.840605	
445	-2.052610	-1.011128	1.845075	
446	-2.053272	-1.018279	1.852460	
447	-2.054659	-1.024594	1.857211	
448	-2.055906	-1.031138	1.862183	
449	-2.057078	-1.037463	1.868841	
450	-2.058390	-1.043568	1.872808	
451	-2.060077	-1.049963	1.879306	
452	-2.061430	-1.055682	1.885879	
453	-2.064191	-1.060952	1.889657	
454	-2.065642	-1.068215	1.896358	
455	-2.067563	-1.074873	1.903366	
456	-2.070616	-1.081491	1.909620	
457	-2.074372	-1.087305	1.916623	
458	-2.078175	-1.094128	1.924084	
459	-2.081753	-1.103635	1.933414	
460	-2.087932	-1.108331	1.940804	
461	-2.092929	-1.116064	1.950701	
462	-2.098003	-1.124151	1.962562	
463	-2.103228	-1.130519	1.971559	
464	-2.107399	-1.137736	1.983337	
465	-2.111786	-1.145139	1.995686	
466	-2.115134	-1.152099	2.007817	
467	-2.118228	-1.158605	2.018920	
468	-2.121809	-1.165540	2.029302	
469	-2.125122	-1.172919	2.040076	
470	-2.127367	-1.179034	2.052145	
471	-2.131182	-1.185296	2.061261	
472	-2.134598	-1.192116	2.073087	
473	-2.137169	-1.197951	2.083289	
474	-2.140425	-1.202978	2.093794	
475	-2.142528	-1.208959	2.103732	
476	-2.144260	-1.214394	2.114095	
477	-2.146393	-1.218370	2.122972	
478	-2.147209	-1.221518	2.132638	
479	-2.147863	-1.223495	2.140842	
480	-2.148150	-1.227528	2.148582	
481	-2.147787	-1.229054	2.157410	
482	-2.145145	-1.230186	2.167027	
483	-2.145093	-1.231959	2.173669	
484	-2.144777	-1.233190	2.182081	
485	-2.140769	-1.233589	2.191844	
486	-2.138332	-1.234296	2.199623	
487	-2.136547	-1.235348	2.206517	
488	-2.128723	-1.237979	2.225694	
489	-2.126155	-1.239059	2.233227	
490	-2.122532	-1.241558	2.243858	
491	-2.119150	-1.244250	2.250257	
492	-2.115068	-1.248127	2.257725	
493	-2.110706	-1.251574	2.267007	
494	-2.107156	-1.256087	2.273274	
495	-2.104126	-1.260547	2.279215	
496	-2.099102	-1.265042	2.289891	
497	-2.091293	-1.275819	2.302951	
498	-2.087091	-1.280110	2.311141	
499	-2.082304	-1.283789	2.319288	
500	-2.078596	-1.289534	2.323004	
501	-2.075343	-1.292750	2.328529	
502	-2.069937	-1.297972	2.335614	
503	-2.067021	-1.301889	2.338977	
504	-2.063377	-1.305116	2.344224	
505	-2.058884	-1.307552	2.351598	
506	-2.055727	-1.311281	2.355852	
507	-2.052376	-1.316154	2.358208	
508	-2.047190	-1.320101	2.363927	
509	-2.044255	-1.323260	2.366284	
510	-2.041244	-1.325926	2.369279	
511	-2.036285	-1.329019	2.374581	
512	-2.032304	-1.334095	2.376467	
513	-2.028041	-1.339496	2.378373	
514	-2.021653	-1.343716	2.384533	
515	-2.018198	-1.346923	2.388207	
516	-2.013311	-1.351333	2.392781	
517	-2.007340	-1.356059	2.399658	
518	-2.002684	-1.361185	2.405191	
519	-1.998299	-1.365165	2.413367	
520	-1.991430	-1.370173	2.423419	
521	-1.987719	-1.375009	2.430998	
522	-1.982853	-1.379251	2.440502	
523	-1.977552	-1.384828	2.450096	
524	-1.972546	-1.390156	2.459796	
525	-1.966326	-1.396531	2.469279	
526	-1.963018	-1.403393	2.476247	
527	-1.957647	-1.408734	2.486181	
528	-1.951531	-1.414064	2.495508	
529	-1.947343	-1.419680	2.503534	
530	-1.943122	-1.424798	2.511638	
531	-1.938019	-1.428873	2.520592	
532	-1.933513	-1.434118	2.528266	
533	-1.929686	-1.436764	2.537599	
534	-1.924716	-1.439827	2.545444	
535	-1.919250	-1.443903	2.553031	
536	-1.914915	-1.447378	2.559846	
537	-1.909321	-1.450318	2.567501	
538	-1.902990	-1.454592	2.573097	
539	-1.900479	-1.456835	2.579079	
540	-1.894571	-1.460271	2.585399	
541	-1.887042	-1.464704	2.591741	
542	-1.882979	-1.467727	2.597234	
543	-1.877030	-1.470445	2.603297	
544	-1.869795	-1.473668	2.609098	
545	-1.863760	-1.476290	2.614518	
546	-1.858909	-1.477586	2.619777	
547	-1.851796	-1.478922	2.625827	
548	-1.843581	-1.480757	2.630103	
549	-1.836744	-1.481807	2.634360	
550	-1.828966	-1.483198	2.638034	
551	-1.821084	-1.483164	2.643340	
552	-1.812236	-1.484471	2.646403	
553	-1.805854	-1.484556	2.650095	
554	-1.795906	-1.483451	2.654604	
555	-1.782542	-1.484378	2.659062	
556	-1.776321	-1.483313	2.662907	
557	-1.766118	-1.482495	2.667835	
558	-1.753576	-1.481899	2.673131	
559	-1.745653	-1.480576	2.677392	
560	-1.737000	-1.478832	2.681790	
561	-1.724449	-1.478096	2.686327	
562	-1.714747	-1.477720	2.689718	
563	-1.696347	-1.475371	2.696800	
564	-1.685352	-1.475169	2.699534	
565	-1.677107	-1.474734	2.700856	
566	-1.667379	-1.474122	2.703113	
567	-1.657328	-1.474149	2.705501	
568	-1.648322	-1.475170	2.705980	
569	-1.640625	-1.475641	2.706911	
570	-1.631705	-1.475727	2.709221	
571	-1.623772	-1.476527	2.709964	
572	-1.616229	-1.478300	2.709084	
573	-1.608166	-1.480104	2.709544	
574	-1.600337	-1.481463	2.710011	
575	-1.593981	-1.482251	2.710331	
576	-1.587679	-1.482843	2.711011	
577	-1.579581	-1.483741	2.712846	
578	-1.568358	-1.486546	2.713142	
579	-1.561374	-1.487196	2.714903	
580	-1.553771	-1.488216	2.716488	
581	-1.548582	-1.489869	2.716174	
582	-1.542198	-1.489996	2.718208	
583	-1.534180	-1.491984	2.719594	
584	-1.529092	-1.493803	2.720747	
585	-1.516336	-1.495823	2.725105	
586	-1.510960	-1.496676	2.728070	
587	-1.505593	-1.497442	2.729972	
588	-1.499270	-1.498121	2.732490	
589	-1.492484	-1.499532	2.733373	
590	-1.479962	-1.500424	2.738403	
591	-1.473792	-1.501230	2.740932	
592	-1.466112	-1.502445	2.743584	
593	-1.460770	-1.502801	2.746968	
594	-1.455284	-1.504017	2.749560	
595	-1.448278	-1.504864	2.752186	
596	-1.441426	-1.505119	2.755910	
597	-1.437264	-1.505142	2.758730	
598	-1.430213	-1.504822	2.761695	
599	-1.422835	-1.504456	2.765148	
600	-1.417849	-1.504122	2.766499	
601	-1.412972	-1.503748	2.766996	
602	-1.403854	-1.502548	2.771631	
603	-1.396516	-1.500648	2.775800	
604	-1.392060	-1.500558	2.775098	
605	-1.382954	-1.499496	2.778201	
606	-1.373832	-1.497720	2.781526	
607	-1.368471	-1.496683	2.782406	
608	-1.359863	-1.494927	2.786172	
609	-1.351391	-1.494175	2.786865	
610	-1.342645	-1.492805	2.789644	
611	-1.334712	-1.491656	2.791469	
612	-1.327859	-1.490546	2.791574	
613	-1.318107	-1.489544	2.792143	
614	-1.310667	-1.488356	2.791512	
615	-1.303668	-1.486972	2.790509	
616	-1.295110	-1.485470	2.789798	
617	-1.287322	-1.484241	2.788928	
618	-1.280669	-1.483460	2.787017	
619	-1.271363	-1.483495	2.784896	
620	-1.264621	-1.483374	2.782965	
621	-1.258966	-1.483400	2.780751	
622	-1.250906	-1.483410	2.779600	
623	-1.243685	-1.483583	2.777775	
624	-1.238644	-1.484195	2.773765	
625	-1.231090	-1.484367	2.772292	
626	-1.223687	-1.484699	2.770489	
627	-1.211212	-1.484968	2.766453	
628	-1.203258	-1.485926	2.764102	
629	-1.198062	-1.487108	2.761282	
630	-1.191000	-1.487931	2.760208	
631	-1.184829	-1.488955	2.758476	
632	-1.178859	-1.490257	2.756304	
633	-1.172122	-1.491840	2.754140	
634	-1.166922	-1.492675	2.752007	
635	-1.161222	-1.493470	2.750751	
636	-1.156365	-1.493863	2.749368	
637	-1.147353	-1.493806	2.745051	
638	-1.143305	-1.493575	2.742702	
639	-1.138589	-1.492405	2.741081	
640	-1.132157	-1.491502	2.738762	
641	-1.125568	-1.491094	2.736691	
642	-1.123258	-1.489922	2.734488	
643	-1.119794	-1.488037	2.733566	
644	-1.113209	-1.487419	2.731215	
645	-1.110536	-1.485515	2.730394	
646	-1.107468	-1.483800	2.729331	
647	-1.100347	-1.482115	2.728499	
648	-1.094665	-1.480337	2.726808	
649	-1.090890	-1.478517	2.725045	
650	-1.086065	-1.476126	2.723608	
651	-1.080894	-1.473451	2.721449	
652	-1.075588	-1.469979	2.720229	
653	-1.070745	-1.466637	2.718532	
654	-1.064093	-1.463077	2.716794	
655	-1.058006	-1.459271	2.714824	
656	-1.053325	-1.454768	2.713124	
657	-1.044508	-1.451360	2.710525	
658	-1.041728	-1.446564	2.709077	
659	-1.037455	-1.441615	2.707874	
660	-1.027286	-1.439054	2.704976	
661	-1.022813	-1.434846	2.703306	
662	-1.019140	-1.430579	2.701679	
663	-1.013070	-1.426912	2.698511	
664	-1.007790	-1.423146	2.695610	
665	-1.004387	-1.418624	2.692605	
666	-1.001366	-1.413822	2.688778	
667	-0.998788	-1.409058	2.684825	
668	-0.992401	-1.404965	2.679849	
669	-0.987318	-1.399924	2.675375	
670	-0.984382	-1.393938	2.672068	
671	-0.977567	-1.389355	2.666661	
672	-0.971938	-1.383972	2.661453	
673	-0.960330	-1.374868	2.649696	
674	-0.952548	-1.371191	2.643907	
675	-0.939015	-1.363716	2.632533	
676	-0.928591	-1.362098	2.625569	
677	-0.926249	-1.357285	2.622399	
678	-0.923265	-1.352373	2.619413	
679	-0.916737	-1.349657	2.613640	
680	-0.910354	-1.345712	2.609578	
681	-0.907447	-1.340509	2.607194	
682	-0.901856	-1.337177	2.603626	
683	-0.896257	-1.333839	2.600720	
684	-0.887864	-1.325539	2.597483	
685	-0.882350	-1.323001	2.594822	
686	-0.881310	-1.317022	2.595403	
687	-0.878078	-1.313142	2.594269	
688	-0.871177	-1.310977	2.592117	
689	-0.869379	-1.304441	2.594479	
690	-0.866138	-1.299643	2.594602	
691	-0.861276	-1.296144	2.593901	
692	-0.858630	-1.291017	2.595191	
693	-0.857917	-1.285370	2.597216	
694	-0.853547	-1.282979	2.596688	
695	-0.851303	-1.278741	2.598354	
696	-0.850068	-1.274482	2.599791	
697	-0.844611	-1.273992	2.598131	
698	-0.843668	-1.269470	2.600921	
699	-0.842514	-1.266527	2.602285	
700	-0.837631	-1.266231	2.601674	
701	-0.836580	-1.262975	2.604257	
702	-0.834917	-1.260452	2.605636	
703	-0.831234	-1.259046	2.606659	
704	-0.829510	-1.255872	2.609760	
705	-0.827092	-1.253922	2.611744	
706	-0.824193	-1.251744	2.614243	
707	-0.821535	-1.248688	2.617032	
708	-0.819497	-1.246216	2.619939	
709	-0.816591	-1.244579	2.621782	
710	-0.814277	-1.241925	2.624458	
711	-0.812294	-1.239064	2.627238	
712	-0.803659	-1.232237	2.635572	
713	-0.798192	-1.232562	2.635440	
714	-0.792476	-1.233228	2.636400	
715	-0.791159	-1.230283	2.640221	
716	-0.785116	-1.231348	2.640956	
717	-0.781845	-1.230289	2.643834	
718	-0.779905	-1.227973	2.647242	
719	-0.774844	-1.228546	2.648663	
720	-0.770990	-1.227727	2.651188	
721	-0.768362	-1.225964	2.654588	
722	-0.762679	-1.227208	2.655043	
723	-0.758323	-1.227327	2.657487	
724	-0.755865	-1.226248	2.661015	
725	-0.752464	-1.226297	2.663048	
726	-0.746410	-1.228656	2.663966	
727	-0.744030	-1.227419	2.668389	
728	-0.740744	-1.227132	2.671171	
729	-0.735520	-1.228443	2.672243	
730	-0.731898	-1.228101	2.676672	
731	-0.729118	-1.227672	2.679241	
732	-0.723617	-1.229377	2.680275	
733	-0.720792	-1.228942	2.684318	
734	-0.717218	-1.229144	2.686681	
735	-0.712413	-1.230824	2.687893	
736	-0.709642	-1.230734	2.691513	
737	-0.706097	-1.231576	2.693363	
738	-0.702066	-1.232476	2.695585	
739	-0.699360	-1.233094	2.698517	
740	-0.694994	-1.236520	2.698519	
741	-0.692674	-1.238572	2.701254	
742	-0.691076	-1.239241	2.704490	
743	-0.689807	-1.240412	2.706494	
744	-0.689209	-1.240418	2.710378	
745	-0.687253	-1.241512	2.712487	
746	-0.685625	-1.242769	2.715691	
747	-0.684470	-1.243563	2.718671	
748	-0.681716	-1.245095	2.721189	
749	-0.679315	-1.246540	2.723779	
750	-0.679315	-1.245946	2.728168	
751	-0.676479	-1.247526	2.730456	
752	-0.673949	-1.249507	2.734543	
753	-0.672957	-1.249937	2.739802	
754	-0.670403	-1.252577	2.743514	
755	-0.667185	-1.255878	2.746909	
756	-0.665823	-1.258047	2.751988	
757	-0.663571	-1.261350	2.756484	
758	-0.659437	-1.266518	2.760260	
759	-0.658493	-1.269283	2.766874	
760	-0.655604	-1.273645	2.771379	
761	-0.652840	-1.277763	2.777198	
762	-0.651083	-1.281173	2.784145	
763	-0.649274	-1.284538	2.789734	
764	-0.646667	-1.288347	2.795240	
765	-0.643698	-1.292502	2.800747	
766	-0.640719	-1.296917	2.806396	
767	-0.638803	-1.300034	2.813303	
768	-0.635089	-1.305028	2.817559	
769	-0.633004	-1.308304	2.823904	
770	-0.632594	-1.309822	2.830732	
771	-0.628154	-1.314435	2.834499	
772	-0.625688	-1.317429	2.840216	
773	-0.623209	-1.319763	2.845389	
774	-0.618343	-1.323649	2.847331	
775	-0.617045	-1.324290	2.853507	
776	-0.615293	-1.324830	2.858667	
777	-0.610267	-1.327026	2.861368	
778	-0.606562	-1.328014	2.865386	
779	-0.602548	-1.328636	2.869394	
780	-0.596357	-1.331724	2.869389	
781	-0.591864	-1.333410	2.871126	
782	-0.587820	-1.335046	2.872497	
783	-0.581877	-1.337587	2.871931	
784	-0.575516	-1.340269	2.872877	
785	-0.570600	-1.341885	2.874596	
786	-0.563301	-1.344000	2.875168	
787	-0.557570	-1.345799	2.876504	
788	-0.546049	-1.348988	2.880325	
789	-0.538433	-1.351067	2.882516	
790	-0.532080	-1.353224	2.885061	
791	-0.523913	-1.355723	2.885982	
792	-0.516288	-1.357983	2.887012	
793	-0.507038	-1.361527	2.887397	
794	-0.500288	-1.363462	2.889759	
795	-0.491676	-1.366094	2.890386	
796	-0.482033	-1.369275	2.890427	
797	-0.474922	-1.370405	2.893196	
798	-0.467075	-1.372262	2.894742	
799	-0.457783	-1.375312	2.895119	
800	-0.450775	-1.376789	2.897949	
801	-0.433768	-1.382069	2.897659	
802	-0.421364	-1.384739	2.899585	
803	-0.409015	-1.387674	2.900119	
804	-0.403492	-1.388662	2.900581	
805	-0.396758	-1.390230	2.899892	
806	-0.392945	-1.389692	2.901445	
807	-0.386451	-1.390137	2.900698	
808	-0.379332	-1.391112	2.900291	
809	-0.373388	-1.390435	2.900931	
810	-0.365751	-1.391413	2.900099	
811	-0.357615	-1.392873	2.899046	
812	-0.351190	-1.392123	2.900146	
813	-0.344595	-1.393006	2.900098	
814	-0.336517	-1.394573	2.899025	
815	-0.330454	-1.394053	2.900177	
816	-0.323779	-1.394763	2.899689	
817	-0.315884	-1.395497	2.897939	
818	-0.311145	-1.394598	2.898370	
819	-0.304852	-1.395539	2.895907	
820	-0.298318	-1.396171	2.893752	
821	-0.293259	-1.395767	2.892732	
822	-0.288062	-1.395725	2.890990	
823	-0.282946	-1.395150	2.889358	
824	-0.277375	-1.393594	2.888158	
825	-0.272167	-1.393228	2.886107	
826	-0.266392	-1.391317	2.884519	
827	-0.261666	-1.388655	2.883145	
828	-0.257569	-1.386552	2.880979	
829	-0.245748	-1.380463	2.876893	
830	-0.239822	-1.377510	2.873929	
831	-0.233912	-1.374346	2.870142	
832	-0.227581	-1.369677	2.866976	
833	-0.221463	-1.365591	2.862662	
834	-0.213991	-1.361685	2.857367	
835	-0.206183	-1.356937	2.852842	
836	-0.197672	-1.351746	2.848230	
837	-0.188881	-1.348489	2.841579	
838	-0.179199	-1.344587	2.835478	
839	-0.170859	-1.339998	2.829560	
840	-0.162096	-1.336391	2.822918	
841	-0.144831	-1.329255	2.808995	
842	-0.136804	-1.325755	2.802374	
843	-0.129990	-1.322667	2.795095	
844	-0.121994	-1.318673	2.788805	
845	-0.116451	-1.316307	2.781964	
846	-0.108681	-1.312965	2.776087	
847	-0.101566	-1.309820	2.769529	
848	-0.095905	-1.308278	2.762807	
849	-0.088193	-1.304834	2.757220	
850	-0.081587	-1.305662	2.747674	
851	-0.075553	-1.305165	2.740807	
852	-0.067044	-1.301658	2.736650	
853	-0.063427	-1.302864	2.728131	
854	-0.056876	-1.304013	2.720659	
855	-0.048052	-1.303122	2.714345	
856	-0.043609	-1.302618	2.707617	
857	-0.039316	-1.301796	2.700788	
858	-0.033431	-1.300717	2.693250	
859	-0.026826	-1.299050	2.686589	
860	-0.020106	-1.296929	2.680882	
861	-0.015026	-1.296719	2.673244	
862	-0.008085	-1.296335	2.667205	
863	-0.000969	-1.297105	2.659575	
864	0.006298	-1.298129	2.653423	
865	0.014390	-1.298828	2.648201	
866	0.020295	-1.300958	2.641104	
867	0.027689	-1.302698	2.635263	
868	0.034673	-1.304383	2.629884	
869	0.039760	-1.306777	2.622713	
870	0.046328	-1.309440	2.615678	
871	0.052638	-1.311296	2.609170	
872	0.058095	-1.313535	2.602349	
873	0.063828	-1.315684	2.594986	
874	0.068327	-1.318132	2.586834	
875	0.079580	-1.320053	2.573073	
876	0.082960	-1.321944	2.564050	
877	0.086778	-1.322807	2.556374	
878	0.089647	-1.324126	2.546912	
879	0.097583	-1.323720	2.532393	
880	0.099271	-1.323095	2.523728	
881	0.101220	-1.322659	2.514980	
882	0.105502	-1.320562	2.508753	
883	0.106932	-1.319532	2.501216	
884	0.107358	-1.319363	2.491845	
885	0.107505	-1.317786	2.483294	
886	0.111048	-1.316291	2.474416	
887	0.112198	-1.314934	2.466158	
888	0.114980	-1.312937	2.456903	
889	0.117403	-1.311110	2.448641	
890	0.119758	-1.309820	2.439069	
891	0.121853	-1.309544	2.428686	
892	0.125686	-1.308470	2.419637	
893	0.127684	-1.307536	2.410001	
894	0.130150	-1.307295	2.398613	
895	0.132299	-1.307365	2.388822	
896	0.136274	-1.307922	2.379056	
897	0.139894	-1.309093	2.370537	
898	0.144655	-1.309358	2.363343	
899	0.148615	-1.308859	2.356153	
900	0.151200	-1.308096	2.347933	
901	0.151937	-1.307145	2.339599	
902	0.157175	-1.305268	2.334004	
903	0.160643	-1.303355	2.327205	
904	0.162976	-1.301593	2.320301	
905	0.165812	-1.299243	2.314443	
906	0.167355	-1.297078	2.307936	
907	0.170613	-1.295436	2.301508	
908	0.174658	-1.293168	2.295646	
909	0.177780	-1.291271	2.288075	
910	0.182752	-1.289787	2.284305	
911	0.188183	-1.287869	2.281105	
912	0.192679	-1.286370	2.277627	
913	0.195036	-1.286200	2.273287	
914	0.199478	-1.284197	2.270485	
915	0.203718	-1.281973	2.266771	
916	0.208099	-1.279965	2.263877	
917	0.211805	-1.277432	2.262304	
918	0.216375	-1.275204	2.259159	
919	0.219232	-1.274066	2.256631	
920	0.222058	-1.271795	2.255562	
921	0.227617	-1.270109	2.253068	
922	0.231193	-1.269026	2.250993	
923	0.233593	-1.267379	2.250334	
924	0.238235	-1.266138	2.248299	
925	0.240347	-1.265544	2.248281	
926	0.245309	-1.264243	2.248090	
927	0.249657	-1.263939	2.247193	
928	0.254430	-1.263922	2.247590	
929	0.256101	-1.263095	2.249209	
930	0.262613	-1.263032	2.248597	
931	0.265727	-1.263680	2.250399	
932	0.268764	-1.263809	2.253744	
933	0.271061	-1.264611	2.255283	
934	0.275047	-1.265383	2.257566	
935	0.277918	-1.265859	2.260231	
936	0.281136	-1.266737	2.261345	
937	0.284253	-1.267715	2.263125	
938	0.287812	-1.268101	2.267580	
939	0.290128	-1.268952	2.271643	
940	0.292553	-1.269591	2.275012	
941	0.295845	-1.270097	2.277579	
942	0.299137	-1.270547	2.280194	
943	0.301535	-1.271270	2.284040	
944	0.303290	-1.271197	2.288239	
945	0.306370	-1.271461	2.291369	
946	0.309727	-1.271920	2.294419	
947	0.311478	-1.272112	2.297954	
948	0.314339	-1.273273	2.300406	
949	0.317195	-1.273951	2.303622	
950	0.324744	-1.275602	2.307147	
951	0.325962	-1.276246	2.310666	
952	0.327649	-1.276681	2.312973	
953	0.331475	-1.276793	2.316422	
954	0.332936	-1.275869	2.320444	
955	0.336171	-1.275182	2.323471	
956	0.338745	-1.274284	2.326153	
957	0.340625	-1.272836	2.331035	
958	0.342390	-1.271334	2.336318	
959	0.342081	-1.269251	2.340466	
960	0.344572	-1.269092	2.344842	
961	0.346233	-1.268507	2.349620	
962	0.347053	-1.267086	2.354696	
963	0.351474	-1.267563	2.356332	
964	0.352908	-1.267509	2.362013	
965	0.353209	-1.267137	2.367647	
966	0.358013	-1.268435	2.369806	
967	0.360452	-1.268215	2.375743	
968	0.363395	-1.268880	2.380896	
969	0.369090	-1.271763	2.384038	
970	0.372671	-1.273085	2.390394	
971	0.374529	-1.274088	2.397597	
972	0.380111	-1.277306	2.402810	
973	0.382668	-1.278438	2.411381	
974	0.383773	-1.277722	2.418443	
975	0.387712	-1.280584	2.424258	
976	0.388814	-1.281182	2.433830	
977	0.392891	-1.282063	2.437693	
978	0.397859	-1.285494	2.445414	
979	0.396447	-1.284312	2.453526	
980	0.398263	-1.284367	2.454245	
981	0.404063	-1.286303	2.460604	
982	0.405314	-1.285681	2.468522	
983	0.407556	-1.286241	2.470330	
984	0.410657	-1.287309	2.476093	
985	0.410694	-1.287238	2.482469	
986	0.411802	-1.287665	2.485183	
987	0.414100	-1.288219	2.490552	
988	0.416753	-1.289380	2.495072	
989	0.418921	-1.290725	2.497348	
990	0.422019	-1.290915	2.504240	
991	0.422364	-1.290740	2.508572	
992	0.424048	-1.291652	2.511999	
993	0.425905	-1.290370	2.518837	
994	0.427931	-1.290053	2.522392	
995	0.430656	-1.290531	2.524913	
996	0.432628	-1.288622	2.530310	
997	0.432829	-1.285722	2.538783	
998	0.435250	-1.285148	2.541634	
999	0.437107	-1.283420	2.547106	
1000	0.440738	-1.281310	2.559284	
1001	0.441512	-1.278719	2.569023	
1002	0.442762	-1.277994	2.577748	
1003	0.443339	-1.278723	2.582945	
1004	0.442249	-1.276943	2.589287	
1005	0.441392	-1.276561	2.593657	
1006	0.440831	-1.275017	2.599248	
1007	0.441423	-1.274209	2.602180	
1008	0.441978	-1.274084	2.605717	
1009	0.442134	-1.273643	2.608100	
1010	0.442780	-1.274187	2.610390	
1011	0.443861	-1.274475	2.612626	
1012	0.443514	-1.273525	2.615298	
1013	0.443601	-1.273484	2.619690	
1014	0.445067	-1.273913	2.620109	
1015	0.447289	-1.275809	2.623210	
1016	0.446212	-1.274901	2.627322	
1017	0.447371	-1.275037	2.628556	
1018	0.449630	-1.276343	2.630660	
1019	0.451769	-1.274865	2.633204	
1020	0.453958	-1.275100	2.632723	
1021	0.452120	-1.271174	2.633563	
1022	0.454785	-1.271221	2.633765	
1023	0.455317	-1.265408	2.632532	
1024	0.458189	-1.260116	2.630474	
1025	0.457559	-1.254811	2.629121	
1026	0.458261	-1.250978	2.628127	
1027	0.461346	-1.249086	2.626699	
1028	0.462463	-1.244928	2.626007	
1029	0.463974	-1.241272	2.626230	
1030	0.466215	-1.238777	2.626887	
1031	0.465825	-1.232465	2.626090	
1032	0.468250	-1.229521	2.627057	
1033	0.471807	-1.227415	2.627264	
1034	0.472224	-1.222668	2.627867	
1035	0.474805	-1.219099	2.626806	
1036	0.478700	-1.218248	2.628081	
1037	0.480444	-1.214268	2.627172	
1038	0.481483	-1.211272	2.628463	
1039	0.485251	-1.209336	2.627421	
1040	0.487440	-1.206898	2.626812	
1041	0.489250	-1.203877	2.625187	
1042	0.490855	-1.201038	2.623456	
1043	0.493407	-1.199671	2.621161	
1044	0.494678	-1.197404	2.619260	
1045	0.496065	-1.195606	2.617937	
1046	0.498054	-1.193984	2.616598	
1047	0.499380	-1.190206	2.615735	
1048	0.501651	-1.189020	2.614644	
1049	0.502789	-1.187795	2.614203	
1050	0.503438	-1.187180	2.615229	
1051	0.504427	-1.185918	2.615107	
1052	0.505296	-1.183637	2.613918	
1053	0.505584	-1.182641	2.615155	
1054	0.506474	-1.181104	2.615083	
1055	0.506905	-1.179801	2.616065	
1056	0.507115	-1.177567	2.616543	
1057	0.507241	-1.175676	2.617877	
1058	0.507351	-1.174121	2.619944	
1059	0.506567	-1.173386	2.623580	
1060	0.507157	-1.173507	2.626961	
1061	0.506682	-1.175645	2.633174	
1062	0.504513	-1.175145	2.638009	
1063	0.504879	-1.176147	2.641985	
1064	0.505728	-1.174389	2.642109	
1065	0.504634	-1.171507	2.642760	
1066	0.506951	-1.172783	2.645114	
1067	0.507371	-1.172043	2.646873	
1068	0.506141	-1.169791	2.648990	
1069	0.507663	-1.170952	2.652539	
1070	0.507711	-1.173287	2.658854	
1071	0.504930	-1.170107	2.662627	
1072	0.505128	-1.168308	2.664453	
1073	0.504089	-1.169328	2.671333	
1074	0.501115	-1.166153	2.675585	
1075	0.501089	-1.165024	2.679242	
1076	0.500086	-1.164305	2.684094	
1077	0.498146	-1.163168	2.689764	
1078	0.496986	-1.162670	2.695205	
1079	0.496109	-1.163534	2.701544	
1080	0.495409	-1.164145	2.707079	
1081	0.492929	-1.163276	2.713323	
1082	0.494531	-1.163636	2.715764	
1083	0.495212	-1.161238	2.715401	
1084	0.492898	-1.155904	2.714651	
1085	0.495711	-1.157659	2.715346	
1086	0.496363	-1.152522	2.709197	
1087	0.494170	-1.147565	2.707361	
1088	0.496439	-1.144190	2.700079	
1089	0.493951	-1.141496	2.699985	
1090	0.490545	-1.141545	2.703698	
1091	0.491414	-1.144292	2.703692	
1092	0.488279	-1.144280	2.705496	
1093	0.485374	-1.143638	2.706038	
1094	0.485830	-1.144772	2.702370	
1095	0.480982	-1.146478	2.708039	
1096	0.480251	-1.148123	2.706876	
1097	0.478915	-1.150465	2.707320	
1098	0.474170	-1.151751	2.712275	
1099	0.474090	-1.154119	2.710667	
1100	0.470647	-1.157728	2.715536	
1101	0.464663	-1.162781	2.721319	
1102	0.461002	-1.163657	2.723278	
1103	0.457529	-1.162780	2.722792	
1104	0.453633	-1.164615	2.726786	
1105	0.449194	-1.165043	2.729294	
1106	0.445052	-1.167466	2.734231	
1107	0.441765	-1.170307	2.738638	
1108	0.437371	-1.173584	2.745723	
1109	0.433314	-1.176097	2.750715	
1110	0.428907	-1.176995	2.752982	
1111	0.425004	-1.181157	2.759186	
1112	0.420779	-1.185470	2.765154	
1113	0.416726	-1.189362	2.769628	
1114	0.411996	-1.191170	2.771303	
1115	0.407607	-1.194540	2.775198	
1116	0.395852	-1.200647	2.785320	
1117	0.391433	-1.205244	2.790414	
1118	0.385699	-1.206769	2.791838	
1119	0.379112	-1.207494	2.793556	
1120	0.374364	-1.211703	2.798044	
1121	0.368808	-1.218327	2.809925	
1122	0.362229	-1.216860	2.807549	
1123	0.357628	-1.220064	2.810024	
1124	0.351653	-1.223690	2.818485	
1125	0.345998	-1.225259	2.823063	
1126	0.341565	-1.227021	2.824747	
1127	0.336587	-1.228577	2.830125	
1128	0.332774	-1.230843	2.834140	
1129	0.329414	-1.233472	2.837871	
1130	0.324998	-1.233215	2.838755	
1131	0.323340	-1.237065	2.842657	
1132	0.320931	-1.239259	2.846074	
1133	0.318098	-1.239621	2.846499	
1134	0.317451	-1.242024	2.845874	
1135	0.316172	-1.244179	2.847973	
1136	0.315316	-1.246491	2.849279	
1137	0.313866	-1.246897	2.847962	
1138	0.313728	-1.249186	2.848081	
1139	0.312045	-1.249460	2.849819	
1140	0.311360	-1.249640	2.848368	
1141	0.310908	-1.251129	2.848998	
1142	0.308841	-1.250144	2.849300	
1143	0.307947	-1.251219	2.851206	
1144	0.306907	-1.252124	2.852544	
1145	0.304923	-1.251965	2.854660	
1146	0.303370	-1.252353	2.856935	
1147	0.301684	-1.253494	2.862449	
1148	0.298633	-1.252334	2.864020	
1149	0.296848	-1.253678	2.868787	
1150	0.295841	-1.256163	2.873304	
1151	0.291832	-1.255698	2.877523	
1152	0.291400	-1.260205	2.883821	
1153	0.289308	-1.261995	2.886729	
1154	0.285956	-1.263504	2.891029	
1155	0.284355	-1.266429	2.893300	
1156	0.281930	-1.268532	2.894998	
1157	0.279242	-1.271526	2.898146	
1158	0.277090	-1.274490	2.900266	
1159	0.274709	-1.277022	2.902728	
1160	0.273029	-1.281271	2.906263	
1161	0.270057	-1.283787	2.908293	
1162	0.267412	-1.286412	2.910313	
1163	0.266194	-1.290989	2.911747	
1164	0.263123	-1.293510	2.915536	
1165	0.260720	-1.296676	2.915800	
1166	0.259377	-1.301004	2.919372	
1167	0.257621	-1.304371	2.922040	
1168	0.256273	-1.308038	2.923791	
1169	0.254464	-1.310975	2.927079	
1170	0.252877	-1.313831	2.929865	
1171	0.251762	-1.317285	2.933396	
1172	0.250766	-1.320721	2.937461	
1173	0.249026	-1.323392	2.939899	
1174	0.246399	-1.324883	2.941486	
1175	0.245310	-1.328346	2.944466	
1176	0.242494	-1.329946	2.950577	
1177	0.239658	-1.330952	2.951678	
1178	0.238210	-1.333583	2.956072	
1179	0.235628	-1.335631	2.960639	
1180	0.232562	-1.336363	2.964160	
1181	0.231096	-1.340173	2.968328	
1182	0.228986	-1.343709	2.973901	
1183	0.226550	-1.347023	2.978262	
1184	0.223865	-1.350588	2.983227	
1185	0.219842	-1.353910	2.987730	
1186	0.215959	-1.357556	2.992205	
1187	0.212500	-1.362357	2.998217	
1188	0.208230	-1.366645	3.003415	
1189	0.204551	-1.371087	3.007380	
1190	0.200944	-1.376255	3.011837	
1191	0.195234	-1.379951	3.018517	
1192	0.190699	-1.384481	3.023598	
1193	0.185521	-1.389777	3.029089	
1194	0.178946	-1.393956	3.036059	
1195	0.174413	-1.400065	3.041710	
1196	0.169305	-1.405488	3.047495	
1197	0.164484	-1.410470	3.054255	
1198	0.160153	-1.415665	3.060708	
1199	0.155663	-1.420979	3.067541	
1200	0.151101	-1.426065	3.073412	
1201	0.146672	-1.430913	3.079570	
1202	0.138951	-1.441854	3.095051	
1203	0.135366	-1.447306	3.102561	
1204	0.131857	-1.452549	3.110008	
1205	0.129017	-1.457776	3.116746	
1206	0.127241	-1.463381	3.125403	
1207	0.124773	-1.467799	3.134172	
1208	0.123137	-1.472552	3.141670	
1209	0.121370	-1.477341	3.149764	
1210	0.119407	-1.482067	3.157537	
1211	0.117386	-1.486146	3.163273	
1212	0.115082	-1.490051	3.170648	
1213	0.112683	-1.497665	3.183018	
1214	0.112212	-1.501447	3.189684	
1215	0.112028	-1.505101	3.193979	
1216	0.112831	-1.509005	3.199922	
1217	0.114528	-1.512671	3.206205	
1218	0.116326	-1.516018	3.212565	
1219	0.119322	-1.519652	3.217974	
1220	0.122591	-1.523025	3.223522	
1221	0.126644	-1.526580	3.230028	
1222	0.131205	-1.529119	3.235886	
1223	0.136034	-1.531986	3.241789	
1224	0.142096	-1.534718	3.249419	
1225	0.148416	-1.536807	3.255933	
1226	0.156103	-1.539229	3.263178	
1227	0.163049	-1.541045	3.271273	
1228	0.170958	-1.543052	3.278443	
1229	0.179991	-1.546206	3.285259	
1230	0.188024	-1.548537	3.294617	
1231	0.196902	-1.551593	3.301806	
1232	0.205523	-1.555135	3.308430	
1233	0.214067	-1.558569	3.315211	
1234	0.222561	-1.562462	3.320555	
1235	0.231255	-1.566292	3.327142	
1236	0.239318	-1.569799	3.331855	
1237	0.247314	-1.573273	3.336901	
1238	0.255094	-1.576357	3.342251	
1239	0.262432	-1.579155	3.348080	
1240	0.268845	-1.582698	3.353799	
1241	0.275616	-1.587414	3.358924	
1242	0.281412	-1.591006	3.365264	
1243	0.287348	-1.595154	3.369301	
1244	0.292979	-1.598846	3.374671	
1245	0.299166	-1.602730	3.380582	
1246	0.303982	-1.606878	3.384402	
1247	0.310874	-1.611228	3.391413	
1248	0.316230	-1.615466	3.396464	
1249	0.322510	-1.620908	3.401272	
1250	0.333541	-1.628687	3.409104	
1251	0.339690	-1.633731	3.414234	
1252	0.346167	-1.639043	3.419710	
1253	0.353732	-1.644278	3.426072	
1254	0.368666	-1.655851	3.439613	
1255	0.376077	-1.661942	3.446356	
1256	0.381921	-1.666999	3.453151	
1257	0.389132	-1.671976	3.459771	
1258	0.396172	-1.676522	3.466940	
1259	0.402636	-1.679923	3.474162	
1260	0.409288	-1.684412	3.479117	
1261	0.416352	-1.688772	3.484244	
1262	0.422328	-1.692765	3.490079	
1263	0.429569	-1.696445	3.494736	
1264	0.435803	-1.699726	3.498704	
1265	0.442527	-1.702273	3.503303	
1266	0.449953	-1.704715	3.507460	
1267	0.459295	-1.707908	3.510375	
1268	0.469221	-1.710204	3.515082	
1269	0.477517	-1.712540	3.518680	
1270	0.487693	-1.714889	3.522152	
1271	0.497785	-1.716422	3.525853	
1272	0.508125	-1.717808	3.529346	
1273	0.520024	-1.719836	3.531375	
1274	0.531299	-1.720885	3.535105	
1275	0.542799	-1.721491	3.537772	
1276	0.554605	-1.723206	3.539681	
1277	0.567104	-1.723956	3.542546	
1278	0.579724	-1.724801	3.544293	
1279	0.590641	-1.724584	3.547551	
1280	0.604452	-1.725023	3.548964	
1281	0.615589	-1.725409	3.551391	
1282	0.627903	-1.725774	3.552581	
1283	0.639256	-1.726474	3.553399	
1284	0.651531	-1.728290	3.553509	
1285	0.664556	-1.729500	3.554676	
1286	0.677561	-1.730578	3.556359	
1287	0.689841	-1.732142	3.556982	
1288	0.701069	-1.733438	3.557626	
1289	0.713883	-1.734031	3.559093	
1290	0.727860	-1.735272	3.559433	
1291	0.740751	-1.735349	3.560572	
1292	0.752481	-1.736522	3.560164	
1293	0.766407	-1.737180	3.560817	
1294	0.777712	-1.738572	3.560772	
1295	0.789977	-1.739646	3.561407	
1296	0.802462	-1.741229	3.561112	
1297	0.813828	-1.741667	3.561656	
1298	0.825126	-1.741341	3.563320	
1299	0.837796	-1.743313	3.563179	
1300	0.850204	-1.744056	3.564727	
1301	0.862630	-1.745163	3.566117	
1302	0.877057	-1.747026	3.567310	
1303	0.887690	-1.747921	3.570705	
1304	0.899592	-1.749577	3.573050	
1305	0.914492	-1.750154	3.577081	
1306	0.926297	-1.751864	3.580057	
1307	0.939127	-1.754346	3.583965	
1308	0.950480	-1.757033	3.588223	
1309	0.961191	-1.758767	3.594189	
1310	0.973379	-1.761720	3.599181	
1311	0.987733	-1.763353	3.605225	
1312	0.998286	-1.765662	3.611492	
1313	1.009683	-1.769432	3.615756	
1314	1.022357	-1.772058	3.620752	
1315	1.031221	-1.774294	3.625856	
1316	1.040893	-1.777598	3.629509	
1317	1.048739	-1.779772	3.634402	
1318	1.065979	-1.783006	3.643745	
1319	1.074550	-1.784750	3.647480	
1320	1.084372	-1.785353	3.652032	
1321	1.092552	-1.786760	3.655354	
1322	1.102724	-1.788662	3.657569	
1323	1.117670	-1.788013	3.660755	
1324	1.127050	-1.789085	3.662776	
1325	1.137497	-1.791013	3.663880	
1326	1.148228	-1.790532	3.666706	
1327	1.158059	-1.791264	3.667890	
1328	1.168789	-1.792504	3.668146	
1329	1.179937	-1.791496	3.668994	
1330	1.190842	-1.792030	3.668609	
1331	1.202245	-1.791201	3.667903	
1332	1.213640	-1.790585	3.666715	
1333	1.226469	-1.787589	3.667915	
1334	1.251524	-1.785590	3.662228	
1335	1.264664	-1.781722	3.662434	
1336	1.276801	-1.778516	3.661438	
1337	1.307232	-1.773969	3.657448	
1338	1.333679	-1.770195	3.652361	
1339	1.348430	-1.765785	3.650561	
1340	1.358689	-1.762553	3.648316	
1341	1.371161	-1.761148	3.643702	
1342	1.382363	-1.759408	3.639646	
1343	1.394035	-1.758338	3.634916	
1344	1.404428	-1.758772	3.629241	
1345	1.421987	-1.754202	3.625342	
1346	1.424655	-1.755414	3.621160	
1347	1.441107	-1.752364	3.615898	
1348	1.445274	-1.751391	3.613116	
1349	1.452196	-1.751332	3.607467	
1350	1.462101	-1.750000	3.602610	
1351	1.471735	-1.746418	3.599530	
1352	1.478010	-1.747288	3.593803	
1353	1.487433	-1.745402	3.589200	
1354	1.496522	-1.742835	3.585747	
1355	1.505095	-1.742320	3.579488	
1356	1.515616	-1.739428	3.575362	
1357	1.525092	-1.736989	3.571373	
1358	1.536901	-1.735139	3.564883	
1359	1.548495	-1.732159	3.560448	
1360	1.558054	-1.729659	3.557711	
1361	1.570638	-1.727520	3.553589	
1362	1.584571	-1.724532	3.549410	
1363	1.593925	-1.720851	3.548700	
1364	1.606102	-1.719124	3.545064	
1365	1.620002	-1.716714	3.541276	
1366	1.631773	-1.713779	3.538893	
1367	1.642215	-1.712670	3.534842	
1368	1.655116	-1.709439	3.530831	
1369	1.663910	-1.707381	3.527628	
1370	1.675542	-1.704473	3.523669	
1371	1.686585	-1.700561	3.520926	
1372	1.695745	-1.698385	3.517597	
1373	1.705829	-1.695686	3.513926	
1374	1.714590	-1.692294	3.510393	
1375	1.722888	-1.689845	3.506516	
1376	1.731217	-1.687109	3.502542	
1377	1.740067	-1.683748	3.497779	
1378	1.748338	-1.680935	3.492516	
1379	1.755163	-1.677927	3.488056	
1380	1.763890	-1.674278	3.481844	
1381	1.773528	-1.668039	3.477238	
1382	1.778376	-1.664542	3.473370	
1383	1.785076	-1.660820	3.466675	
1384	1.794616	-1.653876	3.460433	
1385	1.799538	-1.650541	3.453242	
1386	1.807085	-1.645271	3.445331	
1387	1.815768	-1.638905	3.436551	
1388	1.821362	-1.634779	3.427392	
1389	1.828423	-1.629256	3.418532	
1390	1.834507	-1.623279	3.412006	
1391	1.842571	-1.618201	3.402710	
1392	1.852577	-1.612792	3.392170	
1393	1.858535	-1.606756	3.385728	
1394	1.864334	-1.602756	3.378665	
1395	1.877778	-1.594682	3.364918	
1396	1.889972	-1.584966	3.349393	
1397	1.896339	-1.580204	3.342186	
1398	1.903234	-1.575054	3.334607	
1399	1.909317	-1.572299	3.325425	
1400	1.915686	-1.568342	3.318091	
1401	1.922277	-1.564603	3.310442	
1402	1.928377	-1.561714	3.301908	
1403	1.934325	-1.558484	3.293228	
1404	1.939984	-1.555361	3.283991	
1405	1.945252	-1.550993	3.277468	
1406	1.951008	-1.546083	3.272215	
1407	1.957163	-1.542099	3.264017	
1408	1.964378	-1.537010	3.256046	
1409	1.971219	-1.530976	3.250209	
1410	1.978363	-1.525495	3.242543	
1411	1.986325	-1.519507	3.234252	
1412	1.993785	-1.513715	3.225909	
1413	2.002346	-1.508970	3.216389	
1414	2.012368	-1.501874	3.209135	
1415	2.020138	-1.496230	3.202757	
1416	2.030233	-1.490671	3.196143	
1417	2.040483	-1.484048	3.189696	
1418	2.050471	-1.476934	3.184947	
1419	2.059798	-1.471324	3.178757	
1420	2.070825	-1.465233	3.171445	
1421	2.080898	-1.458492	3.165057	
1422	2.091290	-1.452737	3.157779	
1423	2.098961	-1.447176	3.152932	
1424	2.114631	-1.438159	3.139232	
1425	2.120910	-1.433402	3.134514	
1426	2.127130	-1.429987	3.128808	
1427	2.133147	-1.427006	3.121425	
1428	2.139688	-1.422858	3.114156	
1429	2.144664	-1.418867	3.108860	
1430	2.149183	-1.414657	3.104914	
1431	2.153581	-1.410789	3.100452	
1432	2.158820	-1.407439	3.092083	
1433	2.164078	-1.402475	3.085571	
1434	2.167648	-1.397530	3.081736	
1435	2.171494	-1.392378	3.076634	
1436	2.176202	-1.386272	3.070998	
1437	2.178480	-1.383618	3.062605	
1438	2.181348	-1.379462	3.055838	
1439	2.184257	-1.373895	3.051139	
1440	2.187498	-1.368354	3.044276	
1441	2.191005	-1.363568	3.035912	
1442	2.194272	-1.357757	3.027899	
1443	2.196822	-1.352987	3.019996	
1444	2.200623	-1.347487	3.009705	
1445	2.204358	-1.342183	2.997832	
1446	2.206725	-1.337838	2.991085	
1447	2.208690	-1.334209	2.979763	
1448	2.212796	-1.328649	2.966283	
1449	2.214403	-1.323763	2.962046	
1450	2.215221	-1.320535	2.954389	
1451	2.219769	-1.312257	2.943291	
1452	2.221745	-1.305613	2.935292	
1453	2.220332	-1.303353	2.925911	
1454	2.221958	-1.296929	2.914861	
1455	2.224106	-1.289008	2.906657	
1456	2.224616	-1.283724	2.899548	
1457	2.226753	-1.277686	2.888613	
1458	2.228263	-1.271716	2.879604	
1459	2.229927	-1.265577	2.870956	
1460	2.232350	-1.258364	2.865708	
1461	2.234421	-1.253170	2.854206	
1462	2.236524	-1.248369	2.844161	
1463	2.239704	-1.241623	2.839925	
1464	2.241875	-1.236738	2.827643	
1465	2.245904	-1.230088	2.818811	
1466	2.248725	-1.223746	2.813675	
1467	2.250127	-1.220048	2.801593	
1468	2.254631	-1.213560	2.790569	
1469	2.257515	-1.209257	2.779458	
1470	2.260290	-1.206193	2.767973	
1471	2.269279	-1.195441	2.752343	
1472	2.273017	-1.192126	2.743066	
1473	2.278222	-1.187618	2.736908	
1474	2.283215	-1.183957	2.726082	
1475	2.288886	-1.180254	2.717526	
1476	2.294528	-1.176769	2.708055	
1477	2.299829	-1.172834	2.697183	
1478	2.306311	-1.166305	2.687613	
1479	2.312069	-1.160673	2.680565	
1480	2.316682	-1.156419	2.671102	
1481	2.322032	-1.149984	2.662294	
1482	2.325517	-1.145889	2.654676	
1483	2.329504	-1.141344	2.647023	
1484	2.333235	-1.135770	2.636995	
1485	2.337039	-1.129616	2.631733	
1486	2.339905	-1.125374	2.623275	
1487	2.342542	-1.120198	2.614332	
1488	2.345751	-1.114543	2.608359	
1489	2.346863	-1.111055	2.599264	
1490	2.349004	-1.105331	2.588910	
1491	2.349959	-1.100237	2.580452	
1492	2.350538	-1.095114	2.570073	
1493	2.352580	-1.084134	2.552334	
1494	2.352747	-1.080003	2.541838	
1495	2.353038	-1.073846	2.532534	
1496	2.353475	-1.067451	2.527745	
1497	2.353378	-1.061585	2.519753	
1498	2.351175	-1.058383	2.505536	
1499	2.350606	-1.050471	2.498704	
1500	2.350199	-1.042908	2.492360	
1501	2.349921	-1.034102	2.482826	
1502	2.349825	-1.025657	2.474473	
1503	2.348234	-1.019319	2.465096	
1504	2.347255	-1.012945	2.453085	
1505	2.345313	-1.008275	2.441544	
1506	2.343585	-1.004284	2.428538	
1507	2.343288	-0.998038	2.415938	
1508	2.342272	-0.992103	2.404977	
1509	2.341607	-0.986144	2.395548	
1510	2.339922	-0.980978	2.383703	
1511	2.339446	-0.974366	2.373347	
1512	2.338293	-0.968647	2.364143	
1513	2.335945	-0.965117	2.353751	
1514	2.335576	-0.958552	2.345152	
1515	2.334691	-0.952998	2.337451	
1516	2.332048	-0.951164	2.328731	
1517	2.330445	-0.945797	2.320697	
1518	2.328351	-0.942720	2.313524	
1519	2.326893	-0.938643	2.306694	
1520	2.325861	-0.933444	2.300500	
1521	2.324850	-0.929548	2.294219	
1522	2.324400	-0.926695	2.289037	
1523	2.324670	-0.922615	2.283885	
1524	2.325189	-0.918292	2.279153	
1525	2.325172	-0.916344	2.272561	
1526	2.324512	-0.913890	2.263650	
1527	2.325794	-0.910718	2.257451	
1528	2.326207	-0.908299	2.249345	
1529	2.327622	-0.904114	2.241671	
1530	2.330094	-0.899110	2.233496	
1531	2.333625	-0.892611	2.225941	
1532	2.337244	-0.886655	2.217004	
1533	2.340919	-0.880774	2.208018	
1534	2.343918	-0.876184	2.198982	
1535	2.347052	-0.871653	2.189060	
1536	2.351079	-0.864461	2.178794	
1537	2.355058	-0.860379	2.170289	
1538	2.358752	-0.855280	2.160623	
1539	2.362537	-0.850681	2.151982	
1540	2.366038	-0.845740	2.142424	
1541	2.369711	-0.840873	2.132455	
1542	2.374691	-0.835683	2.126019	
1543	2.377700	-0.832098	2.118196	
1544	2.381011	-0.829607	2.109389	
1545	2.385397	-0.823365	2.102446	
1546	2.388185	-0.818930	2.094795	
1547	2.391742	-0.815015	2.086837	
1548	2.394117	-0.810158	2.078333	
1549	2.397738	-0.804437	2.071370	
1550	2.400471	-0.799794	2.062582	
1551	2.403337	-0.793704	2.053847	
1552	2.404373	-0.789999	2.044693	
1553	2.406483	-0.785823	2.036745	
1554	2.408410	-0.780353	2.028751	
1555	2.409624	-0.775676	2.019902	
1556	2.410985	-0.770455	2.011786	
1557	2.411433	-0.765852	2.003109	
1558	2.411699	-0.763089	1.994751	
1559	2.412174	-0.757537	1.986028	
1560	2.413591	-0.751033	1.977788	
1561	2.414260	-0.745735	1.969380	
1562	2.414370	-0.740014	1.958320	
1563	2.414081	-0.735219	1.949005	
1564	2.414297	-0.723252	1.928312	
1565	2.415153	-0.717038	1.919188	
1566	2.416167	-0.710736	1.909192	
1567	2.417691	-0.704084	1.898626	
1568	2.420132	-0.698015	1.888885	
1569	2.423065	-0.690003	1.878870	
1570	2.425285	-0.685138	1.870673	
1571	2.427061	-0.682445	1.861049	
1572	2.429375	-0.676896	1.850739	
1573	2.431317	-0.672756	1.843424	
1574	2.432329	-0.670378	1.834498	
1575	2.435344	-0.665187	1.827107	
1576	2.436189	-0.663596	1.817452	
1577	2.438735	-0.660058	1.808969	
1578	2.441471	-0.657798	1.802732	
1579	2.445209	-0.652817	1.783493	
1580	2.448603	-0.649170	1.776314	
1581	2.450386	-0.647576	1.767302	
1582	2.453352	-0.644109	1.758029	
1583	2.457570	-0.639944	1.748986	
1584	2.460690	-0.636258	1.738765	
1585	2.464650	-0.633258	1.729579	
1586	2.468925	-0.627562	1.719986	
1587	2.471980	-0.623994	1.708326	
1588	2.476115	-0.619181	1.698305	
1589	2.481173	-0.613041	1.688138	
1590	2.485230	-0.609183	1.677637	
1591	2.488656	-0.606837	1.666467	
1592	2.492167	-0.603001	1.654581	
1593	2.497090	-0.598996	1.645781	
1594	2.500731	-0.595282	1.635469	
1595	2.506098	-0.589177	1.625183	
1596	2.511422	-0.581366	1.616980	
1597	2.515156	-0.577399	1.606673	
1598	2.520326	-0.570253	1.598670	
1599	2.524015	-0.563934	1.589558	
1600	2.528311	-0.557965	1.582188	
1601	2.531511	-0.551909	1.573621	
1602	2.534073	-0.545399	1.565832	
1603	2.537472	-0.539066	1.558927	
1604	2.539051	-0.533186	1.551681	
1605	2.541487	-0.528175	1.547101	
1606	2.543204	-0.520700	1.540520	
1607	2.543560	-0.515491	1.534461	
1608	2.544421	-0.510756	1.528410	
1609	2.544917	-0.504261	1.521511	
1610	2.544262	-0.500282	1.515004	
1611	2.544514	-0.494823	1.508957	
1612	2.543325	-0.490888	1.502682	
1613	2.541361	-0.485747	1.495730	
1614	2.538041	-0.473595	1.480689	
1615	2.534772	-0.467639	1.470517	
1616	2.531458	-0.462691	1.462651	
1617	2.529031	-0.455691	1.454108	
1618	2.525488	-0.450233	1.445281	
1619	2.521716	-0.443842	1.436693	
1620	2.517685	-0.436872	1.427819	
1621	2.513740	-0.431381	1.419222	
1622	2.509320	-0.427037	1.411418	
1623	2.504887	-0.422686	1.402996	
1624	2.500188	-0.417866	1.394389	
1625	2.496367	-0.411642	1.386677	
1626	2.491377	-0.408348	1.378998	
1627	2.485362	-0.406136	1.370509	
1628	2.480606	-0.402922	1.364008	
1629	2.474490	-0.400653	1.355752	
1630	2.469550	-0.398200	1.349306	
1631	2.464576	-0.396730	1.341823	
1632	2.460164	-0.394290	1.333097	
1633	2.456228	-0.392107	1.324744	
1634	2.452826	-0.389370	1.316984	
1635	2.449575	-0.386743	1.309799	
1636	2.445354	-0.385747	1.302632	
1637	2.441741	-0.382405	1.296599	
1638	2.437830	-0.381222	1.290345	
1639	2.434166	-0.378081	1.285437	
1640	2.429760	-0.376288	1.280035	
1641	2.424191	-0.375464	1.274343	
1642	2.420541	-0.372352	1.270148	
1643	2.417379	-0.370488	1.266726	
1644	2.411997	-0.369130	1.262455	
1645	2.408576	-0.367687	1.259838	
1646	2.404634	-0.367058	1.257778	
1647	2.399714	-0.364950	1.254419	
1648	2.397435	-0.361463	1.254752	
1649	2.394092	-0.357338	1.254206	
1650	2.389780	-0.355868	1.252935	
1651	2.385520	-0.353964	1.251195	
1652	2.378507	-0.351784	1.246830	
1653	2.373948	-0.349420	1.244903	
1654	2.369720	-0.347166	1.243757	
1655	2.363863	-0.345375	1.241675	
1656	2.357964	-0.343608	1.239232	
1657	2.351823	-0.339906	1.237749	
1658	2.345381	-0.338623	1.236356	
1659	2.338059	-0.336950	1.234153	
1660	2.331125	-0.335551	1.232616	
1661	2.321995	-0.334109	1.229492	
1662	2.313116	-0.333192	1.227167	
1663	2.304978	-0.331572	1.225424	
1664	2.294226	-0.330831	1.222113	
1665	2.285217	-0.329908	1.219899	
1666	2.277507	-0.328619	1.218363	
1667	2.267889	-0.328999	1.216086	
1668	2.256148	-0.329429	1.211285	
1669	2.248023	-0.329058	1.209231	
1670	2.238496	-0.328617	1.207083	
1671	2.225760	-0.327584	1.203029	
1672	2.215613	-0.327341	1.201380	
1673	2.205311	-0.327828	1.200765	
1674	2.192142	-0.327692	1.198568	
1675	2.180492	-0.326789	1.196759	
1676	2.170110	-0.325862	1.195789	
1677	2.157961	-0.325190	1.194479	
1678	2.146662	-0.323601	1.193068	
1679	2.137311	-0.322635	1.193686	
1680	2.127406	-0.322083	1.193741	
1681	2.117421	-0.320469	1.192957	
1682	2.108521	-0.320108	1.193043	
1683	2.100134	-0.318338	1.192823	
1684	2.092259	-0.316563	1.192554	
1685	2.084382	-0.315234	1.192254	
1686	2.076601	-0.314488	1.190456	
1687	2.070146	-0.312383	1.189856	
1688	2.055601	-0.310248	1.187602	
1689	2.049553	-0.308640	1.187462	
1690	2.042719	-0.306854	1.185814	
1691	2.036033	-0.304787	1.184079	
1692	2.029067	-0.301805	1.182125	
1693	2.023073	-0.297917	1.180363	
1694	2.016310	-0.293941	1.178175	
1695	2.009338	-0.289753	1.175545	
1696	2.002579	-0.286281	1.172419	
1697	1.996495	-0.281616	1.169751	
1698	1.990289	-0.277045	1.165662	
1699	1.984273	-0.272941	1.162001	
1700	1.978878	-0.268275	1.158629	
1701	1.973762	-0.264485	1.155246	
1702	1.967608	-0.260452	1.150923	
1703	1.962818	-0.255706	1.147555	
1704	1.957328	-0.251703	1.142344	
1705	1.951279	-0.248197	1.136939	
1706	1.947204	-0.244125	1.133015	
1707	1.941104	-0.241413	1.127611	
1708	1.935987	-0.236817	1.122708	
1709	1.931300	-0.233632	1.118596	
1710	1.924217	-0.230882	1.113631	
1711	1.918036	-0.226706	1.109138	
1712	1.913097	-0.223158	1.105844	
1713	1.906138	-0.220683	1.101341	
1714	1.899112	-0.216866	1.096798	
1715	1.892385	-0.214228	1.093190	
1716	1.884219	-0.211780	1.088272	
1717	1.877098	-0.208576	1.084403	
1718	1.868528	-0.205984	1.079253	
1719	1.859701	-0.202971	1.074601	
1720	1.851071	-0.199796	1.070379	
1721	1.842120	-0.197619	1.065810	
1722	1.833158	-0.195037	1.062355	
1723	1.822781	-0.192286	1.057925	
1724	1.812323	-0.190087	1.053308	
1725	1.800649	-0.188282	1.049022	
1726	1.789973	-0.185981	1.045492	
1727	1.780837	-0.184663	1.042073	
1728	1.771105	-0.182633	1.038945	
1729	1.753363	-0.178501	1.033906	
1730	1.745015	-0.177058	1.032313	
1731	1.736122	-0.174924	1.030059	
1732	1.728607	-0.173636	1.028652	
1733	1.720772	-0.172659	1.027263	
1734	1.713062	-0.171318	1.025851	
1735	1.706567	-0.168921	1.024742	
1736	1.699639	-0.167484	1.023129	
1737	1.693040	-0.167275	1.021592	
1738	1.687009	-0.166054	1.019864	
1739	1.680587	-0.165335	1.018149	
1740	1.675469	-0.164587	1.017253	
1741	1.668433	-0.162984	1.015408	
1742	1.664292	-0.161750	1.014749	
1743	1.658250	-0.160000	1.013222	
1744	1.653588	-0.158510	1.012121	
1745	1.648196	-0.157622	1.009971	
1746	1.643431	-0.156954	1.008176	
1747	1.636992	-0.155159	1.005247	
1748	1.632098	-0.155278	1.002728	
1749	1.626830	-0.154205	0.999843	
1750	1.621242	-0.151634	0.996813	
1751	1.615835	-0.149549	0.993351	
1752	1.609813	-0.147984	0.989581	
1753	1.603594	-0.144794	0.985648	
1754	1.597470	-0.140936	0.981541	
1755	1.590633	-0.139000	0.976138	
1756	1.584702	-0.134152	0.971504	
1757	1.578979	-0.130673	0.966497	
1758	1.565562	-0.123445	0.954491	
1759	1.559631	-0.120172	0.948702	
1760	1.553718	-0.116837	0.942963	
1761	1.546907	-0.113168	0.936512	
1762	1.541327	-0.110090	0.930241	
1763	1.534928	-0.107095	0.924029	
1764	1.529536	-0.102342	0.918442	
1765	1.524296	-0.098858	0.912802	
1766	1.510951	-0.092244	0.900844	
1767	1.505439	-0.089485	0.894997	
1768	1.498776	-0.083644	0.889659	
1769	1.493202	-0.079939	0.884418	
1770	1.488051	-0.077839	0.878533	
1771	1.483131	-0.073631	0.873992	
1772	1.478724	-0.070617	0.869484	
1773	1.474058	-0.067910	0.865032	
1774	1.469302	-0.066518	0.860749	
1775	1.464717	-0.065493	0.857205	
1776	1.453615	-0.069282	0.847551	
1777	1.448744	-0.069917	0.843376	
1778	1.442820	-0.073008	0.838475	
1779	1.436285	-0.076766	0.833364	
1780	1.429426	-0.079112	0.828414	
1781	1.415649	-0.086854	0.817860	
1782	1.408696	-0.088315	0.813369	
1783	1.400498	-0.090055	0.808810	
1784	1.394265	-0.090206	0.805390	
1785	1.386716	-0.090894	0.801673	
1786	1.378813	-0.091913	0.797746	
1787	1.371655	-0.092954	0.793962	
1788	1.364520	-0.092488	0.790595	
1789	1.352024	-0.092151	0.785522	
1790	1.344944	-0.092711	0.782500	
1791	1.339306	-0.093071	0.780100	
1792	1.332453	-0.092488	0.777725	
1793	1.326986	-0.093383	0.774591	
1794	1.321288	-0.092268	0.772076	
1795	1.316433	-0.092438	0.769384	
1796	1.309930	-0.092643	0.766537	
1797	1.304667	-0.091865	0.764215	
1798	1.298138	-0.091211	0.761416	
1799	1.293053	-0.090827	0.758799	
1800	1.287796	-0.088680	0.756562	
1801	1.282510	-0.087463	0.753137	
1802	1.277718	-0.086244	0.749898	
1803	1.271183	-0.085398	0.746450	
1804	1.268205	-0.084907	0.743546	
1805	1.264579	-0.081971	0.741624	
1806	1.260427	-0.080259	0.740050	
1807	1.256025	-0.079526	0.737397	
1808	1.251959	-0.077320	0.734983	
1809	1.248844	-0.074463	0.732913	
1810	1.244727	-0.073660	0.729322	
1811	1.241316	-0.070056	0.726074	
1812	1.237543	-0.065711	0.723002	
1813	1.234184	-0.064326	0.717577	
1814	1.228176	-0.059978	0.712431	
1815	1.224844	-0.055134	0.707969	
1816	1.222553	-0.053193	0.701568	
1817	1.218156	-0.048600	0.695659	
1818	1.215559	-0.043274	0.690890	
1819	1.213835	-0.041873	0.684614	
1820	1.210557	-0.037178	0.679190	
1821	1.206229	-0.035227	0.673639	
1822	1.203923	-0.033109	0.667921	
1823	1.199596	-0.026619	0.664279	
1824	1.196885	-0.026396	0.658554	
1825	1.193241	-0.025031	0.653122	
1826	1.188048	-0.021571	0.648890	
1827	1.185561	-0.020105	0.644105	
1828	1.180596	-0.019954	0.638569	
1829	1.175488	-0.016640	0.635481	
1830	1.171402	-0.016874	0.630849	
1831	1.165390	-0.016665	0.626104	
1832	1.157612	-0.014854	0.622536	
1833	1.151694	-0.014815	0.618383	
1834	1.143811	-0.014914	0.613756	
1835	1.134905	-0.014801	0.609489	
1836	1.127137	-0.014920	0.605511	
1837	1.121452	-0.016571	0.600873	
1838	1.111513	-0.017355	0.597289	
1839	1.101823	-0.019641	0.593705	
1840	1.094036	-0.024236	0.590003	
1841	1.084673	-0.029128	0.586758	
1842	1.073427	-0.033951	0.584142	
1843	1.064598	-0.037889	0.582940	
1844	1.054731	-0.040341	0.582739	
1845	1.042865	-0.043407	0.582994	
1846	1.031759	-0.048599	0.582650	
1847	1.021447	-0.052610	0.583105	
1848	1.010387	-0.054959	0.584246	
1849	1.001317	-0.057300	0.585262	
1850	0.990953	-0.059856	0.586674	
1851	0.979311	-0.064029	0.588588	
1852	0.969037	-0.068057	0.589965	
1853	0.957839	-0.070372	0.591569	
1854	0.947044	-0.073851	0.592593	
1855	0.937251	-0.079622	0.593308	
1856	0.926767	-0.080169	0.595583	
1857	0.917393	-0.082448	0.597704	
1858	0.908342	-0.085450	0.599705	
1859	0.899417	-0.087611	0.601693	
1860	0.890028	-0.091490	0.603765	
1861	0.883202	-0.092364	0.606012	
1862	0.874704	-0.094055	0.609553	
1863	0.868253	-0.095409	0.611807	
1864	0.860883	-0.097684	0.614454	
1865	0.853559	-0.098357	0.617638	
1866	0.846310	-0.102118	0.620912	
1867	0.839413	-0.103994	0.623780	
1868	0.831055	-0.101051	0.627797	
1869	0.825865	-0.102379	0.631532	
1870	0.821063	-0.106901	0.633295	
1871	0.813876	-0.108437	0.636178	
1872	0.805285	-0.108738	0.640280	
1873	0.801239	-0.114361	0.641664	
1874	0.796357	-0.115209	0.643497	
1875	0.788393	-0.116931	0.646969	
1876	0.784366	-0.120820	0.648755	
1877	0.779066	-0.118581	0.651302	
1878	0.772370	-0.119968	0.654687	
1879	0.767773	-0.121235	0.657067	
1880	0.763524	-0.125334	0.659555	
1881	0.757690	-0.124613	0.663011	
1882	0.752618	-0.123105	0.666622	
1883	0.749037	-0.123986	0.670008	
1884	0.741031	-0.125150	0.677397	
1885	0.736418	-0.125998	0.680923	
1886	0.731225	-0.124800	0.685522	
1887	0.727138	-0.125815	0.689472	
1888	0.723465	-0.126279	0.693074	
1889	0.719171	-0.124991	0.697740	
1890	0.717525	-0.125968	0.702635	
1891	0.714398	-0.124779	0.707582	
1892	0.710836	-0.124573	0.713467	
1893	0.708470	-0.123555	0.720102	
1894	0.705073	-0.124581	0.727294	
1895	0.702355	-0.123949	0.735598	
1896	0.700256	-0.122875	0.744007	
1897	0.697331	-0.123602	0.752416	
1898	0.694906	-0.122105	0.761319	
1899	0.693135	-0.122108	0.769858	
1900	0.690377	-0.123405	0.777584	
1901	0.687319	-0.123089	0.785153	
1902	0.685526	-0.125862	0.792789	
1903	0.682203	-0.126489	0.800247	
1904	0.679205	-0.128397	0.807839	
1905	0.675441	-0.127988	0.816179	
1906	0.672344	-0.131076	0.824024	
1907	0.669305	-0.136216	0.831427	
1908	0.666006	-0.138717	0.839907	
1909	0.663048	-0.141550	0.847589	
1910	0.660259	-0.146734	0.854565	
1911	0.657584	-0.147615	0.863496	
1912	0.654853	-0.151467	0.871246	
1913	0.651367	-0.155524	0.877571	
1914	0.649549	-0.157236	0.886265	
1915	0.648898	-0.160347	0.893790	
1916	0.647696	-0.163595	0.900401	
1917	0.646473	-0.165076	0.907843	
1918	0.646270	-0.166584	0.915015	
1919	0.645944	-0.170145	0.920683	
1920	0.645614	-0.171876	0.927137	
1921	0.645830	-0.174295	0.933253	
1922	0.646791	-0.177444	0.938760	
1923	0.648845	-0.179496	0.944860	
1924	0.649975	-0.181638	0.950551	
1925	0.651259	-0.184907	0.955445	
1926	0.652195	-0.187408	0.960311	
1927	0.653455	-0.189056	0.965710	
1928	0.655564	-0.191715	0.971183	
1929	0.656058	-0.194172	0.976094	
1930	0.657381	-0.195078	0.982551	
1931	0.657592	-0.197806	0.987972	
1932	0.658699	-0.199331	0.993290	
1933	0.661293	-0.201210	0.999551	
1934	0.662333	-0.203100	1.004317	
1935	0.662852	-0.203829	1.008912	
1936	0.664381	-0.203788	1.014585	
1937	0.664970	-0.204278	1.019086	
1938	0.667011	-0.204399	1.029651	
1939	0.667545	-0.204261	1.033881	
1940	0.668223	-0.203193	1.038238	
1941	0.669555	-0.200241	1.048875	
1942	0.669512	-0.198424	1.053533	
1943	0.670280	-0.196100	1.059479	
1944	0.671776	-0.194125	1.064850	
1945	0.671981	-0.191410	1.070695	
1946	0.672000	-0.188725	1.076649	
1947	0.672403	-0.186594	1.082298	
1948	0.670386	-0.179360	1.100351	
1949	0.670140	-0.176604	1.107121	
1950	0.670532	-0.175635	1.113986	
1951	0.670774	-0.174018	1.128201	
1952	0.670182	-0.172958	1.135432	
1953	0.669145	-0.172470	1.142569	
1954	0.668990	-0.172784	1.149142	
1955	0.668957	-0.172994	1.155529	
1956	0.669341	-0.172653	1.162164	
1957	0.668756	-0.173871	1.173165	
1958	0.668590	-0.174444	1.178725	
1959	0.668429	-0.175353	1.183824	
1960	0.669280	-0.175296	1.189483	
1961	0.669934	-0.175694	1.195134	
1962	0.670029	-0.176114	1.200209	
1963	0.670209	-0.176709	1.205110	
1964	0.671483	-0.176342	1.210267	
1965	0.672276	-0.176522	1.215147	
1966	0.672882	-0.177310	1.219500	
1967	0.673231	-0.176839	1.224159	
1968	0.672837	-0.176678	1.228119	
1969	0.673325	-0.176260	1.231798	
1970	0.673003	-0.175118	1.236121	
1971	0.673757	-0.173803	1.239872	
1972	0.674140	-0.172521	1.243033	
1973	0.673707	-0.170805	1.246255	
1974	0.675353	-0.169991	1.249305	
1975	0.675339	-0.168772	1.251654	
1976	0.673933	-0.167685	1.253790	
1977	0.673330	-0.166924	1.255499	
1978	0.673074	-0.166069	1.257670	
1979	0.672552	-0.165815	1.259217	
1980	0.671060	-0.164541	1.260701	
1981	0.669660	-0.163422	1.262533	
1982	0.668450	-0.162330	1.264269	
1983	0.664544	-0.161488	1.266971	
1984	0.662406	-0.159122	1.269098	
1985	0.660349	-0.156300	1.270973	
1986	0.657397	-0.153462	1.272952	
1987	0.654077	-0.151550	1.274001	
1988	0.650251	-0.148506	1.275290	
1989	0.646839	-0.146478	1.276436	
1990	0.643384	-0.145352	1.277143	
1991	0.639858	-0.144179	1.277809	
1992	0.637591	-0.143552	1.278865	
1993	0.634831	-0.143817	1.279630	
1994	0.631954	-0.143275	1.280646	
1995	0.630074	-0.142637	1.282026	
1996	0.627890	-0.142406	1.283551	
1997	0.624660	-0.141272	1.285031	
1998	0.621480	-0.140477	1.286553	
1999	0.617478	-0.140061	1.287392	
2000	0.613171	-0.139534	1.288336	
2001	0.608690	-0.140137	1.288444	
2002	0.604136	-0.139451	1.288866	
2003	0.599730	-0.139179	1.289460	
2004	0.596065	-0.139019	1.289999	
2005	0.591804	-0.138769	1.290501	
2006	0.587759	-0.138211	1.291233	
2007	0.583841	-0.138970	1.291283	
2008	0.579185	-0.139315	1.291139	
2009	0.573794	-0.139235	1.290458	
2010	0.568921	-0.138589	1.289968	
2011	0.563554	-0.137850	1.289544	
2012	0.557990	-0.137286	1.288812	
2013	0.552498	-0.138412	1.287168	
2014	0.547264	-0.137155	1.286129	
2015	0.542339	-0.136090	1.285285	
2016	0.538400	-0.135052	1.284570	
2017	0.534684	-0.132748	1.284510	
2018	0.530353	-0.133389	1.283068	
2019	0.527520	-0.132012	1.282778	
2020	0.524113	-0.131799	1.282421	
2021	0.521267	-0.131434	1.281738	
2022	0.518343	-0.130433	1.281189	
2023	0.513081	-0.130466	1.279947	
2024	0.510859	-0.129881	1.279433	
2025	0.508371	-0.129924	1.278967	
2026	0.505372	-0.130182	1.277719	
2027	0.502965	-0.128314	1.277672	
2028	0.500499	-0.128838	1.277065	
2029	0.498132	-0.127501	1.276202	
2030	0.495834	-0.127346	1.275804	
2031	0.493019	-0.126663	1.274841	
2032	0.490246	-0.125810	1.274048	
2033	0.487162	-0.125773	1.272980	
2034	0.483397	-0.125090	1.271327	
2035	0.480390	-0.124472	1.270391	
2036	0.476486	-0.123676	1.268553	
2037	0.472987	-0.123134	1.267096	
2038	0.468952	-0.122653	1.264749	
2039	0.465602	-0.122700	1.263375	
2040	0.461888	-0.121510	1.261147	
2041	0.458831	-0.121335	1.259363	
2042	0.455784	-0.121078	1.257525	
2043	0.452929	-0.120175	1.255884	
2044	0.445859	-0.118456	1.249784	
2045	0.439047	-0.115204	1.243999	
2046	0.434737	-0.113998	1.240029	
2047	0.432247	-0.112615	1.237476	
2048	0.428694	-0.111491	1.233718	
2049	0.425444	-0.109046	1.230587	
2050	0.421932	-0.108522	1.227106	
2051	0.418849	-0.107045	1.224185	
2052	0.416154	-0.105501	1.221923	
2053	0.412961	-0.104916	1.218635	
2054	0.410518	-0.103076	1.216472	
2055	0.406973	-0.102178	1.213216	
2056	0.403635	-0.101244	1.210118	
2057	0.397844	-0.098137	1.204704	
2058	0.394455	-0.097493	1.201422	
2059	0.392279	-0.095934	1.199472	
2060	0.388859	-0.094212	1.196263	
2061	0.385870	-0.092299	1.193490	
2062	0.380474	-0.088042	1.188626	
2063	0.378164	-0.085412	1.186361	
2064	0.373720	-0.079843	1.181863	
2065	0.371741	-0.077939	1.180044	
2066	0.369922	-0.076188	1.177762	
2067	0.368824	-0.073911	1.176454	
2068	0.366480	-0.073070	1.173714	
2069	0.364947	-0.072000	1.171415	
2070	0.361136	-0.070830	1.166934	
2071	0.359894	-0.070711	1.164869	
2072	0.357842	-0.069800	1.162192	
2073	0.355876	-0.070523	1.159009	
2074	0.354172	-0.070702	1.155706	
2075	0.353395	-0.069710	1.153301	
2076	0.351337	-0.069963	1.149284	
2077	0.350471	-0.068774	1.145885	
2078	0.349760	-0.068181	1.142660	
2079	0.348699	-0.068691	1.138617	
2080	0.348112	-0.067717	1.134895	
2081	0.347198	-0.066145	1.130928	
2082	0.346349	-0.065681	1.126389	
2083	0.345798	-0.064588	1.122008	
2084	0.345395	-0.063109	1.116988	
2085	0.344441	-0.061610	1.111353	
2086	0.344675	-0.059764	1.106337	
2087	0.344764	-0.059752	1.101073	
2088	0.344965	-0.058213	1.094988	
2089	0.345904	-0.056499	1.089318	
2090	0.346601	-0.055279	1.083289	
2091	0.347888	-0.052563	1.077701	
2092	0.351841	-0.048635	1.072794	
2093	0.350614	-0.047868	1.066151	
2094	0.352067	-0.044205	1.061188	
2095	0.355931	-0.042828	1.054984	
2096	0.353381	-0.042189	1.048323	
2097	0.354013	-0.038963	1.042238	
2098	0.355045	-0.037865	1.034798	
2099	0.354361	-0.035774	1.026942	
2100	0.355243	-0.032974	1.019766	
2101	0.354774	-0.032283	1.011236	
2102	0.354198	-0.029992	1.003553	
2103	0.354713	-0.027507	0.997240	
2104	0.354059	-0.026572	0.990398	
2105	0.352569	-0.026550	0.983449	
2106	0.350833	-0.026523	0.976697	
2107	0.349490	-0.027344	0.970581	
2108	0.346752	-0.028461	0.964447	
2109	0.345177	-0.028530	0.959934	
2110	0.342264	-0.029563	0.954305	
2111	0.339197	-0.029549	0.948989	
2112	0.336139	-0.028900	0.944095	
2113	0.332428	-0.030484	0.938478	
2114	0.328804	-0.028950	0.933798	
2115	0.325140	-0.027328	0.929505	
2116	0.322862	-0.027677	0.925554	
2117	0.318828	-0.026219	0.921057	
2118	0.315871	-0.024802	0.916835	
2119	0.312778	-0.024745	0.912130	
2120	0.310493	-0.023675	0.907615	
2121	0.309280	-0.022454	0.903291	
2122	0.304131	-0.024644	0.891035	
2123	0.304035	-0.022532	0.885806	
2124	0.300044	-0.024748	0.871536	
2125	0.301184	-0.021893	0.865957	
2126	0.299166	-0.024709	0.857836	
2127	0.299144	-0.023641	0.851019	
2128	0.299882	-0.021193	0.844636	
2129	0.299461	-0.022608	0.836664	
2130	0.299695	-0.025044	0.828635	
2131	0.298098	-0.021617	0.820520	
2132	0.298593	-0.021677	0.812600	
2133	0.297532	-0.020242	0.797496	
2134	0.299534	-0.023361	0.782893	
2135	0.298583	-0.020385	0.776559	
2136	0.299623	-0.020251	0.770483	
2137	0.298445	-0.020184	0.763445	
2138	0.299612	-0.019561	0.758147	
2139	0.299989	-0.017114	0.752455	
2140	0.301427	-0.018478	0.746403	
2141	0.301267	-0.018025	0.740107	
2142	0.301982	-0.015266	0.734065	
2143	0.302950	-0.012742	0.728249	
2144	0.304997	-0.013145	0.721967	
2145	0.306549	-0.012178	0.716180	
2146	0.306917	-0.009293	0.709752	
2147	0.308623	-0.009436	0.703744	
2148	0.310896	-0.008401	0.697081	
2149	0.316498	-0.002709	0.686225	
2150	0.318164	-0.003639	0.678600	
2151	0.320179	-0.000714	0.672457	
2152	0.323954	0.000424	0.655926	
2153	0.325640	0.002575	0.647670	
2154	0.327103	0.007328	0.640950	
2155	0.328717	0.009531	0.632261	
2156	0.329083	0.010513	0.622687	
2157	0.330888	0.010978	0.613674	
2158	0.332217	0.015489	0.604795	
2159	0.332919	0.015875	0.593014	
2160	0.334150	0.017908	0.582647	
2161	0.339625	0.022448	0.561079	
2162	0.339224	0.025451	0.550932	
2163	0.339994	0.028254	0.540665	
2164	0.340526	0.032005	0.529306	
2165	0.339343	0.031917	0.515982	
2166	0.339604	0.035517	0.505838	
2167	0.340136	0.038476	0.495285	
2168	0.340723	0.039217	0.482728	
2169	0.338513	0.040338	0.470211	
2170	0.338336	0.041178	0.460018	
2171	0.337100	0.043559	0.449493	
2172	0.335720	0.044456	0.438796	
2173	0.335880	0.046912	0.429947	
2174	0.334234	0.050079	0.421666	
2175	0.333600	0.051998	0.412861	
2176	0.331544	0.052194	0.403994	
2177	0.331115	0.055484	0.397540	
2178	0.330685	0.057476	0.390463	
2179	0.331220	0.057333	0.382474	
2180	0.327199	0.060399	0.370527	
2181	0.323921	0.061533	0.364233	
2182	0.319994	0.062328	0.358596	
2183	0.311720	0.063473	0.353007	
2184	0.309146	0.065511	0.347054	
2185	0.303824	0.065425	0.340605	
2186	0.297155	0.066328	0.335872	
2187	0.291493	0.067332	0.330732	
2188	0.285314	0.067631	0.324774	
2189	0.277790	0.069386	0.319553	
2190	0.269016	0.071603	0.314489	
2191	0.260894	0.072804	0.307800	
2192	0.252828	0.072931	0.300510	
2193	0.243618	0.074306	0.294948	
2194	0.233943	0.076607	0.289184	
2195	0.225864	0.077134	0.282598	
2196	0.215697	0.077126	0.275778	
2197	0.206450	0.078940	0.269869	
2198	0.198329	0.080580	0.263482	
2199	0.189739	0.080476	0.256748	
2200	0.180952	0.080960	0.251112	
2201	0.174232	0.082108	0.245264	
2202	0.167127	0.083223	0.239089	
2203	0.157915	0.083261	0.233122	
2204	0.150576	0.083699	0.228123	
2205	0.142334	0.085071	0.223264	
2206	0.134027	0.085273	0.217680	
2207	0.126552	0.085607	0.212152	
2208	0.119519	0.085661	0.206628	
2209	0.112757	0.086402	0.200844	
2210	0.105762	0.086422	0.194813	
2211	0.098515	0.086202	0.189314	
2212	0.091311	0.086921	0.184323	
2213	0.084534	0.087554	0.179002	
2214	0.067771	0.090189	0.169779	
2215	0.059756	0.090501	0.163842	
2216	0.051238	0.091229	0.158214	
2217	0.043407	0.091643	0.152220	
2218	0.035199	0.092421	0.145389	
2219	0.026161	0.092375	0.138825	
2220	0.018891	0.094011	0.132633	
2221	0.011216	0.094168	0.124994	
2222	0.000875	0.095370	0.117658	
2223	-0.007578	0.098351	0.111589	
2224	-0.015709	0.100912	0.104089	
2225	-0.026245	0.102175	0.096244	
2226	-0.034488	0.104496	0.090013	
2227	-0.043063	0.108707	0.083897	
2228	-0.052437	0.110941	0.077063	
2229	-0.061634	0.114334	0.071358	
2230	-0.068389	0.118632	0.065821	
2231	-0.077244	0.121810	0.059682	
2232	-0.086929	0.125702	0.054258	
2233	-0.094147	0.129584	0.048961	
2234	-0.101784	0.134753	0.043580	
2235	-0.119891	0.144295	0.033849	
2236	-0.124405	0.149613	0.029754	
2237	-0.133779	0.153072	0.023864	
2238	-0.141757	0.157135	0.020066	
2239	-0.147291	0.160004	0.016681	
2240	-0.153198	0.161602	0.013287	
2241	-0.160127	0.162982	0.009808	
2242	-0.165309	0.163949	0.006624	
2243	-0.172038	0.164390	0.003163	
2244	-0.178967	0.165536	0.000522	
2245	-0.184656	0.166129	-0.002269	
2246	-0.193308	0.166600	-0.005296	
2247	-0.201837	0.166618	-0.008022	
2248	-0.207777	0.167578	-0.009630	
2249	-0.212764	0.168453	-0.012451	
2250	-0.221573	0.168923	-0.015090	
2251	-0.229094	0.170633	-0.016640	
2252	-0.236378	0.171410	-0.018580	
2253	-0.243365	0.172327	-0.020102	
2254	-0.251693	0.171716	-0.021506	
2255	-0.258852	0.171903	-0.022617	
2256	-0.279233	0.169808	-0.024449	
2257	-0.294013	0.167983	-0.027138	
2258	-0.301192	0.168479	-0.027966	
2259	-0.308315	0.169189	-0.028660	
2260	-0.315745	0.169262	-0.029398	
2261	-0.322350	0.170358	-0.029575	
2262	-0.328125	0.172450	-0.029454	
2263	-0.335512	0.173180	-0.029588	
2264	-0.344683	0.173609	-0.030108	
2265	-0.352129	0.175618	-0.029835	
2266	-0.357988	0.176814	-0.030698	
2267	-0.365121	0.177151	-0.032141	
2268	-0.372724	0.176914	-0.034046	
2269	-0.380679	0.177323	-0.035660	
2270	-0.388499	0.175940	-0.038014	
2271	-0.396783	0.174389	-0.040492	
2272	-0.403073	0.173158	-0.042801	
2273	-0.410172	0.172438	-0.045270	
2274	-0.416975	0.169325	-0.048586	
2275	-0.426301	0.167835	-0.051129	
2276	-0.433158	0.166792	-0.053500	
2277	-0.439054	0.165997	-0.055991	
2278	-0.447486	0.165309	-0.057868	
2279	-0.454456	0.164753	-0.059648	
2280	-0.458865	0.164851	-0.061153	
2281	-0.467900	0.164042	-0.062862	
2282	-0.475918	0.165491	-0.063694	
2283	-0.481990	0.165184	-0.065423	
2284	-0.490240	0.163222	-0.067123	
2285	-0.495234	0.161854	-0.068410	
2286	-0.499152	0.161375	-0.070347	
2287	-0.505220	0.161383	-0.072983	
2288	-0.511786	0.160156	-0.075860	
2289	-0.517779	0.158508	-0.079570	
2290	-0.524160	0.158546	-0.083414	
2291	-0.530848	0.158364	-0.087856	
2292	-0.537137	0.158831	-0.092182	
2293	-0.543183	0.159864	-0.096992	
2294	-0.548626	0.160865	-0.102076	
2295	-0.557325	0.164788	-0.106962	
2296	-0.564107	0.167950	-0.112329	
2297	-0.569540	0.170546	-0.117913	
2298	-0.578406	0.174273	-0.122905	
2299	-0.585607	0.177884	-0.128077	
2300	-0.592319	0.183295	-0.132380	
2301	-0.597668	0.187520	-0.137308	
2302	-0.605139	0.191822	-0.141428	
2303	-0.612088	0.193954	-0.146115	
2304	-0.618833	0.201279	-0.149439	
2305	-0.624128	0.204604	-0.153996	
2306	-0.632013	0.208887	-0.157105	
2307	-0.637912	0.213802	-0.160374	
2308	-0.643397	0.218281	-0.164072	
2309	-0.649974	0.220947	-0.167675	
2310	-0.654397	0.224885	-0.171017	
2311	-0.660922	0.227790	-0.174001	
2312	-0.665501	0.230885	-0.176755	
2313	-0.671832	0.232840	-0.179074	
2314	-0.677281	0.233259	-0.181752	
2315	-0.682387	0.234843	-0.184057	
2316	-0.686943	0.235853	-0.186126	
2317	-0.691939	0.236891	-0.188176	
2318	-0.700215	0.238475	-0.189940	
2319	-0.705472	0.240052	-0.191535	
2320	-0.709845	0.240101	-0.194079	
2321	-0.715432	0.240354	-0.196926	
2322	-0.721799	0.240846	-0.199239	
2323	-0.727617	0.241149	-0.201837	
2324	-0.732903	0.240530	-0.205092	
2325	-0.739259	0.239288	-0.208034	
2326	-0.746123	0.239437	-0.210718	
2327	-0.751766	0.238852	-0.214273	
2328	-0.757680	0.236482	-0.217299	
2329	-0.764690	0.233137	-0.220559	
2330	-0.786278	0.231361	-0.220427	
2331	-0.793866	0.230788	-0.222934	
2332	-0.799027	0.228094	-0.225843	
2333	-0.808618	0.227696	-0.227909	
2334	-0.815867	0.227657	-0.230103	
2335	-0.823390	0.224960	-0.232442	
2336	-0.834326	0.225788	-0.233858	
2337	-0.839631	0.225804	-0.236597	
2338	-0.846312	0.224935	-0.239365	
2339	-0.859096	0.226694	-0.241425	
2340	-0.872801	0.229257	-0.243461	
2341	-0.877251	0.230117	-0.246959	
2342	-0.884353	0.230852	-0.250185	
2343	-0.895407	0.232849	-0.252534	
2344	-0.901455	0.231489	-0.255944	
2345	-0.909790	0.230833	-0.258893	
2346	-0.913648	0.231272	-0.262165	
2347	-0.920230	0.228898	-0.266067	
2348	-0.930138	0.228399	-0.268562	
2349	-0.937830	0.228647	-0.271327	
2350	-0.944654	0.227351	-0.274729	
2351	-0.951906	0.228494	-0.278136	
2352	-0.956070	0.225612	-0.282831	
2353	-0.962709	0.223325	-0.286994	
2354	-0.970001	0.221517	-0.290722	
2355	-0.975467	0.219579	-0.294950	
2356	-0.978931	0.219897	-0.299562	
2357	-0.988187	0.220504	-0.302995	
2358	-0.994664	0.222654	-0.306118	
2359	-1.000819	0.224083	-0.310186	
2360	-1.015646	0.225710	-0.318437	
2361	-1.027407	0.229741	-0.328775	
2362	-1.037829	0.234604	-0.333209	
2363	-1.045128	0.238263	-0.338375	
2364	-1.058494	0.245356	-0.348098	
2365	-1.075693	0.254068	-0.356748	
2366	-1.092019	0.260017	-0.365499	
2367	-1.102515	0.265668	-0.369420	
2368	-1.107100	0.268669	-0.374252	
2369	-1.114917	0.272574	-0.377268	
2370	-1.123602	0.278965	-0.379428	
2371	-1.132312	0.284541	-0.381051	
2372	-1.136019	0.287265	-0.383562	
2373	-1.140434	0.289029	-0.384460	
2374	-1.150977	0.293445	-0.382240	
2375	-1.157812	0.297782	-0.379947	
2376	-1.156556	0.298275	-0.379299	
2377	-1.160517	0.299996	-0.377371	
2378	-1.169039	0.301379	-0.373567	
2379	-1.178622	0.300348	-0.367221	
2380	-1.182661	0.302450	-0.363015	
2381	-1.188731	0.300334	-0.359195	
2382	-1.196875	0.297332	-0.353559	
2383	-1.199979	0.296035	-0.348989	
2384	-1.205757	0.296327	-0.342829	
2385	-1.212078	0.293027	-0.336528	
2386	-1.219555	0.290831	-0.329515	
2387	-1.225595	0.288681	-0.322919	
2388	-1.231791	0.281694	-0.315914	
2389	-1.240164	0.279019	-0.307721	
2390	-1.247122	0.276806	-0.300164	
2391	-1.252202	0.273019	-0.292418	
2392	-1.255471	0.266606	-0.285745	
2393	-1.264314	0.261306	-0.277632	
2394	-1.271860	0.256887	-0.270171	
2395	-1.277611	0.255146	-0.263261	
2396	-1.283613	0.249926	-0.256645	
2397	-1.288265	0.242572	-0.250620	
2398	-1.295151	0.237061	-0.243690	
2399	-1.306452	0.227949	-0.234527	
2400	-1.311574	0.221686	-0.228822	
2401	-1.314566	0.214981	-0.223221	
2402	-1.316088	0.208364	-0.218427	
2403	-1.321365	0.203303	-0.212829	
2404	-1.325744	0.197504	-0.207901	
2405	-1.327145	0.191530	-0.203683	
2406	-1.331502	0.188814	-0.198669	
2407	-1.335582	0.183916	-0.193611	
2408	-1.340463	0.179174	-0.188558	
2409	-1.344779	0.174622	-0.183398	
2410	-1.351462	0.168669	-0.173407	
2411	-1.354373	0.160353	-0.165140	
2412	-1.359188	0.158224	-0.160180	
2413	-1.361227	0.155203	-0.155668	
2414	-1.358946	0.150607	-0.152875	
2415	-1.363157	0.147659	-0.147370	
2416	-1.364400	0.144157	-0.143250	
2417	-1.363741	0.140547	-0.139268	
2418	-1.363830	0.137622	-0.135441	
2419	-1.368242	0.135149	-0.129924	
2420	-1.367795	0.131122	-0.126643	
2421	-1.370807	0.128238	-0.121701	
2422	-1.373607	0.126052	-0.117001	
2423	-1.374371	0.121789	-0.113372	
2424	-1.378653	0.120632	-0.108204	
2425	-1.379903	0.120337	-0.103456	
2426	-1.380128	0.117980	-0.099092	
2427	-1.385055	0.115122	-0.092914	
2428	-1.387122	0.113782	-0.086982	
2429	-1.388917	0.113809	-0.081602	
2430	-1.385936	0.112301	-0.077626	
2431	-1.388160	0.111454	-0.071663	
2432	-1.390335	0.111855	-0.065920	
2433	-1.392038	0.109488	-0.060417	
2434	-1.393150	0.107759	-0.054244	
2435	-1.391270	0.106788	-0.049608	
2436	-1.391566	0.105842	-0.043390	
2437	-1.390122	0.103375	-0.037554	
2438	-1.384655	0.101039	-0.032300	
2439	-1.382418	0.097077	-0.025413	
2440	-1.380309	0.091769	-0.017875	
2441	-1.376239	0.087366	-0.010075	
2442	-1.368819	0.084352	-0.003316	
2443	-1.363871	0.079021	0.004740	
2444	-1.363724	0.072993	0.014941	
2445	-1.356391	0.069313	0.023449	
2446	-1.345359	0.062962	0.029936	
2447	-1.344017	0.054907	0.039556	
2448	-1.336987	0.050720	0.048249	
2449	-1.322611	0.044576	0.053291	
2450	-1.320518	0.034307	0.061745	
2451	-1.318480	0.028290	0.071458	
2452	-1.303042	0.023727	0.077441	
2453	-1.293882	0.016529	0.084063	
2454	-1.292566	0.011446	0.093461	
2455	-1.284979	0.006858	0.100387	
2456	-1.274581	0.003373	0.105458	
2457	-1.272475	-0.000974	0.112654	
2458	-1.268502	-0.003118	0.118895	
2459	-1.258699	-0.006533	0.122872	
2460	-1.250676	-0.009976	0.126147	
2461	-1.247856	-0.010697	0.131375	
2462	-1.245294	-0.010920	0.136175	
2463	-1.236819	-0.012005	0.138967	
2464	-1.228775	-0.012263	0.142534	
2465	-1.225528	-0.011863	0.147815	
2466	-1.222451	-0.012652	0.152825	
2467	-1.215077	-0.014398	0.157412	
2468	-1.209176	-0.012207	0.163415	
2469	-1.205232	-0.010402	0.168406	
2470	-1.200653	-0.011000	0.172858	
2471	-1.197019	-0.009350	0.178124	
2472	-1.195248	-0.006580	0.184316	
2473	-1.189257	-0.006171	0.187770	
2474	-1.185886	-0.006283	0.192240	
2475	-1.182805	-0.004509	0.196757	
2476	-1.176913	-0.004411	0.199449	
2477	-1.174492	-0.006072	0.202664	
2478	-1.170457	-0.005483	0.205667	
2479	-1.166570	-0.003339	0.208625	
2480	-1.165226	-0.003458	0.211692	
2481	-1.160546	-0.003978	0.214641	
2482	-1.156552	-0.002619	0.218467	
2483	-1.150353	-0.005691	0.221198	
2484	-1.150201	-0.003479	0.227962	
2485	-1.148012	-0.000591	0.233872	
2486	-1.140239	-0.002492	0.237350	
2487	-1.137015	-0.004419	0.241776	
2488	-1.139208	-0.001568	0.247331	
2489	-1.135092	-0.002654	0.251373	
2490	-1.130415	-0.002031	0.255277	
2491	-1.128074	-0.001348	0.259553	
2492	-1.127032	-0.002453	0.264362	
2493	-1.122836	0.003168	0.269032	
2494	-1.116037	0.002624	0.271088	
2495	-1.116883	0.003661	0.275316	
2496	-1.117067	0.008448	0.280284	
2497	-1.111439	0.008722	0.281911	
2498	-1.111750	0.008907	0.284867	
2499	-1.114721	0.014420	0.289806	
2500	-1.110733	0.014994	0.290973	
2501	-1.110901	0.014867	0.293004	
2502	-1.112617	0.017360	0.296165	
2503	-1.110664	0.017172	0.297371	
2504	-1.112102	0.016683	0.298893	
2505	-1.114568	0.017868	0.301116	
2506	-1.113266	0.018614	0.302311	
2507	-1.113122	0.017920	0.303172	
2508	-1.114498	0.019235	0.304805	
2509	-1.113849	0.019932	0.306057	
2510	-1.111411	0.021129	0.306576	
2511	-1.112836	0.021515	0.307770	
2512	-1.114796	0.024454	0.310096	
2513	-1.113829	0.026177	0.311623	
2514	-1.114265	0.026587	0.312926	
2515	-1.118067	0.029224	0.316182	
2516	-1.115531	0.031252	0.317658	
2517	-1.113609	0.031641	0.318531	
2518	-1.118740	0.034462	0.322284	
2519	-1.117633	0.037006	0.324471	
2520	-1.115513	0.036991	0.325839	
2521	-1.118292	0.039117	0.329135	
2522	-1.117265	0.041104	0.331444	
2523	-1.115049	0.042490	0.333601	
2524	-1.113027	0.044294	0.335380	
2525	-1.114801	0.045832	0.338274	
2526	-1.110974	0.047214	0.339997	
2527	-1.108492	0.048804	0.341500	
2528	-1.110240	0.050703	0.344187	
2529	-1.109318	0.052580	0.346254	
2530	-1.104611	0.053675	0.346241	
2531	-1.104172	0.054026	0.347070	
2532	-1.105694	0.055999	0.348784	
2533	-1.102494	0.056857	0.348857	
2534	-1.101010	0.056468	0.348580	
2535	-1.103353	0.057196	0.350392	
2536	-1.100565	0.057903	0.350972	
2537	-1.099501	0.057233	0.351063	
2538	-1.099637	0.056812	0.351776	
2539	-1.098977	0.056434	0.352626	
2540	-1.097197	0.056316	0.352712	
2541	-1.095784	0.055323	0.353190	
2542	-1.093115	0.054817	0.352575	
2543	-1.092736	0.054242	0.352520	
2544	-1.091700	0.053910	0.352699	
2545	-1.089952	0.053330	0.352486	
2546	-1.090744	0.052022	0.352533	
2547	-1.090188	0.052702	0.353000	
2548	-1.087439	0.053807	0.352608	
2549	-1.088037	0.053862	0.352909	
2550	-1.088235	0.054906	0.353423	
2551	-1.085382	0.056994	0.353336	
2552	-1.084513	0.057125	0.353075	
2553	-1.084192	0.059247	0.353862	
2554	-1.080723	0.061091	0.353232	
2555	-1.080201	0.061682	0.353136	
2556	-1.080001	0.063140	0.353612	
2557	-1.076875	0.065547	0.352885	
2558	-1.075873	0.066053	0.352386	
2559	-1.076441	0.067396	0.352780	
2560	-1.073167	0.069470	0.352176	
2561	-1.072881	0.069989	0.351748	
2562	-1.073199	0.071469	0.352097	
2563	-1.069023	0.074115	0.351289	
2564	-1.068793	0.075245	0.351179	
2565	-1.067640	0.077368	0.351206	
2566	-1.063521	0.081046	0.349941	
2567	-1.063869	0.082359	0.349858	
2568	-1.060623	0.084385	0.348422	
2569	-1.060193	0.085599	0.347262	
2570	-1.058257	0.086619	0.346297	
2571	-1.058295	0.086915	0.345262	
2572	-1.057779	0.087486	0.344531	
2573	-1.055434	0.088076	0.343260	
2574	-1.055232	0.088622	0.341916	
2575	-1.052944	0.088274	0.340436	
2576	-1.053910	0.088446	0.340111	
2577	-1.051517	0.088476	0.339122	
2578	-1.049837	0.088676	0.337210	
2579	-1.048715	0.089399	0.336649	
2580	-1.045835	0.090182	0.335545	
2581	-1.045483	0.090757	0.334978	
2582	-1.045859	0.091225	0.334928	
2583	-1.043902	0.091925	0.334143	
