0	0.000000	0.000000	0.000000	
1	0.000000	0.000000	0.000000	
2	0.000000	0.000000	0.000000	
3	0.000000	0.000000	0.000000	
4	0.000187	-0.000041	-0.000128	
5	0.000162	0.000967	-0.000462	
6	0.000247	0.001127	-0.000525	
7	0.000099	-0.000257	-0.000080	
8	0.000252	-0.000206	-0.000021	
9	0.000355	0.000453	-0.000198	
10	0.000252	-0.000184	0.000001	
11	0.000257	-0.001045	0.000294	
12	0.000216	-0.001547	0.000618	
13	0.000305	-0.001652	0.000702	
14	0.000333	-0.001697	0.000776	
15	0.000649	-0.001724	0.000718	
16	0.000582	-0.001618	0.000751	
17	0.000549	-0.000920	0.000504	
18	0.000480	-0.001016	0.000452	
19	0.000244	-0.000797	0.000350	
20	0.000301	-0.000688	0.000216	
21	0.000376	-0.000823	0.000319	
22	0.000019	-0.000695	0.000253	
23	0.000010	-0.000833	0.000261	
24	-0.000200	-0.000867	0.000267	
25	-0.000042	-0.001153	0.000309	
26	-0.000336	-0.001090	0.000283	
27	-0.000418	-0.000996	0.000321	
28	-0.000710	-0.001303	0.000452	
29	-0.000550	-0.001706	0.000404	
30	-0.000724	-0.001450	0.000386	
31	-0.000940	-0.001074	0.000351	
32	-0.001214	-0.001236	0.000514	
33	-0.001670	-0.000900	0.000572	
34	-0.001935	-0.000072	0.000355	
35	-0.002387	0.000062	0.000320	
36	-0.002502	-0.000434	0.000556	
37	-0.002696	0.000157	0.000573	
38	-0.003246	0.001670	0.000225	
39	-0.003616	0.001282	0.000648	
40	-0.003919	0.000060	0.001367	
41	-0.004490	0.000332	0.001715	
42	-0.004679	0.000460	0.002254	
43	-0.005047	0.000119	0.002904	
44	-0.005406	0.000634	0.003452	
45	-0.005685	0.001739	0.003993	
46	-0.005732	0.002101	0.004890	
47	-0.006071	0.002159	0.006340	
48	-0.006059	0.003549	0.007363	
49	-0.006007	0.004094	0.008890	
50	-0.005979	0.003861	0.010797	
51	-0.005400	0.004008	0.012722	
52	-0.005001	0.005268	0.014373	
53	-0.004045	0.006005	0.016166	
54	-0.003717	0.005718	0.018682	
55	-0.003196	0.005473	0.021200	
56	-0.002010	0.005584	0.023628	
57	-0.001328	0.004578	0.026489	
58	-0.000078	0.004878	0.029134	
59	0.000844	0.006188	0.031532	
60	0.002133	0.006204	0.034471	
61	0.003373	0.006284	0.037385	
62	0.004815	0.006918	0.040084	
63	0.006369	0.006591	0.043252	
64	0.007546	0.006982	0.046105	
65	0.009316	0.007959	0.048652	
66	0.011476	0.006473	0.051977	
67	0.011813	0.006263	0.054831	
68	0.013652	0.007123	0.057501	
69	0.015131	0.007851	0.059983	
70	0.016420	0.007113	0.063032	
71	0.017888	0.007425	0.065712	
72	0.019235	0.007945	0.068184	
73	0.020707	0.007114	0.071104	
74	0.022083	0.006768	0.073814	
75	0.023590	0.007967	0.076003	
76	0.024645	0.009123	0.078116	
77	0.026203	0.008418	0.080969	
78	0.027050	0.008221	0.083711	
79	0.028103	0.009269	0.085937	
80	0.029425	0.009506	0.088482	
81	0.029946	0.009745	0.091011	
82	0.031082	0.010674	0.093424	
83	0.031861	0.010853	0.095991	
84	0.032416	0.010500	0.098798	
85	0.033170	0.010647	0.101382	
86	0.034038	0.010611	0.104252	
87	0.034828	0.010968	0.107030	
88	0.035618	0.010944	0.109951	
89	0.036072	0.010918	0.112927	
90	0.037355	0.011515	0.115948	
91	0.037874	0.011752	0.119134	
92	0.038317	0.012239	0.122081	
93	0.039156	0.012068	0.125286	
94	0.039922	0.012305	0.128370	
95	0.040807	0.012168	0.131639	
96	0.041406	0.010717	0.135303	
97	0.041986	0.010878	0.138464	
98	0.043069	0.010857	0.141703	
99	0.043282	0.009242	0.145334	
100	0.043822	0.008681	0.148722	
101	0.044482	0.008975	0.151677	
102	0.044787	0.007799	0.155092	
103	0.045558	0.007750	0.158224	
104	0.045950	0.007630	0.160959	
105	0.045974	0.006902	0.163798	
106	0.046547	0.007554	0.166252	
107	0.046598	0.006632	0.169015	
108	0.046772	0.005774	0.171713	
109	0.047155	0.005397	0.174271	
110	0.047537	0.005229	0.176813	
111	0.047983	0.005023	0.179228	
112	0.047616	0.004367	0.181671	
113	0.047960	0.004521	0.184106	
114	0.048299	0.004600	0.186460	
115	0.048128	0.003939	0.189060	
116	0.048325	0.004211	0.191501	
117	0.048368	0.004041	0.194207	
118	0.048821	0.003932	0.197177	
119	0.048917	0.004219	0.199945	
120	0.049143	0.004095	0.203010	
121	0.049142	0.004048	0.206087	
122	0.049209	0.003866	0.209244	
123	0.049245	0.003558	0.212321	
124	0.049507	0.003223	0.215624	
125	0.049761	0.003277	0.218775	
126	0.050243	0.003144	0.222060	
127	0.050671	0.002616	0.225256	
128	0.051190	0.002599	0.228370	
129	0.051771	0.003293	0.231021	
130	0.052341	0.003105	0.233828	
131	0.052638	0.002619	0.236786	
132	0.053305	0.003254	0.239341	
133	0.053863	0.002570	0.242388	
134	0.054348	0.002936	0.244676	
135	0.055050	0.003645	0.246960	
136	0.055785	0.003900	0.249460	
137	0.056224	0.003799	0.251795	
138	0.056588	0.004009	0.254085	
139	0.056847	0.004466	0.256360	
140	0.056831	0.004933	0.260511	
141	0.056698	0.005459	0.262536	
142	0.056519	0.005935	0.264451	
143	0.056029	0.005874	0.266451	
144	0.055404	0.005901	0.268255	
145	0.054758	0.005663	0.270185	
146	0.054060	0.006563	0.271718	
147	0.053169	0.007255	0.273129	
148	0.052203	0.007357	0.274937	
149	0.051263	0.007645	0.276946	
150	0.050113	0.007853	0.278712	
151	0.049002	0.008079	0.280635	
152	0.047894	0.008337	0.282917	
153	0.046632	0.008770	0.284894	
154	0.045195	0.008955	0.286935	
155	0.042296	0.009934	0.291130	
156	0.040864	0.010034	0.293447	
157	0.039389	0.010501	0.295474	
158	0.037720	0.010746	0.297496	
159	0.036137	0.010692	0.299653	
160	0.034441	0.010802	0.301600	
161	0.032641	0.011044	0.303437	
162	0.031055	0.011077	0.305179	
163	0.029497	0.011081	0.307122	
164	0.027886	0.011339	0.309110	
165	0.026420	0.011456	0.310933	
166	0.024885	0.011157	0.313157	
167	0.023405	0.011744	0.314652	
168	0.021912	0.011943	0.316133	
169	0.020764	0.012156	0.317891	
170	0.019718	0.012921	0.319380	
171	0.018517	0.013453	0.320482	
172	0.017544	0.014042	0.321473	
173	0.016682	0.014576	0.322526	
174	0.015793	0.015133	0.323650	
175	0.014928	0.015649	0.324305	
176	0.014296	0.016229	0.325178	
177	0.013688	0.016839	0.325903	
178	0.013172	0.017257	0.326677	
179	0.012714	0.017736	0.327538	
180	0.012153	0.018084	0.327996	
181	0.011648	0.018322	0.328482	
182	0.011224	0.018641	0.328650	
183	0.010424	0.019172	0.329227	
184	0.010085	0.019391	0.329407	
185	0.009532	0.019752	0.330378	
186	0.009156	0.019923	0.331658	
187	0.008897	0.020216	0.332994	
188	0.008668	0.020485	0.334357	
189	0.008616	0.020383	0.335866	
190	0.008861	0.020518	0.337155	
191	0.008918	0.020776	0.338860	
192	0.008891	0.020876	0.340204	
193	0.008999	0.020957	0.341920	
194	0.009186	0.021109	0.343175	
195	0.009317	0.021329	0.343558	
196	0.009490	0.021662	0.344614	
197	0.009681	0.021798	0.345976	
198	0.009923	0.022003	0.345978	
199	0.010119	0.022307	0.346956	
200	0.010205	0.022474	0.347819	
201	0.010446	0.022613	0.348200	
202	0.010538	0.022573	0.348363	
203	0.010617	0.022532	0.349192	
204	0.010657	0.022451	0.349429	
205	0.010641	0.022192	0.349649	
206	0.010714	0.022062	0.349973	
207	0.010684	0.022047	0.350512	
208	0.010639	0.022163	0.350408	
209	0.010510	0.022092	0.350548	
210	0.010491	0.021990	0.350585	
211	0.010443	0.021752	0.350130	
212	0.010456	0.021764	0.349864	
213	0.010450	0.021719	0.349346	
214	0.010338	0.021361	0.349039	
215	0.010245	0.021060	0.348470	
216	0.010087	0.020762	0.347928	
217	0.009977	0.020402	0.347331	
218	0.009858	0.019942	0.346871	
219	0.009746	0.019501	0.346235	
220	0.009659	0.019327	0.345776	
221	0.009490	0.018954	0.345166	
222	0.009177	0.018384	0.344514	
223	0.008883	0.018043	0.343887	
224	0.008534	0.017501	0.342821	
225	0.008234	0.017015	0.342014	
226	0.007834	0.016538	0.341337	
227	0.007472	0.016097	0.340489	
228	0.007053	0.015988	0.339438	
229	0.006603	0.015578	0.338619	
230	0.006046	0.015054	0.337388	
231	0.005530	0.014431	0.336420	
232	0.004952	0.013987	0.335817	
233	0.004336	0.013395	0.334512	
234	0.003706	0.013211	0.333477	
235	0.003008	0.012631	0.332430	
236	0.002248	0.012137	0.331392	
237	0.000475	0.010285	0.329055	
238	-0.000481	0.009522	0.327850	
239	-0.001506	0.008227	0.326515	
240	-0.002543	0.007416	0.325501	
241	-0.003589	0.006575	0.324474	
242	-0.004616	0.005790	0.322913	
243	-0.005737	0.004754	0.321702	
244	-0.006731	0.004140	0.320342	
245	-0.007874	0.003343	0.318808	
246	-0.008929	0.002199	0.317507	
247	-0.010008	0.001217	0.315741	
248	-0.010981	0.000515	0.314094	
249	-0.011990	-0.000455	0.312659	
250	-0.013065	-0.001864	0.311120	
251	-0.014065	-0.002934	0.309534	
252	-0.014937	-0.003964	0.307742	
253	-0.015904	-0.005127	0.306160	
254	-0.016932	-0.006106	0.304631	
255	-0.017810	-0.006958	0.303038	
256	-0.018777	-0.008007	0.301566	
257	-0.019576	-0.008948	0.299912	
258	-0.020453	-0.009866	0.298374	
259	-0.021487	-0.011016	0.296806	
260	-0.022297	-0.011852	0.295238	
261	-0.023123	-0.012527	0.293620	
262	-0.024024	-0.013488	0.292005	
263	-0.024960	-0.014385	0.290408	
264	-0.025845	-0.014699	0.289029	
265	-0.026592	-0.015147	0.287356	
266	-0.027475	-0.016018	0.285673	
267	-0.028311	-0.016463	0.283926	
268	-0.029198	-0.016770	0.282471	
269	-0.030027	-0.017183	0.280892	
270	-0.030705	-0.017786	0.278725	
271	-0.031620	-0.018401	0.277034	
272	-0.032444	-0.018964	0.275130	
273	-0.033316	-0.019216	0.273509	
274	-0.033873	-0.019257	0.271467	
275	-0.034595	-0.019472	0.269749	
276	-0.035534	-0.019586	0.268225	
277	-0.036247	-0.019764	0.266644	
278	-0.036876	-0.019835	0.264915	
279	-0.037640	-0.020299	0.263125	
280	-0.038428	-0.020572	0.261619	
281	-0.039248	-0.020937	0.259869	
282	-0.040231	-0.021152	0.258305	
283	-0.040955	-0.021331	0.256823	
284	-0.041957	-0.021559	0.255010	
285	-0.042867	-0.021555	0.253090	
286	-0.043901	-0.021434	0.251387	
287	-0.044952	-0.021329	0.249362	
288	-0.046694	-0.021043	0.248037	
289	-0.048085	-0.020812	0.246050	
290	-0.049582	-0.020542	0.244330	
291	-0.051203	-0.019958	0.242694	
292	-0.052848	-0.019340	0.241079	
293	-0.054810	-0.019266	0.239118	
294	-0.056918	-0.019169	0.237546	
295	-0.059036	-0.018979	0.236007	
296	-0.061225	-0.018862	0.234534	
297	-0.063334	-0.018657	0.232864	
298	-0.065791	-0.018738	0.231477	
299	-0.068192	-0.018449	0.229987	
300	-0.070639	-0.018528	0.228374	
301	-0.073243	-0.018823	0.226874	
302	-0.075613	-0.018891	0.225280	
303	-0.078156	-0.018591	0.223857	
304	-0.080720	-0.018954	0.222246	
305	-0.083391	-0.019279	0.220784	
306	-0.085897	-0.019472	0.219223	
307	-0.088300	-0.018879	0.217980	
308	-0.090792	-0.018601	0.216612	
309	-0.093387	-0.018756	0.215170	
310	-0.096218	-0.018777	0.214219	
311	-0.098641	-0.018368	0.213036	
312	-0.101098	-0.018119	0.211830	
313	-0.103828	-0.017766	0.210990	
314	-0.106199	-0.016728	0.210141	
315	-0.108774	-0.016018	0.209386	
316	-0.110904	-0.015101	0.208416	
317	-0.112984	-0.014367	0.207617	
318	-0.115047	-0.014085	0.206428	
319	-0.117103	-0.013814	0.205258	
320	-0.118776	-0.013050	0.203904	
321	-0.120357	-0.011957	0.202886	
322	-0.122124	-0.011587	0.201550	
323	-0.123874	-0.011218	0.200046	
324	-0.125504	-0.010324	0.198611	
325	-0.126826	-0.009467	0.197064	
326	-0.128530	-0.008916	0.195393	
327	-0.130070	-0.008278	0.193988	
328	-0.131562	-0.007695	0.192221	
329	-0.133027	-0.006969	0.190471	
330	-0.134429	-0.006523	0.188481	
331	-0.135788	-0.005699	0.186543	
332	-0.137110	-0.005435	0.184050	
333	-0.138534	-0.005270	0.181740	
334	-0.139819	-0.003644	0.179805	
335	-0.140977	-0.003620	0.177184	
336	-0.142288	-0.004114	0.173790	
337	-0.143599	-0.003751	0.171375	
338	-0.145026	-0.004189	0.168634	
339	-0.146387	-0.004665	0.165850	
340	-0.147674	-0.004822	0.163338	
341	-0.149050	-0.004595	0.160653	
342	-0.150104	-0.004089	0.158092	
343	-0.151101	-0.004178	0.154790	
344	-0.152141	-0.004552	0.151645	
345	-0.153172	-0.004590	0.148850	
346	-0.154184	-0.004274	0.145934	
347	-0.155127	-0.003989	0.143446	
348	-0.156105	-0.003451	0.140538	
349	-0.156787	-0.003184	0.137290	
350	-0.157520	-0.002657	0.134521	
351	-0.158301	-0.002235	0.131464	
352	-0.158974	-0.002064	0.128647	
353	-0.160110	-0.002188	0.125700	
354	-0.160786	-0.002019	0.123297	
355	-0.161547	-0.001935	0.120621	
356	-0.162344	-0.002198	0.117931	
357	-0.163303	-0.002397	0.115826	
358	-0.163861	-0.001300	0.113271	
359	-0.163867	-0.000397	0.110987	
360	-0.164453	-0.000323	0.108726	
361	-0.164940	-0.000287	0.105895	
362	-0.165465	0.000511	0.103816	
363	-0.165677	0.000913	0.101380	
364	-0.166462	0.000379	0.098867	
365	-0.167030	0.000267	0.096395	
366	-0.166966	0.001497	0.094087	
367	-0.167263	0.001967	0.091640	
368	-0.167812	0.002097	0.089377	
369	-0.168337	0.001840	0.087154	
370	-0.169089	0.001240	0.084349	
371	-0.169394	0.001168	0.081437	
372	-0.169868	0.000686	0.078650	
373	-0.170746	0.000298	0.076302	
374	-0.171295	0.001443	0.074411	
375	-0.171829	0.002000	0.072041	
376	-0.172823	0.000766	0.069614	
377	-0.173100	0.001238	0.066885	
378	-0.173647	0.002333	0.064485	
379	-0.174409	0.002065	0.061550	
380	-0.175353	0.002090	0.059432	
381	-0.175770	0.002391	0.056466	
382	-0.176633	0.002349	0.054265	
383	-0.177813	0.001952	0.051645	
384	-0.179241	0.001667	0.049280	
385	-0.179886	0.001537	0.046409	
386	-0.180952	0.000934	0.043711	
387	-0.182510	0.000238	0.041642	
388	-0.183493	-0.000190	0.038824	
389	-0.184982	-0.000516	0.036582	
390	-0.186645	-0.001529	0.034139	
391	-0.187991	-0.002185	0.031651	
392	-0.189034	-0.002450	0.029209	
393	-0.190280	-0.003077	0.026886	
394	-0.192272	-0.004006	0.024228	
395	-0.193151	-0.004876	0.021362	
396	-0.194468	-0.005564	0.019332	
397	-0.195802	-0.005074	0.016766	
398	-0.196872	-0.004994	0.014575	
399	-0.198245	-0.006256	0.011993	
400	-0.199144	-0.006440	0.009707	
401	-0.200344	-0.006850	0.007525	
402	-0.201536	-0.007613	0.005230	
403	-0.201821	-0.008195	0.002638	
404	-0.202934	-0.007962	0.000894	
405	-0.203615	-0.009607	-0.001574	
406	-0.204482	-0.009748	-0.003324	
407	-0.204903	-0.009889	-0.005431	
408	-0.205570	-0.010026	-0.007483	
409	-0.205942	-0.011230	-0.009663	
410	-0.206332	-0.011758	-0.011704	
411	-0.206769	-0.012434	-0.013880	
412	-0.207524	-0.012614	-0.015912	
413	-0.207760	-0.012812	-0.018072	
414	-0.208052	-0.013828	-0.020565	
415	-0.208449	-0.013938	-0.022718	
416	-0.209226	-0.014603	-0.025131	
417	-0.210191	-0.015787	-0.027553	
418	-0.210625	-0.017186	-0.030285	
419	-0.210605	-0.017079	-0.032770	
420	-0.211162	-0.017751	-0.035569	
421	-0.210598	-0.018562	-0.038335	
422	-0.211454	-0.019149	-0.040926	
423	-0.211670	-0.020265	-0.043972	
424	-0.211396	-0.020588	-0.047022	
425	-0.211149	-0.020751	-0.049905	
426	-0.211156	-0.020472	-0.052709	
427	-0.209527	-0.021067	-0.056073	
428	-0.209058	-0.021202	-0.059261	
429	-0.209439	-0.021509	-0.062206	
430	-0.209026	-0.022338	-0.065704	
431	-0.208938	-0.022769	-0.068648	
432	-0.209048	-0.023057	-0.071983	
433	-0.208726	-0.023568	-0.075004	
434	-0.208792	-0.024971	-0.078437	
435	-0.207985	-0.025350	-0.081622	
436	-0.207290	-0.025760	-0.084384	
437	-0.206157	-0.026189	-0.087623	
438	-0.203871	-0.026602	-0.090684	
439	-0.203189	-0.026865	-0.093320	
440	-0.202514	-0.027474	-0.095962	
441	-0.202339	-0.027108	-0.098652	
442	-0.202094	-0.026655	-0.101007	
443	-0.201848	-0.026589	-0.103617	
444	-0.201927	-0.027368	-0.106381	
445	-0.202008	-0.027440	-0.109115	
446	-0.202013	-0.027943	-0.111624	
447	-0.201710	-0.027987	-0.114158	
448	-0.201096	-0.026992	-0.116352	
449	-0.201458	-0.028056	-0.121457	
450	-0.201312	-0.027746	-0.123944	
451	-0.201660	-0.026573	-0.126054	
452	-0.201844	-0.026038	-0.128350	
453	-0.202220	-0.026607	-0.131160	
454	-0.202751	-0.027798	-0.134175	
455	-0.203261	-0.028851	-0.136906	
456	-0.203724	-0.028567	-0.139368	
457	-0.204476	-0.029329	-0.142155	
458	-0.205527	-0.029545	-0.144734	
459	-0.205712	-0.029818	-0.147618	
460	-0.206524	-0.030109	-0.150405	
461	-0.206789	-0.029313	-0.152894	
462	-0.207275	-0.029532	-0.155807	
463	-0.208213	-0.028916	-0.158365	
464	-0.208874	-0.029351	-0.161420	
465	-0.210256	-0.030638	-0.164689	
466	-0.211486	-0.031837	-0.167819	
467	-0.212695	-0.032970	-0.170975	
468	-0.213521	-0.033366	-0.173879	
469	-0.215087	-0.036100	-0.177298	
470	-0.215563	-0.035801	-0.179908	
471	-0.216400	-0.037090	-0.182900	
472	-0.217326	-0.036831	-0.185843	
473	-0.219107	-0.037316	-0.188590	
474	-0.220426	-0.038606	-0.191375	
475	-0.221586	-0.040277	-0.194258	
476	-0.222339	-0.042287	-0.197274	
477	-0.223370	-0.044447	-0.199876	
478	-0.224802	-0.045365	-0.202454	
479	-0.225636	-0.046363	-0.205018	
480	-0.226654	-0.047089	-0.207434	
481	-0.227744	-0.048179	-0.210012	
482	-0.228515	-0.047516	-0.212086	
483	-0.229038	-0.047883	-0.214113	
484	-0.229276	-0.048162	-0.215917	
485	-0.229523	-0.048802	-0.217947	
486	-0.230061	-0.049875	-0.219951	
487	-0.230387	-0.050622	-0.222109	
488	-0.230609	-0.050272	-0.223997	
489	-0.230740	-0.051038	-0.225978	
490	-0.231721	-0.051335	-0.227960	
491	-0.231310	-0.052269	-0.229922	
492	-0.231606	-0.052387	-0.231879	
493	-0.231089	-0.053395	-0.233829	
494	-0.232241	-0.052960	-0.235982	
495	-0.233631	-0.053101	-0.238406	
496	-0.233860	-0.052578	-0.240302	
497	-0.232582	-0.050794	-0.241612	
498	-0.232000	-0.050965	-0.243801	
499	-0.231091	-0.051498	-0.246107	
500	-0.231966	-0.049436	-0.248562	
501	-0.232932	-0.048695	-0.251366	
502	-0.232273	-0.049833	-0.254171	
503	-0.231655	-0.050440	-0.256426	
504	-0.231384	-0.051572	-0.259165	
505	-0.231658	-0.052571	-0.261615	
506	-0.232328	-0.051446	-0.264196	
507	-0.232068	-0.051404	-0.266962	
508	-0.231036	-0.050870	-0.269043	
509	-0.230754	-0.051910	-0.271421	
510	-0.230795	-0.052545	-0.274062	
511	-0.230591	-0.053156	-0.276930	
512	-0.227862	-0.054569	-0.279761	
513	-0.227251	-0.054568	-0.282916	
514	-0.225780	-0.053991	-0.285653	
515	-0.223257	-0.053441	-0.288284	
516	-0.221161	-0.053777	-0.290710	
517	-0.219336	-0.054535	-0.293242	
518	-0.218015	-0.055191	-0.295887	
519	-0.217246	-0.054873	-0.298307	
520	-0.216299	-0.056048	-0.300472	
521	-0.215713	-0.058088	-0.302867	
522	-0.214978	-0.058562	-0.305165	
523	-0.214711	-0.058599	-0.307616	
524	-0.214170	-0.058752	-0.309957	
525	-0.213591	-0.059344	-0.312154	
526	-0.213091	-0.059540	-0.314050	
527	-0.212070	-0.059788	-0.315888	
528	-0.211455	-0.058900	-0.317812	
529	-0.211681	-0.058837	-0.319709	
530	-0.211163	-0.059105	-0.321593	
531	-0.210360	-0.057667	-0.323236	
532	-0.209957	-0.057342	-0.324881	
533	-0.209384	-0.056479	-0.326309	
534	-0.209295	-0.055480	-0.327736	
535	-0.209115	-0.055685	-0.329350	
536	-0.209146	-0.054713	-0.330640	
537	-0.208662	-0.054566	-0.331834	
538	-0.208457	-0.053565	-0.333174	
539	-0.208313	-0.053341	-0.334439	
540	-0.208687	-0.053063	-0.335810	
541	-0.208665	-0.051708	-0.337048	
542	-0.209360	-0.050777	-0.338248	
543	-0.209894	-0.049702	-0.339529	
544	-0.210042	-0.048381	-0.340558	
545	-0.210468	-0.047472	-0.341600	
546	-0.210287	-0.046035	-0.342642	
547	-0.210776	-0.045008	-0.343894	
548	-0.211337	-0.041531	-0.344973	
549	-0.212163	-0.040767	-0.346112	
550	-0.212769	-0.040987	-0.347293	
551	-0.213522	-0.040018	-0.348275	
552	-0.214433	-0.038068	-0.349229	
553	-0.214986	-0.037914	-0.350128	
554	-0.215385	-0.039269	-0.351273	
555	-0.215480	-0.038954	-0.352248	
556	-0.215681	-0.037348	-0.353022	
557	-0.215479	-0.036914	-0.353673	
558	-0.215838	-0.036551	-0.354634	
559	-0.216214	-0.036670	-0.355434	
560	-0.216029	-0.036072	-0.356184	
561	-0.216603	-0.035442	-0.356934	
562	-0.216668	-0.034993	-0.357615	
563	-0.216851	-0.034871	-0.358234	
564	-0.217567	-0.033995	-0.359048	
565	-0.217434	-0.033743	-0.359565	
566	-0.217702	-0.033408	-0.360447	
567	-0.218158	-0.032745	-0.360882	
568	-0.218403	-0.032440	-0.361524	
569	-0.218865	-0.032067	-0.362159	
570	-0.219051	-0.031047	-0.362920	
571	-0.219098	-0.031331	-0.363678	
572	-0.219444	-0.030831	-0.364573	
573	-0.219141	-0.030007	-0.365599	
574	-0.219108	-0.029320	-0.366481	
575	-0.219427	-0.028438	-0.367570	
576	-0.219028	-0.027412	-0.368413	
577	-0.218981	-0.026336	-0.369252	
578	-0.218967	-0.025444	-0.370152	
579	-0.219162	-0.024820	-0.370964	
580	-0.219273	-0.023798	-0.371533	
581	-0.218605	-0.023368	-0.372139	
582	-0.217841	-0.023452	-0.372845	
583	-0.218388	-0.022064	-0.373524	
584	-0.217680	-0.021578	-0.373689	
585	-0.217519	-0.021823	-0.374260	
586	-0.217484	-0.021307	-0.374773	
587	-0.216895	-0.020744	-0.374691	
588	-0.216877	-0.020576	-0.375148	
589	-0.216830	-0.020270	-0.375507	
590	-0.216950	-0.018784	-0.375556	
591	-0.217078	-0.018176	-0.375900	
592	-0.217126	-0.017787	-0.376063	
593	-0.217185	-0.017369	-0.376625	
594	-0.217166	-0.016469	-0.376742	
595	-0.217804	-0.016015	-0.377003	
596	-0.217662	-0.015858	-0.376882	
597	-0.217839	-0.015266	-0.377100	
598	-0.217796	-0.014019	-0.377035	
599	-0.217645	-0.013047	-0.377166	
600	-0.217738	-0.012295	-0.377215	
601	-0.217594	-0.011220	-0.377134	
602	-0.217436	-0.010462	-0.376908	
603	-0.217331	-0.009929	-0.376674	
604	-0.217633	-0.009821	-0.376786	
605	-0.217432	-0.009207	-0.376738	
606	-0.217077	-0.008803	-0.376678	
607	-0.216666	-0.008355	-0.376619	
608	-0.217368	-0.007050	-0.376671	
609	-0.217151	-0.006970	-0.376935	
610	-0.216918	-0.005974	-0.376763	
611	-0.216831	-0.005757	-0.377161	
612	-0.215882	-0.006749	-0.376955	
613	-0.215816	-0.006615	-0.377001	
614	-0.216398	-0.005095	-0.377285	
615	-0.216688	-0.003351	-0.377722	
616	-0.216210	-0.003058	-0.377631	
617	-0.215647	-0.002363	-0.377794	
618	-0.215117	-0.002246	-0.378130	
619	-0.214928	-0.002912	-0.379155	
620	-0.214185	-0.002842	-0.379376	
621	-0.213057	-0.002228	-0.379424	
622	-0.212191	-0.001812	-0.379378	
623	-0.211706	-0.001008	-0.379821	
624	-0.210267	-0.001225	-0.379581	
625	-0.209045	-0.001595	-0.379596	
626	-0.207935	-0.000727	-0.379696	
627	-0.206455	-0.001142	-0.379715	
628	-0.204732	-0.002564	-0.380161	
629	-0.203661	-0.002198	-0.380027	
630	-0.201867	-0.001523	-0.379632	
631	-0.200255	-0.001595	-0.379639	
632	-0.198714	-0.002696	-0.379680	
633	-0.196782	-0.002543	-0.379056	
634	-0.194713	-0.002187	-0.378295	
635	-0.192966	-0.002349	-0.378587	
636	-0.190710	-0.002595	-0.378154	
637	-0.189009	-0.001577	-0.377618	
638	-0.186696	-0.001665	-0.377531	
639	-0.184273	-0.002084	-0.376927	
640	-0.181439	-0.002575	-0.376263	
641	-0.179395	-0.002026	-0.376204	
642	-0.176829	-0.002710	-0.375941	
643	-0.174326	-0.002473	-0.375161	
644	-0.171756	-0.001825	-0.374466	
645	-0.169273	-0.002299	-0.374100	
646	-0.166561	-0.002769	-0.373254	
647	-0.164403	-0.002137	-0.372475	
648	-0.161813	-0.001729	-0.372087	
649	-0.159163	-0.002237	-0.371401	
650	-0.156678	-0.002754	-0.370926	
651	-0.154309	-0.002955	-0.371050	
652	-0.152059	-0.002726	-0.370881	
653	-0.146407	-0.003498	-0.368890	
654	-0.144183	-0.002889	-0.368521	
655	-0.141287	-0.003327	-0.367450	
656	-0.138580	-0.003267	-0.366295	
657	-0.136036	-0.003061	-0.365710	
658	-0.133464	-0.003532	-0.365550	
659	-0.130913	-0.003056	-0.364719	
660	-0.127968	-0.002747	-0.363369	
661	-0.125251	-0.002940	-0.362712	
662	-0.122776	-0.002354	-0.362166	
663	-0.120366	-0.001156	-0.361282	
664	-0.118267	0.000445	-0.361090	
665	-0.115720	0.001025	-0.360599	
666	-0.113353	0.001704	-0.360495	
667	-0.110937	0.002367	-0.360015	
668	-0.108681	0.003476	-0.360045	
669	-0.106306	0.003877	-0.360207	
670	-0.103717	0.003544	-0.360600	
671	-0.101460	0.004886	-0.360816	
672	-0.098947	0.005670	-0.360992	
673	-0.096197	0.004910	-0.361346	
674	-0.093675	0.004943	-0.362442	
675	-0.091178	0.006312	-0.362444	
676	-0.088476	0.006383	-0.363578	
677	-0.085783	0.006697	-0.364244	
678	-0.083449	0.007196	-0.365412	
679	-0.080637	0.006776	-0.366710	
680	-0.077990	0.006877	-0.367875	
681	-0.075449	0.007202	-0.369534	
682	-0.072563	0.007204	-0.370751	
683	-0.069763	0.007327	-0.372472	
684	-0.067113	0.009221	-0.373515	
685	-0.064450	0.010076	-0.375181	
686	-0.061404	0.009972	-0.377152	
687	-0.058304	0.009991	-0.379085	
688	-0.055536	0.010348	-0.381225	
689	-0.052214	0.009554	-0.383492	
690	-0.048912	0.008588	-0.385850	
691	-0.045822	0.008433	-0.388305	
692	-0.042860	0.009206	-0.390174	
693	-0.039846	0.009511	-0.392410	
694	-0.036839	0.010007	-0.394331	
695	-0.033980	0.010392	-0.395965	
696	-0.028191	0.009438	-0.400767	
697	-0.025702	0.010546	-0.402401	
698	-0.021121	0.010838	-0.406463	
699	-0.018995	0.011484	-0.408480	
700	-0.016839	0.012570	-0.409745	
701	-0.014877	0.013456	-0.411303	
702	-0.012691	0.013189	-0.413292	
703	-0.010267	0.013129	-0.414750	
704	-0.008321	0.014053	-0.416112	
705	-0.006218	0.014472	-0.417483	
706	-0.003786	0.013667	-0.419094	
707	-0.001268	0.013465	-0.420638	
708	0.000902	0.014478	-0.421414	
709	0.003323	0.014919	-0.422065	
710	0.005913	0.014305	-0.423370	
711	0.008303	0.015134	-0.423671	
712	0.010631	0.015978	-0.423982	
713	0.013258	0.015590	-0.424771	
714	0.016286	0.014553	-0.425332	
715	0.019156	0.014096	-0.425505	
716	0.021981	0.014363	-0.425601	
717	0.024713	0.014513	-0.425513	
718	0.027596	0.014893	-0.425085	
719	0.030791	0.015186	-0.424367	
720	0.034115	0.013978	-0.424310	
721	0.037665	0.013628	-0.423611	
722	0.041056	0.013452	-0.422869	
723	0.044480	0.013299	-0.421926	
724	0.048142	0.013323	-0.420732	
725	0.051376	0.013449	-0.419919	
726	0.055365	0.012492	-0.418694	
727	0.059211	0.011778	-0.417577	
728	0.062687	0.012380	-0.416073	
729	0.065998	0.012514	-0.414867	
730	0.069933	0.012018	-0.413287	
731	0.073449	0.011794	-0.411983	
732	0.076880	0.011449	-0.411122	
733	0.080439	0.011269	-0.409815	
734	0.083560	0.011413	-0.408699	
735	0.086584	0.011838	-0.407358	
736	0.089482	0.011895	-0.406308	
737	0.092523	0.011632	-0.405216	
738	0.095157	0.012215	-0.404001	
739	0.097575	0.013067	-0.402758	
740	0.099817	0.013308	-0.401758	
741	0.102594	0.013006	-0.400723	
742	0.104902	0.012882	-0.399925	
743	0.107130	0.013147	-0.398986	
744	0.109455	0.012368	-0.398322	
745	0.111461	0.011706	-0.397996	
746	0.113064	0.012681	-0.397023	
747	0.116988	0.012472	-0.395185	
748	0.119121	0.012238	-0.394462	
749	0.120780	0.012177	-0.393824	
750	0.122729	0.011572	-0.393289	
751	0.124704	0.010990	-0.392757	
752	0.126496	0.011343	-0.392084	
753	0.128521	0.011069	-0.391602	
754	0.130270	0.011129	-0.391078	
755	0.131823	0.012088	-0.390250	
756	0.133614	0.012957	-0.389410	
757	0.135561	0.012836	-0.389168	
758	0.137974	0.012575	-0.388759	
759	0.140078	0.012918	-0.388125	
760	0.142083	0.013315	-0.387855	
761	0.144548	0.013267	-0.387145	
762	0.147133	0.013073	-0.386893	
763	0.149599	0.013464	-0.386430	
764	0.151841	0.013612	-0.386154	
765	0.154466	0.012983	-0.386097	
766	0.157184	0.012507	-0.386072	
767	0.159304	0.012779	-0.385969	
768	0.161505	0.012294	-0.386219	
769	0.163615	0.011771	-0.386516	
770	0.165471	0.012497	-0.386582	
771	0.167136	0.012587	-0.386833	
772	0.169390	0.012095	-0.387006	
773	0.171249	0.012077	-0.387180	
774	0.172832	0.011700	-0.387557	
775	0.174527	0.011488	-0.387730	
776	0.176067	0.011620	-0.387814	
777	0.177572	0.010499	-0.388558	
778	0.178769	0.009636	-0.389276	
779	0.179842	0.009339	-0.389534	
780	0.180770	0.009189	-0.389919	
781	0.181723	0.008804	-0.390222	
782	0.182522	0.008761	-0.390547	
783	0.183178	0.008998	-0.390722	
784	0.183857	0.009254	-0.390823	
785	0.184827	0.008449	-0.391238	
786	0.185709	0.007796	-0.391492	
787	0.186536	0.007317	-0.391620	
788	0.187546	0.006252	-0.391912	
789	0.188380	0.005424	-0.391994	
790	0.189332	0.005167	-0.392003	
791	0.190408	0.004648	-0.391842	
792	0.191115	0.003871	-0.391914	
793	0.192012	0.002833	-0.391865	
794	0.192726	0.002273	-0.391471	
795	0.193377	0.001386	-0.391252	
796	0.194157	0.000408	-0.390896	
797	0.194265	0.000067	-0.390791	
798	0.194816	-0.000282	-0.390441	
799	0.195394	-0.000559	-0.390185	
800	0.196116	-0.000788	-0.389659	
801	0.196881	-0.001019	-0.389227	
802	0.197639	-0.001413	-0.388827	
803	0.198328	-0.001648	-0.388166	
804	0.198948	-0.001885	-0.387702	
805	0.199565	-0.001835	-0.387073	
806	0.200435	-0.002006	-0.386510	
807	0.200980	-0.002185	-0.385956	
808	0.201735	-0.002390	-0.385337	
809	0.202316	-0.002208	-0.384536	
810	0.203074	-0.002125	-0.383764	
811	0.203842	-0.001937	-0.382892	
812	0.204824	-0.002097	-0.382130	
813	0.205586	-0.001915	-0.381141	
814	0.206376	-0.001838	-0.380168	
815	0.207168	-0.002036	-0.379412	
816	0.207880	-0.001912	-0.378448	
817	0.208502	-0.001873	-0.377559	
818	0.209078	-0.001809	-0.376492	
819	0.209271	-0.001586	-0.375617	
820	0.209466	-0.001476	-0.374923	
821	0.209401	-0.000933	-0.374001	
822	0.209696	-0.000593	-0.372811	
823	0.209609	-0.000078	-0.371905	
824	0.209575	0.000249	-0.371008	
825	0.209391	0.000281	-0.370398	
826	0.209189	0.000679	-0.369594	
827	0.208727	0.001222	-0.368998	
828	0.208284	0.001119	-0.368485	
829	0.208042	0.001160	-0.367320	
830	0.206643	0.001096	-0.366206	
831	0.206392	0.001287	-0.365063	
832	0.205549	0.001533	-0.364323	
833	0.204854	0.001325	-0.363461	
834	0.204357	0.001263	-0.362372	
835	0.203367	0.001675	-0.361485	
836	0.202374	0.001955	-0.360677	
837	0.201392	0.001994	-0.360036	
838	0.200248	0.002112	-0.359637	
839	0.199109	0.002869	-0.358830	
840	0.197798	0.003897	-0.357602	
841	0.196600	0.004362	-0.356905	
842	0.195444	0.004403	-0.356232	
843	0.194164	0.004909	-0.355255	
844	0.192776	0.005107	-0.355114	
845	0.191613	0.004831	-0.354511	
846	0.190527	0.004735	-0.353558	
847	0.189206	0.004689	-0.353050	
848	0.188029	0.004468	-0.352605	
849	0.186813	0.004508	-0.351446	
850	0.185458	0.004654	-0.351343	
851	0.183722	0.004817	-0.351713	
852	0.182365	0.005198	-0.351338	
853	0.181116	0.005764	-0.350436	
854	0.179792	0.007117	-0.349182	
855	0.178634	0.008003	-0.347562	
856	0.177612	0.007871	-0.346598	
857	0.176353	0.008526	-0.345297	
858	0.174980	0.009034	-0.343680	
859	0.173619	0.008873	-0.342404	
860	0.172174	0.009100	-0.340972	
861	0.170722	0.009254	-0.339215	
862	0.169229	0.009010	-0.337671	
863	0.167336	0.008762	-0.335691	
864	0.165449	0.009027	-0.333532	
865	0.163361	0.009343	-0.331216	
866	0.161230	0.008788	-0.329477	
867	0.158958	0.008331	-0.327411	
868	0.156641	0.007524	-0.325345	
869	0.154041	0.007073	-0.322927	
870	0.151293	0.007650	-0.320433	
871	0.148379	0.008180	-0.317591	
872	0.145674	0.006839	-0.315390	
873	0.142885	0.005596	-0.313298	
874	0.139883	0.005229	-0.311085	
875	0.136871	0.004926	-0.308809	
876	0.133855	0.004337	-0.306531	
877	0.130676	0.004494	-0.304179	
878	0.127629	0.003971	-0.302237	
879	0.124658	0.002971	-0.299780	
880	0.121562	0.003137	-0.297729	
881	0.118523	0.003192	-0.295278	
882	0.115369	0.003043	-0.293028	
883	0.112585	0.002039	-0.291160	
884	0.109683	0.001606	-0.289265	
885	0.106678	0.001685	-0.287126	
886	0.103775	0.001601	-0.285289	
887	0.100955	0.001528	-0.283453	
888	0.098330	0.001018	-0.281705	
889	0.095781	0.000421	-0.280000	
890	0.093219	-0.000384	-0.278348	
891	0.090703	-0.000834	-0.276755	
892	0.088161	-0.001318	-0.275258	
893	0.085690	-0.001859	-0.273876	
894	0.083207	-0.002198	-0.272599	
895	0.080761	-0.002325	-0.271271	
896	0.078405	-0.002820	-0.270301	
897	0.075974	-0.003493	-0.269209	
898	0.073396	-0.003693	-0.268474	
899	0.070881	-0.003361	-0.267965	
900	0.068546	-0.003538	-0.267877	
901	0.066203	-0.003833	-0.267725	
902	0.063663	-0.003729	-0.267442	
903	0.061224	-0.003829	-0.267200	
904	0.058786	-0.004258	-0.266735	
905	0.056177	-0.004207	-0.266677	
906	0.053570	-0.003961	-0.267077	
907	0.050940	-0.003822	-0.267531	
908	0.048338	-0.003819	-0.267630	
909	0.045747	-0.004074	-0.267618	
910	0.043104	-0.003737	-0.267942	
911	0.040610	-0.003965	-0.267872	
912	0.038168	-0.004269	-0.267711	
913	0.035529	-0.004080	-0.267733	
914	0.033101	-0.003896	-0.268132	
915	0.030731	-0.003762	-0.268154	
916	0.028320	-0.003100	-0.268425	
917	0.026086	-0.003028	-0.268153	
918	0.024045	-0.003290	-0.267998	
919	0.022005	-0.003103	-0.268045	
920	0.020207	-0.003299	-0.267884	
921	0.018572	-0.003828	-0.267280	
922	0.016991	-0.003974	-0.267061	
923	0.015527	-0.003719	-0.267234	
924	0.013978	-0.003492	-0.266997	
925	0.012697	-0.003752	-0.266946	
926	0.011557	-0.003898	-0.266854	
927	0.010527	-0.004700	-0.266265	
928	0.009516	-0.004903	-0.265944	
929	0.008667	-0.005098	-0.265688	
930	0.007862	-0.005450	-0.265357	
931	0.007200	-0.005630	-0.265310	
932	0.006495	-0.006066	-0.264814	
933	0.005948	-0.006794	-0.264360	
934	0.005538	-0.007147	-0.264176	
935	0.005112	-0.007334	-0.264141	
936	0.004826	-0.007294	-0.264153	
937	0.004545	-0.007346	-0.264205	
938	0.004552	-0.007531	-0.264448	
939	0.004543	-0.007837	-0.264617	
940	0.004461	-0.008383	-0.264525	
941	0.004576	-0.008817	-0.264628	
942	0.004663	-0.009085	-0.264869	
943	0.004791	-0.009571	-0.264983	
944	0.004932	-0.009888	-0.265193	
945	0.004936	-0.010056	-0.265264	
946	0.005071	-0.010354	-0.265278	
947	0.005167	-0.010531	-0.265328	
948	0.005361	-0.010831	-0.265498	
949	0.005605	-0.011264	-0.265764	
950	0.005806	-0.011528	-0.265863	
951	0.005939	-0.011776	-0.265719	
952	0.006285	-0.012044	-0.266098	
953	0.006534	-0.012396	-0.266128	
954	0.006678	-0.012398	-0.266163	
955	0.006993	-0.012795	-0.266439	
956	0.007118	-0.012659	-0.266671	
957	0.007269	-0.012895	-0.266670	
958	0.007546	-0.012880	-0.266954	
959	0.007706	-0.013013	-0.266835	
960	0.008010	-0.013159	-0.267090	
961	0.008273	-0.013256	-0.267272	
962	0.008541	-0.013115	-0.267422	
963	0.008862	-0.013345	-0.267534	
964	0.009132	-0.013420	-0.267610	
965	0.009391	-0.013405	-0.267791	
966	0.009672	-0.013419	-0.267948	
