0	0.000000	0.000000	0.000000	
1	0.000000	0.000000	0.000000	
2	0.000000	0.000000	0.000000	
3	0.000000	0.000000	0.000000	
4	0.000023	0.001283	0.000713	
5	-0.000354	0.001235	0.000689	
6	-0.000667	0.002179	0.000445	
7	-0.000449	0.001667	0.000064	
8	-0.001102	0.005053	0.000511	
9	-0.000618	0.003771	-0.000217	
10	-0.000604	0.005139	0.000065	
11	-0.000586	0.003784	-0.000379	
12	-0.000659	0.003283	-0.000172	
13	-0.000493	0.003336	-0.000215	
14	-0.001122	0.002166	-0.000760	
15	-0.001207	0.001561	-0.000921	
16	-0.001080	0.000731	-0.001347	
17	-0.001289	-0.000503	-0.002056	
18	-0.000818	-0.000112	-0.001905	
19	-0.001020	-0.000410	-0.002553	
20	-0.001229	0.000297	-0.002439	
21	-0.000896	-0.000214	-0.002623	
22	0.000750	0.000480	-0.002645	
23	0.001084	0.000564	-0.003087	
24	0.000806	-0.000213	-0.003758	
25	0.001579	0.000297	-0.004090	
26	0.001944	0.000030	-0.004843	
27	0.002113	-0.000606	-0.005813	
28	0.003616	-0.000070	-0.006111	
29	0.003232	0.000343	-0.006542	
30	0.002712	-0.000506	-0.007454	
31	0.003892	-0.000504	-0.007635	
32	0.004307	0.000901	-0.007557	
33	0.003746	0.001553	-0.008157	
34	0.004099	0.002129	-0.008355	
35	0.004544	0.002149	-0.008490	
36	0.004478	0.002202	-0.008774	
37	0.005086	0.003328	-0.008485	
38	0.005787	0.004894	-0.008433	
39	0.004989	0.004771	-0.009124	
40	0.005331	0.005393	-0.008906	
41	0.005857	0.005477	-0.009175	
42	0.006109	0.004432	-0.009965	
43	0.006280	0.003360	-0.010545	
44	0.006813	0.002977	-0.010684	
45	0.006973	0.003586	-0.010966	
46	0.007174	0.003520	-0.011388	
47	0.007559	0.003983	-0.011611	
48	0.007477	0.004673	-0.012010	
49	0.007182	0.004265	-0.012357	
50	0.008193	0.004430	-0.012517	
51	0.008390	0.003807	-0.013231	
52	0.007740	0.003269	-0.013506	
53	0.008236	0.004415	-0.013623	
54	0.007937	0.004181	-0.013993	
55	0.008119	0.004042	-0.014416	
56	0.008151	0.004291	-0.014407	
57	0.007983	0.004263	-0.014766	
58	0.007714	0.004353	-0.014913	
59	0.008550	0.005955	-0.014189	
60	0.008127	0.006152	-0.014014	
61	0.007020	0.006761	-0.013710	
62	0.007790	0.007885	-0.013014	
63	0.007961	0.008708	-0.012351	
64	0.007182	0.010019	-0.011692	
65	0.006649	0.010179	-0.011439	
66	0.006510	0.010239	-0.011099	
67	0.006482	0.011904	-0.010237	
68	0.005343	0.011980	-0.010169	
69	0.003444	0.012473	-0.010244	
70	0.002110	0.012586	-0.010462	
71	-0.000175	0.011582	-0.011614	
72	-0.003083	0.011421	-0.012993	
73	-0.006287	0.009166	-0.015908	
74	-0.011576	0.007530	-0.019553	
75	-0.018234	0.006532	-0.023300	
76	-0.023713	0.005919	-0.027615	
77	-0.036806	0.003115	-0.037373	
78	-0.045371	0.002107	-0.042250	
79	-0.054555	0.002342	-0.046500	
80	-0.063395	0.001773	-0.051188	
81	-0.072752	0.001846	-0.055545	
82	-0.084117	0.002413	-0.060161	
83	-0.094944	0.004419	-0.064040	
84	-0.105590	0.006246	-0.067591	
85	-0.117172	0.008491	-0.070846	
86	-0.129398	0.010591	-0.073778	
87	-0.142751	0.013558	-0.076259	
88	-0.155982	0.016686	-0.078562	
89	-0.167866	0.019253	-0.080827	
90	-0.181304	0.021238	-0.083475	
91	-0.193686	0.025292	-0.084930	
92	-0.204699	0.028994	-0.086518	
93	-0.217083	0.031414	-0.088506	
94	-0.228732	0.033240	-0.089842	
95	-0.239524	0.034883	-0.091851	
96	-0.249485	0.037041	-0.093509	
97	-0.259779	0.037043	-0.095285	
98	-0.269354	0.036821	-0.096915	
99	-0.279986	0.036546	-0.097744	
100	-0.288644	0.036651	-0.098303	
101	-0.299023	0.035070	-0.098902	
102	-0.308869	0.034350	-0.098850	
103	-0.317865	0.033171	-0.098666	
104	-0.326359	0.031266	-0.098891	
105	-0.335732	0.028950	-0.099120	
106	-0.345521	0.027836	-0.098388	
107	-0.353560	0.027462	-0.097384	
108	-0.372651	0.023567	-0.095960	
109	-0.382210	0.022917	-0.094274	
110	-0.391568	0.021955	-0.092615	
111	-0.401477	0.020366	-0.090324	
112	-0.413248	0.018970	-0.087700	
113	-0.424456	0.017885	-0.084979	
114	-0.434648	0.015517	-0.082323	
115	-0.445465	0.012157	-0.079167	
116	-0.457463	0.008048	-0.076042	
117	-0.467902	0.005076	-0.071888	
118	-0.475349	0.003015	-0.066238	
119	-0.499123	-0.002644	-0.054203	
120	-0.507041	-0.003629	-0.046752	
121	-0.511965	-0.007832	-0.039824	
122	-0.521497	-0.011604	-0.032919	
123	-0.529134	-0.012681	-0.025963	
124	-0.537092	-0.017093	-0.020510	
125	-0.544450	-0.020922	-0.014560	
126	-0.551772	-0.023111	-0.008791	
127	-0.560040	-0.027661	-0.004433	
128	-0.566854	-0.032101	0.000073	
129	-0.573213	-0.036080	0.004818	
130	-0.581750	-0.040257	0.009097	
131	-0.587705	-0.043345	0.014160	
132	-0.593400	-0.047371	0.019382	
133	-0.599759	-0.051429	0.024389	
134	-0.615052	-0.056403	0.035361	
135	-0.622258	-0.059219	0.041162	
136	-0.630511	-0.061298	0.046647	
137	-0.638593	-0.064141	0.052065	
138	-0.652712	-0.068841	0.063120	
139	-0.661989	-0.070004	0.068785	
140	-0.679817	-0.074033	0.079956	
141	-0.688473	-0.076161	0.085541	
142	-0.697680	-0.076436	0.091694	
143	-0.706760	-0.078156	0.097326	
144	-0.716070	-0.080732	0.102939	
145	-0.723901	-0.083664	0.107980	
146	-0.733659	-0.087570	0.112822	
147	-0.743507	-0.088801	0.118446	
148	-0.751539	-0.092186	0.123306	
149	-0.760533	-0.094880	0.128339	
150	-0.769929	-0.096131	0.134069	
151	-0.784301	-0.102595	0.145032	
152	-0.792391	-0.104742	0.150369	
153	-0.799093	-0.108411	0.155319	
154	-0.803686	-0.112571	0.160113	
155	-0.810371	-0.113955	0.165405	
156	-0.816940	-0.115325	0.171067	
157	-0.821395	-0.118113	0.176611	
158	-0.826139	-0.121887	0.182078	
159	-0.833118	-0.123900	0.188148	
160	-0.838306	-0.126323	0.193986	
161	-0.842403	-0.129866	0.199230	
162	-0.848395	-0.131360	0.204468	
163	-0.855402	-0.132674	0.209773	
164	-0.859870	-0.135218	0.214686	
165	-0.864784	-0.138685	0.219020	
166	-0.871394	-0.140190	0.223906	
167	-0.876295	-0.142528	0.228944	
168	-0.879840	-0.145885	0.233266	
169	-0.885931	-0.147677	0.238590	
170	-0.892769	-0.149234	0.244219	
171	-0.897192	-0.155013	0.249187	
172	-0.902282	-0.159733	0.254161	
173	-0.909387	-0.163027	0.259725	
174	-0.919494	-0.169295	0.271335	
175	-0.925361	-0.173733	0.277409	
176	-0.931579	-0.175645	0.283944	
177	-0.935903	-0.179832	0.290596	
178	-0.940710	-0.183527	0.297366	
179	-0.946204	-0.187157	0.304162	
180	-0.951091	-0.190844	0.310585	
181	-0.955789	-0.193992	0.316863	
182	-0.960300	-0.197427	0.322655	
183	-0.966349	-0.202035	0.328687	
184	-0.970744	-0.203697	0.334748	
185	-0.973206	-0.207915	0.339569	
186	-0.979814	-0.209483	0.345312	
187	-0.986686	-0.211607	0.350934	
188	-0.991579	-0.213748	0.356293	
189	-0.996008	-0.215669	0.361430	
190	-1.003952	-0.216049	0.367478	
191	-1.011179	-0.216910	0.373704	
192	-1.016248	-0.217612	0.380062	
193	-1.021693	-0.219206	0.385986	
194	-1.030821	-0.219537	0.392650	
195	-1.041035	-0.218803	0.399621	
196	-1.049605	-0.220433	0.405375	
197	-1.059332	-0.221213	0.410796	
198	-1.072132	-0.222292	0.416850	
199	-1.083004	-0.222984	0.421662	
200	-1.092515	-0.223766	0.425793	
201	-1.103920	-0.224316	0.430369	
202	-1.116823	-0.224891	0.435544	
203	-1.126118	-0.224620	0.439643	
204	-1.136842	-0.226745	0.443975	
205	-1.157741	-0.229838	0.452369	
206	-1.166222	-0.231449	0.455770	
207	-1.176593	-0.234566	0.460146	
208	-1.185883	-0.237414	0.464366	
209	-1.191955	-0.238430	0.468069	
210	-1.199757	-0.241814	0.471920	
211	-1.209524	-0.244587	0.476970	
212	-1.214762	-0.246146	0.481243	
213	-1.220726	-0.249003	0.485432	
214	-1.229629	-0.253174	0.490600	
215	-1.234747	-0.254356	0.495647	
216	-1.239236	-0.257396	0.500053	
217	-1.246968	-0.260832	0.505962	
218	-1.251367	-0.263346	0.511514	
219	-1.255764	-0.265824	0.517214	
220	-1.261463	-0.269425	0.523151	
221	-1.266773	-0.272023	0.529362	
222	-1.270645	-0.275258	0.534985	
223	-1.275480	-0.279756	0.540987	
224	-1.280167	-0.283504	0.547181	
225	-1.283700	-0.287433	0.553265	
226	-1.288131	-0.291711	0.559823	
227	-1.290549	-0.296066	0.565913	
228	-1.293156	-0.301538	0.571828	
229	-1.297096	-0.307723	0.578076	
230	-1.300341	-0.312329	0.583880	
231	-1.303819	-0.316387	0.589554	
232	-1.307846	-0.321289	0.595565	
233	-1.310241	-0.326478	0.601068	
234	-1.313956	-0.331520	0.607045	
235	-1.319642	-0.335378	0.614066	
236	-1.323349	-0.339710	0.619937	
237	-1.327015	-0.343854	0.625672	
238	-1.331369	-0.347781	0.631644	
239	-1.335661	-0.351382	0.637851	
240	-1.339746	-0.354856	0.643825	
241	-1.345190	-0.359355	0.650027	
242	-1.350342	-0.361768	0.656082	
243	-1.354999	-0.365089	0.661005	
244	-1.361600	-0.369817	0.666580	
245	-1.367187	-0.372889	0.671837	
246	-1.371241	-0.377553	0.676203	
247	-1.376861	-0.382617	0.680315	
248	-1.382771	-0.386500	0.684190	
249	-1.387915	-0.390413	0.687362	
250	-1.393437	-0.395131	0.690022	
251	-1.401363	-0.398055	0.693297	
252	-1.408026	-0.400795	0.696150	
253	-1.415011	-0.404578	0.698348	
254	-1.424323	-0.405853	0.701212	
255	-1.432868	-0.407086	0.703060	
256	-1.451768	-0.410366	0.705986	
257	-1.462909	-0.409654	0.707322	
258	-1.482656	-0.409917	0.708509	
259	-1.494578	-0.409606	0.709693	
260	-1.505640	-0.408547	0.710819	
261	-1.516149	-0.407176	0.711793	
262	-1.526461	-0.406662	0.712903	
263	-1.536716	-0.407260	0.714076	
264	-1.547132	-0.405518	0.715963	
265	-1.556684	-0.404802	0.717046	
266	-1.567860	-0.405181	0.718486	
267	-1.577524	-0.405410	0.720327	
268	-1.586525	-0.405874	0.721635	
269	-1.597745	-0.405979	0.723946	
270	-1.607229	-0.404827	0.726214	
271	-1.616815	-0.405046	0.728459	
272	-1.626916	-0.405853	0.731158	
273	-1.635532	-0.405871	0.733938	
274	-1.644216	-0.406643	0.736708	
275	-1.653572	-0.404348	0.740766	
276	-1.661899	-0.402454	0.745381	
277	-1.670177	-0.399930	0.750573	
278	-1.678061	-0.395546	0.756830	
279	-1.685484	-0.391378	0.763984	
280	-1.692085	-0.386859	0.771555	
281	-1.698176	-0.381551	0.779332	
282	-1.702779	-0.377298	0.787060	
283	-1.706449	-0.373346	0.795034	
284	-1.710147	-0.369632	0.803145	
285	-1.712819	-0.366476	0.810487	
286	-1.715607	-0.365482	0.818213	
287	-1.718359	-0.363259	0.827642	
288	-1.717682	-0.360422	0.835541	
289	-1.718923	-0.360422	0.843131	
290	-1.720064	-0.357905	0.852223	
291	-1.719737	-0.355842	0.860792	
292	-1.720240	-0.354693	0.869810	
293	-1.720806	-0.353209	0.878546	
294	-1.721837	-0.350842	0.888269	
295	-1.722903	-0.348608	0.897530	
296	-1.723675	-0.349093	0.906202	
297	-1.725171	-0.348813	0.915239	
298	-1.726223	-0.349580	0.923954	
299	-1.727440	-0.351011	0.931175	
300	-1.729551	-0.352330	0.938920	
301	-1.731758	-0.354058	0.946551	
302	-1.733936	-0.354317	0.954605	
303	-1.736022	-0.356503	0.961409	
304	-1.738518	-0.359104	0.968517	
305	-1.740695	-0.363607	0.974874	
306	-1.744428	-0.366235	0.981634	
307	-1.748257	-0.367726	0.988584	
308	-1.752520	-0.371234	0.994991	
309	-1.756080	-0.375058	1.000616	
310	-1.759750	-0.378592	1.006533	
311	-1.763495	-0.380318	1.012486	
312	-1.767226	-0.383819	1.017969	
313	-1.771297	-0.387039	1.023679	
314	-1.775425	-0.388808	1.029949	
315	-1.779777	-0.392285	1.035741	
316	-1.784670	-0.396594	1.040821	
317	-1.789557	-0.401243	1.045770	
318	-1.794832	-0.405355	1.051079	
319	-1.800239	-0.409336	1.056164	
320	-1.806195	-0.413703	1.061271	
321	-1.811576	-0.418752	1.065917	
322	-1.816845	-0.423608	1.070246	
323	-1.822641	-0.428639	1.074414	
324	-1.828098	-0.433329	1.078636	
325	-1.833664	-0.437364	1.082670	
326	-1.838408	-0.442808	1.085555	
327	-1.842859	-0.447837	1.088546	
328	-1.847627	-0.452832	1.091902	
329	-1.852458	-0.457606	1.095560	
330	-1.857049	-0.462409	1.100055	
331	-1.861445	-0.468721	1.104319	
332	-1.865708	-0.473060	1.108654	
333	-1.870037	-0.478912	1.114396	
334	-1.873446	-0.486291	1.118893	
335	-1.877602	-0.491071	1.124557	
336	-1.881730	-0.497123	1.130692	
337	-1.884982	-0.503233	1.134852	
338	-1.888540	-0.508847	1.141007	
339	-1.891126	-0.516182	1.146697	
340	-1.893315	-0.522634	1.151203	
341	-1.895788	-0.527776	1.157089	
342	-1.897813	-0.534106	1.164360	
343	-1.898921	-0.540078	1.168217	
344	-1.900861	-0.544975	1.174717	
345	-1.902224	-0.552363	1.182080	
346	-1.903418	-0.557513	1.187462	
347	-1.904882	-0.560984	1.194368	
348	-1.904683	-0.566113	1.200629	
349	-1.904531	-0.573205	1.204788	
350	-1.904887	-0.577399	1.210795	
351	-1.905487	-0.582923	1.218567	
352	-1.905192	-0.588367	1.223436	
353	-1.905369	-0.594102	1.230108	
354	-1.904967	-0.605333	1.242533	
355	-1.904685	-0.610610	1.249252	
356	-1.904198	-0.615768	1.255726	
357	-1.903922	-0.621652	1.262494	
358	-1.903777	-0.626918	1.269345	
359	-1.903152	-0.633975	1.277264	
360	-1.902554	-0.645306	1.292259	
361	-1.902127	-0.652115	1.300210	
362	-1.901699	-0.658514	1.307283	
363	-1.901546	-0.664872	1.315091	
364	-1.901502	-0.670248	1.322324	
365	-1.901439	-0.675104	1.329369	
366	-1.901633	-0.678930	1.337175	
367	-1.901407	-0.682110	1.342894	
368	-1.901402	-0.686123	1.348849	
369	-1.901234	-0.690231	1.355573	
370	-1.900652	-0.693698	1.361768	
371	-1.900446	-0.696399	1.366611	
372	-1.899879	-0.699261	1.372344	
373	-1.899612	-0.702104	1.376569	
374	-1.900172	-0.704623	1.380289	
375	-1.900466	-0.707062	1.384985	
376	-1.901223	-0.709261	1.389901	
377	-1.902220	-0.710748	1.393415	
378	-1.903645	-0.712467	1.398062	
379	-1.905192	-0.714053	1.403420	
380	-1.906964	-0.716042	1.408692	
381	-1.908882	-0.718118	1.413475	
382	-1.911162	-0.720918	1.419769	
383	-1.913674	-0.723835	1.424537	
384	-1.916260	-0.727509	1.429816	
385	-1.919644	-0.731234	1.435780	
386	-1.922873	-0.735739	1.440257	
387	-1.927036	-0.739692	1.446333	
388	-1.931048	-0.745077	1.451668	
389	-1.934942	-0.751333	1.456305	
390	-1.939767	-0.755383	1.461570	
391	-1.944228	-0.761794	1.466716	
392	-1.949162	-0.767158	1.471094	
393	-1.954420	-0.773325	1.477690	
394	-1.959751	-0.778706	1.482231	
395	-1.965193	-0.785421	1.487789	
396	-1.971132	-0.792100	1.495248	
397	-1.976613	-0.798377	1.500447	
398	-1.986820	-0.811991	1.511365	
399	-1.990830	-0.819508	1.516768	
400	-1.995226	-0.826519	1.521162	
401	-1.998749	-0.836055	1.528317	
402	-2.002029	-0.842292	1.532531	
403	-2.005652	-0.849793	1.538014	
404	-2.009229	-0.857820	1.546290	
405	-2.012141	-0.864202	1.553906	
406	-2.015127	-0.870556	1.559752	
407	-2.018359	-0.877587	1.568330	
408	-2.020490	-0.883394	1.577002	
409	-2.022775	-0.886276	1.582080	
410	-2.025093	-0.890901	1.588610	
411	-2.026932	-0.895632	1.597425	
412	-2.028583	-0.898101	1.604040	
413	-2.030202	-0.900476	1.609978	
414	-2.031522	-0.903658	1.617558	
415	-2.032356	-0.907526	1.626450	
416	-2.033813	-0.908479	1.633020	
417	-2.035323	-0.910323	1.640361	
418	-2.036802	-0.912028	1.648997	
419	-2.038449	-0.913404	1.655292	
420	-2.039853	-0.915770	1.663407	
421	-2.041716	-0.916362	1.670332	
422	-2.043101	-0.917997	1.677516	
423	-2.044583	-0.918795	1.683513	
424	-2.045994	-0.920205	1.690103	
425	-2.047118	-0.922100	1.697025	
426	-2.049660	-0.924279	1.707312	
427	-2.051102	-0.925623	1.712577	
428	-2.052010	-0.927740	1.718261	
429	-2.053466	-0.930118	1.723876	
430	-2.055574	-0.933610	1.728769	
431	-2.056878	-0.938196	1.736459	
432	-2.058371	-0.949448	1.747300	
433	-2.059167	-0.955355	1.752826	
434	-2.059844	-0.961020	1.757718	
435	-2.061291	-0.966444	1.760670	
436	-2.062427	-0.972292	1.765897	
437	-2.063631	-0.978940	1.771609	
438	-2.065353	-0.984531	1.775574	
439	-2.066892	-0.990838	1.781988	
440	-2.067951	-0.997126	1.786691	
441	-2.069418	-1.004004	1.791744	
442	-2.070864	-1.009572	1.797838	
443	-2.072313	-1.014943	1.802946	
444	-2.073558	-1.021391	1.808400	
445	-2.075140	-1.027090	1.813818	
446	-2.075946	-1.033843	1.820364	
447	-2.077429	-1.039879	1.824557	
448	-2.078772	-1.046686	1.829795	
449	-2.080125	-1.053166	1.836725	
450	-2.081452	-1.059351	1.840422	
451	-2.083414	-1.065924	1.847682	
452	-2.084826	-1.071471	1.853510	
453	-2.087793	-1.076817	1.857595	
454	-2.089337	-1.085016	1.866529	
455	-2.091464	-1.091191	1.872874	
456	-2.094595	-1.098375	1.879740	
457	-2.098421	-1.104712	1.888157	
458	-2.102512	-1.111989	1.896658	
459	-2.106235	-1.121681	1.907063	
460	-2.112404	-1.127003	1.915528	
461	-2.117426	-1.135123	1.925744	
462	-2.122794	-1.143245	1.937524	
463	-2.127878	-1.150346	1.948666	
464	-2.132148	-1.157645	1.959837	
465	-2.136852	-1.164881	1.971333	
466	-2.140393	-1.171759	1.982800	
467	-2.143573	-1.178444	1.993001	
468	-2.147210	-1.185359	2.002769	
469	-2.150762	-1.192776	2.012722	
470	-2.153467	-1.198514	2.023589	
471	-2.157340	-1.204963	2.032514	
472	-2.161300	-1.211452	2.043978	
473	-2.163979	-1.217466	2.054275	
474	-2.167058	-1.222879	2.064357	
475	-2.169573	-1.228448	2.073947	
476	-2.171321	-1.233985	2.083915	
477	-2.173642	-1.237918	2.092633	
478	-2.174670	-1.241165	2.101925	
479	-2.175071	-1.244099	2.110451	
480	-2.175904	-1.246952	2.117877	
481	-2.175507	-1.248692	2.126522	
482	-2.173098	-1.250355	2.136303	
483	-2.173293	-1.251624	2.142869	
484	-2.172996	-1.252697	2.150930	
485	-2.169160	-1.253801	2.161073	
486	-2.166794	-1.254106	2.168361	
487	-2.165480	-1.254389	2.174628	
488	-2.157571	-1.258049	2.194534	
489	-2.155003	-1.259400	2.201941	
490	-2.150845	-1.262223	2.212750	
491	-2.147394	-1.265226	2.219126	
492	-2.143855	-1.268971	2.226335	
493	-2.138759	-1.273460	2.235139	
494	-2.135471	-1.277571	2.241894	
495	-2.133143	-1.281363	2.248093	
496	-2.128019	-1.286522	2.258748	
497	-2.120746	-1.297068	2.271532	
498	-2.116195	-1.301767	2.280002	
499	-2.111285	-1.305520	2.288476	
500	-2.107957	-1.310925	2.292062	
501	-2.104892	-1.314434	2.297463	
502	-2.099229	-1.319601	2.304434	
503	-2.096611	-1.323301	2.307831	
504	-2.093028	-1.326447	2.313094	
505	-2.088955	-1.328788	2.320158	
506	-2.085762	-1.332856	2.324458	
507	-2.082349	-1.337489	2.327238	
508	-2.076890	-1.341992	2.332752	
509	-2.074172	-1.345065	2.335249	
510	-2.071224	-1.348021	2.338248	
511	-2.066174	-1.351201	2.343633	
512	-2.062000	-1.356397	2.345334	
513	-2.057732	-1.361735	2.347174	
514	-2.051325	-1.366156	2.353184	
515	-2.047848	-1.369522	2.356616	
516	-2.043093	-1.374063	2.361267	
517	-2.036968	-1.378951	2.367986	
518	-2.032516	-1.383723	2.373652	
519	-2.028190	-1.387764	2.381442	
520	-2.021375	-1.393037	2.391390	
521	-2.018117	-1.397387	2.399071	
522	-2.013502	-1.401524	2.408448	
523	-2.008325	-1.407156	2.418080	
524	-2.003752	-1.412190	2.427572	
525	-1.998159	-1.418576	2.436952	
526	-1.994854	-1.425752	2.444144	
527	-1.989705	-1.430726	2.453683	
528	-1.984175	-1.435822	2.463231	
529	-1.979881	-1.441580	2.471640	
530	-1.975775	-1.446784	2.479692	
531	-1.970965	-1.451056	2.488755	
532	-1.966809	-1.456144	2.496516	
533	-1.963158	-1.458983	2.505665	
534	-1.958388	-1.461889	2.513925	
535	-1.953189	-1.466032	2.521514	
536	-1.948912	-1.469712	2.528603	
537	-1.943567	-1.472543	2.535889	
538	-1.937318	-1.476989	2.541750	
539	-1.934743	-1.479642	2.547780	
540	-1.928997	-1.483056	2.553814	
541	-1.921523	-1.487767	2.559948	
542	-1.917582	-1.490959	2.565464	
543	-1.911838	-1.493737	2.571321	
544	-1.904501	-1.497200	2.577086	
545	-1.898513	-1.499874	2.582605	
546	-1.893486	-1.501701	2.587561	
547	-1.886592	-1.502984	2.593519	
548	-1.878439	-1.504966	2.597627	
549	-1.871564	-1.506435	2.601996	
550	-1.863947	-1.507790	2.605452	
551	-1.856174	-1.507950	2.610962	
552	-1.847357	-1.509254	2.613931	
553	-1.841167	-1.509485	2.617586	
554	-1.831305	-1.508496	2.622426	
555	-1.818104	-1.509559	2.627240	
556	-1.811854	-1.508856	2.630858	
557	-1.801981	-1.507732	2.636291	
558	-1.789502	-1.507252	2.641512	
559	-1.781553	-1.506298	2.645960	
560	-1.772986	-1.504498	2.650665	
561	-1.760695	-1.503632	2.655392	
562	-1.751044	-1.503460	2.659091	
563	-1.733153	-1.500751	2.666255	
564	-1.722017	-1.500989	2.669460	
565	-1.713726	-1.500638	2.671328	
566	-1.704181	-1.500021	2.673488	
567	-1.694062	-1.500182	2.675972	
568	-1.685412	-1.501038	2.676229	
569	-1.677702	-1.501626	2.677034	
570	-1.668713	-1.501886	2.679434	
571	-1.660755	-1.502812	2.680412	
572	-1.653305	-1.504719	2.679414	
573	-1.645322	-1.506427	2.679544	
574	-1.637521	-1.507930	2.680301	
575	-1.631250	-1.508835	2.680636	
576	-1.624898	-1.509597	2.681365	
577	-1.616764	-1.510681	2.683232	
578	-1.605479	-1.513772	2.683619	
579	-1.598615	-1.514312	2.685351	
580	-1.591043	-1.515412	2.686858	
581	-1.586026	-1.517034	2.686576	
582	-1.579469	-1.517399	2.688729	
583	-1.571545	-1.519496	2.690120	
584	-1.566686	-1.521201	2.691092	
585	-1.553977	-1.523374	2.695551	
586	-1.548384	-1.524416	2.698442	
587	-1.543057	-1.525268	2.700454	
588	-1.536531	-1.526184	2.703105	
589	-1.530070	-1.527475	2.704131	
590	-1.517396	-1.528661	2.709075	
591	-1.511387	-1.529462	2.711648	
592	-1.503945	-1.530713	2.714278	
593	-1.498482	-1.531333	2.717554	
594	-1.492937	-1.532629	2.720187	
595	-1.485806	-1.533623	2.722980	
596	-1.479002	-1.533993	2.726591	
597	-1.475085	-1.533977	2.729404	
598	-1.468041	-1.533719	2.732552	
599	-1.460966	-1.533353	2.735925	
600	-1.455949	-1.533128	2.737489	
601	-1.451019	-1.532884	2.738072	
602	-1.442284	-1.531679	2.742587	
603	-1.435374	-1.529671	2.747001	
604	-1.430929	-1.529583	2.746395	
605	-1.422190	-1.528466	2.749632	
606	-1.412943	-1.527003	2.752965	
607	-1.407552	-1.525964	2.754120	
608	-1.399071	-1.524330	2.757736	
609	-1.390830	-1.523513	2.758502	
610	-1.382045	-1.522382	2.761142	
611	-1.374251	-1.521323	2.763127	
612	-1.367580	-1.520131	2.763372	
613	-1.357934	-1.519297	2.763895	
614	-1.350619	-1.518152	2.763272	
615	-1.343613	-1.516814	2.762246	
616	-1.335121	-1.515286	2.761600	
617	-1.327263	-1.514106	2.760937	
618	-1.320799	-1.513390	2.758815	
619	-1.311521	-1.513473	2.756609	
620	-1.304612	-1.513500	2.755189	
621	-1.299137	-1.513464	2.752934	
622	-1.291167	-1.513492	2.751653	
623	-1.283986	-1.513806	2.749866	
624	-1.278912	-1.514531	2.745831	
625	-1.271273	-1.514779	2.744350	
626	-1.263992	-1.515154	2.742497	
627	-1.251050	-1.515683	2.738655	
628	-1.243197	-1.516549	2.736529	
629	-1.237799	-1.517745	2.733663	
630	-1.230353	-1.518876	2.732327	
631	-1.224104	-1.519912	2.730766	
632	-1.217757	-1.521509	2.728446	
633	-1.211003	-1.523149	2.726243	
634	-1.205321	-1.524204	2.724188	
635	-1.199770	-1.525160	2.722721	
636	-1.194649	-1.525607	2.721582	
637	-1.185431	-1.525651	2.717186	
638	-1.181377	-1.525491	2.714779	
639	-1.176440	-1.524301	2.713475	
640	-1.169822	-1.523637	2.711128	
641	-1.163229	-1.523081	2.709294	
642	-1.160868	-1.522040	2.707106	
643	-1.157268	-1.520475	2.705900	
644	-1.150522	-1.519692	2.704195	
645	-1.147622	-1.518096	2.703242	
646	-1.144673	-1.516194	2.702310	
647	-1.138126	-1.514403	2.701397	
648	-1.132097	-1.512752	2.699838	
649	-1.128335	-1.510887	2.698181	
650	-1.123455	-1.508626	2.696620	
651	-1.117710	-1.506051	2.694659	
652	-1.112212	-1.502774	2.693404	
653	-1.107714	-1.499269	2.691653	
654	-1.101023	-1.495790	2.689993	
655	-1.094783	-1.492019	2.688199	
656	-1.089682	-1.487874	2.686348	
657	-1.080853	-1.484310	2.684020	
658	-1.078067	-1.479578	2.682590	
659	-1.073474	-1.474838	2.681385	
660	-1.063757	-1.472063	2.678569	
661	-1.058879	-1.468130	2.677090	
662	-1.055308	-1.463993	2.675233	
663	-1.049147	-1.460204	2.672332	
664	-1.044430	-1.456124	2.669356	
665	-1.040397	-1.451807	2.666370	
666	-1.036842	-1.447128	2.662691	
667	-1.033978	-1.442115	2.659171	
668	-1.027733	-1.437968	2.654139	
669	-1.021902	-1.433264	2.649683	
670	-1.018203	-1.427238	2.646636	
671	-1.010834	-1.422615	2.641253	
672	-1.002189	-1.417250	2.636329	
673	-0.988944	-1.408102	2.624816	
674	-0.976449	-1.404065	2.618696	
675	-0.965775	-1.397036	2.607452	
676	-0.960352	-1.395703	2.600270	
677	-0.959178	-1.391104	2.596980	
678	-0.956140	-1.386453	2.593698	
679	-0.948492	-1.383589	2.587965	
680	-0.942169	-1.379791	2.583736	
681	-0.939307	-1.374580	2.581555	
682	-0.933183	-1.371545	2.577940	
683	-0.927247	-1.368174	2.575142	
684	-0.918405	-1.360141	2.571910	
685	-0.913176	-1.357504	2.569435	
686	-0.911844	-1.351541	2.570240	
687	-0.908154	-1.347365	2.569492	
688	-0.901537	-1.345248	2.567595	
689	-0.899776	-1.338537	2.570118	
690	-0.896724	-1.333734	2.570519	
691	-0.892051	-1.330172	2.570080	
692	-0.889227	-1.324998	2.571579	
693	-0.888507	-1.319238	2.573872	
694	-0.884263	-1.316737	2.573605	
695	-0.881819	-1.312565	2.575345	
696	-0.880735	-1.308145	2.577032	
697	-0.875184	-1.307473	2.575758	
698	-0.874089	-1.303086	2.578397	
699	-0.872872	-1.300031	2.580026	
700	-0.868004	-1.299782	2.579643	
701	-0.867342	-1.296154	2.582437	
702	-0.865376	-1.293775	2.583816	
703	-0.861655	-1.292343	2.585156	
704	-0.860227	-1.289271	2.588213	
705	-0.857476	-1.287129	2.590392	
706	-0.855027	-1.284693	2.593175	
707	-0.852442	-1.281934	2.596132	
708	-0.850543	-1.279285	2.599073	
709	-0.846917	-1.277639	2.601018	
710	-0.844902	-1.274718	2.603987	
711	-0.842785	-1.271981	2.606860	
712	-0.834480	-1.265249	2.615470	
713	-0.828967	-1.265333	2.615609	
714	-0.822939	-1.265572	2.616832	
715	-0.821764	-1.262825	2.620821	
716	-0.815740	-1.263845	2.621815	
717	-0.812185	-1.263239	2.624578	
718	-0.810518	-1.260883	2.628259	
719	-0.805847	-1.261095	2.630139	
720	-0.802310	-1.260355	2.632825	
721	-0.799889	-1.258538	2.636198	
722	-0.794476	-1.259615	2.636880	
723	-0.789434	-1.260207	2.639014	
724	-0.787150	-1.258996	2.642389	
725	-0.784028	-1.258868	2.644589	
726	-0.777705	-1.261382	2.645049	
727	-0.775544	-1.259761	2.649561	
728	-0.772531	-1.259145	2.652438	
729	-0.766828	-1.261181	2.653357	
730	-0.763222	-1.260712	2.657968	
731	-0.760694	-1.260187	2.660609	
732	-0.755122	-1.261994	2.661732	
733	-0.752542	-1.261298	2.665971	
734	-0.748887	-1.261764	2.668387	
735	-0.744041	-1.263705	2.669612	
736	-0.741868	-1.262985	2.673282	
737	-0.738205	-1.263792	2.675261	
738	-0.734215	-1.265302	2.677371	
739	-0.731672	-1.266067	2.680295	
740	-0.727069	-1.269583	2.680209	
741	-0.725052	-1.271120	2.683058	
742	-0.723515	-1.272019	2.686270	
743	-0.722327	-1.273206	2.688305	
744	-0.722052	-1.273131	2.692036	
745	-0.719824	-1.274488	2.694240	
746	-0.718395	-1.275605	2.697543	
747	-0.717127	-1.276518	2.700644	
748	-0.714930	-1.277627	2.703196	
749	-0.712593	-1.279012	2.705850	
750	-0.712762	-1.278288	2.710150	
751	-0.709813	-1.280169	2.712641	
752	-0.707553	-1.281729	2.716887	
753	-0.706550	-1.282575	2.722111	
754	-0.704185	-1.284809	2.725990	
755	-0.701066	-1.288142	2.729308	
756	-0.699540	-1.290493	2.734549	
757	-0.697646	-1.293564	2.739049	
758	-0.693631	-1.298761	2.742922	
759	-0.693065	-1.301385	2.749555	
760	-0.690056	-1.305768	2.754129	
761	-0.687520	-1.309735	2.760020	
762	-0.685789	-1.313232	2.766909	
763	-0.684114	-1.316591	2.772488	
764	-0.681598	-1.320350	2.777909	
765	-0.678846	-1.324442	2.783556	
766	-0.675851	-1.328899	2.789301	
767	-0.674042	-1.332107	2.796222	
768	-0.670502	-1.336975	2.800595	
769	-0.668361	-1.340307	2.806872	
770	-0.668046	-1.341883	2.813717	
771	-0.663547	-1.346636	2.817452	
772	-0.660928	-1.349556	2.823254	
773	-0.658628	-1.351874	2.828430	
774	-0.654058	-1.355753	2.830436	
775	-0.652731	-1.356377	2.836761	
776	-0.651126	-1.356829	2.841787	
777	-0.646025	-1.359067	2.844702	
778	-0.642291	-1.359982	2.848826	
779	-0.638309	-1.360616	2.852940	
780	-0.632461	-1.363518	2.853298	
781	-0.627851	-1.365255	2.855185	
782	-0.623538	-1.366932	2.856475	
783	-0.617710	-1.369450	2.856035	
784	-0.611385	-1.372242	2.856956	
785	-0.606445	-1.373983	2.858711	
786	-0.599186	-1.376158	2.859442	
787	-0.593750	-1.377826	2.860705	
788	-0.581851	-1.381217	2.864694	
789	-0.574281	-1.383358	2.867044	
790	-0.567656	-1.385514	2.869753	
791	-0.559883	-1.388084	2.870821	
792	-0.552095	-1.390403	2.871897	
793	-0.543115	-1.393988	2.872423	
794	-0.536036	-1.396075	2.874799	
795	-0.527368	-1.398636	2.875594	
796	-0.517799	-1.401939	2.875679	
797	-0.510715	-1.403196	2.878500	
798	-0.502941	-1.404991	2.880068	
799	-0.493598	-1.408092	2.880594	
800	-0.486499	-1.409560	2.883366	
801	-0.469636	-1.415119	2.883101	
802	-0.457184	-1.417781	2.885138	
803	-0.444889	-1.420709	2.885763	
804	-0.439240	-1.421830	2.886180	
805	-0.432553	-1.423558	2.885340	
806	-0.428512	-1.422941	2.886959	
807	-0.421980	-1.423533	2.886467	
808	-0.415012	-1.424527	2.885764	
809	-0.408590	-1.423912	2.886683	
810	-0.400972	-1.424984	2.885731	
811	-0.392724	-1.426635	2.884558	
812	-0.385659	-1.425982	2.885668	
813	-0.379292	-1.426871	2.885763	
814	-0.371171	-1.428346	2.884681	
815	-0.365056	-1.427731	2.885896	
816	-0.358218	-1.428573	2.885672	
817	-0.350316	-1.429533	2.883922	
818	-0.345270	-1.428492	2.884315	
819	-0.338536	-1.429510	2.881763	
820	-0.332690	-1.430266	2.879844	
821	-0.326947	-1.429829	2.878802	
822	-0.321137	-1.429664	2.877142	
823	-0.315224	-1.429044	2.875650	
824	-0.309390	-1.427512	2.874558	
825	-0.303493	-1.427148	2.872494	
826	-0.297836	-1.425189	2.871095	
827	-0.293221	-1.422539	2.869904	
828	-0.288323	-1.420403	2.867764	
829	-0.276238	-1.414350	2.863920	
830	-0.270348	-1.411444	2.860864	
831	-0.265018	-1.408405	2.857107	
832	-0.259058	-1.403963	2.853795	
833	-0.253211	-1.399806	2.849680	
834	-0.245766	-1.396234	2.844316	
835	-0.238399	-1.391452	2.839704	
836	-0.230103	-1.386353	2.835138	
837	-0.221626	-1.383260	2.828567	
838	-0.212081	-1.379565	2.822359	
839	-0.203800	-1.375225	2.816433	
840	-0.194720	-1.371724	2.809865	
841	-0.177133	-1.365037	2.795699	
842	-0.169605	-1.361706	2.788987	
843	-0.162175	-1.358900	2.781426	
844	-0.154100	-1.355160	2.775033	
845	-0.148206	-1.352984	2.767892	
846	-0.140155	-1.349925	2.761754	
847	-0.132930	-1.347024	2.754992	
848	-0.127839	-1.345433	2.748641	
849	-0.119958	-1.342179	2.743093	
850	-0.114050	-1.343032	2.733860	
851	-0.106342	-1.342692	2.726839	
852	-0.097728	-1.339245	2.722724	
853	-0.094549	-1.340435	2.714803	
854	-0.088204	-1.341739	2.707530	
855	-0.081064	-1.341148	2.701269	
856	-0.076562	-1.340791	2.694461	
857	-0.071348	-1.340097	2.687521	
858	-0.066360	-1.339256	2.680075	
859	-0.060055	-1.337917	2.673156	
860	-0.053492	-1.336047	2.667282	
861	-0.048388	-1.335989	2.659842	
862	-0.041543	-1.335801	2.653817	
863	-0.034481	-1.336629	2.646709	
864	-0.027184	-1.337827	2.640523	
865	-0.020005	-1.338729	2.635229	
866	-0.013523	-1.340796	2.628707	
867	-0.005520	-1.342673	2.622914	
868	0.001549	-1.344417	2.617688	
869	0.007199	-1.346844	2.610999	
870	0.012920	-1.349616	2.603985	
871	0.020705	-1.351411	2.598310	
872	0.026577	-1.353704	2.591805	
873	0.032906	-1.355878	2.584662	
874	0.037788	-1.358434	2.576790	
875	0.050067	-1.360644	2.563199	
876	0.052860	-1.362639	2.554162	
877	0.057633	-1.363650	2.546626	
878	0.060520	-1.365091	2.537392	
879	0.068692	-1.364964	2.522444	
880	0.070115	-1.364535	2.513706	
881	0.072432	-1.364173	2.505232	
882	0.076925	-1.362362	2.498946	
883	0.078868	-1.361353	2.491394	
884	0.080139	-1.361228	2.482708	
885	0.080653	-1.359870	2.474225	
886	0.084100	-1.358661	2.464881	
887	0.085539	-1.357558	2.456065	
888	0.088642	-1.355798	2.446893	
889	0.090668	-1.354103	2.438820	
890	0.093768	-1.352870	2.429567	
891	0.095974	-1.352677	2.419593	
892	0.099544	-1.351721	2.410542	
893	0.101742	-1.350922	2.400536	
894	0.103705	-1.350902	2.388775	
895	0.107214	-1.351219	2.378344	
896	0.110690	-1.352038	2.369072	
897	0.114240	-1.353235	2.361772	
898	0.119122	-1.353667	2.354856	
899	0.122829	-1.353322	2.347807	
900	0.125955	-1.352657	2.339953	
901	0.128368	-1.351697	2.333183	
902	0.132500	-1.349895	2.326704	
903	0.134728	-1.348134	2.319975	
904	0.137662	-1.346549	2.313404	
905	0.140599	-1.344479	2.307541	
906	0.143223	-1.342416	2.301385	
907	0.146458	-1.341002	2.294776	
908	0.150648	-1.338825	2.289070	
909	0.155828	-1.337008	2.282993	
910	0.160520	-1.335940	2.278108	
911	0.166537	-1.334045	2.274948	
912	0.172227	-1.332916	2.271735	
913	0.176618	-1.332588	2.268438	
914	0.182157	-1.330768	2.265175	
915	0.187409	-1.328710	2.261211	
916	0.192548	-1.326914	2.257915	
917	0.194599	-1.324530	2.256251	
918	0.198040	-1.322437	2.253422	
919	0.202241	-1.321089	2.250631	
920	0.205234	-1.318853	2.249320	
921	0.208519	-1.317269	2.247504	
922	0.212695	-1.316281	2.245597	
923	0.216469	-1.314666	2.244286	
924	0.220448	-1.313585	2.242736	
925	0.224402	-1.312828	2.241997	
926	0.228163	-1.311533	2.242375	
927	0.233582	-1.311211	2.241580	
928	0.238208	-1.311207	2.241936	
929	0.240276	-1.310337	2.243683	
930	0.245623	-1.310367	2.244218	
931	0.249568	-1.311013	2.245994	
932	0.252187	-1.311051	2.249441	
933	0.255692	-1.311811	2.251091	
934	0.258496	-1.312445	2.253561	
935	0.260941	-1.312819	2.256211	
936	0.264008	-1.313526	2.257265	
937	0.266695	-1.314422	2.259348	
938	0.268882	-1.314671	2.263535	
939	0.270343	-1.315187	2.267399	
940	0.272870	-1.315708	2.271149	
941	0.275608	-1.316041	2.273915	
942	0.279235	-1.316545	2.277038	
943	0.281660	-1.317065	2.280403	
944	0.283403	-1.316957	2.285315	
945	0.286111	-1.317178	2.288521	
946	0.289871	-1.317438	2.291368	
947	0.292283	-1.317592	2.295428	
948	0.295651	-1.318681	2.297596	
949	0.298338	-1.319159	2.300808	
950	0.305412	-1.320608	2.304202	
951	0.307153	-1.321118	2.307809	
952	0.308800	-1.321110	2.309300	
953	0.311230	-1.320958	2.313092	
954	0.312186	-1.319554	2.316393	
955	0.314770	-1.318528	2.319102	
956	0.317248	-1.317626	2.321268	
957	0.319279	-1.316073	2.326527	
958	0.319980	-1.314137	2.331558	
959	0.320146	-1.312006	2.335776	
960	0.323075	-1.311370	2.339769	
961	0.324753	-1.310932	2.345257	
962	0.325518	-1.309398	2.350582	
963	0.329418	-1.309776	2.352036	
964	0.331341	-1.309641	2.357996	
965	0.331642	-1.308944	2.363516	
966	0.336930	-1.309891	2.365894	
967	0.338845	-1.309887	2.371754	
968	0.342470	-1.310374	2.377126	
969	0.348675	-1.312828	2.380199	
970	0.351677	-1.313753	2.385904	
971	0.353744	-1.314357	2.392738	
972	0.358551	-1.316988	2.397292	
973	0.361117	-1.317795	2.405928	
974	0.361257	-1.316941	2.413252	
975	0.364517	-1.318924	2.418191	
976	0.366119	-1.319174	2.427842	
977	0.369431	-1.320759	2.432796	
978	0.373681	-1.323740	2.440468	
979	0.372104	-1.321932	2.447871	
980	0.374056	-1.322714	2.449803	
981	0.378301	-1.323915	2.455358	
982	0.379019	-1.323225	2.463333	
983	0.381124	-1.324317	2.466136	
984	0.383540	-1.324795	2.471440	
985	0.383602	-1.324339	2.477437	
986	0.384490	-1.324913	2.480514	
987	0.386858	-1.325452	2.486129	
988	0.388751	-1.326156	2.490155	
989	0.390477	-1.327519	2.492668	
990	0.392921	-1.327503	2.499433	
991	0.393721	-1.327285	2.503840	
992	0.394664	-1.328056	2.507233	
993	0.395996	-1.326428	2.513766	
994	0.397670	-1.325967	2.517160	
995	0.400638	-1.326652	2.520102	
996	0.402531	-1.324617	2.525516	
997	0.401177	-1.320925	2.532830	
998	0.402766	-1.320077	2.535461	
999	0.404924	-1.318111	2.541504	
1000	0.407845	-1.316061	2.553735	
1001	0.408995	-1.313271	2.563968	
1002	0.409929	-1.312505	2.572077	
1003	0.410542	-1.313329	2.577594	
1004	0.410435	-1.311759	2.584726	
1005	0.409985	-1.311563	2.589940	
1006	0.409950	-1.310319	2.595482	
1007	0.410204	-1.309845	2.599034	
1008	0.410515	-1.309927	2.602766	
1009	0.410670	-1.309699	2.605799	
1010	0.410839	-1.310320	2.607582	
1011	0.412447	-1.311088	2.610740	
1012	0.412364	-1.310263	2.613775	
1013	0.412762	-1.309923	2.617514	
1014	0.413951	-1.310307	2.617817	
1015	0.416581	-1.313019	2.622328	
1016	0.415750	-1.312115	2.626378	
1017	0.417447	-1.312489	2.628155	
1018	0.419629	-1.313686	2.630064	
1019	0.421819	-1.312293	2.632786	
1020	0.424095	-1.312396	2.632050	
1021	0.422638	-1.308947	2.633604	
1022	0.425101	-1.308513	2.632893	
1023	0.425708	-1.302865	2.631619	
1024	0.428440	-1.296495	2.627513	
1025	0.427835	-1.291110	2.626008	
1026	0.428460	-1.287621	2.625582	
1027	0.431593	-1.285408	2.623491	
1028	0.432487	-1.281459	2.623219	
1029	0.434214	-1.277945	2.623662	
1030	0.436835	-1.274829	2.623427	
1031	0.436760	-1.269183	2.623724	
1032	0.438896	-1.265773	2.624257	
1033	0.442516	-1.264194	2.625046	
1034	0.442806	-1.259234	2.625491	
1035	0.445453	-1.255743	2.624395	
1036	0.449196	-1.254670	2.625381	
1037	0.450947	-1.251142	2.625198	
1038	0.452105	-1.247505	2.625705	
1039	0.455794	-1.245720	2.624731	
1040	0.457997	-1.243642	2.624406	
1041	0.459738	-1.240777	2.623094	
1042	0.461373	-1.238111	2.621411	
1043	0.464096	-1.236591	2.618809	
1044	0.465475	-1.233911	2.616095	
1045	0.466976	-1.232466	2.615262	
1046	0.468902	-1.231141	2.614298	
1047	0.470243	-1.227545	2.613774	
1048	0.472526	-1.226700	2.612905	
1049	0.473547	-1.225184	2.612203	
1050	0.474166	-1.224536	2.613060	
1051	0.475046	-1.223720	2.613556	
1052	0.475842	-1.222220	2.613339	
1053	0.475961	-1.221468	2.614909	
1054	0.476884	-1.219583	2.614233	
1055	0.477523	-1.217750	2.614336	
1056	0.477318	-1.216983	2.616965	
1057	0.477412	-1.215215	2.618338	
1058	0.477067	-1.215287	2.622693	
1059	0.477035	-1.212505	2.623037	
1060	0.478107	-1.211269	2.624009	
1061	0.477830	-1.212932	2.629313	
1062	0.475887	-1.211524	2.632768	
1063	0.476611	-1.211882	2.635399	
1064	0.477336	-1.210165	2.635628	
1065	0.476518	-1.206579	2.635138	
1066	0.479006	-1.207597	2.636689	
1067	0.479493	-1.206723	2.638132	
1068	0.478416	-1.204122	2.639710	
1069	0.480097	-1.204981	2.642557	
1070	0.480255	-1.206741	2.648012	
1071	0.477298	-1.204509	2.652942	
1072	0.477128	-1.203037	2.655688	
1073	0.476028	-1.204756	2.663453	
1074	0.473259	-1.201345	2.667278	
1075	0.473498	-1.199228	2.669203	
1076	0.473011	-1.196743	2.671350	
1077	0.471064	-1.195058	2.676372	
1078	0.470095	-1.194129	2.680983	
1079	0.469335	-1.193599	2.685373	
1080	0.468925	-1.193570	2.689621	
1081	0.466492	-1.191824	2.694486	
1082	0.468023	-1.192153	2.696850	
1083	0.468392	-1.192188	2.700047	
1084	0.465611	-1.189894	2.704160	
1085	0.468663	-1.191318	2.704096	
1086	0.468605	-1.191335	2.705762	
1087	0.466190	-1.187531	2.705687	
1088	0.467843	-1.188220	2.704488	
1089	0.465178	-1.184676	2.703218	
1090	0.461888	-1.184533	2.706533	
1091	0.462800	-1.186900	2.705968	
1092	0.459619	-1.186916	2.707962	
1093	0.456743	-1.186772	2.708880	
1094	0.456869	-1.188940	2.706815	
1095	0.452249	-1.189294	2.710458	
1096	0.451400	-1.190548	2.708818	
1097	0.449943	-1.192327	2.708476	
1098	0.445544	-1.191103	2.709578	
1099	0.445123	-1.194550	2.709637	
1100	0.441652	-1.196475	2.712202	
1101	0.435444	-1.200110	2.715938	
1102	0.431516	-1.200927	2.717977	
1103	0.428109	-1.203536	2.722593	
1104	0.424317	-1.207112	2.729201	
1105	0.419739	-1.207988	2.732812	
1106	0.415869	-1.209915	2.736935	
1107	0.412498	-1.211660	2.739690	
1108	0.407976	-1.213719	2.745433	
1109	0.404019	-1.216051	2.750140	
1110	0.399785	-1.216977	2.752434	
1111	0.395781	-1.220256	2.757600	
1112	0.391353	-1.223253	2.762033	
1113	0.387208	-1.226803	2.766374	
1114	0.382061	-1.227633	2.767416	
1115	0.377810	-1.232113	2.773134	
1116	0.366149	-1.237355	2.782107	
1117	0.360998	-1.240250	2.784815	
1118	0.355736	-1.244346	2.790208	
1119	0.348962	-1.245514	2.792962	
1120	0.343404	-1.247159	2.793977	
1121	0.337512	-1.251342	2.802032	
1122	0.331354	-1.252375	2.804080	
1123	0.327604	-1.258548	2.811378	
1124	0.321716	-1.261795	2.819107	
1125	0.315094	-1.259950	2.817878	
1126	0.310871	-1.262480	2.821174	
1127	0.305533	-1.262532	2.823598	
1128	0.301927	-1.265348	2.828413	
1129	0.298089	-1.266662	2.829724	
1130	0.293868	-1.266714	2.831495	
1131	0.292214	-1.271015	2.836057	
1132	0.289305	-1.272234	2.838238	
1133	0.286775	-1.273168	2.838644	
1134	0.285932	-1.275434	2.838305	
1135	0.284748	-1.277740	2.839937	
1136	0.283481	-1.279049	2.839718	
1137	0.282440	-1.280548	2.840122	
1138	0.282400	-1.283278	2.840942	
1139	0.280717	-1.283094	2.841286	
1140	0.279952	-1.283429	2.840092	
1141	0.279802	-1.285400	2.841569	
1142	0.277741	-1.284316	2.841442	
1143	0.276855	-1.285391	2.843103	
1144	0.275417	-1.285448	2.842728	
1145	0.273304	-1.284883	2.844165	
1146	0.271661	-1.285049	2.846234	
1147	0.270065	-1.286319	2.851340	
1148	0.266914	-1.284966	2.852578	
1149	0.265342	-1.286594	2.856793	
1150	0.264419	-1.289171	2.861048	
1151	0.260815	-1.289370	2.866122	
1152	0.259887	-1.293193	2.871446	
1153	0.257891	-1.295543	2.874959	
1154	0.254496	-1.297129	2.879082	
1155	0.252686	-1.300321	2.881984	
1156	0.250230	-1.302997	2.884936	
1157	0.247789	-1.306071	2.887928	
1158	0.245729	-1.309574	2.890888	
1159	0.243349	-1.312593	2.894307	
1160	0.241287	-1.315798	2.896311	
1161	0.238801	-1.319333	2.899321	
1162	0.236193	-1.322333	2.902165	
1163	0.234813	-1.326921	2.903714	
1164	0.231737	-1.329338	2.907355	
1165	0.229501	-1.332525	2.907820	
1166	0.227993	-1.336587	2.910939	
1167	0.225534	-1.339089	2.913284	
1168	0.224337	-1.343050	2.915191	
1169	0.222851	-1.346457	2.918452	
1170	0.220864	-1.348859	2.921458	
1171	0.219808	-1.352287	2.924244	
1172	0.218566	-1.355416	2.927999	
1173	0.216400	-1.357527	2.930569	
1174	0.213971	-1.359710	2.932933	
1175	0.213058	-1.363379	2.935114	
1176	0.210104	-1.364614	2.940579	
1177	0.207584	-1.366340	2.942369	
1178	0.205852	-1.368735	2.947189	
1179	0.202719	-1.369996	2.951415	
1180	0.200398	-1.372033	2.955287	
1181	0.198320	-1.375078	2.959778	
1182	0.195833	-1.377780	2.964089	
1183	0.193102	-1.381053	2.969348	
1184	0.190371	-1.384768	2.974191	
1185	0.186535	-1.388205	2.978269	
1186	0.182633	-1.391889	2.982449	
1187	0.178925	-1.396712	2.987670	
1188	0.174134	-1.400509	2.993791	
1189	0.170300	-1.405048	2.998281	
1190	0.166428	-1.410078	3.002982	
1191	0.160763	-1.413612	3.008840	
1192	0.156143	-1.418205	3.013428	
1193	0.150408	-1.422943	3.019036	
1194	0.143689	-1.427076	3.025600	
1195	0.138822	-1.432889	3.031213	
1196	0.133631	-1.438288	3.037500	
1197	0.128565	-1.443066	3.043830	
1198	0.124128	-1.448143	3.050893	
1199	0.119499	-1.453159	3.057404	
1200	0.114954	-1.458286	3.063530	
1201	0.110364	-1.463299	3.069713	
1202	0.102897	-1.474357	3.085739	
1203	0.099174	-1.479626	3.092687	
1204	0.095774	-1.484657	3.100269	
1205	0.092745	-1.489812	3.107278	
1206	0.090735	-1.495337	3.115827	
1207	0.088128	-1.499732	3.124494	
1208	0.086755	-1.504717	3.132132	
1209	0.085028	-1.509476	3.140772	
1210	0.083212	-1.514329	3.149160	
1211	0.081258	-1.518771	3.154554	
1212	0.079165	-1.522801	3.161990	
1213	0.076181	-1.530262	3.173757	
1214	0.076098	-1.534402	3.180529	
1215	0.076197	-1.538233	3.184846	
1216	0.077335	-1.542572	3.190732	
1217	0.078884	-1.546458	3.196532	
1218	0.080901	-1.550030	3.203118	
1219	0.083852	-1.553659	3.208282	
1220	0.087052	-1.557185	3.214012	
1221	0.091337	-1.560711	3.220608	
1222	0.095610	-1.563517	3.226346	
1223	0.100873	-1.566748	3.232131	
1224	0.106532	-1.569116	3.239778	
1225	0.112973	-1.571539	3.246320	
1226	0.120269	-1.573958	3.253419	
1227	0.127399	-1.575917	3.261601	
1228	0.135326	-1.578003	3.269094	
1229	0.144276	-1.581389	3.275929	
1230	0.152635	-1.583910	3.285363	
1231	0.161015	-1.586868	3.292058	
1232	0.170071	-1.590637	3.299683	
1233	0.178297	-1.593905	3.306741	
1234	0.186365	-1.597765	3.312640	
1235	0.194842	-1.601675	3.319101	
1236	0.202528	-1.604777	3.324309	
1237	0.210509	-1.608420	3.328969	
1238	0.218201	-1.611413	3.334153	
1239	0.225985	-1.614705	3.340212	
1240	0.232947	-1.618798	3.345714	
1241	0.239076	-1.623110	3.350737	
1242	0.245841	-1.627416	3.357146	
1243	0.251213	-1.631406	3.361344	
1244	0.257055	-1.635198	3.366416	
1245	0.262112	-1.638775	3.371803	
1246	0.267598	-1.643348	3.375853	
1247	0.273635	-1.647357	3.382440	
1248	0.278847	-1.651783	3.387473	
1249	0.284914	-1.657330	3.392328	
1250	0.296517	-1.665254	3.400668	
1251	0.302551	-1.670264	3.405923	
1252	0.308881	-1.675627	3.411479	
1253	0.316236	-1.680980	3.417637	
1254	0.330254	-1.692646	3.430598	
1255	0.337346	-1.698511	3.437483	
1256	0.343579	-1.703957	3.443969	
1257	0.350517	-1.708885	3.450606	
1258	0.356793	-1.713211	3.457659	
1259	0.363208	-1.716650	3.464931	
1260	0.369692	-1.721494	3.469531	
1261	0.376739	-1.725841	3.474993	
1262	0.383029	-1.730045	3.480457	
1263	0.389661	-1.733805	3.485018	
1264	0.395870	-1.737045	3.489201	
1265	0.402850	-1.739587	3.494042	
1266	0.410547	-1.742111	3.498521	
1267	0.419639	-1.745371	3.501939	
1268	0.428810	-1.747816	3.506320	
1269	0.437585	-1.750199	3.509989	
1270	0.447340	-1.752559	3.513617	
1271	0.457365	-1.754312	3.517130	
1272	0.467501	-1.755849	3.520831	
1273	0.479562	-1.757876	3.523447	
1274	0.491039	-1.759319	3.526425	
1275	0.502491	-1.759872	3.529751	
1276	0.514758	-1.761882	3.531242	
1277	0.527436	-1.762521	3.534275	
1278	0.539994	-1.763256	3.536597	
1279	0.552152	-1.763074	3.539577	
1280	0.564966	-1.763526	3.541582	
1281	0.576898	-1.763933	3.543473	
1282	0.588892	-1.764130	3.545283	
1283	0.600389	-1.764949	3.545957	
1284	0.612825	-1.766507	3.546645	
1285	0.625463	-1.767509	3.548438	
1286	0.639062	-1.768762	3.550151	
1287	0.651425	-1.770187	3.551285	
1288	0.663161	-1.771479	3.552212	
1289	0.675777	-1.772134	3.553821	
1290	0.689674	-1.773574	3.554156	
1291	0.702133	-1.773857	3.555421	
1292	0.713761	-1.774758	3.555438	
1293	0.726615	-1.775837	3.556040	
1294	0.738738	-1.777143	3.556299	
1295	0.750546	-1.778115	3.557253	
1296	0.763505	-1.779663	3.557019	
1297	0.774616	-1.779850	3.558208	
1298	0.785628	-1.779891	3.559408	
1299	0.798994	-1.781803	3.559467	
1300	0.811134	-1.782755	3.560906	
1301	0.823448	-1.783960	3.562491	
1302	0.836769	-1.786110	3.563796	
1303	0.848481	-1.786639	3.567241	
1304	0.860446	-1.788634	3.569493	
1305	0.874972	-1.789428	3.573567	
1306	0.886320	-1.791162	3.576792	
1307	0.898891	-1.793533	3.580843	
1308	0.910380	-1.796094	3.585106	
1309	0.920891	-1.798026	3.590946	
1310	0.933173	-1.800853	3.596062	
1311	0.946387	-1.802836	3.602262	
1312	0.957033	-1.804801	3.608700	
1313	0.968854	-1.808880	3.612891	
1314	0.980487	-1.811608	3.618163	
1315	0.989465	-1.813698	3.623443	
1316	0.998669	-1.817150	3.627203	
1317	1.007250	-1.819482	3.631584	
1318	1.023873	-1.822282	3.641611	
1319	1.032238	-1.824572	3.645030	
1320	1.041719	-1.825480	3.649529	
1321	1.049778	-1.826788	3.653136	
1322	1.060259	-1.828702	3.655261	
1323	1.075230	-1.828157	3.658705	
1324	1.083817	-1.829439	3.660881	
1325	1.094513	-1.831250	3.662047	
1326	1.105140	-1.830981	3.664970	
1327	1.115397	-1.832139	3.665732	
1328	1.126230	-1.833888	3.665550	
1329	1.136997	-1.832825	3.666699	
1330	1.148518	-1.833453	3.666201	
1331	1.159736	-1.833178	3.665344	
1332	1.170928	-1.832610	3.664233	
1333	1.184336	-1.831320	3.662990	
1334	1.209049	-1.828977	3.658431	
1335	1.222178	-1.825793	3.658364	
1336	1.233416	-1.822335	3.658262	
1337	1.263786	-1.817346	3.655574	
1338	1.290465	-1.813315	3.650853	
1339	1.305505	-1.809289	3.648819	
1340	1.315457	-1.806357	3.647002	
1341	1.328465	-1.804620	3.642466	
1342	1.340413	-1.802631	3.638633	
1343	1.352723	-1.801708	3.633984	
1344	1.363224	-1.801786	3.628813	
1345	1.379465	-1.798053	3.624699	
1346	1.382774	-1.798676	3.621035	
1347	1.398809	-1.795783	3.616093	
1348	1.403777	-1.794826	3.613088	
1349	1.409662	-1.794882	3.608104	
1350	1.419863	-1.793350	3.603525	
1351	1.428711	-1.790571	3.600103	
1352	1.435290	-1.791546	3.594573	
1353	1.444958	-1.789750	3.589875	
1354	1.454545	-1.787342	3.585915	
1355	1.462737	-1.786894	3.580173	
1356	1.473966	-1.784270	3.575569	
1357	1.482920	-1.782035	3.571560	
1358	1.494380	-1.780805	3.565307	
1359	1.506736	-1.777379	3.561344	
1360	1.517004	-1.775286	3.557755	
1361	1.529139	-1.773331	3.553975	
1362	1.542499	-1.771158	3.549432	
1363	1.552814	-1.767489	3.548584	
1364	1.564269	-1.765871	3.545332	
1365	1.578293	-1.763556	3.541774	
1366	1.589481	-1.760570	3.539697	
1367	1.600680	-1.759656	3.535273	
1368	1.613308	-1.756345	3.531922	
1369	1.621667	-1.754514	3.529273	
1370	1.632858	-1.752147	3.525198	
1371	1.643502	-1.748330	3.523144	
1372	1.652584	-1.746235	3.520442	
1373	1.662323	-1.743737	3.517227	
1374	1.671431	-1.740360	3.513919	
1375	1.679352	-1.738084	3.510324	
1376	1.687410	-1.735639	3.506235	
1377	1.696343	-1.733088	3.500963	
1378	1.704525	-1.730159	3.496127	
1379	1.711939	-1.727807	3.490602	
1380	1.720961	-1.724305	3.484433	
1381	1.730852	-1.718453	3.479220	
1382	1.735814	-1.715433	3.474498	
1383	1.743373	-1.711399	3.467989	
1384	1.752779	-1.704834	3.461225	
1385	1.758379	-1.700961	3.454288	
1386	1.765615	-1.696069	3.446681	
1387	1.773538	-1.690563	3.437421	
1388	1.780367	-1.685838	3.428093	
1389	1.787269	-1.681090	3.418272	
1390	1.793215	-1.675172	3.411908	
1391	1.802188	-1.669901	3.401847	
1392	1.812346	-1.664805	3.391197	
1393	1.818889	-1.659224	3.384432	
1394	1.824713	-1.654644	3.377384	
1395	1.838554	-1.647131	3.363000	
1396	1.850640	-1.637273	3.348837	
1397	1.857960	-1.632468	3.340360	
1398	1.863915	-1.627868	3.333920	
1399	1.870406	-1.624895	3.324664	
1400	1.877220	-1.620764	3.317175	
1401	1.883543	-1.617082	3.309591	
1402	1.889598	-1.614617	3.300935	
1403	1.895539	-1.611372	3.292662	
1404	1.901114	-1.608435	3.283643	
1405	1.906680	-1.603745	3.277280	
1406	1.912794	-1.598748	3.271945	
1407	1.919126	-1.594665	3.263922	
1408	1.926147	-1.590011	3.255896	
1409	1.933269	-1.584022	3.250187	
1410	1.940650	-1.578501	3.242464	
1411	1.948933	-1.572649	3.233891	
1412	1.956485	-1.566929	3.226383	
1413	1.965406	-1.562219	3.216558	
1414	1.975712	-1.555092	3.209161	
1415	1.983819	-1.549325	3.203129	
1416	1.993357	-1.543739	3.196447	
1417	2.003666	-1.537482	3.190376	
1418	2.013601	-1.530488	3.186006	
1419	2.023018	-1.524853	3.179999	
1420	2.033531	-1.518990	3.173146	
1421	2.043492	-1.512714	3.167251	
1422	2.053580	-1.506877	3.160785	
1423	2.061506	-1.501452	3.155677	
1424	2.077289	-1.492232	3.142972	
1425	2.083255	-1.488093	3.138398	
1426	2.089385	-1.484690	3.132545	
1427	2.095623	-1.481678	3.126051	
1428	2.101829	-1.477752	3.119151	
1429	2.107556	-1.473055	3.113467	
1430	2.112421	-1.468663	3.109490	
1431	2.116685	-1.465070	3.104945	
1432	2.121458	-1.461938	3.096614	
1433	2.126833	-1.456920	3.090529	
1434	2.130603	-1.451879	3.086495	
1435	2.134600	-1.446690	3.081550	
1436	2.139250	-1.440870	3.076139	
1437	2.142048	-1.437899	3.067305	
1438	2.145405	-1.433830	3.059659	
1439	2.148317	-1.428688	3.054760	
1440	2.151292	-1.423451	3.048206	
1441	2.155116	-1.418267	3.039795	
1442	2.158266	-1.412905	3.032038	
1443	2.160532	-1.408466	3.024768	
1444	2.164791	-1.402485	3.014074	
1445	2.168214	-1.397829	3.002671	
1446	2.170659	-1.393684	2.995745	
1447	2.172981	-1.389861	2.984523	
1448	2.177134	-1.384346	2.971587	
1449	2.178940	-1.379565	2.967035	
1450	2.179538	-1.376498	2.959670	
1451	2.184721	-1.368064	2.948294	
1452	2.186664	-1.361815	2.940411	
1453	2.185190	-1.359472	2.931159	
1454	2.187035	-1.353157	2.920278	
1455	2.189475	-1.344882	2.911752	
1456	2.189808	-1.340066	2.905321	
1457	2.192154	-1.334288	2.894393	
1458	2.194045	-1.328120	2.885402	
1459	2.195776	-1.322011	2.877239	
1460	2.198240	-1.315038	2.871953	
1461	2.200141	-1.310277	2.860878	
1462	2.202734	-1.305317	2.850439	
1463	2.206141	-1.298464	2.845863	
1464	2.208170	-1.293938	2.834886	
1465	2.212367	-1.287410	2.825715	
1466	2.215437	-1.280903	2.820597	
1467	2.216811	-1.277536	2.808777	
1468	2.221178	-1.271829	2.797373	
1469	2.224031	-1.267714	2.786823	
1470	2.227052	-1.264674	2.775040	
1471	2.236350	-1.254124	2.759097	
1472	2.240463	-1.250908	2.750069	
1473	2.245824	-1.246438	2.743734	
1474	2.251160	-1.242744	2.732911	
1475	2.256812	-1.239384	2.724183	
1476	2.262616	-1.236019	2.714771	
1477	2.267992	-1.232432	2.704419	
1478	2.274620	-1.226081	2.694519	
1479	2.280634	-1.220571	2.687391	
1480	2.285039	-1.216328	2.677916	
1481	2.290609	-1.210220	2.669061	
1482	2.294518	-1.206186	2.661440	
1483	2.298268	-1.201858	2.654114	
1484	2.302298	-1.196522	2.644381	
1485	2.306092	-1.190456	2.639003	
1486	2.308851	-1.186372	2.630566	
1487	2.311786	-1.181576	2.622070	
1488	2.315007	-1.176193	2.616210	
1489	2.316355	-1.172701	2.607057	
1490	2.318663	-1.167443	2.597690	
1491	2.319552	-1.162705	2.589242	
1492	2.320547	-1.158194	2.579853	
1493	2.323046	-1.147178	2.562079	
1494	2.323217	-1.143402	2.551887	
1495	2.323702	-1.137431	2.542477	
1496	2.324021	-1.131013	2.536831	
1497	2.324042	-1.124931	2.528759	
1498	2.321937	-1.121810	2.514938	
1499	2.321903	-1.114076	2.507855	
1500	2.321113	-1.106912	2.501346	
1501	2.321065	-1.098325	2.492125	
1502	2.320984	-1.090218	2.484341	
1503	2.319713	-1.083691	2.474313	
1504	2.318696	-1.077574	2.462524	
1505	2.317531	-1.072690	2.450417	
1506	2.316116	-1.068511	2.437146	
1507	2.315608	-1.062757	2.425101	
1508	2.314560	-1.057529	2.414142	
1509	2.314374	-1.051183	2.403917	
1510	2.313248	-1.045730	2.392132	
1511	2.312496	-1.039534	2.381830	
1512	2.311670	-1.033712	2.372402	
1513	2.309356	-1.030276	2.361825	
1514	2.309017	-1.024149	2.353273	
1515	2.308078	-1.018804	2.345737	
1516	2.306060	-1.016207	2.336436	
1517	2.304241	-1.011625	2.328602	
1518	2.302279	-1.008276	2.321318	
1519	2.300802	-1.004519	2.314388	
1520	2.299835	-0.999376	2.308023	
1521	2.298853	-0.995686	2.301948	
1522	2.298415	-0.992983	2.296621	
1523	2.298714	-0.988698	2.291144	
1524	2.299183	-0.984837	2.286756	
1525	2.299256	-0.982588	2.279932	
1526	2.298675	-0.980525	2.271059	
1527	2.300040	-0.977109	2.264699	
1528	2.300534	-0.974632	2.256207	
1529	2.302046	-0.970718	2.248433	
1530	2.304705	-0.965682	2.240390	
1531	2.308110	-0.959702	2.232657	
1532	2.311991	-0.953773	2.223932	
1533	2.315644	-0.948086	2.214954	
1534	2.318350	-0.943620	2.204894	
1535	2.321653	-0.939050	2.194833	
1536	2.326023	-0.932419	2.185282	
1537	2.329329	-0.928305	2.175601	
1538	2.333055	-0.923593	2.165979	
1539	2.336685	-0.919320	2.156775	
1540	2.340483	-0.915148	2.148212	
1541	2.344178	-0.910369	2.138522	
1542	2.348993	-0.905012	2.131209	
1543	2.352436	-0.901278	2.123327	
1544	2.355564	-0.898827	2.114193	
1545	2.359929	-0.893034	2.107483	
1546	2.363205	-0.888598	2.100342	
1547	2.366374	-0.884845	2.091828	
1548	2.369741	-0.879567	2.084260	
1549	2.372669	-0.874370	2.076381	
1550	2.375935	-0.869213	2.068216	
1551	2.379108	-0.863222	2.060011	
1552	2.381243	-0.858537	2.051666	
1553	2.382960	-0.854689	2.042893	
1554	2.385048	-0.848818	2.034708	
1555	2.385959	-0.844028	2.025211	
1556	2.387524	-0.838566	2.017158	
1557	2.388326	-0.833678	2.008685	
1558	2.388913	-0.829631	1.999983	
1559	2.389585	-0.823942	1.991346	
1560	2.390765	-0.817568	1.982439	
1561	2.391722	-0.811098	1.973978	
1562	2.392033	-0.805018	1.963308	
1563	2.391964	-0.799222	1.953528	
1564	2.392838	-0.785390	1.932853	
1565	2.393682	-0.778549	1.923551	
1566	2.394916	-0.772141	1.913786	
1567	2.396749	-0.764367	1.903269	
1568	2.399669	-0.757218	1.893951	
1569	2.402267	-0.749929	1.883447	
1570	2.405134	-0.743225	1.875210	
1571	2.408080	-0.738011	1.867073	
1572	2.409996	-0.733317	1.856468	
1573	2.411730	-0.728980	1.848145	
1574	2.413089	-0.725739	1.839296	
1575	2.416056	-0.720367	1.831691	
1576	2.417284	-0.718263	1.822337	
1577	2.419854	-0.714943	1.814179	
1578	2.422467	-0.711799	1.806937	
1579	2.427391	-0.705670	1.789055	
1580	2.429900	-0.702269	1.780184	
1581	2.431718	-0.699964	1.771163	
1582	2.435070	-0.696974	1.762466	
1583	2.439430	-0.692184	1.753633	
1584	2.443223	-0.688389	1.744064	
1585	2.446830	-0.685081	1.734118	
1586	2.451562	-0.679724	1.725358	
1587	2.455333	-0.675553	1.714726	
1588	2.459826	-0.671473	1.705188	
1589	2.465442	-0.665578	1.696673	
1590	2.470176	-0.661362	1.686490	
1591	2.474315	-0.658625	1.676372	
1592	2.478856	-0.653910	1.665763	
1593	2.483776	-0.651138	1.657505	
1594	2.487959	-0.645967	1.647066	
1595	2.493990	-0.640062	1.638240	
1596	2.498701	-0.633160	1.629459	
1597	2.503395	-0.628057	1.619447	
1598	2.508603	-0.620949	1.611789	
1599	2.512423	-0.614810	1.602969	
1600	2.516946	-0.609005	1.595816	
1601	2.520558	-0.602995	1.588156	
1602	2.523441	-0.596526	1.580294	
1603	2.526647	-0.590741	1.573524	
1604	2.528728	-0.584507	1.566933	
1605	2.531377	-0.578862	1.562156	
1606	2.533741	-0.571614	1.556823	
1607	2.534117	-0.566514	1.550276	
1608	2.535341	-0.561235	1.544792	
1609	2.535973	-0.556232	1.538772	
1610	2.535699	-0.550874	1.532062	
1611	2.535703	-0.546086	1.526165	
1612	2.534595	-0.541740	1.519151	
1613	2.532977	-0.536498	1.512324	
1614	2.529179	-0.525456	1.496073	
1615	2.526374	-0.518995	1.486981	
1616	2.523383	-0.514410	1.478943	
1617	2.520571	-0.508925	1.470357	
1618	2.517305	-0.503411	1.461648	
1619	2.513481	-0.497064	1.453051	
1620	2.509491	-0.491022	1.444162	
1621	2.506426	-0.484523	1.436314	
1622	2.502398	-0.479179	1.428473	
1623	2.497957	-0.474766	1.420578	
1624	2.493748	-0.470254	1.412171	
1625	2.489553	-0.465565	1.404350	
1626	2.484116	-0.461821	1.395499	
1627	2.479388	-0.459363	1.388412	
1628	2.474027	-0.456744	1.381013	
1629	2.468551	-0.454943	1.373400	
1630	2.464018	-0.451431	1.366917	
1631	2.460403	-0.448337	1.360710	
1632	2.455593	-0.446086	1.351989	
1633	2.452120	-0.443333	1.344028	
1634	2.448396	-0.440795	1.335394	
1635	2.445499	-0.439019	1.328789	
1636	2.442083	-0.437164	1.322384	
1637	2.438394	-0.434114	1.316225	
1638	2.434145	-0.433122	1.309405	
1639	2.430679	-0.429786	1.304263	
1640	2.427774	-0.428038	1.300716	
1641	2.421870	-0.427123	1.294243	
1642	2.418102	-0.424032	1.289844	
1643	2.414800	-0.422215	1.286255	
1644	2.409986	-0.421339	1.282291	
1645	2.406508	-0.419387	1.279624	
1646	2.402482	-0.418712	1.277393	
1647	2.397256	-0.417467	1.273858	
1648	2.394461	-0.413984	1.273043	
1649	2.391380	-0.411096	1.272886	
1650	2.386764	-0.409642	1.270990	
1651	2.382090	-0.407280	1.268668	
1652	2.376070	-0.404873	1.265116	
1653	2.371791	-0.402778	1.263483	
1654	2.367779	-0.400614	1.262239	
1655	2.362096	-0.398493	1.260271	
1656	2.356618	-0.396321	1.258524	
1657	2.350650	-0.392763	1.256612	
1658	2.343851	-0.391686	1.254920	
1659	2.336630	-0.389517	1.252495	
1660	2.329700	-0.388049	1.250790	
1661	2.320890	-0.386407	1.247827	
1662	2.312553	-0.385016	1.245398	
1663	2.304108	-0.383627	1.243226	
1664	2.293704	-0.382649	1.239976	
1665	2.284232	-0.381773	1.237110	
1666	2.276312	-0.380690	1.235480	
1667	2.266601	-0.380733	1.232666	
1668	2.255697	-0.380732	1.228241	
1669	2.246895	-0.380702	1.225537	
1670	2.237417	-0.380246	1.223381	
1671	2.225899	-0.378282	1.219790	
1672	2.215167	-0.378056	1.217311	
1673	2.204473	-0.378375	1.216062	
1674	2.191755	-0.377936	1.214088	
1675	2.179786	-0.375737	1.211765	
1676	2.169064	-0.375343	1.210757	
1677	2.157363	-0.374340	1.209482	
1678	2.145965	-0.371894	1.207825	
1679	2.136621	-0.370981	1.208248	
1680	2.126756	-0.370239	1.208501	
1681	2.117661	-0.368422	1.208290	
1682	2.108427	-0.367673	1.207829	
1683	2.099881	-0.365951	1.207269	
1684	2.092258	-0.363361	1.206940	
1685	2.084144	-0.362772	1.206175	
1686	2.076706	-0.361255	1.204677	
1687	2.070518	-0.359273	1.203923	
1688	2.056458	-0.356755	1.201937	
1689	2.050128	-0.355183	1.201359	
1690	2.043788	-0.353717	1.200164	
1691	2.037573	-0.351140	1.198739	
1692	2.030947	-0.348274	1.196966	
1693	2.025239	-0.344040	1.195318	
1694	2.018240	-0.340238	1.192850	
1695	2.011694	-0.335907	1.190382	
1696	2.005445	-0.332166	1.187460	
1697	1.999604	-0.327097	1.184599	
1698	1.993823	-0.322675	1.181038	
1699	1.988447	-0.318468	1.177487	
1700	1.983085	-0.313865	1.173906	
1701	1.977707	-0.309404	1.169913	
1702	1.972198	-0.305027	1.165946	
1703	1.967144	-0.300650	1.161993	
1704	1.961803	-0.296629	1.157146	
1705	1.956406	-0.292738	1.152176	
1706	1.952151	-0.288722	1.147825	
1707	1.946980	-0.285755	1.142832	
1708	1.941422	-0.281504	1.137864	
1709	1.936700	-0.278387	1.133613	
1710	1.930839	-0.275477	1.129362	
1711	1.924647	-0.270965	1.124774	
1712	1.919697	-0.267616	1.121406	
1713	1.913545	-0.265345	1.117445	
1714	1.906302	-0.261125	1.112857	
1715	1.899585	-0.258360	1.108654	
1716	1.892284	-0.255905	1.104216	
1717	1.884684	-0.252536	1.099753	
1718	1.877164	-0.249743	1.095268	
1719	1.868493	-0.246815	1.090428	
1720	1.860151	-0.243248	1.085961	
1721	1.851711	-0.240685	1.081605	
1722	1.842744	-0.238004	1.077517	
1723	1.832828	-0.235034	1.073041	
1724	1.823463	-0.232465	1.069026	
1725	1.812286	-0.230473	1.064615	
1726	1.802072	-0.227077	1.060848	
1727	1.793651	-0.225147	1.057781	
1728	1.783987	-0.222717	1.054531	
1729	1.766850	-0.218227	1.049284	
1730	1.758633	-0.216713	1.047487	
1731	1.749732	-0.214776	1.045175	
1732	1.742247	-0.213236	1.043498	
1733	1.734900	-0.212203	1.042291	
1734	1.727688	-0.211089	1.041036	
1735	1.721371	-0.208779	1.039629	
1736	1.715137	-0.207654	1.038471	
1737	1.708751	-0.207931	1.036870	
1738	1.702687	-0.206492	1.034877	
1739	1.697279	-0.205820	1.033420	
1740	1.691958	-0.205396	1.032484	
1741	1.686404	-0.204285	1.031508	
1742	1.681860	-0.202985	1.030624	
1743	1.676738	-0.201605	1.029312	
1744	1.672357	-0.200148	1.028122	
1745	1.667075	-0.199319	1.026084	
1746	1.662151	-0.198472	1.023764	
1747	1.656313	-0.196695	1.020944	
1748	1.651540	-0.196633	1.018405	
1749	1.645973	-0.195489	1.015182	
1750	1.640320	-0.192644	1.011581	
1751	1.635702	-0.190998	1.008535	
1752	1.630238	-0.189072	1.004891	
1753	1.624208	-0.185802	1.000778	
1754	1.618192	-0.182023	0.996388	
1755	1.612206	-0.179810	0.991429	
1756	1.606264	-0.174693	0.986460	
1757	1.600534	-0.170951	0.981081	
1758	1.588017	-0.163558	0.969379	
1759	1.581558	-0.159929	0.963181	
1760	1.575838	-0.156351	0.957132	
1761	1.569434	-0.152212	0.950563	
1762	1.564090	-0.148748	0.944376	
1763	1.558143	-0.145535	0.938179	
1764	1.552505	-0.140378	0.932025	
1765	1.547683	-0.136519	0.926244	
1766	1.534872	-0.129089	0.914145	
1767	1.529613	-0.126215	0.908409	
1768	1.524259	-0.121261	0.903022	
1769	1.518624	-0.116864	0.897595	
1770	1.513688	-0.114209	0.892155	
1771	1.509609	-0.110520	0.887456	
1772	1.505666	-0.106908	0.882960	
1773	1.500856	-0.103835	0.878468	
1774	1.496174	-0.102037	0.873999	
1775	1.491714	-0.101307	0.870150	
1776	1.480925	-0.104601	0.860321	
1777	1.475287	-0.105857	0.855326	
1778	1.468886	-0.108315	0.850289	
1779	1.462264	-0.112104	0.844543	
1780	1.454401	-0.114707	0.838946	
1781	1.439475	-0.121796	0.827669	
1782	1.431733	-0.123421	0.822655	
1783	1.424015	-0.124979	0.818151	
1784	1.416754	-0.125265	0.814112	
1785	1.409246	-0.125739	0.810364	
1786	1.401549	-0.127042	0.806238	
1787	1.394993	-0.128253	0.802532	
1788	1.387650	-0.127971	0.798818	
1789	1.374400	-0.127832	0.792889	
1790	1.367789	-0.128688	0.789942	
1791	1.361146	-0.128753	0.787125	
1792	1.355398	-0.128521	0.784599	
1793	1.349194	-0.129516	0.781141	
1794	1.342229	-0.128476	0.778097	
1795	1.337642	-0.128758	0.775207	
1796	1.331739	-0.129019	0.772279	
1797	1.325238	-0.128023	0.769594	
1798	1.319367	-0.127053	0.766757	
1799	1.314189	-0.126709	0.764065	
1800	1.309129	-0.124465	0.761724	
1801	1.304335	-0.123086	0.758166	
1802	1.299679	-0.121669	0.754899	
1803	1.293360	-0.120658	0.751318	
1804	1.290249	-0.119943	0.748268	
1805	1.285837	-0.117078	0.746263	
1806	1.282076	-0.115176	0.744561	
1807	1.277935	-0.114501	0.741691	
1808	1.273484	-0.111743	0.739237	
1809	1.269984	-0.109019	0.736946	
1810	1.265466	-0.107513	0.733317	
1811	1.261166	-0.103904	0.729910	
1812	1.258477	-0.099464	0.726944	
1813	1.254190	-0.096430	0.721798	
1814	1.249155	-0.092978	0.716368	
1815	1.245507	-0.087118	0.711847	
1816	1.242742	-0.084392	0.705727	
1817	1.238845	-0.080853	0.699489	
1818	1.235772	-0.075813	0.694504	
1819	1.233621	-0.073726	0.688284	
1820	1.231104	-0.070022	0.682626	
1821	1.226119	-0.065249	0.677954	
1822	1.224140	-0.063191	0.672338	
1823	1.219907	-0.058741	0.667642	
1824	1.216341	-0.056802	0.662437	
1825	1.213156	-0.056115	0.656631	
1826	1.208306	-0.053686	0.651866	
1827	1.205485	-0.051654	0.647076	
1828	1.200713	-0.050451	0.641860	
1829	1.195514	-0.047588	0.638247	
1830	1.190585	-0.047761	0.633440	
1831	1.185469	-0.047354	0.628638	
1832	1.178462	-0.046544	0.624537	
1833	1.171039	-0.044999	0.620685	
1834	1.164456	-0.045475	0.615713	
1835	1.156092	-0.045027	0.611300	
1836	1.147779	-0.044307	0.607345	
1837	1.141601	-0.045281	0.602879	
1838	1.132615	-0.046403	0.598699	
1839	1.123405	-0.048212	0.595058	
1840	1.115873	-0.051424	0.591651	
1841	1.106647	-0.056674	0.587929	
1842	1.095806	-0.060219	0.585329	
1843	1.087265	-0.063956	0.583921	
1844	1.076669	-0.066074	0.583519	
1845	1.064752	-0.068676	0.583665	
1846	1.054605	-0.073138	0.583226	
1847	1.043913	-0.076851	0.583379	
1848	1.033134	-0.079041	0.584363	
1849	1.023928	-0.082224	0.585231	
1850	1.013362	-0.085444	0.586325	
1851	1.002152	-0.088688	0.587937	
1852	0.992552	-0.092109	0.589113	
1853	0.982549	-0.094831	0.590451	
1854	0.973157	-0.098847	0.591274	
1855	0.964744	-0.103696	0.591622	
1856	0.955833	-0.105945	0.593577	
1857	0.947157	-0.108269	0.595446	
1858	0.939672	-0.110376	0.597201	
1859	0.930954	-0.113809	0.598793	
1860	0.922546	-0.116215	0.600698	
1861	0.916194	-0.118582	0.602673	
1862	0.907691	-0.118864	0.606012	
1863	0.901352	-0.121449	0.608107	
1864	0.894333	-0.123044	0.610513	
1865	0.886627	-0.124301	0.613493	
1866	0.879725	-0.126378	0.616351	
1867	0.872569	-0.128483	0.618952	
1868	0.865345	-0.127608	0.622733	
1869	0.860369	-0.128584	0.626327	
1870	0.855201	-0.133311	0.627861	
1871	0.848032	-0.134462	0.630398	
1872	0.839609	-0.134986	0.634373	
1873	0.834864	-0.140187	0.635622	
1874	0.829344	-0.142152	0.637186	
1875	0.821473	-0.143553	0.640446	
1876	0.817064	-0.147388	0.642165	
1877	0.812259	-0.148866	0.644293	
1878	0.805058	-0.149817	0.647582	
1879	0.800586	-0.151681	0.649846	
1880	0.795825	-0.153867	0.652104	
1881	0.790111	-0.154799	0.655256	
1882	0.784888	-0.155677	0.658638	
1883	0.781313	-0.157088	0.661779	
1884	0.772871	-0.158012	0.668919	
1885	0.767940	-0.158726	0.672234	
1886	0.762613	-0.157812	0.676717	
1887	0.757999	-0.158402	0.680560	
1888	0.754075	-0.159190	0.683936	
1889	0.749404	-0.158360	0.688448	
1890	0.747255	-0.157335	0.693404	
1891	0.744089	-0.158238	0.698078	
1892	0.740330	-0.157837	0.703774	
1893	0.737412	-0.157009	0.710212	
1894	0.733874	-0.157004	0.717410	
1895	0.730704	-0.155763	0.725566	
1896	0.729672	-0.156147	0.733689	
1897	0.726439	-0.156975	0.741808	
1898	0.723965	-0.155675	0.750580	
1899	0.721795	-0.155135	0.759041	
1900	0.719491	-0.156537	0.766626	
1901	0.716572	-0.156897	0.774114	
1902	0.713479	-0.157416	0.781607	
1903	0.710183	-0.158931	0.788969	
1904	0.707127	-0.161036	0.796317	
1905	0.703937	-0.162008	0.804618	
1906	0.700719	-0.164774	0.812457	
1907	0.697425	-0.168914	0.819576	
1908	0.693913	-0.170889	0.828034	
1909	0.691373	-0.174938	0.835705	
1910	0.688899	-0.179724	0.842537	
1911	0.686296	-0.180679	0.851624	
1912	0.683398	-0.184765	0.859222	
1913	0.680082	-0.188427	0.865517	
1914	0.678429	-0.190041	0.874193	
1915	0.677763	-0.193513	0.881569	
1916	0.676276	-0.196764	0.888126	
1917	0.675025	-0.198256	0.895564	
1918	0.674881	-0.200871	0.902630	
1919	0.674289	-0.203946	0.908286	
1920	0.674031	-0.205735	0.914775	
1921	0.674177	-0.208176	0.920794	
1922	0.675175	-0.211163	0.926238	
1923	0.676721	-0.213363	0.932358	
1924	0.677984	-0.216451	0.938008	
1925	0.679064	-0.219609	0.942895	
1926	0.679699	-0.222116	0.947804	
1927	0.680649	-0.223995	0.953243	
1928	0.682417	-0.226248	0.958712	
1929	0.683006	-0.229214	0.963587	
1930	0.684143	-0.230053	0.970088	
1931	0.684369	-0.232906	0.975444	
1932	0.685356	-0.234230	0.980839	
1933	0.687623	-0.235544	0.987264	
1934	0.688761	-0.238128	0.991918	
1935	0.689643	-0.238818	0.996510	
1936	0.690852	-0.238935	1.002192	
1937	0.691480	-0.240015	1.006619	
1938	0.693307	-0.239528	1.017220	
1939	0.693766	-0.239584	1.021469	
1940	0.694422	-0.238852	1.025739	
1941	0.695088	-0.235826	1.036371	
1942	0.694926	-0.233712	1.041111	
1943	0.695168	-0.231119	1.047007	
1944	0.696284	-0.229088	1.052468	
1945	0.696099	-0.226485	1.058259	
1946	0.696239	-0.223697	1.064244	
1947	0.696261	-0.221497	1.070007	
1948	0.693777	-0.213285	1.088273	
1949	0.693893	-0.210989	1.095146	
1950	0.693880	-0.209483	1.102052	
1951	0.693192	-0.207609	1.116336	
1952	0.692293	-0.206807	1.123477	
1953	0.691387	-0.205996	1.130545	
1954	0.690444	-0.205823	1.137028	
1955	0.689143	-0.206402	1.143215	
1956	0.690074	-0.205897	1.149829	
1957	0.688992	-0.207156	1.160722	
1958	0.689281	-0.207198	1.166376	
1959	0.689378	-0.207672	1.171482	
1960	0.689812	-0.207459	1.177106	
1961	0.690734	-0.207194	1.182847	
1962	0.690513	-0.207651	1.187864	
1963	0.690645	-0.208036	1.192775	
1964	0.691959	-0.207670	1.198018	
1965	0.692764	-0.207684	1.202958	
1966	0.692756	-0.208360	1.207268	
1967	0.693276	-0.208308	1.211825	
1968	0.693089	-0.207914	1.215786	
1969	0.692866	-0.207831	1.219352	
1970	0.693213	-0.206391	1.223678	
1971	0.694247	-0.204601	1.227441	
1972	0.694302	-0.203717	1.230422	
1973	0.694355	-0.202052	1.233590	
1974	0.695817	-0.201134	1.236655	
1975	0.695741	-0.200042	1.238853	
1976	0.694546	-0.198792	1.240944	
1977	0.694381	-0.198287	1.242573	
1978	0.694642	-0.197343	1.244815	
1979	0.694282	-0.196777	1.246350	
1980	0.693088	-0.195945	1.247737	
1981	0.691946	-0.194670	1.249522	
1982	0.690921	-0.193988	1.251169	
1983	0.686568	-0.193106	1.253695	
1984	0.684707	-0.191127	1.255718	
1985	0.682451	-0.188590	1.257383	
1986	0.679378	-0.185640	1.258999	
1987	0.676399	-0.183337	1.260092	
1988	0.672947	-0.180270	1.261243	
1989	0.669754	-0.177913	1.262389	
1990	0.666181	-0.176583	1.263005	
1991	0.662500	-0.174445	1.263843	
1992	0.659925	-0.173184	1.264972	
1993	0.656351	-0.172462	1.265580	
1994	0.652213	-0.170795	1.266457	
1995	0.648489	-0.169575	1.267279	
1996	0.644138	-0.168173	1.268040	
1997	0.639465	-0.166967	1.268884	
1998	0.635065	-0.166006	1.269918	
1999	0.630094	-0.165281	1.270344	
2000	0.625402	-0.164375	1.271096	
2001	0.620435	-0.164709	1.271017	
2002	0.615410	-0.164317	1.270969	
2003	0.610922	-0.163812	1.271403	
2004	0.606796	-0.164516	1.271406	
2005	0.602215	-0.164723	1.271479	
2006	0.597698	-0.164712	1.271665	
2007	0.593817	-0.165226	1.271609	
2008	0.589425	-0.165446	1.271344	
2009	0.584752	-0.165248	1.270797	
2010	0.580550	-0.164526	1.270274	
2011	0.575931	-0.163084	1.269903	
2012	0.571476	-0.161786	1.269660	
2013	0.566765	-0.161906	1.268365	
2014	0.562244	-0.160197	1.267571	
2015	0.557926	-0.158762	1.266983	
2016	0.553960	-0.157538	1.265939	
2017	0.550353	-0.154765	1.265758	
2018	0.546027	-0.155345	1.264008	
2019	0.542766	-0.153413	1.263179	
2020	0.539335	-0.153801	1.262622	
2021	0.536284	-0.152740	1.261597	
2022	0.533251	-0.152043	1.260780	
2023	0.527450	-0.151644	1.258727	
2024	0.524819	-0.152137	1.257943	
2025	0.522458	-0.151893	1.257628	
2026	0.519544	-0.152197	1.256322	
2027	0.517278	-0.150336	1.256375	
2028	0.514408	-0.150428	1.255247	
2029	0.511395	-0.148914	1.253853	
2030	0.508562	-0.148576	1.253080	
2031	0.504750	-0.147892	1.251293	
2032	0.501053	-0.146739	1.249768	
2033	0.497368	-0.146339	1.248240	
2034	0.493511	-0.145523	1.246628	
2035	0.489833	-0.144869	1.245100	
2036	0.485670	-0.143801	1.242980	
2037	0.481750	-0.143253	1.241182	
2038	0.476937	-0.142611	1.238282	
2039	0.472362	-0.142298	1.235991	
2040	0.468069	-0.141545	1.233472	
2041	0.464498	-0.141015	1.231305	
2042	0.461207	-0.140528	1.229394	
2043	0.457904	-0.139474	1.227383	
2044	0.450942	-0.137600	1.221384	
2045	0.446117	-0.134889	1.217002	
2046	0.443490	-0.133861	1.214344	
2047	0.440639	-0.132300	1.211581	
2048	0.437142	-0.131217	1.207845	
2049	0.433693	-0.128297	1.204402	
2050	0.430289	-0.127512	1.200983	
2051	0.427161	-0.126020	1.198006	
2052	0.424461	-0.124062	1.195810	
2053	0.420897	-0.123119	1.192186	
2054	0.418317	-0.120993	1.189967	
2055	0.415098	-0.119470	1.186965	
2056	0.411339	-0.117966	1.183548	
2057	0.405509	-0.114273	1.178176	
2058	0.402477	-0.113171	1.175243	
2059	0.399834	-0.111131	1.172947	
2060	0.396578	-0.109485	1.169825	
2061	0.393505	-0.107124	1.167070	
2062	0.388039	-0.102955	1.162160	
2063	0.385204	-0.100390	1.159389	
2064	0.380765	-0.094734	1.154990	
2065	0.378656	-0.092617	1.152947	
2066	0.376667	-0.090797	1.150578	
2067	0.374989	-0.088375	1.148955	
2068	0.372794	-0.087543	1.146258	
2069	0.370625	-0.086125	1.143637	
2070	0.367001	-0.084954	1.139548	
2071	0.364781	-0.084564	1.136930	
2072	0.363003	-0.083534	1.134515	
2073	0.360672	-0.084076	1.131287	
2074	0.358593	-0.084143	1.128104	
2075	0.357526	-0.082921	1.125552	
2076	0.355567	-0.083235	1.121677	
2077	0.354231	-0.081571	1.118091	
2078	0.353586	-0.080764	1.114769	
2079	0.352400	-0.081008	1.110703	
2080	0.351902	-0.079915	1.106811	
2081	0.351129	-0.078085	1.102911	
2082	0.350189	-0.077426	1.098363	
2083	0.350080	-0.075946	1.093980	
2084	0.349788	-0.074419	1.088986	
2085	0.349331	-0.072845	1.083655	
2086	0.349694	-0.071111	1.078782	
2087	0.349958	-0.071301	1.073604	
2088	0.350444	-0.070193	1.067739	
2089	0.351073	-0.068775	1.061795	
2090	0.352218	-0.068478	1.055995	
2091	0.353298	-0.066723	1.050469	
2092	0.354410	-0.063344	1.046062	
2093	0.356004	-0.062817	1.039424	
2094	0.356275	-0.059627	1.034258	
2095	0.357583	-0.057506	1.028389	
2096	0.357978	-0.056630	1.020848	
2097	0.358241	-0.052909	1.014783	
2098	0.359344	-0.051498	1.007192	
2099	0.359006	-0.049605	0.999367	
2100	0.359473	-0.047041	0.992072	
2101	0.359447	-0.046681	0.983799	
2102	0.358898	-0.044987	0.976112	
2103	0.358516	-0.042692	0.969251	
2104	0.358029	-0.041885	0.962458	
2105	0.356643	-0.041886	0.955549	
2106	0.355103	-0.041484	0.948932	
2107	0.353521	-0.041439	0.942935	
2108	0.351016	-0.042465	0.936889	
2109	0.348833	-0.042375	0.932220	
2110	0.345828	-0.043273	0.926648	
2111	0.342938	-0.042661	0.921580	
2112	0.340283	-0.041979	0.916941	
2113	0.336500	-0.042945	0.911474	
2114	0.333358	-0.041873	0.907011	
2115	0.329983	-0.040342	0.902748	
2116	0.327604	-0.040863	0.898884	
2117	0.324261	-0.039480	0.894580	
2118	0.321277	-0.037484	0.890603	
2119	0.317626	-0.037354	0.885458	
2120	0.314588	-0.036120	0.880769	
2121	0.312514	-0.034038	0.876852	
2122	0.308149	-0.036488	0.864817	
2123	0.306695	-0.034176	0.859772	
2124	0.303213	-0.037005	0.845432	
2125	0.301955	-0.034710	0.839593	
2126	0.301050	-0.037142	0.831491	
2127	0.300615	-0.036211	0.824646	
2128	0.299881	-0.034065	0.818535	
2129	0.300167	-0.035638	0.810485	
2130	0.299182	-0.037525	0.801797	
2131	0.297618	-0.035919	0.794792	
2132	0.298596	-0.035785	0.787204	
2133	0.299124	-0.035907	0.772877	
2134	0.300285	-0.037573	0.758031	
2135	0.299832	-0.036275	0.752016	
2136	0.300640	-0.035598	0.746078	
2137	0.300513	-0.037242	0.739428	
2138	0.301111	-0.036675	0.734093	
2139	0.301933	-0.035069	0.728600	
2140	0.302044	-0.035497	0.722366	
2141	0.302701	-0.035447	0.716115	
2142	0.304526	-0.034292	0.710156	
2143	0.305714	-0.031975	0.704767	
2144	0.307819	-0.032138	0.698673	
2145	0.308875	-0.031066	0.692684	
2146	0.310732	-0.028156	0.686988	
2147	0.312591	-0.028236	0.680727	
2148	0.315526	-0.027287	0.674464	
2149	0.322181	-0.020584	0.664289	
2150	0.325999	-0.021848	0.657532	
2151	0.328005	-0.018911	0.651407	
2152	0.334991	-0.015903	0.636980	
2153	0.337121	-0.014377	0.628917	
2154	0.338973	-0.011120	0.621927	
2155	0.341284	-0.008841	0.613727	
2156	0.343056	-0.008567	0.604588	
2157	0.344525	-0.006212	0.596091	
2158	0.345490	-0.003187	0.587139	
2159	0.347371	-0.002720	0.575692	
2160	0.349122	-0.000926	0.565510	
2161	0.354912	0.003429	0.544465	
2162	0.356115	0.005248	0.534148	
2163	0.356424	0.008616	0.524202	
2164	0.357096	0.011768	0.512823	
2165	0.357881	0.012748	0.500027	
2166	0.358009	0.014822	0.489632	
2167	0.358678	0.019288	0.479628	
2168	0.358909	0.019528	0.467189	
2169	0.358334	0.021102	0.454611	
2170	0.358195	0.021870	0.444613	
2171	0.356646	0.024171	0.434194	
2172	0.357111	0.025231	0.423469	
2173	0.357656	0.027591	0.414674	
2174	0.357048	0.030919	0.406540	
2175	0.356256	0.031911	0.397364	
2176	0.355521	0.032853	0.388744	
2177	0.355332	0.035634	0.382252	
2178	0.355125	0.037820	0.375264	
2179	0.355289	0.036811	0.367212	
2180	0.352604	0.041072	0.355277	
2181	0.350196	0.041879	0.348987	
2182	0.345820	0.042934	0.343107	
2183	0.336006	0.044218	0.337223	
2184	0.333536	0.045869	0.331239	
2185	0.329846	0.046684	0.324815	
2186	0.324212	0.049448	0.320230	
2187	0.318514	0.050856	0.314903	
2188	0.311598	0.051828	0.308619	
2189	0.304385	0.054321	0.303376	
2190	0.295033	0.056137	0.298243	
2191	0.286752	0.056945	0.291489	
2192	0.278453	0.057631	0.283897	
2193	0.269082	0.060528	0.278295	
2194	0.259688	0.062473	0.272448	
2195	0.250525	0.063241	0.265622	
2196	0.240923	0.063900	0.258645	
2197	0.232246	0.065708	0.252690	
2198	0.224427	0.066858	0.246179	
2199	0.216130	0.066668	0.239077	
2200	0.208244	0.067236	0.233159	
2201	0.201697	0.068528	0.227217	
2202	0.195012	0.069871	0.220917	
2203	0.186001	0.069164	0.214706	
2204	0.178325	0.069705	0.209746	
2205	0.171020	0.071063	0.204691	
2206	0.162858	0.071983	0.199247	
2207	0.155867	0.072497	0.193666	
2208	0.148608	0.072112	0.187725	
2209	0.142004	0.073049	0.181981	
2210	0.135038	0.073040	0.175818	
2211	0.127843	0.072308	0.170004	
2212	0.120793	0.072639	0.164846	
2213	0.113162	0.071923	0.159177	
2214	0.094660	0.074307	0.149189	
2215	0.087386	0.073812	0.142932	
2216	0.078842	0.074877	0.136940	
2217	0.071208	0.075868	0.130992	
2218	0.063168	0.075696	0.123697	
2219	0.053845	0.074803	0.116929	
2220	0.046700	0.076952	0.110521	
2221	0.039202	0.076711	0.102683	
2222	0.029777	0.077664	0.095090	
2223	0.021075	0.081184	0.088950	
2224	0.013255	0.083986	0.081362	
2225	0.002733	0.085633	0.073416	
2226	-0.005115	0.087998	0.067089	
2227	-0.013430	0.092668	0.060786	
2228	-0.023408	0.095075	0.053737	
2229	-0.032270	0.097744	0.047713	
2230	-0.039264	0.103080	0.042389	
2231	-0.047911	0.105861	0.035869	
2232	-0.057079	0.109706	0.030235	
2233	-0.065177	0.114658	0.025070	
2234	-0.073016	0.120054	0.019663	
2235	-0.090374	0.130342	0.009818	
2236	-0.096021	0.138060	0.006177	
2237	-0.104871	0.140941	-0.000060	
2238	-0.112947	0.144054	-0.004265	
2239	-0.118513	0.148048	-0.007480	
2240	-0.124759	0.150064	-0.010968	
2241	-0.131311	0.150870	-0.014784	
2242	-0.137004	0.152572	-0.017923	
2243	-0.143011	0.152485	-0.021668	
2244	-0.149686	0.152430	-0.024645	
2245	-0.155151	0.152997	-0.027415	
2246	-0.164893	0.152803	-0.030847	
2247	-0.173493	0.152400	-0.033774	
2248	-0.178652	0.154513	-0.035405	
2249	-0.184911	0.155887	-0.038079	
2250	-0.193615	0.156673	-0.040831	
2251	-0.200834	0.158866	-0.042409	
2252	-0.208894	0.160122	-0.044382	
2253	-0.217099	0.160094	-0.046180	
2254	-0.224107	0.159927	-0.047747	
2255	-0.231011	0.159594	-0.049155	
2256	-0.250590	0.157415	-0.051623	
2257	-0.265430	0.155935	-0.054497	
2258	-0.272660	0.156093	-0.055668	
2259	-0.279955	0.156521	-0.056752	
2260	-0.286836	0.156549	-0.057508	
2261	-0.293491	0.157839	-0.057687	
2262	-0.300200	0.160253	-0.057529	
2263	-0.307666	0.161821	-0.057488	
2264	-0.316398	0.162565	-0.058115	
2265	-0.323655	0.164857	-0.058034	
2266	-0.329751	0.167604	-0.058456	
2267	-0.336915	0.168218	-0.060104	
2268	-0.344605	0.167656	-0.062114	
2269	-0.352384	0.168746	-0.063888	
2270	-0.358966	0.167962	-0.066641	
2271	-0.366493	0.166298	-0.069234	
2272	-0.373113	0.164875	-0.071771	
2273	-0.379748	0.163763	-0.074516	
2274	-0.386355	0.160351	-0.077741	
2275	-0.394639	0.158772	-0.080688	
2276	-0.402349	0.157511	-0.083238	
2277	-0.408229	0.156027	-0.086099	
2278	-0.417450	0.155109	-0.088092	
2279	-0.424162	0.154444	-0.090086	
2280	-0.429306	0.155255	-0.091441	
2281	-0.437614	0.154476	-0.093374	
2282	-0.445060	0.156485	-0.094141	
2283	-0.451558	0.156694	-0.095867	
2284	-0.459562	0.154578	-0.097811	
2285	-0.465171	0.152707	-0.099349	
2286	-0.468847	0.152279	-0.101419	
2287	-0.475432	0.152418	-0.103946	
2288	-0.481955	0.151559	-0.106912	
2289	-0.487793	0.149808	-0.110916	
2290	-0.493476	0.149702	-0.114935	
2291	-0.499475	0.149801	-0.119581	
2292	-0.507084	0.150201	-0.123926	
2293	-0.512688	0.151023	-0.128999	
2294	-0.518118	0.152072	-0.134258	
2295	-0.525478	0.156160	-0.139377	
2296	-0.532555	0.160511	-0.144434	
2297	-0.538435	0.163722	-0.150045	
2298	-0.546490	0.167359	-0.155473	
2299	-0.553819	0.170962	-0.160688	
2300	-0.559486	0.175291	-0.165455	
2301	-0.565081	0.180929	-0.170154	
2302	-0.572624	0.183775	-0.174880	
2303	-0.579069	0.187129	-0.179527	
2304	-0.585446	0.192924	-0.183468	
2305	-0.590495	0.197898	-0.187623	
2306	-0.598258	0.202058	-0.191140	
2307	-0.602907	0.206511	-0.195269	
2308	-0.609127	0.212042	-0.199099	
2309	-0.616059	0.214813	-0.203383	
2310	-0.620682	0.218322	-0.207343	
2311	-0.627692	0.221925	-0.210992	
2312	-0.631276	0.225503	-0.214161	
2313	-0.638282	0.227543	-0.216955	
2314	-0.643224	0.228750	-0.219855	
2315	-0.648691	0.230209	-0.222339	
2316	-0.653936	0.232391	-0.224052	
2317	-0.659181	0.234278	-0.225934	
2318	-0.667718	0.236954	-0.227509	
2319	-0.673192	0.237757	-0.229452	
2320	-0.678084	0.237837	-0.231893	
2321	-0.684612	0.238444	-0.234327	
2322	-0.690045	0.238931	-0.236536	
2323	-0.695188	0.238442	-0.239609	
2324	-0.701221	0.238225	-0.242670	
2325	-0.708119	0.237347	-0.245347	
2326	-0.714161	0.236963	-0.248502	
2327	-0.720077	0.236853	-0.251820	
2328	-0.726939	0.234201	-0.254693	
2329	-0.734286	0.231275	-0.257757	
2330	-0.755563	0.228894	-0.258105	
2331	-0.763290	0.227971	-0.260674	
2332	-0.769303	0.225799	-0.263340	
2333	-0.778436	0.225171	-0.265800	
2334	-0.786373	0.224817	-0.267954	
2335	-0.793926	0.222218	-0.270395	
2336	-0.804333	0.223101	-0.272151	
2337	-0.810187	0.222826	-0.274977	
2338	-0.817017	0.222272	-0.277948	
2339	-0.829114	0.224498	-0.280440	
2340	-0.842967	0.227899	-0.282663	
2341	-0.847755	0.227493	-0.286664	
2342	-0.855392	0.228419	-0.289971	
2343	-0.866705	0.230394	-0.292508	
2344	-0.872556	0.228954	-0.296176	
2345	-0.881293	0.228559	-0.299022	
2346	-0.885040	0.228897	-0.302379	
2347	-0.891379	0.226922	-0.306423	
2348	-0.901176	0.226868	-0.308949	
2349	-0.908605	0.227349	-0.311920	
2350	-0.915101	0.226509	-0.315367	
2351	-0.922569	0.226887	-0.319056	
2352	-0.926358	0.224435	-0.323682	
2353	-0.932920	0.222242	-0.327806	
2354	-0.940089	0.220451	-0.331667	
2355	-0.945235	0.218740	-0.336132	
2356	-0.949261	0.219236	-0.340611	
2357	-0.958261	0.220051	-0.344241	
2358	-0.964633	0.221995	-0.347707	
2359	-0.970935	0.223150	-0.352009	
2360	-0.985120	0.225331	-0.360495	
2361	-0.997083	0.229203	-0.371060	
2362	-1.007597	0.235098	-0.375453	
2363	-1.014463	0.238395	-0.380933	
2364	-1.027962	0.245795	-0.390628	
2365	-1.045207	0.254531	-0.399623	
2366	-1.062314	0.260684	-0.408573	
2367	-1.071377	0.265997	-0.413183	
2368	-1.076012	0.269389	-0.417897	
2369	-1.083996	0.273355	-0.421108	
2370	-1.092693	0.279495	-0.423678	
2371	-1.101060	0.284662	-0.425694	
2372	-1.103814	0.286893	-0.428836	
2373	-1.107146	0.288347	-0.430295	
2374	-1.118318	0.293301	-0.428069	
2375	-1.125214	0.297142	-0.426030	
2376	-1.123630	0.297683	-0.425481	
2377	-1.127682	0.300219	-0.423341	
2378	-1.135960	0.301445	-0.419841	
2379	-1.144835	0.301023	-0.413970	
2380	-1.147883	0.303384	-0.410489	
2381	-1.154350	0.300918	-0.406857	
2382	-1.163058	0.298415	-0.401330	
2383	-1.165065	0.297822	-0.397358	
2384	-1.170802	0.297906	-0.391504	
2385	-1.179215	0.293765	-0.384503	
2386	-1.186792	0.291162	-0.377737	
2387	-1.193259	0.288846	-0.371211	
2388	-1.199425	0.281750	-0.364656	
2389	-1.207899	0.279593	-0.356550	
2390	-1.215521	0.277062	-0.349068	
2391	-1.220565	0.273297	-0.341449	
2392	-1.223050	0.267075	-0.335415	
2393	-1.232875	0.261892	-0.327071	
2394	-1.240670	0.258150	-0.319717	
2395	-1.246260	0.255770	-0.313267	
2396	-1.252242	0.250626	-0.306817	
2397	-1.256891	0.243949	-0.300801	
2398	-1.264017	0.237711	-0.294359	
2399	-1.276581	0.228071	-0.284835	
2400	-1.282944	0.222517	-0.278534	
2401	-1.285480	0.215906	-0.273217	
2402	-1.287242	0.209071	-0.268393	
2403	-1.292681	0.204208	-0.262908	
2404	-1.297652	0.198812	-0.257829	
2405	-1.299123	0.193030	-0.253616	
2406	-1.303776	0.190251	-0.248737	
2407	-1.307688	0.185385	-0.243991	
2408	-1.312747	0.181261	-0.238878	
2409	-1.317216	0.177384	-0.233586	
2410	-1.324468	0.171320	-0.223679	
2411	-1.327838	0.162855	-0.215367	
2412	-1.332547	0.160903	-0.210645	
2413	-1.334811	0.157853	-0.206143	
2414	-1.333023	0.153030	-0.203054	
2415	-1.337010	0.150085	-0.197832	
2416	-1.338751	0.146645	-0.193526	
2417	-1.338245	0.142620	-0.189527	
2418	-1.338802	0.139435	-0.185567	
2419	-1.343133	0.137438	-0.180247	
2420	-1.342744	0.133520	-0.176911	
2421	-1.345673	0.131001	-0.172011	
2422	-1.348439	0.128615	-0.167498	
2423	-1.349043	0.124673	-0.164011	
2424	-1.353179	0.123665	-0.159005	
2425	-1.354649	0.123229	-0.154305	
2426	-1.354824	0.121108	-0.150072	
2427	-1.359690	0.118554	-0.143899	
2428	-1.361856	0.116921	-0.138297	
2429	-1.363984	0.117166	-0.132683	
2430	-1.361155	0.115458	-0.128705	
2431	-1.363391	0.114408	-0.122939	
2432	-1.365658	0.115124	-0.117135	
2433	-1.367493	0.112813	-0.111654	
2434	-1.368416	0.111058	-0.105736	
2435	-1.366868	0.109975	-0.101012	
2436	-1.367087	0.109275	-0.094892	
2437	-1.365752	0.106869	-0.089029	
2438	-1.360452	0.104257	-0.083756	
2439	-1.358137	0.100513	-0.076889	
2440	-1.356026	0.095290	-0.069485	
2441	-1.351926	0.090481	-0.061839	
2442	-1.344702	0.087266	-0.054926	
2443	-1.339798	0.081927	-0.046880	
2444	-1.339889	0.076322	-0.036535	
2445	-1.332621	0.072392	-0.028024	
2446	-1.321880	0.065674	-0.021434	
2447	-1.320812	0.057783	-0.011743	
2448	-1.313935	0.052762	-0.003136	
2449	-1.299937	0.046158	0.002159	
2450	-1.297984	0.036417	0.010757	
2451	-1.296079	0.031012	0.020761	
2452	-1.281159	0.025531	0.026882	
2453	-1.272068	0.018160	0.033615	
2454	-1.270799	0.013296	0.042924	
2455	-1.263286	0.008312	0.049888	
2456	-1.253331	0.004750	0.055276	
2457	-1.251003	0.000538	0.062248	
2458	-1.247209	-0.001758	0.068608	
2459	-1.237731	-0.005462	0.072748	
2460	-1.229711	-0.009095	0.075983	
2461	-1.227039	-0.009989	0.081315	
2462	-1.224684	-0.009940	0.086300	
2463	-1.216065	-0.011038	0.089114	
2464	-1.208392	-0.011694	0.092918	
2465	-1.205060	-0.011230	0.098188	
2466	-1.202094	-0.011569	0.103415	
2467	-1.194937	-0.013735	0.108099	
2468	-1.188998	-0.011668	0.114221	
2469	-1.185452	-0.009781	0.119478	
2470	-1.180783	-0.010330	0.123876	
2471	-1.177141	-0.008471	0.129263	
2472	-1.175668	-0.005941	0.135649	
2473	-1.169700	-0.005126	0.139129	
2474	-1.166127	-0.005171	0.143533	
2475	-1.163228	-0.003067	0.148269	
2476	-1.157360	-0.003140	0.151006	
2477	-1.154765	-0.004519	0.154077	
2478	-1.150926	-0.004407	0.157181	
2479	-1.147009	-0.002500	0.160141	
2480	-1.145742	-0.002784	0.163173	
2481	-1.140959	-0.002908	0.166253	
2482	-1.136916	-0.001945	0.170023	
2483	-1.130614	-0.005818	0.172571	
2484	-1.130700	-0.004506	0.179283	
2485	-1.128743	-0.001969	0.185249	
2486	-1.120783	-0.004485	0.188598	
2487	-1.117721	-0.006549	0.193109	
2488	-1.120166	-0.003397	0.198801	
2489	-1.116199	-0.005046	0.202662	
2490	-1.111838	-0.004874	0.206707	
2491	-1.109556	-0.004376	0.210940	
2492	-1.108650	-0.005340	0.215795	
2493	-1.104519	0.000190	0.220592	
2494	-1.097682	-0.000928	0.222608	
2495	-1.098729	0.000386	0.226925	
2496	-1.098970	0.005046	0.231916	
2497	-1.093347	0.005123	0.233640	
2498	-1.093961	0.005348	0.236622	
2499	-1.096694	0.011181	0.241530	
2500	-1.092834	0.011387	0.242747	
2501	-1.093177	0.011201	0.244693	
2502	-1.094696	0.013987	0.247874	
2503	-1.092802	0.013824	0.249011	
2504	-1.094262	0.013626	0.250571	
2505	-1.096712	0.014944	0.252780	
2506	-1.095628	0.015071	0.253854	
2507	-1.095478	0.014693	0.254743	
2508	-1.097006	0.015932	0.256426	
2509	-1.096509	0.016197	0.257659	
2510	-1.094379	0.017034	0.258269	
2511	-1.095765	0.017829	0.259478	
2512	-1.097681	0.020734	0.261828	
2513	-1.096869	0.022153	0.263350	
2514	-1.097352	0.022739	0.264650	
2515	-1.100977	0.025546	0.267882	
2516	-1.098672	0.027343	0.269410	
2517	-1.096759	0.027664	0.270308	
2518	-1.101798	0.030571	0.273941	
2519	-1.100759	0.033092	0.276191	
2520	-1.098706	0.032894	0.277510	
2521	-1.101433	0.035184	0.280817	
2522	-1.100600	0.037092	0.283141	
2523	-1.098345	0.038461	0.285295	
2524	-1.096456	0.040138	0.287152	
2525	-1.098161	0.041811	0.290078	
2526	-1.094364	0.043071	0.291839	
2527	-1.091960	0.044534	0.293368	
2528	-1.093602	0.046655	0.296004	
2529	-1.092828	0.048317	0.298088	
2530	-1.088082	0.049429	0.298267	
2531	-1.087602	0.049906	0.299006	
2532	-1.089141	0.051834	0.300663	
2533	-1.085963	0.052658	0.300860	
2534	-1.084490	0.052320	0.300597	
2535	-1.086853	0.052918	0.302324	
2536	-1.084048	0.053481	0.302914	
2537	-1.083113	0.052654	0.303012	
2538	-1.083157	0.052355	0.303780	
2539	-1.082418	0.052053	0.304528	
2540	-1.080654	0.051857	0.304564	
2541	-1.079180	0.050809	0.305010	
2542	-1.076520	0.050040	0.304360	
2543	-1.076258	0.049469	0.304340	
2544	-1.075350	0.048832	0.304409	
2545	-1.073356	0.048160	0.304086	
2546	-1.074330	0.046919	0.304212	
2547	-1.073919	0.047473	0.304693	
2548	-1.071202	0.048522	0.304305	
2549	-1.071707	0.048530	0.304539	
2550	-1.071834	0.049673	0.305071	
2551	-1.069108	0.051657	0.305066	
2552	-1.068153	0.051661	0.304748	
2553	-1.067874	0.053726	0.305543	
2554	-1.064605	0.055517	0.305089	
2555	-1.063956	0.056251	0.304945	
2556	-1.063551	0.057838	0.305418	
2557	-1.060547	0.060199	0.304861	
2558	-1.059752	0.060492	0.304330	
2559	-1.060253	0.061978	0.304728	
2560	-1.056847	0.064070	0.304177	
2561	-1.056577	0.064613	0.303771	
2562	-1.057079	0.065957	0.304133	
2563	-1.052927	0.068554	0.303423	
2564	-1.052569	0.069727	0.303297	
2565	-1.051435	0.071778	0.303280	
2566	-1.047256	0.075519	0.302232	
2567	-1.047503	0.076786	0.302121	
2568	-1.044413	0.078838	0.300762	
2569	-1.043934	0.080194	0.299674	
2570	-1.041965	0.081083	0.298684	
2571	-1.042100	0.081384	0.297693	
2572	-1.041503	0.081880	0.296872	
2573	-1.039207	0.082468	0.295732	
2574	-1.038853	0.082979	0.294292	
2575	-1.036714	0.082600	0.292907	
2576	-1.037522	0.082766	0.292482	
2577	-1.035324	0.082712	0.291490	
2578	-1.033492	0.082887	0.289601	
2579	-1.032411	0.083440	0.288995	
2580	-1.029437	0.084137	0.287951	
2581	-1.029228	0.084751	0.287458	
2582	-1.029570	0.085282	0.287354	
2583	-1.027689	0.085902	0.286598	
