0	0.000000	0.000000	0.000000	
1	0.000000	0.000000	0.000000	
2	0.000000	0.000000	0.000000	
3	0.000000	0.000000	0.000000	
4	0.000022	0.001283	0.000713	
5	-0.000353	0.001236	0.000689	
6	-0.000666	0.002180	0.000444	
7	-0.000449	0.001668	0.000063	
8	-0.001100	0.005052	0.000510	
9	-0.000620	0.003776	-0.000217	
10	-0.000606	0.005140	0.000065	
11	-0.000589	0.003783	-0.000380	
12	-0.000657	0.003284	-0.000173	
13	-0.000493	0.003335	-0.000216	
14	-0.001122	0.002168	-0.000760	
15	-0.001207	0.001561	-0.000922	
16	-0.001080	0.000729	-0.001349	
17	-0.001290	-0.000503	-0.002056	
18	-0.000819	-0.000110	-0.001905	
19	-0.001025	-0.000412	-0.002554	
20	-0.001230	0.000299	-0.002440	
21	-0.000901	-0.000216	-0.002623	
22	0.000751	0.000482	-0.002646	
23	0.001084	0.000567	-0.003087	
24	0.000804	-0.000210	-0.003760	
25	0.001577	0.000288	-0.004092	
26	0.001943	0.000030	-0.004844	
27	0.002118	-0.000603	-0.005813	
28	0.003612	-0.000070	-0.006112	
29	0.003229	0.000344	-0.006542	
30	0.002706	-0.000505	-0.007455	
31	0.003888	-0.000502	-0.007634	
32	0.004303	0.000904	-0.007557	
33	0.003744	0.001553	-0.008158	
34	0.004097	0.002128	-0.008356	
35	0.004541	0.002148	-0.008491	
36	0.004480	0.002204	-0.008774	
37	0.005084	0.003331	-0.008486	
38	0.005787	0.004892	-0.008436	
39	0.004987	0.004774	-0.009124	
40	0.005330	0.005394	-0.008908	
41	0.005858	0.005477	-0.009176	
42	0.006112	0.004430	-0.009967	
43	0.006280	0.003363	-0.010545	
44	0.006813	0.002976	-0.010685	
45	0.006974	0.003586	-0.010968	
46	0.007175	0.003520	-0.011390	
47	0.007559	0.003984	-0.011612	
48	0.007476	0.004673	-0.012011	
49	0.007179	0.004267	-0.012359	
50	0.008191	0.004432	-0.012517	
51	0.008389	0.003808	-0.013232	
52	0.007743	0.003273	-0.013507	
53	0.008232	0.004413	-0.013624	
54	0.007937	0.004181	-0.013994	
55	0.008118	0.004042	-0.014418	
56	0.008149	0.004292	-0.014409	
57	0.007979	0.004264	-0.014768	
58	0.007716	0.004347	-0.014916	
59	0.008547	0.005955	-0.014190	
60	0.008126	0.006150	-0.014016	
61	0.007020	0.006759	-0.013712	
62	0.007790	0.007885	-0.013016	
63	0.007959	0.008710	-0.012352	
64	0.007185	0.010021	-0.011694	
65	0.006644	0.010180	-0.011442	
66	0.006509	0.010240	-0.011100	
67	0.006483	0.011902	-0.010239	
68	0.005347	0.011980	-0.010171	
69	0.003447	0.012482	-0.010245	
70	0.002108	0.012585	-0.010464	
71	-0.000176	0.011585	-0.011616	
72	-0.003082	0.011423	-0.012995	
73	-0.006288	0.009171	-0.015910	
74	-0.011573	0.007531	-0.019555	
75	-0.018238	0.006533	-0.023303	
76	-0.023716	0.005922	-0.027617	
77	-0.036806	0.003117	-0.037376	
78	-0.045371	0.002107	-0.042253	
79	-0.054564	0.002339	-0.046503	
80	-0.063396	0.001773	-0.051190	
81	-0.072753	0.001853	-0.055547	
82	-0.084111	0.002422	-0.060163	
83	-0.094943	0.004420	-0.064043	
84	-0.105585	0.006252	-0.067592	
85	-0.117173	0.008495	-0.070847	
86	-0.129399	0.010596	-0.073780	
87	-0.142748	0.013563	-0.076261	
88	-0.155981	0.016690	-0.078562	
89	-0.167860	0.019254	-0.080831	
90	-0.181307	0.021247	-0.083476	
91	-0.193676	0.025291	-0.084930	
92	-0.204689	0.028998	-0.086517	
93	-0.217077	0.031415	-0.088508	
94	-0.228724	0.033241	-0.089844	
95	-0.239525	0.034891	-0.091853	
96	-0.249489	0.037043	-0.093511	
97	-0.259786	0.037042	-0.095287	
98	-0.269362	0.036830	-0.096913	
99	-0.279980	0.036549	-0.097746	
100	-0.288645	0.036660	-0.098302	
101	-0.299018	0.035080	-0.098904	
102	-0.308877	0.034363	-0.098850	
103	-0.317865	0.033169	-0.098668	
104	-0.326365	0.031268	-0.098892	
105	-0.335730	0.028951	-0.099121	
106	-0.345515	0.027840	-0.098391	
107	-0.353559	0.027466	-0.097384	
108	-0.372648	0.023571	-0.095961	
109	-0.382202	0.022941	-0.094273	
110	-0.391562	0.021959	-0.092617	
111	-0.401476	0.020371	-0.090325	
112	-0.413255	0.018979	-0.087700	
113	-0.424458	0.017894	-0.084976	
114	-0.434644	0.015529	-0.082321	
115	-0.445457	0.012172	-0.079165	
116	-0.457460	0.008060	-0.076041	
117	-0.467896	0.005096	-0.071885	
118	-0.475339	0.003017	-0.066238	
119	-0.499116	-0.002641	-0.054204	
120	-0.507044	-0.003626	-0.046752	
121	-0.511971	-0.007825	-0.039824	
122	-0.521502	-0.011606	-0.032921	
123	-0.529139	-0.012687	-0.025965	
124	-0.537087	-0.017096	-0.020510	
125	-0.544456	-0.020914	-0.014560	
126	-0.551769	-0.023088	-0.008791	
127	-0.560040	-0.027645	-0.004432	
128	-0.566861	-0.032094	0.000075	
129	-0.573203	-0.036062	0.004821	
130	-0.581756	-0.040259	0.009097	
131	-0.587705	-0.043337	0.014162	
132	-0.593396	-0.047367	0.019380	
133	-0.599752	-0.051418	0.024388	
134	-0.615047	-0.056401	0.035359	
135	-0.622257	-0.059211	0.041163	
136	-0.630509	-0.061299	0.046649	
137	-0.638591	-0.064143	0.052065	
138	-0.652707	-0.068841	0.063120	
139	-0.661979	-0.069994	0.068787	
140	-0.679824	-0.074025	0.079958	
141	-0.688457	-0.076148	0.085542	
142	-0.697675	-0.076441	0.091693	
143	-0.706758	-0.078150	0.097326	
144	-0.716066	-0.080729	0.102940	
145	-0.723890	-0.083657	0.107980	
146	-0.733655	-0.087563	0.112823	
147	-0.743503	-0.088801	0.118446	
148	-0.751527	-0.092185	0.123307	
149	-0.760521	-0.094874	0.128340	
150	-0.769907	-0.096128	0.134070	
151	-0.784308	-0.102603	0.145032	
152	-0.792371	-0.104740	0.150367	
153	-0.799060	-0.108398	0.155315	
154	-0.803686	-0.112572	0.160114	
155	-0.810374	-0.113944	0.165408	
156	-0.816937	-0.115319	0.171068	
157	-0.821387	-0.118108	0.176610	
158	-0.826142	-0.121886	0.182078	
159	-0.833118	-0.123898	0.188147	
160	-0.838303	-0.126314	0.193985	
161	-0.842389	-0.129864	0.199230	
162	-0.848395	-0.131360	0.204468	
163	-0.855392	-0.132660	0.209770	
164	-0.859854	-0.135201	0.214684	
165	-0.864771	-0.138679	0.219018	
166	-0.871381	-0.140182	0.223903	
167	-0.876295	-0.142520	0.228945	
168	-0.879838	-0.145870	0.233266	
169	-0.885927	-0.147672	0.238589	
170	-0.892754	-0.149234	0.244217	
171	-0.897185	-0.155010	0.249187	
172	-0.902276	-0.159719	0.254158	
173	-0.909374	-0.163023	0.259721	
174	-0.919487	-0.169295	0.271337	
175	-0.925359	-0.173738	0.277411	
176	-0.931572	-0.175641	0.283945	
177	-0.935896	-0.179826	0.290597	
178	-0.940709	-0.183529	0.297361	
179	-0.946189	-0.187157	0.304163	
180	-0.951090	-0.190826	0.310583	
181	-0.955792	-0.193999	0.316863	
182	-0.960296	-0.197426	0.322654	
183	-0.966343	-0.202031	0.328689	
184	-0.970736	-0.203691	0.334747	
185	-0.973199	-0.207911	0.339566	
186	-0.979811	-0.209479	0.345310	
187	-0.986686	-0.211601	0.350933	
188	-0.991580	-0.213742	0.356292	
189	-0.995996	-0.215666	0.361427	
190	-1.003950	-0.216044	0.367476	
191	-1.011168	-0.216901	0.373704	
192	-1.016244	-0.217608	0.380061	
193	-1.021712	-0.219193	0.385984	
194	-1.030821	-0.219533	0.392651	
195	-1.041032	-0.218801	0.399619	
196	-1.049606	-0.220430	0.405373	
197	-1.059332	-0.221212	0.410796	
198	-1.072135	-0.222289	0.416851	
199	-1.082993	-0.222981	0.421663	
200	-1.092515	-0.223759	0.425795	
201	-1.103921	-0.224313	0.430367	
202	-1.116822	-0.224884	0.435545	
203	-1.126109	-0.224611	0.439641	
204	-1.136824	-0.226744	0.443969	
205	-1.157741	-0.229837	0.452368	
206	-1.166226	-0.231447	0.455772	
207	-1.176588	-0.234559	0.460144	
208	-1.185885	-0.237415	0.464366	
209	-1.191951	-0.238424	0.468068	
210	-1.199754	-0.241810	0.471921	
211	-1.209519	-0.244588	0.476967	
212	-1.214762	-0.246145	0.481239	
213	-1.220719	-0.248994	0.485429	
214	-1.229627	-0.253174	0.490597	
215	-1.234742	-0.254357	0.495641	
216	-1.239245	-0.257395	0.500054	
217	-1.246960	-0.260833	0.505960	
218	-1.251365	-0.263342	0.511517	
219	-1.255758	-0.265822	0.517212	
220	-1.261453	-0.269425	0.523148	
221	-1.266773	-0.272022	0.529361	
222	-1.270648	-0.275259	0.534986	
223	-1.275478	-0.279756	0.540987	
224	-1.280162	-0.283504	0.547179	
225	-1.283702	-0.287430	0.553266	
226	-1.288128	-0.291703	0.559821	
227	-1.290550	-0.296058	0.565914	
228	-1.293154	-0.301531	0.571826	
229	-1.297092	-0.307716	0.578074	
230	-1.300341	-0.312329	0.583881	
231	-1.303819	-0.316385	0.589553	
232	-1.307835	-0.321279	0.595561	
233	-1.310239	-0.326474	0.601065	
234	-1.313952	-0.331511	0.607044	
235	-1.319636	-0.335369	0.614063	
236	-1.323346	-0.339711	0.619933	
237	-1.327009	-0.343852	0.625668	
238	-1.331369	-0.347787	0.631642	
239	-1.335653	-0.351378	0.637847	
240	-1.339736	-0.354847	0.643820	
241	-1.345188	-0.359355	0.650023	
242	-1.350341	-0.361769	0.656080	
243	-1.354996	-0.365087	0.661003	
244	-1.361595	-0.369812	0.666577	
245	-1.367182	-0.372890	0.671834	
246	-1.371240	-0.377542	0.676203	
247	-1.376852	-0.382608	0.680310	
248	-1.382773	-0.386499	0.684190	
249	-1.387906	-0.390412	0.687357	
250	-1.393428	-0.395122	0.690016	
251	-1.401357	-0.398053	0.693291	
252	-1.408024	-0.400794	0.696150	
253	-1.415011	-0.404571	0.698347	
254	-1.424309	-0.405833	0.701205	
255	-1.432855	-0.407059	0.703054	
256	-1.451766	-0.410373	0.705977	
257	-1.462901	-0.409625	0.707321	
258	-1.482656	-0.409924	0.708505	
259	-1.494572	-0.409598	0.709687	
260	-1.505635	-0.408533	0.710814	
261	-1.516145	-0.407181	0.711787	
262	-1.526453	-0.406643	0.712898	
263	-1.536710	-0.407254	0.714072	
264	-1.547118	-0.405481	0.715958	
265	-1.556689	-0.404806	0.717048	
266	-1.567850	-0.405173	0.718481	
267	-1.577517	-0.405399	0.720320	
268	-1.586522	-0.405881	0.721630	
269	-1.597739	-0.405971	0.723943	
270	-1.607227	-0.404824	0.726211	
271	-1.616799	-0.405018	0.728449	
272	-1.626927	-0.405865	0.731161	
273	-1.635531	-0.405872	0.733934	
274	-1.644209	-0.406648	0.736699	
275	-1.653562	-0.404336	0.740761	
276	-1.661891	-0.402444	0.745377	
277	-1.670178	-0.399940	0.750565	
278	-1.678071	-0.395560	0.756829	
279	-1.685474	-0.391379	0.763978	
280	-1.692086	-0.386869	0.771553	
281	-1.698184	-0.381561	0.779333	
282	-1.702778	-0.377303	0.787056	
283	-1.706449	-0.373346	0.795031	
284	-1.710148	-0.369641	0.803145	
285	-1.712816	-0.366481	0.810483	
286	-1.715612	-0.365487	0.818216	
287	-1.718361	-0.363255	0.827644	
288	-1.717680	-0.360424	0.835539	
289	-1.718927	-0.360418	0.843132	
290	-1.720087	-0.357921	0.852234	
291	-1.719738	-0.355846	0.860792	
292	-1.720215	-0.354672	0.869797	
293	-1.720809	-0.353217	0.878546	
294	-1.721822	-0.350834	0.888258	
295	-1.722898	-0.348603	0.897526	
296	-1.723672	-0.349096	0.906197	
297	-1.725165	-0.348803	0.915235	
298	-1.726223	-0.349586	0.923950	
299	-1.727437	-0.351011	0.931168	
300	-1.729548	-0.352327	0.938915	
301	-1.731759	-0.354057	0.946549	
302	-1.733934	-0.354313	0.954599	
303	-1.736021	-0.356503	0.961403	
304	-1.738518	-0.359104	0.968514	
305	-1.740698	-0.363603	0.974875	
306	-1.744429	-0.366231	0.981634	
307	-1.748255	-0.367722	0.988579	
308	-1.752521	-0.371231	0.994989	
309	-1.756084	-0.375060	1.000614	
310	-1.759749	-0.378590	1.006528	
311	-1.763493	-0.380312	1.012482	
312	-1.767231	-0.383814	1.017971	
313	-1.771299	-0.387035	1.023676	
314	-1.775430	-0.388804	1.029949	
315	-1.779771	-0.392286	1.035735	
316	-1.784671	-0.396591	1.040820	
317	-1.789555	-0.401241	1.045765	
318	-1.794837	-0.405355	1.051079	
319	-1.800240	-0.409338	1.056163	
320	-1.806199	-0.413703	1.061273	
321	-1.811576	-0.418753	1.065914	
322	-1.816849	-0.423607	1.070244	
323	-1.822638	-0.428633	1.074409	
324	-1.828097	-0.433324	1.078633	
325	-1.833671	-0.437378	1.082674	
326	-1.838405	-0.442811	1.085547	
327	-1.842858	-0.447835	1.088541	
328	-1.847626	-0.452836	1.091897	
329	-1.852455	-0.457608	1.095557	
330	-1.857059	-0.462399	1.100062	
331	-1.861436	-0.468719	1.104306	
332	-1.865708	-0.473072	1.108645	
333	-1.870031	-0.478902	1.114397	
334	-1.873440	-0.486273	1.118893	
335	-1.877603	-0.491075	1.124550	
336	-1.881729	-0.497109	1.130685	
337	-1.884993	-0.503243	1.134857	
338	-1.888541	-0.508837	1.141000	
339	-1.891119	-0.516173	1.146688	
340	-1.893318	-0.522631	1.151205	
341	-1.895782	-0.527765	1.157082	
342	-1.897814	-0.534109	1.164360	
343	-1.898922	-0.540080	1.168217	
344	-1.900849	-0.544959	1.174698	
345	-1.902220	-0.552367	1.182064	
346	-1.903417	-0.557515	1.187463	
347	-1.904880	-0.560990	1.194360	
348	-1.904687	-0.566117	1.200635	
349	-1.904536	-0.573209	1.204791	
350	-1.904889	-0.577409	1.210804	
351	-1.905487	-0.582924	1.218564	
352	-1.905186	-0.588363	1.223426	
353	-1.905375	-0.594098	1.230116	
354	-1.904973	-0.605352	1.242544	
355	-1.904685	-0.610611	1.249248	
356	-1.904197	-0.615762	1.255724	
357	-1.903924	-0.621664	1.262501	
358	-1.903783	-0.626910	1.269351	
359	-1.903149	-0.633969	1.277256	
360	-1.902553	-0.645312	1.292256	
361	-1.902126	-0.652118	1.300205	
362	-1.901700	-0.658511	1.307283	
363	-1.901547	-0.664868	1.315091	
364	-1.901497	-0.670242	1.322314	
365	-1.901438	-0.675099	1.329370	
366	-1.901627	-0.678928	1.337162	
367	-1.901406	-0.682113	1.342896	
368	-1.901407	-0.686125	1.348855	
369	-1.901232	-0.690232	1.355569	
370	-1.900651	-0.693696	1.361765	
371	-1.900447	-0.696393	1.366607	
372	-1.899877	-0.699257	1.372341	
373	-1.899609	-0.702106	1.376562	
374	-1.900171	-0.704619	1.380282	
375	-1.900464	-0.707064	1.384984	
376	-1.901220	-0.709271	1.389902	
377	-1.902216	-0.710766	1.393410	
378	-1.903643	-0.712470	1.398058	
379	-1.905194	-0.714045	1.403423	
380	-1.906954	-0.716040	1.408685	
381	-1.908875	-0.718125	1.413466	
382	-1.911158	-0.720904	1.419749	
383	-1.913667	-0.723836	1.424528	
384	-1.916257	-0.727495	1.429797	
385	-1.919647	-0.731225	1.435780	
386	-1.922869	-0.735731	1.440239	
387	-1.927036	-0.739690	1.446330	
388	-1.931052	-0.745078	1.451673	
389	-1.934940	-0.751331	1.456296	
390	-1.939766	-0.755371	1.461562	
391	-1.944223	-0.761789	1.466697	
392	-1.949160	-0.767143	1.471068	
393	-1.954425	-0.773323	1.477685	
394	-1.959747	-0.778704	1.482219	
395	-1.965192	-0.785419	1.487777	
396	-1.971140	-0.792092	1.495248	
397	-1.976616	-0.798376	1.500448	
398	-1.986822	-0.811990	1.511353	
399	-1.990834	-0.819499	1.516757	
400	-1.995232	-0.826509	1.521154	
401	-1.998750	-0.836060	1.528326	
402	-2.002027	-0.842295	1.532521	
403	-2.005655	-0.849782	1.538000	
404	-2.009232	-0.857840	1.546313	
405	-2.012137	-0.864196	1.553898	
406	-2.015129	-0.870547	1.559744	
407	-2.018359	-0.877567	1.568308	
408	-2.020491	-0.883383	1.576998	
409	-2.022778	-0.886271	1.582078	
410	-2.025097	-0.890882	1.588598	
411	-2.026927	-0.895643	1.597414	
412	-2.028581	-0.898104	1.604037	
413	-2.030199	-0.900455	1.609948	
414	-2.031525	-0.903677	1.617580	
415	-2.032368	-0.907465	1.626421	
416	-2.033831	-0.908440	1.632985	
417	-2.035323	-0.910320	1.640355	
418	-2.036805	-0.912043	1.649013	
419	-2.038452	-0.913392	1.655270	
420	-2.039854	-0.915761	1.663388	
421	-2.041713	-0.916358	1.670325	
422	-2.043103	-0.917995	1.677518	
423	-2.044579	-0.918815	1.683518	
424	-2.045991	-0.920215	1.690103	
425	-2.047120	-0.922102	1.697027	
426	-2.049664	-0.924270	1.707308	
427	-2.051114	-0.925600	1.712574	
428	-2.052017	-0.927722	1.718249	
429	-2.053473	-0.930102	1.723870	
430	-2.055569	-0.933615	1.728753	
431	-2.056876	-0.938196	1.736450	
432	-2.058369	-0.949440	1.747274	
433	-2.059168	-0.955354	1.752823	
434	-2.059851	-0.961009	1.757713	
435	-2.061289	-0.966450	1.760659	
436	-2.062428	-0.972286	1.765873	
437	-2.063624	-0.978941	1.771592	
438	-2.065354	-0.984525	1.775556	
439	-2.066887	-0.990850	1.781993	
440	-2.067949	-0.997127	1.786682	
441	-2.069419	-1.004013	1.791750	
442	-2.070870	-1.009566	1.797844	
443	-2.072315	-1.014940	1.802941	
444	-2.073567	-1.021389	1.808394	
445	-2.075147	-1.027086	1.813840	
446	-2.075942	-1.033853	1.820368	
447	-2.077423	-1.039883	1.824554	
448	-2.078769	-1.046685	1.829782	
449	-2.080125	-1.053164	1.836721	
450	-2.081454	-1.059350	1.840413	
451	-2.083416	-1.065914	1.847677	
452	-2.084821	-1.071469	1.853493	
453	-2.087790	-1.076825	1.857587	
454	-2.089336	-1.085007	1.866496	
455	-2.091465	-1.091169	1.872806	
456	-2.094598	-1.098361	1.879732	
457	-2.098420	-1.104722	1.888166	
458	-2.102513	-1.112000	1.896701	
459	-2.106235	-1.121690	1.907063	
460	-2.112403	-1.126992	1.915479	
461	-2.117441	-1.135094	1.925749	
462	-2.122783	-1.143280	1.937544	
463	-2.127867	-1.150351	1.948643	
464	-2.132145	-1.157649	1.959827	
465	-2.136850	-1.164872	1.971296	
466	-2.140400	-1.171746	1.982781	
467	-2.143574	-1.178429	1.992972	
468	-2.147213	-1.185365	2.002753	
469	-2.150760	-1.192782	2.012724	
470	-2.153480	-1.198503	2.023595	
471	-2.157334	-1.204973	2.032489	
472	-2.161299	-1.211458	2.043972	
473	-2.163985	-1.217455	2.054270	
474	-2.167068	-1.222875	2.064377	
475	-2.169565	-1.228460	2.073941	
476	-2.171316	-1.233996	2.083904	
477	-2.173645	-1.237914	2.092622	
478	-2.174671	-1.241163	2.101917	
479	-2.175067	-1.244105	2.110435	
480	-2.175900	-1.246955	2.117863	
481	-2.175504	-1.248698	2.126516	
482	-2.173105	-1.250339	2.136287	
483	-2.173287	-1.251644	2.142855	
484	-2.172982	-1.252713	2.150898	
485	-2.169158	-1.253802	2.161057	
486	-2.166795	-1.254101	2.168353	
487	-2.165476	-1.254403	2.174623	
488	-2.157561	-1.258062	2.194521	
489	-2.154999	-1.259410	2.201934	
490	-2.150846	-1.262230	2.212747	
491	-2.147402	-1.265215	2.219113	
492	-2.143842	-1.268982	2.226332	
493	-2.138733	-1.273500	2.235111	
494	-2.135456	-1.277584	2.241891	
495	-2.133136	-1.281373	2.248089	
496	-2.128027	-1.286505	2.258738	
497	-2.120732	-1.297077	2.271503	
498	-2.116199	-1.301759	2.279992	
499	-2.111285	-1.305520	2.288474	
500	-2.107954	-1.310930	2.292049	
501	-2.104881	-1.314446	2.297451	
502	-2.099220	-1.319613	2.304427	
503	-2.096606	-1.323310	2.307820	
504	-2.093044	-1.326430	2.313082	
505	-2.088935	-1.328814	2.320160	
506	-2.085759	-1.332858	2.324464	
507	-2.082351	-1.337489	2.327227	
508	-2.076877	-1.341994	2.332749	
509	-2.074166	-1.345067	2.335258	
510	-2.071224	-1.348018	2.338242	
511	-2.066164	-1.351209	2.343638	
512	-2.062002	-1.356391	2.345326	
513	-2.057718	-1.361746	2.347178	
514	-2.051325	-1.366156	2.353175	
515	-2.047845	-1.369525	2.356604	
516	-2.043091	-1.374070	2.361251	
517	-2.036966	-1.378956	2.367976	
518	-2.032516	-1.383720	2.373654	
519	-2.028182	-1.387773	2.381432	
520	-2.021366	-1.393054	2.391387	
521	-2.018113	-1.397393	2.399064	
522	-2.013487	-1.401544	2.408440	
523	-2.008321	-1.407166	2.418066	
524	-2.003745	-1.412193	2.427560	
525	-1.998168	-1.418572	2.436946	
526	-1.994858	-1.425756	2.444138	
527	-1.989704	-1.430729	2.453671	
528	-1.984184	-1.435815	2.463226	
529	-1.979881	-1.441581	2.471634	
530	-1.975779	-1.446782	2.479683	
531	-1.970968	-1.451058	2.488739	
532	-1.966805	-1.456152	2.496501	
533	-1.963171	-1.458971	2.505667	
534	-1.958390	-1.461890	2.513924	
535	-1.953183	-1.466042	2.521511	
536	-1.948916	-1.469719	2.528585	
537	-1.943571	-1.472545	2.535891	
538	-1.937308	-1.477001	2.541745	
539	-1.934751	-1.479634	2.547761	
540	-1.928993	-1.483069	2.553809	
541	-1.921520	-1.487770	2.559947	
542	-1.917581	-1.490957	2.565460	
543	-1.911837	-1.493740	2.571316	
544	-1.904503	-1.497200	2.577086	
545	-1.898511	-1.499882	2.582609	
546	-1.893479	-1.501715	2.587541	
547	-1.886586	-1.502990	2.593510	
548	-1.878440	-1.504964	2.597611	
549	-1.871565	-1.506438	2.601990	
550	-1.863946	-1.507794	2.605450	
551	-1.856182	-1.507947	2.610954	
552	-1.847356	-1.509260	2.613923	
553	-1.841166	-1.509488	2.617573	
554	-1.831303	-1.508506	2.622418	
555	-1.818101	-1.509566	2.627233	
556	-1.811855	-1.508857	2.630848	
557	-1.801974	-1.507745	2.636286	
558	-1.789501	-1.507256	2.641510	
559	-1.781550	-1.506308	2.645950	
560	-1.772990	-1.504501	2.650652	
561	-1.760691	-1.503640	2.655386	
562	-1.751036	-1.503469	2.659087	
563	-1.733154	-1.500756	2.666244	
564	-1.722020	-1.500989	2.669451	
565	-1.713726	-1.500642	2.671320	
566	-1.704183	-1.500023	2.673486	
567	-1.694066	-1.500181	2.675964	
568	-1.685409	-1.501043	2.676226	
569	-1.677700	-1.501630	2.677034	
570	-1.668720	-1.501883	2.679431	
571	-1.660757	-1.502811	2.680413	
572	-1.653302	-1.504725	2.679416	
573	-1.645326	-1.506428	2.679546	
574	-1.637525	-1.507931	2.680297	
575	-1.631250	-1.508841	2.680632	
576	-1.624905	-1.509596	2.681368	
577	-1.616772	-1.510679	2.683221	
578	-1.605478	-1.513779	2.683610	
579	-1.598619	-1.514314	2.685347	
580	-1.591036	-1.515422	2.686853	
581	-1.586024	-1.517041	2.686575	
582	-1.579463	-1.517405	2.688724	
583	-1.571546	-1.519501	2.690121	
584	-1.566689	-1.521199	2.691101	
585	-1.553980	-1.523370	2.695563	
586	-1.548392	-1.524410	2.698442	
587	-1.543051	-1.525282	2.700451	
588	-1.536522	-1.526194	2.703105	
589	-1.530074	-1.527478	2.704130	
590	-1.517390	-1.528676	2.709072	
591	-1.511382	-1.529469	2.711643	
592	-1.503926	-1.530725	2.714281	
593	-1.498470	-1.531337	2.717563	
594	-1.492956	-1.532617	2.720184	
595	-1.485814	-1.533624	2.722974	
596	-1.479000	-1.534001	2.726592	
597	-1.475074	-1.533985	2.729408	
598	-1.468027	-1.533737	2.732546	
599	-1.460956	-1.533369	2.735925	
600	-1.455957	-1.533118	2.737501	
601	-1.451010	-1.532896	2.738066	
602	-1.442278	-1.531689	2.742584	
603	-1.435388	-1.529659	2.747003	
604	-1.430930	-1.529582	2.746397	
605	-1.422189	-1.528465	2.749639	
606	-1.412942	-1.527003	2.752974	
607	-1.407545	-1.525972	2.754115	
608	-1.399061	-1.524341	2.757731	
609	-1.390828	-1.523516	2.758502	
610	-1.382048	-1.522388	2.761131	
611	-1.374266	-1.521319	2.763116	
612	-1.367585	-1.520128	2.763375	
613	-1.357928	-1.519304	2.763890	
614	-1.350625	-1.518150	2.763277	
615	-1.343615	-1.516819	2.762243	
616	-1.335118	-1.515292	2.761594	
617	-1.327268	-1.514107	2.760934	
618	-1.320800	-1.513391	2.758816	
619	-1.311516	-1.513478	2.756608	
620	-1.304620	-1.513499	2.755188	
621	-1.299143	-1.513466	2.752923	
622	-1.291178	-1.513490	2.751651	
623	-1.283993	-1.513800	2.749868	
624	-1.278924	-1.514524	2.745836	
625	-1.271259	-1.514797	2.744331	
626	-1.263991	-1.515159	2.742512	
627	-1.251053	-1.515682	2.738655	
628	-1.243205	-1.516549	2.736528	
629	-1.237799	-1.517750	2.733659	
630	-1.230368	-1.518867	2.732332	
631	-1.224121	-1.519898	2.730783	
632	-1.217760	-1.521511	2.728439	
633	-1.211017	-1.523140	2.726253	
634	-1.205331	-1.524202	2.724185	
635	-1.199781	-1.525154	2.722724	
636	-1.194652	-1.525611	2.721579	
637	-1.185431	-1.525654	2.717188	
638	-1.181378	-1.525488	2.714780	
639	-1.176442	-1.524300	2.713478	
640	-1.169823	-1.523633	2.711137	
641	-1.163243	-1.523077	2.709291	
642	-1.160880	-1.522035	2.707105	
643	-1.157278	-1.520471	2.705901	
644	-1.150530	-1.519689	2.704197	
645	-1.147617	-1.518102	2.703237	
646	-1.144671	-1.516200	2.702306	
647	-1.138129	-1.514402	2.701396	
648	-1.132095	-1.512752	2.699846	
649	-1.128337	-1.510888	2.698181	
650	-1.123454	-1.508620	2.696629	
651	-1.117718	-1.506044	2.694665	
652	-1.112217	-1.502769	2.693408	
653	-1.107712	-1.499271	2.691654	
654	-1.101015	-1.495792	2.689995	
655	-1.094783	-1.492021	2.688200	
656	-1.089686	-1.487874	2.686348	
657	-1.080864	-1.484309	2.684014	
658	-1.078067	-1.479577	2.682591	
659	-1.073469	-1.474838	2.681386	
660	-1.063759	-1.472064	2.678566	
661	-1.058877	-1.468126	2.677096	
662	-1.055305	-1.463987	2.675237	
663	-1.049140	-1.460203	2.672334	
664	-1.044442	-1.456121	2.669360	
665	-1.040401	-1.451806	2.666374	
666	-1.036840	-1.447124	2.662694	
667	-1.033989	-1.442110	2.659177	
668	-1.027732	-1.437963	2.654145	
669	-1.021888	-1.433265	2.649678	
670	-1.018227	-1.427239	2.646640	
671	-1.010841	-1.422608	2.641256	
672	-1.002173	-1.417248	2.636336	
673	-0.988993	-1.408106	2.624820	
674	-0.976141	-1.404047	2.618679	
675	-0.965595	-1.397040	2.607441	
676	-0.960240	-1.395698	2.600268	
677	-0.959176	-1.391099	2.596985	
678	-0.956145	-1.386443	2.593702	
679	-0.948469	-1.383579	2.587970	
680	-0.942160	-1.379785	2.583738	
681	-0.939323	-1.374573	2.581565	
682	-0.933166	-1.371536	2.577949	
683	-0.927237	-1.368167	2.575146	
684	-0.918381	-1.360137	2.571913	
685	-0.913165	-1.357501	2.569438	
686	-0.911838	-1.351532	2.570242	
687	-0.908171	-1.347361	2.569497	
688	-0.901541	-1.345246	2.567598	
689	-0.899749	-1.338545	2.570116	
690	-0.896716	-1.333731	2.570520	
691	-0.892045	-1.330172	2.570082	
692	-0.889209	-1.324995	2.571581	
693	-0.888509	-1.319229	2.573880	
694	-0.884256	-1.316732	2.573608	
695	-0.881811	-1.312558	2.575345	
696	-0.880725	-1.308138	2.577036	
697	-0.875170	-1.307469	2.575759	
698	-0.874085	-1.303078	2.578401	
699	-0.872876	-1.300023	2.580031	
700	-0.867994	-1.299774	2.579647	
701	-0.867337	-1.296147	2.582437	
702	-0.865363	-1.293778	2.583810	
703	-0.861643	-1.292345	2.585151	
704	-0.860220	-1.289267	2.588214	
705	-0.857461	-1.287127	2.590393	
706	-0.855009	-1.284695	2.593173	
707	-0.852420	-1.281926	2.596128	
708	-0.850521	-1.279285	2.599067	
709	-0.846904	-1.277634	2.601024	
710	-0.844887	-1.274716	2.603992	
711	-0.842772	-1.271973	2.606861	
712	-0.834455	-1.265243	2.615469	
713	-0.828956	-1.265325	2.615612	
714	-0.822927	-1.265572	2.616839	
715	-0.821764	-1.262818	2.620824	
716	-0.815722	-1.263841	2.621814	
717	-0.812192	-1.263233	2.624586	
718	-0.810512	-1.260880	2.628260	
719	-0.805835	-1.261094	2.630137	
720	-0.802297	-1.260354	2.632829	
721	-0.799877	-1.258541	2.636198	
722	-0.794476	-1.259613	2.636870	
723	-0.789427	-1.260203	2.638993	
724	-0.787147	-1.258992	2.642397	
725	-0.784038	-1.258869	2.644578	
726	-0.777692	-1.261380	2.645049	
727	-0.775529	-1.259756	2.649564	
728	-0.772519	-1.259142	2.652444	
729	-0.766824	-1.261175	2.653368	
730	-0.763219	-1.260707	2.657972	
731	-0.760694	-1.260183	2.660612	
732	-0.755122	-1.261991	2.661740	
733	-0.752543	-1.261298	2.665967	
734	-0.748882	-1.261760	2.668392	
735	-0.744031	-1.263699	2.669618	
736	-0.741865	-1.262979	2.673288	
737	-0.738195	-1.263790	2.675265	
738	-0.734212	-1.265296	2.677381	
739	-0.731676	-1.266062	2.680296	
740	-0.727062	-1.269578	2.680207	
741	-0.725049	-1.271117	2.683057	
742	-0.723516	-1.272013	2.686269	
743	-0.722314	-1.273204	2.688321	
744	-0.722051	-1.273126	2.692041	
745	-0.719820	-1.274488	2.694254	
746	-0.718379	-1.275602	2.697552	
747	-0.717134	-1.276515	2.700639	
748	-0.714928	-1.277619	2.703197	
749	-0.712586	-1.279005	2.705857	
750	-0.712753	-1.278287	2.710154	
751	-0.709805	-1.280163	2.712650	
752	-0.707545	-1.281722	2.716890	
753	-0.706545	-1.282566	2.722114	
754	-0.704187	-1.284801	2.725992	
755	-0.701060	-1.288138	2.729309	
756	-0.699532	-1.290491	2.734550	
757	-0.697641	-1.293561	2.739055	
758	-0.693619	-1.298755	2.742929	
759	-0.693054	-1.301382	2.749561	
760	-0.690052	-1.305765	2.754131	
761	-0.687518	-1.309732	2.760024	
762	-0.685783	-1.313230	2.766912	
763	-0.684114	-1.316592	2.772486	
764	-0.681597	-1.320345	2.777914	
765	-0.678843	-1.324440	2.783563	
766	-0.675857	-1.328899	2.789303	
767	-0.674034	-1.332104	2.796221	
768	-0.670495	-1.336971	2.800594	
769	-0.668352	-1.340308	2.806880	
770	-0.668040	-1.341877	2.813720	
771	-0.663531	-1.346636	2.817456	
772	-0.660916	-1.349554	2.823263	
773	-0.658615	-1.351871	2.828436	
774	-0.654049	-1.355747	2.830438	
775	-0.652730	-1.356370	2.836768	
776	-0.651121	-1.356822	2.841792	
777	-0.646006	-1.359069	2.844701	
778	-0.642262	-1.359982	2.848835	
779	-0.638305	-1.360612	2.852938	
780	-0.632458	-1.363515	2.853300	
781	-0.627828	-1.365258	2.855188	
782	-0.623535	-1.366930	2.856473	
783	-0.617701	-1.369452	2.856029	
784	-0.611382	-1.372237	2.856962	
785	-0.606439	-1.373979	2.858709	
786	-0.599174	-1.376153	2.859450	
787	-0.593745	-1.377821	2.860707	
788	-0.581838	-1.381212	2.864700	
789	-0.574282	-1.383348	2.867049	
790	-0.567648	-1.385510	2.869756	
791	-0.559871	-1.388086	2.870818	
792	-0.552094	-1.390397	2.871903	
793	-0.543108	-1.393982	2.872431	
794	-0.536031	-1.396072	2.874803	
795	-0.527358	-1.398633	2.875597	
796	-0.517790	-1.401932	2.875687	
797	-0.510708	-1.403190	2.878510	
798	-0.502931	-1.404988	2.880071	
799	-0.493590	-1.408087	2.880599	
800	-0.486483	-1.409561	2.883366	
801	-0.469632	-1.415114	2.883111	
802	-0.457182	-1.417773	2.885148	
803	-0.444884	-1.420705	2.885770	
804	-0.439229	-1.421826	2.886186	
805	-0.432537	-1.423554	2.885346	
806	-0.428504	-1.422936	2.886965	
807	-0.421964	-1.423529	2.886477	
808	-0.415005	-1.424523	2.885772	
809	-0.408587	-1.423907	2.886693	
810	-0.400964	-1.424980	2.885736	
811	-0.392711	-1.426630	2.884564	
812	-0.385651	-1.425976	2.885681	
813	-0.379284	-1.426863	2.885777	
814	-0.371167	-1.428342	2.884690	
815	-0.365086	-1.427730	2.885901	
816	-0.358220	-1.428573	2.885673	
817	-0.350321	-1.429523	2.883935	
818	-0.345267	-1.428489	2.884322	
819	-0.338536	-1.429502	2.881776	
820	-0.332677	-1.430262	2.879849	
821	-0.326956	-1.429819	2.878820	
822	-0.321145	-1.429651	2.877164	
823	-0.315235	-1.429038	2.875660	
824	-0.309380	-1.427506	2.874566	
825	-0.303485	-1.427142	2.872503	
826	-0.297833	-1.425185	2.871102	
827	-0.293225	-1.422531	2.869915	
828	-0.288341	-1.420399	2.867775	
829	-0.276260	-1.414353	2.863924	
830	-0.270370	-1.411442	2.860877	
831	-0.265016	-1.408403	2.857110	
832	-0.259055	-1.403961	2.853798	
833	-0.253204	-1.399799	2.849691	
834	-0.245783	-1.396231	2.844325	
835	-0.238407	-1.391454	2.839705	
836	-0.230107	-1.386348	2.835147	
837	-0.221621	-1.383251	2.828580	
838	-0.212086	-1.379553	2.822373	
839	-0.203780	-1.375216	2.816444	
840	-0.194702	-1.371720	2.809873	
841	-0.177111	-1.365026	2.795710	
842	-0.169604	-1.361699	2.788997	
843	-0.162178	-1.358898	2.781429	
844	-0.154096	-1.355152	2.775042	
845	-0.148199	-1.352983	2.767892	
846	-0.140150	-1.349926	2.761750	
847	-0.132927	-1.347030	2.754983	
848	-0.127849	-1.345445	2.748629	
849	-0.119974	-1.342186	2.743087	
850	-0.114052	-1.343030	2.733870	
851	-0.106348	-1.342685	2.726851	
852	-0.097731	-1.339246	2.722714	
853	-0.094589	-1.340450	2.714780	
854	-0.088194	-1.341745	2.707520	
855	-0.081096	-1.341155	2.701252	
856	-0.076587	-1.340796	2.694453	
857	-0.071342	-1.340087	2.687536	
858	-0.066388	-1.339250	2.680086	
859	-0.060062	-1.337912	2.673157	
860	-0.053467	-1.336035	2.667295	
861	-0.048353	-1.335984	2.659842	
862	-0.041533	-1.335797	2.653818	
863	-0.034478	-1.336625	2.646719	
864	-0.027207	-1.337821	2.640545	
865	-0.019997	-1.338721	2.635240	
866	-0.013519	-1.340796	2.628704	
867	-0.005514	-1.342663	2.622932	
868	0.001559	-1.344409	2.617704	
869	0.007192	-1.346837	2.611015	
870	0.012928	-1.349607	2.603993	
871	0.020713	-1.351404	2.598319	
872	0.026596	-1.353694	2.591826	
873	0.032958	-1.355875	2.584666	
874	0.037835	-1.358419	2.576801	
875	0.050128	-1.360643	2.563194	
876	0.052890	-1.362633	2.554178	
877	0.057656	-1.363644	2.546638	
878	0.060489	-1.365079	2.537420	
879	0.068689	-1.364954	2.522461	
880	0.070136	-1.364530	2.513720	
881	0.072437	-1.364166	2.505241	
882	0.076931	-1.362357	2.498966	
883	0.078853	-1.361346	2.491411	
884	0.080142	-1.361219	2.482720	
885	0.080662	-1.359860	2.474249	
886	0.084097	-1.358655	2.464890	
887	0.085541	-1.357547	2.456067	
888	0.088631	-1.355788	2.446898	
889	0.090800	-1.354087	2.438800	
890	0.093775	-1.352865	2.429584	
891	0.095976	-1.352664	2.419608	
892	0.099556	-1.351715	2.410565	
893	0.101755	-1.350913	2.400545	
894	0.103738	-1.350895	2.388780	
895	0.107276	-1.351200	2.378282	
896	0.110696	-1.352039	2.369084	
897	0.114217	-1.353226	2.361819	
898	0.119091	-1.353659	2.354860	
899	0.122788	-1.353309	2.347806	
900	0.125973	-1.352656	2.339954	
901	0.128383	-1.351693	2.333189	
902	0.132489	-1.349883	2.326734	
903	0.134694	-1.348121	2.320014	
904	0.137698	-1.346538	2.313422	
905	0.140609	-1.344468	2.307564	
906	0.143219	-1.342404	2.301426	
907	0.146430	-1.340997	2.294801	
908	0.150642	-1.338815	2.289080	
909	0.155852	-1.336987	2.282990	
910	0.160581	-1.335933	2.278045	
911	0.166553	-1.334043	2.274949	
912	0.172204	-1.332901	2.271756	
913	0.176587	-1.332576	2.268484	
914	0.182151	-1.330750	2.265177	
915	0.187428	-1.328709	2.261194	
916	0.192523	-1.326900	2.257946	
917	0.194626	-1.324525	2.256250	
918	0.198000	-1.322430	2.253447	
919	0.202232	-1.321084	2.250645	
920	0.205244	-1.318843	2.249341	
921	0.208546	-1.317266	2.247509	
922	0.212708	-1.316276	2.245610	
923	0.216470	-1.314654	2.244293	
924	0.220438	-1.313581	2.242755	
925	0.224384	-1.312809	2.241997	
926	0.228139	-1.311521	2.242383	
927	0.233604	-1.311206	2.241585	
928	0.238193	-1.311201	2.241938	
929	0.240259	-1.310328	2.243708	
930	0.245617	-1.310355	2.244215	
931	0.249599	-1.311009	2.246002	
932	0.252207	-1.311052	2.249464	
933	0.255716	-1.311799	2.251104	
934	0.258482	-1.312438	2.253571	
935	0.260975	-1.312812	2.256218	
936	0.264023	-1.313514	2.257273	
937	0.266712	-1.314412	2.259357	
938	0.268877	-1.314651	2.263555	
939	0.270330	-1.315178	2.267410	
940	0.272829	-1.315696	2.271154	
941	0.275629	-1.316030	2.273908	
942	0.279260	-1.316535	2.277030	
943	0.281629	-1.317055	2.280391	
944	0.283433	-1.316942	2.285286	
945	0.286145	-1.317169	2.288512	
946	0.289863	-1.317428	2.291368	
947	0.292280	-1.317590	2.295428	
948	0.295650	-1.318677	2.297613	
949	0.298347	-1.319158	2.300825	
950	0.305412	-1.320599	2.304224	
951	0.307076	-1.321078	2.307749	
952	0.308752	-1.321096	2.309291	
953	0.311147	-1.320940	2.313077	
954	0.312088	-1.319538	2.316355	
955	0.314760	-1.318502	2.319086	
956	0.317241	-1.317625	2.321281	
957	0.319213	-1.316043	2.326472	
958	0.319937	-1.314099	2.331513	
959	0.320068	-1.311976	2.335735	
960	0.323024	-1.311368	2.339777	
961	0.324759	-1.310907	2.345219	
962	0.325488	-1.309364	2.350533	
963	0.329429	-1.309760	2.352026	
964	0.331277	-1.309604	2.357935	
965	0.331614	-1.308925	2.363494	
966	0.337041	-1.309944	2.366009	
967	0.338679	-1.309798	2.371616	
968	0.342423	-1.310327	2.377098	
969	0.348656	-1.312806	2.380199	
970	0.351864	-1.313838	2.386073	
971	0.353471	-1.314191	2.392529	
972	0.358315	-1.316740	2.396869	
973	0.360909	-1.317741	2.405844	
974	0.361373	-1.316995	2.413422	
975	0.364534	-1.318959	2.418313	
976	0.366047	-1.319190	2.427920	
977	0.369442	-1.320789	2.432885	
978	0.373661	-1.323831	2.440636	
979	0.372138	-1.322088	2.448150	
980	0.374148	-1.322690	2.449783	
981	0.378419	-1.324010	2.455508	
982	0.379083	-1.323299	2.463488	
983	0.381203	-1.324429	2.466374	
984	0.383569	-1.324860	2.471563	
985	0.383504	-1.324327	2.477427	
986	0.384524	-1.324950	2.480582	
987	0.386823	-1.325476	2.486176	
988	0.388802	-1.326196	2.490248	
989	0.390486	-1.327557	2.492751	
990	0.392952	-1.327541	2.499516	
991	0.393678	-1.327305	2.503881	
992	0.394601	-1.328072	2.507287	
993	0.396008	-1.326450	2.513826	
994	0.397709	-1.325991	2.517225	
995	0.400575	-1.326654	2.520167	
996	0.402519	-1.324646	2.525596	
997	0.401126	-1.320939	2.532875	
998	0.402762	-1.320094	2.535499	
999	0.404961	-1.318124	2.541544	
1000	0.407785	-1.316049	2.553735	
1001	0.408997	-1.313284	2.563995	
1002	0.409975	-1.312542	2.572169	
1003	0.410605	-1.313362	2.577674	
1004	0.410365	-1.311758	2.584727	
1005	0.410058	-1.311668	2.590156	
1006	0.410066	-1.310378	2.595599	
1007	0.410278	-1.309932	2.599207	
1008	0.410574	-1.309950	2.602801	
1009	0.410497	-1.309519	2.605500	
1010	0.410875	-1.310295	2.607570	
1011	0.412452	-1.311072	2.610732	
1012	0.412393	-1.310200	2.613683	
1013	0.412728	-1.309908	2.617488	
1014	0.413879	-1.310286	2.617765	
1015	0.416564	-1.313016	2.622319	
1016	0.415750	-1.312082	2.626333	
1017	0.417393	-1.312456	2.628116	
1018	0.419621	-1.313650	2.630005	
1019	0.421783	-1.312272	2.632753	
1020	0.424080	-1.312403	2.632088	
1021	0.422616	-1.308966	2.633664	
1022	0.425092	-1.308513	2.632900	
1023	0.425691	-1.302760	2.631466	
1024	0.428404	-1.296522	2.627589	
1025	0.427779	-1.291044	2.625904	
1026	0.428437	-1.287544	2.625456	
1027	0.431582	-1.285508	2.623656	
1028	0.432470	-1.281404	2.623136	
1029	0.434197	-1.277946	2.623663	
1030	0.436820	-1.274862	2.623500	
1031	0.436744	-1.269253	2.623836	
1032	0.438870	-1.265643	2.624037	
1033	0.442482	-1.264117	2.624940	
1034	0.442782	-1.259256	2.625543	
1035	0.445415	-1.255784	2.624495	
1036	0.449162	-1.254666	2.625408	
1037	0.450915	-1.251122	2.625177	
1038	0.452080	-1.247512	2.625721	
1039	0.455765	-1.245729	2.624761	
1040	0.457959	-1.243644	2.624424	
1041	0.459710	-1.240786	2.623122	
1042	0.461344	-1.238090	2.621377	
1043	0.464077	-1.236565	2.618776	
1044	0.465428	-1.233990	2.616230	
1045	0.466952	-1.232373	2.615131	
1046	0.468884	-1.231115	2.614262	
1047	0.470214	-1.227582	2.613833	
1048	0.472489	-1.226713	2.612951	
1049	0.473523	-1.225167	2.612183	
1050	0.474142	-1.224520	2.613046	
1051	0.474999	-1.223783	2.613660	
1052	0.475791	-1.222238	2.613410	
1053	0.476025	-1.221170	2.614438	
1054	0.476819	-1.219714	2.614456	
1055	0.477557	-1.217552	2.614042	
1056	0.477219	-1.217273	2.617384	
1057	0.477422	-1.215122	2.618216	
1058	0.476928	-1.215520	2.623084	
1059	0.477006	-1.212485	2.623036	
1060	0.477977	-1.211514	2.624412	
1061	0.477837	-1.212892	2.629252	
1062	0.475855	-1.211504	2.632751	
1063	0.476585	-1.211896	2.635437	
1064	0.477303	-1.210182	2.635674	
1065	0.476514	-1.206531	2.635075	
1066	0.479001	-1.207551	2.636629	
1067	0.479487	-1.206685	2.638082	
1068	0.478392	-1.204138	2.639752	
1069	0.480076	-1.204963	2.642552	
1070	0.480096	-1.207103	2.648582	
1071	0.477225	-1.204718	2.653273	
1072	0.476891	-1.203679	2.656725	
1073	0.476037	-1.204537	2.663128	
1074	0.473050	-1.201965	2.668300	
1075	0.473454	-1.199275	2.669291	
1076	0.472998	-1.196735	2.671346	
1077	0.470952	-1.195447	2.676979	
1078	0.470116	-1.193973	2.680714	
1079	0.469380	-1.193328	2.684944	
1080	0.468856	-1.193657	2.689797	
1081	0.466440	-1.191935	2.694679	
1082	0.467969	-1.192210	2.696974	
1083	0.468364	-1.192028	2.699837	
1084	0.465598	-1.189769	2.703982	
1085	0.468638	-1.191237	2.703986	
1086	0.468574	-1.191211	2.705611	
1087	0.466164	-1.187564	2.705728	
1088	0.467790	-1.188576	2.704995	
1089	0.465173	-1.184662	2.703183	
1090	0.461861	-1.184600	2.706641	
1091	0.462778	-1.186873	2.705934	
1092	0.459582	-1.186863	2.707919	
1093	0.456710	-1.186848	2.708992	
1094	0.456861	-1.188909	2.706748	
1095	0.452225	-1.189165	2.710289	
1096	0.451364	-1.190477	2.708745	
1097	0.449914	-1.192335	2.708506	
1098	0.445508	-1.191102	2.709599	
1099	0.445077	-1.194573	2.709717	
1100	0.441617	-1.196342	2.712058	
1101	0.435421	-1.200247	2.716146	
1102	0.431479	-1.201004	2.718126	
1103	0.428085	-1.203243	2.722160	
1104	0.424277	-1.206987	2.729056	
1105	0.419697	-1.207676	2.732385	
1106	0.415927	-1.210989	2.738516	
1107	0.412496	-1.211993	2.740222	
1108	0.407904	-1.213310	2.744845	
1109	0.403979	-1.215839	2.749831	
1110	0.399784	-1.217196	2.752768	
1111	0.395720	-1.220194	2.757572	
1112	0.391264	-1.222799	2.761368	
1113	0.387141	-1.226546	2.765973	
1114	0.382008	-1.227663	2.767527	
1115	0.377711	-1.231773	2.772663	
1116	0.366103	-1.237215	2.781897	
1117	0.360964	-1.240171	2.784694	
1118	0.355697	-1.244277	2.790099	
1119	0.348911	-1.245395	2.792776	
1120	0.343369	-1.247060	2.793822	
1121	0.337636	-1.251852	2.802824	
1122	0.331344	-1.252441	2.804213	
1123	0.327620	-1.258630	2.811454	
1124	0.321658	-1.261638	2.818837	
1125	0.315089	-1.259973	2.817860	
1126	0.310830	-1.262425	2.821094	
1127	0.305617	-1.262924	2.824317	
1128	0.301742	-1.264902	2.827668	
1129	0.298136	-1.266846	2.830105	
1130	0.293655	-1.266288	2.830887	
1131	0.292118	-1.270821	2.835775	
1132	0.289215	-1.272074	2.837998	
1133	0.286675	-1.272996	2.838389	
1134	0.285863	-1.275314	2.838132	
1135	0.284753	-1.277806	2.840027	
1136	0.283410	-1.278948	2.839550	
1137	0.282382	-1.280468	2.840030	
1138	0.282297	-1.283101	2.840657	
1139	0.280673	-1.283094	2.841314	
1140	0.279859	-1.283298	2.839897	
1141	0.279762	-1.285388	2.841564	
1142	0.277681	-1.284256	2.841342	
1143	0.276799	-1.285354	2.843116	
1144	0.275351	-1.285394	2.842673	
1145	0.273281	-1.284910	2.844222	
1146	0.271645	-1.285047	2.846119	
1147	0.270035	-1.286300	2.851326	
1148	0.266882	-1.284971	2.852602	
1149	0.265257	-1.286493	2.856672	
1150	0.264362	-1.289115	2.860970	
1151	0.260675	-1.289159	2.866047	
1152	0.259914	-1.293262	2.871425	
1153	0.257769	-1.295379	2.874805	
1154	0.254506	-1.297275	2.879463	
1155	0.252658	-1.300312	2.882000	
1156	0.250176	-1.302959	2.884917	
1157	0.247735	-1.306003	2.887842	
1158	0.245694	-1.309543	2.890881	
1159	0.243303	-1.312562	2.894299	
1160	0.241258	-1.315776	2.896284	
1161	0.238776	-1.319328	2.899320	
1162	0.236162	-1.322318	2.902170	
1163	0.234789	-1.326919	2.903731	
1164	0.231704	-1.329325	2.907352	
1165	0.229465	-1.332501	2.907804	
1166	0.227960	-1.336571	2.910920	
1167	0.225491	-1.339068	2.913309	
1168	0.224308	-1.343045	2.915209	
1169	0.222829	-1.346466	2.918481	
1170	0.220836	-1.348849	2.921467	
1171	0.219767	-1.352269	2.924256	
1172	0.218533	-1.355405	2.927994	
1173	0.216362	-1.357503	2.930540	
1174	0.213933	-1.359694	2.932928	
1175	0.213023	-1.363367	2.935131	
1176	0.210076	-1.364615	2.940545	
1177	0.207563	-1.366332	2.942347	
1178	0.205816	-1.368721	2.947199	
1179	0.202682	-1.369975	2.951423	
1180	0.200369	-1.372031	2.955296	
1181	0.198288	-1.375061	2.959773	
1182	0.195799	-1.377774	2.964108	
1183	0.193077	-1.381050	2.969342	
1184	0.190358	-1.384769	2.974185	
1185	0.186500	-1.388193	2.978290	
1186	0.182605	-1.391880	2.982423	
1187	0.178890	-1.396702	2.987689	
1188	0.174091	-1.400484	2.993770	
1189	0.170259	-1.405027	2.998272	
1190	0.166399	-1.410069	3.002971	
1191	0.160716	-1.413594	3.008858	
1192	0.156100	-1.418178	3.013461	
1193	0.150373	-1.422934	3.019070	
1194	0.143662	-1.427074	3.025606	
1195	0.138799	-1.432887	3.031235	
1196	0.133602	-1.438285	3.037496	
1197	0.128530	-1.443051	3.043828	
1198	0.124093	-1.448126	3.050900	
1199	0.119459	-1.453138	3.057401	
1200	0.114912	-1.458267	3.063539	
1201	0.110365	-1.463315	3.069777	
1202	0.102893	-1.474377	3.085759	
1203	0.099168	-1.479629	3.092746	
1204	0.095744	-1.484648	3.100301	
1205	0.092729	-1.489810	3.107300	
1206	0.090704	-1.495328	3.115849	
1207	0.088101	-1.499714	3.124525	
1208	0.086734	-1.504719	3.132153	
1209	0.084991	-1.509455	3.140786	
1210	0.083182	-1.514320	3.149182	
1211	0.081234	-1.518756	3.154578	
1212	0.079137	-1.522789	3.162028	
1213	0.076151	-1.530261	3.173765	
1214	0.076081	-1.534400	3.180530	
1215	0.076160	-1.538214	3.184867	
1216	0.077302	-1.542557	3.190745	
1217	0.078847	-1.546444	3.196545	
1218	0.080861	-1.550017	3.203129	
1219	0.083832	-1.553653	3.208308	
1220	0.087025	-1.557180	3.214047	
1221	0.091266	-1.560672	3.220603	
1222	0.095589	-1.563510	3.226374	
1223	0.100845	-1.566741	3.232157	
1224	0.106509	-1.569109	3.239792	
1225	0.112939	-1.571534	3.246305	
1226	0.120221	-1.573960	3.253382	
1227	0.127352	-1.575897	3.261606	
1228	0.135328	-1.578008	3.269100	
1229	0.144235	-1.581379	3.275936	
1230	0.152602	-1.583898	3.285376	
1231	0.160971	-1.586861	3.292064	
1232	0.170051	-1.590639	3.299674	
1233	0.178262	-1.593902	3.306731	
1234	0.186342	-1.597776	3.312628	
1235	0.194812	-1.601672	3.319100	
1236	0.202456	-1.604753	3.324300	
1237	0.210462	-1.608408	3.328962	
1238	0.218206	-1.611430	3.334150	
1239	0.225945	-1.614700	3.340210	
1240	0.232919	-1.618800	3.345723	
1241	0.239061	-1.623116	3.350740	
1242	0.245820	-1.627418	3.357152	
1243	0.251187	-1.631412	3.361341	
1244	0.256998	-1.635173	3.366427	
1245	0.262069	-1.638767	3.371794	
1246	0.267591	-1.643365	3.375858	
1247	0.273629	-1.647367	3.382455	
1248	0.278806	-1.651793	3.387459	
1249	0.284916	-1.657347	3.392336	
1250	0.296486	-1.665245	3.400680	
1251	0.302485	-1.670244	3.405935	
1252	0.308846	-1.675634	3.411467	
1253	0.316206	-1.680974	3.417632	
1254	0.330233	-1.692641	3.430617	
1255	0.337331	-1.698512	3.437494	
1256	0.343540	-1.703950	3.443975	
1257	0.350510	-1.708902	3.450612	
1258	0.356761	-1.713213	3.457661	
1259	0.363178	-1.716645	3.464932	
1260	0.369663	-1.721503	3.469522	
1261	0.376712	-1.725856	3.474974	
1262	0.383009	-1.730064	3.480448	
1263	0.389636	-1.733807	3.485028	
1264	0.395842	-1.737062	3.489188	
1265	0.402838	-1.739605	3.494029	
1266	0.410509	-1.742117	3.498520	
1267	0.419599	-1.745373	3.501942	
1268	0.428768	-1.747832	3.506308	
1269	0.437545	-1.750198	3.510000	
1270	0.447317	-1.752564	3.513622	
1271	0.457344	-1.754309	3.517141	
1272	0.467477	-1.755851	3.520836	
1273	0.479540	-1.757880	3.523456	
1274	0.490999	-1.759337	3.526412	
1275	0.502474	-1.759882	3.529745	
1276	0.514742	-1.761878	3.531249	
1277	0.527411	-1.762531	3.534273	
1278	0.539966	-1.763276	3.536576	
1279	0.552120	-1.763098	3.539557	
1280	0.564962	-1.763534	3.541575	
1281	0.576883	-1.763943	3.543470	
1282	0.588914	-1.764148	3.545274	
1283	0.600371	-1.764975	3.545949	
1284	0.612799	-1.766519	3.546637	
1285	0.625445	-1.767520	3.548441	
1286	0.639108	-1.768744	3.550169	
1287	0.651406	-1.770195	3.551290	
1288	0.663117	-1.771477	3.552223	
1289	0.675755	-1.772141	3.553831	
1290	0.689666	-1.773600	3.554148	
1291	0.702092	-1.773874	3.555425	
1292	0.713740	-1.774737	3.555468	
1293	0.726583	-1.775837	3.556054	
1294	0.738725	-1.777134	3.556313	
1295	0.750551	-1.778112	3.557259	
1296	0.763502	-1.779668	3.557024	
1297	0.774620	-1.779830	3.558228	
1298	0.785632	-1.779909	3.559396	
1299	0.798981	-1.781817	3.559470	
1300	0.811156	-1.782753	3.560915	
1301	0.823455	-1.783952	3.562511	
1302	0.836778	-1.786103	3.563808	
1303	0.848462	-1.786648	3.567242	
1304	0.860456	-1.788640	3.569490	
1305	0.874976	-1.789423	3.573578	
1306	0.886329	-1.791137	3.576821	
1307	0.898898	-1.793538	3.580843	
1308	0.910364	-1.796076	3.585127	
1309	0.920900	-1.798005	3.590965	
1310	0.933180	-1.800846	3.596075	
1311	0.946352	-1.802848	3.602270	
1312	0.957013	-1.804790	3.608722	
1313	0.968830	-1.808888	3.612904	
1314	0.980466	-1.811622	3.618150	
1315	0.989444	-1.813704	3.623446	
1316	0.998662	-1.817155	3.627207	
1317	1.007218	-1.819512	3.631577	
1318	1.023866	-1.822296	3.641611	
1319	1.032207	-1.824588	3.645024	
1320	1.041699	-1.825503	3.649527	
1321	1.049763	-1.826799	3.653131	
1322	1.060228	-1.828713	3.655265	
1323	1.075241	-1.828139	3.658712	
1324	1.083800	-1.829461	3.660879	
1325	1.094488	-1.831249	3.662055	
1326	1.105142	-1.830977	3.664975	
1327	1.115380	-1.832131	3.665756	
1328	1.126203	-1.833885	3.665575	
1329	1.136962	-1.832854	3.666701	
1330	1.148459	-1.833455	3.666222	
1331	1.159714	-1.833192	3.665344	
1332	1.170897	-1.832617	3.664236	
1333	1.184344	-1.831279	3.663012	
1334	1.209017	-1.828964	3.658444	
1335	1.222143	-1.825783	3.658390	
1336	1.233411	-1.822327	3.658282	
1337	1.263764	-1.817368	3.655567	
1338	1.290423	-1.813320	3.650887	
1339	1.305501	-1.809287	3.648820	
1340	1.315459	-1.806350	3.647022	
1341	1.328479	-1.804618	3.642479	
1342	1.340372	-1.802650	3.638643	
1343	1.352672	-1.801719	3.634006	
1344	1.363195	-1.801806	3.628814	
1345	1.379391	-1.798052	3.624722	
1346	1.382763	-1.798676	3.621047	
1347	1.398806	-1.795802	3.616088	
1348	1.403753	-1.794839	3.613113	
1349	1.409669	-1.794887	3.608100	
1350	1.419878	-1.793354	3.603526	
1351	1.428720	-1.790570	3.600093	
1352	1.435278	-1.791542	3.594592	
1353	1.444995	-1.789752	3.589862	
1354	1.454580	-1.787331	3.585907	
1355	1.462727	-1.786898	3.580164	
1356	1.473937	-1.784291	3.575572	
1357	1.482921	-1.782032	3.571573	
1358	1.494346	-1.780818	3.565315	
1359	1.506711	-1.777396	3.561343	
1360	1.517005	-1.775271	3.557778	
1361	1.529167	-1.773338	3.553964	
1362	1.542480	-1.771187	3.549402	
1363	1.552815	-1.767483	3.548594	
1364	1.564288	-1.765862	3.545331	
1365	1.578249	-1.763581	3.541758	
1366	1.589466	-1.760590	3.539705	
1367	1.600685	-1.759665	3.535270	
1368	1.613343	-1.756356	3.531901	
1369	1.621656	-1.754524	3.529268	
1370	1.632831	-1.752166	3.525188	
1371	1.643434	-1.748373	3.523154	
1372	1.652551	-1.746208	3.520490	
1373	1.662316	-1.743704	3.517277	
1374	1.671380	-1.740404	3.513954	
1375	1.679313	-1.738093	3.510355	
1376	1.687337	-1.735679	3.506265	
1377	1.696308	-1.733096	3.500984	
1378	1.704467	-1.730177	3.496164	
1379	1.711907	-1.727815	3.490636	
1380	1.720964	-1.724302	3.484437	
1381	1.730830	-1.718429	3.479289	
1382	1.735797	-1.715439	3.474511	
1383	1.743361	-1.711425	3.468013	
1384	1.752728	-1.704841	3.461290	
1385	1.758324	-1.700988	3.454308	
1386	1.765578	-1.696111	3.446682	
1387	1.773513	-1.690563	3.437465	
1388	1.780294	-1.685864	3.428150	
1389	1.787226	-1.681117	3.418277	
1390	1.793158	-1.675210	3.411942	
1391	1.802184	-1.669931	3.401828	
1392	1.812293	-1.664812	3.391249	
1393	1.818856	-1.659274	3.384405	
1394	1.824672	-1.654667	3.377389	
1395	1.838514	-1.647166	3.363020	
1396	1.850624	-1.637290	3.348823	
1397	1.857939	-1.632497	3.340359	
1398	1.863916	-1.627865	3.333914	
1399	1.870386	-1.624911	3.324669	
1400	1.877200	-1.620775	3.317176	
1401	1.883516	-1.617103	3.309618	
1402	1.889577	-1.614632	3.300913	
1403	1.895515	-1.611407	3.292651	
1404	1.901074	-1.608443	3.283689	
1405	1.906660	-1.603738	3.277333	
1406	1.912773	-1.598772	3.271981	
1407	1.919104	-1.594673	3.263927	
1408	1.926126	-1.590016	3.255934	
1409	1.933239	-1.584040	3.250203	
1410	1.940625	-1.578513	3.242485	
1411	1.948897	-1.572661	3.233927	
1412	1.956467	-1.566939	3.226421	
1413	1.965382	-1.562232	3.216585	
1414	1.975698	-1.555096	3.209169	
1415	1.983793	-1.549341	3.203147	
1416	1.993273	-1.543774	3.196510	
1417	2.003656	-1.537471	3.190386	
1418	2.013567	-1.530514	3.186012	
1419	2.023000	-1.524890	3.179974	
1420	2.033497	-1.518988	3.173206	
1421	2.043463	-1.512732	3.167234	
1422	2.053565	-1.506886	3.160779	
1423	2.061466	-1.501499	3.155684	
1424	2.077262	-1.492245	3.142985	
1425	2.083248	-1.488067	3.138414	
1426	2.089381	-1.484715	3.132530	
1427	2.095610	-1.481686	3.126050	
1428	2.101780	-1.477791	3.119171	
1429	2.107537	-1.473078	3.113473	
1430	2.112397	-1.468675	3.109507	
1431	2.116647	-1.465102	3.104935	
1432	2.121464	-1.461932	3.096553	
1433	2.126793	-1.456954	3.090564	
1434	2.130584	-1.451910	3.086483	
1435	2.134573	-1.446707	3.081562	
1436	2.139230	-1.440896	3.076168	
1437	2.142026	-1.437915	3.067330	
1438	2.145362	-1.433858	3.059683	
1439	2.148272	-1.428722	3.054795	
1440	2.151268	-1.423486	3.048236	
1441	2.155098	-1.418285	3.039775	
1442	2.158239	-1.412922	3.032043	
1443	2.160510	-1.408484	3.024775	
1444	2.164758	-1.402508	3.014082	
1445	2.168195	-1.397837	3.002656	
1446	2.170638	-1.393690	2.995755	
1447	2.172956	-1.389882	2.984535	
1448	2.177106	-1.384364	2.971595	
1449	2.178920	-1.379581	2.967044	
1450	2.179496	-1.376513	2.959712	
1451	2.184678	-1.368095	2.948276	
1452	2.186652	-1.361818	2.940400	
1453	2.185169	-1.359469	2.931160	
1454	2.187016	-1.353149	2.920279	
1455	2.189453	-1.344893	2.911724	
1456	2.189777	-1.340082	2.905365	
1457	2.192132	-1.334301	2.894407	
1458	2.194012	-1.328145	2.885436	
1459	2.195740	-1.322038	2.877221	
1460	2.198208	-1.315064	2.871967	
1461	2.200119	-1.310297	2.860886	
1462	2.202703	-1.305342	2.850479	
1463	2.206103	-1.298485	2.845879	
1464	2.208149	-1.293956	2.834899	
1465	2.212325	-1.287457	2.825758	
1466	2.215414	-1.280917	2.820603	
1467	2.216787	-1.277539	2.808781	
1468	2.221138	-1.271863	2.797395	
1469	2.223991	-1.267745	2.786820	
1470	2.227015	-1.264706	2.775035	
1471	2.236314	-1.254142	2.759108	
1472	2.240429	-1.250938	2.750071	
1473	2.245782	-1.246459	2.743733	
1474	2.251122	-1.242763	2.732939	
1475	2.256780	-1.239398	2.724160	
1476	2.262594	-1.236042	2.714795	
1477	2.267976	-1.232440	2.704415	
1478	2.274585	-1.226118	2.694535	
1479	2.280609	-1.220594	2.687415	
1480	2.284985	-1.216374	2.677908	
1481	2.290586	-1.210250	2.669129	
1482	2.294479	-1.206200	2.661468	
1483	2.298238	-1.201878	2.654143	
1484	2.302266	-1.196549	2.644406	
1485	2.306054	-1.190478	2.639030	
1486	2.308808	-1.186410	2.630586	
1487	2.311744	-1.181615	2.622087	
1488	2.314975	-1.176226	2.616240	
1489	2.316319	-1.172719	2.607066	
1490	2.318636	-1.167446	2.597669	
1491	2.319530	-1.162724	2.589296	
1492	2.320525	-1.158221	2.579906	
1493	2.323019	-1.147211	2.562077	
1494	2.323190	-1.143422	2.551886	
1495	2.323669	-1.137463	2.542516	
1496	2.323977	-1.131044	2.536843	
1497	2.324007	-1.124959	2.528791	
1498	2.321887	-1.121841	2.514959	
1499	2.321870	-1.114090	2.507861	
1500	2.321090	-1.106925	2.501368	
1501	2.321038	-1.098359	2.492142	
1502	2.320949	-1.090236	2.484334	
1503	2.319682	-1.083713	2.474310	
1504	2.318661	-1.077613	2.462528	
1505	2.317488	-1.072721	2.450390	
1506	2.316086	-1.068539	2.437135	
1507	2.315557	-1.062786	2.425104	
1508	2.314534	-1.057550	2.414144	
1509	2.314352	-1.051223	2.403926	
1510	2.313216	-1.045758	2.392153	
1511	2.312465	-1.039557	2.381861	
1512	2.311625	-1.033729	2.372393	
1513	2.309339	-1.030259	2.361811	
1514	2.308976	-1.024172	2.353254	
1515	2.308056	-1.018813	2.345785	
1516	2.306041	-1.016231	2.336469	
1517	2.304201	-1.011667	2.328625	
1518	2.302244	-1.008316	2.321353	
1519	2.300770	-1.004564	2.314399	
1520	2.299810	-0.999393	2.308035	
1521	2.298820	-0.995706	2.301950	
1522	2.298384	-0.993010	2.296629	
1523	2.298685	-0.988720	2.291132	
1524	2.299152	-0.984870	2.286763	
1525	2.299227	-0.982602	2.279931	
1526	2.298652	-0.980544	2.271073	
1527	2.300019	-0.977145	2.264733	
1528	2.300507	-0.974649	2.256186	
1529	2.302012	-0.970744	2.248445	
1530	2.304676	-0.965694	2.240395	
1531	2.308077	-0.959723	2.232659	
1532	2.311960	-0.953804	2.223949	
1533	2.315605	-0.948101	2.214942	
1534	2.318318	-0.943651	2.204908	
1535	2.321637	-0.939078	2.194870	
1536	2.325984	-0.932445	2.185281	
1537	2.329292	-0.928339	2.175611	
1538	2.333025	-0.923613	2.165996	
1539	2.336648	-0.919358	2.156787	
1540	2.340453	-0.915164	2.148221	
1541	2.344158	-0.910369	2.138535	
1542	2.348954	-0.905025	2.131192	
1543	2.352403	-0.901293	2.123331	
1544	2.355518	-0.898837	2.114180	
1545	2.359897	-0.893054	2.107493	
1546	2.363177	-0.888594	2.100349	
1547	2.366335	-0.884852	2.091817	
1548	2.369709	-0.879568	2.084253	
1549	2.372626	-0.874393	2.076374	
1550	2.375905	-0.869227	2.068218	
1551	2.379073	-0.863223	2.060004	
1552	2.381227	-0.858557	2.051705	
1553	2.382929	-0.854709	2.042899	
1554	2.385015	-0.848835	2.034704	
1555	2.385948	-0.844041	2.025238	
1556	2.387491	-0.838583	2.017161	
1557	2.388299	-0.833684	2.008682	
1558	2.388886	-0.829639	1.999997	
1559	2.389566	-0.823963	1.991363	
1560	2.390724	-0.817590	1.982420	
1561	2.391671	-0.811148	1.973964	
1562	2.391996	-0.805058	1.963309	
1563	2.391928	-0.799253	1.953526	
1564	2.392795	-0.785422	1.932818	
1565	2.393648	-0.778573	1.923546	
1566	2.394895	-0.772183	1.913800	
1567	2.396717	-0.764390	1.903272	
1568	2.399636	-0.757262	1.893977	
1569	2.402211	-0.749978	1.883430	
1570	2.405098	-0.743265	1.875203	
1571	2.408054	-0.738031	1.867089	
1572	2.409958	-0.733347	1.856477	
1573	2.411695	-0.729018	1.848149	
1574	2.413064	-0.725741	1.839296	
1575	2.416029	-0.720400	1.831730	
1576	2.417252	-0.718295	1.822375	
1577	2.419811	-0.714972	1.814176	
1578	2.422440	-0.711812	1.806953	
1579	2.427357	-0.705716	1.789094	
1580	2.429878	-0.702292	1.780199	
1581	2.431698	-0.699980	1.771188	
1582	2.435043	-0.696985	1.762473	
1583	2.439394	-0.692228	1.753632	
1584	2.443194	-0.688407	1.744059	
1585	2.446808	-0.685086	1.734125	
1586	2.451512	-0.679789	1.725335	
1587	2.455303	-0.675574	1.714730	
1588	2.459797	-0.671489	1.705178	
1589	2.465411	-0.665598	1.696697	
1590	2.470145	-0.661366	1.686483	
1591	2.474261	-0.658682	1.676344	
1592	2.478817	-0.653934	1.665750	
1593	2.483754	-0.651149	1.657504	
1594	2.487939	-0.645994	1.647092	
1595	2.493968	-0.640090	1.638258	
1596	2.498681	-0.633214	1.629491	
1597	2.503376	-0.628090	1.619479	
1598	2.508579	-0.620974	1.611792	
1599	2.512392	-0.614831	1.602966	
1600	2.516919	-0.609049	1.595825	
1601	2.520541	-0.603022	1.588186	
1602	2.523431	-0.596554	1.580327	
1603	2.526640	-0.590732	1.573551	
1604	2.528709	-0.584548	1.566963	
1605	2.531344	-0.578882	1.562136	
1606	2.533706	-0.571661	1.556829	
1607	2.534082	-0.566570	1.550284	
1608	2.535334	-0.561300	1.544851	
1609	2.535939	-0.556231	1.538734	
1610	2.535676	-0.550893	1.532117	
1611	2.535662	-0.546132	1.526148	
1612	2.534595	-0.541760	1.519185	
1613	2.532921	-0.536553	1.512311	
1614	2.529143	-0.525467	1.496071	
1615	2.526340	-0.519033	1.486967	
1616	2.523367	-0.514443	1.478972	
1617	2.520552	-0.508947	1.470344	
1618	2.517274	-0.503442	1.461645	
1619	2.513464	-0.497123	1.453081	
1620	2.509466	-0.491049	1.444137	
1621	2.506417	-0.484601	1.436358	
1622	2.502371	-0.479235	1.428481	
1623	2.497943	-0.474788	1.420591	
1624	2.493720	-0.470300	1.412183	
1625	2.489538	-0.465586	1.404374	
1626	2.484107	-0.461863	1.395531	
1627	2.479377	-0.459401	1.388441	
1628	2.474007	-0.456763	1.381026	
1629	2.468557	-0.455027	1.373458	
1630	2.464002	-0.451468	1.366935	
1631	2.460393	-0.448400	1.360744	
1632	2.455561	-0.446109	1.351975	
1633	2.452128	-0.443377	1.344086	
1634	2.448376	-0.440794	1.335395	
1635	2.445490	-0.439060	1.328812	
1636	2.442077	-0.437178	1.322406	
1637	2.438372	-0.434156	1.316245	
1638	2.434131	-0.433161	1.309422	
1639	2.430668	-0.429820	1.304286	
1640	2.427767	-0.428092	1.300745	
1641	2.421863	-0.427164	1.294265	
1642	2.418093	-0.424063	1.289863	
1643	2.414795	-0.422228	1.286263	
1644	2.409961	-0.421379	1.282290	
1645	2.406498	-0.419420	1.279647	
1646	2.402461	-0.418743	1.277391	
1647	2.397261	-0.417501	1.273900	
1648	2.394441	-0.414026	1.273044	
1649	2.391372	-0.411130	1.272916	
1650	2.386762	-0.409700	1.271032	
1651	2.382083	-0.407333	1.268688	
1652	2.376065	-0.404921	1.265137	
1653	2.371782	-0.402815	1.263495	
1654	2.367760	-0.400660	1.262248	
1655	2.362085	-0.398552	1.260285	
1656	2.356607	-0.396353	1.258531	
1657	2.350631	-0.392815	1.256622	
1658	2.343827	-0.391748	1.254910	
1659	2.336616	-0.389560	1.252504	
1660	2.329691	-0.388086	1.250807	
1661	2.320882	-0.386450	1.247838	
1662	2.312546	-0.385040	1.245407	
1663	2.304105	-0.383678	1.243248	
1664	2.293702	-0.382689	1.240000	
1665	2.284236	-0.381809	1.237130	
1666	2.276308	-0.380713	1.235501	
1667	2.266598	-0.380767	1.232693	
1668	2.255700	-0.380757	1.228270	
1669	2.246887	-0.380750	1.225557	
1670	2.237406	-0.380287	1.223393	
1671	2.225883	-0.378331	1.219794	
1672	2.215159	-0.378084	1.217326	
1673	2.204470	-0.378411	1.216084	
1674	2.191773	-0.377973	1.214132	
1675	2.179783	-0.375769	1.211783	
1676	2.169062	-0.375368	1.210775	
1677	2.157367	-0.374394	1.209519	
1678	2.145969	-0.371930	1.207854	
1679	2.136618	-0.371003	1.208265	
1680	2.126748	-0.370272	1.208516	
1681	2.117671	-0.368444	1.208319	
1682	2.108455	-0.367735	1.207881	
1683	2.099885	-0.365990	1.207293	
1684	2.092262	-0.363392	1.206962	
1685	2.084148	-0.362797	1.206202	
1686	2.076719	-0.361290	1.204710	
1687	2.070512	-0.359302	1.203938	
1688	2.056455	-0.356788	1.201958	
1689	2.050123	-0.355225	1.201385	
1690	2.043773	-0.353739	1.200169	
1691	2.037577	-0.351185	1.198773	
1692	2.030951	-0.348292	1.196987	
1693	2.025241	-0.344070	1.195337	
1694	2.018244	-0.340273	1.192875	
1695	2.011693	-0.335937	1.190405	
1696	2.005438	-0.332197	1.187475	
1697	1.999606	-0.327119	1.184620	
1698	1.993828	-0.322696	1.181055	
1699	1.988453	-0.318488	1.177504	
1700	1.983081	-0.313905	1.173920	
1701	1.977722	-0.309430	1.169940	
1702	1.972205	-0.305070	1.165974	
1703	1.967145	-0.300681	1.162014	
1704	1.961815	-0.296665	1.157172	
1705	1.956403	-0.292774	1.152191	
1706	1.952154	-0.288747	1.147845	
1707	1.946973	-0.285790	1.142842	
1708	1.941443	-0.281541	1.137898	
1709	1.936705	-0.278409	1.133636	
1710	1.930846	-0.275505	1.129384	
1711	1.924652	-0.270995	1.124788	
1712	1.919696	-0.267630	1.121414	
1713	1.913556	-0.265369	1.117458	
1714	1.906307	-0.261164	1.112871	
1715	1.899579	-0.258392	1.108658	
1716	1.892300	-0.255945	1.104239	
1717	1.884704	-0.252579	1.099778	
1718	1.877178	-0.249775	1.095292	
1719	1.868481	-0.246832	1.090427	
1720	1.860150	-0.243273	1.085971	
1721	1.851730	-0.240711	1.081629	
1722	1.842751	-0.238022	1.077532	
1723	1.832838	-0.235057	1.073063	
1724	1.823472	-0.232471	1.069037	
1725	1.812295	-0.230503	1.064627	
1726	1.802088	-0.227106	1.060864	
1727	1.793652	-0.225163	1.057783	
1728	1.784001	-0.222749	1.054554	
1729	1.766863	-0.218243	1.049299	
1730	1.758646	-0.216735	1.047505	
1731	1.749758	-0.214805	1.045204	
1732	1.742253	-0.213257	1.043511	
1733	1.734924	-0.212212	1.042308	
1734	1.727705	-0.211106	1.041051	
1735	1.721381	-0.208796	1.039646	
1736	1.715150	-0.207668	1.038480	
1737	1.708750	-0.207950	1.036877	
1738	1.702703	-0.206499	1.034889	
1739	1.697298	-0.205842	1.033433	
1740	1.691972	-0.205421	1.032501	
1741	1.686435	-0.204319	1.031532	
1742	1.681880	-0.203013	1.030645	
1743	1.676754	-0.201648	1.029336	
1744	1.672396	-0.200174	1.028149	
1745	1.667072	-0.199347	1.026081	
1746	1.662189	-0.198496	1.023792	
1747	1.656343	-0.196726	1.020962	
1748	1.651554	-0.196648	1.018419	
1749	1.645988	-0.195500	1.015192	
1750	1.640319	-0.192666	1.011586	
1751	1.635725	-0.191028	1.008556	
1752	1.630260	-0.189104	1.004908	
1753	1.624235	-0.185848	1.000799	
1754	1.618193	-0.182050	0.996398	
1755	1.612254	-0.179839	0.991457	
1756	1.606276	-0.174738	0.986480	
1757	1.600560	-0.170964	0.981094	
1758	1.588050	-0.163597	0.969402	
1759	1.581568	-0.159966	0.963193	
1760	1.575862	-0.156384	0.957151	
1761	1.569478	-0.152234	0.950585	
1762	1.564139	-0.148777	0.944406	
1763	1.558177	-0.145565	0.938200	
1764	1.552530	-0.140394	0.932040	
1765	1.547742	-0.136543	0.926272	
1766	1.534875	-0.129093	0.914142	
1767	1.529604	-0.126223	0.908403	
1768	1.524280	-0.121272	0.903032	
1769	1.518672	-0.116871	0.897610	
1770	1.513744	-0.114235	0.892178	
1771	1.509611	-0.110530	0.887449	
1772	1.505711	-0.106925	0.882977	
1773	1.500832	-0.103843	0.878450	
1774	1.496200	-0.102058	0.874013	
1775	1.491718	-0.101306	0.870148	
1776	1.481001	-0.104632	0.860361	
1777	1.475310	-0.105864	0.855337	
1778	1.468903	-0.108315	0.850291	
1779	1.462315	-0.112118	0.844559	
1780	1.454442	-0.114735	0.838959	
1781	1.439502	-0.121816	0.827679	
1782	1.431740	-0.123426	0.822654	
1783	1.424039	-0.124993	0.818159	
1784	1.416790	-0.125288	0.814127	
1785	1.409269	-0.125754	0.810373	
1786	1.401577	-0.127054	0.806244	
1787	1.395007	-0.128253	0.802539	
1788	1.387689	-0.127975	0.798834	
1789	1.374443	-0.127844	0.792907	
1790	1.367805	-0.128703	0.789946	
1791	1.361159	-0.128770	0.787127	
1792	1.355406	-0.128530	0.784601	
1793	1.349192	-0.129537	0.781137	
1794	1.342252	-0.128490	0.778104	
1795	1.337663	-0.128782	0.775208	
1796	1.331758	-0.129034	0.772279	
1797	1.325265	-0.128040	0.769596	
1798	1.319390	-0.127060	0.766764	
1799	1.314218	-0.126723	0.764069	
1800	1.309180	-0.124479	0.761734	
1801	1.304379	-0.123102	0.758176	
1802	1.299680	-0.121680	0.754904	
1803	1.293376	-0.120663	0.751321	
1804	1.290284	-0.119949	0.748277	
1805	1.285876	-0.117080	0.746271	
1806	1.282104	-0.115181	0.744566	
1807	1.277956	-0.114513	0.741689	
1808	1.273502	-0.111752	0.739239	
1809	1.269991	-0.109023	0.736945	
1810	1.265488	-0.107519	0.733321	
1811	1.261172	-0.103908	0.729906	
1812	1.258475	-0.099475	0.726942	
1813	1.254198	-0.096434	0.721794	
1814	1.249174	-0.092981	0.716374	
1815	1.245532	-0.087124	0.711854	
1816	1.242773	-0.084396	0.705729	
1817	1.238886	-0.080861	0.699499	
1818	1.235805	-0.075821	0.694505	
1819	1.233641	-0.073723	0.688286	
1820	1.231126	-0.070020	0.682629	
1821	1.226105	-0.065252	0.677946	
1822	1.224188	-0.063188	0.672348	
1823	1.219877	-0.058736	0.667629	
1824	1.216359	-0.056796	0.662436	
1825	1.213182	-0.056116	0.656636	
1826	1.208332	-0.053696	0.651872	
1827	1.205461	-0.051652	0.647065	
1828	1.200736	-0.050450	0.641859	
1829	1.195509	-0.047588	0.638240	
1830	1.190594	-0.047756	0.633438	
1831	1.185492	-0.047348	0.628635	
1832	1.178461	-0.046538	0.624530	
1833	1.171087	-0.044991	0.620689	
1834	1.164501	-0.045483	0.615718	
1835	1.156138	-0.045026	0.611304	
1836	1.147790	-0.044310	0.607345	
1837	1.141616	-0.045271	0.602875	
1838	1.132664	-0.046403	0.598703	
1839	1.123418	-0.048208	0.595049	
1840	1.115906	-0.051432	0.591653	
1841	1.106658	-0.056669	0.587929	
1842	1.095878	-0.060217	0.585338	
1843	1.087316	-0.063957	0.583922	
1844	1.076698	-0.066075	0.583517	
1845	1.064801	-0.068669	0.583662	
1846	1.054620	-0.073140	0.583227	
1847	1.043923	-0.076849	0.583377	
1848	1.033160	-0.079035	0.584361	
1849	1.023955	-0.082214	0.585227	
1850	1.013388	-0.085439	0.586322	
1851	1.002197	-0.088685	0.587932	
1852	0.992610	-0.092108	0.589110	
1853	0.982580	-0.094828	0.590447	
1854	0.973176	-0.098854	0.591267	
1855	0.964781	-0.103687	0.591619	
1856	0.955848	-0.105945	0.593571	
1857	0.947166	-0.108267	0.595439	
1858	0.939699	-0.110367	0.597198	
1859	0.930960	-0.113828	0.598781	
1860	0.922551	-0.116209	0.600691	
1861	0.916214	-0.118577	0.602672	
1862	0.907728	-0.118863	0.606006	
1863	0.901396	-0.121426	0.608105	
1864	0.894339	-0.123038	0.610506	
1865	0.886661	-0.124309	0.613487	
1866	0.879745	-0.126379	0.616343	
1867	0.872599	-0.128482	0.618945	
1868	0.865378	-0.127614	0.622726	
1869	0.860389	-0.128590	0.626318	
1870	0.855246	-0.133317	0.627851	
1871	0.848042	-0.134453	0.630390	
1872	0.839635	-0.134984	0.634366	
1873	0.834892	-0.140188	0.635612	
1874	0.829370	-0.142175	0.637172	
1875	0.821483	-0.143547	0.640436	
1876	0.817075	-0.147396	0.642154	
1877	0.812257	-0.148871	0.644283	
1878	0.805066	-0.149791	0.647576	
1879	0.800587	-0.151671	0.649838	
1880	0.795855	-0.153867	0.652096	
1881	0.790134	-0.154790	0.655251	
1882	0.784908	-0.155688	0.658626	
1883	0.781325	-0.157098	0.661764	
1884	0.772885	-0.157997	0.668910	
1885	0.767965	-0.158756	0.672216	
1886	0.762631	-0.157804	0.676707	
1887	0.758020	-0.158393	0.680552	
1888	0.754103	-0.159183	0.683927	
1889	0.749430	-0.158367	0.688437	
1890	0.747275	-0.157322	0.693398	
1891	0.744106	-0.158231	0.698069	
1892	0.740353	-0.157839	0.703760	
1893	0.737431	-0.157010	0.710203	
1894	0.733879	-0.156994	0.717401	
1895	0.730721	-0.155768	0.725556	
1896	0.729701	-0.156154	0.733675	
1897	0.726462	-0.156973	0.741797	
1898	0.723992	-0.155654	0.750576	
1899	0.721813	-0.155126	0.759031	
1900	0.719525	-0.156534	0.766613	
1901	0.716599	-0.156884	0.774104	
1902	0.713509	-0.157418	0.781594	
1903	0.710217	-0.158928	0.788959	
1904	0.707157	-0.161013	0.796314	
1905	0.703976	-0.161998	0.804609	
1906	0.700748	-0.164786	0.812442	
1907	0.697459	-0.168911	0.819564	
1908	0.693936	-0.170909	0.828014	
1909	0.691396	-0.174946	0.835689	
1910	0.688928	-0.179722	0.842526	
1911	0.686318	-0.180665	0.851614	
1912	0.683416	-0.184743	0.859212	
1913	0.680100	-0.188425	0.865501	
1914	0.678453	-0.190023	0.874184	
1915	0.677785	-0.193512	0.881555	
1916	0.676303	-0.196764	0.888112	
1917	0.675031	-0.198256	0.895546	
1918	0.674892	-0.200873	0.902616	
1919	0.674306	-0.203942	0.908272	
1920	0.674047	-0.205742	0.914759	
1921	0.674203	-0.208183	0.920777	
1922	0.675201	-0.211169	0.926219	
1923	0.676733	-0.213372	0.932340	
1924	0.678002	-0.216463	0.937990	
1925	0.679082	-0.219613	0.942880	
1926	0.679727	-0.222116	0.947789	
1927	0.680677	-0.224010	0.953223	
1928	0.682442	-0.226233	0.958701	
1929	0.683039	-0.229218	0.963570	
1930	0.684157	-0.230071	0.970065	
1931	0.684397	-0.232912	0.975429	
1932	0.685379	-0.234227	0.980826	
1933	0.687649	-0.235555	0.987246	
1934	0.688783	-0.238139	0.991899	
1935	0.689672	-0.238825	0.996492	
1936	0.690875	-0.238939	1.002177	
1937	0.691494	-0.240028	1.006600	
1938	0.693330	-0.239527	1.017208	
1939	0.693769	-0.239584	1.021455	
1940	0.694434	-0.238855	1.025723	
1941	0.695113	-0.235821	1.036358	
1942	0.694959	-0.233716	1.041097	
1943	0.695186	-0.231118	1.046992	
1944	0.696303	-0.229088	1.052454	
1945	0.696122	-0.226491	1.058241	
1946	0.696260	-0.223695	1.064230	
1947	0.696277	-0.221509	1.069988	
1948	0.693787	-0.213281	1.088258	
1949	0.693906	-0.210990	1.095130	
1950	0.693870	-0.209477	1.102036	
1951	0.693229	-0.207621	1.116317	
1952	0.692291	-0.206793	1.123464	
1953	0.691402	-0.205987	1.130533	
1954	0.690459	-0.205820	1.137014	
1955	0.689172	-0.206392	1.143202	
1956	0.690086	-0.205893	1.149811	
1957	0.688991	-0.207139	1.160707	
1958	0.689280	-0.207191	1.166358	
1959	0.689404	-0.207661	1.171467	
1960	0.689849	-0.207436	1.177097	
1961	0.690755	-0.207183	1.182835	
1962	0.690561	-0.207643	1.187850	
1963	0.690662	-0.208039	1.192757	
1964	0.691976	-0.207665	1.198000	
1965	0.692797	-0.207670	1.202944	
1966	0.692790	-0.208334	1.207259	
1967	0.693317	-0.208289	1.211814	
1968	0.693097	-0.207905	1.215771	
1969	0.692897	-0.207825	1.219337	
1970	0.693240	-0.206388	1.223660	
1971	0.694242	-0.204603	1.227413	
1972	0.694329	-0.203703	1.230402	
1973	0.694341	-0.202033	1.233572	
1974	0.695822	-0.201120	1.236640	
1975	0.695749	-0.200021	1.238839	
1976	0.694554	-0.198764	1.240932	
1977	0.694372	-0.198264	1.242559	
1978	0.694658	-0.197319	1.244802	
1979	0.694299	-0.196772	1.246333	
1980	0.693108	-0.195930	1.247726	
1981	0.691961	-0.194664	1.249505	
1982	0.690923	-0.193977	1.251151	
1983	0.686584	-0.193096	1.253678	
1984	0.684735	-0.191118	1.255705	
1985	0.682459	-0.188551	1.257373	
1986	0.679394	-0.185644	1.258980	
1987	0.676416	-0.183312	1.260080	
1988	0.672964	-0.180257	1.261229	
1989	0.669762	-0.177917	1.262368	
1990	0.666204	-0.176588	1.262991	
1991	0.662516	-0.174440	1.263828	
1992	0.659947	-0.173172	1.264959	
1993	0.656364	-0.172453	1.265563	
1994	0.652220	-0.170773	1.266439	
1995	0.648497	-0.169587	1.267255	
1996	0.644137	-0.168151	1.268019	
1997	0.639473	-0.166958	1.268865	
1998	0.635076	-0.165992	1.269899	
1999	0.630093	-0.165253	1.270327	
2000	0.625410	-0.164347	1.271078	
2001	0.620429	-0.164689	1.270992	
2002	0.615404	-0.164297	1.270943	
2003	0.610924	-0.163824	1.271375	
2004	0.606789	-0.164495	1.271378	
2005	0.602206	-0.164711	1.271452	
2006	0.597684	-0.164698	1.271632	
2007	0.593794	-0.165239	1.271565	
2008	0.589406	-0.165424	1.271308	
2009	0.584743	-0.165220	1.270771	
2010	0.580536	-0.164503	1.270243	
2011	0.575919	-0.163047	1.269878	
2012	0.571480	-0.161741	1.269650	
2013	0.566759	-0.161878	1.268342	
2014	0.562239	-0.160170	1.267546	
2015	0.557915	-0.158727	1.266957	
2016	0.553953	-0.157519	1.265913	
2017	0.550342	-0.154739	1.265731	
2018	0.546008	-0.155329	1.263976	
2019	0.542757	-0.153390	1.263157	
2020	0.539333	-0.153765	1.262607	
2021	0.536261	-0.152745	1.261556	
2022	0.533234	-0.152037	1.260744	
2023	0.527446	-0.151615	1.258713	
2024	0.524811	-0.152113	1.257924	
2025	0.522452	-0.151875	1.257607	
2026	0.519545	-0.152174	1.256309	
2027	0.517266	-0.150312	1.256349	
2028	0.514389	-0.150398	1.255215	
2029	0.511378	-0.148871	1.253829	
2030	0.508551	-0.148556	1.253058	
2031	0.504736	-0.147872	1.251268	
2032	0.501047	-0.146722	1.249754	
2033	0.497363	-0.146313	1.248227	
2034	0.493495	-0.145499	1.246606	
2035	0.489833	-0.144859	1.245092	
2036	0.485667	-0.143806	1.242975	
2037	0.481752	-0.143271	1.241184	
2038	0.476943	-0.142608	1.238285	
2039	0.472360	-0.142286	1.235980	
2040	0.468065	-0.141566	1.233462	
2041	0.464483	-0.141008	1.231276	
2042	0.461219	-0.140519	1.229397	
2043	0.457891	-0.139464	1.227360	
2044	0.450930	-0.137581	1.221360	
2045	0.446107	-0.134892	1.216979	
2046	0.443483	-0.133856	1.214329	
2047	0.440623	-0.132309	1.211555	
2048	0.437133	-0.131189	1.207821	
2049	0.433678	-0.128284	1.204381	
2050	0.430279	-0.127493	1.200963	
2051	0.427162	-0.125989	1.197998	
2052	0.424469	-0.124040	1.195808	
2053	0.420906	-0.123102	1.192183	
2054	0.418304	-0.120975	1.189945	
2055	0.415098	-0.119437	1.186953	
2056	0.411330	-0.117937	1.183528	
2057	0.405502	-0.114255	1.178164	
2058	0.402483	-0.113129	1.175244	
2059	0.399820	-0.111112	1.172930	
2060	0.396558	-0.109454	1.169793	
2061	0.393487	-0.107091	1.167044	
2062	0.388033	-0.102948	1.162138	
2063	0.385188	-0.100367	1.159368	
2064	0.380761	-0.094715	1.154972	
2065	0.378645	-0.092593	1.152925	
2066	0.376659	-0.090779	1.150563	
2067	0.374983	-0.088357	1.148946	
2068	0.372784	-0.087501	1.146242	
2069	0.370631	-0.086138	1.143639	
2070	0.366982	-0.084934	1.139521	
2071	0.364771	-0.084539	1.136913	
2072	0.362996	-0.083519	1.134504	
2073	0.360665	-0.084054	1.131271	
2074	0.358596	-0.084091	1.128092	
2075	0.357525	-0.082915	1.125549	
2076	0.355567	-0.083216	1.121672	
2077	0.354249	-0.081564	1.118100	
2078	0.353599	-0.080762	1.114779	
2079	0.352401	-0.080988	1.110703	
2080	0.351898	-0.079895	1.106803	
2081	0.351128	-0.078074	1.102915	
2082	0.350176	-0.077411	1.098349	
2083	0.350074	-0.075931	1.093967	
2084	0.349806	-0.074417	1.088998	
2085	0.349320	-0.072821	1.083632	
2086	0.349701	-0.071084	1.078778	
2087	0.349949	-0.071275	1.073589	
2088	0.350445	-0.070179	1.067729	
2089	0.351095	-0.068783	1.061800	
2090	0.352228	-0.068477	1.055996	
2091	0.353314	-0.066709	1.050475	
2092	0.354424	-0.063330	1.046056	
2093	0.355947	-0.062746	1.039369	
2094	0.356228	-0.059562	1.034203	
2095	0.357606	-0.057506	1.028389	
2096	0.357971	-0.056609	1.020838	
2097	0.358245	-0.052879	1.014775	
2098	0.359355	-0.051503	1.007195	
2099	0.358995	-0.049566	0.999352	
2100	0.359467	-0.047008	0.992050	
2101	0.359425	-0.046652	0.983776	
2102	0.358863	-0.044950	0.976076	
2103	0.358500	-0.042661	0.969234	
2104	0.358028	-0.041851	0.962448	
2105	0.356615	-0.041865	0.955514	
2106	0.355090	-0.041470	0.948907	
2107	0.353515	-0.041395	0.942927	
2108	0.350997	-0.042404	0.936875	
2109	0.348840	-0.042341	0.932216	
2110	0.345813	-0.043218	0.926631	
2111	0.342931	-0.042637	0.921564	
2112	0.340242	-0.041992	0.916911	
2113	0.336484	-0.042963	0.911453	
2114	0.333344	-0.041836	0.906992	
2115	0.329984	-0.040312	0.902743	
2116	0.327602	-0.040833	0.898871	
2117	0.324245	-0.039407	0.894573	
2118	0.321267	-0.037424	0.890572	
2119	0.317620	-0.037331	0.885443	
2120	0.314569	-0.036089	0.880753	
2121	0.312515	-0.033991	0.876832	
2122	0.308126	-0.036482	0.864783	
2123	0.306695	-0.034186	0.859749	
2124	0.303195	-0.036954	0.845420	
2125	0.301968	-0.034656	0.839585	
2126	0.301066	-0.037136	0.831475	
2127	0.300621	-0.036170	0.824631	
2128	0.299901	-0.034036	0.818526	
2129	0.300167	-0.035607	0.810475	
2130	0.299173	-0.037457	0.801773	
2131	0.297586	-0.035893	0.794769	
2132	0.298560	-0.035759	0.787174	
2133	0.299120	-0.035864	0.772858	
2134	0.300261	-0.037542	0.758008	
2135	0.299823	-0.036259	0.752007	
2136	0.300661	-0.035544	0.746067	
2137	0.300514	-0.037179	0.739417	
2138	0.301191	-0.036571	0.734109	
2139	0.301952	-0.035000	0.728599	
2140	0.302032	-0.035451	0.722351	
2141	0.302648	-0.035419	0.716088	
2142	0.304509	-0.034237	0.710139	
2143	0.305774	-0.031933	0.704771	
2144	0.307840	-0.032073	0.698665	
2145	0.308918	-0.031034	0.692683	
2146	0.310793	-0.028104	0.686987	
2147	0.312670	-0.028153	0.680739	
2148	0.315543	-0.027242	0.674449	
2149	0.322207	-0.020544	0.664279	
2150	0.326002	-0.021812	0.657521	
2151	0.328030	-0.018866	0.651402	
2152	0.334971	-0.015875	0.636963	
2153	0.337137	-0.014324	0.628907	
2154	0.338991	-0.011081	0.621918	
2155	0.341294	-0.008803	0.613715	
2156	0.343063	-0.008527	0.604577	
2157	0.344547	-0.006170	0.596083	
2158	0.345487	-0.003169	0.587123	
2159	0.347385	-0.002706	0.575675	
2160	0.349154	-0.000896	0.565493	
2161	0.354929	0.003455	0.544450	
2162	0.356126	0.005294	0.534133	
2163	0.356458	0.008658	0.524192	
2164	0.357111	0.011806	0.512810	
2165	0.357888	0.012779	0.500016	
2166	0.358001	0.014845	0.489613	
2167	0.358708	0.019324	0.479618	
2168	0.358890	0.019544	0.467173	
2169	0.358319	0.021098	0.454592	
2170	0.358202	0.021922	0.444607	
2171	0.356651	0.024197	0.434178	
2172	0.357188	0.025290	0.423461	
2173	0.357706	0.027645	0.414664	
2174	0.357112	0.030962	0.406530	
2175	0.356350	0.031957	0.397355	
2176	0.355512	0.032864	0.388731	
2177	0.355383	0.035679	0.382248	
2178	0.355148	0.037853	0.375247	
2179	0.355416	0.036861	0.367205	
2180	0.352479	0.041052	0.355253	
2181	0.350211	0.041934	0.348988	
2182	0.345834	0.042956	0.343093	
2183	0.336031	0.044238	0.337208	
2184	0.333632	0.045898	0.331229	
2185	0.329847	0.046736	0.324804	
2186	0.324241	0.049467	0.320214	
2187	0.318552	0.050907	0.314898	
2188	0.311601	0.051856	0.308610	
2189	0.304387	0.054357	0.303372	
2190	0.295067	0.056146	0.298233	
2191	0.286784	0.056965	0.291480	
2192	0.278462	0.057649	0.283889	
2193	0.269102	0.060563	0.278285	
2194	0.259719	0.062524	0.272438	
2195	0.250563	0.063278	0.265615	
2196	0.240969	0.063968	0.258639	
2197	0.232271	0.065751	0.252683	
2198	0.224449	0.066913	0.246174	
2199	0.216173	0.066726	0.239068	
2200	0.208251	0.067284	0.233150	
2201	0.201678	0.068559	0.227204	
2202	0.195020	0.069927	0.220911	
2203	0.186018	0.069202	0.214699	
2204	0.178311	0.069761	0.209737	
2205	0.171044	0.071104	0.204679	
2206	0.162859	0.072033	0.199239	
2207	0.155904	0.072510	0.193644	
2208	0.148596	0.072148	0.187711	
2209	0.142025	0.073084	0.181967	
2210	0.135055	0.073085	0.175806	
2211	0.127865	0.072337	0.169986	
2212	0.120786	0.072668	0.164829	
2213	0.113241	0.071963	0.159165	
2214	0.094677	0.074348	0.149180	
2215	0.087405	0.073836	0.142912	
2216	0.078857	0.074893	0.136921	
2217	0.071211	0.075908	0.130979	
2218	0.063138	0.075740	0.123684	
2219	0.053866	0.074846	0.116913	
2220	0.046700	0.076977	0.110502	
2221	0.039207	0.076742	0.102670	
2222	0.029799	0.077689	0.095073	
2223	0.021171	0.081234	0.088934	
2224	0.013258	0.084000	0.081340	
2225	0.002749	0.085691	0.073407	
2226	-0.005082	0.088065	0.067079	
2227	-0.013441	0.092707	0.060770	
2228	-0.023401	0.095142	0.053727	
2229	-0.032260	0.097784	0.047697	
2230	-0.039255	0.103135	0.042378	
2231	-0.047919	0.105913	0.035861	
2232	-0.057079	0.109753	0.030223	
2233	-0.065185	0.114666	0.025044	
2234	-0.072969	0.120099	0.019645	
2235	-0.090357	0.130366	0.009801	
2236	-0.096012	0.138085	0.006159	
2237	-0.104876	0.140952	-0.000085	
2238	-0.112975	0.144066	-0.004287	
2239	-0.118550	0.148103	-0.007494	
2240	-0.124714	0.150039	-0.011006	
2241	-0.131303	0.150908	-0.014801	
2242	-0.136993	0.152596	-0.017943	
2243	-0.142999	0.152505	-0.021693	
2244	-0.149679	0.152442	-0.024668	
2245	-0.155119	0.153017	-0.027436	
2246	-0.164856	0.152854	-0.030867	
2247	-0.173474	0.152442	-0.033792	
2248	-0.178627	0.154566	-0.035425	
2249	-0.184885	0.155934	-0.038094	
2250	-0.193596	0.156700	-0.040853	
2251	-0.200838	0.158913	-0.042427	
2252	-0.208854	0.160160	-0.044402	
2253	-0.217053	0.160093	-0.046220	
2254	-0.224120	0.159977	-0.047765	
2255	-0.230991	0.159628	-0.049180	
2256	-0.250527	0.157451	-0.051654	
2257	-0.265401	0.155948	-0.054526	
2258	-0.272620	0.156139	-0.055687	
2259	-0.279937	0.156576	-0.056770	
2260	-0.286802	0.156597	-0.057530	
2261	-0.293503	0.157901	-0.057705	
2262	-0.300229	0.160289	-0.057546	
2263	-0.307653	0.161875	-0.057507	
2264	-0.316375	0.162607	-0.058139	
2265	-0.323626	0.164927	-0.058043	
2266	-0.329753	0.167640	-0.058482	
2267	-0.336942	0.168254	-0.060122	
2268	-0.344579	0.167705	-0.062130	
2269	-0.352360	0.168803	-0.063909	
2270	-0.358966	0.167984	-0.066667	
2271	-0.366496	0.166335	-0.069260	
2272	-0.373085	0.164925	-0.071791	
2273	-0.379748	0.163806	-0.074543	
2274	-0.386361	0.160383	-0.077760	
2275	-0.394635	0.158790	-0.080716	
2276	-0.402297	0.157538	-0.083264	
2277	-0.408257	0.156045	-0.086120	
2278	-0.417428	0.155151	-0.088121	
2279	-0.424183	0.154496	-0.090097	
2280	-0.429291	0.155291	-0.091465	
2281	-0.437615	0.154521	-0.093388	
2282	-0.445038	0.156538	-0.094158	
2283	-0.451547	0.156754	-0.095888	
2284	-0.459562	0.154618	-0.097837	
2285	-0.465133	0.152758	-0.099374	
2286	-0.468837	0.152338	-0.101438	
2287	-0.475403	0.152463	-0.103970	
2288	-0.481915	0.151616	-0.106926	
2289	-0.487721	0.149859	-0.110939	
2290	-0.493448	0.149732	-0.114960	
2291	-0.499451	0.149843	-0.119606	
2292	-0.507072	0.150242	-0.123955	
2293	-0.512672	0.151072	-0.129024	
2294	-0.518048	0.152127	-0.134276	
2295	-0.525426	0.156191	-0.139410	
2296	-0.532541	0.160561	-0.144455	
2297	-0.538425	0.163781	-0.150066	
2298	-0.546451	0.167387	-0.155510	
2299	-0.553802	0.171033	-0.160714	
2300	-0.559464	0.175343	-0.165486	
2301	-0.565022	0.180956	-0.170182	
2302	-0.572528	0.183813	-0.174916	
2303	-0.579068	0.187200	-0.179524	
2304	-0.585377	0.192993	-0.183498	
2305	-0.590438	0.197992	-0.187639	
2306	-0.598222	0.202096	-0.191179	
2307	-0.602832	0.206559	-0.195306	
2308	-0.609081	0.212078	-0.199131	
2309	-0.615983	0.214877	-0.203406	
2310	-0.620697	0.218376	-0.207355	
2311	-0.627582	0.221914	-0.211043	
2312	-0.631266	0.225563	-0.214174	
2313	-0.638180	0.227591	-0.217000	
2314	-0.643181	0.228756	-0.219912	
2315	-0.648636	0.230281	-0.222369	
2316	-0.653853	0.232456	-0.224083	
2317	-0.659122	0.234377	-0.225953	
2318	-0.667730	0.236983	-0.227535	
2319	-0.673141	0.237853	-0.229477	
2320	-0.678085	0.237886	-0.231910	
2321	-0.684582	0.238482	-0.234359	
2322	-0.690028	0.238978	-0.236578	
2323	-0.695150	0.238512	-0.239634	
2324	-0.701181	0.238284	-0.242699	
2325	-0.708064	0.237411	-0.245379	
2326	-0.714115	0.236977	-0.248537	
2327	-0.720060	0.236888	-0.251848	
2328	-0.726922	0.234244	-0.254728	
2329	-0.734250	0.231310	-0.257801	
2330	-0.755558	0.228924	-0.258142	
2331	-0.763270	0.228045	-0.260700	
2332	-0.769238	0.225824	-0.263386	
2333	-0.778381	0.225240	-0.265828	
2334	-0.786370	0.224844	-0.267986	
2335	-0.793917	0.222271	-0.270424	
2336	-0.804309	0.223148	-0.272191	
2337	-0.810146	0.222870	-0.275014	
2338	-0.816974	0.222301	-0.277991	
2339	-0.829083	0.224544	-0.280482	
2340	-0.842905	0.227894	-0.282720	
2341	-0.847730	0.227528	-0.286697	
2342	-0.855320	0.228483	-0.290009	
2343	-0.866636	0.230450	-0.292545	
2344	-0.872505	0.229004	-0.296214	
2345	-0.881220	0.228611	-0.299062	
2346	-0.884995	0.228976	-0.302409	
2347	-0.891318	0.226970	-0.306467	
2348	-0.901103	0.226911	-0.308999	
2349	-0.908544	0.227409	-0.311961	
2350	-0.915064	0.226559	-0.315404	
2351	-0.922468	0.226944	-0.319110	
2352	-0.926316	0.224494	-0.323725	
2353	-0.932878	0.222301	-0.327842	
2354	-0.940004	0.220506	-0.331713	
2355	-0.945238	0.218760	-0.336174	
2356	-0.949221	0.219258	-0.340657	
2357	-0.958224	0.220120	-0.344270	
2358	-0.964547	0.222076	-0.347739	
2359	-0.970901	0.223173	-0.352045	
2360	-0.985059	0.225403	-0.360533	
2361	-0.997040	0.229250	-0.371101	
2362	-1.007599	0.235198	-0.375463	
2363	-1.014352	0.238494	-0.380977	
2364	-1.027923	0.245824	-0.390669	
2365	-1.045144	0.254569	-0.399673	
2366	-1.062292	0.260770	-0.408602	
2367	-1.071307	0.266080	-0.413222	
2368	-1.075977	0.269430	-0.417941	
2369	-1.083982	0.273365	-0.421150	
2370	-1.092663	0.279589	-0.423739	
2371	-1.101067	0.284704	-0.425720	
2372	-1.103809	0.286939	-0.428867	
2373	-1.107115	0.288388	-0.430336	
2374	-1.118304	0.293356	-0.428100	
2375	-1.125164	0.297242	-0.426060	
2376	-1.123574	0.297781	-0.425515	
2377	-1.127669	0.300257	-0.423385	
2378	-1.135917	0.301528	-0.419869	
2379	-1.144807	0.301105	-0.413994	
2380	-1.147874	0.303454	-0.410513	
2381	-1.154230	0.301019	-0.406914	
2382	-1.163023	0.298486	-0.401383	
2383	-1.165102	0.297858	-0.397378	
2384	-1.170769	0.297941	-0.391551	
2385	-1.179136	0.293791	-0.384562	
2386	-1.186742	0.291190	-0.377777	
2387	-1.193199	0.288916	-0.371267	
2388	-1.199335	0.281809	-0.364720	
2389	-1.207922	0.279580	-0.356583	
2390	-1.215470	0.277132	-0.349111	
2391	-1.220473	0.273339	-0.341514	
2392	-1.222983	0.267146	-0.335468	
2393	-1.232808	0.261978	-0.327127	
2394	-1.240577	0.258217	-0.319786	
2395	-1.246278	0.255788	-0.313305	
2396	-1.252166	0.250712	-0.306868	
2397	-1.256814	0.244005	-0.300858	
2398	-1.263953	0.237784	-0.294412	
2399	-1.276520	0.228136	-0.284881	
2400	-1.282913	0.222578	-0.278577	
2401	-1.285486	0.215957	-0.273243	
2402	-1.287255	0.209120	-0.268416	
2403	-1.292687	0.204307	-0.262917	
2404	-1.297603	0.198868	-0.257885	
2405	-1.299078	0.193052	-0.253674	
2406	-1.303715	0.190296	-0.248796	
2407	-1.307634	0.185470	-0.244042	
2408	-1.312703	0.181338	-0.238914	
2409	-1.317172	0.177419	-0.233644	
2410	-1.324432	0.171382	-0.223723	
2411	-1.327781	0.162929	-0.215420	
2412	-1.332549	0.160956	-0.210675	
2413	-1.334769	0.157899	-0.206188	
2414	-1.332973	0.153103	-0.203103	
2415	-1.336965	0.150146	-0.197882	
2416	-1.338708	0.146691	-0.193583	
2417	-1.338197	0.142683	-0.189578	
2418	-1.338747	0.139502	-0.185621	
2419	-1.343079	0.137518	-0.180302	
2420	-1.342699	0.133585	-0.176965	
2421	-1.345602	0.131055	-0.172076	
2422	-1.348387	0.128656	-0.167553	
2423	-1.349008	0.124701	-0.164063	
2424	-1.353148	0.123722	-0.159050	
2425	-1.354581	0.123296	-0.154361	
2426	-1.354769	0.121149	-0.150124	
2427	-1.359660	0.118594	-0.143944	
2428	-1.361818	0.116987	-0.138335	
2429	-1.363925	0.117230	-0.132739	
2430	-1.361104	0.115514	-0.128760	
2431	-1.363349	0.114464	-0.122984	
2432	-1.365599	0.115195	-0.117195	
2433	-1.367444	0.112872	-0.111710	
2434	-1.368362	0.111102	-0.105786	
2435	-1.366851	0.110039	-0.101049	
2436	-1.367042	0.109329	-0.094945	
2437	-1.365695	0.106953	-0.089082	
2438	-1.360415	0.104307	-0.083810	
2439	-1.358108	0.100567	-0.076932	
2440	-1.355989	0.095333	-0.069539	
2441	-1.351881	0.090535	-0.061896	
2442	-1.344650	0.087319	-0.054985	
2443	-1.339751	0.081974	-0.046940	
2444	-1.339841	0.076377	-0.036588	
2445	-1.332580	0.072451	-0.028083	
2446	-1.321844	0.065732	-0.021484	
2447	-1.320750	0.057857	-0.011803	
2448	-1.313900	0.052824	-0.003191	
2449	-1.299917	0.046225	0.002119	
2450	-1.297955	0.036474	0.010707	
2451	-1.296046	0.031069	0.020702	
2452	-1.281102	0.025548	0.026814	
2453	-1.272018	0.018226	0.033564	
2454	-1.270752	0.013338	0.042869	
2455	-1.263242	0.008339	0.049824	
2456	-1.253295	0.004832	0.055228	
2457	-1.250975	0.000588	0.062193	
2458	-1.247167	-0.001701	0.068549	
2459	-1.237711	-0.005427	0.072694	
2460	-1.229684	-0.009040	0.075925	
2461	-1.227003	-0.009909	0.081264	
2462	-1.224667	-0.009861	0.086255	
2463	-1.216029	-0.010964	0.089064	
2464	-1.208356	-0.011635	0.092862	
2465	-1.205014	-0.011168	0.098134	
2466	-1.202056	-0.011514	0.103362	
2467	-1.194912	-0.013686	0.108042	
2468	-1.188962	-0.011630	0.114164	
2469	-1.185405	-0.009720	0.119423	
2470	-1.180750	-0.010276	0.123817	
2471	-1.177124	-0.008420	0.129215	
2472	-1.175634	-0.005882	0.135597	
2473	-1.169679	-0.005069	0.139082	
2474	-1.166090	-0.005111	0.143476	
2475	-1.163211	-0.003000	0.148218	
2476	-1.157325	-0.003077	0.150945	
2477	-1.154729	-0.004463	0.154020	
2478	-1.150884	-0.004352	0.157127	
2479	-1.146984	-0.002439	0.160086	
2480	-1.145719	-0.002724	0.163120	
2481	-1.140914	-0.002842	0.166199	
2482	-1.136887	-0.001884	0.169975	
2483	-1.130584	-0.005756	0.172517	
2484	-1.130683	-0.004460	0.179232	
2485	-1.128723	-0.001909	0.185200	
2486	-1.120750	-0.004432	0.188543	
2487	-1.117691	-0.006504	0.193053	
2488	-1.120133	-0.003358	0.198743	
2489	-1.116162	-0.004994	0.202610	
2490	-1.111801	-0.004799	0.206663	
2491	-1.109510	-0.004317	0.210886	
2492	-1.108618	-0.005274	0.215742	
2493	-1.104472	0.000246	0.220530	
2494	-1.097641	-0.000870	0.222546	
2495	-1.098686	0.000429	0.226867	
2496	-1.098934	0.005117	0.231867	
2497	-1.093311	0.005195	0.233586	
2498	-1.093928	0.005406	0.236564	
2499	-1.096658	0.011246	0.241475	
2500	-1.092813	0.011446	0.242692	
2501	-1.093142	0.011256	0.244636	
2502	-1.094666	0.014041	0.247816	
2503	-1.092774	0.013873	0.248951	
2504	-1.094232	0.013694	0.250517	
2505	-1.096666	0.015019	0.252728	
2506	-1.095584	0.015139	0.253792	
2507	-1.095448	0.014755	0.254690	
2508	-1.096973	0.016006	0.256375	
2509	-1.096466	0.016258	0.257602	
2510	-1.094326	0.017116	0.258212	
2511	-1.095730	0.017885	0.259426	
2512	-1.097633	0.020835	0.261774	
2513	-1.096841	0.022241	0.263298	
2514	-1.097315	0.022791	0.264591	
2515	-1.100946	0.025618	0.267832	
2516	-1.098633	0.027407	0.269351	
2517	-1.096715	0.027723	0.270251	
2518	-1.101753	0.030636	0.273884	
2519	-1.100725	0.033152	0.276132	
2520	-1.098676	0.032957	0.277457	
2521	-1.101394	0.035260	0.280765	
2522	-1.100570	0.037160	0.283087	
2523	-1.098300	0.038524	0.285235	
2524	-1.096419	0.040197	0.287091	
2525	-1.098115	0.041877	0.290025	
2526	-1.094328	0.043121	0.291768	
2527	-1.091921	0.044596	0.293313	
2528	-1.093565	0.046697	0.295942	
2529	-1.092794	0.048384	0.298031	
2530	-1.088047	0.049494	0.298206	
2531	-1.087572	0.049974	0.298949	
2532	-1.089109	0.051896	0.300606	
2533	-1.085940	0.052718	0.300805	
2534	-1.084468	0.052376	0.300538	
2535	-1.086830	0.052971	0.302264	
2536	-1.084020	0.053550	0.302860	
2537	-1.083067	0.052728	0.302954	
2538	-1.083141	0.052408	0.303719	
2539	-1.082392	0.052104	0.304463	
2540	-1.080630	0.051902	0.304502	
2541	-1.079138	0.050862	0.304946	
2542	-1.076480	0.050098	0.304300	
2543	-1.076228	0.049532	0.304280	
2544	-1.075315	0.048893	0.304345	
2545	-1.073327	0.048221	0.304025	
2546	-1.074304	0.046982	0.304157	
2547	-1.073879	0.047528	0.304633	
2548	-1.071181	0.048572	0.304242	
2549	-1.071678	0.048592	0.304482	
2550	-1.071788	0.049740	0.305012	
2551	-1.069074	0.051721	0.305007	
2552	-1.068105	0.051728	0.304686	
2553	-1.067839	0.053796	0.305486	
2554	-1.064550	0.055586	0.305032	
2555	-1.063916	0.056323	0.304888	
2556	-1.063513	0.057907	0.305359	
2557	-1.060512	0.060262	0.304802	
2558	-1.059705	0.060554	0.304268	
2559	-1.060204	0.062018	0.304660	
2560	-1.056809	0.064130	0.304117	
2561	-1.056547	0.064672	0.303707	
2562	-1.057022	0.066004	0.304065	
2563	-1.052895	0.068611	0.303362	
2564	-1.052538	0.069773	0.303235	
2565	-1.051385	0.071834	0.303214	
2566	-1.047232	0.075573	0.302171	
2567	-1.047449	0.076838	0.302054	
2568	-1.044392	0.078891	0.300702	
2569	-1.043893	0.080258	0.299615	
2570	-1.041927	0.081158	0.298622	
2571	-1.042067	0.081444	0.297630	
2572	-1.041456	0.081939	0.296808	
2573	-1.039166	0.082535	0.295670	
2574	-1.038824	0.083046	0.294233	
2575	-1.036679	0.082671	0.292850	
2576	-1.037484	0.082841	0.292425	
2577	-1.035278	0.082764	0.291425	
2578	-1.033470	0.082955	0.289542	
2579	-1.032383	0.083502	0.288933	
2580	-1.029396	0.084208	0.287889	
2581	-1.029185	0.084803	0.287391	
2582	-1.029538	0.085350	0.287294	
2583	-1.027649	0.085966	0.286531	
