0	1.313700	0.848600	1.519200	
1	1.323700	0.839900	1.521700	
2	1.332000	0.832500	1.524400	
3	1.339900	0.824600	1.527600	
4	1.350600	0.812900	1.532300	
5	1.357900	0.802800	1.536200	
6	1.365000	0.791900	1.540500	
7	1.373100	0.776000	1.546200	
8	1.377500	0.763100	1.550200	
9	1.380900	0.749100	1.553700	
10	1.384200	0.729100	1.558200	
11	1.385600	0.713600	1.561300	
12	1.385900	0.698500	1.564100	
13	1.385300	0.678600	1.567700	
14	1.383100	0.664300	1.570100	
15	1.380700	0.650400	1.572400	
16	1.375600	0.632900	1.575100	
17	1.370300	0.620700	1.576900	
18	1.364700	0.608900	1.578800	
19	1.357900	0.597600	1.580900	
20	1.349100	0.583400	1.582600	
21	1.341100	0.573700	1.583200	
22	1.330000	0.560800	1.584400	
23	1.321100	0.551800	1.584800	
24	1.312500	0.542900	1.584700	
25	1.300800	0.531400	1.584900	
26	1.293300	0.522700	1.585000	
27	1.286200	0.515200	1.584800	
28	1.276900	0.505200	1.583600	
29	1.270700	0.497800	1.583200	
30	1.264800	0.491000	1.581900	
31	1.260000	0.484200	1.580900	
32	1.254400	0.475000	1.578400	
33	1.251300	0.467900	1.576100	
34	1.249200	0.460900	1.573300	
35	1.247800	0.452100	1.568700	
36	1.247700	0.445900	1.565000	
37	1.249200	0.439700	1.560500	
38	1.252100	0.433400	1.554800	
39	1.255200	0.429600	1.549900	
40	1.259600	0.426200	1.545000	
41	1.266500	0.422900	1.538700	
42	1.272600	0.421100	1.533800	
43	1.278700	0.419100	1.528800	
44	1.287000	0.415500	1.521800	
45	1.292800	0.412100	1.516300	
46	1.298200	0.407600	1.511000	
47	1.304800	0.400000	1.504100	
48	1.308800	0.392900	1.499100	
49	1.313600	0.381600	1.493000	
50	1.315600	0.372000	1.488300	
51	1.317300	0.361300	1.484400	
52	1.317100	0.346100	1.478900	
53	1.316100	0.334500	1.475000	
54	1.314300	0.322400	1.471200	
55	1.310400	0.306500	1.466800	
56	1.306900	0.294800	1.464000	
57	1.302500	0.283700	1.461000	
58	1.296600	0.267900	1.457400	
59	1.291200	0.256200	1.455500	
60	1.285900	0.244600	1.454000	
61	1.278500	0.228900	1.453900	
62	1.272700	0.216300	1.455200	
63	1.266200	0.203500	1.457100	
64	1.256300	0.185700	1.460700	
65	1.248100	0.171400	1.464800	
66	1.239500	0.156300	1.469700	
67	1.226200	0.136300	1.477500	
68	1.215600	0.121300	1.484400	
69	1.205100	0.106200	1.492100	
70	1.191400	0.086600	1.503500	
71	1.181600	0.072800	1.512900	
72	1.171400	0.060200	1.522700	
73	1.159600	0.043500	1.537000	
74	1.150800	0.031600	1.547600	
75	1.142800	0.020400	1.558300	
76	1.131700	0.006400	1.571500	
77	1.123700	-0.003800	1.581100	
78	1.115200	-0.013400	1.589700	
79	1.103800	-0.025300	1.600000	
80	1.094900	-0.034000	1.607000	
81	1.085800	-0.042200	1.613600	
82	1.073100	-0.051700	1.622100	
83	1.063500	-0.058200	1.628000	
84	1.053800	-0.063800	1.633800	
85	1.040400	-0.069800	1.640100	
86	1.029700	-0.073800	1.643400	
87	1.015400	-0.077900	1.647200	
88	0.992500	-0.082900	1.650000	
89	0.976700	-0.085600	1.649100	
90	0.951200	-0.089500	1.644700	
91	0.933000	-0.092200	1.637900	
92	0.904800	-0.095500	1.625700	
93	0.886000	-0.097600	1.617100	
94	0.858900	-0.099800	1.601100	
95	0.841800	-0.101200	1.591400	
96	0.817400	-0.103800	1.575000	
97	0.800800	-0.105600	1.564300	
98	0.776200	-0.108400	1.546900	
99	0.760200	-0.110800	1.535600	
100	0.736900	-0.115500	1.519900	
101	0.721700	-0.120200	1.510100	
102	0.710700	-0.124300	1.504600	
103	0.700100	-0.128800	1.500100	
104	0.686300	-0.136000	1.495900	
105	0.666300	-0.148500	1.496400	
106	0.652700	-0.158100	1.499500	
107	0.631900	-0.175000	1.506500	
108	0.617300	-0.187700	1.513500	
109	0.595300	-0.207300	1.525200	
110	0.580600	-0.220000	1.535000	
111	0.557900	-0.238700	1.552000	
112	0.542400	-0.250600	1.564400	
113	0.530600	-0.259500	1.573800	
114	0.519100	-0.268300	1.582900	
115	0.503700	-0.279600	1.594300	
116	0.479800	-0.293400	1.610500	
117	0.463100	-0.301600	1.620100	
118	0.450000	-0.307500	1.627900	
119	0.432500	-0.314700	1.638600	
120	0.423700	-0.318200	1.644400	
121	0.406400	-0.324500	1.655900	
122	0.393300	-0.328000	1.663500	
123	0.375400	-0.332000	1.673600	
124	0.362000	-0.334700	1.681200	
125	0.348000	-0.336500	1.687200	
126	0.328900	-0.337900	1.693100	
127	0.313700	-0.337900	1.696400	
128	0.293000	-0.336600	1.698400	
129	0.276800	-0.334200	1.697700	
130	0.260000	-0.331000	1.695700	
131	0.236700	-0.325400	1.692500	
132	0.218400	-0.320000	1.688700	
133	0.199700	-0.314100	1.684200	
134	0.174200	-0.305700	1.678500	
135	0.154600	-0.298800	1.674600	
136	0.135800	-0.292000	1.669400	
137	0.117500	-0.285300	1.663600	
138	0.094900	-0.275600	1.654500	
139	0.080000	-0.268100	1.645500	
140	0.066700	-0.260500	1.634800	
141	0.051000	-0.250600	1.619200	
142	0.040700	-0.243400	1.605500	
143	0.029400	-0.233900	1.583800	
144	0.021800	-0.225600	1.567400	
145	0.015400	-0.216300	1.550200	
146	0.009900	-0.207200	1.532300	
147	0.003500	-0.194900	1.509100	
148	-0.003600	-0.174200	1.474100	
149	-0.005100	-0.169200	1.465800	
150	-0.008700	-0.158100	1.450700	
151	-0.012300	-0.150800	1.441900	
152	-0.019800	-0.142500	1.434000	
153	-0.027100	-0.137200	1.429600	
154	-0.036300	-0.131600	1.426100	
155	-0.052600	-0.124700	1.423900	
156	-0.067800	-0.119200	1.423800	
157	-0.102700	-0.108500	1.422600	
158	-0.129200	-0.101400	1.421200	
159	-0.155900	-0.095100	1.417600	
160	-0.174700	-0.090300	1.413400	
161	-0.207600	-0.082100	1.401000	
162	-0.225800	-0.078300	1.390600	
163	-0.237300	-0.077100	1.382000	
164	-0.257000	-0.078100	1.363600	
165	-0.268800	-0.082000	1.349000	
166	-0.277200	-0.085200	1.338500	
167	-0.286500	-0.089700	1.327800	
168	-0.300400	-0.096000	1.313800	
169	-0.315700	-0.100800	1.302100	
170	-0.329400	-0.103400	1.294600	
171	-0.344600	-0.103900	1.288800	
172	-0.360500	-0.103200	1.285200	
173	-0.382200	-0.101000	1.283200	
174	-0.415900	-0.094100	1.288100	
175	-0.438400	-0.087200	1.294400	
176	-0.454900	-0.081100	1.299300	
177	-0.476100	-0.070300	1.305000	
178	-0.491400	-0.062000	1.309000	
179	-0.519800	-0.044000	1.318700	
180	-0.537700	-0.030900	1.325400	
181	-0.550600	-0.020900	1.330600	
182	-0.562400	-0.010400	1.335900	
183	-0.576900	0.003600	1.342400	
184	-0.586100	0.014100	1.347500	
185	-0.594900	0.024700	1.352500	
186	-0.604600	0.039100	1.358500	
187	-0.617100	0.060100	1.368100	
188	-0.624000	0.073100	1.374600	
189	-0.632700	0.094000	1.384100	
190	-0.638000	0.108200	1.389600	
191	-0.641400	0.118900	1.393500	
192	-0.644600	0.129200	1.397100	
193	-0.648400	0.142500	1.401600	
194	-0.651800	0.152600	1.404600	
195	-0.655800	0.162300	1.407400	
196	-0.661400	0.175400	1.410800	
197	-0.666000	0.185300	1.413200	
198	-0.670700	0.195300	1.415600	
199	-0.677200	0.209500	1.418300	
200	-0.682600	0.220900	1.419900	
201	-0.687600	0.232300	1.421700	
202	-0.693200	0.248300	1.423900	
203	-0.697300	0.261200	1.425400	
204	-0.700700	0.274200	1.427000	
205	-0.704000	0.291900	1.429200	
206	-0.706300	0.317800	1.433000	
207	-0.706100	0.334300	1.436800	
208	-0.704800	0.357900	1.441900	
209	-0.703900	0.374200	1.444300	
210	-0.702800	0.386300	1.445800	
211	-0.701400	0.397200	1.447800	
212	-0.699500	0.411100	1.449700	
213	-0.697700	0.420000	1.450400	
214	-0.696100	0.431500	1.450500	
215	-0.694600	0.439200	1.450100	
216	-0.691900	0.447900	1.449200	
217	-0.686400	0.459500	1.447300	
218	-0.682300	0.467600	1.445700	
219	-0.677600	0.474800	1.445100	
220	-0.671600	0.481700	1.444300	
221	-0.667400	0.484900	1.444200	
222	-0.663300	0.486900	1.445400	
223	-0.658200	0.487100	1.446500	
224	-0.653500	0.485600	1.447400	
225	-0.648500	0.483500	1.447900	
226	-0.641200	0.478800	1.447100	
227	-0.635400	0.473800	1.446000	
228	-0.630200	0.467900	1.444000	
229	-0.624200	0.458300	1.441000	
230	-0.620300	0.449800	1.437300	
231	-0.616500	0.439900	1.433000	
232	-0.611400	0.425300	1.426200	
233	-0.607900	0.413600	1.419700	
234	-0.605400	0.402500	1.412600	
235	-0.602900	0.387100	1.403700	
236	-0.601300	0.375400	1.396700	
237	-0.600400	0.364100	1.389300	
238	-0.599900	0.350800	1.379900	
239	-0.600400	0.341600	1.373600	
240	-0.601800	0.332900	1.367700	
241	-0.605300	0.322800	1.360500	
242	-0.608200	0.316600	1.355000	
243	-0.612100	0.310300	1.349400	
244	-0.617100	0.303000	1.341700	
245	-0.621700	0.297300	1.335400	
246	-0.626700	0.291600	1.329200	
247	-0.633400	0.283700	1.320400	
248	-0.638800	0.278100	1.313100	
249	-0.644800	0.271900	1.305900	
250	-0.653400	0.263000	1.297000	
251	-0.659900	0.255800	1.290800	
252	-0.668600	0.245800	1.284300	
253	-0.674900	0.237600	1.280700	
254	-0.681000	0.228900	1.278200	
255	-0.687600	0.217000	1.276000	
256	-0.692000	0.206800	1.275300	
257	-0.696300	0.195900	1.275100	
258	-0.701000	0.180700	1.274500	
259	-0.703700	0.168100	1.274100	
260	-0.705300	0.154000	1.273800	
261	-0.705700	0.134000	1.273700	
262	-0.704800	0.117800	1.274000	
263	-0.702800	0.100800	1.275000	
264	-0.698600	0.078300	1.276700	
265	-0.695000	0.061900	1.278500	
266	-0.690900	0.045600	1.281200	
267	-0.685500	0.024900	1.285800	
268	-0.681000	0.009800	1.289400	
269	-0.676100	-0.005300	1.293100	
270	-0.668900	-0.024700	1.298800	
271	-0.662900	-0.038900	1.302700	
272	-0.656000	-0.052500	1.306000	
273	-0.645600	-0.070000	1.310000	
274	-0.637100	-0.082600	1.313100	
275	-0.627700	-0.094500	1.315500	
276	-0.614700	-0.109800	1.318200	
277	-0.604100	-0.120600	1.320500	
278	-0.592900	-0.130900	1.321900	
279	-0.577000	-0.144600	1.324300	
280	-0.564200	-0.154900	1.326000	
281	-0.550800	-0.165300	1.328000	
282	-0.532400	-0.179000	1.332000	
283	-0.518800	-0.189400	1.335600	
284	-0.505200	-0.199500	1.339800	
285	-0.486300	-0.212800	1.347500	
286	-0.471300	-0.222200	1.354800	
287	-0.456300	-0.231600	1.362700	
288	-0.435300	-0.243200	1.375000	
289	-0.419000	-0.251300	1.386400	
290	-0.402900	-0.258600	1.398700	
291	-0.382000	-0.268100	1.416100	
292	-0.366600	-0.274900	1.430300	
293	-0.351400	-0.281500	1.444800	
294	-0.332400	-0.289200	1.464100	
295	-0.319100	-0.295000	1.479000	
296	-0.306900	-0.300900	1.493900	
297	-0.291900	-0.308200	1.513600	
298	-0.281600	-0.313600	1.528700	
299	-0.271700	-0.318700	1.543900	
300	-0.259800	-0.325900	1.563900	
301	-0.251700	-0.331300	1.578500	
302	-0.243800	-0.336800	1.592800	
303	-0.235900	-0.342100	1.606000	
304	-0.225600	-0.349300	1.621200	
305	-0.217100	-0.354500	1.631200	
306	-0.204100	-0.361000	1.644300	
307	-0.192700	-0.366000	1.654500	
308	-0.180700	-0.370600	1.665000	
309	-0.163600	-0.377600	1.679500	
310	-0.154600	-0.381000	1.687200	
311	-0.131800	-0.389600	1.708300	
312	-0.122800	-0.393400	1.717400	
313	-0.105900	-0.401700	1.735700	
314	-0.093700	-0.408000	1.750900	
315	-0.077400	-0.416300	1.771700	
316	-0.065600	-0.421100	1.786600	
317	-0.054200	-0.424100	1.801200	
318	-0.039400	-0.425400	1.819500	
319	-0.029200	-0.424400	1.830900	
320	-0.018900	-0.422300	1.840300	
321	-0.006000	-0.417000	1.850800	
322	0.003400	-0.411400	1.856900	
323	0.013000	-0.404000	1.861600	
324	0.026400	-0.391700	1.866100	
325	0.037000	-0.381200	1.867900	
326	0.048600	-0.370500	1.867300	
327	0.063900	-0.355500	1.862400	
328	0.075400	-0.344300	1.855500	
329	0.086900	-0.333600	1.844800	
330	0.104300	-0.319100	1.825400	
331	0.118500	-0.308500	1.809200	
332	0.133800	-0.298800	1.792700	
333	0.155800	-0.285800	1.770800	
334	0.174000	-0.276900	1.754900	
335	0.193400	-0.268600	1.740300	
336	0.220700	-0.258100	1.721500	
337	0.241600	-0.251400	1.709300	
338	0.263300	-0.245300	1.698300	
339	0.293400	-0.238600	1.685700	
340	0.316300	-0.235100	1.677100	
341	0.339500	-0.232500	1.668900	
342	0.370100	-0.230900	1.659400	
343	0.393700	-0.230500	1.653400	
344	0.418100	-0.230800	1.647100	
345	0.451500	-0.232400	1.638100	
346	0.476600	-0.234800	1.630800	
347	0.510500	-0.237900	1.620200	
348	0.536600	-0.240300	1.611500	
349	0.562800	-0.243000	1.601800	
350	0.597400	-0.246000	1.587600	
351	0.623600	-0.248800	1.576600	
352	0.649900	-0.251200	1.565000	
353	0.684300	-0.254900	1.548000	
354	0.701600	-0.256700	1.539400	
355	0.735000	-0.260500	1.522700	
356	0.758800	-0.263700	1.510000	
357	0.789100	-0.268900	1.492800	
358	0.811000	-0.273800	1.480200	
359	0.832000	-0.279400	1.468600	
360	0.859200	-0.288900	1.455700	
361	0.879000	-0.297200	1.448300	
362	0.898200	-0.305200	1.442500	
363	0.923600	-0.316700	1.438100	
364	0.943100	-0.325100	1.438100	
365	0.969300	-0.334500	1.440300	
366	0.989600	-0.340400	1.442900	
367	1.008500	-0.345200	1.444500	
368	1.034500	-0.350900	1.448200	
369	1.054000	-0.354700	1.450800	
370	1.073300	-0.357100	1.451900	
371	1.092900	-0.358300	1.451700	
372	1.120300	-0.357800	1.450400	
373	1.140700	-0.355900	1.448200	
374	1.168100	-0.351400	1.444400	
375	1.189000	-0.347800	1.442200	
376	1.209800	-0.343600	1.440700	
377	1.236000	-0.338200	1.437900	
378	1.255400	-0.334000	1.435600	
379	1.274400	-0.329600	1.434400	
380	1.299100	-0.323800	1.433400	
381	1.316600	-0.319400	1.432300	
382	1.333500	-0.315500	1.431900	
383	1.349600	-0.311600	1.432400	
384	1.370600	-0.305800	1.433200	
385	1.385900	-0.301100	1.434100	
386	1.401400	-0.296200	1.435200	
387	1.421600	-0.289600	1.436800	
388	1.436700	-0.284400	1.437400	
389	1.451100	-0.278900	1.437500	
390	1.469400	-0.272400	1.437300	
391	1.482600	-0.267600	1.437300	
392	1.495400	-0.262900	1.437100	
393	1.512600	-0.257300	1.437400	
394	1.525200	-0.253000	1.437700	
395	1.542900	-0.248000	1.437900	
396	1.556400	-0.244100	1.438400	
397	1.569300	-0.239900	1.438200	
398	1.582900	-0.236300	1.437900	
399	1.601800	-0.231300	1.438700	
400	1.615100	-0.227500	1.439100	
401	1.642900	-0.218900	1.439300	
402	1.647500	-0.217500	1.439400	
403	1.660600	-0.211800	1.440600	
404	1.676200	-0.202200	1.442300	
405	1.686600	-0.194100	1.444000	
406	1.694500	-0.185100	1.445600	
407	1.703500	-0.171100	1.447600	
408	1.708500	-0.159500	1.448700	
409	1.712200	-0.147000	1.449900	
410	1.714700	-0.128900	1.450000	
411	1.715600	-0.114200	1.450000	
412	1.714900	-0.098500	1.449700	
413	1.712500	-0.077100	1.448400	
414	1.709300	-0.060800	1.447100	
415	1.706000	-0.043700	1.446000	
416	1.699900	-0.019900	1.443700	
417	1.694900	-0.001500	1.441900	
418	1.689400	0.016500	1.441200	
419	1.681500	0.041400	1.440700	
420	1.676000	0.060300	1.441000	
421	1.670100	0.079600	1.442300	
422	1.662700	0.105700	1.445300	
423	1.657900	0.126100	1.449100	
424	1.652500	0.147000	1.454300	
425	1.646200	0.174300	1.462600	
426	1.641500	0.194300	1.470200	
427	1.637300	0.213800	1.478600	
428	1.630700	0.238400	1.490100	
429	1.625600	0.255300	1.499600	
430	1.620100	0.271800	1.510300	
431	1.611500	0.291600	1.525000	
432	1.604200	0.304400	1.536600	
433	1.596500	0.316000	1.549000	
434	1.585200	0.330100	1.565000	
435	1.576100	0.339500	1.576100	
436	1.563900	0.351100	1.591100	
437	1.553900	0.358800	1.602200	
438	1.544200	0.365700	1.613100	
439	1.531300	0.374500	1.626700	
440	1.521300	0.380300	1.636600	
441	1.511500	0.385800	1.646300	
442	1.498300	0.392600	1.657900	
443	1.489100	0.397400	1.665500	
444	1.480100	0.402600	1.672100	
445	1.468100	0.409200	1.679300	
446	1.458700	0.414200	1.682300	
447	1.449800	0.419300	1.684000	
448	1.437400	0.426200	1.685400	
449	1.428600	0.431500	1.685200	
450	1.419900	0.437400	1.683500	
451	1.409400	0.445400	1.680300	
452	1.400400	0.451700	1.676800	
453	1.391500	0.458000	1.673000	
454	1.381000	0.465500	1.666500	
455	1.373300	0.470900	1.660900	
456	1.365300	0.475500	1.653600	
457	1.355600	0.481300	1.642300	
458	1.348800	0.485300	1.633300	
459	1.342600	0.489200	1.623800	
460	1.334800	0.494100	1.609800	
461	1.329500	0.497500	1.598600	
462	1.324200	0.500500	1.586500	
463	1.318100	0.504300	1.569000	
464	1.313800	0.506800	1.554800	
465	1.309800	0.508600	1.540100	
466	1.304400	0.510100	1.520600	
467	1.300300	0.510100	1.505700	
468	1.296000	0.509400	1.490400	
469	1.290400	0.506500	1.470200	
470	1.285900	0.502900	1.454700	
471	1.281600	0.498000	1.439600	
472	1.276100	0.489700	1.419500	
473	1.271800	0.482300	1.404700	
474	1.267600	0.473500	1.390600	
475	1.263100	0.463900	1.376700	
476	1.256700	0.449800	1.359100	
477	1.250800	0.434000	1.342900	
478	1.246300	0.421600	1.331700	
479	1.241900	0.408700	1.321300	
480	1.236500	0.390600	1.308700	
481	1.232300	0.376900	1.300100	
482	1.228000	0.362900	1.292100	
483	1.222000	0.344200	1.282000	
484	1.219000	0.334900	1.277200	
485	1.212400	0.316300	1.267700	
486	1.205700	0.297900	1.259000	
487	1.200500	0.284000	1.253500	
488	1.195200	0.270300	1.248400	
489	1.190000	0.256700	1.244200	
490	1.182400	0.239600	1.239300	
491	1.176800	0.227300	1.236300	
492	1.169300	0.211900	1.232200	
493	1.163500	0.201200	1.229200	
494	1.157600	0.191000	1.226400	
495	1.149900	0.178400	1.222700	
496	1.143700	0.169500	1.220000	
497	1.137500	0.160900	1.217400	
498	1.129300	0.150500	1.214900	
499	1.123800	0.143100	1.213500	
500	1.118100	0.136200	1.212100	
501	1.112200	0.129400	1.211900	
502	1.104200	0.120100	1.212300	
503	1.098100	0.113600	1.212900	
504	1.090100	0.104300	1.215300	
505	1.084000	0.098000	1.218200	
506	1.077800	0.091900	1.220900	
507	1.069700	0.084500	1.225000	
508	1.064100	0.079600	1.228700	
509	1.058200	0.074800	1.231900	
510	1.053000	0.070100	1.235100	
511	1.046100	0.064500	1.238600	
512	1.040900	0.060700	1.240400	
513	1.033700	0.055300	1.242200	
514	1.028500	0.051400	1.243500	
515	1.023800	0.047700	1.245100	
516	1.018400	0.043400	1.247500	
517	1.015300	0.040400	1.249100	
518	1.012000	0.037500	1.251500	
519	1.007900	0.033400	1.254800	
520	1.004500	0.030300	1.256800	
521	1.001600	0.027000	1.258800	
522	0.997800	0.022300	1.261500	
523	0.995700	0.018500	1.263500	
524	0.994100	0.015000	1.265600	
525	0.992400	0.010500	1.268600	
526	0.991600	0.007500	1.270600	
527	0.991000	0.004900	1.272600	
528	0.990500	0.001500	1.274200	
529	0.990300	0.000100	1.274700	
530	0.990500	-0.002500	1.275500	
531	0.990200	-0.004900	1.275000	
532	0.989400	-0.008500	1.273500	
533	0.988300	-0.011200	1.272000	
534	0.986600	-0.015600	1.269600	
535	0.985000	-0.018600	1.268400	
536	0.983100	-0.021900	1.266500	
537	0.980300	-0.026600	1.263100	
538	0.978200	-0.029800	1.261400	
539	0.976100	-0.032900	1.259500	
540	0.972100	-0.037100	1.256200	
541	0.969400	-0.040000	1.255000	
542	0.966800	-0.042500	1.254600	
543	0.963800	-0.045400	1.254400	
544	0.962100	-0.047300	1.254900	
545	0.960800	-0.048400	1.256100	
546	0.959300	-0.049500	1.257800	
547	0.958200	-0.049700	1.258800	
548	0.956900	-0.049500	1.260200	
549	0.954900	-0.048400	1.262400	
550	0.953800	-0.047300	1.264200	
551	0.953100	-0.045700	1.266000	
552	0.952800	-0.043500	1.269100	
553	0.952700	-0.041600	1.271900	
554	0.952800	-0.039300	1.274200	
555	0.952900	-0.035700	1.276500	
556	0.953100	-0.032700	1.278300	
557	0.953100	-0.029900	1.280100	
558	0.952900	-0.026100	1.282300	
559	0.952500	-0.023300	1.283600	
560	0.952100	-0.020500	1.284800	
561	0.951400	-0.017200	1.286400	
562	0.950800	-0.014800	1.287100	
563	0.950300	-0.012700	1.287400	
564	0.949500	-0.010200	1.287600	
565	0.949000	-0.008900	1.287600	
566	0.948400	-0.007600	1.287300	
567	0.947700	-0.006700	1.287000	
568	0.947100	-0.006000	1.287000	
569	0.946600	-0.005400	1.287200	
570	0.946000	-0.004900	1.287300	
571	0.945500	-0.004300	1.287900	
572	0.945400	-0.003800	1.288600	
