0	0.000000	0.000000	0.000000	
1	0.000000	0.000000	0.000000	
2	0.000000	0.000000	0.000000	
3	0.000000	0.000000	0.000000	
4	0.000023	0.001283	0.000713	
5	-0.000354	0.001236	0.000689	
6	-0.000664	0.002178	0.000445	
7	-0.000448	0.001667	0.000063	
8	-0.001097	0.005051	0.000512	
9	-0.000615	0.003771	-0.000217	
10	-0.000601	0.005140	0.000065	
11	-0.000586	0.003781	-0.000380	
12	-0.000658	0.003281	-0.000172	
13	-0.000489	0.003335	-0.000216	
14	-0.001119	0.002167	-0.000760	
15	-0.001203	0.001561	-0.000921	
16	-0.001078	0.000732	-0.001348	
17	-0.001288	-0.000502	-0.002056	
18	-0.000817	-0.000114	-0.001906	
19	-0.001022	-0.000413	-0.002554	
20	-0.001230	0.000298	-0.002440	
21	-0.000900	-0.000215	-0.002623	
22	0.000750	0.000479	-0.002646	
23	0.001092	0.000566	-0.003088	
24	0.000805	-0.000213	-0.003759	
25	0.001580	0.000292	-0.004091	
26	0.001947	0.000029	-0.004843	
27	0.002119	-0.000606	-0.005813	
28	0.003615	-0.000070	-0.006112	
29	0.003233	0.000344	-0.006542	
30	0.002709	-0.000506	-0.007455	
31	0.003891	-0.000502	-0.007634	
32	0.004306	0.000902	-0.007557	
33	0.003745	0.001554	-0.008157	
34	0.004100	0.002129	-0.008356	
35	0.004546	0.002146	-0.008491	
36	0.004487	0.002202	-0.008773	
37	0.005086	0.003330	-0.008486	
38	0.005790	0.004891	-0.008435	
39	0.004990	0.004771	-0.009123	
40	0.005332	0.005394	-0.008907	
41	0.005859	0.005476	-0.009175	
42	0.006113	0.004430	-0.009966	
43	0.006280	0.003365	-0.010545	
44	0.006817	0.002975	-0.010684	
45	0.006975	0.003584	-0.010967	
46	0.007175	0.003522	-0.011388	
47	0.007561	0.003983	-0.011611	
48	0.007475	0.004673	-0.012010	
49	0.007182	0.004266	-0.012357	
50	0.008193	0.004428	-0.012517	
51	0.008392	0.003808	-0.013231	
52	0.007741	0.003269	-0.013505	
53	0.008240	0.004415	-0.013623	
54	0.007936	0.004179	-0.013993	
55	0.008120	0.004043	-0.014416	
56	0.008154	0.004290	-0.014407	
57	0.007987	0.004262	-0.014766	
58	0.007715	0.004352	-0.014912	
59	0.008554	0.005956	-0.014189	
60	0.008129	0.006149	-0.014014	
61	0.007021	0.006760	-0.013710	
62	0.007791	0.007883	-0.013015	
63	0.007964	0.008709	-0.012351	
64	0.007188	0.010021	-0.011693	
65	0.006650	0.010181	-0.011441	
66	0.006513	0.010241	-0.011099	
67	0.006485	0.011903	-0.010237	
68	0.005345	0.011982	-0.010169	
69	0.003443	0.012474	-0.010244	
70	0.002110	0.012587	-0.010462	
71	-0.000175	0.011582	-0.011615	
72	-0.003082	0.011419	-0.012994	
73	-0.006286	0.009167	-0.015909	
74	-0.011572	0.007529	-0.019555	
75	-0.018237	0.006527	-0.023302	
76	-0.023711	0.005919	-0.027616	
77	-0.036804	0.003115	-0.037375	
78	-0.045368	0.002110	-0.042251	
79	-0.054561	0.002335	-0.046502	
80	-0.063389	0.001770	-0.051188	
81	-0.072755	0.001845	-0.055545	
82	-0.084119	0.002429	-0.060161	
83	-0.094939	0.004414	-0.064042	
84	-0.105583	0.006249	-0.067591	
85	-0.117168	0.008498	-0.070847	
86	-0.129394	0.010595	-0.073780	
87	-0.142748	0.013557	-0.076260	
88	-0.155972	0.016681	-0.078564	
89	-0.167863	0.019253	-0.080831	
90	-0.181305	0.021238	-0.083477	
91	-0.193721	0.025275	-0.084930	
92	-0.204681	0.029000	-0.086519	
93	-0.217077	0.031410	-0.088506	
94	-0.228731	0.033234	-0.089844	
95	-0.239515	0.034889	-0.091854	
96	-0.249478	0.037045	-0.093510	
97	-0.259795	0.037034	-0.095285	
98	-0.269339	0.036826	-0.096915	
99	-0.279989	0.036549	-0.097746	
100	-0.288631	0.036658	-0.098304	
101	-0.299006	0.035075	-0.098902	
102	-0.308847	0.034345	-0.098850	
103	-0.317855	0.033165	-0.098668	
104	-0.326354	0.031264	-0.098892	
105	-0.335720	0.028948	-0.099118	
106	-0.345513	0.027835	-0.098389	
107	-0.353562	0.027462	-0.097384	
108	-0.372659	0.023578	-0.095958	
109	-0.382212	0.022923	-0.094274	
110	-0.391534	0.021977	-0.092613	
111	-0.401477	0.020369	-0.090325	
112	-0.413249	0.018978	-0.087700	
113	-0.424452	0.017889	-0.084979	
114	-0.434650	0.015518	-0.082322	
115	-0.445460	0.012160	-0.079164	
116	-0.457458	0.008049	-0.076041	
117	-0.467893	0.005090	-0.071884	
118	-0.475337	0.003016	-0.066237	
119	-0.499110	-0.002645	-0.054203	
120	-0.507030	-0.003629	-0.046752	
121	-0.511951	-0.007839	-0.039828	
122	-0.521502	-0.011611	-0.032920	
123	-0.529131	-0.012683	-0.025964	
124	-0.537083	-0.017097	-0.020509	
125	-0.544456	-0.020917	-0.014560	
126	-0.551756	-0.023090	-0.008789	
127	-0.560027	-0.027645	-0.004432	
128	-0.566860	-0.032097	0.000077	
129	-0.573205	-0.036071	0.004820	
130	-0.581755	-0.040252	0.009099	
131	-0.587701	-0.043340	0.014162	
132	-0.593388	-0.047362	0.019378	
133	-0.599749	-0.051424	0.024388	
134	-0.615046	-0.056410	0.035361	
135	-0.622267	-0.059247	0.041166	
136	-0.630514	-0.061295	0.046648	
137	-0.638590	-0.064151	0.052067	
138	-0.652702	-0.068843	0.063119	
139	-0.661981	-0.070003	0.068784	
140	-0.679825	-0.074029	0.079958	
141	-0.688472	-0.076153	0.085543	
142	-0.697686	-0.076448	0.091694	
143	-0.706753	-0.078151	0.097327	
144	-0.716059	-0.080737	0.102939	
145	-0.723896	-0.083662	0.107981	
146	-0.733654	-0.087565	0.112823	
147	-0.743503	-0.088799	0.118445	
148	-0.751522	-0.092174	0.123305	
149	-0.760528	-0.094875	0.128339	
150	-0.769929	-0.096129	0.134070	
151	-0.784298	-0.102586	0.145035	
152	-0.792380	-0.104736	0.150367	
153	-0.799066	-0.108400	0.155316	
154	-0.803685	-0.112563	0.160115	
155	-0.810372	-0.113945	0.165407	
156	-0.816928	-0.115322	0.171068	
157	-0.821383	-0.118106	0.176610	
158	-0.826138	-0.121883	0.182078	
159	-0.833109	-0.123891	0.188149	
160	-0.838300	-0.126316	0.193986	
161	-0.842400	-0.129866	0.199229	
162	-0.848390	-0.131352	0.204468	
163	-0.855398	-0.132669	0.209774	
164	-0.859849	-0.135202	0.214684	
165	-0.864779	-0.138683	0.219021	
166	-0.871395	-0.140183	0.223903	
167	-0.876291	-0.142520	0.228948	
168	-0.879834	-0.145892	0.233268	
169	-0.885929	-0.147678	0.238590	
170	-0.892755	-0.149237	0.244218	
171	-0.897176	-0.155016	0.249187	
172	-0.902283	-0.159731	0.254164	
173	-0.909378	-0.163032	0.259720	
174	-0.919485	-0.169290	0.271336	
175	-0.925356	-0.173721	0.277407	
176	-0.931567	-0.175636	0.283944	
177	-0.935900	-0.179825	0.290596	
178	-0.940711	-0.183530	0.297362	
179	-0.946203	-0.187151	0.304160	
180	-0.951084	-0.190840	0.310586	
181	-0.955789	-0.193997	0.316865	
182	-0.960289	-0.197429	0.322654	
183	-0.966338	-0.202031	0.328688	
184	-0.970723	-0.203713	0.334752	
185	-0.973188	-0.207934	0.339569	
186	-0.979792	-0.209504	0.345313	
187	-0.986671	-0.211615	0.350932	
188	-0.991570	-0.213750	0.356293	
189	-0.995988	-0.215672	0.361432	
190	-1.003941	-0.216061	0.367479	
191	-1.011164	-0.216901	0.373703	
192	-1.016248	-0.217616	0.380062	
193	-1.021690	-0.219206	0.385984	
194	-1.030818	-0.219546	0.392648	
195	-1.041030	-0.218814	0.399618	
196	-1.049609	-0.220436	0.405373	
197	-1.059327	-0.221212	0.410797	
198	-1.072128	-0.222294	0.416850	
199	-1.082992	-0.222991	0.421661	
200	-1.092515	-0.223767	0.425795	
201	-1.103920	-0.224318	0.430370	
202	-1.116814	-0.224885	0.435544	
203	-1.126102	-0.224621	0.439643	
204	-1.136844	-0.226769	0.443985	
205	-1.157746	-0.229894	0.452384	
206	-1.166231	-0.231509	0.455782	
207	-1.176610	-0.234628	0.460158	
208	-1.185916	-0.237496	0.464394	
209	-1.191970	-0.238483	0.468084	
210	-1.199776	-0.241851	0.471931	
211	-1.209522	-0.244630	0.476977	
212	-1.214781	-0.246186	0.481245	
213	-1.220707	-0.249018	0.485428	
214	-1.229628	-0.253179	0.490599	
215	-1.234752	-0.254348	0.495654	
216	-1.239249	-0.257393	0.500067	
217	-1.246961	-0.260826	0.505994	
218	-1.251337	-0.263354	0.511538	
219	-1.255730	-0.265838	0.517232	
220	-1.261433	-0.269420	0.523169	
221	-1.266749	-0.272026	0.529375	
222	-1.270616	-0.275249	0.534995	
223	-1.275454	-0.279747	0.540997	
224	-1.280135	-0.283505	0.547189	
225	-1.283673	-0.287422	0.553274	
226	-1.288098	-0.291701	0.559834	
227	-1.290531	-0.296054	0.565923	
228	-1.293141	-0.301521	0.571847	
229	-1.297092	-0.307729	0.578094	
230	-1.300329	-0.312290	0.583904	
231	-1.303805	-0.316373	0.589569	
232	-1.307842	-0.321290	0.595587	
233	-1.310229	-0.326462	0.601084	
234	-1.313937	-0.331535	0.607052	
235	-1.319639	-0.335404	0.614085	
236	-1.323346	-0.339745	0.619948	
237	-1.327010	-0.343876	0.625686	
238	-1.331355	-0.347806	0.631655	
239	-1.335646	-0.351412	0.637862	
240	-1.339737	-0.354885	0.643842	
241	-1.345189	-0.359378	0.650048	
242	-1.350331	-0.361793	0.656094	
243	-1.354997	-0.365106	0.661027	
244	-1.361606	-0.369836	0.666611	
245	-1.367174	-0.372926	0.671869	
246	-1.371223	-0.377585	0.676232	
247	-1.376860	-0.382643	0.680345	
248	-1.382776	-0.386541	0.684227	
249	-1.387907	-0.390453	0.687390	
250	-1.393435	-0.395152	0.690058	
251	-1.401358	-0.398096	0.693321	
252	-1.408036	-0.400824	0.696179	
253	-1.415019	-0.404607	0.698377	
254	-1.424330	-0.405853	0.701246	
255	-1.432861	-0.407087	0.703086	
256	-1.451784	-0.410428	0.706014	
257	-1.462926	-0.409698	0.707364	
258	-1.482662	-0.409964	0.708544	
259	-1.494586	-0.409619	0.709730	
260	-1.505664	-0.408560	0.710869	
261	-1.516155	-0.407210	0.711823	
262	-1.526470	-0.406692	0.712938	
263	-1.536724	-0.407309	0.714116	
264	-1.547133	-0.405535	0.715993	
265	-1.556695	-0.404851	0.717084	
266	-1.567895	-0.405248	0.718541	
267	-1.577530	-0.405427	0.720365	
268	-1.586550	-0.405935	0.721681	
269	-1.597743	-0.406024	0.723975	
270	-1.607245	-0.404861	0.726252	
271	-1.616828	-0.405080	0.728496	
272	-1.626927	-0.405885	0.731196	
273	-1.635531	-0.405887	0.733975	
274	-1.644231	-0.406695	0.736747	
275	-1.653589	-0.404365	0.740825	
276	-1.661892	-0.402459	0.745413	
277	-1.670187	-0.399981	0.750609	
278	-1.678077	-0.395590	0.756870	
279	-1.685494	-0.391404	0.764018	
280	-1.692097	-0.386904	0.771596	
281	-1.698201	-0.381598	0.779391	
282	-1.702794	-0.377339	0.787109	
283	-1.706475	-0.373388	0.795087	
284	-1.710170	-0.369671	0.803198	
285	-1.712832	-0.366511	0.810541	
286	-1.715625	-0.365526	0.818269	
287	-1.718369	-0.363291	0.827693	
288	-1.717705	-0.360465	0.835598	
289	-1.718938	-0.360467	0.843179	
290	-1.720093	-0.357964	0.852284	
291	-1.719754	-0.355890	0.860842	
292	-1.720245	-0.354731	0.869853	
293	-1.720811	-0.353231	0.878592	
294	-1.721835	-0.350864	0.888315	
295	-1.722901	-0.348633	0.897572	
296	-1.723674	-0.349120	0.906240	
297	-1.725169	-0.348833	0.915284	
298	-1.726238	-0.349617	0.924002	
299	-1.727442	-0.351028	0.931210	
300	-1.729550	-0.352354	0.938961	
301	-1.731756	-0.354082	0.946585	
302	-1.733944	-0.354343	0.954649	
303	-1.736027	-0.356527	0.961450	
304	-1.738519	-0.359130	0.968554	
305	-1.740704	-0.363629	0.974919	
306	-1.744439	-0.366257	0.981680	
307	-1.748268	-0.367751	0.988629	
308	-1.752528	-0.371254	0.995034	
309	-1.756096	-0.375090	1.000670	
310	-1.759756	-0.378613	1.006583	
311	-1.763503	-0.380350	1.012533	
312	-1.767235	-0.383846	1.018017	
313	-1.771307	-0.387066	1.023728	
314	-1.775433	-0.388830	1.029994	
315	-1.779786	-0.392307	1.035792	
316	-1.784680	-0.396615	1.040870	
317	-1.789565	-0.401266	1.045823	
318	-1.794846	-0.405381	1.051133	
319	-1.800244	-0.409372	1.056209	
320	-1.806201	-0.413718	1.061322	
321	-1.811581	-0.418787	1.065965	
322	-1.816859	-0.423653	1.070303	
323	-1.822646	-0.428667	1.074465	
324	-1.828101	-0.433349	1.078683	
325	-1.833683	-0.437405	1.082734	
326	-1.838417	-0.442837	1.085611	
327	-1.842867	-0.447858	1.088597	
328	-1.847643	-0.452864	1.091958	
329	-1.852479	-0.457638	1.095629	
330	-1.857056	-0.462425	1.100096	
331	-1.861461	-0.468747	1.104379	
332	-1.865720	-0.473100	1.108704	
333	-1.870027	-0.478954	1.114438	
334	-1.873451	-0.486310	1.118960	
335	-1.877605	-0.491103	1.124606	
336	-1.881724	-0.497146	1.130744	
337	-1.884992	-0.503264	1.134914	
338	-1.888529	-0.508863	1.141051	
339	-1.891132	-0.516202	1.146757	
340	-1.893319	-0.522672	1.151258	
341	-1.895792	-0.527816	1.157152	
342	-1.897815	-0.534119	1.164415	
343	-1.898925	-0.540123	1.168276	
344	-1.900856	-0.545002	1.174767	
345	-1.902224	-0.552387	1.182126	
346	-1.903418	-0.557545	1.187530	
347	-1.904865	-0.561007	1.194407	
348	-1.904672	-0.566144	1.200675	
349	-1.904505	-0.573239	1.204839	
350	-1.904873	-0.577422	1.210850	
351	-1.905460	-0.582937	1.218595	
352	-1.905173	-0.588412	1.223474	
353	-1.905352	-0.594138	1.230158	
354	-1.904953	-0.605346	1.242565	
355	-1.904672	-0.610627	1.249290	
356	-1.904182	-0.615782	1.255759	
357	-1.903907	-0.621667	1.262538	
358	-1.903773	-0.626928	1.269389	
359	-1.903139	-0.633988	1.277308	
360	-1.902545	-0.645331	1.292312	
361	-1.902119	-0.652137	1.300263	
362	-1.901691	-0.658527	1.307334	
363	-1.901539	-0.664887	1.315147	
364	-1.901497	-0.670272	1.322388	
365	-1.901431	-0.675129	1.329429	
366	-1.901623	-0.678946	1.337225	
367	-1.901400	-0.682140	1.342957	
368	-1.901402	-0.686137	1.348914	
369	-1.901226	-0.690259	1.355632	
370	-1.900639	-0.693717	1.361825	
371	-1.900437	-0.696410	1.366664	
372	-1.899874	-0.699266	1.372399	
373	-1.899615	-0.702120	1.376646	
374	-1.900163	-0.704630	1.380333	
375	-1.900457	-0.707098	1.385045	
376	-1.901207	-0.709280	1.389936	
377	-1.902220	-0.710781	1.393493	
378	-1.903640	-0.712485	1.398128	
379	-1.905181	-0.714079	1.403481	
380	-1.906953	-0.716062	1.408749	
381	-1.908880	-0.718131	1.413538	
382	-1.911140	-0.720942	1.419819	
383	-1.913659	-0.723850	1.424585	
384	-1.916241	-0.727527	1.429875	
385	-1.919640	-0.731230	1.435847	
386	-1.922856	-0.735763	1.440308	
387	-1.927026	-0.739719	1.446420	
388	-1.931033	-0.745082	1.451735	
389	-1.934935	-0.751326	1.456362	
390	-1.939759	-0.755352	1.461631	
391	-1.944215	-0.761807	1.466798	
392	-1.949148	-0.767153	1.471143	
393	-1.954414	-0.773333	1.477780	
394	-1.959737	-0.778693	1.482280	
395	-1.965174	-0.785420	1.487840	
396	-1.971124	-0.792122	1.495347	
397	-1.976605	-0.798384	1.500554	
398	-1.986822	-0.811965	1.511461	
399	-1.990821	-0.819497	1.516867	
400	-1.995239	-0.826502	1.521269	
401	-1.998786	-0.836075	1.528494	
402	-2.002066	-0.842430	1.532821	
403	-2.005635	-0.849683	1.538019	
404	-2.009220	-0.857796	1.546414	
405	-2.012125	-0.864144	1.553928	
406	-2.015122	-0.870516	1.559833	
407	-2.018352	-0.877575	1.568429	
408	-2.020484	-0.883368	1.577075	
409	-2.022759	-0.886282	1.582154	
410	-2.025078	-0.890927	1.588721	
411	-2.026916	-0.895675	1.597548	
412	-2.028564	-0.898134	1.604146	
413	-2.030189	-0.900465	1.610056	
414	-2.031497	-0.903723	1.617690	
415	-2.032362	-0.907467	1.626520	
416	-2.033815	-0.908438	1.633064	
417	-2.035305	-0.910344	1.640455	
418	-2.036792	-0.912029	1.649085	
419	-2.038431	-0.913409	1.655370	
420	-2.039825	-0.915800	1.663482	
421	-2.041690	-0.916404	1.670428	
422	-2.043079	-0.918017	1.677589	
423	-2.044571	-0.918814	1.683628	
424	-2.045974	-0.920220	1.690202	
425	-2.047093	-0.922135	1.697133	
426	-2.049627	-0.924314	1.707378	
427	-2.051078	-0.925618	1.712630	
428	-2.051996	-0.927718	1.718353	
429	-2.053442	-0.930106	1.723920	
430	-2.055562	-0.933592	1.728861	
431	-2.056848	-0.938199	1.736532	
432	-2.058334	-0.949468	1.747372	
433	-2.059134	-0.955362	1.752896	
434	-2.059826	-0.960999	1.757766	
435	-2.061269	-0.966423	1.760746	
436	-2.062417	-0.972257	1.765967	
437	-2.063594	-0.978955	1.771674	
438	-2.065336	-0.984513	1.775637	
439	-2.066864	-0.990806	1.782014	
440	-2.067926	-0.997076	1.786719	
441	-2.069389	-1.004002	1.791801	
442	-2.070838	-1.009560	1.797893	
443	-2.072274	-1.014938	1.802985	
444	-2.073515	-1.021383	1.808440	
445	-2.075097	-1.027038	1.813806	
446	-2.075903	-1.033814	1.820388	
447	-2.077379	-1.039830	1.824530	
448	-2.078745	-1.046607	1.829756	
449	-2.080088	-1.053118	1.836734	
450	-2.081398	-1.059345	1.840423	
451	-2.083362	-1.065829	1.847554	
452	-2.084763	-1.071366	1.853279	
453	-2.087733	-1.076698	1.857341	
454	-2.089266	-1.084878	1.866182	
455	-2.091410	-1.091038	1.872535	
456	-2.094522	-1.098230	1.879407	
457	-2.098336	-1.104588	1.887813	
458	-2.102421	-1.111787	1.896111	
459	-2.106117	-1.121517	1.906435	
460	-2.112304	-1.126828	1.914922	
461	-2.117289	-1.135002	1.925105	
462	-2.122692	-1.143176	1.937109	
463	-2.127790	-1.150145	1.947949	
464	-2.132067	-1.157522	1.959338	
465	-2.136797	-1.164698	1.970863	
466	-2.140379	-1.171549	1.982229	
467	-2.143513	-1.178329	1.992571	
468	-2.147186	-1.185186	2.002359	
469	-2.150721	-1.192616	2.012402	
470	-2.153445	-1.198349	2.023341	
471	-2.157307	-1.204836	2.032253	
472	-2.161283	-1.211269	2.043710	
473	-2.163988	-1.217252	2.053969	
474	-2.167051	-1.222677	2.064061	
475	-2.169557	-1.228278	2.073642	
476	-2.171305	-1.233789	2.083554	
477	-2.173620	-1.237716	2.092279	
478	-2.174665	-1.240935	2.101560	
479	-2.175050	-1.243895	2.110087	
480	-2.175873	-1.246759	2.117496	
481	-2.175481	-1.248497	2.126128	
482	-2.173068	-1.250202	2.135933	
483	-2.173261	-1.251456	2.142470	
484	-2.172971	-1.252515	2.150576	
485	-2.169148	-1.253624	2.160752	
486	-2.166789	-1.253944	2.168119	
487	-2.165475	-1.254224	2.174443	
488	-2.157548	-1.257929	2.194356	
489	-2.154977	-1.259251	2.201799	
490	-2.150820	-1.262080	2.212598	
491	-2.147389	-1.265065	2.218951	
492	-2.143819	-1.268829	2.226167	
493	-2.138704	-1.273360	2.234990	
494	-2.135443	-1.277425	2.241749	
495	-2.133105	-1.281252	2.247938	
496	-2.127934	-1.286451	2.258572	
497	-2.120710	-1.296944	2.271337	
498	-2.116193	-1.301603	2.279768	
499	-2.111283	-1.305369	2.288199	
500	-2.107936	-1.310803	2.291798	
501	-2.104838	-1.314335	2.297211	
502	-2.099219	-1.319435	2.304176	
503	-2.096607	-1.323144	2.307572	
504	-2.093025	-1.326286	2.312863	
505	-2.088940	-1.328677	2.319919	
506	-2.085743	-1.332718	2.324229	
507	-2.082305	-1.337378	2.327040	
508	-2.076905	-1.341799	2.332486	
509	-2.074163	-1.344914	2.334989	
510	-2.071235	-1.347855	2.337968	
511	-2.066179	-1.351021	2.343353	
512	-2.062028	-1.356194	2.344989	
513	-2.057766	-1.361534	2.346876	
514	-2.051340	-1.365967	2.352868	
515	-2.047859	-1.369335	2.356298	
516	-2.043119	-1.373864	2.360927	
517	-2.036959	-1.378795	2.367685	
518	-2.032529	-1.383542	2.373362	
519	-2.028219	-1.387567	2.381124	
520	-2.021400	-1.392862	2.391064	
521	-2.018134	-1.397190	2.398764	
522	-2.013503	-1.401353	2.408141	
523	-2.008341	-1.406999	2.417743	
524	-2.003799	-1.411998	2.427248	
525	-1.998158	-1.418412	2.436623	
526	-1.994849	-1.425587	2.443862	
527	-1.989707	-1.430556	2.453385	
528	-1.984164	-1.435678	2.462945	
529	-1.979874	-1.441422	2.471362	
530	-1.975780	-1.446609	2.479397	
531	-1.970980	-1.450882	2.488476	
532	-1.966794	-1.456003	2.496233	
533	-1.963171	-1.458802	2.505418	
534	-1.958381	-1.461731	2.513691	
535	-1.953170	-1.465896	2.521294	
536	-1.948899	-1.469575	2.528378	
537	-1.943556	-1.472399	2.535681	
538	-1.937290	-1.476868	2.541516	
539	-1.934762	-1.479443	2.547573	
540	-1.928992	-1.482904	2.553615	
541	-1.921430	-1.487714	2.559660	
542	-1.917545	-1.490841	2.565280	
543	-1.911820	-1.493586	2.571125	
544	-1.904485	-1.497055	2.576893	
545	-1.898482	-1.499745	2.582410	
546	-1.893454	-1.501568	2.587356	
547	-1.886544	-1.502896	2.593300	
548	-1.878421	-1.504806	2.597446	
549	-1.871528	-1.506304	2.601808	
550	-1.863925	-1.507659	2.605248	
551	-1.856171	-1.507793	2.610746	
552	-1.847324	-1.509140	2.613701	
553	-1.841141	-1.509344	2.617379	
554	-1.831289	-1.508350	2.622210	
555	-1.818089	-1.509412	2.627037	
556	-1.811844	-1.508684	2.630653	
557	-1.801959	-1.507594	2.636072	
558	-1.789486	-1.507106	2.641299	
559	-1.781536	-1.506151	2.645740	
560	-1.772978	-1.504358	2.650433	
561	-1.760660	-1.503501	2.655198	
562	-1.751026	-1.503310	2.658879	
563	-1.733144	-1.500597	2.666047	
564	-1.721988	-1.500858	2.669251	
565	-1.713698	-1.500511	2.671131	
566	-1.704153	-1.499892	2.673286	
567	-1.694037	-1.500041	2.675804	
568	-1.685378	-1.500911	2.676058	
569	-1.677695	-1.501480	2.676828	
570	-1.668711	-1.501726	2.679249	
571	-1.660737	-1.502671	2.680223	
572	-1.653306	-1.504560	2.679218	
573	-1.645313	-1.506270	2.679359	
574	-1.637512	-1.507783	2.680102	
575	-1.631227	-1.508686	2.680440	
576	-1.624866	-1.509455	2.681168	
577	-1.616764	-1.510525	2.683025	
578	-1.605453	-1.513637	2.683413	
579	-1.598532	-1.514298	2.685068	
580	-1.591028	-1.515277	2.686670	
581	-1.585997	-1.516904	2.686378	
582	-1.579432	-1.517284	2.688519	
583	-1.571528	-1.519354	2.689927	
584	-1.566663	-1.521063	2.690885	
585	-1.553962	-1.523230	2.695344	
586	-1.548368	-1.524270	2.698230	
587	-1.543023	-1.525133	2.700267	
588	-1.536500	-1.526042	2.702911	
589	-1.530056	-1.527328	2.703933	
590	-1.517411	-1.528498	2.708873	
591	-1.511396	-1.529308	2.711447	
592	-1.503908	-1.530567	2.714087	
593	-1.498490	-1.531163	2.717349	
594	-1.492914	-1.532480	2.720010	
595	-1.485781	-1.533492	2.722748	
596	-1.478967	-1.533859	2.726396	
597	-1.475042	-1.533850	2.729217	
598	-1.468028	-1.533578	2.732348	
599	-1.460951	-1.533211	2.735720	
600	-1.455975	-1.532868	2.737426	
601	-1.450981	-1.532744	2.737894	
602	-1.442244	-1.531534	2.742415	
603	-1.435362	-1.529527	2.746809	
604	-1.430897	-1.529433	2.746224	
605	-1.422162	-1.528323	2.749440	
606	-1.412920	-1.526859	2.752795	
607	-1.407531	-1.525825	2.753924	
608	-1.398991	-1.524204	2.757580	
609	-1.390790	-1.523376	2.758307	
610	-1.382022	-1.522242	2.760952	
611	-1.374244	-1.521183	2.762925	
612	-1.367551	-1.519983	2.763192	
613	-1.357913	-1.519148	2.763731	
614	-1.350599	-1.517998	2.763105	
615	-1.343607	-1.516657	2.762055	
616	-1.335089	-1.515142	2.761423	
617	-1.327244	-1.513951	2.760785	
618	-1.320770	-1.513246	2.758650	
619	-1.311475	-1.513335	2.756456	
620	-1.304594	-1.513352	2.755000	
621	-1.299138	-1.513313	2.752746	
622	-1.291143	-1.513358	2.751471	
623	-1.283962	-1.513659	2.749670	
624	-1.278888	-1.514371	2.745661	
625	-1.271234	-1.514650	2.744160	
626	-1.263967	-1.514990	2.742360	
627	-1.251025	-1.515523	2.738472	
628	-1.243171	-1.516391	2.736343	
629	-1.237776	-1.517585	2.733468	
630	-1.230357	-1.518708	2.732140	
631	-1.224111	-1.519742	2.730594	
632	-1.217755	-1.521349	2.728262	
633	-1.211014	-1.522982	2.726062	
634	-1.205338	-1.524045	2.723990	
635	-1.199792	-1.524978	2.722538	
636	-1.194664	-1.525442	2.721387	
637	-1.185440	-1.525501	2.716968	
638	-1.181366	-1.525346	2.714561	
639	-1.176443	-1.524147	2.713280	
640	-1.169841	-1.523473	2.710944	
641	-1.163243	-1.522905	2.709115	
642	-1.160882	-1.521864	2.706922	
643	-1.157277	-1.520307	2.705711	
644	-1.150557	-1.519524	2.703996	
645	-1.147626	-1.517918	2.703065	
646	-1.144702	-1.516022	2.702115	
647	-1.138156	-1.514235	2.701198	
648	-1.132132	-1.512592	2.699626	
649	-1.128372	-1.510718	2.697985	
650	-1.123466	-1.508464	2.696419	
651	-1.117735	-1.505890	2.694459	
652	-1.112268	-1.502611	2.693197	
653	-1.107764	-1.499106	2.691442	
654	-1.101084	-1.495612	2.689786	
655	-1.094832	-1.491855	2.687979	
656	-1.089703	-1.487712	2.686133	
657	-1.080886	-1.484140	2.683803	
658	-1.078087	-1.479401	2.682397	
659	-1.073470	-1.474682	2.681168	
660	-1.063742	-1.471892	2.678369	
661	-1.058846	-1.467973	2.676883	
662	-1.055293	-1.463835	2.675014	
663	-1.049169	-1.460035	2.672126	
664	-1.044455	-1.455955	2.669144	
665	-1.040415	-1.451631	2.666166	
666	-1.036822	-1.446954	2.662498	
667	-1.033966	-1.441957	2.658955	
668	-1.027700	-1.437839	2.653876	
669	-1.021914	-1.433122	2.649449	
670	-1.018223	-1.427088	2.646409	
671	-1.010971	-1.422444	2.641055	
672	-1.002196	-1.417102	2.636120	
673	-0.988873	-1.407967	2.624574	
674	-0.975931	-1.403894	2.618442	
675	-0.965528	-1.396908	2.607207	
676	-0.960248	-1.395551	2.600044	
677	-0.959182	-1.390954	2.596767	
678	-0.956134	-1.386287	2.593488	
679	-0.948487	-1.383429	2.587756	
680	-0.942131	-1.379658	2.583509	
681	-0.939264	-1.374450	2.581330	
682	-0.933156	-1.371422	2.577719	
683	-0.927209	-1.368028	2.574921	
684	-0.918364	-1.359989	2.571696	
685	-0.913191	-1.357347	2.569229	
686	-0.911841	-1.351401	2.570024	
687	-0.908136	-1.347229	2.569276	
688	-0.901528	-1.345100	2.567377	
689	-0.899751	-1.338395	2.569901	
690	-0.896688	-1.333561	2.570311	
691	-0.892039	-1.329998	2.569876	
692	-0.889230	-1.324815	2.571380	
693	-0.888508	-1.319071	2.573668	
694	-0.884265	-1.316566	2.573403	
695	-0.881821	-1.312387	2.575143	
696	-0.880736	-1.307961	2.576841	
697	-0.875182	-1.307307	2.575561	
698	-0.874094	-1.302909	2.578204	
699	-0.872860	-1.299864	2.579826	
700	-0.868038	-1.299603	2.579448	
701	-0.867343	-1.295985	2.582225	
702	-0.865337	-1.293609	2.583600	
703	-0.861651	-1.292173	2.584949	
704	-0.860206	-1.289109	2.587995	
705	-0.857457	-1.286970	2.590189	
706	-0.855010	-1.284538	2.592977	
707	-0.852409	-1.281766	2.595925	
708	-0.850474	-1.279134	2.598885	
709	-0.846929	-1.277472	2.600832	
710	-0.844873	-1.274558	2.603786	
711	-0.842752	-1.271820	2.606663	
712	-0.834446	-1.265084	2.615262	
713	-0.828956	-1.265164	2.615412	
714	-0.822949	-1.265419	2.616634	
715	-0.821757	-1.262661	2.620614	
716	-0.815696	-1.263677	2.621624	
717	-0.812230	-1.263075	2.624393	
718	-0.810507	-1.260714	2.628069	
719	-0.805841	-1.260942	2.629932	
720	-0.802308	-1.260194	2.632626	
721	-0.799906	-1.258366	2.636001	
722	-0.794485	-1.259444	2.636663	
723	-0.789435	-1.260035	2.638807	
724	-0.787138	-1.258833	2.642201	
725	-0.784022	-1.258698	2.644396	
726	-0.777716	-1.261218	2.644857	
727	-0.775503	-1.259589	2.649391	
728	-0.772486	-1.258971	2.652257	
729	-0.766806	-1.261006	2.653176	
730	-0.763226	-1.260545	2.657747	
731	-0.760688	-1.260017	2.660414	
732	-0.755128	-1.261835	2.661523	
733	-0.752555	-1.261133	2.665774	
734	-0.748875	-1.261606	2.668212	
735	-0.744022	-1.263525	2.669438	
736	-0.741871	-1.262823	2.673119	
737	-0.738210	-1.263624	2.675081	
738	-0.734155	-1.265138	2.677180	
739	-0.731601	-1.265907	2.680112	
740	-0.727027	-1.269427	2.680022	
741	-0.725015	-1.270962	2.682857	
742	-0.723476	-1.271854	2.686079	
743	-0.722283	-1.273040	2.688127	
744	-0.722012	-1.272969	2.691853	
745	-0.719765	-1.274324	2.694057	
746	-0.718392	-1.275424	2.697350	
747	-0.717066	-1.276353	2.700442	
748	-0.714851	-1.277456	2.703027	
749	-0.712549	-1.278836	2.705663	
750	-0.712699	-1.278131	2.709969	
751	-0.709733	-1.280012	2.712467	
752	-0.707521	-1.281559	2.716679	
753	-0.706529	-1.282406	2.721907	
754	-0.704164	-1.284638	2.725784	
755	-0.701043	-1.287974	2.729095	
756	-0.699545	-1.290326	2.734333	
757	-0.697649	-1.293400	2.738861	
758	-0.693623	-1.298592	2.742720	
759	-0.693113	-1.301221	2.749347	
760	-0.690052	-1.305603	2.753933	
761	-0.687507	-1.309571	2.759829	
762	-0.685797	-1.313067	2.766728	
763	-0.684125	-1.316423	2.772280	
764	-0.681601	-1.320182	2.777724	
765	-0.678859	-1.324281	2.783363	
766	-0.675851	-1.328740	2.789095	
767	-0.674078	-1.331935	2.796027	
768	-0.670483	-1.336820	2.800390	
769	-0.668358	-1.340147	2.806694	
770	-0.668055	-1.341716	2.813538	
771	-0.663547	-1.346473	2.817265	
772	-0.660957	-1.349377	2.823063	
773	-0.658624	-1.351705	2.828228	
774	-0.654050	-1.355590	2.830256	
775	-0.652741	-1.356211	2.836562	
776	-0.651124	-1.356660	2.841571	
777	-0.646019	-1.358907	2.844511	
778	-0.642298	-1.359813	2.848636	
779	-0.638321	-1.360450	2.852731	
780	-0.632460	-1.363351	2.853099	
781	-0.627872	-1.365079	2.855000	
782	-0.623538	-1.366766	2.856287	
783	-0.617700	-1.369291	2.855822	
784	-0.611376	-1.372073	2.856755	
785	-0.606424	-1.373816	2.858508	
786	-0.599161	-1.375988	2.859237	
787	-0.593720	-1.377662	2.860499	
788	-0.581842	-1.381055	2.864500	
789	-0.574278	-1.383182	2.866848	
790	-0.567657	-1.385342	2.869563	
791	-0.559855	-1.387914	2.870618	
792	-0.552062	-1.390236	2.871700	
793	-0.543099	-1.393817	2.872238	
794	-0.536010	-1.395913	2.874608	
795	-0.527332	-1.398474	2.875392	
796	-0.517770	-1.401769	2.875489	
797	-0.510722	-1.403017	2.878314	
798	-0.502930	-1.404814	2.879873	
799	-0.493586	-1.407923	2.880397	
800	-0.486473	-1.409393	2.883174	
801	-0.469619	-1.414947	2.882920	
802	-0.457189	-1.417604	2.884956	
803	-0.444894	-1.420527	2.885586	
804	-0.439225	-1.421662	2.885986	
805	-0.432553	-1.423384	2.885155	
806	-0.428523	-1.422762	2.886778	
807	-0.421976	-1.423354	2.886278	
808	-0.415011	-1.424348	2.885585	
809	-0.408617	-1.423726	2.886501	
810	-0.400967	-1.424807	2.885535	
811	-0.392722	-1.426458	2.884368	
812	-0.385661	-1.425797	2.885486	
813	-0.379321	-1.426681	2.885595	
814	-0.371184	-1.428168	2.884501	
815	-0.365078	-1.427574	2.885692	
816	-0.358233	-1.428400	2.885491	
817	-0.350299	-1.429357	2.883741	
818	-0.345263	-1.428320	2.884121	
819	-0.338526	-1.429340	2.881563	
820	-0.332683	-1.430102	2.879633	
821	-0.326940	-1.429657	2.878609	
822	-0.321105	-1.429493	2.876940	
823	-0.315185	-1.428875	2.875432	
824	-0.309329	-1.427352	2.874331	
825	-0.303411	-1.426980	2.872271	
826	-0.297814	-1.425035	2.870865	
827	-0.293146	-1.422382	2.869671	
828	-0.288295	-1.420240	2.867547	
829	-0.276234	-1.414173	2.863738	
830	-0.270344	-1.411273	2.860664	
831	-0.264991	-1.408241	2.856892	
832	-0.259029	-1.403796	2.853588	
833	-0.253201	-1.399630	2.849495	
834	-0.245770	-1.396061	2.844127	
835	-0.238387	-1.391279	2.839516	
836	-0.230096	-1.386178	2.834947	
837	-0.221601	-1.383090	2.828360	
838	-0.212054	-1.379379	2.822176	
839	-0.203774	-1.375037	2.816252	
840	-0.194713	-1.371535	2.809686	
841	-0.177137	-1.364836	2.795537	
842	-0.169647	-1.361522	2.788808	
843	-0.162190	-1.358706	2.781256	
844	-0.154141	-1.354963	2.774868	
845	-0.148160	-1.352788	2.767717	
846	-0.140150	-1.349733	2.761579	
847	-0.132936	-1.346847	2.754800	
848	-0.127813	-1.345245	2.748469	
849	-0.119938	-1.341982	2.742939	
850	-0.114021	-1.342860	2.733656	
851	-0.106318	-1.342522	2.726632	
852	-0.097725	-1.339080	2.722510	
853	-0.094556	-1.340263	2.714600	
854	-0.088196	-1.341566	2.707311	
855	-0.081059	-1.340970	2.701067	
856	-0.076554	-1.340598	2.694288	
857	-0.071338	-1.339902	2.687356	
858	-0.066333	-1.339071	2.679901	
859	-0.060050	-1.337737	2.672966	
860	-0.053479	-1.335856	2.667104	
861	-0.048378	-1.335809	2.659650	
862	-0.041561	-1.335613	2.653660	
863	-0.034517	-1.336440	2.646536	
864	-0.027255	-1.337636	2.640368	
865	-0.019966	-1.338535	2.635069	
866	-0.013536	-1.340611	2.628526	
867	-0.005466	-1.342488	2.622723	
868	0.001490	-1.344239	2.617501	
869	0.007190	-1.346656	2.610827	
870	0.012957	-1.349432	2.603807	
871	0.020731	-1.351221	2.598143	
872	0.026572	-1.353504	2.591658	
873	0.032952	-1.355684	2.584488	
874	0.037827	-1.358235	2.576621	
875	0.050040	-1.360446	2.563014	
876	0.052857	-1.362434	2.553999	
877	0.057638	-1.363448	2.546476	
878	0.060532	-1.364885	2.537217	
879	0.068653	-1.364773	2.522280	
880	0.070125	-1.364349	2.513524	
881	0.072423	-1.363991	2.505031	
882	0.076943	-1.362180	2.498758	
883	0.078897	-1.361163	2.491239	
884	0.080177	-1.361039	2.482553	
885	0.080691	-1.359684	2.474084	
886	0.084081	-1.358475	2.464721	
887	0.085558	-1.357363	2.455902	
888	0.088677	-1.355603	2.446696	
889	0.090697	-1.353901	2.438661	
890	0.093813	-1.352683	2.429400	
891	0.096001	-1.352487	2.419419	
892	0.099537	-1.351522	2.410368	
893	0.101711	-1.350731	2.400353	
894	0.103664	-1.350702	2.388589	
895	0.107255	-1.351039	2.378103	
896	0.110719	-1.351860	2.368865	
897	0.114194	-1.353033	2.361620	
898	0.119091	-1.353464	2.354708	
899	0.122882	-1.353136	2.347581	
900	0.125901	-1.352467	2.339742	
901	0.128364	-1.351497	2.332998	
902	0.132410	-1.349684	2.326575	
903	0.134707	-1.347924	2.319788	
904	0.137681	-1.346368	2.313234	
905	0.140713	-1.344295	2.307329	
906	0.143254	-1.342185	2.301197	
907	0.146479	-1.340797	2.294612	
908	0.150548	-1.338606	2.288896	
909	0.155867	-1.336808	2.282711	
910	0.160584	-1.335747	2.277796	
911	0.166543	-1.333840	2.274759	
912	0.172215	-1.332715	2.271429	
913	0.176541	-1.332376	2.268280	
914	0.182149	-1.330583	2.264891	
915	0.187520	-1.328524	2.260967	
916	0.192478	-1.326710	2.257773	
917	0.194661	-1.324339	2.256063	
918	0.198038	-1.322249	2.253207	
919	0.202335	-1.320902	2.250415	
920	0.205289	-1.318667	2.249138	
921	0.208583	-1.317090	2.247334	
922	0.212724	-1.316076	2.245436	
923	0.216437	-1.314468	2.244158	
924	0.220477	-1.313400	2.242603	
925	0.224432	-1.312628	2.241844	
926	0.228160	-1.311323	2.242213	
927	0.233537	-1.311007	2.241453	
928	0.238146	-1.311021	2.241798	
929	0.240314	-1.310137	2.243571	
930	0.245625	-1.310162	2.244070	
931	0.249598	-1.310809	2.245839	
932	0.252258	-1.310858	2.249276	
933	0.255686	-1.311599	2.250929	
934	0.258478	-1.312245	2.253376	
935	0.261009	-1.312618	2.256082	
936	0.264071	-1.313338	2.257142	
937	0.266727	-1.314240	2.259129	
938	0.268912	-1.314470	2.263351	
939	0.270424	-1.314994	2.267247	
940	0.272826	-1.315501	2.270966	
941	0.275636	-1.315843	2.273752	
942	0.279256	-1.316367	2.276893	
943	0.281732	-1.316893	2.280238	
944	0.283459	-1.316753	2.285093	
945	0.286187	-1.316987	2.288338	
946	0.289908	-1.317262	2.291244	
947	0.292314	-1.317420	2.295286	
948	0.295671	-1.318493	2.297444	
949	0.298450	-1.318975	2.300694	
950	0.305396	-1.320406	2.304060	
951	0.307256	-1.320961	2.307677	
952	0.308836	-1.320923	2.309143	
953	0.311250	-1.320774	2.312967	
954	0.312226	-1.319399	2.316290	
955	0.314859	-1.318362	2.319008	
956	0.317329	-1.317466	2.321202	
957	0.319291	-1.315859	2.326316	
958	0.319884	-1.313877	2.331312	
959	0.320136	-1.311815	2.335641	
960	0.323149	-1.311182	2.339655	
961	0.324763	-1.310655	2.344963	
962	0.325451	-1.309146	2.350356	
963	0.329607	-1.309636	2.352032	
964	0.331200	-1.309272	2.357602	
965	0.331575	-1.308658	2.363273	
966	0.337066	-1.309791	2.365954	
967	0.338727	-1.309582	2.371464	
968	0.342395	-1.310100	2.376931	
969	0.348734	-1.312641	2.380106	
970	0.352023	-1.313672	2.386062	
971	0.353833	-1.314320	2.392954	
972	0.358564	-1.316653	2.397021	
973	0.361114	-1.317649	2.405927	
974	0.361371	-1.316803	2.413250	
975	0.364717	-1.318750	2.418154	
976	0.366147	-1.318950	2.427689	
977	0.369455	-1.320548	2.432651	
978	0.373807	-1.323741	2.440705	
979	0.372300	-1.321886	2.448061	
980	0.374190	-1.322540	2.449718	
981	0.378631	-1.323861	2.455447	
982	0.379235	-1.323128	2.463386	
983	0.381369	-1.324283	2.466300	
984	0.383686	-1.324705	2.471511	
985	0.383661	-1.324177	2.477375	
986	0.384637	-1.324759	2.480477	
987	0.386885	-1.325086	2.485694	
988	0.388849	-1.326093	2.490316	
989	0.390698	-1.327356	2.492583	
990	0.393072	-1.327340	2.499382	
991	0.393738	-1.327098	2.503723	
992	0.394732	-1.327867	2.507173	
993	0.396188	-1.326297	2.513837	
994	0.397873	-1.325824	2.517130	
995	0.400701	-1.326482	2.520069	
996	0.402587	-1.324454	2.525466	
997	0.401218	-1.320739	2.532746	
998	0.402903	-1.319917	2.535385	
999	0.405065	-1.317948	2.541442	
1000	0.407917	-1.315861	2.553629	
1001	0.409107	-1.313096	2.563895	
1002	0.410021	-1.312337	2.572025	
1003	0.410635	-1.313140	2.577521	
1004	0.410645	-1.311624	2.584740	
1005	0.410202	-1.311470	2.590028	
1006	0.410018	-1.310071	2.595322	
1007	0.410341	-1.309672	2.598974	
1008	0.410744	-1.309805	2.602786	
1009	0.410789	-1.309523	2.605737	
1010	0.411063	-1.310290	2.607798	
1011	0.412704	-1.311018	2.610830	
1012	0.412601	-1.310143	2.613810	
1013	0.412845	-1.309802	2.617553	
1014	0.414022	-1.310148	2.617788	
1015	0.416666	-1.312897	2.622387	
1016	0.415832	-1.311885	2.626236	
1017	0.417466	-1.312243	2.627981	
1018	0.419844	-1.313635	2.630259	
1019	0.421898	-1.312025	2.632578	
1020	0.424144	-1.312137	2.631841	
1021	0.422715	-1.308712	2.633444	
1022	0.425224	-1.308405	2.632988	
1023	0.425772	-1.302485	2.631236	
1024	0.428467	-1.296233	2.627347	
1025	0.427867	-1.290877	2.625841	
1026	0.428522	-1.287421	2.625475	
1027	0.431679	-1.285327	2.623584	
1028	0.432558	-1.281190	2.623028	
1029	0.434297	-1.277788	2.623619	
1030	0.436915	-1.274646	2.623364	
1031	0.436852	-1.269028	2.623705	
1032	0.438975	-1.265661	2.624298	
1033	0.442600	-1.264040	2.625023	
1034	0.442885	-1.259132	2.625554	
1035	0.445518	-1.255605	2.624428	
1036	0.449271	-1.254487	2.625336	
1037	0.451025	-1.251000	2.625193	
1038	0.452182	-1.247381	2.625740	
1039	0.455873	-1.245621	2.624788	
1040	0.458055	-1.243477	2.624363	
1041	0.459805	-1.240637	2.623089	
1042	0.461448	-1.237841	2.621191	
1043	0.464171	-1.236304	2.618563	
1044	0.465520	-1.233865	2.616237	
1045	0.467056	-1.232203	2.615048	
1046	0.468973	-1.230982	2.614227	
1047	0.470304	-1.227450	2.613814	
1048	0.472543	-1.226619	2.612991	
1049	0.473572	-1.225103	2.612280	
1050	0.474210	-1.224427	2.613101	
1051	0.475064	-1.223640	2.613634	
1052	0.475862	-1.222114	2.613400	
1053	0.475970	-1.221442	2.615087	
1054	0.476948	-1.219427	2.614187	
1055	0.477586	-1.217553	2.614233	
1056	0.477380	-1.216714	2.616754	
1057	0.477449	-1.215076	2.618339	
1058	0.477055	-1.215297	2.622907	
1059	0.477046	-1.212486	2.623211	
1060	0.478235	-1.210973	2.623736	
1061	0.477889	-1.212810	2.629321	
1062	0.475928	-1.211409	2.632786	
1063	0.476654	-1.211769	2.635435	
1064	0.477419	-1.209921	2.635452	
1065	0.476543	-1.206515	2.635235	
1066	0.478892	-1.207877	2.637356	
1067	0.479498	-1.206707	2.638300	
1068	0.478432	-1.204079	2.639837	
1069	0.480130	-1.204905	2.642625	
1070	0.480151	-1.207029	2.648656	
1071	0.477228	-1.204723	2.653481	
1072	0.477070	-1.203214	2.656169	
1073	0.475996	-1.204906	2.663896	
1074	0.473285	-1.201192	2.667268	
1075	0.473554	-1.199200	2.669327	
1076	0.473167	-1.196163	2.670680	
1077	0.471118	-1.194920	2.676357	
1078	0.470148	-1.193931	2.680879	
1079	0.469329	-1.193738	2.685773	
1080	0.468851	-1.193836	2.690278	
1081	0.466482	-1.191824	2.694725	
1082	0.468023	-1.192227	2.697193	
1083	0.468400	-1.192104	2.700151	
1084	0.465627	-1.189707	2.704114	
1085	0.468668	-1.191473	2.704517	
1086	0.468625	-1.190960	2.705465	
1087	0.466237	-1.187217	2.705423	
1088	0.467841	-1.188298	2.704806	
1089	0.465148	-1.184911	2.703803	
1090	0.461882	-1.184809	2.707153	
1091	0.462838	-1.186881	2.706117	
1092	0.459660	-1.186663	2.707793	
1093	0.456772	-1.186735	2.709030	
1094	0.456917	-1.188854	2.706867	
1095	0.452260	-1.189234	2.710619	
1096	0.451430	-1.190476	2.708924	
1097	0.449978	-1.192461	2.708849	
1098	0.445561	-1.190866	2.709449	
1099	0.445136	-1.194627	2.709978	
1100	0.441694	-1.196508	2.712440	
1101	0.435504	-1.200187	2.716212	
1102	0.431546	-1.201249	2.718698	
1103	0.428158	-1.203438	2.722610	
1104	0.424345	-1.206982	2.729214	
1105	0.419776	-1.207758	2.732708	
1106	0.415941	-1.210446	2.737944	
1107	0.412517	-1.211508	2.739758	
1108	0.407999	-1.213409	2.745200	
1109	0.404052	-1.215934	2.750197	
1110	0.399810	-1.216830	2.752481	
1111	0.395823	-1.220153	2.757730	
1112	0.391363	-1.222891	2.761735	
1113	0.387265	-1.226728	2.766489	
1114	0.382172	-1.227879	2.768034	
1115	0.377830	-1.231843	2.772988	
1116	0.366185	-1.237151	2.782024	
1117	0.361176	-1.240588	2.785575	
1118	0.355789	-1.244159	2.790135	
1119	0.349013	-1.245312	2.792870	
1120	0.343538	-1.247257	2.794333	
1121	0.337565	-1.251113	2.801886	
1122	0.331458	-1.252397	2.804351	
1123	0.327706	-1.258462	2.811416	
1124	0.321758	-1.261576	2.819012	
1125	0.315176	-1.259855	2.817916	
1126	0.310955	-1.262398	2.821242	
1127	0.305730	-1.262827	2.824358	
1128	0.301918	-1.265016	2.828077	
1129	0.298184	-1.266562	2.829728	
1130	0.293930	-1.266555	2.831413	
1131	0.292302	-1.270961	2.836183	
1132	0.289402	-1.272151	2.838303	
1133	0.286831	-1.273007	2.838601	
1134	0.285987	-1.275288	2.838298	
1135	0.284856	-1.277728	2.840131	
1136	0.283533	-1.278887	2.839625	
1137	0.282508	-1.280407	2.840138	
1138	0.282335	-1.282813	2.840368	
1139	0.280756	-1.282944	2.841268	
1140	0.280009	-1.283266	2.840028	
1141	0.279874	-1.285292	2.841615	
1142	0.277781	-1.284135	2.841390	
1143	0.276905	-1.285199	2.843004	
1144	0.275457	-1.285242	2.842637	
1145	0.273361	-1.284757	2.844239	
1146	0.271764	-1.284934	2.846172	
1147	0.270118	-1.286103	2.851214	
1148	0.266972	-1.284776	2.852520	
1149	0.265407	-1.286395	2.856655	
1150	0.264428	-1.288910	2.860876	
1151	0.260844	-1.289206	2.866268	
1152	0.260006	-1.293110	2.871357	
1153	0.257979	-1.295429	2.875030	
1154	0.254556	-1.296985	2.879111	
1155	0.252766	-1.300187	2.881958	
1156	0.250320	-1.302887	2.885028	
1157	0.247843	-1.305891	2.887814	
1158	0.245820	-1.309458	2.890914	
1159	0.243434	-1.312465	2.894258	
1160	0.241384	-1.315687	2.896277	
1161	0.238901	-1.319221	2.899301	
1162	0.236314	-1.322232	2.902138	
1163	0.234884	-1.326756	2.903645	
1164	0.231827	-1.329196	2.907304	
1165	0.229592	-1.332397	2.907803	
1166	0.228093	-1.336459	2.910876	
1167	0.225599	-1.338935	2.913265	
1168	0.224415	-1.342902	2.915093	
1169	0.222939	-1.346313	2.918417	
1170	0.220956	-1.348738	2.921447	
1171	0.219913	-1.352165	2.924224	
1172	0.218637	-1.355267	2.927959	
1173	0.216494	-1.357391	2.930531	
1174	0.214045	-1.359573	2.932914	
1175	0.213146	-1.363252	2.935109	
1176	0.210185	-1.364491	2.940525	
1177	0.207670	-1.366195	2.942300	
1178	0.205938	-1.368612	2.947125	
1179	0.202773	-1.369822	2.951381	
1180	0.200469	-1.371896	2.955245	
1181	0.198416	-1.374953	2.959748	
1182	0.195929	-1.377667	2.964086	
1183	0.193182	-1.380921	2.969252	
1184	0.190464	-1.384652	2.974128	
1185	0.186600	-1.388062	2.978225	
1186	0.182731	-1.391771	2.982360	
1187	0.179024	-1.396607	2.987621	
1188	0.174215	-1.400376	2.993748	
1189	0.170387	-1.404922	2.998186	
1190	0.166533	-1.409956	3.002911	
1191	0.160840	-1.413471	3.008792	
1192	0.156219	-1.418058	3.013375	
1193	0.150491	-1.422810	3.019016	
1194	0.143762	-1.426940	3.025511	
1195	0.138941	-1.432768	3.031171	
1196	0.133727	-1.438162	3.037450	
1197	0.128643	-1.442924	3.043749	
1198	0.124197	-1.447987	3.050807	
1199	0.119557	-1.452997	3.057297	
1200	0.115026	-1.458138	3.063431	
1201	0.110484	-1.463194	3.069669	
1202	0.103023	-1.474237	3.085706	
1203	0.099303	-1.479476	3.092732	
1204	0.095840	-1.484476	3.100199	
1205	0.092801	-1.489642	3.107234	
1206	0.090740	-1.495124	3.115727	
1207	0.088136	-1.499520	3.124400	
1208	0.086758	-1.504517	3.132002	
1209	0.085041	-1.509277	3.140639	
1210	0.083271	-1.514175	3.149077	
1211	0.081309	-1.518612	3.154457	
1212	0.079215	-1.522644	3.161874	
1213	0.076213	-1.530097	3.173591	
1214	0.076159	-1.534245	3.180391	
1215	0.076263	-1.538087	3.184720	
1216	0.077397	-1.542405	3.190608	
1217	0.078935	-1.546304	3.196429	
1218	0.080966	-1.549866	3.203040	
1219	0.083938	-1.553506	3.208189	
1220	0.087138	-1.557031	3.213882	
1221	0.091374	-1.560537	3.220466	
1222	0.095675	-1.563353	3.226228	
1223	0.100896	-1.566563	3.231997	
1224	0.106597	-1.568950	3.239666	
1225	0.113017	-1.571366	3.246191	
1226	0.120312	-1.573776	3.253301	
1227	0.127365	-1.575728	3.261470	
1228	0.135386	-1.577847	3.268966	
1229	0.144270	-1.581199	3.275759	
1230	0.152629	-1.583743	3.285161	
1231	0.161003	-1.586689	3.291877	
1232	0.170086	-1.590463	3.299495	
1233	0.178292	-1.593692	3.306583	
1234	0.186406	-1.597592	3.312517	
1235	0.194862	-1.601497	3.318922	
1236	0.202534	-1.604588	3.324135	
1237	0.210500	-1.608241	3.328785	
1238	0.218275	-1.611252	3.333979	
1239	0.226004	-1.614523	3.340050	
1240	0.232998	-1.618638	3.345572	
1241	0.239112	-1.622947	3.350609	
1242	0.245852	-1.627235	3.356988	
1243	0.251225	-1.631238	3.361206	
1244	0.257051	-1.634990	3.366303	
1245	0.262099	-1.638591	3.371621	
1246	0.267575	-1.643154	3.375699	
1247	0.273653	-1.647157	3.382298	
1248	0.278864	-1.651584	3.387359	
1249	0.284942	-1.657148	3.392198	
1250	0.296553	-1.665064	3.400540	
1251	0.302511	-1.670057	3.405781	
1252	0.308850	-1.675412	3.411338	
1253	0.316245	-1.680802	3.417494	
1254	0.330246	-1.692456	3.430454	
1255	0.337324	-1.698345	3.437341	
1256	0.343522	-1.703764	3.443798	
1257	0.350572	-1.708741	3.450454	
1258	0.356779	-1.713020	3.457508	
1259	0.363204	-1.716471	3.464764	
1260	0.369697	-1.721300	3.469410	
1261	0.376749	-1.725646	3.474867	
1262	0.383078	-1.729879	3.480326	
1263	0.389663	-1.733623	3.484887	
1264	0.395855	-1.736870	3.489040	
1265	0.402845	-1.739406	3.493880	
1266	0.410527	-1.741949	3.498352	
1267	0.419604	-1.745188	3.501781	
1268	0.428758	-1.747631	3.506163	
1269	0.437578	-1.750020	3.509835	
1270	0.447367	-1.752369	3.513484	
1271	0.457382	-1.754095	3.517031	
1272	0.467428	-1.755642	3.520709	
1273	0.479537	-1.757681	3.523294	
1274	0.490985	-1.759138	3.526260	
1275	0.502470	-1.759693	3.529579	
1276	0.514783	-1.761709	3.531075	
1277	0.527325	-1.762336	3.534101	
1278	0.539913	-1.763113	3.536379	
1279	0.552035	-1.762934	3.539351	
1280	0.564914	-1.763350	3.541417	
1281	0.576781	-1.763769	3.543298	
1282	0.588830	-1.763971	3.545095	
1283	0.600335	-1.764765	3.545806	
1284	0.612820	-1.766352	3.546489	
1285	0.625447	-1.767333	3.548275	
1286	0.639006	-1.768579	3.549999	
1287	0.651423	-1.769997	3.551163	
1288	0.663169	-1.771260	3.552097	
1289	0.675741	-1.771960	3.553666	
1290	0.689656	-1.773419	3.553981	
1291	0.702077	-1.773717	3.555240	
1292	0.713657	-1.774635	3.555261	
1293	0.726548	-1.775674	3.555861	
1294	0.738659	-1.777031	3.556096	
1295	0.750522	-1.777960	3.557081	
1296	0.763434	-1.779513	3.556841	
1297	0.774601	-1.779675	3.558057	
1298	0.785614	-1.779745	3.559231	
1299	0.798954	-1.781661	3.559285	
1300	0.811125	-1.782587	3.560743	
1301	0.823408	-1.783823	3.562285	
1302	0.836783	-1.785955	3.563610	
1303	0.848409	-1.786513	3.567042	
1304	0.860461	-1.788438	3.569340	
1305	0.874921	-1.789259	3.573409	
1306	0.886346	-1.790949	3.576650	
1307	0.898917	-1.793325	3.580714	
1308	0.910361	-1.795920	3.584939	
1309	0.920904	-1.797848	3.590782	
1310	0.933125	-1.800667	3.595909	
1311	0.946280	-1.802665	3.602117	
1312	0.956924	-1.804612	3.608576	
1313	0.968740	-1.808732	3.612720	
1314	0.980433	-1.811450	3.617997	
1315	0.989397	-1.813549	3.623262	
1316	0.998619	-1.817009	3.627000	
1317	1.007159	-1.819348	3.631404	
1318	1.023744	-1.822170	3.641406	
1319	1.032133	-1.824455	3.644838	
1320	1.041640	-1.825344	3.649360	
1321	1.049676	-1.826588	3.653041	
1322	1.060176	-1.828579	3.655078	
1323	1.075147	-1.828036	3.658535	
1324	1.083791	-1.829287	3.660738	
1325	1.094424	-1.831098	3.661910	
1326	1.105118	-1.830796	3.664841	
1327	1.115315	-1.831994	3.665597	
1328	1.126151	-1.833726	3.665414	
1329	1.136986	-1.832685	3.666530	
1330	1.148476	-1.833310	3.666048	
1331	1.159735	-1.832995	3.665205	
1332	1.170870	-1.832446	3.664093	
1333	1.184340	-1.831129	3.662859	
1334	1.209031	-1.828802	3.658286	
1335	1.222185	-1.825608	3.658231	
1336	1.233441	-1.822197	3.658083	
1337	1.263768	-1.817155	3.655470	
1338	1.290401	-1.813141	3.650737	
1339	1.305463	-1.809139	3.648666	
1340	1.315452	-1.806203	3.646843	
1341	1.328427	-1.804456	3.642345	
1342	1.340386	-1.802480	3.638488	
1343	1.352573	-1.801573	3.633874	
1344	1.363218	-1.801604	3.628680	
1345	1.379409	-1.797887	3.624586	
1346	1.382779	-1.798489	3.620927	
1347	1.398722	-1.795642	3.615969	
1348	1.403728	-1.794661	3.612945	
1349	1.409677	-1.794704	3.607971	
1350	1.419821	-1.793200	3.603415	
1351	1.428684	-1.790398	3.599986	
1352	1.435266	-1.791357	3.594487	
1353	1.444913	-1.789577	3.589790	
1354	1.454548	-1.787167	3.585793	
1355	1.462761	-1.786705	3.580089	
1356	1.473939	-1.784117	3.575463	
1357	1.482920	-1.781863	3.571454	
1358	1.494312	-1.780615	3.565227	
1359	1.506717	-1.777178	3.561250	
1360	1.516969	-1.775092	3.557690	
1361	1.529129	-1.773161	3.553894	
1362	1.542447	-1.771006	3.549321	
1363	1.552756	-1.767330	3.548481	
1364	1.564276	-1.765713	3.545193	
1365	1.578283	-1.763398	3.541629	
1366	1.589489	-1.760354	3.539635	
1367	1.600637	-1.759522	3.535157	
1368	1.613273	-1.756187	3.531849	
1369	1.621592	-1.754349	3.529206	
1370	1.632878	-1.751959	3.525084	
1371	1.643436	-1.748160	3.523052	
1372	1.652563	-1.746064	3.520275	
1373	1.662388	-1.743530	3.517114	
1374	1.671379	-1.740210	3.513835	
1375	1.679282	-1.737935	3.510257	
1376	1.687354	-1.735533	3.506135	
1377	1.696269	-1.732946	3.500836	
1378	1.704456	-1.729967	3.496105	
1379	1.711904	-1.727603	3.490534	
1380	1.720942	-1.724172	3.484281	
1381	1.730827	-1.718247	3.479136	
1382	1.735779	-1.715239	3.474442	
1383	1.743335	-1.711252	3.467855	
1384	1.752711	-1.704670	3.461189	
1385	1.758277	-1.700798	3.454260	
1386	1.765702	-1.695879	3.446440	
1387	1.773463	-1.690371	3.437397	
1388	1.780280	-1.685730	3.427925	
1389	1.787253	-1.680935	3.418124	
1390	1.793209	-1.674991	3.411834	
1391	1.802151	-1.669748	3.401753	
1392	1.812312	-1.664643	3.391119	
1393	1.818833	-1.659062	3.384378	
1394	1.824612	-1.654497	3.377359	
1395	1.838367	-1.646998	3.363044	
1396	1.850552	-1.637088	3.348831	
1397	1.857905	-1.632304	3.340320	
1398	1.863865	-1.627677	3.333839	
1399	1.870350	-1.624726	3.324587	
1400	1.877108	-1.620598	3.317141	
1401	1.883521	-1.616913	3.309541	
1402	1.889531	-1.614444	3.300841	
1403	1.895491	-1.611200	3.292595	
1404	1.901024	-1.608257	3.283620	
1405	1.906654	-1.603570	3.277267	
1406	1.912724	-1.598548	3.271952	
1407	1.919106	-1.594477	3.263846	
1408	1.926140	-1.589807	3.255837	
1409	1.933234	-1.583840	3.250112	
1410	1.940650	-1.578326	3.242343	
1411	1.948929	-1.572432	3.233825	
1412	1.956440	-1.566753	3.226342	
1413	1.965346	-1.562054	3.216538	
1414	1.975697	-1.554909	3.209074	
1415	1.983809	-1.549130	3.203055	
1416	1.993355	-1.543574	3.196314	
1417	2.003590	-1.537321	3.190339	
1418	2.013553	-1.530326	3.185933	
1419	2.022973	-1.524687	3.179938	
1420	2.033459	-1.518822	3.173133	
1421	2.043445	-1.512561	3.167158	
1422	2.053566	-1.506676	3.160714	
1423	2.061467	-1.501271	3.155616	
1424	2.077227	-1.492081	3.142922	
1425	2.083246	-1.487883	3.138321	
1426	2.089344	-1.484544	3.132483	
1427	2.095628	-1.481508	3.125902	
1428	2.101809	-1.477561	3.119076	
1429	2.107544	-1.472863	3.113414	
1430	2.112345	-1.468510	3.109508	
1431	2.116643	-1.464904	3.104894	
1432	2.121472	-1.461721	3.096569	
1433	2.126774	-1.456794	3.090495	
1434	2.130599	-1.451701	3.086419	
1435	2.134581	-1.446520	3.081477	
1436	2.139255	-1.440703	3.076138	
1437	2.142040	-1.437714	3.067283	
1438	2.145357	-1.433659	3.059652	
1439	2.148285	-1.428506	3.054715	
1440	2.151297	-1.423259	3.048115	
1441	2.155126	-1.418061	3.039698	
1442	2.158246	-1.412731	3.031942	
1443	2.160528	-1.408271	3.024687	
1444	2.164747	-1.402286	3.014085	
1445	2.168207	-1.397604	3.002612	
1446	2.170656	-1.393459	2.995728	
1447	2.172969	-1.389667	2.984509	
1448	2.177120	-1.384167	2.971530	
1449	2.178940	-1.379366	2.967000	
1450	2.179526	-1.376301	2.959671	
1451	2.184722	-1.367869	2.948322	
1452	2.186668	-1.361615	2.940379	
1453	2.185188	-1.359295	2.931083	
1454	2.187023	-1.352976	2.920223	
1455	2.189474	-1.344703	2.911746	
1456	2.189788	-1.339912	2.905282	
1457	2.192157	-1.334099	2.894367	
1458	2.194051	-1.327906	2.885330	
1459	2.195750	-1.321834	2.877192	
1460	2.198235	-1.314856	2.871889	
1461	2.200148	-1.310075	2.860853	
1462	2.202723	-1.305138	2.850399	
1463	2.206135	-1.298269	2.845848	
1464	2.208164	-1.293764	2.834851	
1465	2.212381	-1.287191	2.825664	
1466	2.215436	-1.280711	2.820522	
1467	2.216822	-1.277296	2.808747	
1468	2.221179	-1.271648	2.797362	
1469	2.224038	-1.267506	2.786782	
1470	2.227055	-1.264469	2.775002	
1471	2.236346	-1.253929	2.759060	
1472	2.240463	-1.250717	2.750014	
1473	2.245827	-1.246231	2.743661	
1474	2.251164	-1.242528	2.732848	
1475	2.256824	-1.239177	2.724113	
1476	2.262619	-1.235820	2.714737	
1477	2.268013	-1.232213	2.704392	
1478	2.274613	-1.225906	2.694458	
1479	2.280654	-1.220366	2.687364	
1480	2.285058	-1.216125	2.677925	
1481	2.290620	-1.210011	2.669041	
1482	2.294514	-1.205981	2.661461	
1483	2.298263	-1.201624	2.653989	
1484	2.302308	-1.196316	2.644383	
1485	2.306105	-1.190256	2.639007	
1486	2.308846	-1.186199	2.630583	
1487	2.311810	-1.181340	2.622013	
1488	2.315045	-1.175932	2.616228	
1489	2.316374	-1.172477	2.607074	
1490	2.318667	-1.167253	2.597674	
1491	2.319571	-1.162526	2.589285	
1492	2.320563	-1.157995	2.579873	
1493	2.323054	-1.146995	2.562028	
1494	2.323242	-1.143196	2.551847	
1495	2.323720	-1.137232	2.542480	
1496	2.324023	-1.130789	2.536786	
1497	2.324080	-1.124708	2.528785	
1498	2.321935	-1.121614	2.514914	
1499	2.321899	-1.113854	2.507809	
1500	2.321151	-1.106690	2.501332	
1501	2.321077	-1.098124	2.492124	
1502	2.321017	-1.090018	2.484367	
1503	2.319733	-1.083487	2.474326	
1504	2.318722	-1.077403	2.462549	
1505	2.317534	-1.072515	2.450440	
1506	2.316157	-1.068320	2.437141	
1507	2.315634	-1.062576	2.425161	
1508	2.314598	-1.057296	2.414140	
1509	2.314415	-1.050961	2.403888	
1510	2.313271	-1.045532	2.392150	
1511	2.312524	-1.039297	2.381845	
1512	2.311698	-1.033472	2.372408	
1513	2.309394	-1.030011	2.361755	
1514	2.309057	-1.023942	2.353363	
1515	2.308092	-1.018631	2.345744	
1516	2.306094	-1.015963	2.336402	
1517	2.304252	-1.011415	2.328576	
1518	2.302305	-1.008060	2.321328	
1519	2.300837	-1.004281	2.314360	
1520	2.299863	-0.999181	2.308015	
1521	2.298868	-0.995442	2.301907	
1522	2.298457	-0.992759	2.296619	
1523	2.298737	-0.988509	2.291107	
1524	2.299196	-0.984643	2.286747	
1525	2.299304	-0.982379	2.279935	
1526	2.298710	-0.980341	2.271043	
1527	2.300058	-0.976949	2.264679	
1528	2.300569	-0.974420	2.256152	
1529	2.302073	-0.970518	2.248412	
1530	2.304725	-0.965472	2.240378	
1531	2.308144	-0.959486	2.232632	
1532	2.312007	-0.953603	2.223901	
1533	2.315679	-0.947902	2.214970	
1534	2.318386	-0.943407	2.204875	
1535	2.321685	-0.938835	2.194788	
1536	2.326034	-0.932236	2.185254	
1537	2.329361	-0.928086	2.175586	
1538	2.333078	-0.923391	2.165951	
1539	2.336712	-0.919141	2.156724	
1540	2.340535	-0.914915	2.148160	
1541	2.344202	-0.910166	2.138463	
1542	2.349026	-0.904780	2.131150	
1543	2.352447	-0.901112	2.123293	
1544	2.355578	-0.898648	2.114160	
1545	2.359960	-0.892854	2.107458	
1546	2.363240	-0.888403	2.100342	
1547	2.366385	-0.884663	2.091797	
1548	2.369761	-0.879411	2.084246	
1549	2.372672	-0.874238	2.076351	
1550	2.375974	-0.869028	2.068202	
1551	2.379170	-0.862962	2.059993	
1552	2.381313	-0.858310	2.051677	
1553	2.382988	-0.854502	2.042860	
1554	2.385096	-0.848581	2.034678	
1555	2.386017	-0.843821	2.025227	
1556	2.387595	-0.838337	2.017188	
1557	2.388384	-0.833446	2.008685	
1558	2.388980	-0.829409	2.000027	
1559	2.389630	-0.823740	1.991330	
1560	2.390824	-0.817336	1.982464	
1561	2.391776	-0.810933	1.973995	
1562	2.392080	-0.804804	1.963276	
1563	2.392038	-0.798954	1.953551	
1564	2.392923	-0.785143	1.932872	
1565	2.393761	-0.778306	1.923570	
1566	2.394999	-0.771880	1.913810	
1567	2.396835	-0.764137	1.903329	
1568	2.399776	-0.756978	1.894046	
1569	2.402318	-0.749787	1.883490	
1570	2.405292	-0.742882	1.875353	
1571	2.407832	-0.738129	1.866688	
1572	2.409923	-0.733386	1.856323	
1573	2.411728	-0.728873	1.848087	
1574	2.413116	-0.725559	1.839173	
1575	2.416095	-0.720236	1.831707	
1576	2.417338	-0.718067	1.822305	
1577	2.419917	-0.714738	1.814184	
1578	2.422546	-0.711533	1.806904	
1579	2.427457	-0.705502	1.789066	
1580	2.429976	-0.702051	1.780173	
1581	2.431804	-0.699770	1.771181	
1582	2.435154	-0.696773	1.762490	
1583	2.439496	-0.692008	1.753634	
1584	2.443291	-0.688246	1.744079	
1585	2.446914	-0.684866	1.734120	
1586	2.451632	-0.679565	1.725338	
1587	2.455431	-0.675346	1.714743	
1588	2.459904	-0.671281	1.705168	
1589	2.465561	-0.665375	1.696744	
1590	2.470263	-0.661150	1.686475	
1591	2.474462	-0.658456	1.676510	
1592	2.478941	-0.653749	1.665786	
1593	2.483840	-0.650944	1.657448	
1594	2.488021	-0.645851	1.647076	
1595	2.494067	-0.639919	1.638274	
1596	2.498804	-0.632968	1.629514	
1597	2.503533	-0.627848	1.619556	
1598	2.508732	-0.620754	1.611895	
1599	2.512523	-0.614602	1.602993	
1600	2.517097	-0.608805	1.595918	
1601	2.520729	-0.602795	1.588348	
1602	2.523522	-0.596296	1.580302	
1603	2.526778	-0.590533	1.573602	
1604	2.528830	-0.584422	1.567043	
1605	2.531519	-0.578666	1.562218	
1606	2.533896	-0.571459	1.556977	
1607	2.534282	-0.566323	1.550376	
1608	2.535494	-0.561061	1.544926	
1609	2.536096	-0.555985	1.538729	
1610	2.535778	-0.550786	1.532074	
1611	2.535731	-0.545963	1.525985	
1612	2.534744	-0.541501	1.519134	
1613	2.533163	-0.536255	1.512428	
1614	2.529353	-0.525323	1.496262	
1615	2.526534	-0.518888	1.487078	
1616	2.523522	-0.514302	1.479033	
1617	2.520682	-0.508834	1.470362	
1618	2.517509	-0.503341	1.461837	
1619	2.513652	-0.497013	1.453205	
1620	2.509634	-0.490904	1.444263	
1621	2.506594	-0.484470	1.436469	
1622	2.502500	-0.479067	1.428459	
1623	2.498124	-0.474674	1.420747	
1624	2.493903	-0.470155	1.412317	
1625	2.489738	-0.465402	1.404482	
1626	2.484342	-0.461649	1.395710	
1627	2.479592	-0.459249	1.388647	
1628	2.474203	-0.456552	1.381195	
1629	2.468738	-0.454835	1.373574	
1630	2.464237	-0.451272	1.367139	
1631	2.460537	-0.448229	1.360802	
1632	2.455735	-0.445970	1.352074	
1633	2.452316	-0.443248	1.344223	
1634	2.448514	-0.440731	1.335452	
1635	2.445651	-0.438937	1.328904	
1636	2.442114	-0.437088	1.322379	
1637	2.438468	-0.434102	1.316238	
1638	2.434258	-0.433205	1.309575	
1639	2.430765	-0.429919	1.304409	
1640	2.427907	-0.428103	1.300892	
1641	2.421990	-0.427238	1.294435	
1642	2.418206	-0.424208	1.290056	
1643	2.414833	-0.422263	1.286330	
1644	2.410094	-0.421391	1.282460	
1645	2.406612	-0.419452	1.279768	
1646	2.402586	-0.418633	1.277476	
1647	2.397402	-0.417261	1.273948	
1648	2.394506	-0.413802	1.272991	
1649	2.391552	-0.410979	1.273028	
1650	2.386867	-0.409490	1.271045	
1651	2.382187	-0.407119	1.268724	
1652	2.376211	-0.404732	1.265229	
1653	2.371904	-0.402687	1.263558	
1654	2.367863	-0.400542	1.262311	
1655	2.362188	-0.398434	1.260329	
1656	2.356724	-0.396257	1.258641	
1657	2.350750	-0.392743	1.256680	
1658	2.343943	-0.391638	1.254985	
1659	2.336721	-0.389478	1.252553	
1660	2.329774	-0.387993	1.250826	
1661	2.320973	-0.386350	1.247879	
1662	2.312620	-0.384931	1.245401	
1663	2.304200	-0.383589	1.243279	
1664	2.293794	-0.382625	1.240025	
1665	2.284333	-0.381721	1.237177	
1666	2.276399	-0.380622	1.235528	
1667	2.266697	-0.380617	1.232700	
1668	2.255790	-0.380636	1.228282	
1669	2.246995	-0.380592	1.225588	
1670	2.237525	-0.380134	1.223429	
1671	2.225972	-0.378150	1.219777	
1672	2.215250	-0.377946	1.217307	
1673	2.204567	-0.378238	1.216066	
1674	2.191873	-0.377810	1.214119	
1675	2.179865	-0.375618	1.211758	
1676	2.169155	-0.375200	1.210745	
1677	2.157465	-0.374231	1.209490	
1678	2.146081	-0.371775	1.207839	
1679	2.136738	-0.370857	1.208252	
1680	2.126820	-0.370091	1.208446	
1681	2.117778	-0.368306	1.208306	
1682	2.108546	-0.367573	1.207848	
1683	2.099964	-0.365815	1.207236	
1684	2.092350	-0.363230	1.206919	
1685	2.084253	-0.362633	1.206171	
1686	2.076791	-0.361127	1.204650	
1687	2.070632	-0.359158	1.203930	
1688	2.056571	-0.356627	1.201940	
1689	2.050228	-0.355084	1.201367	
1690	2.043886	-0.353620	1.200172	
1691	2.037685	-0.351049	1.198756	
1692	2.031066	-0.348151	1.196976	
1693	2.025359	-0.343940	1.195334	
1694	2.018354	-0.340151	1.192856	
1695	2.011816	-0.335805	1.190402	
1696	2.005561	-0.332065	1.187469	
1697	1.999702	-0.326999	1.184586	
1698	1.993941	-0.322594	1.181046	
1699	1.988576	-0.318374	1.177499	
1700	1.983199	-0.313784	1.173920	
1701	1.977797	-0.309307	1.169900	
1702	1.972330	-0.304910	1.165964	
1703	1.967262	-0.300549	1.161986	
1704	1.961942	-0.296537	1.157148	
1705	1.956534	-0.292647	1.152197	
1706	1.952280	-0.288608	1.147847	
1707	1.947110	-0.285607	1.142861	
1708	1.941571	-0.281380	1.137925	
1709	1.936861	-0.278277	1.133684	
1710	1.930955	-0.275374	1.129385	
1711	1.924777	-0.270871	1.124806	
1712	1.919837	-0.267529	1.121458	
1713	1.913632	-0.265262	1.117438	
1714	1.906413	-0.261052	1.112875	
1715	1.899654	-0.258271	1.108631	
1716	1.892395	-0.255818	1.104239	
1717	1.884791	-0.252434	1.099772	
1718	1.877290	-0.249655	1.095314	
1719	1.868598	-0.246720	1.090457	
1720	1.860241	-0.243189	1.085971	
1721	1.851825	-0.240625	1.081643	
1722	1.842858	-0.237918	1.077549	
1723	1.832952	-0.234954	1.073086	
1724	1.823571	-0.232387	1.069066	
1725	1.812428	-0.230406	1.064677	
1726	1.802196	-0.227021	1.060906	
1727	1.793767	-0.225067	1.057807	
1728	1.784075	-0.222634	1.054540	
1729	1.766972	-0.218150	1.049313	
1730	1.758768	-0.216660	1.047527	
1731	1.749884	-0.214691	1.045217	
1732	1.742369	-0.213153	1.043517	
1733	1.734990	-0.212087	1.042268	
1734	1.727837	-0.210997	1.041061	
1735	1.721486	-0.208686	1.039648	
1736	1.715251	-0.207587	1.038455	
1737	1.708895	-0.207861	1.036895	
1738	1.702788	-0.206392	1.034859	
1739	1.697422	-0.205748	1.033429	
1740	1.692057	-0.205323	1.032479	
1741	1.686519	-0.204217	1.031505	
1742	1.681993	-0.202906	1.030629	
1743	1.676844	-0.201556	1.029298	
1744	1.672459	-0.200079	1.028097	
1745	1.667176	-0.199252	1.026073	
1746	1.662212	-0.198407	1.023725	
1747	1.656423	-0.196588	1.020921	
1748	1.651636	-0.196564	1.018392	
1749	1.646099	-0.195395	1.015182	
1750	1.640409	-0.192544	1.011557	
1751	1.635830	-0.190907	1.008529	
1752	1.630331	-0.188977	1.004866	
1753	1.624304	-0.185710	1.000753	
1754	1.618305	-0.181948	0.996385	
1755	1.612307	-0.179731	0.991423	
1756	1.606357	-0.174592	0.986434	
1757	1.600677	-0.170887	0.981090	
1758	1.588102	-0.163486	0.969363	
1759	1.581668	-0.159865	0.963180	
1760	1.575933	-0.156300	0.957126	
1761	1.569550	-0.152157	0.950577	
1762	1.564171	-0.148698	0.944389	
1763	1.558205	-0.145476	0.938171	
1764	1.552601	-0.140326	0.932031	
1765	1.547758	-0.136441	0.926215	
1766	1.534952	-0.129019	0.914126	
1767	1.529689	-0.126143	0.908372	
1768	1.524345	-0.121174	0.902999	
1769	1.518712	-0.116811	0.897574	
1770	1.513769	-0.114146	0.892136	
1771	1.509733	-0.110474	0.887450	
1772	1.505798	-0.106859	0.882969	
1773	1.500978	-0.103781	0.878466	
1774	1.496282	-0.101971	0.873975	
1775	1.491803	-0.101254	0.870134	
1776	1.481030	-0.104555	0.860311	
1777	1.475413	-0.105809	0.855318	
1778	1.468973	-0.108249	0.850268	
1779	1.462396	-0.112056	0.844531	
1780	1.454545	-0.114661	0.838942	
1781	1.439662	-0.121797	0.827705	
1782	1.431854	-0.123373	0.822647	
1783	1.424109	-0.124927	0.818135	
1784	1.416847	-0.125222	0.814095	
1785	1.409365	-0.125659	0.810338	
1786	1.401786	-0.126994	0.806255	
1787	1.395125	-0.128211	0.802528	
1788	1.387785	-0.127906	0.798805	
1789	1.374527	-0.127805	0.792899	
1790	1.367874	-0.128646	0.789921	
1791	1.361336	-0.128712	0.787147	
1792	1.355505	-0.128489	0.784587	
1793	1.349298	-0.129499	0.781128	
1794	1.342299	-0.128429	0.778071	
1795	1.337786	-0.128736	0.775212	
1796	1.331836	-0.128982	0.772262	
1797	1.325425	-0.127978	0.769599	
1798	1.319485	-0.126988	0.766744	
1799	1.314316	-0.126666	0.764046	
1800	1.309335	-0.124421	0.761742	
1801	1.304485	-0.123058	0.758167	
1802	1.299814	-0.121636	0.754893	
1803	1.293512	-0.120621	0.751320	
1804	1.290411	-0.119900	0.748278	
1805	1.285957	-0.117013	0.746269	
1806	1.282189	-0.115146	0.744545	
1807	1.278129	-0.114486	0.741691	
1808	1.273627	-0.111707	0.739234	
1809	1.270076	-0.108972	0.736919	
1810	1.265598	-0.107472	0.733300	
1811	1.261276	-0.103873	0.729881	
1812	1.258570	-0.099418	0.726914	
1813	1.254281	-0.096386	0.721760	
1814	1.249266	-0.092918	0.716341	
1815	1.245632	-0.087080	0.711822	
1816	1.242801	-0.084352	0.705679	
1817	1.239019	-0.080818	0.699490	
1818	1.235989	-0.075779	0.694506	
1819	1.233721	-0.073692	0.688258	
1820	1.231227	-0.069983	0.682611	
1821	1.226233	-0.065224	0.677939	
1822	1.224301	-0.063165	0.672333	
1823	1.220121	-0.058723	0.667644	
1824	1.216513	-0.056768	0.662428	
1825	1.213286	-0.056095	0.656619	
1826	1.208454	-0.053662	0.651851	
1827	1.205580	-0.051619	0.647059	
1828	1.200801	-0.050413	0.641831	
1829	1.195692	-0.047578	0.638242	
1830	1.190788	-0.047737	0.633439	
1831	1.185615	-0.047323	0.628624	
1832	1.178702	-0.046523	0.624534	
1833	1.171217	-0.044979	0.620665	
1834	1.164733	-0.045449	0.615734	
1835	1.156223	-0.045003	0.611286	
1836	1.147917	-0.044281	0.607325	
1837	1.141747	-0.045256	0.602861	
1838	1.132844	-0.046371	0.598688	
1839	1.123559	-0.048195	0.595040	
1840	1.116102	-0.051421	0.591652	
1841	1.106814	-0.056659	0.587919	
1842	1.096006	-0.060206	0.585310	
1843	1.087438	-0.063936	0.583894	
1844	1.076783	-0.066064	0.583500	
1845	1.064838	-0.068676	0.583647	
1846	1.054715	-0.073132	0.583211	
1847	1.044010	-0.076842	0.583357	
1848	1.033216	-0.079017	0.584339	
1849	1.024018	-0.082209	0.585213	
1850	1.013413	-0.085453	0.586302	
1851	1.002245	-0.088689	0.587926	
1852	0.992627	-0.092126	0.589101	
1853	0.982694	-0.094844	0.590444	
1854	0.973281	-0.098857	0.591258	
1855	0.964851	-0.103696	0.591605	
1856	0.955906	-0.105981	0.593559	
1857	0.947192	-0.108282	0.595435	
1858	0.939768	-0.110414	0.597197	
1859	0.930990	-0.113894	0.598776	
1860	0.922596	-0.116277	0.600685	
1861	0.916284	-0.118635	0.602664	
1862	0.907766	-0.118924	0.605996	
1863	0.901443	-0.121498	0.608091	
1864	0.894399	-0.123094	0.610498	
1865	0.886729	-0.124346	0.613481	
1866	0.879786	-0.126392	0.616340	
1867	0.872646	-0.128518	0.618933	
1868	0.865426	-0.127626	0.622724	
1869	0.860427	-0.128590	0.626312	
1870	0.855314	-0.133332	0.627847	
1871	0.848077	-0.134477	0.630383	
1872	0.839642	-0.134957	0.634366	
1873	0.834943	-0.140203	0.635608	
1874	0.829414	-0.142170	0.637177	
1875	0.821554	-0.143596	0.640432	
1876	0.817153	-0.147455	0.642148	
1877	0.812309	-0.148905	0.644279	
1878	0.805161	-0.149860	0.647582	
1879	0.800682	-0.151715	0.649848	
1880	0.795941	-0.153938	0.652107	
1881	0.790210	-0.154907	0.655261	
1882	0.785002	-0.155840	0.658628	
1883	0.781421	-0.157227	0.661785	
1884	0.772945	-0.158206	0.668917	
1885	0.768049	-0.158972	0.672224	
1886	0.762722	-0.158051	0.676700	
1887	0.758098	-0.158607	0.680550	
1888	0.754189	-0.159435	0.683928	
1889	0.749563	-0.158597	0.688448	
1890	0.747437	-0.157619	0.693406	
1891	0.744281	-0.158531	0.698088	
1892	0.740543	-0.158200	0.703781	
1893	0.737638	-0.157479	0.710212	
1894	0.734119	-0.157570	0.717405	
1895	0.730946	-0.156317	0.725552	
1896	0.729963	-0.156782	0.733673	
1897	0.726744	-0.157635	0.741789	
1898	0.724238	-0.156276	0.750560	
1899	0.722077	-0.155717	0.759029	
1900	0.719737	-0.157051	0.766614	
1901	0.716833	-0.157353	0.774112	
1902	0.713686	-0.157827	0.781587	
1903	0.710399	-0.159251	0.788966	
1904	0.707312	-0.161363	0.796306	
1905	0.704129	-0.162297	0.804611	
1906	0.700917	-0.165038	0.812447	
1907	0.697621	-0.169138	0.819572	
1908	0.694076	-0.171093	0.828033	
1909	0.691518	-0.175123	0.835689	
1910	0.689073	-0.179911	0.842529	
1911	0.686437	-0.180840	0.851614	
1912	0.683532	-0.184835	0.859214	
1913	0.680211	-0.188536	0.865498	
1914	0.678575	-0.190104	0.874185	
1915	0.677902	-0.193577	0.881557	
1916	0.676425	-0.196814	0.888122	
1917	0.675119	-0.198326	0.895545	
1918	0.674993	-0.200936	0.902607	
1919	0.674387	-0.204017	0.908266	
1920	0.674157	-0.205809	0.914763	
1921	0.674283	-0.208229	0.920780	
1922	0.675280	-0.211188	0.926227	
1923	0.676849	-0.213418	0.932347	
1924	0.678080	-0.216486	0.937999	
1925	0.679161	-0.219685	0.942874	
1926	0.679839	-0.222160	0.947799	
1927	0.680761	-0.224036	0.953229	
1928	0.682510	-0.226305	0.958695	
1929	0.683107	-0.229239	0.963576	
1930	0.684257	-0.230099	0.970078	
1931	0.684504	-0.232938	0.975441	
1932	0.685513	-0.234312	0.980844	
1933	0.687785	-0.235691	0.987259	
1934	0.688917	-0.238328	0.991894	
1935	0.689816	-0.239044	0.996499	
1936	0.691043	-0.239124	1.002192	
1937	0.691637	-0.240274	1.006595	
1938	0.693442	-0.239738	1.017212	
1939	0.693921	-0.239746	1.021462	
1940	0.694553	-0.239013	1.025723	
1941	0.695214	-0.235848	1.036373	
1942	0.695039	-0.233752	1.041100	
1943	0.695292	-0.231141	1.047002	
1944	0.696395	-0.229119	1.052454	
1945	0.696244	-0.226520	1.058245	
1946	0.696333	-0.223734	1.064225	
1947	0.696370	-0.221546	1.069983	
1948	0.693888	-0.213338	1.088249	
1949	0.694009	-0.211020	1.095132	
1950	0.693986	-0.209491	1.102043	
1951	0.693323	-0.207606	1.116326	
1952	0.692383	-0.206812	1.123464	
1953	0.691515	-0.205991	1.130543	
1954	0.690541	-0.205840	1.137016	
1955	0.689265	-0.206429	1.143201	
1956	0.690177	-0.205911	1.149817	
1957	0.689147	-0.207169	1.160711	
1958	0.689363	-0.207210	1.166358	
1959	0.689499	-0.207695	1.171462	
1960	0.689912	-0.207469	1.177091	
1961	0.690852	-0.207216	1.182833	
1962	0.690630	-0.207679	1.187848	
1963	0.690745	-0.208070	1.192754	
1964	0.692050	-0.207700	1.197999	
1965	0.692840	-0.207729	1.202934	
1966	0.692868	-0.208361	1.207265	
1967	0.693375	-0.208330	1.211815	
1968	0.693190	-0.207930	1.215779	
1969	0.692997	-0.207829	1.219355	
1970	0.693342	-0.206402	1.223673	
1971	0.694335	-0.204617	1.227421	
1972	0.694453	-0.203683	1.230422	
1973	0.694483	-0.202065	1.233582	
1974	0.695928	-0.201136	1.236644	
1975	0.695846	-0.200050	1.238844	
1976	0.694652	-0.198793	1.240938	
1977	0.694481	-0.198297	1.242568	
1978	0.694753	-0.197351	1.244808	
1979	0.694386	-0.196800	1.246338	
1980	0.693212	-0.195956	1.247737	
1981	0.692062	-0.194676	1.249517	
1982	0.691048	-0.193986	1.251168	
1983	0.686719	-0.193088	1.253701	
1984	0.684825	-0.191144	1.255707	
1985	0.682562	-0.188587	1.257382	
1986	0.679513	-0.185625	1.259002	
1987	0.676523	-0.183322	1.260091	
1988	0.673051	-0.180295	1.261236	
1989	0.669864	-0.177908	1.262382	
1990	0.666311	-0.176593	1.263000	
1991	0.662625	-0.174465	1.263836	
1992	0.660062	-0.173215	1.264965	
1993	0.656468	-0.172482	1.265568	
1994	0.652308	-0.170820	1.266430	
1995	0.648601	-0.169630	1.267253	
1996	0.644244	-0.168207	1.268016	
1997	0.639559	-0.166983	1.268862	
1998	0.635197	-0.166008	1.269928	
1999	0.630203	-0.165302	1.270326	
2000	0.625520	-0.164403	1.271078	
2001	0.620539	-0.164765	1.270988	
2002	0.615520	-0.164371	1.270943	
2003	0.611043	-0.163884	1.271381	
2004	0.606913	-0.164557	1.271388	
2005	0.602330	-0.164765	1.271458	
2006	0.597810	-0.164735	1.271646	
2007	0.593937	-0.165281	1.271588	
2008	0.589546	-0.165462	1.271330	
2009	0.584890	-0.165232	1.270798	
2010	0.580686	-0.164537	1.270269	
2011	0.576067	-0.163084	1.269905	
2012	0.571606	-0.161796	1.269654	
2013	0.566889	-0.161890	1.268361	
2014	0.562364	-0.160173	1.267561	
2015	0.558046	-0.158715	1.266983	
2016	0.554054	-0.157542	1.265907	
2017	0.550444	-0.154753	1.265730	
2018	0.546110	-0.155335	1.263978	
2019	0.542855	-0.153419	1.263159	
2020	0.539412	-0.153776	1.262586	
2021	0.536352	-0.152750	1.261532	
2022	0.533312	-0.152024	1.260726	
2023	0.527527	-0.151598	1.258688	
2024	0.524889	-0.152122	1.257893	
2025	0.522535	-0.151880	1.257584	
2026	0.519617	-0.152189	1.256269	
2027	0.517347	-0.150321	1.256314	
2028	0.514500	-0.150423	1.255215	
2029	0.511533	-0.148890	1.253850	
2030	0.508658	-0.148557	1.253061	
2031	0.504866	-0.147888	1.251285	
2032	0.501151	-0.146747	1.249740	
2033	0.497461	-0.146338	1.248215	
2034	0.493577	-0.145517	1.246583	
2035	0.489920	-0.144872	1.245057	
2036	0.485741	-0.143839	1.242945	
2037	0.481799	-0.143280	1.241121	
2038	0.476950	-0.142573	1.238206	
2039	0.472406	-0.142311	1.235937	
2040	0.468105	-0.141573	1.233407	
2041	0.464547	-0.141047	1.231260	
2042	0.461250	-0.140576	1.229351	
2043	0.457955	-0.139499	1.227334	
2044	0.450986	-0.137605	1.221316	
2045	0.446166	-0.134895	1.216939	
2046	0.443548	-0.133885	1.214299	
2047	0.440691	-0.132327	1.211529	
2048	0.437181	-0.131203	1.207764	
2049	0.433736	-0.128254	1.204335	
2050	0.430332	-0.127501	1.200909	
2051	0.427206	-0.125999	1.197936	
2052	0.424488	-0.124045	1.195732	
2053	0.420942	-0.123089	1.192121	
2054	0.418350	-0.120964	1.189881	
2055	0.415123	-0.119424	1.186878	
2056	0.411367	-0.117913	1.183475	
2057	0.405547	-0.114234	1.178111	
2058	0.402524	-0.113053	1.175183	
2059	0.399860	-0.111087	1.172864	
2060	0.396598	-0.109438	1.169734	
2061	0.393512	-0.107074	1.166976	
2062	0.388073	-0.102939	1.162082	
2063	0.385251	-0.100368	1.159335	
2064	0.380819	-0.094722	1.154941	
2065	0.378719	-0.092584	1.152899	
2066	0.376710	-0.090744	1.150527	
2067	0.375033	-0.088319	1.148899	
2068	0.372836	-0.087504	1.146207	
2069	0.370675	-0.086111	1.143594	
2070	0.367011	-0.084933	1.139474	
2071	0.364780	-0.084530	1.136834	
2072	0.363012	-0.083491	1.134428	
2073	0.360681	-0.084031	1.131203	
2074	0.358605	-0.084094	1.128029	
2075	0.357552	-0.082899	1.125486	
2076	0.355565	-0.083173	1.121598	
2077	0.354256	-0.081542	1.118029	
2078	0.353604	-0.080737	1.114712	
2079	0.352422	-0.080973	1.110654	
2080	0.351920	-0.079898	1.106770	
2081	0.351162	-0.078092	1.102897	
2082	0.350181	-0.077391	1.098302	
2083	0.350093	-0.075914	1.093927	
2084	0.349825	-0.074418	1.088937	
2085	0.349347	-0.072831	1.083583	
2086	0.349679	-0.071077	1.078697	
2087	0.349927	-0.071252	1.073509	
2088	0.350435	-0.070134	1.067665	
2089	0.351084	-0.068707	1.061736	
2090	0.352229	-0.068493	1.055935	
2091	0.353293	-0.066702	1.050388	
2092	0.354455	-0.063346	1.046032	
2093	0.356004	-0.062781	1.039343	
2094	0.356277	-0.059563	1.034175	
2095	0.357651	-0.057533	1.028331	
2096	0.357957	-0.056614	1.020750	
2097	0.358232	-0.052879	1.014689	
2098	0.359344	-0.051485	1.007110	
2099	0.359017	-0.049557	0.999300	
2100	0.359494	-0.047040	0.991997	
2101	0.359461	-0.046688	0.983741	
2102	0.358899	-0.045012	0.976035	
2103	0.358506	-0.042709	0.969170	
2104	0.358036	-0.041903	0.962380	
2105	0.356624	-0.041897	0.955466	
2106	0.355187	-0.040892	0.948997	
2107	0.353529	-0.041389	0.942877	
2108	0.351007	-0.042440	0.936829	
2109	0.348842	-0.042294	0.932172	
2110	0.345832	-0.043226	0.926580	
2111	0.342946	-0.042610	0.921532	
2112	0.340319	-0.041978	0.916903	
2113	0.336524	-0.042931	0.911421	
2114	0.333358	-0.041853	0.906955	
2115	0.329939	-0.040355	0.902685	
2116	0.327585	-0.040818	0.898820	
2117	0.324267	-0.039424	0.894526	
2118	0.321280	-0.037431	0.890536	
2119	0.317616	-0.037371	0.885381	
2120	0.314549	-0.036077	0.880700	
2121	0.312498	-0.034029	0.876789	
2122	0.308175	-0.036511	0.864753	
2123	0.306672	-0.034220	0.859704	
2124	0.303244	-0.036997	0.845389	
2125	0.301988	-0.034715	0.839543	
2126	0.301111	-0.037190	0.831440	
2127	0.300635	-0.036906	0.824485	
2128	0.300007	-0.034172	0.818527	
2129	0.300207	-0.035668	0.810457	
2130	0.299245	-0.037546	0.801773	
2131	0.297607	-0.035954	0.794715	
2132	0.298575	-0.035821	0.787113	
2133	0.299170	-0.035917	0.772818	
2134	0.300301	-0.037609	0.758005	
2135	0.299859	-0.036301	0.751969	
2136	0.300698	-0.035645	0.746033	
2137	0.300533	-0.037295	0.739377	
2138	0.301250	-0.036638	0.734090	
2139	0.302038	-0.035113	0.728569	
2140	0.302145	-0.035488	0.722345	
2141	0.302793	-0.035533	0.716067	
2142	0.304674	-0.034294	0.710135	
2143	0.305854	-0.032008	0.704736	
2144	0.307938	-0.032156	0.698643	
2145	0.309037	-0.031101	0.692657	
2146	0.310838	-0.028228	0.686963	
2147	0.312678	-0.028300	0.680693	
2148	0.315594	-0.027376	0.674418	
2149	0.322200	-0.020689	0.664227	
2150	0.326057	-0.021872	0.657492	
2151	0.328084	-0.018977	0.651376	
2152	0.335040	-0.015980	0.636944	
2153	0.337148	-0.014452	0.628884	
2154	0.339029	-0.011179	0.621896	
2155	0.341358	-0.008916	0.613702	
2156	0.343134	-0.008665	0.604560	
2157	0.344584	-0.006279	0.596067	
2158	0.345568	-0.003272	0.587114	
2159	0.347457	-0.002835	0.575658	
2160	0.349274	-0.001028	0.565491	
2161	0.354991	0.003362	0.544455	
2162	0.356119	0.005164	0.534128	
2163	0.356511	0.008534	0.524180	
2164	0.357112	0.011658	0.512804	
2165	0.357821	0.012649	0.499998	
2166	0.358013	0.014731	0.489589	
2167	0.358607	0.019155	0.479585	
2168	0.358922	0.019428	0.467148	
2169	0.358500	0.021120	0.454601	
2170	0.358202	0.021795	0.444598	
2171	0.356777	0.024148	0.434181	
2172	0.357342	0.025221	0.423466	
2173	0.357728	0.027448	0.414657	
2174	0.357171	0.030814	0.406524	
2175	0.356401	0.031790	0.397348	
2176	0.355474	0.032634	0.388718	
2177	0.355482	0.035469	0.382240	
2178	0.355323	0.037671	0.375259	
2179	0.355374	0.036579	0.367193	
2180	0.352614	0.040823	0.355283	
2181	0.350226	0.041672	0.349012	
2182	0.345849	0.042747	0.343122	
2183	0.336064	0.044012	0.337238	
2184	0.333574	0.045673	0.331240	
2185	0.329814	0.046377	0.324781	
2186	0.324286	0.049139	0.320208	
2187	0.318595	0.050577	0.314896	
2188	0.311643	0.051617	0.308603	
2189	0.304396	0.054110	0.303366	
2190	0.295043	0.055863	0.298234	
2191	0.286805	0.056698	0.291482	
2192	0.278521	0.057422	0.283896	
2193	0.269070	0.060371	0.278288	
2194	0.259676	0.062258	0.272428	
2195	0.250551	0.062946	0.265597	
2196	0.240998	0.063631	0.258621	
2197	0.232267	0.065412	0.252671	
2198	0.224515	0.066579	0.246161	
2199	0.216355	0.066434	0.239066	
2200	0.208526	0.067025	0.233160	
2201	0.201741	0.068283	0.227207	
2202	0.195204	0.069592	0.220911	
2203	0.186124	0.068915	0.214707	
2204	0.178302	0.069505	0.209747	
2205	0.171135	0.070850	0.204689	
2206	0.162983	0.071745	0.199239	
2207	0.156037	0.072270	0.193662	
2208	0.148731	0.071846	0.187723	
2209	0.142141	0.072797	0.181968	
2210	0.135206	0.072784	0.175808	
2211	0.127946	0.072070	0.170003	
2212	0.120877	0.072394	0.164839	
2213	0.113278	0.071649	0.159159	
2214	0.094819	0.074012	0.149178	
2215	0.087567	0.073475	0.142938	
2216	0.078929	0.074454	0.136921	
2217	0.071321	0.075532	0.130978	
2218	0.063399	0.075392	0.123685	
2219	0.053958	0.074432	0.116917	
2220	0.046873	0.076747	0.110531	
2221	0.039263	0.076377	0.102690	
2222	0.029771	0.077149	0.095077	
2223	0.021351	0.080894	0.088964	
2224	0.013421	0.083652	0.081362	
2225	0.002753	0.085263	0.073422	
2226	-0.005043	0.087673	0.067096	
2227	-0.013404	0.092463	0.060827	
2228	-0.023373	0.094866	0.053765	
2229	-0.032132	0.097625	0.047755	
2230	-0.039204	0.102913	0.042424	
2231	-0.047644	0.105702	0.035901	
2232	-0.056912	0.109597	0.030264	
2233	-0.065087	0.114507	0.025106	
2234	-0.072854	0.119839	0.019675	
2235	-0.090329	0.130259	0.009866	
2236	-0.095692	0.137833	0.006181	
2237	-0.104760	0.140708	-0.000058	
2238	-0.112848	0.143872	-0.004252	
2239	-0.118394	0.147867	-0.007473	
2240	-0.124655	0.149789	-0.010987	
2241	-0.131268	0.150631	-0.014781	
2242	-0.136949	0.152349	-0.017917	
2243	-0.142916	0.152231	-0.021667	
2244	-0.149593	0.152196	-0.024649	
2245	-0.155019	0.152781	-0.027416	
2246	-0.164749	0.152581	-0.030831	
2247	-0.173391	0.152193	-0.033765	
2248	-0.178507	0.154330	-0.035404	
2249	-0.184708	0.155621	-0.038111	
2250	-0.193397	0.156436	-0.040831	
2251	-0.200840	0.158628	-0.042428	
2252	-0.208745	0.159883	-0.044399	
2253	-0.216902	0.159791	-0.046222	
2254	-0.223934	0.159650	-0.047784	
2255	-0.230806	0.159401	-0.049172	
2256	-0.250423	0.157211	-0.051630	
2257	-0.265216	0.155749	-0.054493	
2258	-0.272462	0.155954	-0.055661	
2259	-0.279904	0.156293	-0.056757	
2260	-0.286686	0.156372	-0.057500	
2261	-0.293389	0.157665	-0.057681	
2262	-0.300021	0.160122	-0.057500	
2263	-0.307494	0.161648	-0.057499	
2264	-0.316336	0.162377	-0.058104	
2265	-0.323469	0.164656	-0.058040	
2266	-0.329652	0.167408	-0.058457	
2267	-0.336794	0.168038	-0.060100	
2268	-0.344487	0.167497	-0.062115	
2269	-0.352260	0.168519	-0.063893	
2270	-0.358911	0.167751	-0.066628	
2271	-0.366401	0.166080	-0.069241	
2272	-0.372941	0.164653	-0.071799	
2273	-0.379610	0.163540	-0.074523	
2274	-0.386232	0.160167	-0.077744	
2275	-0.394444	0.158534	-0.080707	
2276	-0.402184	0.157204	-0.083272	
2277	-0.408056	0.155809	-0.086103	
2278	-0.417287	0.154859	-0.088105	
2279	-0.424055	0.154179	-0.090102	
2280	-0.429125	0.154973	-0.091468	
2281	-0.437391	0.154229	-0.093397	
2282	-0.444986	0.156264	-0.094143	
2283	-0.451451	0.156519	-0.095861	
2284	-0.459435	0.154346	-0.097827	
2285	-0.465041	0.152472	-0.099366	
2286	-0.468712	0.152062	-0.101425	
2287	-0.475361	0.152217	-0.103950	
2288	-0.481825	0.151326	-0.106914	
2289	-0.487655	0.149588	-0.110928	
2290	-0.493391	0.149455	-0.114939	
2291	-0.499532	0.149622	-0.119560	
2292	-0.507000	0.150042	-0.123912	
2293	-0.512661	0.150828	-0.128998	
2294	-0.518047	0.151863	-0.134257	
2295	-0.525414	0.155952	-0.139377	
2296	-0.532409	0.160292	-0.144443	
2297	-0.538303	0.163551	-0.150035	
2298	-0.546429	0.167143	-0.155462	
2299	-0.553752	0.170776	-0.160667	
2300	-0.559428	0.175109	-0.165423	
2301	-0.564879	0.180715	-0.170149	
2302	-0.572479	0.183545	-0.174864	
2303	-0.578977	0.186905	-0.179503	
2304	-0.585380	0.192678	-0.183461	
2305	-0.590364	0.197715	-0.187613	
2306	-0.598149	0.201743	-0.191177	
2307	-0.602863	0.206293	-0.195241	
2308	-0.609076	0.211825	-0.199107	
2309	-0.615937	0.214637	-0.203338	
2310	-0.620691	0.218087	-0.207320	
2311	-0.627578	0.221560	-0.211023	
2312	-0.631170	0.225224	-0.214171	
2313	-0.637976	0.227290	-0.216984	
2314	-0.643103	0.228445	-0.219934	
2315	-0.648632	0.229960	-0.222362	
2316	-0.653836	0.232202	-0.224050	
2317	-0.658951	0.234138	-0.225945	
2318	-0.667584	0.236666	-0.227557	
2319	-0.673031	0.237537	-0.229485	
2320	-0.677931	0.237601	-0.231934	
2321	-0.684462	0.238193	-0.234373	
2322	-0.689919	0.238707	-0.236584	
2323	-0.695116	0.238194	-0.239615	
2324	-0.701009	0.237999	-0.242704	
2325	-0.707906	0.237095	-0.245393	
2326	-0.714043	0.236686	-0.248536	
2327	-0.719960	0.236590	-0.251852	
2328	-0.726869	0.233921	-0.254716	
2329	-0.734094	0.230951	-0.257811	
2330	-0.755316	0.228462	-0.258184	
2331	-0.763000	0.227619	-0.260746	
2332	-0.768987	0.225348	-0.263449	
2333	-0.778123	0.224865	-0.265863	
2334	-0.786081	0.224445	-0.268044	
2335	-0.793545	0.221944	-0.270467	
2336	-0.803949	0.222796	-0.272242	
2337	-0.809899	0.222512	-0.275047	
2338	-0.816738	0.221937	-0.278005	
2339	-0.828882	0.224146	-0.280522	
2340	-0.842748	0.227521	-0.282727	
2341	-0.847515	0.227121	-0.286741	
2342	-0.855100	0.228114	-0.290042	
2343	-0.866432	0.230086	-0.292596	
2344	-0.872272	0.228644	-0.296268	
2345	-0.881032	0.228256	-0.299103	
2346	-0.884759	0.228581	-0.302474	
2347	-0.891061	0.226543	-0.306539	
2348	-0.900835	0.226533	-0.309055	
2349	-0.908286	0.227037	-0.312010	
2350	-0.914915	0.226163	-0.315430	
2351	-0.922338	0.226563	-0.319128	
2352	-0.926186	0.224143	-0.323753	
2353	-0.932732	0.221955	-0.327866	
2354	-0.939862	0.220153	-0.331731	
2355	-0.945014	0.218386	-0.336205	
2356	-0.949013	0.218935	-0.340678	
2357	-0.958055	0.219729	-0.344304	
2358	-0.964449	0.221675	-0.347756	
2359	-0.970746	0.222801	-0.352089	
2360	-0.984951	0.224974	-0.360566	
2361	-0.996880	0.228896	-0.371112	
2362	-1.007474	0.234765	-0.375496	
2363	-1.014226	0.238092	-0.381007	
2364	-1.027790	0.245416	-0.390698	
2365	-1.045027	0.254173	-0.399698	
2366	-1.062114	0.260393	-0.408634	
2367	-1.071242	0.265644	-0.413264	
2368	-1.075888	0.269047	-0.417955	
2369	-1.083818	0.273044	-0.421175	
2370	-1.092644	0.279341	-0.423707	
2371	-1.100915	0.284489	-0.425687	
2372	-1.103700	0.286724	-0.428833	
2373	-1.107108	0.288135	-0.430284	
2374	-1.118244	0.293028	-0.428083	
2375	-1.125159	0.296862	-0.426046	
2376	-1.123540	0.297444	-0.425493	
2377	-1.127603	0.299968	-0.423349	
2378	-1.135822	0.301168	-0.419890	
2379	-1.144650	0.300682	-0.414059	
2380	-1.147766	0.303069	-0.410536	
2381	-1.154259	0.300644	-0.406893	
2382	-1.162868	0.298111	-0.401434	
2383	-1.164959	0.297534	-0.397424	
2384	-1.170765	0.297619	-0.391530	
2385	-1.179121	0.293510	-0.384563	
2386	-1.186570	0.290992	-0.377831	
2387	-1.193066	0.288588	-0.371289	
2388	-1.199318	0.281528	-0.364706	
2389	-1.207768	0.279388	-0.356616	
2390	-1.215399	0.276856	-0.349111	
2391	-1.220286	0.273106	-0.341534	
2392	-1.222841	0.266855	-0.335498	
2393	-1.232713	0.261614	-0.327132	
2394	-1.240446	0.257883	-0.319810	
2395	-1.246184	0.255577	-0.313275	
2396	-1.252132	0.250438	-0.306835	
2397	-1.256758	0.243682	-0.300839	
2398	-1.263901	0.237602	-0.294379	
2399	-1.276314	0.227958	-0.284918	
2400	-1.282750	0.222271	-0.278611	
2401	-1.285288	0.215665	-0.273290	
2402	-1.287086	0.208788	-0.268446	
2403	-1.292526	0.203949	-0.262960	
2404	-1.297517	0.198541	-0.257889	
2405	-1.298994	0.192768	-0.253661	
2406	-1.303618	0.189951	-0.248797	
2407	-1.307569	0.185120	-0.244042	
2408	-1.312651	0.181040	-0.238886	
2409	-1.317102	0.177088	-0.233623	
2410	-1.324337	0.171080	-0.223713	
2411	-1.327650	0.162633	-0.215422	
2412	-1.332404	0.160651	-0.210682	
2413	-1.334634	0.157650	-0.206175	
2414	-1.332849	0.152775	-0.203109	
2415	-1.336888	0.149820	-0.197865	
2416	-1.338554	0.146423	-0.193593	
2417	-1.338051	0.142392	-0.189580	
2418	-1.338620	0.139198	-0.185612	
2419	-1.342962	0.137173	-0.180297	
2420	-1.342586	0.133260	-0.176950	
2421	-1.345479	0.130712	-0.172078	
2422	-1.348281	0.128307	-0.167561	
2423	-1.348896	0.124421	-0.164064	
2424	-1.353037	0.123426	-0.159057	
2425	-1.354497	0.122990	-0.154343	
2426	-1.354658	0.120902	-0.150117	
2427	-1.359516	0.118257	-0.143974	
2428	-1.361698	0.116662	-0.138339	
2429	-1.363805	0.116933	-0.132733	
2430	-1.361031	0.115192	-0.128735	
2431	-1.363208	0.114138	-0.123010	
2432	-1.365535	0.114879	-0.117174	
2433	-1.367362	0.112574	-0.111680	
2434	-1.368285	0.110828	-0.105773	
2435	-1.366743	0.109744	-0.101034	
2436	-1.366956	0.109020	-0.094930	
2437	-1.365625	0.106637	-0.089057	
2438	-1.360338	0.103977	-0.083786	
2439	-1.358026	0.100254	-0.076924	
2440	-1.355914	0.095031	-0.069520	
2441	-1.351794	0.090232	-0.061884	
2442	-1.344555	0.087005	-0.054978	
2443	-1.339661	0.081669	-0.046919	
2444	-1.339736	0.076094	-0.036576	
2445	-1.332507	0.072139	-0.028058	
2446	-1.321757	0.065431	-0.021464	
2447	-1.320632	0.057559	-0.011785	
2448	-1.313794	0.052519	-0.003168	
2449	-1.299806	0.045930	0.002134	
2450	-1.297879	0.036158	0.010744	
2451	-1.295961	0.030763	0.020742	
2452	-1.281016	0.025294	0.026861	
2453	-1.271952	0.017934	0.033605	
2454	-1.270715	0.013033	0.042917	
2455	-1.263159	0.008095	0.049876	
2456	-1.253224	0.004563	0.055273	
2457	-1.250932	0.000303	0.062242	
2458	-1.247104	-0.001993	0.068601	
2459	-1.237609	-0.005703	0.072735	
2460	-1.229583	-0.009326	0.075971	
2461	-1.226935	-0.010229	0.081313	
2462	-1.224585	-0.010159	0.086306	
2463	-1.215925	-0.011251	0.089112	
2464	-1.208286	-0.011926	0.092910	
2465	-1.204951	-0.011445	0.098183	
2466	-1.201977	-0.011805	0.103399	
2467	-1.194836	-0.013922	0.108091	
2468	-1.188896	-0.011876	0.114212	
2469	-1.185353	-0.009976	0.119475	
2470	-1.180696	-0.010542	0.123876	
2471	-1.177060	-0.008673	0.129267	
2472	-1.175557	-0.006150	0.135643	
2473	-1.169616	-0.005338	0.139134	
2474	-1.166016	-0.005372	0.143532	
2475	-1.163102	-0.003259	0.148260	
2476	-1.157215	-0.003334	0.150990	
2477	-1.154637	-0.004729	0.154065	
2478	-1.150775	-0.004579	0.157176	
2479	-1.146874	-0.002705	0.160124	
2480	-1.145624	-0.003007	0.163166	
2481	-1.140826	-0.003121	0.166249	
2482	-1.136790	-0.002167	0.170018	
2483	-1.130502	-0.006032	0.172560	
2484	-1.130590	-0.004721	0.179289	
2485	-1.128647	-0.002157	0.185249	
2486	-1.120671	-0.004695	0.188589	
2487	-1.117605	-0.006742	0.193093	
2488	-1.120053	-0.003601	0.198786	
2489	-1.116060	-0.005244	0.202648	
2490	-1.111715	-0.005054	0.206705	
2491	-1.109434	-0.004544	0.210941	
2492	-1.108523	-0.005502	0.215797	
2493	-1.104384	0.000001	0.220586	
2494	-1.097555	-0.001109	0.222599	
2495	-1.098619	0.000170	0.226917	
2496	-1.098835	0.004868	0.231902	
2497	-1.093244	0.004919	0.233636	
2498	-1.093849	0.005153	0.236607	
2499	-1.096588	0.010989	0.241524	
2500	-1.092718	0.011210	0.242731	
2501	-1.093042	0.011015	0.244676	
2502	-1.094573	0.013807	0.247862	
2503	-1.092690	0.013610	0.248992	
2504	-1.094135	0.013441	0.250549	
2505	-1.096584	0.014776	0.252775	
2506	-1.095499	0.014893	0.253835	
2507	-1.095360	0.014476	0.254732	
2508	-1.096882	0.015743	0.256409	
2509	-1.096388	0.015993	0.257640	
2510	-1.094242	0.016854	0.258252	
2511	-1.095661	0.017616	0.259464	
2512	-1.097569	0.020526	0.261806	
2513	-1.096768	0.021973	0.263336	
2514	-1.097239	0.022568	0.264637	
2515	-1.100884	0.025377	0.267869	
2516	-1.098552	0.027163	0.269394	
2517	-1.096637	0.027479	0.270295	
2518	-1.101674	0.030389	0.273923	
2519	-1.100645	0.032922	0.276177	
2520	-1.098594	0.032712	0.277494	
2521	-1.101308	0.034999	0.280796	
2522	-1.100480	0.036933	0.283131	
2523	-1.098219	0.038294	0.285278	
2524	-1.096345	0.039970	0.287133	
2525	-1.098034	0.041628	0.290064	
2526	-1.094246	0.042878	0.291803	
2527	-1.091832	0.044354	0.293350	
2528	-1.093464	0.046487	0.295985	
2529	-1.092720	0.048141	0.298070	
2530	-1.087956	0.049244	0.298242	
2531	-1.087473	0.049725	0.298979	
2532	-1.089016	0.051668	0.300643	
2533	-1.085851	0.052474	0.300837	
2534	-1.084381	0.052134	0.300574	
2535	-1.086744	0.052727	0.302298	
2536	-1.083941	0.053317	0.302901	
2537	-1.082983	0.052480	0.302984	
2538	-1.083076	0.052159	0.303758	
2539	-1.082306	0.051876	0.304502	
2540	-1.080541	0.051679	0.304542	
2541	-1.079063	0.050632	0.304986	
2542	-1.076396	0.049878	0.304340	
2543	-1.076115	0.049298	0.304310	
2544	-1.075219	0.048669	0.304390	
2545	-1.073250	0.048004	0.304076	
2546	-1.074228	0.046752	0.304200	
2547	-1.073804	0.047310	0.304676	
2548	-1.071100	0.048354	0.304291	
2549	-1.071590	0.048349	0.304520	
2550	-1.071704	0.049506	0.305054	
2551	-1.068985	0.051491	0.305044	
2552	-1.068030	0.051485	0.304727	
2553	-1.067755	0.053555	0.305527	
2554	-1.064453	0.055343	0.305070	
2555	-1.063819	0.056080	0.304929	
2556	-1.063380	0.057675	0.305392	
2557	-1.060386	0.060019	0.304839	
2558	-1.059598	0.060313	0.304305	
2559	-1.060102	0.061796	0.304702	
2560	-1.056703	0.063880	0.304152	
2561	-1.056440	0.064436	0.303746	
2562	-1.056930	0.065778	0.304110	
2563	-1.052792	0.068381	0.303400	
2564	-1.052438	0.069540	0.303271	
2565	-1.051291	0.071600	0.303251	
2566	-1.047122	0.075338	0.302203	
2567	-1.047365	0.076606	0.302093	
2568	-1.044288	0.078644	0.300731	
2569	-1.043777	0.080020	0.299651	
2570	-1.041826	0.080890	0.298648	
2571	-1.041959	0.081198	0.297660	
2572	-1.041363	0.081703	0.296843	
2573	-1.039057	0.082294	0.295704	
2574	-1.038700	0.082805	0.294266	
2575	-1.036585	0.082424	0.292881	
2576	-1.037387	0.082585	0.292453	
2577	-1.035201	0.082517	0.291457	
2578	-1.033387	0.082701	0.289571	
2579	-1.032301	0.083252	0.288968	
2580	-1.029301	0.083959	0.287918	
2581	-1.029088	0.084559	0.287422	
2582	-1.029439	0.085092	0.287321	
2583	-1.027562	0.085722	0.286566	
