0	0.000000	0.000000	0.000000	
1	0.000000	0.000000	0.000000	
2	0.000000	0.000000	0.000000	
3	0.000000	0.000000	0.000000	
4	0.000066	0.001383	0.000723	
5	-0.000360	0.001262	0.000704	
6	-0.000669	0.002141	0.000451	
7	-0.000430	0.001630	0.000086	
8	-0.001100	0.005105	0.000530	
9	-0.000575	0.003788	-0.000197	
10	-0.000581	0.005126	0.000087	
11	-0.000621	0.003725	-0.000382	
12	-0.000657	0.003232	-0.000170	
13	-0.000515	0.003312	-0.000216	
14	-0.001146	0.002127	-0.000762	
15	-0.001205	0.001580	-0.000924	
16	-0.001036	0.000823	-0.001333	
17	-0.001267	-0.000513	-0.002053	
18	-0.000680	-0.000107	-0.001900	
19	-0.001075	-0.000469	-0.002555	
20	-0.001234	0.000353	-0.002423	
21	-0.000919	-0.000194	-0.002609	
22	0.000795	0.000533	-0.002624	
23	0.001005	0.000531	-0.003076	
24	0.000780	-0.000311	-0.003773	
25	0.001562	0.000299	-0.004099	
26	0.001940	0.000045	-0.004835	
27	0.002064	-0.000583	-0.005823	
28	0.003582	-0.000079	-0.006106	
29	0.003222	0.000309	-0.006574	
30	0.002695	-0.000437	-0.007429	
31	0.003900	-0.000406	-0.007633	
32	0.004258	0.000973	-0.007553	
33	0.003711	0.001592	-0.008140	
34	0.004104	0.002134	-0.008359	
35	0.004576	0.002163	-0.008474	
36	0.004478	0.002200	-0.008759	
37	0.005001	0.003342	-0.008479	
38	0.005722	0.004885	-0.008431	
39	0.004995	0.004752	-0.009109	
40	0.005386	0.005406	-0.008883	
41	0.005829	0.005493	-0.009153	
42	0.006108	0.004468	-0.009948	
43	0.006261	0.003371	-0.010541	
44	0.006861	0.003087	-0.010668	
45	0.006903	0.003582	-0.010949	
46	0.007087	0.003468	-0.011385	
47	0.007485	0.003942	-0.011619	
48	0.007394	0.004650	-0.011995	
49	0.007113	0.004219	-0.012349	
50	0.008107	0.004402	-0.012514	
51	0.008379	0.003786	-0.013235	
52	0.007800	0.003252	-0.013486	
53	0.008168	0.004398	-0.013619	
54	0.007943	0.004200	-0.013981	
55	0.008096	0.004103	-0.014397	
56	0.008124	0.004302	-0.014400	
57	0.007980	0.004310	-0.014772	
58	0.007728	0.004393	-0.014906	
59	0.008499	0.005976	-0.014184	
60	0.008076	0.006147	-0.014015	
61	0.006967	0.006724	-0.013713	
62	0.007656	0.007843	-0.013004	
63	0.007903	0.008708	-0.012353	
64	0.007093	0.010001	-0.011680	
65	0.006669	0.010198	-0.011424	
66	0.006488	0.010250	-0.011076	
67	0.006541	0.011932	-0.010236	
68	0.005410	0.012013	-0.010153	
69	0.003481	0.012489	-0.010244	
70	0.002200	0.012551	-0.010439	
71	-0.000242	0.011667	-0.011600	
72	-0.003084	0.011438	-0.012969	
73	-0.006355	0.009148	-0.015913	
74	-0.011587	0.007480	-0.019560	
75	-0.018203	0.006603	-0.023279	
76	-0.023727	0.005889	-0.027610	
77	-0.036776	0.003087	-0.037356	
78	-0.045421	0.002052	-0.042264	
79	-0.054557	0.002254	-0.046511	
80	-0.063435	0.001785	-0.051169	
81	-0.072723	0.001744	-0.055544	
82	-0.084112	0.002305	-0.060151	
83	-0.094988	0.004464	-0.064007	
84	-0.105596	0.006148	-0.067575	
85	-0.117213	0.008482	-0.070804	
86	-0.129479	0.010549	-0.073751	
87	-0.142759	0.013615	-0.076261	
88	-0.155953	0.016729	-0.078551	
89	-0.167792	0.019169	-0.080827	
90	-0.181333	0.021273	-0.083447	
91	-0.193701	0.025296	-0.084910	
92	-0.204715	0.029028	-0.086470	
93	-0.216918	0.031382	-0.088519	
94	-0.228713	0.033050	-0.089849	
95	-0.239578	0.034657	-0.091850	
96	-0.249495	0.037096	-0.093485	
97	-0.259690	0.037152	-0.095263	
98	-0.269384	0.036729	-0.096915	
99	-0.279785	0.036553	-0.097704	
100	-0.288651	0.036677	-0.098287	
101	-0.298961	0.034960	-0.098899	
102	-0.308882	0.034339	-0.098822	
103	-0.317941	0.033094	-0.098663	
104	-0.326400	0.031246	-0.098880	
105	-0.335598	0.029018	-0.099080	
106	-0.345489	0.027849	-0.098381	
107	-0.353630	0.027436	-0.097381	
108	-0.372636	0.023548	-0.095964	
109	-0.382176	0.022868	-0.094253	
110	-0.391519	0.021938	-0.092618	
111	-0.401415	0.020486	-0.090284	
112	-0.413177	0.018955	-0.087673	
113	-0.424412	0.017958	-0.084968	
114	-0.434742	0.015480	-0.082326	
115	-0.445447	0.012029	-0.079185	
116	-0.457468	0.008085	-0.076016	
117	-0.467886	0.005111	-0.071877	
118	-0.475359	0.003027	-0.066211	
119	-0.499119	-0.002764	-0.054202	
120	-0.507041	-0.003648	-0.046754	
121	-0.511965	-0.007864	-0.039839	
122	-0.521525	-0.011752	-0.032895	
123	-0.529107	-0.012582	-0.025943	
124	-0.537048	-0.017049	-0.020499	
125	-0.544502	-0.020936	-0.014538	
126	-0.551770	-0.023098	-0.008757	
127	-0.560078	-0.027628	-0.004404	
128	-0.566802	-0.032094	0.000093	
129	-0.573197	-0.036044	0.004854	
130	-0.581788	-0.040303	0.009122	
131	-0.587633	-0.043374	0.014152	
132	-0.593334	-0.047439	0.019395	
133	-0.599681	-0.051324	0.024442	
134	-0.615064	-0.056365	0.035398	
135	-0.622236	-0.059359	0.041164	
136	-0.630546	-0.061369	0.046665	
137	-0.638600	-0.064121	0.052080	
138	-0.652711	-0.068882	0.063139	
139	-0.662004	-0.069957	0.068798	
140	-0.679812	-0.074041	0.079981	
141	-0.688365	-0.076160	0.085556	
142	-0.697671	-0.076361	0.091721	
143	-0.706705	-0.078122	0.097346	
144	-0.716109	-0.080657	0.102941	
145	-0.723848	-0.083691	0.107983	
146	-0.733692	-0.087524	0.112855	
147	-0.743479	-0.088828	0.118469	
148	-0.751418	-0.092178	0.123347	
149	-0.760504	-0.094802	0.128381	
150	-0.769968	-0.096065	0.134098	
151	-0.784267	-0.102559	0.145074	
152	-0.792282	-0.104781	0.150394	
153	-0.799125	-0.108428	0.155335	
154	-0.803685	-0.112557	0.160131	
155	-0.810380	-0.113939	0.165437	
156	-0.817007	-0.115420	0.171102	
157	-0.821399	-0.118168	0.176640	
158	-0.826175	-0.121984	0.182109	
159	-0.833096	-0.123893	0.188169	
160	-0.838385	-0.126264	0.194016	
161	-0.842373	-0.129873	0.199249	
162	-0.848366	-0.131398	0.204507	
163	-0.855401	-0.132736	0.209778	
164	-0.859828	-0.135178	0.214695	
165	-0.864712	-0.138753	0.219038	
166	-0.871379	-0.140284	0.223910	
167	-0.876304	-0.142416	0.228955	
168	-0.879817	-0.145929	0.233278	
169	-0.885912	-0.147729	0.238599	
170	-0.892805	-0.149092	0.244243	
171	-0.897249	-0.154969	0.249206	
172	-0.902165	-0.159770	0.254192	
173	-0.909380	-0.163074	0.259764	
174	-0.919438	-0.169275	0.271351	
175	-0.925363	-0.173753	0.277420	
176	-0.931533	-0.175629	0.283968	
177	-0.935997	-0.179787	0.290615	
178	-0.940731	-0.183515	0.297386	
179	-0.946197	-0.187154	0.304183	
180	-0.951044	-0.190800	0.310591	
181	-0.955801	-0.194010	0.316894	
182	-0.960317	-0.197476	0.322692	
183	-0.966346	-0.202059	0.328718	
184	-0.970846	-0.203595	0.334769	
185	-0.973249	-0.207954	0.339581	
186	-0.979713	-0.209501	0.345351	
187	-0.986659	-0.211609	0.350964	
188	-0.991611	-0.213655	0.356335	
189	-0.996007	-0.215622	0.361451	
190	-1.003983	-0.216008	0.367518	
191	-1.011147	-0.216955	0.373722	
192	-1.016224	-0.217550	0.380083	
193	-1.021777	-0.219234	0.386015	
194	-1.030838	-0.219538	0.392675	
195	-1.041033	-0.218715	0.399663	
196	-1.049589	-0.220366	0.405398	
197	-1.059324	-0.221133	0.410837	
198	-1.072136	-0.222293	0.416865	
199	-1.082962	-0.222920	0.421700	
200	-1.092476	-0.223740	0.425818	
201	-1.103861	-0.224254	0.430400	
202	-1.116807	-0.224880	0.435572	
203	-1.126090	-0.224582	0.439672	
204	-1.136831	-0.226705	0.444024	
205	-1.157751	-0.229901	0.452390	
206	-1.166254	-0.231462	0.455811	
207	-1.176484	-0.234586	0.460120	
208	-1.185939	-0.237453	0.464411	
209	-1.191932	-0.238389	0.468089	
210	-1.199753	-0.241801	0.471941	
211	-1.209534	-0.244567	0.477010	
212	-1.214767	-0.246135	0.481243	
213	-1.220687	-0.248969	0.485435	
214	-1.229608	-0.253094	0.490619	
215	-1.234700	-0.254292	0.495629	
216	-1.239310	-0.257434	0.500111	
217	-1.246934	-0.260836	0.505997	
218	-1.251331	-0.263352	0.511548	
219	-1.255671	-0.265742	0.517219	
220	-1.261467	-0.269361	0.523198	
221	-1.266725	-0.272076	0.529359	
222	-1.270654	-0.275249	0.535013	
223	-1.275444	-0.279750	0.540989	
224	-1.280173	-0.283549	0.547209	
225	-1.283667	-0.287398	0.553286	
226	-1.288130	-0.291682	0.559851	
227	-1.290516	-0.296057	0.565932	
228	-1.293089	-0.301516	0.571827	
229	-1.297097	-0.307761	0.578110	
230	-1.300340	-0.312279	0.583903	
231	-1.303856	-0.316339	0.589629	
232	-1.307807	-0.321299	0.595569	
233	-1.310194	-0.326429	0.601091	
234	-1.313874	-0.331488	0.607025	
235	-1.319636	-0.335386	0.614078	
236	-1.323361	-0.339759	0.619954	
237	-1.327012	-0.343842	0.625709	
238	-1.331352	-0.347775	0.631665	
239	-1.335665	-0.351390	0.637894	
240	-1.339749	-0.354913	0.643843	
241	-1.345192	-0.359344	0.650066	
242	-1.350315	-0.361783	0.656084	
243	-1.355006	-0.365064	0.661052	
244	-1.361586	-0.369774	0.666602	
245	-1.367177	-0.372885	0.671867	
246	-1.371241	-0.377493	0.676243	
247	-1.376862	-0.382533	0.680350	
248	-1.382767	-0.386507	0.684217	
249	-1.387919	-0.390425	0.687382	
250	-1.393437	-0.395092	0.690056	
251	-1.401346	-0.398045	0.693324	
252	-1.408064	-0.400767	0.696215	
253	-1.415032	-0.404511	0.698402	
254	-1.424334	-0.405804	0.701254	
255	-1.432875	-0.407047	0.703115	
256	-1.451728	-0.410347	0.705998	
257	-1.462908	-0.409610	0.707374	
258	-1.482636	-0.409889	0.708533	
259	-1.494581	-0.409566	0.709728	
260	-1.505636	-0.408454	0.710846	
261	-1.516158	-0.407170	0.711824	
262	-1.526438	-0.406624	0.712921	
263	-1.536696	-0.407259	0.714089	
264	-1.547128	-0.405520	0.715995	
265	-1.556692	-0.404834	0.717108	
266	-1.567855	-0.405206	0.718512	
267	-1.577518	-0.405363	0.720360	
268	-1.586526	-0.405916	0.721651	
269	-1.597738	-0.405889	0.723974	
270	-1.607254	-0.404819	0.726262	
271	-1.616815	-0.405055	0.728480	
272	-1.626902	-0.405867	0.731189	
273	-1.635541	-0.405780	0.733980	
274	-1.644202	-0.406628	0.736749	
275	-1.653584	-0.404302	0.740817	
276	-1.661884	-0.402510	0.745400	
277	-1.670110	-0.399875	0.750574	
278	-1.677958	-0.395471	0.756796	
279	-1.685479	-0.391319	0.764011	
280	-1.692108	-0.386877	0.771597	
281	-1.698173	-0.381574	0.779360	
282	-1.702744	-0.377283	0.787072	
283	-1.706438	-0.373380	0.795060	
284	-1.710157	-0.369639	0.803202	
285	-1.712835	-0.366408	0.810553	
286	-1.715605	-0.365483	0.818252	
287	-1.718368	-0.363239	0.827704	
288	-1.717735	-0.360406	0.835625	
289	-1.718923	-0.360465	0.843158	
290	-1.720050	-0.357852	0.852282	
291	-1.719745	-0.355813	0.860850	
292	-1.720204	-0.354640	0.869837	
293	-1.720771	-0.353187	0.878562	
294	-1.721779	-0.350787	0.888261	
295	-1.722861	-0.348649	0.897536	
296	-1.723621	-0.349089	0.906187	
297	-1.725137	-0.348751	0.915240	
298	-1.726242	-0.349566	0.923997	
299	-1.727388	-0.351036	0.931160	
300	-1.729511	-0.352319	0.938923	
301	-1.731745	-0.354006	0.946589	
302	-1.733932	-0.354253	0.954648	
303	-1.735995	-0.356521	0.961420	
304	-1.738496	-0.359111	0.968540	
305	-1.740705	-0.363567	0.974931	
306	-1.744385	-0.366198	0.981631	
307	-1.748233	-0.367717	0.988604	
308	-1.752488	-0.371215	0.994998	
309	-1.756073	-0.375010	1.000655	
310	-1.759737	-0.378600	1.006553	
311	-1.763458	-0.380304	1.012498	
312	-1.767203	-0.383819	1.017990	
313	-1.771302	-0.386995	1.023714	
314	-1.775432	-0.388802	1.030002	
315	-1.779769	-0.392292	1.035780	
316	-1.784646	-0.396604	1.040841	
317	-1.789533	-0.401234	1.045805	
318	-1.794850	-0.405355	1.051142	
319	-1.800210	-0.409338	1.056172	
320	-1.806201	-0.413718	1.061328	
321	-1.811567	-0.418728	1.065958	
322	-1.816803	-0.423591	1.070252	
323	-1.822624	-0.428575	1.074441	
324	-1.828077	-0.433292	1.078661	
325	-1.833684	-0.437328	1.082748	
326	-1.838370	-0.442728	1.085558	
327	-1.842810	-0.447781	1.088529	
328	-1.847584	-0.452812	1.091908	
329	-1.852396	-0.457594	1.095532	
330	-1.857073	-0.462501	1.100119	
331	-1.861368	-0.468603	1.104259	
332	-1.865661	-0.473012	1.108646	
333	-1.870005	-0.478883	1.114421	
334	-1.873413	-0.486153	1.118913	
335	-1.877580	-0.491025	1.124588	
336	-1.881702	-0.497166	1.130709	
337	-1.884924	-0.503060	1.134808	
338	-1.888531	-0.508809	1.141076	
339	-1.891129	-0.516133	1.146734	
340	-1.893275	-0.522519	1.151180	
341	-1.895785	-0.527747	1.157153	
342	-1.897799	-0.534032	1.164399	
343	-1.898902	-0.540031	1.168267	
344	-1.900818	-0.544933	1.174709	
345	-1.902187	-0.552223	1.182064	
346	-1.903312	-0.557538	1.187366	
347	-1.904850	-0.560839	1.194353	
348	-1.904628	-0.566029	1.200600	
349	-1.904550	-0.573319	1.204907	
350	-1.904869	-0.577261	1.210799	
351	-1.905435	-0.582823	1.218519	
352	-1.905176	-0.588453	1.223499	
353	-1.905401	-0.594094	1.230234	
354	-1.904940	-0.605234	1.242537	
355	-1.904637	-0.610600	1.249242	
356	-1.904144	-0.615736	1.255706	
357	-1.903903	-0.621662	1.262537	
358	-1.903777	-0.626829	1.269406	
359	-1.903141	-0.633846	1.277279	
360	-1.902547	-0.645170	1.292322	
361	-1.902117	-0.652085	1.300241	
362	-1.901683	-0.658500	1.307352	
363	-1.901546	-0.664862	1.315116	
364	-1.901461	-0.670201	1.322293	
365	-1.901421	-0.675085	1.329389	
366	-1.901618	-0.678905	1.337208	
367	-1.901394	-0.682107	1.342938	
368	-1.901361	-0.686100	1.348831	
369	-1.901187	-0.690197	1.355551	
370	-1.900639	-0.693670	1.361781	
371	-1.900435	-0.696343	1.366607	
372	-1.899888	-0.699203	1.372435	
373	-1.899633	-0.702012	1.376622	
374	-1.900198	-0.704544	1.380381	
375	-1.900421	-0.707110	1.384964	
376	-1.901218	-0.709280	1.390003	
377	-1.902198	-0.710730	1.393464	
378	-1.903644	-0.712347	1.398086	
379	-1.905169	-0.713946	1.403431	
380	-1.906950	-0.716014	1.408743	
381	-1.908866	-0.718093	1.413537	
382	-1.911142	-0.720908	1.419824	
383	-1.913648	-0.723828	1.424536	
384	-1.916281	-0.727403	1.429857	
385	-1.919621	-0.731232	1.435812	
386	-1.922842	-0.735676	1.440245	
387	-1.927049	-0.739642	1.446407	
388	-1.931016	-0.745032	1.451619	
389	-1.934953	-0.751235	1.456348	
390	-1.939761	-0.755377	1.461625	
391	-1.944182	-0.761863	1.466710	
392	-1.949167	-0.767105	1.471124	
393	-1.954391	-0.773329	1.477691	
394	-1.959705	-0.778666	1.482178	
395	-1.965184	-0.785363	1.487817	
396	-1.971100	-0.792045	1.495200	
397	-1.976594	-0.798322	1.500420	
398	-1.986773	-0.812027	1.511412	
399	-1.990809	-0.819561	1.516883	
400	-1.995226	-0.826428	1.521185	
401	-1.998752	-0.835988	1.528353	
402	-2.001975	-0.842409	1.532628	
403	-2.005622	-0.849759	1.538054	
404	-2.009199	-0.857885	1.546410	
405	-2.012116	-0.864094	1.553919	
406	-2.015133	-0.870429	1.559765	
407	-2.018354	-0.877463	1.568358	
408	-2.020520	-0.883252	1.577040	
409	-2.022744	-0.886224	1.582043	
410	-2.025102	-0.890813	1.588711	
411	-2.026906	-0.895807	1.597642	
412	-2.028597	-0.898133	1.604297	
413	-2.030207	-0.900414	1.610065	
414	-2.031525	-0.903630	1.617666	
415	-2.032365	-0.907345	1.626458	
416	-2.033855	-0.908267	1.633081	
417	-2.035296	-0.910253	1.640328	
418	-2.036796	-0.911964	1.649055	
419	-2.038451	-0.913299	1.655362	
420	-2.039871	-0.915682	1.663497	
421	-2.041699	-0.916328	1.670328	
422	-2.043096	-0.917913	1.677573	
423	-2.044611	-0.918659	1.683558	
424	-2.045963	-0.920149	1.690162	
425	-2.047097	-0.922000	1.697056	
426	-2.049659	-0.924257	1.707444	
427	-2.051084	-0.925524	1.712569	
428	-2.052023	-0.927529	1.718227	
429	-2.053465	-0.930064	1.723932	
430	-2.055573	-0.933517	1.728813	
431	-2.056848	-0.938154	1.736558	
432	-2.058355	-0.949424	1.747403	
433	-2.059170	-0.955332	1.753039	
434	-2.059789	-0.960994	1.757721	
435	-2.061234	-0.966446	1.760619	
436	-2.062402	-0.972260	1.765924	
437	-2.063641	-0.978785	1.771666	
438	-2.065394	-0.984341	1.775651	
439	-2.066897	-0.990788	1.782198	
440	-2.067946	-0.996991	1.786782	
441	-2.069452	-1.003761	1.791752	
442	-2.070892	-1.009501	1.798062	
443	-2.072300	-1.014835	1.802945	
444	-2.073570	-1.021273	1.808488	
445	-2.075127	-1.027074	1.813988	
446	-2.075923	-1.033831	1.820522	
447	-2.077415	-1.039809	1.824594	
448	-2.078733	-1.046669	1.829892	
449	-2.080089	-1.053195	1.836804	
450	-2.081407	-1.059397	1.840546	
451	-2.083436	-1.065822	1.847828	
452	-2.084803	-1.071450	1.853575	
453	-2.087765	-1.076802	1.857613	
454	-2.089323	-1.084969	1.866642	
455	-2.091476	-1.091013	1.872693	
456	-2.094552	-1.098442	1.880073	
457	-2.098422	-1.104650	1.888280	
458	-2.102506	-1.111961	1.896884	
459	-2.106271	-1.121511	1.906982	
460	-2.112369	-1.126975	1.915598	
461	-2.117362	-1.135142	1.925866	
462	-2.122798	-1.143118	1.937594	
463	-2.127882	-1.150234	1.948693	
464	-2.132093	-1.157659	1.959835	
465	-2.136824	-1.164816	1.971456	
466	-2.140359	-1.171710	1.982859	
467	-2.143538	-1.178430	1.993040	
468	-2.147229	-1.185278	2.002841	
469	-2.150771	-1.192635	2.012736	
470	-2.153487	-1.198396	2.023592	
471	-2.157274	-1.204980	2.032616	
472	-2.161359	-1.211233	2.044164	
473	-2.163983	-1.217399	2.054258	
474	-2.167028	-1.222830	2.064407	
475	-2.169615	-1.228256	2.074023	
476	-2.171237	-1.234002	2.083971	
477	-2.173622	-1.237864	2.092699	
478	-2.174683	-1.241019	2.101950	
479	-2.175090	-1.243981	2.110611	
480	-2.175895	-1.246893	2.118031	
481	-2.175550	-1.248503	2.126616	
482	-2.173084	-1.250275	2.136353	
483	-2.173345	-1.251403	2.142934	
484	-2.173053	-1.252429	2.150981	
485	-2.169152	-1.253776	2.161076	
486	-2.166777	-1.254049	2.168398	
487	-2.165478	-1.254307	2.174476	
488	-2.157581	-1.257901	2.194476	
489	-2.154904	-1.259411	2.202064	
490	-2.150769	-1.262213	2.212810	
491	-2.147411	-1.265046	2.219102	
492	-2.143812	-1.268900	2.226398	
493	-2.138793	-1.273274	2.235290	
494	-2.135423	-1.277529	2.241971	
495	-2.133136	-1.281257	2.248126	
496	-2.127947	-1.286439	2.258725	
497	-2.120739	-1.296896	2.271574	
498	-2.116207	-1.301593	2.280069	
499	-2.111262	-1.305393	2.288508	
500	-2.107978	-1.310811	2.292050	
501	-2.104810	-1.314380	2.297579	
502	-2.099203	-1.319567	2.304514	
503	-2.096620	-1.323154	2.307810	
504	-2.093046	-1.326284	2.313045	
505	-2.088917	-1.328763	2.320335	
506	-2.085764	-1.332692	2.324594	
507	-2.082418	-1.337257	2.327373	
508	-2.076873	-1.341876	2.332803	
509	-2.074068	-1.345064	2.335441	
510	-2.071072	-1.348076	2.338276	
511	-2.066137	-1.351110	2.343746	
512	-2.061882	-1.356426	2.345420	
513	-2.057770	-1.361542	2.347365	
514	-2.051220	-1.366190	2.353315	
515	-2.047855	-1.369359	2.356769	
516	-2.043095	-1.373947	2.361363	
517	-2.036911	-1.378947	2.368094	
518	-2.032449	-1.383668	2.373797	
519	-2.028180	-1.387594	2.381649	
520	-2.021332	-1.393006	2.391555	
521	-2.018155	-1.397200	2.399165	
522	-2.013578	-1.401309	2.408525	
523	-2.008245	-1.407109	2.418167	
524	-2.003830	-1.412045	2.427635	
525	-1.998124	-1.418501	2.437022	
526	-1.994854	-1.425596	2.444244	
527	-1.989616	-1.430718	2.453679	
528	-1.984265	-1.435583	2.463402	
529	-1.979911	-1.441430	2.471779	
530	-1.975768	-1.446681	2.479777	
531	-1.970987	-1.450905	2.488871	
532	-1.966867	-1.455931	2.496643	
533	-1.963113	-1.458897	2.505705	
534	-1.958410	-1.461709	2.514113	
535	-1.953192	-1.465952	2.521508	
536	-1.948935	-1.469532	2.528756	
537	-1.943615	-1.472360	2.536034	
538	-1.937311	-1.476918	2.541800	
539	-1.934745	-1.479538	2.547935	
540	-1.928954	-1.482980	2.553909	
541	-1.921437	-1.487729	2.560084	
542	-1.917596	-1.490825	2.565605	
543	-1.911913	-1.493510	2.571368	
544	-1.904547	-1.497021	2.577176	
545	-1.898508	-1.499764	2.582701	
546	-1.893509	-1.501535	2.587626	
547	-1.886564	-1.502913	2.593497	
548	-1.878418	-1.504843	2.597823	
549	-1.871598	-1.506277	2.602094	
550	-1.864022	-1.507568	2.605624	
551	-1.856104	-1.507940	2.611001	
552	-1.847358	-1.509158	2.613956	
553	-1.841204	-1.509345	2.617670	
554	-1.831345	-1.508275	2.622556	
555	-1.818078	-1.509436	2.627349	
556	-1.811891	-1.508696	2.630911	
557	-1.801949	-1.507630	2.636390	
558	-1.789470	-1.507193	2.641555	
559	-1.781523	-1.506192	2.646065	
560	-1.772936	-1.504395	2.650761	
561	-1.760654	-1.503542	2.655492	
562	-1.751031	-1.503345	2.659154	
563	-1.733183	-1.500573	2.666377	
564	-1.721995	-1.500836	2.669666	
565	-1.713764	-1.500481	2.671481	
566	-1.704224	-1.499838	2.673634	
567	-1.694060	-1.500037	2.676198	
568	-1.685421	-1.500917	2.676258	
569	-1.677670	-1.501516	2.677135	
570	-1.668746	-1.501698	2.679633	
571	-1.660722	-1.502692	2.680553	
572	-1.653244	-1.504637	2.679553	
573	-1.645335	-1.506273	2.679643	
574	-1.637542	-1.507796	2.680385	
575	-1.631293	-1.508658	2.680715	
576	-1.624951	-1.509421	2.681431	
577	-1.616756	-1.510520	2.683379	
578	-1.605481	-1.513654	2.683677	
579	-1.598583	-1.514246	2.685349	
580	-1.591119	-1.515236	2.686946	
581	-1.586006	-1.516901	2.686697	
582	-1.579489	-1.517264	2.688772	
583	-1.571462	-1.519465	2.690180	
584	-1.566746	-1.521052	2.691087	
585	-1.554043	-1.523149	2.695809	
586	-1.548461	-1.524216	2.698610	
587	-1.543060	-1.525126	2.700603	
588	-1.536531	-1.526053	2.703188	
589	-1.530125	-1.527345	2.704174	
590	-1.517368	-1.528543	2.709218	
591	-1.511304	-1.529382	2.711726	
592	-1.503958	-1.530550	2.714386	
593	-1.498445	-1.531170	2.717740	
594	-1.492808	-1.532586	2.720291	
595	-1.485851	-1.533522	2.722974	
596	-1.479041	-1.533834	2.726645	
597	-1.474962	-1.533896	2.729582	
598	-1.468050	-1.533578	2.732628	
599	-1.460926	-1.533280	2.735996	
600	-1.456080	-1.532806	2.737700	
601	-1.451002	-1.532711	2.738253	
602	-1.442254	-1.531538	2.742707	
603	-1.435430	-1.529473	2.747061	
604	-1.430897	-1.529451	2.746461	
605	-1.422103	-1.528401	2.749690	
606	-1.412889	-1.526901	2.753070	
607	-1.407517	-1.525804	2.754362	
608	-1.399019	-1.524235	2.757789	
609	-1.390803	-1.523420	2.758557	
610	-1.381991	-1.522253	2.761232	
611	-1.374150	-1.521245	2.763228	
612	-1.367627	-1.519933	2.763523	
613	-1.357941	-1.519133	2.764086	
614	-1.350648	-1.517942	2.763431	
615	-1.343647	-1.516626	2.762420	
616	-1.335105	-1.515122	2.761739	
617	-1.327251	-1.513958	2.761054	
618	-1.320819	-1.513271	2.758876	
619	-1.311558	-1.513270	2.756761	
620	-1.304645	-1.513390	2.755271	
621	-1.299059	-1.513345	2.753100	
622	-1.291233	-1.513325	2.751789	
623	-1.284003	-1.513659	2.749973	
624	-1.278979	-1.514358	2.745943	
625	-1.271278	-1.514655	2.744442	
626	-1.263994	-1.515014	2.742626	
627	-1.251124	-1.515511	2.738739	
628	-1.243144	-1.516479	2.736526	
629	-1.237781	-1.517611	2.733835	
630	-1.230269	-1.518753	2.732461	
631	-1.224192	-1.519728	2.730886	
632	-1.217740	-1.521374	2.728535	
633	-1.211021	-1.523066	2.726268	
634	-1.205335	-1.524076	2.724269	
635	-1.199799	-1.525036	2.722748	
636	-1.194657	-1.525461	2.721682	
637	-1.185455	-1.525533	2.717259	
638	-1.181358	-1.525376	2.714883	
639	-1.176511	-1.524104	2.713623	
640	-1.169885	-1.523442	2.711305	
641	-1.163249	-1.522959	2.709328	
642	-1.160841	-1.521916	2.707168	
643	-1.157279	-1.520281	2.706096	
644	-1.150526	-1.519568	2.704270	
645	-1.147681	-1.517913	2.703373	
646	-1.144732	-1.515996	2.702441	
647	-1.138158	-1.514213	2.701572	
648	-1.132169	-1.512589	2.699936	
649	-1.128313	-1.510762	2.698286	
650	-1.123526	-1.508509	2.696672	
651	-1.117714	-1.505888	2.694825	
652	-1.112175	-1.502699	2.693446	
653	-1.107743	-1.499131	2.691758	
654	-1.101001	-1.495672	2.690093	
655	-1.094750	-1.491883	2.688343	
656	-1.089694	-1.487744	2.686450	
657	-1.080836	-1.484179	2.684123	
658	-1.078076	-1.479421	2.682705	
659	-1.073450	-1.474694	2.681510	
660	-1.063744	-1.471943	2.678663	
661	-1.058913	-1.467977	2.677201	
662	-1.055287	-1.463879	2.675315	
663	-1.049150	-1.460057	2.672434	
664	-1.044430	-1.455945	2.669517	
665	-1.040452	-1.451666	2.666453	
666	-1.036821	-1.446990	2.662787	
667	-1.033940	-1.441968	2.659286	
668	-1.027681	-1.437865	2.654219	
669	-1.021923	-1.433140	2.649797	
670	-1.018262	-1.427112	2.646730	
671	-1.010836	-1.422475	2.641369	
672	-1.002259	-1.417102	2.636449	
673	-0.988939	-1.407959	2.624924	
674	-0.976466	-1.403976	2.618762	
675	-0.965708	-1.396916	2.607548	
676	-0.960380	-1.395538	2.600415	
677	-0.959236	-1.390986	2.597077	
678	-0.956049	-1.386344	2.593749	
679	-0.948493	-1.383450	2.588101	
680	-0.942173	-1.379651	2.583829	
681	-0.939316	-1.374502	2.581627	
682	-0.933217	-1.371469	2.578013	
683	-0.927141	-1.368067	2.575209	
684	-0.918316	-1.360025	2.571988	
685	-0.913077	-1.357403	2.569499	
686	-0.911813	-1.351484	2.570290	
687	-0.908097	-1.347280	2.569577	
688	-0.901535	-1.345133	2.567694	
689	-0.899719	-1.338449	2.570187	
690	-0.896706	-1.333579	2.570632	
691	-0.892021	-1.330066	2.570165	
692	-0.889234	-1.324892	2.571661	
693	-0.888666	-1.319131	2.573964	
694	-0.884308	-1.316570	2.573734	
695	-0.881841	-1.312388	2.575466	
696	-0.880727	-1.307990	2.577119	
697	-0.875224	-1.307359	2.575843	
698	-0.874059	-1.302965	2.578469	
699	-0.872854	-1.299910	2.580130	
700	-0.867929	-1.299665	2.579718	
701	-0.867353	-1.296010	2.582546	
702	-0.865388	-1.293653	2.583877	
703	-0.861702	-1.292232	2.585238	
704	-0.860218	-1.289185	2.588259	
705	-0.857459	-1.287029	2.590482	
706	-0.855061	-1.284608	2.593222	
707	-0.852383	-1.281830	2.596203	
708	-0.850447	-1.279196	2.599110	
709	-0.846932	-1.277529	2.601082	
710	-0.844852	-1.274633	2.604046	
711	-0.842755	-1.271884	2.606884	
712	-0.834453	-1.265150	2.615532	
713	-0.828987	-1.265213	2.615677	
714	-0.822877	-1.265470	2.616870	
715	-0.821700	-1.262736	2.620857	
716	-0.815696	-1.263713	2.621858	
717	-0.812217	-1.263084	2.624683	
718	-0.810456	-1.260782	2.628305	
719	-0.805801	-1.260982	2.630182	
720	-0.802272	-1.260249	2.632882	
721	-0.799866	-1.258430	2.636271	
722	-0.794450	-1.259489	2.636990	
723	-0.789451	-1.260079	2.639087	
724	-0.787168	-1.258857	2.642462	
725	-0.784057	-1.258760	2.644627	
726	-0.777713	-1.261273	2.645067	
727	-0.775491	-1.259655	2.649604	
728	-0.772528	-1.259035	2.652463	
729	-0.766747	-1.261084	2.653424	
730	-0.763182	-1.260612	2.657995	
731	-0.760705	-1.260042	2.660655	
732	-0.755112	-1.261904	2.661748	
733	-0.752569	-1.261188	2.666006	
734	-0.748879	-1.261642	2.668445	
735	-0.744006	-1.263607	2.669645	
736	-0.741835	-1.262870	2.673325	
737	-0.738122	-1.263681	2.675309	
738	-0.734213	-1.265175	2.677412	
739	-0.731653	-1.265948	2.680369	
740	-0.727015	-1.269481	2.680264	
741	-0.725043	-1.270995	2.683100	
742	-0.723521	-1.271898	2.686328	
743	-0.722281	-1.273099	2.688387	
744	-0.722019	-1.273012	2.692082	
745	-0.719794	-1.274354	2.694323	
746	-0.718382	-1.275455	2.697628	
747	-0.717033	-1.276407	2.700710	
748	-0.714852	-1.277481	2.703289	
749	-0.712534	-1.278873	2.705933	
750	-0.712667	-1.278163	2.710206	
751	-0.709688	-1.280066	2.712736	
752	-0.707522	-1.281608	2.716945	
753	-0.706518	-1.282456	2.722113	
754	-0.704216	-1.284679	2.726042	
755	-0.701044	-1.288017	2.729383	
756	-0.699527	-1.290356	2.734602	
757	-0.697631	-1.293451	2.739087	
758	-0.693628	-1.298617	2.743036	
759	-0.693065	-1.301249	2.749654	
760	-0.690047	-1.305619	2.754219	
761	-0.687531	-1.309599	2.760131	
762	-0.685774	-1.313102	2.767031	
763	-0.684075	-1.316464	2.772571	
764	-0.681594	-1.320223	2.777978	
765	-0.678881	-1.324310	2.783599	
766	-0.675837	-1.328751	2.789380	
767	-0.674012	-1.331962	2.796343	
768	-0.670464	-1.336842	2.800700	
769	-0.668331	-1.340177	2.806959	
770	-0.668010	-1.341764	2.813789	
771	-0.663507	-1.346528	2.817507	
772	-0.660876	-1.349421	2.823348	
773	-0.658594	-1.351753	2.828468	
774	-0.654025	-1.355628	2.830566	
775	-0.652733	-1.356233	2.836859	
776	-0.651107	-1.356695	2.841823	
777	-0.645944	-1.358950	2.844772	
778	-0.642255	-1.359858	2.848852	
779	-0.638278	-1.360482	2.853006	
780	-0.632476	-1.363354	2.853381	
781	-0.627802	-1.365134	2.855288	
782	-0.623486	-1.366821	2.856543	
783	-0.617668	-1.369313	2.856105	
784	-0.611340	-1.372105	2.857015	
785	-0.606358	-1.373868	2.858807	
786	-0.599095	-1.376024	2.859561	
787	-0.593687	-1.377677	2.860780	
788	-0.581815	-1.381057	2.864800	
789	-0.574281	-1.383202	2.867100	
790	-0.567649	-1.385388	2.869786	
791	-0.559850	-1.387962	2.870862	
792	-0.552071	-1.390254	2.871962	
793	-0.543090	-1.393852	2.872453	
794	-0.536031	-1.395921	2.874894	
795	-0.527332	-1.398540	2.875634	
796	-0.517794	-1.401805	2.875751	
797	-0.510707	-1.403042	2.878592	
798	-0.502882	-1.404861	2.880138	
799	-0.493552	-1.407970	2.880643	
800	-0.486444	-1.409413	2.883445	
801	-0.469603	-1.414950	2.883189	
802	-0.457214	-1.417630	2.885231	
803	-0.444901	-1.420583	2.885807	
804	-0.439249	-1.421690	2.886249	
805	-0.432533	-1.423414	2.885417	
806	-0.428554	-1.422772	2.887044	
807	-0.422008	-1.423377	2.886560	
808	-0.415016	-1.424360	2.885866	
809	-0.408587	-1.423760	2.886792	
810	-0.400969	-1.424860	2.885800	
811	-0.392712	-1.426498	2.884623	
812	-0.385725	-1.425854	2.885696	
813	-0.379236	-1.426741	2.885828	
814	-0.371163	-1.428227	2.884739	
815	-0.365104	-1.427619	2.885946	
816	-0.358205	-1.428440	2.885742	
817	-0.350292	-1.429376	2.884027	
818	-0.345260	-1.428330	2.884409	
819	-0.338530	-1.429375	2.881828	
820	-0.332730	-1.430136	2.879904	
821	-0.327002	-1.429701	2.878890	
822	-0.321256	-1.429534	2.877225	
823	-0.315292	-1.428926	2.875709	
824	-0.309264	-1.427381	2.874634	
825	-0.303406	-1.427031	2.872538	
826	-0.297771	-1.425074	2.871165	
827	-0.293316	-1.422382	2.870019	
828	-0.288320	-1.420257	2.867858	
829	-0.276256	-1.414230	2.863997	
830	-0.270321	-1.411323	2.860940	
831	-0.264971	-1.408278	2.857177	
832	-0.259078	-1.403842	2.853839	
833	-0.253170	-1.399669	2.849741	
834	-0.245852	-1.396088	2.844399	
835	-0.238425	-1.391325	2.839777	
836	-0.230060	-1.386220	2.835215	
837	-0.221629	-1.383093	2.828689	
838	-0.212013	-1.379398	2.822475	
839	-0.203750	-1.375062	2.816541	
840	-0.194654	-1.371574	2.809961	
841	-0.177151	-1.364911	2.795799	
842	-0.169596	-1.361564	2.789070	
843	-0.162134	-1.358750	2.781530	
844	-0.154181	-1.355025	2.775133	
845	-0.148252	-1.352867	2.767933	
846	-0.140153	-1.349807	2.761806	
847	-0.132956	-1.346902	2.755059	
848	-0.127810	-1.345330	2.748674	
849	-0.119967	-1.342084	2.743142	
850	-0.114087	-1.342935	2.733896	
851	-0.106391	-1.342582	2.726908	
852	-0.097809	-1.339125	2.722782	
853	-0.094638	-1.340332	2.714820	
854	-0.088133	-1.341622	2.707578	
855	-0.081014	-1.341048	2.701300	
856	-0.076589	-1.340678	2.694515	
857	-0.071361	-1.339987	2.687549	
858	-0.066418	-1.339150	2.680130	
859	-0.060120	-1.337806	2.673269	
860	-0.053447	-1.335916	2.667319	
861	-0.048334	-1.335874	2.659887	
862	-0.041508	-1.335693	2.653898	
863	-0.034445	-1.336514	2.646749	
864	-0.027260	-1.337726	2.640572	
865	-0.020063	-1.338626	2.635308	
866	-0.013525	-1.340713	2.628740	
867	-0.005428	-1.342574	2.622965	
868	0.001469	-1.344331	2.617722	
869	0.007213	-1.346753	2.611039	
870	0.012899	-1.349523	2.604012	
871	0.020688	-1.351325	2.598368	
872	0.026527	-1.353566	2.591936	
873	0.032962	-1.355772	2.584727	
874	0.037857	-1.358334	2.576914	
875	0.049965	-1.360546	2.563271	
876	0.052927	-1.362525	2.554201	
877	0.057700	-1.363532	2.546756	
878	0.060488	-1.364993	2.537509	
879	0.068598	-1.364873	2.522602	
880	0.070195	-1.364439	2.513749	
881	0.072388	-1.364081	2.505334	
882	0.076967	-1.362272	2.499069	
883	0.078816	-1.361240	2.491468	
884	0.080012	-1.361115	2.482799	
885	0.080855	-1.359785	2.474348	
886	0.084141	-1.358592	2.464964	
887	0.085465	-1.357463	2.456126	
888	0.088545	-1.355701	2.446937	
889	0.090746	-1.353989	2.438842	
890	0.093794	-1.352804	2.429622	
891	0.096019	-1.352576	2.419772	
892	0.099587	-1.351629	2.410580	
893	0.101715	-1.350814	2.400528	
894	0.103765	-1.350810	2.388797	
895	0.107267	-1.351133	2.378311	
896	0.110719	-1.351958	2.369161	
897	0.114203	-1.353144	2.361947	
898	0.118968	-1.353577	2.354945	
899	0.122844	-1.353237	2.347851	
900	0.125859	-1.352572	2.340018	
901	0.128568	-1.351614	2.333204	
902	0.132321	-1.349828	2.326822	
903	0.134796	-1.348022	2.320027	
904	0.137750	-1.346455	2.313544	
905	0.140723	-1.344366	2.307577	
906	0.143261	-1.342309	2.301404	
907	0.146389	-1.340917	2.294917	
908	0.150477	-1.338724	2.289185	
909	0.155771	-1.336908	2.283035	
910	0.160544	-1.335849	2.278147	
911	0.166550	-1.333998	2.274993	
912	0.172142	-1.332831	2.271832	
913	0.176621	-1.332516	2.268452	
914	0.182320	-1.330693	2.265211	
915	0.187312	-1.328624	2.261239	
916	0.192553	-1.326819	2.258060	
917	0.194622	-1.324474	2.256329	
918	0.197932	-1.322377	2.253445	
919	0.202251	-1.321021	2.250586	
920	0.205221	-1.318775	2.249440	
921	0.208482	-1.317199	2.247520	
922	0.212771	-1.316218	2.245638	
923	0.216690	-1.314598	2.244282	
924	0.220463	-1.313519	2.242848	
925	0.224353	-1.312756	2.242092	
926	0.228224	-1.311444	2.242430	
927	0.233525	-1.311151	2.241662	
928	0.238213	-1.311147	2.242038	
929	0.240308	-1.310261	2.243820	
930	0.245489	-1.310278	2.244328	
931	0.249837	-1.310925	2.246064	
932	0.251991	-1.310978	2.249553	
933	0.256015	-1.311743	2.251154	
934	0.258615	-1.312371	2.253604	
935	0.260862	-1.312766	2.256275	
936	0.264293	-1.313447	2.257318	
937	0.266903	-1.314344	2.259327	
938	0.269006	-1.314588	2.263621	
939	0.270144	-1.315118	2.267514	
940	0.272767	-1.315618	2.271224	
941	0.275671	-1.315961	2.273999	
942	0.279274	-1.316480	2.277127	
943	0.281792	-1.316969	2.280457	
944	0.283548	-1.316872	2.285289	
945	0.285949	-1.317062	2.288480	
946	0.289867	-1.317339	2.291355	
947	0.292219	-1.317516	2.295530	
948	0.295588	-1.318577	2.297569	
949	0.298233	-1.319065	2.300800	
950	0.305586	-1.320554	2.304240	
951	0.307239	-1.321046	2.307870	
952	0.308910	-1.321043	2.309315	
953	0.311411	-1.320899	2.313222	
954	0.312315	-1.319463	2.316422	
955	0.314795	-1.318435	2.319201	
956	0.317267	-1.317477	2.321205	
957	0.319152	-1.315933	2.326432	
958	0.319866	-1.314052	2.331562	
959	0.319996	-1.311876	2.335700	
960	0.323028	-1.311327	2.339907	
961	0.324672	-1.310667	2.345018	
962	0.325430	-1.309249	2.350468	
963	0.329393	-1.309652	2.352004	
964	0.331326	-1.309532	2.358032	
965	0.331662	-1.308865	2.363612	
966	0.336969	-1.309820	2.366018	
967	0.338830	-1.309789	2.371775	
968	0.342445	-1.310289	2.377214	
969	0.348733	-1.312709	2.380212	
970	0.351767	-1.313775	2.386212	
971	0.353393	-1.314071	2.392510	
972	0.358366	-1.316732	2.397098	
973	0.361125	-1.317708	2.406024	
974	0.361244	-1.316901	2.413398	
975	0.364665	-1.319007	2.418552	
976	0.366324	-1.319129	2.427910	
977	0.369699	-1.320718	2.432893	
978	0.373930	-1.323801	2.440765	
979	0.372114	-1.322063	2.448239	
980	0.374129	-1.322670	2.449858	
981	0.378591	-1.324015	2.455603	
982	0.379101	-1.323265	2.463549	
983	0.381102	-1.324434	2.466511	
984	0.383365	-1.324725	2.471517	
985	0.383584	-1.324257	2.477479	
986	0.384567	-1.324889	2.480616	
987	0.386717	-1.325193	2.485853	
988	0.388766	-1.325993	2.490122	
989	0.390798	-1.327496	2.492864	
990	0.392833	-1.327377	2.499464	
991	0.393600	-1.327211	2.503820	
992	0.394467	-1.327950	2.507307	
993	0.395668	-1.326203	2.513580	
994	0.397775	-1.325873	2.517171	
995	0.400633	-1.326576	2.520142	
996	0.402612	-1.324549	2.525532	
997	0.401207	-1.320850	2.532815	
998	0.402921	-1.320030	2.535551	
999	0.405063	-1.318033	2.541529	
1000	0.407786	-1.315935	2.553708	
1001	0.408989	-1.313193	2.564015	
1002	0.410028	-1.312405	2.572135	
1003	0.410562	-1.313253	2.577634	
1004	0.410424	-1.311656	2.584733	
1005	0.410155	-1.311559	2.590168	
1006	0.409888	-1.310074	2.595297	
1007	0.409840	-1.309450	2.598579	
1008	0.410312	-1.309625	2.602479	
1009	0.410663	-1.309491	2.605656	
1010	0.410536	-1.309660	2.606734	
1011	0.412367	-1.310870	2.610505	
1012	0.412493	-1.310265	2.614037	
1013	0.412707	-1.309763	2.617406	
1014	0.413986	-1.310351	2.618115	
1015	0.416524	-1.312978	2.622447	
1016	0.416021	-1.312347	2.627100	
1017	0.417480	-1.312577	2.628535	
1018	0.419538	-1.313510	2.629952	
1019	0.421848	-1.312208	2.632922	
1020	0.424204	-1.312610	2.632739	
1021	0.422568	-1.308645	2.633224	
1022	0.425084	-1.308209	2.632542	
1023	0.425682	-1.302725	2.631603	
1024	0.428393	-1.296340	2.627543	
1025	0.427793	-1.290923	2.625883	
1026	0.428419	-1.287436	2.625559	
1027	0.431578	-1.285203	2.623301	
1028	0.432504	-1.281286	2.623083	
1029	0.434192	-1.277735	2.623520	
1030	0.436862	-1.274849	2.623716	
1031	0.436730	-1.268885	2.623477	
1032	0.438880	-1.265682	2.624339	
1033	0.442536	-1.264090	2.625030	
1034	0.442780	-1.259181	2.625631	
1035	0.445430	-1.255863	2.624767	
1036	0.449175	-1.254716	2.625674	
1037	0.450922	-1.251123	2.625324	
1038	0.452121	-1.247390	2.625714	
1039	0.455806	-1.245609	2.624750	
1040	0.457988	-1.243626	2.624547	
1041	0.459753	-1.240573	2.622920	
1042	0.461355	-1.237958	2.621373	
1043	0.464109	-1.236500	2.618817	
1044	0.465414	-1.234087	2.616588	
1045	0.467008	-1.232344	2.615221	
1046	0.468898	-1.231038	2.614306	
1047	0.470272	-1.227429	2.613748	
1048	0.472508	-1.226757	2.613121	
1049	0.473542	-1.225125	2.612273	
1050	0.474124	-1.224585	2.613307	
1051	0.474965	-1.223706	2.613753	
1052	0.475887	-1.222003	2.613151	
1053	0.476092	-1.221192	2.614567	
1054	0.476810	-1.219877	2.614830	
1055	0.477401	-1.218015	2.614931	
1056	0.477199	-1.217177	2.617433	
1057	0.477478	-1.214913	2.618044	
1058	0.477158	-1.214839	2.622214	
1059	0.477052	-1.212178	2.622759	
1060	0.478332	-1.210643	2.623145	
1061	0.477787	-1.212859	2.629365	
1062	0.476043	-1.210963	2.632036	
1063	0.476857	-1.211187	2.634443	
1064	0.477521	-1.209400	2.634610	
1065	0.476529	-1.206378	2.634985	
1066	0.478964	-1.207458	2.636681	
1067	0.479337	-1.207072	2.638803	
1068	0.478401	-1.204006	2.639680	
1069	0.480027	-1.204947	2.642721	
1070	0.480187	-1.206761	2.648223	
1071	0.477170	-1.204902	2.653646	
1072	0.476947	-1.203269	2.656255	
1073	0.475972	-1.204779	2.663655	
1074	0.473201	-1.201462	2.667630	
1075	0.473466	-1.199321	2.669491	
1076	0.472824	-1.197363	2.672441	
1077	0.470881	-1.195588	2.677397	
1078	0.469975	-1.194679	2.681952	
1079	0.470273	-1.188922	2.678448	
1080	0.469674	-1.189620	2.683737	
1081	0.467247	-1.187410	2.687846	
1082	0.468645	-1.188295	2.691034	
1083	0.469294	-1.186557	2.691549	
1084	0.466418	-1.184219	2.695535	
1085	0.469641	-1.184314	2.693527	
1086	0.469656	-1.182998	2.693316	
1087	0.466998	-1.181915	2.697087	
1088	0.468430	-1.184206	2.698291	
1089	0.465491	-1.183025	2.700599	
1090	0.462257	-1.182358	2.703159	
1091	0.463182	-1.184752	2.702579	
1092	0.459829	-1.184891	2.704978	
1093	0.456985	-1.185012	2.706162	
1094	0.457154	-1.186909	2.703679	
1095	0.452504	-1.186877	2.706800	
1096	0.451588	-1.188526	2.705829	
1097	0.450136	-1.190272	2.705451	
1098	0.445678	-1.189594	2.707382	
1099	0.445256	-1.193093	2.707474	
1100	0.441768	-1.194542	2.709413	
1101	0.435493	-1.197511	2.712191	
1102	0.431584	-1.199520	2.715910	
1103	0.428090	-1.201039	2.718942	
1104	0.424197	-1.204445	2.725391	
1105	0.419667	-1.205095	2.728535	
1106	0.415735	-1.207493	2.733370	
1107	0.412454	-1.209851	2.736931	
1108	0.407768	-1.211398	2.742028	
1109	0.403800	-1.214093	2.747328	
1110	0.399626	-1.215602	2.750472	
1111	0.395476	-1.217810	2.754045	
1112	0.391248	-1.222088	2.760224	
1113	0.386982	-1.225322	2.764162	
1114	0.381864	-1.226499	2.765819	
1115	0.377880	-1.232338	2.773474	
1116	0.365990	-1.236816	2.781397	
1117	0.360835	-1.239643	2.784017	
1118	0.355538	-1.243583	2.789062	
1119	0.348825	-1.245041	2.792361	
1120	0.343456	-1.247337	2.794312	
1121	0.337382	-1.250743	2.801095	
1122	0.331072	-1.251488	2.802803	
1123	0.327245	-1.257477	2.809818	
1124	0.321466	-1.261049	2.818046	
1125	0.314725	-1.258742	2.816034	
1126	0.310647	-1.261732	2.819938	
1127	0.305443	-1.262413	2.823577	
1128	0.301407	-1.263826	2.825919	
1129	0.297893	-1.266060	2.828805	
1130	0.293645	-1.266105	2.830566	
1131	0.291790	-1.269961	2.834544	
1132	0.289096	-1.271728	2.837532	
1133	0.286509	-1.272575	2.837801	
1134	0.285793	-1.275076	2.837709	
1135	0.284506	-1.277210	2.839213	
1136	0.283128	-1.278249	2.838498	
1137	0.282285	-1.280267	2.839822	
1138	0.281988	-1.282458	2.839941	
1139	0.280519	-1.282682	2.840777	
1140	0.279745	-1.282992	2.839554	
1141	0.279523	-1.284811	2.840766	
1142	0.277590	-1.283977	2.840914	
1143	0.276754	-1.285133	2.842437	
1144	0.275361	-1.285264	2.842504	
1145	0.273035	-1.284377	2.843523	
1146	0.271549	-1.284830	2.845957	
1147	0.269921	-1.286086	2.851070	
1148	0.266753	-1.284598	2.852022	
1149	0.265214	-1.286274	2.856198	
1150	0.264127	-1.288535	2.860126	
1151	0.260577	-1.289101	2.866007	
1152	0.259746	-1.292886	2.870880	
1153	0.257797	-1.295311	2.874544	
1154	0.254367	-1.296946	2.878913	
1155	0.252549	-1.300093	2.881846	
1156	0.250031	-1.302741	2.884618	
1157	0.247550	-1.305704	2.887624	
1158	0.245597	-1.309361	2.890450	
1159	0.243188	-1.312293	2.893817	
1160	0.241193	-1.315669	2.896017	
1161	0.238684	-1.319165	2.899114	
1162	0.236088	-1.322163	2.901826	
1163	0.234632	-1.326663	2.903498	
1164	0.231564	-1.329041	2.906983	
1165	0.229309	-1.332258	2.907470	
1166	0.227893	-1.336434	2.910601	
1167	0.225356	-1.338789	2.912966	
1168	0.224128	-1.342800	2.914994	
1169	0.222712	-1.346244	2.918163	
1170	0.220721	-1.348678	2.921237	
1171	0.219602	-1.352063	2.924073	
1172	0.218365	-1.355195	2.927661	
1173	0.216182	-1.357241	2.930138	
1174	0.213787	-1.359478	2.932586	
1175	0.212901	-1.363223	2.934735	
1176	0.209891	-1.364380	2.940248	
1177	0.207304	-1.366036	2.942047	
1178	0.205580	-1.368455	2.946948	
1179	0.202462	-1.369720	2.951260	
1180	0.200142	-1.371791	2.954971	
1181	0.198051	-1.374840	2.959391	
1182	0.195512	-1.377444	2.963702	
1183	0.192809	-1.380784	2.968974	
1184	0.190083	-1.384460	2.973784	
1185	0.186288	-1.387956	2.977907	
1186	0.182358	-1.391619	2.982103	
1187	0.178617	-1.396403	2.987529	
1188	0.173875	-1.400237	2.993433	
1189	0.169988	-1.404729	2.997908	
1190	0.166159	-1.409797	3.002813	
1191	0.160498	-1.413346	3.008496	
1192	0.155879	-1.417952	3.013071	
1193	0.150145	-1.422689	3.018926	
1194	0.143413	-1.426819	3.025380	
1195	0.138571	-1.432659	3.031063	
1196	0.133301	-1.437979	3.037329	
1197	0.128259	-1.442805	3.043489	
1198	0.123835	-1.447868	3.050710	
1199	0.119103	-1.452809	3.057100	
1200	0.114642	-1.458016	3.063284	
1201	0.109920	-1.462916	3.069297	
1202	0.102565	-1.474041	3.085603	
1203	0.098809	-1.479306	3.092564	
1204	0.095433	-1.484360	3.100119	
1205	0.092345	-1.489513	3.107000	
1206	0.090393	-1.495069	3.115616	
1207	0.087873	-1.499539	3.124374	
1208	0.086402	-1.504429	3.131963	
1209	0.084744	-1.509261	3.140591	
1210	0.082875	-1.514058	3.149011	
1211	0.080877	-1.518513	3.154367	
1212	0.078848	-1.522591	3.161838	
1213	0.075910	-1.530068	3.173641	
1214	0.075867	-1.534223	3.180413	
1215	0.075855	-1.537971	3.184754	
1216	0.077069	-1.542385	3.190622	
1217	0.078538	-1.546233	3.196317	
1218	0.080589	-1.549857	3.202994	
1219	0.083547	-1.553446	3.208176	
1220	0.086810	-1.557019	3.213883	
1221	0.091099	-1.560556	3.220536	
1222	0.095227	-1.563286	3.226130	
1223	0.100569	-1.566595	3.232033	
1224	0.106203	-1.568940	3.239627	
1225	0.112660	-1.571357	3.246171	
1226	0.119914	-1.573781	3.253224	
1227	0.127146	-1.575732	3.261606	
1228	0.135045	-1.577835	3.269012	
1229	0.143986	-1.581269	3.275770	
1230	0.152346	-1.583777	3.285233	
1231	0.160665	-1.586698	3.291955	
1232	0.169737	-1.590512	3.299497	
1233	0.178013	-1.593748	3.306657	
1234	0.186030	-1.597572	3.312597	
1235	0.194548	-1.601563	3.318974	
1236	0.202230	-1.604712	3.324049	
1237	0.210124	-1.608148	3.328951	
1238	0.217945	-1.611254	3.334114	
1239	0.225752	-1.614683	3.339999	
1240	0.232641	-1.618719	3.345585	
1241	0.238817	-1.622995	3.350731	
1242	0.245410	-1.627208	3.356971	
1243	0.250859	-1.631304	3.361169	
1244	0.256567	-1.634995	3.366259	
1245	0.261742	-1.638664	3.371623	
1246	0.267205	-1.643249	3.375701	
1247	0.273317	-1.647252	3.382339	
1248	0.278516	-1.651618	3.387440	
1249	0.284631	-1.657222	3.392231	
1250	0.296216	-1.665109	3.400672	
1251	0.302326	-1.670146	3.405946	
1252	0.308647	-1.675454	3.411553	
1253	0.315905	-1.680845	3.417613	
1254	0.329950	-1.692524	3.430549	
1255	0.336973	-1.698418	3.437397	
1256	0.343330	-1.703832	3.444007	
1257	0.350159	-1.708814	3.450526	
1258	0.356406	-1.712995	3.457743	
1259	0.362961	-1.716493	3.464961	
1260	0.369378	-1.721449	3.469410	
1261	0.376409	-1.725690	3.474972	
1262	0.382730	-1.729925	3.480471	
1263	0.389370	-1.733629	3.485101	
1264	0.395482	-1.736903	3.489230	
1265	0.402552	-1.739442	3.494070	
1266	0.410205	-1.742051	3.498470	
1267	0.419344	-1.745203	3.502044	
1268	0.428535	-1.747717	3.506307	
1269	0.437414	-1.750123	3.510004	
1270	0.447028	-1.752419	3.513649	
1271	0.457098	-1.754125	3.517286	
1272	0.467218	-1.755745	3.520894	
1273	0.479320	-1.757759	3.523516	
1274	0.490776	-1.759224	3.526468	
1275	0.502326	-1.759726	3.529854	
1276	0.514325	-1.761698	3.531319	
1277	0.527110	-1.762307	3.534443	
1278	0.539652	-1.763151	3.536633	
1279	0.551919	-1.762997	3.539586	
1280	0.564743	-1.763447	3.541591	
1281	0.576506	-1.763803	3.543519	
1282	0.588612	-1.764060	3.545339	
1283	0.600162	-1.764785	3.546067	
1284	0.612565	-1.766422	3.546652	
1285	0.625169	-1.767392	3.548450	
1286	0.638770	-1.768543	3.550372	
1287	0.651083	-1.770013	3.551440	
1288	0.662831	-1.771401	3.552307	
1289	0.675404	-1.772042	3.553882	
1290	0.689322	-1.773515	3.554256	
1291	0.701796	-1.773761	3.555550	
1292	0.713400	-1.774602	3.555596	
1293	0.726357	-1.775566	3.556324	
1294	0.738416	-1.777103	3.556341	
1295	0.750306	-1.778044	3.557319	
1296	0.763258	-1.779564	3.557178	
1297	0.774266	-1.779737	3.558352	
1298	0.785301	-1.779807	3.559532	
1299	0.798843	-1.781785	3.559547	
1300	0.810788	-1.782670	3.561022	
1301	0.823121	-1.783895	3.562633	
1302	0.836425	-1.786083	3.563902	
1303	0.848157	-1.786575	3.567383	
1304	0.860050	-1.788582	3.569604	
1305	0.874529	-1.789397	3.573647	
1306	0.885919	-1.791057	3.576910	
1307	0.898635	-1.793438	3.580987	
1308	0.910030	-1.795945	3.585313	
1309	0.920454	-1.798014	3.591016	
1310	0.932764	-1.800884	3.596107	
1311	0.946125	-1.802832	3.602306	
1312	0.956731	-1.804729	3.608791	
1313	0.968350	-1.808825	3.613015	
1314	0.980266	-1.811514	3.618314	
1315	0.989133	-1.813576	3.623598	
1316	0.998386	-1.817058	3.627345	
1317	1.006984	-1.819360	3.631735	
1318	1.023583	-1.822183	3.641800	
1319	1.031934	-1.824515	3.645174	
1320	1.041347	-1.825545	3.649541	
1321	1.049344	-1.826649	3.653383	
1322	1.059945	-1.828610	3.655411	
1323	1.074805	-1.828079	3.658806	
1324	1.083534	-1.829336	3.661056	
1325	1.094492	-1.831110	3.662238	
1326	1.104813	-1.830859	3.665247	
1327	1.115193	-1.832017	3.665935	
1328	1.125977	-1.833787	3.665758	
1329	1.136775	-1.832684	3.666869	
1330	1.148210	-1.833460	3.666291	
1331	1.159508	-1.833117	3.665480	
1332	1.170638	-1.832634	3.664265	
1333	1.184116	-1.831301	3.663055	
1334	1.208780	-1.828794	3.658700	
1335	1.221868	-1.825601	3.658644	
1336	1.233104	-1.822288	3.658417	
1337	1.263702	-1.817117	3.655736	
1338	1.290260	-1.813278	3.650967	
1339	1.305108	-1.809280	3.648977	
1340	1.315249	-1.806289	3.647131	
1341	1.328060	-1.804534	3.642691	
1342	1.340077	-1.802608	3.638777	
1343	1.352474	-1.801632	3.634132	
1344	1.362922	-1.801713	3.629041	
1345	1.378989	-1.798037	3.624903	
1346	1.382516	-1.798644	3.621216	
1347	1.398299	-1.795789	3.616360	
1348	1.403445	-1.794808	3.613300	
1349	1.409543	-1.794809	3.608247	
1350	1.419522	-1.793360	3.603743	
1351	1.428461	-1.790492	3.600405	
1352	1.435213	-1.791437	3.594751	
1353	1.444790	-1.789695	3.590022	
1354	1.454213	-1.787225	3.586267	
1355	1.462406	-1.786834	3.580433	
1356	1.473853	-1.784101	3.575808	
1357	1.482738	-1.781949	3.571719	
1358	1.494225	-1.780628	3.565557	
1359	1.506504	-1.777330	3.561481	
1360	1.516830	-1.775223	3.558005	
1361	1.528858	-1.773300	3.554204	
1362	1.542217	-1.771126	3.549622	
1363	1.552488	-1.767400	3.548819	
1364	1.563983	-1.765905	3.545468	
1365	1.578063	-1.763539	3.541927	
1366	1.589458	-1.760420	3.539828	
1367	1.600716	-1.759704	3.535226	
1368	1.613100	-1.756299	3.532094	
1369	1.621485	-1.754520	3.529437	
1370	1.632607	-1.752152	3.525369	
1371	1.643102	-1.748349	3.523465	
1372	1.652410	-1.746171	3.520560	
1373	1.662107	-1.743723	3.517379	
1374	1.671259	-1.740194	3.514271	
1375	1.679233	-1.738101	3.510415	
1376	1.687131	-1.735644	3.506386	
1377	1.696086	-1.733117	3.501205	
1378	1.704071	-1.730174	3.496498	
1379	1.711716	-1.727723	3.490849	
1380	1.720599	-1.724377	3.484671	
1381	1.730608	-1.718372	3.479489	
1382	1.735604	-1.715380	3.474688	
1383	1.743301	-1.711187	3.468195	
1384	1.752258	-1.704840	3.461627	
1385	1.758111	-1.700913	3.454552	
1386	1.765243	-1.696120	3.446838	
1387	1.773114	-1.690487	3.437886	
1388	1.780203	-1.685767	3.428323	
1389	1.786901	-1.681224	3.418456	
1390	1.792992	-1.675174	3.412089	
1391	1.801975	-1.669816	3.402168	
1392	1.812208	-1.664979	3.391140	
1393	1.818645	-1.659242	3.384602	
1394	1.824446	-1.654614	3.377656	
1395	1.838393	-1.647123	3.363195	
1396	1.850477	-1.637394	3.348795	
1397	1.857849	-1.632371	3.340491	
1398	1.863704	-1.627922	3.334068	
1399	1.870202	-1.624977	3.324761	
1400	1.877014	-1.620783	3.317287	
1401	1.883399	-1.616984	3.309866	
1402	1.889423	-1.614635	3.300965	
1403	1.895294	-1.611440	3.292836	
1404	1.900810	-1.608355	3.284113	
1405	1.906480	-1.603662	3.277497	
1406	1.912588	-1.598738	3.272149	
1407	1.918913	-1.594709	3.264053	
1408	1.925929	-1.590045	3.256114	
1409	1.933000	-1.584175	3.250324	
1410	1.940444	-1.578511	3.242672	
1411	1.948712	-1.572723	3.234066	
1412	1.956220	-1.567137	3.226435	
1413	1.965162	-1.562225	3.216809	
1414	1.975406	-1.555227	3.209287	
1415	1.983575	-1.549461	3.203206	
1416	1.993052	-1.543856	3.196709	
1417	2.003505	-1.537486	3.190550	
1418	2.013393	-1.530585	3.186156	
1419	2.022870	-1.524858	3.180132	
1420	2.033411	-1.519062	3.173096	
1421	2.043233	-1.512801	3.167403	
1422	2.053388	-1.506925	3.160988	
1423	2.061243	-1.501579	3.155831	
1424	2.077103	-1.492257	3.143129	
1425	2.083072	-1.488025	3.138558	
1426	2.089133	-1.484776	3.132839	
1427	2.095513	-1.481669	3.126206	
1428	2.101577	-1.477798	3.119507	
1429	2.107352	-1.473088	3.113792	
1430	2.112154	-1.468762	3.109734	
1431	2.116418	-1.465084	3.105332	
1432	2.121286	-1.462027	3.096774	
1433	2.126618	-1.457069	3.090566	
1434	2.130434	-1.451923	3.086660	
1435	2.134378	-1.446811	3.081743	
1436	2.139034	-1.440995	3.076229	
1437	2.141854	-1.437922	3.067585	
1438	2.145172	-1.433892	3.060015	
1439	2.148102	-1.428689	3.055026	
1440	2.151185	-1.423501	3.048301	
1441	2.154967	-1.418271	3.039992	
1442	2.158086	-1.413031	3.032296	
1443	2.160379	-1.408532	3.024999	
1444	2.164546	-1.402515	3.014270	
1445	2.168043	-1.397884	3.002702	
1446	2.170519	-1.393755	2.995800	
1447	2.172709	-1.390050	2.984837	
1448	2.176925	-1.384392	2.971939	
1449	2.178804	-1.379593	2.967317	
1450	2.179358	-1.376560	2.959682	
1451	2.184548	-1.368174	2.948602	
1452	2.186492	-1.361937	2.940704	
1453	2.184979	-1.359548	2.931281	
1454	2.186868	-1.353271	2.920414	
1455	2.189292	-1.345007	2.912060	
1456	2.189618	-1.340149	2.905656	
1457	2.192034	-1.334362	2.894599	
1458	2.193843	-1.328274	2.885625	
1459	2.195607	-1.322079	2.877572	
1460	2.198043	-1.315158	2.872221	
1461	2.199978	-1.310401	2.861200	
1462	2.202567	-1.305390	2.850682	
1463	2.206082	-1.298447	2.846064	
1464	2.207984	-1.294072	2.835190	
1465	2.212216	-1.287559	2.825988	
1466	2.215252	-1.281074	2.820839	
1467	2.216654	-1.277568	2.809021	
1468	2.221040	-1.271923	2.797646	
1469	2.223830	-1.267876	2.787045	
1470	2.226872	-1.264783	2.775220	
1471	2.236112	-1.254277	2.759275	
1472	2.240273	-1.251009	2.750209	
1473	2.245646	-1.246588	2.743932	
1474	2.251030	-1.242760	2.733157	
1475	2.256608	-1.239507	2.724357	
1476	2.262469	-1.236157	2.714927	
1477	2.267909	-1.232415	2.704710	
1478	2.274484	-1.226204	2.694600	
1479	2.280499	-1.220694	2.687614	
1480	2.284949	-1.216300	2.678110	
1481	2.290453	-1.210362	2.669280	
1482	2.294324	-1.206284	2.661596	
1483	2.298198	-1.201809	2.654312	
1484	2.302133	-1.196609	2.644672	
1485	2.305950	-1.190494	2.639162	
1486	2.308758	-1.186466	2.630830	
1487	2.311664	-1.181633	2.622227	
1488	2.314853	-1.176384	2.616412	
1489	2.316271	-1.172763	2.607328	
1490	2.318508	-1.167621	2.597859	
1491	2.319452	-1.162788	2.589475	
1492	2.320471	-1.158198	2.580063	
1493	2.322947	-1.147299	2.562316	
1494	2.323133	-1.143385	2.551907	
1495	2.323582	-1.137583	2.542766	
1496	2.324016	-1.131001	2.537056	
1497	2.324039	-1.124906	2.529078	
1498	2.321844	-1.121835	2.515205	
1499	2.321789	-1.114237	2.507983	
1500	2.321070	-1.106908	2.501533	
1501	2.321038	-1.098359	2.492438	
1502	2.320918	-1.090288	2.484536	
1503	2.319658	-1.083684	2.474474	
1504	2.318704	-1.077634	2.462887	
1505	2.317517	-1.072759	2.450649	
1506	2.316112	-1.068439	2.437414	
1507	2.315569	-1.062973	2.425304	
1508	2.314549	-1.057564	2.414402	
1509	2.314284	-1.051337	2.404030	
1510	2.313211	-1.045838	2.392351	
1511	2.312460	-1.039488	2.382051	
1512	2.311680	-1.033709	2.372664	
1513	2.309295	-1.030366	2.361992	
1514	2.309002	-1.024273	2.353492	
1515	2.308092	-1.018857	2.346053	
1516	2.306083	-1.016249	2.336720	
1517	2.304090	-1.011842	2.328840	
1518	2.302229	-1.008422	2.321562	
1519	2.300814	-1.004524	2.314640	
1520	2.299854	-0.999387	2.308347	
1521	2.298839	-0.995732	2.302247	
1522	2.298394	-0.993167	2.296917	
1523	2.298696	-0.988779	2.291434	
1524	2.299125	-0.984958	2.287021	
1525	2.299211	-0.982810	2.280143	
1526	2.298602	-0.980731	2.271310	
1527	2.300001	-0.977256	2.264986	
1528	2.300504	-0.974763	2.256555	
1529	2.302028	-0.970853	2.248717	
1530	2.304622	-0.965848	2.240650	
1531	2.308138	-0.959772	2.233072	
1532	2.311968	-0.953912	2.224290	
1533	2.315597	-0.948195	2.215240	
1534	2.318313	-0.943789	2.205158	
1535	2.321644	-0.939164	2.195082	
1536	2.325965	-0.932622	2.185497	
1537	2.329313	-0.928490	2.175851	
1538	2.333007	-0.923768	2.166225	
1539	2.336691	-0.919494	2.157088	
1540	2.340454	-0.915382	2.148461	
1541	2.344150	-0.910591	2.138744	
1542	2.349046	-0.905153	2.131614	
1543	2.352458	-0.901429	2.123730	
1544	2.355596	-0.898847	2.114483	
1545	2.359921	-0.893148	2.107826	
1546	2.363208	-0.888830	2.100631	
1547	2.366326	-0.885116	2.092066	
1548	2.369757	-0.879688	2.084497	
1549	2.372633	-0.874580	2.076579	
1550	2.375869	-0.869461	2.068507	
1551	2.379128	-0.863318	2.060298	
1552	2.381261	-0.858660	2.051997	
1553	2.382861	-0.855050	2.043159	
1554	2.385036	-0.848967	2.034948	
1555	2.385944	-0.844246	2.025470	
1556	2.387512	-0.838798	2.017444	
1557	2.388358	-0.833780	2.009005	
1558	2.388886	-0.829839	2.000186	
1559	2.389612	-0.824261	1.991640	
1560	2.390718	-0.817711	1.982654	
1561	2.391723	-0.811403	1.974346	
1562	2.392037	-0.805168	1.963530	
1563	2.391988	-0.799415	1.953895	
1564	2.392884	-0.785431	1.933099	
1565	2.393672	-0.778820	1.923818	
1566	2.394854	-0.772491	1.914024	
1567	2.396741	-0.764617	1.903599	
1568	2.399728	-0.757330	1.894270	
1569	2.402194	-0.750355	1.883650	
1570	2.405274	-0.743180	1.875684	
1571	2.407800	-0.738509	1.866925	
1572	2.409889	-0.733783	1.856606	
1573	2.411661	-0.729283	1.848304	
1574	2.413024	-0.725989	1.839404	
1575	2.416005	-0.720679	1.832019	
1576	2.417299	-0.718303	1.822517	
1577	2.419869	-0.715052	1.814448	
1578	2.422513	-0.711915	1.807256	
1579	2.427422	-0.705734	1.789293	
1580	2.429887	-0.702491	1.780359	
1581	2.431838	-0.699924	1.771396	
1582	2.435061	-0.697100	1.762614	
1583	2.439497	-0.692335	1.753929	
1584	2.443252	-0.688612	1.744285	
1585	2.446931	-0.685231	1.734537	
1586	2.451482	-0.680077	1.725525	
1587	2.455379	-0.675678	1.715041	
1588	2.459899	-0.671502	1.705401	
1589	2.465541	-0.665776	1.697071	
1590	2.470284	-0.661493	1.686899	
1591	2.474303	-0.658932	1.676665	
1592	2.478959	-0.654078	1.666132	
1593	2.483854	-0.651285	1.657738	
1594	2.487994	-0.646189	1.647355	
1595	2.494024	-0.640309	1.638556	
1596	2.498724	-0.633332	1.629715	
1597	2.503457	-0.628140	1.619767	
1598	2.508613	-0.621207	1.611975	
1599	2.512436	-0.614885	1.603141	
1600	2.516974	-0.609229	1.595971	
1601	2.520669	-0.603048	1.588406	
1602	2.523534	-0.596616	1.580639	
1603	2.526701	-0.590886	1.573844	
1604	2.528857	-0.584709	1.567341	
1605	2.531415	-0.579063	1.562421	
1606	2.533773	-0.571674	1.557007	
1607	2.534286	-0.566728	1.550799	
1608	2.535400	-0.561544	1.545281	
1609	2.536088	-0.556204	1.539147	
1610	2.535674	-0.550946	1.532156	
1611	2.535703	-0.546166	1.526170	
1612	2.534602	-0.541861	1.519156	
1613	2.533025	-0.536750	1.512640	
1614	2.529382	-0.525253	1.496508	
1615	2.526473	-0.519188	1.487182	
1616	2.523407	-0.514666	1.479164	
1617	2.520588	-0.509068	1.470497	
1618	2.517381	-0.503492	1.461907	
1619	2.513555	-0.496987	1.453203	
1620	2.509580	-0.491011	1.444374	
1621	2.506516	-0.484497	1.436498	
1622	2.502308	-0.479443	1.428518	
1623	2.498048	-0.474932	1.420901	
1624	2.493727	-0.470459	1.412258	
1625	2.489610	-0.465647	1.404411	
1626	2.484152	-0.462056	1.395610	
1627	2.479459	-0.459522	1.388661	
1628	2.473969	-0.456777	1.381055	
1629	2.468568	-0.455052	1.373541	
1630	2.464058	-0.451536	1.367151	
1631	2.460466	-0.448409	1.360870	
1632	2.455672	-0.446097	1.352287	
1633	2.452247	-0.443496	1.344394	
1634	2.448450	-0.440753	1.335579	
1635	2.445591	-0.439293	1.329159	
1636	2.442040	-0.437215	1.322490	
1637	2.438479	-0.434168	1.316459	
1638	2.434203	-0.433246	1.309618	
1639	2.430645	-0.429887	1.304351	
1640	2.427831	-0.428255	1.300980	
1641	2.421800	-0.427292	1.294245	
1642	2.418121	-0.424236	1.290051	
1643	2.415053	-0.422201	1.286667	
1644	2.409986	-0.421404	1.282367	
1645	2.406555	-0.419374	1.279718	
1646	2.402531	-0.418799	1.277556	
1647	2.397394	-0.417631	1.274160	
1648	2.394540	-0.414013	1.273241	
1649	2.391465	-0.411233	1.273113	
1650	2.386843	-0.409749	1.271188	
1651	2.382138	-0.407343	1.268849	
1652	2.376078	-0.404935	1.265212	
1653	2.371842	-0.402886	1.263687	
1654	2.367883	-0.400833	1.262504	
1655	2.362142	-0.398665	1.260403	
1656	2.356609	-0.396377	1.258668	
1657	2.350734	-0.392985	1.256862	
1658	2.343913	-0.391887	1.255123	
1659	2.336664	-0.389616	1.252635	
1660	2.329728	-0.388162	1.250950	
1661	2.320883	-0.386646	1.247985	
1662	2.312584	-0.385141	1.245626	
1663	2.304080	-0.383777	1.243258	
1664	2.293720	-0.382859	1.240126	
1665	2.284277	-0.381998	1.237311	
1666	2.276410	-0.380805	1.235748	
1667	2.266672	-0.380918	1.232907	
1668	2.255707	-0.380841	1.228407	
1669	2.246943	-0.380908	1.225754	
1670	2.237463	-0.380373	1.223550	
1671	2.225913	-0.378491	1.219940	
1672	2.215253	-0.378186	1.217544	
1673	2.204543	-0.378391	1.216255	
1674	2.191862	-0.378067	1.214324	
1675	2.179837	-0.375824	1.211977	
1676	2.169164	-0.375422	1.210963	
1677	2.157429	-0.374502	1.209689	
1678	2.146035	-0.371993	1.208012	
1679	2.136649	-0.371146	1.208401	
1680	2.126898	-0.370379	1.208762	
1681	2.117761	-0.368515	1.208504	
1682	2.108509	-0.367749	1.208025	
1683	2.099957	-0.366021	1.207451	
1684	2.092313	-0.363438	1.207112	
1685	2.084178	-0.362936	1.206327	
1686	2.076857	-0.361475	1.204939	
1687	2.070542	-0.359416	1.204054	
1688	2.056646	-0.356936	1.202266	
1689	2.050228	-0.355304	1.201597	
1690	2.043849	-0.353843	1.200369	
1691	2.037691	-0.351226	1.198926	
1692	2.031041	-0.348339	1.197182	
1693	2.025312	-0.344144	1.195509	
1694	2.018256	-0.340341	1.192978	
1695	2.011730	-0.336062	1.190576	
1696	2.005480	-0.332281	1.187628	
1697	1.999670	-0.327166	1.184779	
1698	1.993935	-0.322800	1.181287	
1699	1.988578	-0.318585	1.177712	
1700	1.983141	-0.313958	1.174058	
1701	1.977789	-0.309542	1.170121	
1702	1.972302	-0.305158	1.166165	
1703	1.967295	-0.300716	1.162240	
1704	1.961941	-0.296724	1.157372	
1705	1.956473	-0.292892	1.152370	
1706	1.952235	-0.288774	1.147975	
1707	1.947153	-0.285839	1.143085	
1708	1.941473	-0.281586	1.138011	
1709	1.936741	-0.278533	1.133772	
1710	1.930898	-0.275596	1.129552	
1711	1.924696	-0.271039	1.124934	
1712	1.919702	-0.267746	1.121561	
1713	1.913664	-0.265507	1.117700	
1714	1.906382	-0.261263	1.113091	
1715	1.899657	-0.258460	1.108846	
1716	1.892299	-0.256013	1.104370	
1717	1.884826	-0.252685	1.100029	
1718	1.877190	-0.249850	1.095449	
1719	1.868545	-0.246922	1.090603	
1720	1.860215	-0.243342	1.086146	
1721	1.851842	-0.240862	1.081879	
1722	1.842859	-0.238164	1.077784	
1723	1.832900	-0.235137	1.073250	
1724	1.823509	-0.232543	1.069220	
1725	1.812397	-0.230623	1.064865	
1726	1.802171	-0.227239	1.061074	
1727	1.793767	-0.225250	1.058010	
1728	1.784105	-0.222919	1.054823	
1729	1.767025	-0.218380	1.049571	
1730	1.758883	-0.216826	1.047849	
1731	1.749803	-0.214870	1.045365	
1732	1.742363	-0.213380	1.043724	
1733	1.734969	-0.212284	1.042452	
1734	1.727767	-0.211219	1.041245	
1735	1.721473	-0.208899	1.039815	
1736	1.715230	-0.207734	1.038650	
1737	1.708861	-0.208041	1.037074	
1738	1.702826	-0.206599	1.035088	
1739	1.697298	-0.205891	1.033553	
1740	1.692019	-0.205460	1.032663	
1741	1.686505	-0.204398	1.031699	
1742	1.681930	-0.203097	1.030795	
1743	1.676898	-0.201765	1.029551	
1744	1.672510	-0.200313	1.028350	
1745	1.667191	-0.199446	1.026268	
1746	1.662211	-0.198586	1.023911	
1747	1.656361	-0.196829	1.021089	
1748	1.651670	-0.196791	1.018605	
1749	1.646016	-0.195546	1.015329	
1750	1.640335	-0.192740	1.011697	
1751	1.635854	-0.191185	1.008766	
1752	1.630373	-0.189183	1.005096	
1753	1.624373	-0.185872	1.000975	
1754	1.618102	-0.182051	0.996489	
1755	1.612273	-0.179899	0.991607	
1756	1.606396	-0.174852	0.986668	
1757	1.600728	-0.171097	0.981330	
1758	1.588043	-0.163687	0.969536	
1759	1.581757	-0.160103	0.963422	
1760	1.575987	-0.156456	0.957323	
1761	1.569443	-0.152310	0.950709	
1762	1.564400	-0.148862	0.944644	
1763	1.558229	-0.145604	0.938355	
1764	1.552673	-0.140532	0.932222	
1765	1.547819	-0.136642	0.926433	
1766	1.534943	-0.129175	0.914289	
1767	1.529665	-0.126275	0.908562	
1768	1.524356	-0.121379	0.903215	
1769	1.518730	-0.116926	0.897746	
1770	1.513774	-0.114313	0.892329	
1771	1.509874	-0.110654	0.887675	
1772	1.505687	-0.107054	0.883078	
1773	1.500957	-0.103897	0.878610	
1774	1.496148	-0.102112	0.874111	
1775	1.491746	-0.101479	0.870292	
1776	1.481089	-0.104718	0.860523	
1777	1.475444	-0.105940	0.855502	
1778	1.468930	-0.108434	0.850427	
1779	1.462378	-0.112180	0.844702	
1780	1.454628	-0.114808	0.839167	
1781	1.439514	-0.121831	0.827786	
1782	1.431717	-0.123508	0.822790	
1783	1.424097	-0.125083	0.818340	
1784	1.416831	-0.125354	0.814228	
1785	1.409314	-0.125821	0.810508	
1786	1.401711	-0.127146	0.806392	
1787	1.395097	-0.128305	0.802723	
1788	1.387689	-0.128074	0.798980	
1789	1.374573	-0.128016	0.793048	
1790	1.367853	-0.128722	0.790123	
1791	1.361445	-0.128809	0.787356	
1792	1.355565	-0.128574	0.784766	
1793	1.349253	-0.129612	0.781286	
1794	1.342274	-0.128591	0.778249	
1795	1.337753	-0.128877	0.775398	
1796	1.331756	-0.128995	0.772420	
1797	1.325449	-0.128070	0.769794	
1798	1.319528	-0.127152	0.766914	
1799	1.314377	-0.126777	0.764246	
1800	1.309262	-0.124545	0.761889	
1801	1.304471	-0.123214	0.758351	
1802	1.299830	-0.121782	0.755067	
1803	1.293445	-0.120649	0.751484	
1804	1.290412	-0.120013	0.748444	
1805	1.286059	-0.117171	0.746434	
1806	1.282096	-0.115340	0.744710	
1807	1.278036	-0.114591	0.741844	
1808	1.273712	-0.111806	0.739432	
1809	1.270008	-0.109025	0.737089	
1810	1.265570	-0.107636	0.733466	
1811	1.261424	-0.103937	0.730138	
1812	1.258551	-0.099566	0.727079	
1813	1.254352	-0.096450	0.721973	
1814	1.249290	-0.093053	0.716513	
1815	1.245684	-0.087177	0.712058	
1816	1.242659	-0.084450	0.705848	
1817	1.239088	-0.080936	0.699687	
1818	1.235794	-0.075918	0.694624	
1819	1.233499	-0.073854	0.688402	
1820	1.230975	-0.070071	0.682752	
1821	1.226095	-0.065278	0.678098	
1822	1.224007	-0.063261	0.672430	
1823	1.220214	-0.058910	0.667854	
1824	1.216503	-0.056899	0.662602	
1825	1.213229	-0.056163	0.656782	
1826	1.208376	-0.053716	0.652048	
1827	1.205466	-0.051770	0.647217	
1828	1.200830	-0.050511	0.642016	
1829	1.195409	-0.047671	0.638335	
1830	1.190494	-0.047837	0.633539	
1831	1.185699	-0.047431	0.628823	
1832	1.178793	-0.046645	0.624722	
1833	1.170929	-0.045116	0.620774	
1834	1.164714	-0.045633	0.615906	
1835	1.156367	-0.045127	0.611509	
1836	1.147846	-0.044490	0.607498	
1837	1.141717	-0.045427	0.603032	
1838	1.132958	-0.046428	0.598884	
1839	1.123480	-0.048350	0.595202	
1840	1.115972	-0.051579	0.591804	
1841	1.106764	-0.056806	0.588100	
1842	1.095812	-0.060329	0.585460	
1843	1.087309	-0.064100	0.584047	
1844	1.076764	-0.066165	0.583693	
1845	1.064849	-0.068787	0.583819	
1846	1.054720	-0.073249	0.583384	
1847	1.043983	-0.076977	0.583533	
1848	1.033079	-0.079086	0.584508	
1849	1.024022	-0.082228	0.585377	
1850	1.013470	-0.085477	0.586496	
1851	1.002414	-0.088750	0.588117	
1852	0.992623	-0.092169	0.589261	
1853	0.982717	-0.094822	0.590634	
1854	0.973268	-0.098938	0.591445	
1855	0.964928	-0.103859	0.591768	
1856	0.955951	-0.106017	0.593722	
1857	0.947335	-0.108353	0.595599	
1858	0.939844	-0.110458	0.597362	
1859	0.930953	-0.113919	0.598957	
1860	0.922678	-0.116275	0.600851	
1861	0.916274	-0.118628	0.602839	
1862	0.907945	-0.119046	0.606151	
1863	0.901456	-0.121517	0.608283	
1864	0.894557	-0.123237	0.610641	
1865	0.886776	-0.124304	0.613667	
1866	0.879816	-0.126462	0.616521	
1867	0.872787	-0.128660	0.619089	
1868	0.865396	-0.127713	0.622891	
1869	0.860476	-0.128607	0.626485	
1870	0.855294	-0.133327	0.628009	
1871	0.848123	-0.134546	0.630538	
1872	0.839637	-0.134931	0.634540	
1873	0.834938	-0.140229	0.635786	
1874	0.829416	-0.142245	0.637318	
1875	0.821636	-0.143634	0.640605	
1876	0.817174	-0.147499	0.642313	
1877	0.812361	-0.149024	0.644409	
1878	0.805155	-0.150033	0.647724	
1879	0.800633	-0.151726	0.650009	
1880	0.795982	-0.153889	0.652266	
1881	0.790258	-0.154753	0.655451	
1882	0.785021	-0.155785	0.658761	
1883	0.781392	-0.157186	0.661924	
1884	0.772977	-0.158091	0.669077	
1885	0.768023	-0.158915	0.672390	
1886	0.762631	-0.157931	0.676867	
1887	0.758082	-0.158494	0.680707	
1888	0.754269	-0.159304	0.684072	
1889	0.749558	-0.158453	0.688586	
1890	0.747293	-0.157446	0.693535	
1891	0.744085	-0.158328	0.698228	
1892	0.740455	-0.157928	0.703912	
1893	0.737498	-0.157028	0.710390	
1894	0.733885	-0.156975	0.717591	
1895	0.730751	-0.155840	0.725733	
1896	0.729729	-0.156257	0.733821	
1897	0.726536	-0.157024	0.741966	
1898	0.724072	-0.155729	0.750732	
1899	0.721883	-0.155161	0.759203	
1900	0.719606	-0.156569	0.766802	
1901	0.716604	-0.156991	0.774250	
1902	0.713530	-0.157471	0.781745	
1903	0.710248	-0.158950	0.789136	
1904	0.707169	-0.160996	0.796505	
1905	0.704064	-0.162110	0.804782	
1906	0.700779	-0.164889	0.812579	
1907	0.697519	-0.168927	0.819739	
1908	0.694044	-0.170959	0.828192	
1909	0.691488	-0.174974	0.835851	
1910	0.689027	-0.179801	0.842674	
1911	0.686425	-0.180674	0.851792	
1912	0.683487	-0.184741	0.859390	
1913	0.680152	-0.188564	0.865640	
1914	0.678510	-0.190118	0.874345	
1915	0.677885	-0.193583	0.881731	
1916	0.676379	-0.196863	0.888269	
1917	0.675093	-0.198316	0.895715	
1918	0.674967	-0.200914	0.902779	
1919	0.674358	-0.204052	0.908427	
1920	0.674090	-0.205761	0.914934	
1921	0.674182	-0.208191	0.920952	
1922	0.675248	-0.211182	0.926389	
1923	0.676712	-0.213410	0.932490	
1924	0.678090	-0.216516	0.938178	
1925	0.679229	-0.219729	0.943038	
1926	0.679739	-0.222180	0.947943	
1927	0.680698	-0.224066	0.953398	
1928	0.682519	-0.226339	0.958856	
1929	0.683043	-0.229209	0.963753	
1930	0.684173	-0.230103	0.970244	
1931	0.684531	-0.233057	0.975575	
1932	0.685479	-0.234259	0.981008	
1933	0.687712	-0.235599	0.987416	
1934	0.688839	-0.238206	0.992083	
1935	0.689752	-0.238793	0.996697	
1936	0.690922	-0.238923	1.002362	
1937	0.691516	-0.240048	1.006763	
1938	0.693387	-0.239552	1.017389	
1939	0.693801	-0.239636	1.021630	
1940	0.694544	-0.238888	1.025906	
1941	0.695242	-0.235834	1.036537	
1942	0.694985	-0.233706	1.041281	
1943	0.695228	-0.231169	1.047172	
1944	0.696378	-0.229125	1.052630	
1945	0.696223	-0.226514	1.058424	
1946	0.696334	-0.223752	1.064393	
1947	0.696386	-0.221608	1.070130	
1948	0.693882	-0.213303	1.088432	
1949	0.693991	-0.211091	1.095287	
1950	0.693947	-0.209533	1.102196	
1951	0.693236	-0.207723	1.116466	
1952	0.692305	-0.206895	1.123622	
1953	0.691374	-0.206070	1.130694	
1954	0.690517	-0.205850	1.137188	
1955	0.689138	-0.206483	1.143363	
1956	0.690145	-0.205948	1.149988	
1957	0.689118	-0.207166	1.160877	
1958	0.689291	-0.207271	1.166531	
1959	0.689472	-0.207747	1.171650	
1960	0.689980	-0.207439	1.177280	
1961	0.690823	-0.207238	1.183011	
1962	0.690584	-0.207751	1.188013	
1963	0.690748	-0.208125	1.192937	
1964	0.692012	-0.207699	1.198162	
1965	0.692832	-0.207794	1.203114	
1966	0.692734	-0.208507	1.207422	
1967	0.693364	-0.208389	1.211977	
1968	0.693171	-0.207965	1.215966	
1969	0.692910	-0.207922	1.219522	
1970	0.693267	-0.206528	1.223818	
1971	0.694254	-0.204676	1.227591	
1972	0.694317	-0.203749	1.230584	
1973	0.694399	-0.202160	1.233756	
1974	0.695881	-0.201192	1.236815	
1975	0.695855	-0.200105	1.239017	
1976	0.694589	-0.198880	1.241100	
1977	0.694484	-0.198287	1.242772	
1978	0.694779	-0.197362	1.244995	
1979	0.694351	-0.196848	1.246504	
1980	0.693170	-0.195978	1.247910	
1981	0.692058	-0.194735	1.249696	
1982	0.691016	-0.194067	1.251338	
1983	0.686718	-0.193112	1.253898	
1984	0.684794	-0.191161	1.255886	
1985	0.682545	-0.188650	1.257551	
1986	0.679478	-0.185713	1.259160	
1987	0.676509	-0.183348	1.260267	
1988	0.672953	-0.180409	1.261365	
1989	0.669798	-0.177948	1.262555	
1990	0.666230	-0.176631	1.263153	
1991	0.662532	-0.174492	1.263988	
1992	0.660029	-0.173259	1.265134	
1993	0.656443	-0.172515	1.265754	
1994	0.652273	-0.170859	1.266611	
1995	0.648589	-0.169628	1.267433	
1996	0.644172	-0.168217	1.268189	
1997	0.639613	-0.167033	1.269070	
1998	0.635178	-0.166103	1.270106	
1999	0.630210	-0.165321	1.270523	
2000	0.625542	-0.164426	1.271284	
2001	0.620549	-0.164793	1.271188	
2002	0.615530	-0.164416	1.271134	
2003	0.611069	-0.163884	1.271595	
2004	0.606907	-0.164630	1.271565	
2005	0.602360	-0.164787	1.271673	
2006	0.597843	-0.164754	1.271856	
2007	0.593947	-0.165380	1.271791	
2008	0.589578	-0.165499	1.271546	
2009	0.584899	-0.165305	1.270993	
2010	0.580704	-0.164569	1.270468	
2011	0.576064	-0.163110	1.270110	
2012	0.571621	-0.161786	1.269853	
2013	0.566882	-0.161958	1.268524	
2014	0.562366	-0.160231	1.267756	
2015	0.558054	-0.158791	1.267162	
2016	0.554107	-0.157588	1.266133	
2017	0.550481	-0.154817	1.265941	
2018	0.546129	-0.155347	1.264162	
2019	0.542889	-0.153485	1.263370	
2020	0.539464	-0.153747	1.262799	
2021	0.536395	-0.152801	1.261755	
2022	0.533401	-0.152045	1.260961	
2023	0.527603	-0.151621	1.258928	
2024	0.524954	-0.152134	1.258115	
2025	0.522595	-0.151887	1.257821	
2026	0.519686	-0.152163	1.256506	
2027	0.517405	-0.150313	1.256550	
2028	0.514569	-0.150374	1.255436	
2029	0.511628	-0.148889	1.254100	
2030	0.508704	-0.148620	1.253276	
2031	0.504933	-0.147923	1.251520	
2032	0.501205	-0.146743	1.249949	
2033	0.497504	-0.146360	1.248416	
2034	0.493707	-0.145516	1.246869	
2035	0.489985	-0.144872	1.245292	
2036	0.485761	-0.143800	1.243133	
2037	0.481877	-0.143303	1.241323	
2038	0.477027	-0.142601	1.238436	
2039	0.472432	-0.142391	1.236114	
2040	0.468186	-0.141560	1.233632	
2041	0.464604	-0.140994	1.231450	
2042	0.461261	-0.140512	1.229490	
2043	0.457962	-0.139429	1.227472	
2044	0.451032	-0.137573	1.221509	
2045	0.446230	-0.134951	1.217147	
2046	0.443617	-0.133911	1.214525	
2047	0.440732	-0.132340	1.211730	
2048	0.437229	-0.131170	1.207978	
2049	0.433796	-0.128289	1.204554	
2050	0.430379	-0.127538	1.201105	
2051	0.427271	-0.125999	1.198135	
2052	0.424640	-0.124156	1.196036	
2053	0.421022	-0.123091	1.192338	
2054	0.418425	-0.120958	1.190130	
2055	0.415231	-0.119490	1.187138	
2056	0.411452	-0.117944	1.183696	
2057	0.405601	-0.114232	1.178320	
2058	0.402577	-0.113113	1.175381	
2059	0.399961	-0.111127	1.173093	
2060	0.396697	-0.109499	1.169954	
2061	0.393593	-0.107161	1.167176	
2062	0.388113	-0.102897	1.162256	
2063	0.385298	-0.100371	1.159500	
2064	0.380880	-0.094707	1.155133	
2065	0.378689	-0.092570	1.153002	
2066	0.376773	-0.090786	1.150702	
2067	0.375073	-0.088359	1.149038	
2068	0.372911	-0.087528	1.146391	
2069	0.370721	-0.086145	1.143758	
2070	0.367075	-0.084954	1.139652	
2071	0.364843	-0.084534	1.137036	
2072	0.363075	-0.083484	1.134628	
2073	0.360746	-0.084057	1.131371	
2074	0.358689	-0.084113	1.128208	
2075	0.357568	-0.082889	1.125638	
2076	0.355660	-0.083187	1.121760	
2077	0.354267	-0.081496	1.118146	
2078	0.353631	-0.080724	1.114844	
2079	0.352530	-0.080986	1.110859	
2080	0.351947	-0.079874	1.106904	
2081	0.351125	-0.078077	1.103010	
2082	0.350227	-0.077411	1.098475	
2083	0.350091	-0.075938	1.094072	
2084	0.349859	-0.074363	1.089076	
2085	0.349355	-0.072810	1.083697	
2086	0.349718	-0.071010	1.078846	
2087	0.349935	-0.071245	1.073629	
2088	0.350502	-0.070203	1.067822	
2089	0.351117	-0.068767	1.061881	
2090	0.352312	-0.068442	1.056122	
2091	0.353386	-0.066715	1.050582	
2092	0.354537	-0.063323	1.046183	
2093	0.356089	-0.062805	1.039586	
2094	0.356278	-0.059542	1.034323	
2095	0.357632	-0.057431	1.028496	
2096	0.358034	-0.056623	1.020942	
2097	0.358314	-0.052858	1.014893	
2098	0.359452	-0.051517	1.007312	
2099	0.359061	-0.049551	0.999456	
2100	0.359551	-0.047038	0.992173	
2101	0.359531	-0.046677	0.983934	
2102	0.359010	-0.044966	0.976248	
2103	0.358622	-0.042650	0.969380	
2104	0.358138	-0.041860	0.962584	
2105	0.356715	-0.041902	0.955659	
2106	0.355201	-0.041483	0.949076	
2107	0.353616	-0.041460	0.943064	
2108	0.351086	-0.042408	0.936992	
2109	0.349010	-0.042307	0.932402	
2110	0.346017	-0.043269	0.926808	
2111	0.343064	-0.042625	0.921746	
2112	0.340319	-0.041995	0.917031	
2113	0.336581	-0.042915	0.911619	
2114	0.333477	-0.041861	0.907168	
2115	0.330069	-0.040325	0.902857	
2116	0.327645	-0.040787	0.898984	
2117	0.324352	-0.039442	0.894708	
2118	0.321383	-0.037519	0.890748	
2119	0.317693	-0.037325	0.885588	
2120	0.314685	-0.036062	0.880918	
2121	0.312762	-0.033956	0.877012	
2122	0.308307	-0.036460	0.864935	
2123	0.306691	-0.034174	0.859867	
2124	0.303332	-0.036972	0.845556	
2125	0.302213	-0.034626	0.839751	
2126	0.301218	-0.037209	0.831607	
2127	0.300789	-0.036242	0.824744	
2128	0.300009	-0.033969	0.818643	
2129	0.300304	-0.035525	0.810650	
2130	0.299330	-0.037567	0.801941	
2131	0.297719	-0.035890	0.794916	
2132	0.298640	-0.035710	0.787307	
2133	0.299206	-0.035783	0.772985	
2134	0.300382	-0.037567	0.758178	
2135	0.299887	-0.036294	0.752135	
2136	0.300654	-0.035560	0.746199	
2137	0.300639	-0.037239	0.739573	
2138	0.301373	-0.036531	0.734249	
2139	0.302111	-0.035085	0.728732	
2140	0.302313	-0.035462	0.722510	
2141	0.302744	-0.035439	0.716226	
2142	0.304654	-0.034222	0.710268	
2143	0.305838	-0.032030	0.704893	
2144	0.308049	-0.032098	0.698838	
2145	0.309159	-0.031012	0.692838	
2146	0.310908	-0.028118	0.687155	
2147	0.312752	-0.028240	0.680864	
2148	0.315621	-0.027447	0.674582	
2149	0.322306	-0.020644	0.664399	
2150	0.326062	-0.021818	0.657667	
2151	0.328145	-0.018814	0.651571	
2152	0.335037	-0.015987	0.637105	
2153	0.337340	-0.014394	0.629072	
2154	0.338955	-0.011146	0.622067	
2155	0.341297	-0.008843	0.613864	
2156	0.343268	-0.008618	0.604735	
2157	0.344677	-0.006244	0.596246	
2158	0.345807	-0.003153	0.587295	
2159	0.347463	-0.002858	0.575832	
2160	0.349382	-0.001096	0.565632	
2161	0.355059	0.003466	0.544604	
2162	0.356349	0.005192	0.534301	
2163	0.356536	0.008677	0.524362	
2164	0.357027	0.011629	0.512957	
2165	0.357986	0.012680	0.500169	
2166	0.358111	0.014806	0.489779	
2167	0.358666	0.019146	0.479760	
2168	0.359059	0.019439	0.467321	
2169	0.358666	0.020904	0.454718	
2170	0.358541	0.021949	0.444768	
2171	0.356935	0.023958	0.434309	
2172	0.357639	0.025195	0.423604	
2173	0.357885	0.027570	0.414781	
2174	0.357354	0.030812	0.406669	
2175	0.356616	0.031792	0.397497	
2176	0.355552	0.032682	0.388865	
2177	0.355622	0.035683	0.382398	
2178	0.355352	0.037766	0.375428	
2179	0.355279	0.036736	0.367321	
2180	0.352261	0.040914	0.355356	
2181	0.350274	0.041731	0.349108	
2182	0.346198	0.043015	0.343304	
2183	0.336164	0.044003	0.337318	
2184	0.333636	0.045857	0.331397	
2185	0.329711	0.046540	0.324904	
2186	0.324342	0.049356	0.320331	
2187	0.318589	0.050809	0.315030	
2188	0.311741	0.051799	0.308786	
2189	0.304532	0.054221	0.303517	
2190	0.295091	0.056092	0.298389	
2191	0.286928	0.056841	0.291618	
2192	0.278559	0.057637	0.284039	
2193	0.269301	0.060548	0.278452	
2194	0.260229	0.062407	0.272592	
2195	0.250809	0.063204	0.265744	
2196	0.240954	0.063843	0.258786	
2197	0.232365	0.065494	0.252820	
2198	0.224625	0.066798	0.246331	
2199	0.216173	0.066660	0.239217	
2200	0.208339	0.067181	0.233305	
2201	0.201735	0.068478	0.227349	
2202	0.195379	0.069826	0.221070	
2203	0.186354	0.069081	0.214831	
2204	0.178546	0.069595	0.209867	
2205	0.171350	0.070970	0.204833	
2206	0.163085	0.071920	0.199385	
2207	0.156092	0.072475	0.193799	
2208	0.148884	0.072276	0.187869	
2209	0.142233	0.073095	0.182123	
2210	0.135254	0.072909	0.175931	
2211	0.128122	0.072243	0.170128	
2212	0.121107	0.072616	0.164978	
2213	0.113412	0.071801	0.159266	
2214	0.094868	0.074174	0.149297	
2215	0.087467	0.073722	0.143050	
2216	0.079093	0.074962	0.137127	
2217	0.071352	0.075700	0.131075	
2218	0.063418	0.075564	0.123808	
2219	0.053895	0.074618	0.117028	
2220	0.046865	0.076931	0.110681	
2221	0.039322	0.076535	0.102770	
2222	0.029901	0.077592	0.095221	
2223	0.021189	0.080878	0.089020	
2224	0.013472	0.083931	0.081464	
2225	0.002956	0.085555	0.073546	
2226	-0.004907	0.087972	0.067246	
2227	-0.013302	0.092627	0.060931	
2228	-0.023302	0.094992	0.053871	
2229	-0.031928	0.097717	0.047835	
2230	-0.038939	0.102955	0.042490	
2231	-0.047736	0.105748	0.035982	
2232	-0.056904	0.109646	0.030324	
2233	-0.065141	0.114609	0.025184	
2234	-0.072989	0.119986	0.019808	
2235	-0.090204	0.130397	0.009963	
2236	-0.095572	0.137973	0.006290	
2237	-0.104506	0.140834	0.000002	
2238	-0.112585	0.143978	-0.004146	
2239	-0.118116	0.147867	-0.007381	
2240	-0.124516	0.149939	-0.010872	
2241	-0.131034	0.150640	-0.014701	
2242	-0.136808	0.152567	-0.017766	
2243	-0.142719	0.152386	-0.021541	
2244	-0.149518	0.152277	-0.024537	
2245	-0.154838	0.152940	-0.027296	
2246	-0.164409	0.152568	-0.030758	
2247	-0.173387	0.152340	-0.033667	
2248	-0.178320	0.154401	-0.035354	
2249	-0.184754	0.155799	-0.037980	
2250	-0.193208	0.156638	-0.040697	
2251	-0.200746	0.158768	-0.042309	
2252	-0.208609	0.159853	-0.044338	
2253	-0.216771	0.160022	-0.046068	
2254	-0.223786	0.159677	-0.047693	
2255	-0.230743	0.159448	-0.049119	
2256	-0.250126	0.157225	-0.051545	
2257	-0.265039	0.155792	-0.054425	
2258	-0.272427	0.155986	-0.055599	
2259	-0.279678	0.156240	-0.056696	
2260	-0.286507	0.156386	-0.057391	
2261	-0.293187	0.157684	-0.057616	
2262	-0.299847	0.160167	-0.057419	
2263	-0.307393	0.161681	-0.057430	
2264	-0.316085	0.162313	-0.058082	
2265	-0.323381	0.164732	-0.057944	
2266	-0.329517	0.167448	-0.058368	
2267	-0.336783	0.168132	-0.059956	
2268	-0.344304	0.167564	-0.061975	
2269	-0.352166	0.168555	-0.063781	
2270	-0.358709	0.167802	-0.066546	
2271	-0.366170	0.166034	-0.069180	
2272	-0.372734	0.164649	-0.071715	
2273	-0.379705	0.163663	-0.074400	
2274	-0.386042	0.160224	-0.077640	
2275	-0.394194	0.158520	-0.080619	
2276	-0.402020	0.157250	-0.083154	
2277	-0.407698	0.155943	-0.085986	
2278	-0.416989	0.154972	-0.088034	
2279	-0.423892	0.154239	-0.090023	
2280	-0.429030	0.155095	-0.091380	
2281	-0.437401	0.154222	-0.093319	
2282	-0.444630	0.156324	-0.094065	
2283	-0.451112	0.156511	-0.095848	
2284	-0.459350	0.154475	-0.097742	
2285	-0.465045	0.152659	-0.099206	
2286	-0.468660	0.152140	-0.101320	
2287	-0.475164	0.152273	-0.103868	
2288	-0.481523	0.151505	-0.106831	
2289	-0.487432	0.149652	-0.110847	
2290	-0.492928	0.149592	-0.114852	
2291	-0.499177	0.149698	-0.119479	
2292	-0.506886	0.150064	-0.123843	
2293	-0.512432	0.150820	-0.128918	
2294	-0.517617	0.151892	-0.134199	
2295	-0.525232	0.155959	-0.139286	
2296	-0.532075	0.160335	-0.144422	
2297	-0.538126	0.163780	-0.149946	
2298	-0.546209	0.167041	-0.155461	
2299	-0.553519	0.170877	-0.160588	
2300	-0.559055	0.175264	-0.165339	
2301	-0.564959	0.180813	-0.169994	
2302	-0.572452	0.183614	-0.174763	
2303	-0.578755	0.186990	-0.179435	
2304	-0.585326	0.192738	-0.183399	
2305	-0.590188	0.197896	-0.187521	
2306	-0.597757	0.201978	-0.191115	
2307	-0.602376	0.206515	-0.195208	
2308	-0.608915	0.212159	-0.198938	
2309	-0.615665	0.214835	-0.203286	
2310	-0.620575	0.218175	-0.207298	
2311	-0.627037	0.221805	-0.210981	
2312	-0.630980	0.225397	-0.214151	
2313	-0.637974	0.227528	-0.216893	
2314	-0.642992	0.228679	-0.219769	
2315	-0.648298	0.230034	-0.222254	
2316	-0.653728	0.232274	-0.223955	
2317	-0.658688	0.234164	-0.225889	
2318	-0.667188	0.236696	-0.227526	
2319	-0.672775	0.237666	-0.229428	
2320	-0.677685	0.237839	-0.231850	
2321	-0.684078	0.238377	-0.234346	
2322	-0.689855	0.238783	-0.236438	
2323	-0.695021	0.238191	-0.239534	
2324	-0.700731	0.238278	-0.242586	
2325	-0.707549	0.237209	-0.245357	
2326	-0.713830	0.236742	-0.248426	
2327	-0.719878	0.236701	-0.251750	
2328	-0.726676	0.234028	-0.254621	
2329	-0.733656	0.231046	-0.257775	
2330	-0.755249	0.228752	-0.258018	
2331	-0.762738	0.227910	-0.260660	
2332	-0.769054	0.225708	-0.263271	
2333	-0.778076	0.225059	-0.265745	
2334	-0.785990	0.224609	-0.267903	
2335	-0.793533	0.222080	-0.270322	
2336	-0.803838	0.223068	-0.272117	
2337	-0.809715	0.222766	-0.274937	
2338	-0.816550	0.222074	-0.277984	
2339	-0.828732	0.224493	-0.280401	
2340	-0.842560	0.227643	-0.282614	
2341	-0.847018	0.227369	-0.286678	
2342	-0.854917	0.228255	-0.289934	
2343	-0.866238	0.230075	-0.292541	
2344	-0.872391	0.228911	-0.296070	
2345	-0.880935	0.228362	-0.298987	
2346	-0.884734	0.228822	-0.302297	
2347	-0.891052	0.226881	-0.306329	
2348	-0.900795	0.226827	-0.308858	
2349	-0.908169	0.227265	-0.311876	
2350	-0.914937	0.226337	-0.315302	
2351	-0.922154	0.226687	-0.319025	
2352	-0.925973	0.224161	-0.323696	
2353	-0.932612	0.222196	-0.327729	
2354	-0.939766	0.220204	-0.331634	
2355	-0.944860	0.218387	-0.336151	
2356	-0.949006	0.219031	-0.340558	
2357	-0.957747	0.219965	-0.344188	
2358	-0.964228	0.221910	-0.347639	
2359	-0.970647	0.223055	-0.351949	
2360	-0.984747	0.225243	-0.360415	
2361	-0.996678	0.228839	-0.371109	
2362	-1.007401	0.234922	-0.375391	
2363	-1.013785	0.238264	-0.380993	
2364	-1.027892	0.245797	-0.390463	
2365	-1.044783	0.254351	-0.399645	
2366	-1.062018	0.260428	-0.408538	
2367	-1.070973	0.265657	-0.413210	
2368	-1.075727	0.269350	-0.417807	
2369	-1.083560	0.273361	-0.421042	
2370	-1.092139	0.279342	-0.423721	
2371	-1.100636	0.284508	-0.425694	
2372	-1.103168	0.286748	-0.428901	
2373	-1.106747	0.287825	-0.430422	
2374	-1.117751	0.293180	-0.428126	
2375	-1.124717	0.297082	-0.426053	
2376	-1.123154	0.297615	-0.425457	
2377	-1.127257	0.299925	-0.423402	
2378	-1.135633	0.301178	-0.419831	
2379	-1.144476	0.301010	-0.413918	
2380	-1.147602	0.303225	-0.410408	
2381	-1.154165	0.301013	-0.406717	
2382	-1.162765	0.298310	-0.401249	
2383	-1.164901	0.297667	-0.397260	
2384	-1.170456	0.297849	-0.391430	
2385	-1.178737	0.293887	-0.384510	
2386	-1.186541	0.290947	-0.377689	
2387	-1.192919	0.288827	-0.371170	
2388	-1.199160	0.281768	-0.364532	
2389	-1.207613	0.279610	-0.356484	
2390	-1.214971	0.277049	-0.349121	
2391	-1.220041	0.273159	-0.341488	
2392	-1.222573	0.267051	-0.335425	
2393	-1.232641	0.261856	-0.326978	
2394	-1.240329	0.258255	-0.319697	
2395	-1.246315	0.255744	-0.313081	
2396	-1.251827	0.250462	-0.306832	
2397	-1.256517	0.244040	-0.300755	
2398	-1.263692	0.237751	-0.294286	
2399	-1.276199	0.228010	-0.284793	
2400	-1.282571	0.222433	-0.278523	
2401	-1.285125	0.215762	-0.273185	
2402	-1.286857	0.208970	-0.268358	
2403	-1.292312	0.204123	-0.262899	
2404	-1.297275	0.198753	-0.257828	
2405	-1.298835	0.192751	-0.253547	
2406	-1.303339	0.189980	-0.248785	
2407	-1.307338	0.185297	-0.243945	
2408	-1.312494	0.181243	-0.238772	
2409	-1.316806	0.177256	-0.233598	
2410	-1.324137	0.171148	-0.223663	
2411	-1.327328	0.162698	-0.215387	
2412	-1.332347	0.160541	-0.210593	
2413	-1.334426	0.157789	-0.206130	
2414	-1.332568	0.152905	-0.203065	
2415	-1.336670	0.149738	-0.197886	
2416	-1.338356	0.146621	-0.193516	
2417	-1.337810	0.142389	-0.189584	
2418	-1.338372	0.139313	-0.185586	
2419	-1.342714	0.137471	-0.180216	
2420	-1.342217	0.133335	-0.176940	
2421	-1.345321	0.130996	-0.171929	
2422	-1.347950	0.128463	-0.167518	
2423	-1.348677	0.124610	-0.163997	
2424	-1.352691	0.123573	-0.159055	
2425	-1.354248	0.123232	-0.154283	
2426	-1.354376	0.120934	-0.150069	
2427	-1.359373	0.118268	-0.143886	
2428	-1.361489	0.117010	-0.138209	
2429	-1.363571	0.117138	-0.132661	
2430	-1.360714	0.115445	-0.128729	
2431	-1.362965	0.114429	-0.122924	
2432	-1.365138	0.114953	-0.117203	
2433	-1.367038	0.112630	-0.111680	
2434	-1.368045	0.110973	-0.105710	
2435	-1.366494	0.109828	-0.101000	
2436	-1.366728	0.109316	-0.094873	
2437	-1.365348	0.106742	-0.089032	
2438	-1.360184	0.104150	-0.083697	
2439	-1.357820	0.100465	-0.076819	
2440	-1.355650	0.095124	-0.069468	
2441	-1.351586	0.090383	-0.061836	
2442	-1.344247	0.087077	-0.054977	
2443	-1.339440	0.081825	-0.046850	
2444	-1.339511	0.076185	-0.036533	
2445	-1.332239	0.072279	-0.028027	
2446	-1.321532	0.065564	-0.021400	
2447	-1.320399	0.057676	-0.011736	
2448	-1.313508	0.052778	-0.003128	
2449	-1.299595	0.046106	0.002199	
2450	-1.297648	0.036393	0.010805	
2451	-1.295755	0.030921	0.020769	
2452	-1.280760	0.025373	0.026900	
2453	-1.271728	0.018182	0.033680	
2454	-1.270464	0.013248	0.042988	
2455	-1.262981	0.008249	0.049963	
2456	-1.252937	0.004825	0.055331	
2457	-1.250720	0.000571	0.062337	
2458	-1.246824	-0.001878	0.068626	
2459	-1.237375	-0.005455	0.072809	
2460	-1.229276	-0.009287	0.075975	
2461	-1.226646	-0.010146	0.081338	
2462	-1.224346	-0.009786	0.086411	
2463	-1.215698	-0.011229	0.089126	
2464	-1.208066	-0.011695	0.092983	
2465	-1.204765	-0.011247	0.098263	
2466	-1.201730	-0.011622	0.103436	
2467	-1.194656	-0.013833	0.108148	
2468	-1.188636	-0.011800	0.114270	
2469	-1.185151	-0.009883	0.119524	
2470	-1.180397	-0.010521	0.123874	
2471	-1.176717	-0.008590	0.129254	
2472	-1.175288	-0.005983	0.135702	
2473	-1.169358	-0.005180	0.139189	
2474	-1.165802	-0.005322	0.143564	
2475	-1.162887	-0.003198	0.148322	
2476	-1.156970	-0.003193	0.151043	
2477	-1.154450	-0.004566	0.154130	
2478	-1.150570	-0.004558	0.157204	
2479	-1.146673	-0.002507	0.160212	
2480	-1.145427	-0.002776	0.163246	
2481	-1.140572	-0.002958	0.166315	
2482	-1.136581	-0.002037	0.170105	
2483	-1.130327	-0.005931	0.172632	
2484	-1.130406	-0.004508	0.179376	
2485	-1.128398	-0.002180	0.185269	
2486	-1.120450	-0.004562	0.188645	
2487	-1.117424	-0.006623	0.193160	
2488	-1.119866	-0.003466	0.198857	
2489	-1.115911	-0.005101	0.202742	
2490	-1.111485	-0.004878	0.206774	
2491	-1.109298	-0.004386	0.211062	
2492	-1.108387	-0.005325	0.215926	
2493	-1.104190	0.000174	0.220664	
2494	-1.097372	-0.001097	0.222672	
2495	-1.098450	0.000287	0.226989	
2496	-1.098617	0.005012	0.231999	
2497	-1.093026	0.005038	0.233714	
2498	-1.093691	0.005339	0.236717	
2499	-1.096393	0.011061	0.241574	
2500	-1.092560	0.011277	0.242816	
2501	-1.092795	0.011157	0.244763	
2502	-1.094477	0.013820	0.247928	
2503	-1.092478	0.013741	0.249076	
2504	-1.093904	0.013573	0.250625	
2505	-1.096340	0.014906	0.252838	
2506	-1.095346	0.014982	0.253929	
2507	-1.095123	0.014634	0.254821	
2508	-1.096637	0.015901	0.256493	
2509	-1.096190	0.016093	0.257722	
2510	-1.094043	0.016971	0.258354	
2511	-1.095469	0.017634	0.259551	
2512	-1.097426	0.020541	0.261904	
2513	-1.096595	0.021946	0.263403	
2514	-1.097023	0.022701	0.264707	
2515	-1.100693	0.025454	0.267964	
2516	-1.098324	0.027297	0.269476	
2517	-1.096444	0.027595	0.270388	
2518	-1.101461	0.030556	0.274009	
2519	-1.100419	0.033026	0.276243	
2520	-1.098425	0.032868	0.277598	
2521	-1.101102	0.035158	0.280898	
2522	-1.100307	0.037075	0.283218	
2523	-1.098074	0.038381	0.285359	
2524	-1.096140	0.040182	0.287250	
2525	-1.097823	0.041776	0.290158	
2526	-1.093985	0.042993	0.291883	
2527	-1.091639	0.044449	0.293449	
2528	-1.093295	0.046609	0.296084	
2529	-1.092525	0.048223	0.298161	
2530	-1.087748	0.049424	0.298353	
2531	-1.087308	0.049888	0.299088	
2532	-1.088860	0.051764	0.300741	
2533	-1.085642	0.052560	0.300934	
2534	-1.084229	0.052275	0.300683	
2535	-1.086570	0.052778	0.302383	
2536	-1.083700	0.053396	0.302960	
2537	-1.082774	0.052620	0.303082	
2538	-1.082866	0.052288	0.303830	
2539	-1.082055	0.051977	0.304576	
2540	-1.080314	0.051802	0.304619	
2541	-1.078864	0.050768	0.305086	
2542	-1.076198	0.049938	0.304436	
2543	-1.075931	0.049491	0.304432	
2544	-1.075034	0.048691	0.304460	
2545	-1.073023	0.048155	0.304180	
2546	-1.074022	0.046968	0.304328	
2547	-1.073533	0.047370	0.304724	
2548	-1.070910	0.048451	0.304384	
2549	-1.071417	0.048412	0.304595	
2550	-1.071495	0.049635	0.305140	
2551	-1.068815	0.051562	0.305129	
2552	-1.067843	0.051728	0.304859	
2553	-1.067544	0.053662	0.305614	
2554	-1.064253	0.055550	0.305194	
2555	-1.063623	0.056327	0.305053	
2556	-1.063232	0.057755	0.305491	
2557	-1.060183	0.060156	0.304941	
2558	-1.059403	0.060414	0.304396	
2559	-1.059927	0.061903	0.304808	
2560	-1.056519	0.064015	0.304252	
2561	-1.056249	0.064528	0.303826	
2562	-1.056672	0.065886	0.304194	
2563	-1.052628	0.068501	0.303497	
2564	-1.052275	0.069586	0.303350	
2565	-1.051075	0.071726	0.303345	
2566	-1.046903	0.075458	0.302300	
2567	-1.047137	0.076684	0.302170	
2568	-1.044135	0.078830	0.300857	
2569	-1.043595	0.080104	0.299730	
2570	-1.041705	0.081005	0.298764	
2571	-1.041793	0.081319	0.297773	
2572	-1.041124	0.081848	0.296956	
2573	-1.038875	0.082315	0.295774	
2574	-1.038548	0.082920	0.294372	
2575	-1.036407	0.082513	0.292988	
2576	-1.037164	0.082688	0.292546	
2577	-1.035030	0.082610	0.291555	
2578	-1.033140	0.082809	0.289680	
2579	-1.032105	0.083364	0.289074	
2580	-1.029107	0.084025	0.288011	
2581	-1.028894	0.084613	0.287510	
2582	-1.029245	0.085205	0.287445	
2583	-1.027355	0.085770	0.286646	
