0	0.000000	0.000000	0.000000	
1	0.000000	0.000000	0.000000	
2	0.000000	0.000000	0.000000	
3	0.000000	0.000000	0.000000	
4	0.001049	0.001977	0.001853	
5	0.000680	0.002122	0.002044	
6	0.000454	0.002848	0.001981	
7	0.000888	0.002654	0.001794	
8	0.000377	0.005723	0.002397	
9	0.000881	0.004697	0.001778	
10	0.001040	0.006126	0.002175	
11	0.000965	0.004901	0.001833	
12	0.001039	0.004592	0.002091	
13	0.001284	0.004949	0.002213	
14	0.000648	0.003762	0.001715	
15	0.000784	0.003258	0.001625	
16	0.000952	0.002397	0.001270	
17	0.000861	0.000770	0.000531	
18	0.001400	0.001348	0.000796	
19	0.001180	0.000749	0.000164	
20	0.000944	0.001493	0.000374	
21	0.001459	0.001055	0.000223	
22	0.003060	0.001897	0.000297	
23	0.003308	0.001999	-0.000093	
24	0.003273	0.001139	-0.000743	
25	0.004108	0.001760	-0.001048	
26	0.004526	0.001548	-0.001693	
27	0.004617	0.000651	-0.002647	
28	0.006264	0.001202	-0.002895	
29	0.006009	0.001584	-0.003284	
30	0.005441	0.000772	-0.004168	
31	0.006813	0.001054	-0.004334	
32	0.007106	0.002295	-0.004181	
33	0.006588	0.002908	-0.004764	
34	0.007040	0.003558	-0.004943	
35	0.007470	0.003674	-0.005010	
36	0.007394	0.003881	-0.005234	
37	0.008002	0.004931	-0.004954	
38	0.008841	0.006415	-0.004901	
39	0.008006	0.006403	-0.005540	
40	0.008454	0.006870	-0.005294	
41	0.009012	0.006951	-0.005555	
42	0.009324	0.006072	-0.006317	
43	0.009467	0.004830	-0.006916	
44	0.010076	0.004724	-0.006966	
45	0.010290	0.005125	-0.007244	
46	0.010445	0.005094	-0.007666	
47	0.010858	0.005579	-0.007852	
48	0.010909	0.006315	-0.008200	
49	0.010517	0.005935	-0.008533	
50	0.011569	0.006082	-0.008689	
51	0.011767	0.005315	-0.009420	
52	0.011103	0.005081	-0.009627	
53	0.011664	0.006131	-0.009713	
54	0.011393	0.005811	-0.010076	
55	0.011405	0.005683	-0.010517	
56	0.011650	0.005943	-0.010471	
57	0.011397	0.006014	-0.010795	
58	0.011236	0.006183	-0.010919	
59	0.012124	0.007660	-0.010194	
60	0.011654	0.007986	-0.009964	
61	0.010547	0.008505	-0.009655	
62	0.011344	0.009630	-0.008919	
63	0.011613	0.010595	-0.008264	
64	0.010704	0.011770	-0.007610	
65	0.010325	0.011945	-0.007318	
66	0.010292	0.011975	-0.006964	
67	0.010292	0.013603	-0.006113	
68	0.009199	0.013724	-0.005996	
69	0.007352	0.014467	-0.006055	
70	0.005943	0.014431	-0.006199	
71	0.003427	0.013646	-0.007348	
72	0.000648	0.013374	-0.008709	
73	-0.002409	0.011060	-0.011631	
74	-0.007777	0.009446	-0.015350	
75	-0.014517	0.008548	-0.019033	
76	-0.019852	0.007919	-0.023325	
77	-0.032772	0.005092	-0.032977	
78	-0.041450	0.004120	-0.037836	
79	-0.050607	0.004360	-0.042049	
80	-0.059394	0.004095	-0.046713	
81	-0.068615	0.003695	-0.051093	
82	-0.079900	0.004588	-0.055593	
83	-0.090788	0.006452	-0.059473	
84	-0.101460	0.008111	-0.063011	
85	-0.113066	0.010324	-0.066235	
86	-0.125231	0.012512	-0.069128	
87	-0.138477	0.015554	-0.071590	
88	-0.151524	0.018403	-0.073864	
89	-0.163338	0.020964	-0.076079	
90	-0.177105	0.022730	-0.078709	
91	-0.189046	0.026755	-0.080201	
92	-0.200516	0.030241	-0.081804	
93	-0.212979	0.032496	-0.083789	
94	-0.224768	0.034398	-0.085070	
95	-0.235456	0.035914	-0.087049	
96	-0.245756	0.038417	-0.088576	
97	-0.255682	0.038689	-0.090324	
98	-0.265709	0.038152	-0.091954	
99	-0.275937	0.037990	-0.092601	
100	-0.284672	0.038068	-0.093212	
101	-0.295210	0.036299	-0.093752	
102	-0.305268	0.035724	-0.093581	
103	-0.314264	0.034501	-0.093400	
104	-0.322634	0.032665	-0.093550	
105	-0.331793	0.030427	-0.093755	
106	-0.341729	0.029330	-0.092990	
107	-0.349671	0.028955	-0.091892	
108	-0.368779	0.025195	-0.090405	
109	-0.377990	0.024472	-0.088683	
110	-0.387097	0.023662	-0.086982	
111	-0.396811	0.022342	-0.084537	
112	-0.408440	0.021205	-0.081872	
113	-0.419232	0.020419	-0.079097	
114	-0.429764	0.018070	-0.076459	
115	-0.440394	0.014431	-0.073372	
116	-0.452502	0.010428	-0.070190	
117	-0.462716	0.007296	-0.066009	
118	-0.470199	0.005354	-0.060220	
119	-0.494073	-0.000961	-0.048233	
120	-0.502119	-0.001524	-0.040543	
121	-0.507067	-0.005507	-0.033502	
122	-0.516483	-0.009244	-0.026492	
123	-0.523987	-0.010248	-0.019538	
124	-0.532005	-0.014761	-0.014058	
125	-0.539541	-0.018710	-0.008041	
126	-0.546889	-0.020912	-0.002194	
127	-0.555035	-0.025660	0.002102	
128	-0.562003	-0.029775	0.006860	
129	-0.568036	-0.033594	0.011589	
130	-0.576595	-0.037846	0.015915	
131	-0.582788	-0.040566	0.021122	
132	-0.588828	-0.044604	0.026462	
133	-0.594844	-0.048487	0.031535	
134	-0.609883	-0.053514	0.042599	
135	-0.617272	-0.056205	0.048399	
136	-0.625477	-0.058059	0.053991	
137	-0.633512	-0.060798	0.059424	
138	-0.647537	-0.065394	0.070477	
139	-0.656698	-0.066156	0.076310	
140	-0.674263	-0.070196	0.087530	
141	-0.682661	-0.072360	0.093127	
142	-0.691832	-0.072512	0.099313	
143	-0.700894	-0.074142	0.105046	
144	-0.709979	-0.076530	0.110734	
145	-0.717756	-0.079343	0.115806	
146	-0.727569	-0.083407	0.120686	
147	-0.737381	-0.084614	0.126331	
148	-0.745373	-0.087963	0.131337	
149	-0.754333	-0.090404	0.136376	
150	-0.763657	-0.091930	0.142179	
151	-0.777941	-0.098516	0.153153	
152	-0.785932	-0.100539	0.158524	
153	-0.792702	-0.104180	0.163573	
154	-0.797131	-0.108365	0.168412	
155	-0.803502	-0.109601	0.173721	
156	-0.810071	-0.111014	0.179412	
157	-0.814504	-0.113930	0.184950	
158	-0.819469	-0.117573	0.190482	
159	-0.826278	-0.119443	0.196577	
160	-0.831264	-0.121593	0.202444	
161	-0.835451	-0.125184	0.207734	
162	-0.841296	-0.126550	0.213000	
163	-0.848063	-0.127563	0.218292	
164	-0.852626	-0.130012	0.223248	
165	-0.857216	-0.133068	0.227666	
166	-0.864010	-0.134768	0.232598	
167	-0.868993	-0.136988	0.237671	
168	-0.872320	-0.140420	0.242019	
169	-0.878500	-0.142281	0.247397	
170	-0.885278	-0.143388	0.253079	
171	-0.889432	-0.149215	0.258115	
172	-0.894400	-0.154140	0.263080	
173	-0.901449	-0.157892	0.268561	
174	-0.911372	-0.164053	0.280281	
175	-0.917423	-0.168525	0.286363	
176	-0.923407	-0.170428	0.292962	
177	-0.927866	-0.174566	0.299696	
178	-0.932527	-0.178235	0.306489	
179	-0.937904	-0.182165	0.313319	
180	-0.942716	-0.185780	0.319791	
181	-0.947615	-0.188797	0.326193	
182	-0.952101	-0.192341	0.332016	
183	-0.958279	-0.197104	0.338246	
184	-0.962679	-0.198529	0.344386	
185	-0.965127	-0.202715	0.349242	
186	-0.971303	-0.204321	0.355016	
187	-0.978234	-0.206685	0.360593	
188	-0.983083	-0.208684	0.366012	
189	-0.987306	-0.210618	0.371205	
190	-0.995435	-0.211111	0.377261	
191	-1.002639	-0.212000	0.383486	
192	-1.007609	-0.212560	0.389816	
193	-1.013122	-0.214142	0.395720	
194	-1.022163	-0.214578	0.402483	
195	-1.032269	-0.214063	0.409468	
196	-1.040902	-0.215586	0.415249	
197	-1.050766	-0.215944	0.420691	
198	-1.063201	-0.217103	0.426808	
199	-1.074007	-0.217016	0.431816	
200	-1.083937	-0.218058	0.436180	
201	-1.095089	-0.218696	0.440773	
202	-1.107888	-0.219132	0.446007	
203	-1.116590	-0.218391	0.449947	
204	-1.127275	-0.220257	0.454398	
205	-1.147885	-0.223478	0.462828	
206	-1.155448	-0.224419	0.466435	
207	-1.165527	-0.227461	0.470876	
208	-1.174453	-0.229952	0.475204	
209	-1.180687	-0.230969	0.478937	
210	-1.188499	-0.234323	0.482939	
211	-1.198334	-0.237152	0.488112	
212	-1.203768	-0.238667	0.492505	
213	-1.209479	-0.241315	0.496809	
214	-1.218323	-0.245409	0.502005	
215	-1.223576	-0.246502	0.507264	
216	-1.227930	-0.249551	0.511811	
217	-1.235569	-0.253160	0.517698	
218	-1.240043	-0.255670	0.523518	
219	-1.244466	-0.257670	0.529272	
220	-1.250166	-0.261346	0.535274	
221	-1.255206	-0.263989	0.541426	
222	-1.259291	-0.267234	0.547181	
223	-1.264300	-0.271380	0.553394	
224	-1.268844	-0.275324	0.559546	
225	-1.272228	-0.279289	0.565590	
226	-1.276715	-0.283212	0.572358	
227	-1.278724	-0.287480	0.578352	
228	-1.281457	-0.292948	0.584402	
229	-1.285599	-0.299134	0.590717	
230	-1.288817	-0.303723	0.596680	
231	-1.292193	-0.307948	0.602275	
232	-1.296081	-0.312785	0.608327	
233	-1.298357	-0.317817	0.613876	
234	-1.302007	-0.322913	0.619797	
235	-1.308021	-0.326653	0.627035	
236	-1.311679	-0.330864	0.632885	
237	-1.314970	-0.334996	0.638609	
238	-1.319357	-0.338768	0.644665	
239	-1.323699	-0.342012	0.650910	
240	-1.327939	-0.345656	0.656920	
241	-1.333121	-0.349790	0.663341	
242	-1.338422	-0.352416	0.669238	
243	-1.343108	-0.355482	0.674458	
244	-1.349522	-0.360229	0.680090	
245	-1.355163	-0.362937	0.685747	
246	-1.359288	-0.367703	0.690125	
247	-1.364789	-0.372767	0.694221	
248	-1.370566	-0.376605	0.698287	
249	-1.375739	-0.380425	0.701664	
250	-1.381298	-0.385193	0.704499	
251	-1.388963	-0.388237	0.707707	
252	-1.395774	-0.390508	0.710715	
253	-1.402764	-0.394380	0.712998	
254	-1.412320	-0.396395	0.715909	
255	-1.420832	-0.397702	0.717914	
256	-1.439656	-0.400967	0.721155	
257	-1.450724	-0.400557	0.722643	
258	-1.470383	-0.400984	0.723932	
259	-1.482314	-0.400774	0.725224	
260	-1.493425	-0.400131	0.726429	
261	-1.503748	-0.398757	0.727412	
262	-1.513596	-0.398300	0.728392	
263	-1.524246	-0.399440	0.729660	
264	-1.534157	-0.397526	0.731547	
265	-1.544183	-0.397198	0.732780	
266	-1.555250	-0.397745	0.734151	
267	-1.565085	-0.398477	0.736037	
268	-1.574254	-0.399188	0.737579	
269	-1.584963	-0.398860	0.739750	
270	-1.595448	-0.397717	0.742737	
271	-1.605203	-0.398237	0.745200	
272	-1.614782	-0.399070	0.747740	
273	-1.623612	-0.399637	0.750991	
274	-1.632271	-0.400461	0.753864	
275	-1.641769	-0.398120	0.758071	
276	-1.649992	-0.396444	0.762917	
277	-1.658582	-0.393912	0.768305	
278	-1.666725	-0.389614	0.774978	
279	-1.674037	-0.385383	0.782117	
280	-1.680737	-0.380670	0.789769	
281	-1.686602	-0.375234	0.797864	
282	-1.691417	-0.370820	0.805544	
283	-1.695219	-0.366967	0.813564	
284	-1.698562	-0.363153	0.821940	
285	-1.701279	-0.360061	0.829096	
286	-1.703983	-0.359049	0.837245	
287	-1.706981	-0.356383	0.846887	
288	-1.706266	-0.353482	0.854712	
289	-1.707519	-0.353438	0.862317	
290	-1.708685	-0.350421	0.871774	
291	-1.708334	-0.348459	0.880313	
292	-1.708825	-0.346801	0.889488	
293	-1.709174	-0.345763	0.897839	
294	-1.710118	-0.342940	0.907662	
295	-1.711063	-0.340603	0.917101	
296	-1.711762	-0.340950	0.925784	
297	-1.713113	-0.340856	0.934799	
298	-1.713970	-0.340930	0.943701	
299	-1.714975	-0.342565	0.950727	
300	-1.717265	-0.343412	0.958864	
301	-1.719349	-0.345307	0.966329	
302	-1.721336	-0.345517	0.974347	
303	-1.723651	-0.347658	0.981666	
304	-1.726002	-0.349824	0.988971	
305	-1.728233	-0.354352	0.995449	
306	-1.731845	-0.356768	1.002219	
307	-1.735746	-0.357407	1.009764	
308	-1.739904	-0.361574	1.016003	
309	-1.743426	-0.364861	1.021821	
310	-1.746981	-0.368857	1.027756	
311	-1.750753	-0.370665	1.033812	
312	-1.754375	-0.373750	1.039166	
313	-1.758213	-0.377242	1.044827	
314	-1.762137	-0.379165	1.051050	
315	-1.766403	-0.382630	1.057094	
316	-1.771288	-0.385992	1.062072	
317	-1.776184	-0.390444	1.067308	
318	-1.781427	-0.394846	1.072730	
319	-1.786823	-0.398920	1.077938	
320	-1.792986	-0.403481	1.083338	
321	-1.798628	-0.408854	1.088426	
322	-1.803601	-0.413427	1.092542	
323	-1.809484	-0.418703	1.096925	
324	-1.814834	-0.423028	1.101103	
325	-1.820333	-0.427222	1.105247	
326	-1.825199	-0.433122	1.108652	
327	-1.829519	-0.437971	1.111416	
328	-1.834208	-0.442777	1.114626	
329	-1.839005	-0.447845	1.118588	
330	-1.843708	-0.453487	1.123446	
331	-1.847901	-0.458544	1.127305	
332	-1.852089	-0.464040	1.131711	
333	-1.856319	-0.469446	1.137458	
334	-1.859743	-0.476593	1.142143	
335	-1.863979	-0.481784	1.148017	
336	-1.868235	-0.487733	1.154524	
337	-1.871534	-0.493957	1.158840	
338	-1.874770	-0.499447	1.165001	
339	-1.877284	-0.506709	1.170670	
340	-1.879360	-0.513173	1.175435	
341	-1.881752	-0.518145	1.181465	
342	-1.883828	-0.524527	1.189196	
343	-1.884989	-0.530706	1.193368	
344	-1.886814	-0.535501	1.200034	
345	-1.888078	-0.542668	1.207098	
346	-1.889226	-0.548200	1.212657	
347	-1.890591	-0.550950	1.219874	
348	-1.890905	-0.556697	1.226750	
349	-1.889768	-0.563429	1.230144	
350	-1.890198	-0.567689	1.236257	
351	-1.890689	-0.572995	1.244088	
352	-1.890310	-0.578887	1.249124	
353	-1.890718	-0.584880	1.256389	
354	-1.889831	-0.595457	1.268370	
355	-1.889370	-0.600514	1.275013	
356	-1.888722	-0.605540	1.281343	
357	-1.888687	-0.612094	1.289120	
358	-1.888469	-0.617038	1.295882	
359	-1.887574	-0.623706	1.303512	
360	-1.887109	-0.634763	1.318891	
361	-1.886231	-0.641414	1.326224	
362	-1.885345	-0.647537	1.332815	
363	-1.885005	-0.653605	1.340353	
364	-1.884806	-0.658664	1.347386	
365	-1.885056	-0.663785	1.355131	
366	-1.884746	-0.667408	1.362351	
367	-1.884387	-0.670287	1.367723	
368	-1.884615	-0.674194	1.374127	
369	-1.884325	-0.678574	1.381006	
370	-1.883549	-0.681736	1.386961	
371	-1.883443	-0.684465	1.392051	
372	-1.882815	-0.687136	1.397757	
373	-1.882531	-0.690021	1.402215	
374	-1.882839	-0.692620	1.405780	
375	-1.883072	-0.694985	1.410363	
376	-1.883888	-0.697299	1.415614	
377	-1.884859	-0.698801	1.419363	
378	-1.886348	-0.700148	1.423848	
379	-1.887625	-0.702052	1.429155	
380	-1.889553	-0.703785	1.434916	
381	-1.891283	-0.706117	1.439754	
382	-1.893478	-0.708855	1.446149	
383	-1.895935	-0.712112	1.451072	
384	-1.898517	-0.715798	1.456664	
385	-1.901814	-0.719519	1.462806	
386	-1.904867	-0.724295	1.467349	
387	-1.909224	-0.727589	1.473745	
388	-1.913243	-0.732540	1.478827	
389	-1.917274	-0.738621	1.484227	
390	-1.921700	-0.743320	1.489433	
391	-1.925953	-0.750391	1.494523	
392	-1.930969	-0.755949	1.499543	
393	-1.936249	-0.761425	1.506112	
394	-1.941612	-0.766601	1.511027	
395	-1.946761	-0.774236	1.516897	
396	-1.952395	-0.780904	1.523964	
397	-1.958073	-0.786662	1.529647	
398	-1.968179	-0.799126	1.540225	
399	-1.972176	-0.807127	1.546337	
400	-1.976600	-0.813433	1.550791	
401	-1.979908	-0.824698	1.558695	
402	-1.983026	-0.830405	1.562789	
403	-1.986687	-0.836946	1.567727	
404	-1.990159	-0.846218	1.577228	
405	-1.993073	-0.851130	1.583816	
406	-1.995971	-0.857399	1.589493	
407	-1.999041	-0.864958	1.598291	
408	-2.001228	-0.868613	1.605387	
409	-2.003400	-0.871940	1.610785	
410	-2.005702	-0.876985	1.617898	
411	-2.007355	-0.881728	1.626479	
412	-2.008992	-0.883954	1.633304	
413	-2.010503	-0.885342	1.638685	
414	-2.011778	-0.888047	1.646218	
415	-2.012557	-0.893040	1.656785	
416	-2.013945	-0.891438	1.661129	
417	-2.015284	-0.895642	1.671329	
418	-2.016771	-0.894850	1.678119	
419	-2.018292	-0.896597	1.684964	
420	-2.019680	-0.899029	1.693686	
421	-2.021327	-0.901235	1.702215	
422	-2.022561	-0.903542	1.710166	
423	-2.024050	-0.903275	1.715583	
424	-2.025234	-0.905428	1.722765	
425	-2.026339	-0.907319	1.729888	
426	-2.028796	-0.908771	1.739754	
427	-2.030020	-0.911177	1.745895	
428	-2.030914	-0.912809	1.751432	
429	-2.032239	-0.915797	1.757739	
430	-2.034245	-0.918353	1.761983	
431	-2.035360	-0.923962	1.770688	
432	-2.036679	-0.935022	1.781279	
433	-2.037407	-0.940904	1.786886	
434	-2.037917	-0.946250	1.791035	
435	-2.039264	-0.951681	1.793669	
436	-2.040330	-0.957355	1.799044	
437	-2.041489	-0.963976	1.804773	
438	-2.043142	-0.969368	1.808741	
439	-2.044669	-0.975265	1.814983	
440	-2.045655	-0.981740	1.819958	
441	-2.047062	-0.987544	1.823921	
442	-2.048385	-0.993519	1.830628	
443	-2.049604	-0.999044	1.835899	
444	-2.050757	-1.005866	1.842055	
445	-2.052372	-1.010340	1.846085	
446	-2.052978	-1.017869	1.854126	
447	-2.054362	-1.023963	1.858415	
448	-2.055633	-1.030352	1.863126	
449	-2.056776	-1.036911	1.870175	
450	-2.058084	-1.043061	1.874311	
451	-2.059883	-1.049666	1.881647	
452	-2.061147	-1.054947	1.886901	
453	-2.063869	-1.060447	1.891200	
454	-2.065438	-1.067540	1.898079	
455	-2.067393	-1.073691	1.903757	
456	-2.070449	-1.080338	1.909948	
457	-2.074042	-1.086536	1.917639	
458	-2.077961	-1.093259	1.925285	
459	-2.081532	-1.102725	1.934760	
460	-2.087695	-1.107356	1.941426	
461	-2.092543	-1.115328	1.951818	
462	-2.097901	-1.122893	1.962370	
463	-2.102995	-1.129558	1.972686	
464	-2.106911	-1.137370	1.985380	
465	-2.111584	-1.144168	1.997128	
466	-2.114861	-1.151151	2.008940	
467	-2.118111	-1.157645	2.019543	
468	-2.121261	-1.164935	2.030732	
469	-2.124653	-1.172280	2.041523	
470	-2.127114	-1.178160	2.053439	
471	-2.130816	-1.184427	2.062583	
472	-2.134649	-1.191032	2.073754	
473	-2.136882	-1.196983	2.084629	
474	-2.139960	-1.202136	2.095057	
475	-2.142288	-1.207947	2.105052	
476	-2.143980	-1.213483	2.115151	
477	-2.146127	-1.217281	2.124315	
478	-2.146984	-1.220460	2.133883	
479	-2.147756	-1.222506	2.142339	
480	-2.147913	-1.226149	2.149893	
481	-2.147537	-1.227792	2.158643	
482	-2.145181	-1.229295	2.168307	
483	-2.144784	-1.230762	2.174820	
484	-2.144511	-1.231723	2.183220	
485	-2.140399	-1.232863	2.193107	
486	-2.138152	-1.233293	2.200671	
487	-2.136539	-1.233888	2.207159	
488	-2.128613	-1.237365	2.226477	
489	-2.125907	-1.238334	2.234139	
490	-2.122146	-1.239992	2.245140	
491	-2.119177	-1.242850	2.251454	
492	-2.114799	-1.246934	2.258728	
493	-2.110688	-1.250176	2.268252	
494	-2.106708	-1.254976	2.274484	
495	-2.103654	-1.259151	2.280269	
496	-2.099054	-1.263627	2.290878	
497	-2.091303	-1.274499	2.303937	
498	-2.087266	-1.278840	2.312031	
499	-2.081858	-1.282608	2.320592	
500	-2.078515	-1.288134	2.324093	
501	-2.075293	-1.291946	2.329764	
502	-2.069594	-1.296952	2.336719	
503	-2.066565	-1.300675	2.340072	
504	-2.063014	-1.303881	2.345438	
505	-2.059041	-1.306324	2.352629	
506	-2.055893	-1.310241	2.356803	
507	-2.052102	-1.314826	2.359298	
508	-2.046965	-1.318855	2.364974	
509	-2.044098	-1.322273	2.367343	
510	-2.041021	-1.325068	2.370162	
511	-2.036334	-1.327971	2.375703	
512	-2.031995	-1.333114	2.377542	
513	-2.028008	-1.338394	2.379492	
514	-2.021293	-1.342669	2.385828	
515	-2.018105	-1.345899	2.389468	
516	-2.013366	-1.350346	2.393989	
517	-2.007255	-1.355180	2.400732	
518	-2.002231	-1.360046	2.406422	
519	-1.997774	-1.364213	2.414585	
520	-1.991213	-1.369475	2.424736	
521	-1.987364	-1.373903	2.432324	
522	-1.982532	-1.378377	2.441597	
523	-1.977302	-1.383594	2.451443	
524	-1.972261	-1.388725	2.461234	
525	-1.966515	-1.395335	2.470551	
526	-1.962742	-1.402344	2.477610	
527	-1.957171	-1.407640	2.487402	
528	-1.951312	-1.412932	2.497098	
529	-1.947197	-1.418319	2.504996	
530	-1.942980	-1.423305	2.513015	
531	-1.937829	-1.427604	2.521958	
532	-1.933215	-1.432831	2.529857	
533	-1.929357	-1.435609	2.539015	
534	-1.924578	-1.438387	2.546937	
535	-1.918869	-1.442882	2.554208	
536	-1.914542	-1.446387	2.561394	
537	-1.909038	-1.449070	2.568901	
538	-1.902595	-1.453619	2.574349	
539	-1.900109	-1.455759	2.580785	
540	-1.894199	-1.459077	2.586761	
541	-1.886559	-1.463758	2.593106	
542	-1.882576	-1.466781	2.598419	
543	-1.876696	-1.469353	2.604534	
544	-1.869535	-1.472491	2.610367	
545	-1.863481	-1.474958	2.615809	
546	-1.858435	-1.476780	2.621090	
547	-1.851473	-1.477798	2.626994	
548	-1.843344	-1.479229	2.631570	
549	-1.836164	-1.481181	2.635586	
550	-1.828511	-1.482257	2.639318	
551	-1.820679	-1.482111	2.644470	
552	-1.811872	-1.483309	2.647627	
553	-1.805642	-1.483232	2.651272	
554	-1.795627	-1.482243	2.655930	
555	-1.782165	-1.483198	2.660555	
556	-1.775848	-1.482424	2.663978	
557	-1.765808	-1.481190	2.669115	
558	-1.753220	-1.480736	2.674317	
559	-1.745350	-1.479306	2.678649	
560	-1.736741	-1.477492	2.683165	
561	-1.724165	-1.476718	2.687571	
562	-1.714349	-1.476677	2.690857	
563	-1.696063	-1.474190	2.697965	
564	-1.685134	-1.473814	2.700827	
565	-1.676904	-1.473390	2.702194	
566	-1.667035	-1.472932	2.704523	
567	-1.656797	-1.473149	2.707084	
568	-1.647937	-1.474138	2.707191	
569	-1.640224	-1.474553	2.708036	
570	-1.631341	-1.474602	2.710421	
571	-1.623200	-1.475644	2.711254	
572	-1.615865	-1.477179	2.710133	
573	-1.607856	-1.478891	2.710472	
574	-1.599847	-1.480425	2.711238	
575	-1.593817	-1.480948	2.711490	
576	-1.587612	-1.481409	2.712170	
577	-1.579403	-1.482433	2.714204	
578	-1.567946	-1.485632	2.714495	
579	-1.560993	-1.486135	2.716281	
580	-1.553525	-1.487082	2.717821	
581	-1.548272	-1.488767	2.717454	
582	-1.541796	-1.488982	2.719470	
583	-1.533559	-1.491168	2.720894	
584	-1.528993	-1.492496	2.721798	
585	-1.516192	-1.494499	2.726400	
586	-1.510669	-1.495446	2.729494	
587	-1.505323	-1.496248	2.731409	
588	-1.498802	-1.497024	2.733877	
589	-1.492299	-1.498328	2.734492	
590	-1.479567	-1.499315	2.739783	
591	-1.473366	-1.500139	2.742224	
592	-1.465929	-1.501124	2.745009	
593	-1.460513	-1.501615	2.748243	
594	-1.455199	-1.502693	2.750681	
595	-1.448071	-1.503758	2.753193	
596	-1.441085	-1.504062	2.756972	
597	-1.436870	-1.504064	2.759895	
598	-1.429842	-1.503773	2.762784	
599	-1.422436	-1.503410	2.766131	
600	-1.417380	-1.503044	2.767643	
601	-1.412443	-1.502681	2.768163	
602	-1.403440	-1.501474	2.772744	
603	-1.396043	-1.499585	2.776985	
604	-1.391718	-1.499417	2.776162	
605	-1.382711	-1.498304	2.779222	
606	-1.373577	-1.496610	2.782639	
607	-1.368097	-1.495580	2.783722	
608	-1.359430	-1.493827	2.787367	
609	-1.350954	-1.493141	2.788005	
610	-1.342223	-1.491776	2.790624	
611	-1.334420	-1.490620	2.792594	
612	-1.327620	-1.489291	2.792775	
613	-1.317746	-1.488455	2.793381	
614	-1.310448	-1.487123	2.792745	
615	-1.303256	-1.485917	2.791543	
616	-1.294878	-1.484169	2.791282	
617	-1.286931	-1.483062	2.790376	
618	-1.280421	-1.482315	2.788133	
619	-1.271378	-1.482206	2.785779	
620	-1.264499	-1.482204	2.784291	
621	-1.258366	-1.482383	2.781793	
622	-1.250720	-1.482260	2.780638	
623	-1.243307	-1.482484	2.778868	
624	-1.238374	-1.483094	2.774813	
625	-1.230916	-1.483208	2.773359	
626	-1.223486	-1.483562	2.771635	
627	-1.210895	-1.483866	2.767567	
628	-1.202989	-1.484820	2.765074	
629	-1.197649	-1.485861	2.762647	
630	-1.190730	-1.486825	2.761236	
631	-1.184548	-1.487839	2.759517	
632	-1.178316	-1.489172	2.757628	
633	-1.171659	-1.490810	2.755052	
634	-1.166771	-1.491564	2.752933	
635	-1.161116	-1.492445	2.751476	
636	-1.156246	-1.492830	2.750379	
637	-1.147028	-1.492769	2.745991	
638	-1.142809	-1.492456	2.743790	
639	-1.138173	-1.491138	2.742304	
640	-1.131863	-1.490296	2.739943	
641	-1.125408	-1.490007	2.737610	
642	-1.123101	-1.488627	2.735746	
643	-1.119679	-1.486846	2.734676	
644	-1.113021	-1.486388	2.732221	
645	-1.109782	-1.484787	2.731373	
646	-1.107061	-1.482867	2.730339	
647	-1.100192	-1.480971	2.729595	
648	-1.094106	-1.479437	2.727844	
649	-1.090286	-1.477570	2.726172	
650	-1.085699	-1.475085	2.724798	
651	-1.080572	-1.472498	2.722435	
652	-1.074938	-1.469247	2.721121	
653	-1.070751	-1.465453	2.719585	
654	-1.064014	-1.461963	2.717860	
655	-1.057813	-1.458206	2.715921	
656	-1.052999	-1.453904	2.713953	
657	-1.044571	-1.450170	2.711607	
658	-1.041799	-1.445385	2.710093	
659	-1.037262	-1.440525	2.708969	
660	-1.027263	-1.437916	2.706011	
661	-1.022343	-1.433948	2.704313	
662	-1.018613	-1.429738	2.702664	
663	-1.012681	-1.425963	2.699497	
664	-1.008225	-1.421760	2.696769	
665	-1.004315	-1.417650	2.693490	
666	-1.000608	-1.413041	2.689682	
667	-0.998415	-1.407946	2.686039	
668	-0.992323	-1.403877	2.680821	
669	-0.986777	-1.399071	2.676337	
670	-0.984062	-1.392938	2.673054	
671	-0.977586	-1.388240	2.667630	
672	-0.970923	-1.383104	2.662535	
673	-0.959554	-1.374199	2.650797	
674	-0.952239	-1.370234	2.644867	
675	-0.938876	-1.362705	2.633551	
676	-0.927749	-1.361397	2.626090	
677	-0.926374	-1.356094	2.623611	
678	-0.923077	-1.351466	2.620362	
679	-0.916531	-1.348526	2.614756	
680	-0.910407	-1.344842	2.610476	
681	-0.907098	-1.339602	2.608125	
682	-0.901581	-1.336462	2.604429	
683	-0.896037	-1.332849	2.601697	
684	-0.887440	-1.324724	2.598332	
685	-0.882068	-1.322034	2.595814	
686	-0.880992	-1.316065	2.596400	
687	-0.877764	-1.312180	2.595170	
688	-0.870863	-1.310217	2.593001	
689	-0.869037	-1.303669	2.595328	
690	-0.865777	-1.298749	2.595551	
691	-0.860782	-1.295398	2.594768	
692	-0.858325	-1.290039	2.596134	
693	-0.857462	-1.284414	2.598152	
694	-0.853507	-1.281878	2.597715	
695	-0.851074	-1.277714	2.599317	
696	-0.849741	-1.273599	2.600589	
697	-0.844369	-1.272837	2.599271	
698	-0.843284	-1.268599	2.601731	
699	-0.842177	-1.265644	2.603152	
700	-0.837398	-1.265225	2.602657	
701	-0.836425	-1.261762	2.605361	
702	-0.834534	-1.259497	2.606509	
703	-0.830907	-1.258005	2.607625	
704	-0.829213	-1.255061	2.610599	
705	-0.826875	-1.253088	2.612790	
706	-0.823764	-1.250711	2.615114	
707	-0.821313	-1.247913	2.617989	
708	-0.819425	-1.245312	2.620893	
709	-0.816382	-1.243702	2.622698	
710	-0.814065	-1.240900	2.625417	
711	-0.811983	-1.238106	2.628116	
712	-0.803434	-1.231510	2.636509	
713	-0.797967	-1.231703	2.636277	
714	-0.792019	-1.232172	2.637351	
715	-0.790790	-1.229418	2.641042	
716	-0.784822	-1.230206	2.641893	
717	-0.781287	-1.229675	2.644470	
718	-0.779377	-1.227491	2.647883	
719	-0.774636	-1.227261	2.649765	
720	-0.770808	-1.226533	2.652221	
721	-0.767989	-1.225099	2.655501	
722	-0.762514	-1.225977	2.656147	
723	-0.757848	-1.226424	2.658365	
724	-0.755351	-1.225549	2.661920	
725	-0.752092	-1.225676	2.663844	
726	-0.745866	-1.228212	2.664679	
727	-0.743735	-1.226373	2.669278	
728	-0.740429	-1.226104	2.672097	
729	-0.735201	-1.227547	2.673094	
730	-0.731668	-1.227026	2.677559	
731	-0.728575	-1.226851	2.680189	
732	-0.723114	-1.228597	2.681201	
733	-0.720595	-1.227574	2.685264	
734	-0.716859	-1.227986	2.687648	
735	-0.711967	-1.229902	2.688853	
736	-0.709266	-1.229509	2.692448	
737	-0.705660	-1.230482	2.694306	
738	-0.701530	-1.231984	2.696452	
739	-0.698666	-1.232791	2.699447	
740	-0.694564	-1.235759	2.699274	
741	-0.692265	-1.237850	2.702185	
742	-0.690708	-1.238407	2.705327	
743	-0.689357	-1.239711	2.707454	
744	-0.688933	-1.239436	2.711165	
745	-0.686602	-1.241168	2.713387	
746	-0.685155	-1.242092	2.716536	
747	-0.683758	-1.243052	2.719594	
748	-0.681578	-1.243818	2.722024	
749	-0.679008	-1.245557	2.724622	
750	-0.679264	-1.244563	2.728938	
751	-0.676275	-1.246593	2.731270	
752	-0.674021	-1.248019	2.735372	
753	-0.672487	-1.249469	2.740490	
754	-0.670309	-1.251323	2.744360	
755	-0.666876	-1.255020	2.747712	
756	-0.665572	-1.257152	2.752701	
757	-0.663272	-1.260458	2.757281	
758	-0.659106	-1.265642	2.761078	
759	-0.658180	-1.268450	2.767759	
760	-0.655236	-1.272645	2.772263	
761	-0.652531	-1.276856	2.778014	
762	-0.650820	-1.280275	2.784978	
763	-0.649032	-1.283750	2.790619	
764	-0.646295	-1.287382	2.796009	
765	-0.643540	-1.291711	2.801498	
766	-0.640432	-1.295960	2.807266	
767	-0.638418	-1.299097	2.814167	
768	-0.634726	-1.303939	2.818530	
769	-0.632713	-1.307244	2.824736	
770	-0.632207	-1.308745	2.831607	
771	-0.627934	-1.313568	2.835266	
772	-0.625245	-1.316444	2.841045	
773	-0.622704	-1.318785	2.846134	
774	-0.618001	-1.322663	2.848127	
775	-0.616682	-1.323338	2.854433	
776	-0.614844	-1.323913	2.859399	
777	-0.609998	-1.326066	2.862251	
778	-0.605973	-1.327130	2.866207	
779	-0.602337	-1.327607	2.870142	
780	-0.596347	-1.330541	2.870333	
781	-0.591476	-1.332428	2.872101	
782	-0.587513	-1.334046	2.873397	
783	-0.581519	-1.336643	2.872739	
784	-0.575171	-1.339370	2.873654	
785	-0.570029	-1.341090	2.875397	
786	-0.562770	-1.343160	2.876069	
787	-0.557130	-1.344906	2.877230	
788	-0.545735	-1.347974	2.881180	
789	-0.538159	-1.350046	2.883436	
790	-0.531580	-1.352296	2.885880	
791	-0.523858	-1.354736	2.886748	
792	-0.515656	-1.357121	2.887822	
793	-0.506621	-1.360662	2.888267	
794	-0.499982	-1.362587	2.890643	
795	-0.491022	-1.365057	2.891274	
796	-0.481602	-1.368356	2.891352	
797	-0.474463	-1.369519	2.894024	
798	-0.466599	-1.371347	2.895501	
799	-0.457107	-1.374474	2.895898	
800	-0.450307	-1.375772	2.898745	
801	-0.433228	-1.381209	2.898478	
802	-0.420994	-1.383725	2.900501	
803	-0.408633	-1.386733	2.901064	
804	-0.403240	-1.387743	2.901371	
805	-0.396472	-1.389302	2.900434	
806	-0.392529	-1.388763	2.902232	
807	-0.386024	-1.389263	2.901567	
808	-0.378954	-1.390140	2.901219	
809	-0.373099	-1.389509	2.901731	
810	-0.365403	-1.390452	2.900941	
811	-0.357415	-1.391860	2.899971	
812	-0.350809	-1.391138	2.901114	
813	-0.344261	-1.392104	2.901126	
814	-0.336532	-1.393532	2.899804	
815	-0.330216	-1.392969	2.900943	
816	-0.323621	-1.393941	2.900608	
817	-0.315529	-1.394761	2.898873	
818	-0.310925	-1.393738	2.899271	
819	-0.304319	-1.394628	2.896752	
820	-0.298023	-1.395235	2.894652	
821	-0.293334	-1.394959	2.893630	
822	-0.287890	-1.394928	2.891744	
823	-0.282773	-1.394267	2.890217	
824	-0.277007	-1.392740	2.888912	
825	-0.271841	-1.392348	2.886898	
826	-0.266179	-1.390416	2.885305	
827	-0.261540	-1.387738	2.884040	
828	-0.257215	-1.385643	2.881775	
829	-0.245429	-1.379528	2.877820	
830	-0.239295	-1.376604	2.874578	
831	-0.233532	-1.373437	2.870825	
832	-0.227840	-1.368772	2.867758	
833	-0.220959	-1.364749	2.863431	
834	-0.213734	-1.360884	2.858105	
835	-0.205900	-1.356076	2.853560	
836	-0.197161	-1.350785	2.849019	
837	-0.188577	-1.347692	2.842303	
838	-0.178525	-1.343698	2.836143	
839	-0.170542	-1.339191	2.830273	
840	-0.161863	-1.335614	2.823660	
841	-0.144519	-1.328576	2.809487	
842	-0.137040	-1.324920	2.803089	
843	-0.129287	-1.321939	2.795570	
844	-0.121815	-1.317781	2.789851	
845	-0.116090	-1.315585	2.782515	
846	-0.107611	-1.312246	2.776541	
847	-0.100630	-1.309157	2.769938	
848	-0.095537	-1.307321	2.763771	
849	-0.087867	-1.304069	2.757966	
850	-0.081004	-1.304891	2.748345	
851	-0.074383	-1.304304	2.741572	
852	-0.065577	-1.300829	2.737354	
853	-0.063104	-1.302020	2.728915	
854	-0.055990	-1.303147	2.721472	
855	-0.048489	-1.302327	2.715132	
856	-0.043833	-1.301802	2.708382	
857	-0.038723	-1.301029	2.701449	
858	-0.033364	-1.299953	2.693993	
859	-0.026155	-1.298299	2.687392	
860	-0.020436	-1.296291	2.681327	
861	-0.015049	-1.296165	2.673603	
862	-0.007762	-1.295636	2.667807	
863	-0.000314	-1.296292	2.660519	
864	0.007506	-1.297335	2.654348	
865	0.013107	-1.298209	2.648670	
866	0.020736	-1.300233	2.641788	
867	0.027930	-1.301945	2.636057	
868	0.035065	-1.303645	2.630653	
869	0.040672	-1.305972	2.623647	
870	0.045305	-1.308823	2.615982	
871	0.053852	-1.310436	2.610329	
872	0.058581	-1.312716	2.603372	
873	0.063920	-1.314911	2.595704	
874	0.068819	-1.317454	2.587621	
875	0.079731	-1.319370	2.573707	
876	0.083028	-1.321251	2.564526	
877	0.087630	-1.322093	2.557100	
878	0.089945	-1.323452	2.547654	
879	0.098331	-1.322988	2.533149	
880	0.099630	-1.322415	2.524345	
881	0.101405	-1.322014	2.515737	
882	0.105931	-1.319880	2.509472	
883	0.107318	-1.318844	2.501767	
884	0.107772	-1.318693	2.492655	
885	0.107927	-1.317101	2.484280	
886	0.111260	-1.315591	2.475083	
887	0.111985	-1.314265	2.466515	
888	0.115498	-1.312304	2.457798	
889	0.117745	-1.310451	2.449445	
890	0.120148	-1.309217	2.439730	
891	0.121892	-1.308940	2.429333	
892	0.126444	-1.307886	2.420146	
893	0.128323	-1.306947	2.410475	
894	0.130734	-1.306729	2.399057	
895	0.134082	-1.306780	2.389295	
896	0.135788	-1.307411	2.379649	
897	0.139955	-1.308543	2.371034	
898	0.143680	-1.308899	2.363571	
899	0.147463	-1.308357	2.356189	
900	0.150505	-1.307625	2.348069	
901	0.152861	-1.306515	2.340325	
902	0.157341	-1.304682	2.334744	
903	0.158932	-1.302870	2.327197	
904	0.162965	-1.301029	2.321033	
905	0.163879	-1.298903	2.313725	
906	0.166682	-1.296681	2.307905	
907	0.169604	-1.295011	2.300938	
908	0.173697	-1.292802	2.294946	
909	0.177413	-1.290825	2.288041	
910	0.181443	-1.289561	2.283630	
911	0.187568	-1.287374	2.280851	
912	0.191243	-1.286122	2.277019	
913	0.196270	-1.285455	2.274579	
914	0.201409	-1.283579	2.271757	
915	0.205233	-1.281302	2.267883	
916	0.209125	-1.279311	2.264689	
917	0.212253	-1.276976	2.262977	
918	0.215271	-1.274784	2.259856	
919	0.219124	-1.273530	2.257270	
920	0.224159	-1.271122	2.255710	
921	0.226873	-1.269667	2.253817	
922	0.231333	-1.268524	2.251635	
923	0.234937	-1.266754	2.250528	
924	0.238647	-1.265645	2.248855	
925	0.240698	-1.265017	2.248874	
926	0.245809	-1.263686	2.248436	
927	0.250785	-1.263416	2.247224	
928	0.254641	-1.263380	2.247949	
929	0.257088	-1.262529	2.249305	
930	0.261302	-1.262594	2.249751	
931	0.266988	-1.263104	2.250421	
932	0.268655	-1.263302	2.254446	
933	0.272647	-1.264096	2.255523	
934	0.275370	-1.264907	2.258154	
935	0.278138	-1.265385	2.260610	
936	0.281280	-1.266244	2.262049	
937	0.284344	-1.267222	2.264023	
938	0.287713	-1.267669	2.268717	
939	0.290477	-1.268543	2.272532	
940	0.292863	-1.269143	2.275772	
941	0.295769	-1.269547	2.278511	
942	0.299598	-1.270106	2.281419	
943	0.301879	-1.270751	2.284525	
944	0.303852	-1.270725	2.288817	
945	0.306915	-1.270965	2.291966	
946	0.310341	-1.271478	2.295115	
947	0.311434	-1.271625	2.298619	
948	0.314981	-1.272787	2.300926	
949	0.317492	-1.273529	2.304490	
950	0.324285	-1.275007	2.307189	
951	0.326626	-1.275820	2.311709	
952	0.328979	-1.276168	2.312822	
953	0.330263	-1.276126	2.316519	
954	0.333211	-1.275419	2.320864	
955	0.335109	-1.274755	2.324128	
956	0.338899	-1.273785	2.326272	
957	0.341358	-1.272284	2.331004	
958	0.342200	-1.270847	2.336779	
959	0.342071	-1.268695	2.340732	
960	0.344906	-1.268409	2.345080	
961	0.346452	-1.268142	2.350340	
962	0.347342	-1.266537	2.355530	
963	0.351452	-1.267201	2.356694	
964	0.352633	-1.267028	2.362305	
965	0.353273	-1.266692	2.368091	
966	0.358781	-1.267658	2.370132	
967	0.360637	-1.267503	2.375716	
968	0.363508	-1.268432	2.381282	
969	0.369427	-1.271251	2.384601	
970	0.372516	-1.272265	2.390759	
971	0.374741	-1.273511	2.397953	
972	0.380112	-1.276494	2.402864	
973	0.382986	-1.277733	2.411619	
974	0.383647	-1.276763	2.418291	
975	0.387480	-1.280095	2.424857	
976	0.388976	-1.279845	2.433642	
977	0.392531	-1.281346	2.438054	
978	0.397636	-1.284627	2.445645	
979	0.396442	-1.283453	2.453734	
980	0.398176	-1.283574	2.454537	
981	0.404055	-1.285215	2.460414	
982	0.405160	-1.285013	2.468710	
983	0.407227	-1.285712	2.470887	
984	0.410534	-1.286501	2.476226	
985	0.410733	-1.286408	2.482558	
986	0.411860	-1.286931	2.485297	
987	0.414001	-1.287403	2.490641	
988	0.416435	-1.288441	2.495013	
989	0.419088	-1.289931	2.497670	
990	0.421853	-1.290040	2.504149	
991	0.422675	-1.289993	2.508869	
992	0.423984	-1.291053	2.512650	
993	0.425511	-1.289570	2.518823	
994	0.427687	-1.289325	2.522305	
995	0.430590	-1.289978	2.524887	
996	0.432375	-1.287949	2.530355	
997	0.432534	-1.285053	2.538676	
998	0.435300	-1.284570	2.541674	
999	0.437468	-1.282717	2.547448	
1000	0.440611	-1.280591	2.559320	
1001	0.442010	-1.278050	2.569603	
1002	0.442796	-1.277204	2.577955	
1003	0.443286	-1.278037	2.583092	
1004	0.442433	-1.276349	2.589688	
1005	0.441452	-1.275765	2.594309	
1006	0.441220	-1.274322	2.599490	
1007	0.441555	-1.273460	2.602593	
1008	0.442014	-1.273459	2.606277	
1009	0.442196	-1.272919	2.608717	
1010	0.443054	-1.273571	2.610779	
1011	0.444041	-1.273878	2.613128	
1012	0.443782	-1.273139	2.616342	
1013	0.443847	-1.272740	2.619765	
1014	0.445479	-1.273316	2.620615	
1015	0.447710	-1.275507	2.624215	
1016	0.446498	-1.274352	2.627919	
1017	0.447765	-1.274502	2.629237	
1018	0.449871	-1.275676	2.630973	
1019	0.451977	-1.274023	2.633202	
1020	0.454243	-1.274346	2.633000	
1021	0.452583	-1.270866	2.634552	
1022	0.455126	-1.270554	2.634055	
1023	0.455496	-1.264566	2.632633	
1024	0.458596	-1.259779	2.631305	
1025	0.457786	-1.254291	2.629803	
1026	0.458686	-1.250693	2.629133	
1027	0.461537	-1.248423	2.627093	
1028	0.462598	-1.244308	2.626375	
1029	0.464391	-1.241045	2.627167	
1030	0.466684	-1.237928	2.627029	
1031	0.466108	-1.232056	2.626732	
1032	0.468551	-1.229146	2.627831	
1033	0.472217	-1.227278	2.628299	
1034	0.472395	-1.222093	2.628259	
1035	0.475168	-1.218438	2.627171	
1036	0.478771	-1.217774	2.628587	
1037	0.480747	-1.213646	2.627604	
1038	0.481756	-1.210120	2.628363	
1039	0.485688	-1.208585	2.627800	
1040	0.487784	-1.206673	2.627548	
1041	0.489503	-1.203113	2.625568	
1042	0.491075	-1.200431	2.623920	
1043	0.493683	-1.198947	2.621415	
1044	0.494944	-1.196578	2.619315	
1045	0.496354	-1.195009	2.618330	
1046	0.498437	-1.192997	2.616379	
1047	0.499691	-1.189322	2.615761	
1048	0.501861	-1.188819	2.615517	
1049	0.502919	-1.187239	2.614844	
1050	0.503559	-1.186958	2.616342	
1051	0.504846	-1.184827	2.614727	
1052	0.505665	-1.182929	2.614079	
1053	0.505760	-1.182227	2.615838	
1054	0.506674	-1.180832	2.615905	
1055	0.507187	-1.179407	2.616714	
1056	0.506919	-1.178182	2.618903	
1057	0.507329	-1.175349	2.618789	
1058	0.507060	-1.174815	2.622478	
1059	0.506589	-1.173049	2.624570	
1060	0.507471	-1.172782	2.627080	
1061	0.507018	-1.175068	2.633450	
1062	0.504920	-1.174550	2.638195	
1063	0.505306	-1.175308	2.641929	
1064	0.506077	-1.173586	2.642132	
1065	0.504903	-1.170112	2.642257	
1066	0.507507	-1.170921	2.643554	
1067	0.507522	-1.171308	2.647198	
1068	0.506341	-1.169040	2.649339	
1069	0.508164	-1.169706	2.651796	
1070	0.510183	-1.166086	2.649010	
1071	0.507743	-1.162131	2.651262	
1072	0.507680	-1.160730	2.653934	
1073	0.506968	-1.160554	2.658854	
1074	0.504883	-1.154719	2.658869	
1075	0.506176	-1.148659	2.655029	
1076	0.504781	-1.149373	2.661851	
1077	0.502523	-1.147507	2.666938	
1078	0.501282	-1.147150	2.672344	
1079	0.501127	-1.143713	2.672350	
1080	0.500658	-1.143337	2.675843	
1081	0.498097	-1.141500	2.680398	
1082	0.499264	-1.141814	2.682957	
1083	0.499138	-1.142707	2.687736	
1084	0.496312	-1.140288	2.691340	
1085	0.499003	-1.142239	2.692306	
1086	0.499298	-1.140120	2.690810	
1087	0.496828	-1.137135	2.692014	
1088	0.498346	-1.138906	2.692316	
1089	0.495824	-1.136318	2.692369	
1090	0.492246	-1.136860	2.696803	
1091	0.493107	-1.139267	2.696327	
1092	0.489999	-1.138226	2.696781	
1093	0.486980	-1.138032	2.698000	
1094	0.487416	-1.140175	2.695661	
1095	0.482489	-1.140258	2.699223	
1096	0.481778	-1.142110	2.698336	
1097	0.480477	-1.144525	2.698806	
1098	0.475789	-1.144941	2.702377	
1099	0.475634	-1.147115	2.700574	
1100	0.471992	-1.150546	2.705333	
1101	0.465837	-1.154490	2.709425	
1102	0.462024	-1.157473	2.714391	
1103	0.458522	-1.159112	2.717503	
1104	0.454630	-1.160521	2.720923	
1105	0.450098	-1.160394	2.722701	
1106	0.445930	-1.162817	2.727612	
1107	0.442510	-1.164516	2.730286	
1108	0.437780	-1.165647	2.734425	
1109	0.433627	-1.168139	2.739282	
1110	0.429584	-1.169700	2.741580	
1111	0.425125	-1.173257	2.747748	
1112	0.420543	-1.177226	2.753531	
1113	0.416978	-1.183411	2.760234	
1114	0.411234	-1.184016	2.762149	
1115	0.407835	-1.190529	2.769109	
1116	0.395769	-1.196165	2.779099	
1117	0.391335	-1.201790	2.785863	
1118	0.385760	-1.204251	2.788787	
1119	0.379334	-1.205443	2.791104	
1120	0.374633	-1.209854	2.795887	
1121	0.368692	-1.215297	2.806077	
1122	0.362201	-1.214856	2.805331	
1123	0.357485	-1.217544	2.807151	
1124	0.351876	-1.222778	2.817872	
1125	0.345418	-1.220793	2.816587	
1126	0.341815	-1.225594	2.823124	
1127	0.336710	-1.227273	2.829350	
1128	0.332921	-1.229484	2.833246	
1129	0.329505	-1.231679	2.835803	
1130	0.325129	-1.231385	2.836759	
1131	0.323133	-1.234659	2.840379	
1132	0.320593	-1.236806	2.843614	
1133	0.318221	-1.238179	2.844712	
1134	0.316844	-1.238870	2.842727	
1135	0.315878	-1.242128	2.846597	
1136	0.315154	-1.244438	2.846745	
1137	0.314083	-1.245797	2.847733	
1138	0.313554	-1.247507	2.847124	
1139	0.312312	-1.248074	2.848355	
1140	0.311329	-1.248252	2.847540	
1141	0.310832	-1.249679	2.848364	
1142	0.308791	-1.248780	2.848501	
1143	0.308213	-1.250222	2.850814	
1144	0.306991	-1.250734	2.851657	
1145	0.305231	-1.251165	2.854551	
1146	0.303446	-1.250892	2.855912	
1147	0.301987	-1.252563	2.862030	
1148	0.299102	-1.251960	2.864556	
1149	0.297029	-1.252921	2.868846	
1150	0.295997	-1.255074	2.873105	
1151	0.292347	-1.255452	2.878428	
1152	0.291039	-1.257746	2.881633	
1153	0.289331	-1.260237	2.885024	
1154	0.285953	-1.261891	2.889873	
1155	0.284156	-1.264519	2.891778	
1156	0.281744	-1.266954	2.894179	
1157	0.279040	-1.269462	2.896538	
1158	0.277290	-1.273751	2.900115	
1159	0.274976	-1.276584	2.903517	
1160	0.272731	-1.279533	2.905368	
1161	0.270154	-1.282874	2.908347	
1162	0.267553	-1.285339	2.909791	
1163	0.266404	-1.290485	2.912456	
1164	0.263295	-1.292752	2.915833	
1165	0.261227	-1.296383	2.916414	
1166	0.259761	-1.300517	2.919597	
1167	0.256954	-1.302339	2.921675	
1168	0.256059	-1.306784	2.923962	
1169	0.254677	-1.310433	2.927880	
1170	0.253217	-1.313341	2.930239	
1171	0.251482	-1.315819	2.933205	
1172	0.250583	-1.319240	2.936583	
1173	0.248664	-1.321766	2.939418	
1174	0.246172	-1.323678	2.941888	
1175	0.245244	-1.327094	2.943595	
1176	0.242411	-1.328737	2.950584	
1177	0.239456	-1.329644	2.951403	
1178	0.237660	-1.331676	2.955626	
1179	0.235261	-1.334007	2.960690	
1180	0.233121	-1.336008	2.963179	
1181	0.230540	-1.338366	2.968678	
1182	0.228446	-1.342028	2.974416	
1183	0.226135	-1.345448	2.978132	
1184	0.223454	-1.349086	2.983257	
1185	0.219745	-1.352685	2.987882	
1186	0.216280	-1.356596	2.991204	
1187	0.212687	-1.361425	2.997459	
1188	0.207885	-1.365066	3.003145	
1189	0.204130	-1.369581	3.007150	
1190	0.200491	-1.374853	3.012572	
1191	0.195239	-1.378672	3.017866	
1192	0.190855	-1.383484	3.022860	
1193	0.185498	-1.388669	3.028865	
1194	0.178712	-1.392645	3.035511	
1195	0.174052	-1.398682	3.041282	
1196	0.169089	-1.404160	3.047006	
1197	0.164320	-1.409236	3.053481	
1198	0.159860	-1.414352	3.060395	
1199	0.155367	-1.419591	3.067056	
1200	0.151005	-1.424894	3.073565	
1201	0.146524	-1.429841	3.079297	
1202	0.138594	-1.440641	3.095325	
1203	0.134810	-1.445669	3.102636	
1204	0.131529	-1.451188	3.109919	
1205	0.128807	-1.456531	3.116832	
1206	0.126986	-1.462101	3.125437	
1207	0.124036	-1.466165	3.133783	
1208	0.122416	-1.471039	3.140756	
1209	0.120905	-1.475940	3.149716	
1210	0.119330	-1.480875	3.158378	
1211	0.117154	-1.484949	3.163396	
1212	0.114890	-1.489008	3.171024	
1213	0.112392	-1.496448	3.183484	
1214	0.111794	-1.500061	3.189524	
1215	0.112041	-1.503793	3.194450	
1216	0.113223	-1.508204	3.200877	
1217	0.114915	-1.512049	3.207116	
1218	0.116576	-1.515321	3.213520	
1219	0.119743	-1.518907	3.218676	
1220	0.123233	-1.522446	3.224317	
1221	0.126855	-1.525564	3.230986	
1222	0.131503	-1.528246	3.236708	
1223	0.136374	-1.531037	3.242577	
1224	0.141782	-1.533278	3.249891	
1225	0.148705	-1.535839	3.256323	
1226	0.155120	-1.537558	3.263355	
1227	0.162858	-1.539861	3.271706	
1228	0.170955	-1.541926	3.278919	
1229	0.179470	-1.545005	3.285446	
1230	0.187668	-1.547204	3.295048	
1231	0.196064	-1.550011	3.301668	
1232	0.205330	-1.553754	3.309068	
1233	0.214037	-1.557233	3.315699	
1234	0.222238	-1.561059	3.321180	
1235	0.231106	-1.564955	3.327714	
1236	0.239296	-1.568664	3.332365	
1237	0.246827	-1.571785	3.337417	
1238	0.254952	-1.575032	3.342846	
1239	0.262411	-1.577892	3.348658	
1240	0.269257	-1.581588	3.354383	
1241	0.275622	-1.585987	3.359457	
1242	0.281897	-1.589691	3.365912	
1243	0.286888	-1.593716	3.369754	
1244	0.292811	-1.597448	3.375111	
1245	0.298730	-1.601372	3.380855	
1246	0.303818	-1.605598	3.384820	
1247	0.310553	-1.609835	3.391728	
1248	0.316099	-1.614177	3.397037	
1249	0.321799	-1.619371	3.401709	
1250	0.333354	-1.627311	3.409671	
1251	0.339502	-1.632386	3.414959	
1252	0.346023	-1.637802	3.420445	
1253	0.353605	-1.642953	3.426720	
1254	0.368339	-1.654591	3.440272	
1255	0.375604	-1.660596	3.447071	
1256	0.382234	-1.665918	3.453893	
1257	0.389164	-1.670853	3.460507	
1258	0.395804	-1.675068	3.467897	
1259	0.402078	-1.678600	3.475076	
1260	0.409423	-1.683469	3.479566	
1261	0.416077	-1.687617	3.484913	
1262	0.422717	-1.691762	3.490728	
1263	0.429451	-1.695361	3.495490	
1264	0.435812	-1.698443	3.499532	
1265	0.442659	-1.701066	3.504133	
1266	0.450009	-1.703764	3.508048	
1267	0.459824	-1.706708	3.511478	
1268	0.469143	-1.709205	3.515842	
1269	0.477262	-1.711505	3.519086	
1270	0.487534	-1.713807	3.522834	
1271	0.497639	-1.715551	3.526302	
1272	0.508164	-1.716716	3.530272	
1273	0.519990	-1.718737	3.532535	
1274	0.531659	-1.720077	3.535492	
1275	0.542663	-1.720355	3.538766	
1276	0.554474	-1.722136	3.540417	
1277	0.567674	-1.722950	3.542940	
1278	0.579674	-1.723766	3.544897	
1279	0.591738	-1.723477	3.548068	
1280	0.603865	-1.723888	3.550096	
1281	0.615904	-1.724201	3.552191	
1282	0.628169	-1.724622	3.553497	
1283	0.639687	-1.725286	3.554249	
1284	0.651837	-1.727033	3.554334	
1285	0.664560	-1.728217	3.555594	
1286	0.677732	-1.729491	3.557154	
1287	0.689667	-1.731086	3.557798	
1288	0.701471	-1.732476	3.558304	
1289	0.714393	-1.732995	3.559828	
1290	0.728212	-1.734305	3.560112	
1291	0.740475	-1.734470	3.561352	
1292	0.752460	-1.735385	3.561144	
1293	0.766042	-1.736231	3.561685	
1294	0.777249	-1.737861	3.561505	
1295	0.790388	-1.738811	3.561998	
1296	0.803246	-1.740006	3.562084	
1297	0.814171	-1.740349	3.562981	
1298	0.823966	-1.740842	3.563779	
1299	0.837834	-1.742262	3.564196	
1300	0.850302	-1.743305	3.565241	
1301	0.861937	-1.744832	3.566359	
1302	0.876284	-1.746453	3.567884	
1303	0.887257	-1.747379	3.570927	
1304	0.899153	-1.749080	3.573468	
1305	0.914878	-1.749357	3.577390	
1306	0.925205	-1.751448	3.580765	
1307	0.938892	-1.753485	3.584704	
1308	0.950519	-1.756118	3.588791	
1309	0.960475	-1.758287	3.594729	
1310	0.973343	-1.761065	3.599573	
1311	0.987141	-1.763027	3.605870	
1312	0.998485	-1.764703	3.612017	
1313	1.009210	-1.768964	3.616273	
1314	1.022397	-1.771197	3.621334	
1315	1.030774	-1.773613	3.626581	
1316	1.040987	-1.776695	3.630209	
1317	1.048858	-1.778892	3.635125	
1318	1.065849	-1.782500	3.644310	
1319	1.074712	-1.783866	3.648203	
1320	1.083869	-1.784908	3.652561	
1321	1.092051	-1.786136	3.656044	
1322	1.102495	-1.787901	3.658328	
1323	1.117075	-1.787405	3.661491	
1324	1.126693	-1.788260	3.663697	
1325	1.137711	-1.790095	3.664660	
1326	1.148172	-1.789676	3.667483	
1327	1.158039	-1.790807	3.668316	
1328	1.168883	-1.791568	3.669034	
1329	1.179788	-1.790955	3.669584	
1330	1.190857	-1.791349	3.669392	
1331	1.202412	-1.790607	3.668490	
1332	1.213023	-1.789160	3.668941	
1333	1.226875	-1.787825	3.667147	
1334	1.251195	-1.784753	3.663352	
1335	1.264659	-1.781273	3.662581	
1336	1.276012	-1.777161	3.663700	
1337	1.306587	-1.772881	3.659354	
1338	1.333454	-1.769581	3.653246	
1339	1.347936	-1.764996	3.651792	
1340	1.358538	-1.762081	3.648993	
1341	1.370987	-1.760890	3.644095	
1342	1.381925	-1.758923	3.640384	
1343	1.393988	-1.757663	3.635688	
1344	1.404331	-1.757886	3.630260	
1345	1.421733	-1.753772	3.626055	
1346	1.424386	-1.754954	3.622003	
1347	1.440393	-1.752054	3.616621	
1348	1.445158	-1.750868	3.613857	
1349	1.451423	-1.751006	3.608381	
1350	1.461827	-1.749354	3.603639	
1351	1.471334	-1.745904	3.600376	
1352	1.477643	-1.746726	3.594709	
1353	1.487209	-1.744859	3.590014	
1354	1.496522	-1.742180	3.586569	
1355	1.504788	-1.741657	3.580657	
1356	1.515908	-1.739048	3.575372	
1357	1.525238	-1.736649	3.571399	
1358	1.537075	-1.734509	3.565698	
1359	1.548326	-1.731506	3.561527	
1360	1.557564	-1.729094	3.558988	
1361	1.570290	-1.727062	3.554853	
1362	1.584062	-1.724271	3.550203	
1363	1.594225	-1.720463	3.548938	
1364	1.605926	-1.718904	3.545564	
1365	1.619895	-1.716359	3.541591	
1366	1.631843	-1.713448	3.539162	
1367	1.642275	-1.712290	3.535142	
1368	1.654865	-1.708916	3.531716	
1369	1.663933	-1.706718	3.528482	
1370	1.675292	-1.704056	3.524311	
1371	1.686389	-1.699927	3.522020	
1372	1.695831	-1.697567	3.518799	
1373	1.705705	-1.695157	3.514797	
1374	1.714557	-1.691642	3.511328	
1375	1.723144	-1.689247	3.507398	
1376	1.731191	-1.686477	3.503508	
1377	1.739791	-1.683340	3.498668	
1378	1.748227	-1.680589	3.493241	
1379	1.755501	-1.677605	3.488418	
1380	1.763831	-1.673627	3.482817	
1381	1.773097	-1.667356	3.478819	
1382	1.778343	-1.664018	3.474343	
1383	1.785033	-1.659987	3.468052	
1384	1.794022	-1.653666	3.461512	
1385	1.799747	-1.649659	3.454494	
1386	1.807136	-1.644938	3.446033	
1387	1.815326	-1.638498	3.437611	
1388	1.821363	-1.634300	3.428263	
1389	1.828510	-1.629018	3.419086	
1390	1.833806	-1.623075	3.413203	
1391	1.841879	-1.618009	3.403752	
1392	1.851845	-1.612709	3.393324	
1393	1.858698	-1.606446	3.386366	
1394	1.863847	-1.602379	3.379802	
1395	1.877676	-1.594256	3.365545	
1396	1.889503	-1.584674	3.350759	
1397	1.896580	-1.579626	3.342835	
1398	1.902521	-1.574863	3.336054	
1399	1.908915	-1.572240	3.326621	
1400	1.915574	-1.567943	3.319222	
1401	1.922019	-1.564312	3.311676	
1402	1.928717	-1.561352	3.302310	
1403	1.934304	-1.558280	3.293809	
1404	1.939792	-1.555045	3.285253	
1405	1.944981	-1.550643	3.278539	
1406	1.951299	-1.545559	3.272985	
1407	1.957364	-1.541718	3.265019	
1408	1.964262	-1.536960	3.257007	
1409	1.971110	-1.530873	3.251019	
1410	1.978227	-1.525411	3.243253	
1411	1.986430	-1.519469	3.234671	
1412	1.993626	-1.513813	3.226555	
1413	2.002342	-1.509072	3.216887	
1414	2.012455	-1.501972	3.209713	
1415	2.020433	-1.496097	3.203595	
1416	2.029931	-1.490213	3.196921	
1417	2.040795	-1.483817	3.190366	
1418	2.050283	-1.477046	3.186024	
1419	2.059627	-1.471189	3.179804	
1420	2.070573	-1.465005	3.172472	
1421	2.080953	-1.458428	3.165679	
1422	2.090810	-1.452789	3.159024	
1423	2.098992	-1.447169	3.153843	
1424	2.114502	-1.438028	3.140358	
1425	2.120597	-1.433209	3.135700	
1426	2.126591	-1.430002	3.129898	
1427	2.133129	-1.426906	3.122221	
1428	2.139304	-1.422968	3.115301	
1429	2.144370	-1.418785	3.109820	
1430	2.149045	-1.414537	3.106121	
1431	2.153429	-1.410802	3.101438	
1432	2.158487	-1.407688	3.093193	
1433	2.163726	-1.402699	3.086479	
1434	2.167624	-1.397615	3.082602	
1435	2.171490	-1.392025	3.077245	
1436	2.175838	-1.386538	3.071959	
1437	2.178339	-1.383616	3.063964	
1438	2.181497	-1.379174	3.056396	
1439	2.184325	-1.373730	3.052065	
1440	2.187322	-1.368475	3.045344	
1441	2.191207	-1.363278	3.036584	
1442	2.194177	-1.357863	3.028746	
1443	2.196651	-1.352840	3.021079	
1444	2.200588	-1.347255	3.010659	
1445	2.204254	-1.342133	2.998507	
1446	2.206439	-1.338243	2.992295	
1447	2.208626	-1.334291	2.980657	
1448	2.212533	-1.329155	2.967026	
1449	2.214297	-1.323955	2.962930	
1450	2.215029	-1.321015	2.955469	
1451	2.219712	-1.312269	2.944099	
1452	2.221664	-1.305743	2.936075	
1453	2.220083	-1.303744	2.926935	
1454	2.221704	-1.297503	2.915722	
1455	2.224341	-1.288993	2.907417	
1456	2.224383	-1.284010	2.900429	
1457	2.226394	-1.278372	2.889630	
1458	2.228187	-1.271932	2.880230	
1459	2.229734	-1.265911	2.872018	
1460	2.232347	-1.258385	2.866796	
1461	2.234217	-1.253570	2.855461	
1462	2.236452	-1.248683	2.844913	
1463	2.239895	-1.241590	2.840558	
1464	2.241661	-1.237247	2.828683	
1465	2.245934	-1.230377	2.819408	
1466	2.248876	-1.223747	2.814301	
1467	2.250208	-1.220262	2.802203	
1468	2.254513	-1.213972	2.791466	
1469	2.257353	-1.209776	2.780051	
1470	2.260136	-1.206586	2.768839	
1471	2.269251	-1.195934	2.752727	
1472	2.272987	-1.192659	2.743856	
1473	2.278259	-1.188223	2.737530	
1474	2.283460	-1.184336	2.726823	
1475	2.288846	-1.180822	2.717999	
1476	2.294581	-1.177217	2.708334	
1477	2.299828	-1.173191	2.697618	
1478	2.306447	-1.166642	2.687926	
1479	2.312234	-1.161163	2.681154	
1480	2.316494	-1.156898	2.671473	
1481	2.322096	-1.150372	2.662458	
1482	2.325628	-1.146340	2.654904	
1483	2.329526	-1.141715	2.647081	
1484	2.333546	-1.136217	2.637452	
1485	2.337379	-1.129805	2.632257	
1486	2.340106	-1.125878	2.623764	
1487	2.342858	-1.120824	2.614995	
1488	2.345829	-1.115071	2.608917	
1489	2.347013	-1.111578	2.600204	
1490	2.349078	-1.105726	2.589418	
1491	2.350069	-1.100745	2.581226	
1492	2.350792	-1.095626	2.570627	
1493	2.352693	-1.084625	2.553063	
1494	2.352939	-1.080547	2.542304	
1495	2.353435	-1.074340	2.533177	
1496	2.353701	-1.067967	2.528179	
1497	2.353915	-1.061836	2.520676	
1498	2.351198	-1.058951	2.506168	
1499	2.350987	-1.050769	2.498768	
1500	2.350521	-1.043307	2.492871	
1501	2.350164	-1.034583	2.483375	
1502	2.349693	-1.026470	2.475694	
1503	2.348275	-1.019929	2.466145	
1504	2.347264	-1.013690	2.454319	
1505	2.345752	-1.008632	2.441885	
1506	2.344195	-1.004691	2.428980	
1507	2.343104	-0.998933	2.417183	
1508	2.342181	-0.992789	2.405949	
1509	2.342000	-0.986700	2.395963	
1510	2.340465	-0.981048	2.383786	
1511	2.339651	-0.974937	2.374193	
1512	2.338748	-0.968876	2.364484	
1513	2.336191	-0.965841	2.354380	
1514	2.336007	-0.958820	2.345358	
1515	2.334924	-0.953914	2.338576	
1516	2.332729	-0.950912	2.328272	
1517	2.330781	-0.946235	2.320754	
1518	2.328725	-0.942955	2.313586	
1519	2.327267	-0.938984	2.307007	
1520	2.326286	-0.933629	2.300810	
1521	2.325101	-0.930007	2.294552	
1522	2.324639	-0.927457	2.289541	
1523	2.324951	-0.923086	2.284371	
1524	2.325516	-0.919008	2.279538	
1525	2.325419	-0.916865	2.272963	
1526	2.324756	-0.914575	2.264107	
1527	2.326110	-0.911181	2.257961	
1528	2.326541	-0.908561	2.249704	
1529	2.327972	-0.904558	2.242059	
1530	2.330364	-0.899726	2.233988	
1531	2.333905	-0.893297	2.226421	
1532	2.337450	-0.887314	2.217238	
1533	2.341130	-0.881581	2.208415	
1534	2.344113	-0.876836	2.199272	
1535	2.347282	-0.872407	2.189238	
1536	2.352098	-0.865260	2.180779	
1537	2.354927	-0.861190	2.169817	
1538	2.359085	-0.855876	2.161022	
1539	2.362826	-0.850990	2.151817	
1540	2.366651	-0.846763	2.144102	
1541	2.370312	-0.841740	2.133400	
1542	2.374886	-0.836671	2.126715	
1543	2.378508	-0.832609	2.119014	
1544	2.381482	-0.830162	2.110031	
1545	2.386045	-0.824022	2.103258	
1546	2.388631	-0.819817	2.095651	
1547	2.391694	-0.815953	2.087055	
1548	2.394505	-0.810917	2.079041	
1549	2.398079	-0.805283	2.071912	
1550	2.401048	-0.800239	2.063404	
1551	2.403816	-0.794035	2.054563	
1552	2.405544	-0.789834	2.045870	
1553	2.406584	-0.786910	2.037024	
1554	2.408585	-0.781147	2.028927	
1555	2.409825	-0.776676	2.020321	
1556	2.411201	-0.771465	2.012298	
1557	2.411372	-0.767468	2.003349	
1558	2.412302	-0.763157	1.995338	
1559	2.412245	-0.758761	1.986248	
1560	2.414081	-0.751425	1.978298	
1561	2.414824	-0.746317	1.970118	
1562	2.415024	-0.740148	1.958900	
1563	2.414259	-0.736359	1.949255	
1564	2.414840	-0.723851	1.928707	
1565	2.415647	-0.717859	1.919693	
1566	2.416605	-0.711689	1.909834	
1567	2.418029	-0.704762	1.899003	
1568	2.420448	-0.699242	1.889147	
1569	2.423373	-0.691160	1.879356	
1570	2.425721	-0.686265	1.871134	
1571	2.427680	-0.682378	1.861251	
1572	2.430032	-0.677543	1.851581	
1573	2.431266	-0.673837	1.842942	
1574	2.433100	-0.670897	1.835155	
1575	2.436028	-0.665705	1.827762	
1576	2.436301	-0.664380	1.817047	
1577	2.439404	-0.660910	1.809738	
1578	2.441370	-0.658636	1.801888	
1579	2.445531	-0.653527	1.783541	
1580	2.448692	-0.649954	1.775757	
1581	2.450561	-0.648105	1.766743	
1582	2.454692	-0.644053	1.759611	
1583	2.458462	-0.640212	1.749690	
1584	2.460874	-0.637793	1.738821	
1585	2.465091	-0.633979	1.729798	
1586	2.468987	-0.628568	1.719625	
1587	2.471705	-0.625631	1.707813	
1588	2.475716	-0.621051	1.697754	
1589	2.480717	-0.614965	1.687714	
1590	2.485553	-0.610030	1.677549	
1591	2.488796	-0.607908	1.666350	
1592	2.493134	-0.603202	1.655228	
1593	2.497499	-0.599748	1.645822	
1594	2.502013	-0.595248	1.636528	
1595	2.506967	-0.589237	1.625606	
1596	2.511455	-0.582531	1.616855	
1597	2.515894	-0.577716	1.607070	
1598	2.520670	-0.571225	1.598885	
1599	2.524379	-0.564932	1.589820	
1600	2.528623	-0.558013	1.581523	
1601	2.532039	-0.551960	1.573522	
1602	2.534608	-0.546384	1.566536	
1603	2.538142	-0.540138	1.559630	
1604	2.539591	-0.534275	1.552211	
1605	2.541921	-0.528669	1.546877	
1606	2.543540	-0.521043	1.540047	
1607	2.543694	-0.516011	1.533910	
1608	2.544406	-0.511621	1.527629	
1609	2.545320	-0.505133	1.521839	
1610	2.544600	-0.501571	1.515090	
1611	2.545109	-0.496080	1.509527	
1612	2.543577	-0.492230	1.502572	
1613	2.541654	-0.486449	1.495706	
1614	2.538426	-0.474444	1.480771	
1615	2.535023	-0.468709	1.470460	
1616	2.532055	-0.463581	1.462979	
1617	2.528790	-0.457108	1.453946	
1618	2.526048	-0.450615	1.445826	
1619	2.522183	-0.444619	1.436764	
1620	2.518479	-0.437435	1.428320	
1621	2.514616	-0.432232	1.419606	
1622	2.509891	-0.427885	1.411631	
1623	2.505372	-0.423417	1.403156	
1624	2.501241	-0.418336	1.395092	
1625	2.496491	-0.412698	1.386564	
1626	2.491663	-0.409413	1.378927	
1627	2.486359	-0.406562	1.371427	
1628	2.479974	-0.404117	1.363245	
1629	2.475144	-0.401393	1.356223	
1630	2.470215	-0.398894	1.349648	
1631	2.465549	-0.396886	1.342155	
1632	2.460433	-0.394713	1.332957	
1633	2.456921	-0.392651	1.325213	
1634	2.452505	-0.390182	1.316425	
1635	2.449986	-0.388047	1.310125	
1636	2.446206	-0.386553	1.303168	
1637	2.441925	-0.383898	1.296631	
1638	2.438343	-0.382094	1.290716	
1639	2.434646	-0.378799	1.285622	
1640	2.430123	-0.377496	1.280107	
1641	2.424922	-0.376325	1.274684	
1642	2.421052	-0.372830	1.270387	
1643	2.417830	-0.371219	1.266776	
1644	2.412388	-0.369989	1.262534	
1645	2.409334	-0.368181	1.260265	
1646	2.404915	-0.367951	1.257787	
1647	2.400177	-0.365741	1.254646	
1648	2.398065	-0.362086	1.255167	
1649	2.394429	-0.357946	1.254041	
1650	2.390244	-0.356596	1.253141	
1651	2.386055	-0.354465	1.251384	
1652	2.379175	-0.352432	1.246991	
1653	2.374522	-0.349896	1.245073	
1654	2.370375	-0.347762	1.244135	
1655	2.364411	-0.346013	1.241759	
1656	2.358273	-0.344168	1.239065	
1657	2.352364	-0.340673	1.237872	
1658	2.345673	-0.339455	1.236229	
1659	2.338335	-0.337453	1.233887	
1660	2.331519	-0.336150	1.232586	
1661	2.322297	-0.334918	1.229615	
1662	2.313525	-0.333887	1.227154	
1663	2.305344	-0.332290	1.225364	
1664	2.294633	-0.331625	1.222082	
1665	2.285542	-0.330447	1.219745	
1666	2.278115	-0.328875	1.218557	
1667	2.268335	-0.329600	1.216123	
1668	2.256775	-0.329976	1.211453	
1669	2.248520	-0.329726	1.209476	
1670	2.238776	-0.329012	1.206798	
1671	2.226502	-0.328086	1.203210	
1672	2.216050	-0.327842	1.201447	
1673	2.205704	-0.328382	1.200766	
1674	2.192780	-0.328234	1.198930	
1675	2.181087	-0.327287	1.196880	
1676	2.170593	-0.326601	1.196087	
1677	2.158237	-0.326009	1.194389	
1678	2.147036	-0.324242	1.193207	
1679	2.137751	-0.323374	1.193827	
1680	2.127698	-0.322515	1.193630	
1681	2.117852	-0.321307	1.193126	
1682	2.108964	-0.320944	1.193156	
1683	2.100613	-0.319161	1.192917	
1684	2.092664	-0.317262	1.192555	
1685	2.084849	-0.316516	1.192437	
1686	2.077235	-0.314945	1.190742	
1687	2.070822	-0.313527	1.190188	
1688	2.056227	-0.311249	1.187885	
1689	2.050136	-0.309340	1.187640	
1690	2.043431	-0.307467	1.186183	
1691	2.036606	-0.305145	1.184341	
1692	2.029547	-0.302138	1.182229	
1693	2.023736	-0.298972	1.180695	
1694	2.016960	-0.294256	1.178339	
1695	2.009961	-0.290429	1.175773	
1696	2.003000	-0.286984	1.172448	
1697	1.996998	-0.281705	1.169618	
1698	1.990623	-0.277928	1.165817	
1699	1.984760	-0.273821	1.162173	
1700	1.979304	-0.269059	1.158597	
1701	1.974428	-0.264778	1.155445	
1702	1.968162	-0.260719	1.150962	
1703	1.963478	-0.256077	1.147635	
1704	1.957844	-0.252349	1.142507	
1705	1.951700	-0.248921	1.137002	
1706	1.947926	-0.244521	1.133297	
1707	1.941485	-0.241633	1.127526	
1708	1.936515	-0.237184	1.122747	
1709	1.931852	-0.234343	1.118823	
1710	1.924834	-0.231357	1.113871	
1711	1.918646	-0.227188	1.109311	
1712	1.913504	-0.223558	1.105977	
1713	1.907165	-0.221667	1.101926	
1714	1.899790	-0.217984	1.097353	
1715	1.892831	-0.214735	1.093240	
1716	1.884784	-0.212317	1.088385	
1717	1.877324	-0.209028	1.084212	
1718	1.869131	-0.206517	1.079492	
1719	1.860240	-0.203691	1.074619	
1720	1.851696	-0.200242	1.070459	
1721	1.842558	-0.198161	1.065927	
1722	1.833712	-0.195848	1.062560	
1723	1.823097	-0.192724	1.057771	
1724	1.813258	-0.190918	1.054012	
1725	1.801519	-0.188965	1.049490	
1726	1.790556	-0.186924	1.045840	
1727	1.781386	-0.185213	1.042173	
1728	1.771667	-0.183169	1.039205	
1729	1.754165	-0.179107	1.034187	
1730	1.745379	-0.177500	1.032102	
1731	1.736759	-0.175575	1.030326	
1732	1.729243	-0.174163	1.028831	
1733	1.720932	-0.173177	1.027019	
1734	1.713702	-0.171874	1.026084	
1735	1.706757	-0.169235	1.024435	
1736	1.700805	-0.168168	1.023856	
1737	1.694348	-0.168258	1.022493	
1738	1.688053	-0.166771	1.020348	
1739	1.681290	-0.166023	1.018438	
1740	1.676250	-0.165263	1.017559	
1741	1.668980	-0.163553	1.015615	
1742	1.664897	-0.162360	1.015059	
1743	1.658858	-0.160494	1.013423	
1744	1.653750	-0.158969	1.012045	
1745	1.648706	-0.158180	1.010190	
1746	1.643600	-0.157376	1.007880	
1747	1.637700	-0.155784	1.005556	
1748	1.632867	-0.155757	1.003028	
1749	1.627289	-0.154757	0.999977	
1750	1.621346	-0.151861	0.996505	
1751	1.616230	-0.150045	0.993466	
1752	1.610637	-0.148480	0.989932	
1753	1.604411	-0.145314	0.985890	
1754	1.598118	-0.141614	0.981800	
1755	1.591860	-0.139588	0.976771	
1756	1.585477	-0.134755	0.971642	
1757	1.579736	-0.131068	0.966748	
1758	1.566367	-0.124026	0.954736	
1759	1.560640	-0.120823	0.949000	
1760	1.554804	-0.117448	0.943618	
1761	1.547587	-0.113597	0.936578	
1762	1.542507	-0.111177	0.931013	
1763	1.535825	-0.108039	0.924366	
1764	1.530241	-0.102674	0.918753	
1765	1.525554	-0.099267	0.913316	
1766	1.511587	-0.092240	0.900974	
1767	1.505693	-0.089771	0.895069	
1768	1.499843	-0.084552	0.889818	
1769	1.494001	-0.080894	0.884361	
1770	1.488710	-0.077610	0.879011	
1771	1.483628	-0.074053	0.874050	
1772	1.479780	-0.071402	0.869736	
1773	1.474429	-0.067958	0.865188	
1774	1.469683	-0.066349	0.860819	
1775	1.465635	-0.067558	0.857122	
1776	1.454368	-0.069678	0.847744	
1777	1.448934	-0.070312	0.843273	
1778	1.443005	-0.073028	0.838533	
1779	1.436866	-0.077655	0.833277	
1780	1.430422	-0.080084	0.828582	
1781	1.416123	-0.087220	0.817925	
1782	1.409471	-0.089073	0.813505	
1783	1.401814	-0.090729	0.809302	
1784	1.394203	-0.090751	0.805344	
1785	1.387003	-0.091274	0.801784	
1786	1.379983	-0.092424	0.798209	
1787	1.372666	-0.093425	0.794314	
1788	1.366149	-0.093168	0.791186	
1789	1.352569	-0.092733	0.785676	
1790	1.345935	-0.093307	0.782944	
1791	1.339405	-0.093417	0.780060	
1792	1.334224	-0.092840	0.778274	
1793	1.327696	-0.093941	0.774773	
1794	1.321087	-0.093044	0.771911	
1795	1.317600	-0.093085	0.769807	
1796	1.310265	-0.093042	0.766594	
1797	1.304568	-0.092425	0.764224	
1798	1.298914	-0.091658	0.761559	
1799	1.293349	-0.091434	0.758916	
1800	1.288066	-0.089156	0.756622	
1801	1.284125	-0.087906	0.753443	
1802	1.278198	-0.086789	0.749962	
1803	1.272475	-0.085803	0.746663	
1804	1.268824	-0.085390	0.743594	
1805	1.264884	-0.082648	0.741682	
1806	1.260913	-0.080701	0.740193	
1807	1.257078	-0.080122	0.737472	
1808	1.252687	-0.077709	0.735028	
1809	1.249858	-0.074891	0.733040	
1810	1.244999	-0.074164	0.729322	
1811	1.241208	-0.070417	0.726113	
1812	1.238074	-0.066136	0.723080	
1813	1.234588	-0.064762	0.717742	
1814	1.228974	-0.060310	0.712566	
1815	1.225360	-0.056553	0.707767	
1816	1.222761	-0.053728	0.701654	
1817	1.219392	-0.050888	0.695327	
1818	1.216004	-0.044149	0.690830	
1819	1.214587	-0.041590	0.684973	
1820	1.211116	-0.038010	0.679163	
1821	1.206581	-0.034682	0.674110	
1822	1.204354	-0.033219	0.668197	
1823	1.200353	-0.027576	0.664354	
1824	1.196678	-0.025544	0.659140	
1825	1.193851	-0.025651	0.653236	
1826	1.189126	-0.023407	0.648596	
1827	1.185590	-0.019500	0.644582	
1828	1.181142	-0.019608	0.639211	
1829	1.175650	-0.016492	0.635956	
1830	1.171571	-0.016692	0.631388	
1831	1.167832	-0.017811	0.626336	
1832	1.158727	-0.015976	0.622548	
1833	1.152926	-0.015712	0.618507	
1834	1.146164	-0.016498	0.613733	
1835	1.135562	-0.015859	0.609478	
1836	1.127527	-0.015469	0.605578	
1837	1.121913	-0.016763	0.601419	
1838	1.112240	-0.018441	0.597194	
1839	1.102560	-0.020675	0.593758	
1840	1.094690	-0.025186	0.590136	
1841	1.084775	-0.031393	0.586447	
1842	1.073822	-0.035579	0.584106	
1843	1.065652	-0.037789	0.583144	
1844	1.055088	-0.041592	0.582805	
1845	1.043832	-0.043248	0.583202	
1846	1.032193	-0.049681	0.582684	
1847	1.021950	-0.052419	0.583212	
1848	1.011382	-0.054861	0.584458	
1849	1.002402	-0.057177	0.585585	
1850	0.991594	-0.062450	0.586955	
1851	0.979789	-0.065333	0.588868	
1852	0.969760	-0.068357	0.590218	
1853	0.958554	-0.070345	0.591801	
1854	0.947378	-0.074734	0.592833	
1855	0.938014	-0.078788	0.593461	
1856	0.927072	-0.082180	0.595797	
1857	0.917667	-0.083746	0.597944	
1858	0.909116	-0.085123	0.599975	
1859	0.899586	-0.088852	0.601828	
1860	0.890570	-0.091649	0.603978	
1861	0.883687	-0.093289	0.606235	
1862	0.875309	-0.094274	0.609771	
1863	0.868592	-0.096004	0.611966	
1864	0.861461	-0.097826	0.614586	
1865	0.853893	-0.099757	0.617946	
1866	0.846578	-0.101840	0.621080	
1867	0.839884	-0.103307	0.623888	
1868	0.831384	-0.102097	0.627948	
1869	0.826408	-0.103622	0.631724	
1870	0.821540	-0.107920	0.633514	
1871	0.814260	-0.107786	0.636336	
1872	0.805813	-0.108898	0.640457	
1873	0.801689	-0.114433	0.641907	
1874	0.796841	-0.115560	0.643651	
1875	0.788757	-0.116872	0.647174	
1876	0.784727	-0.120654	0.649037	
1877	0.779505	-0.119406	0.651450	
1878	0.773158	-0.122365	0.654851	
1879	0.768055	-0.121082	0.657321	
1880	0.763596	-0.124369	0.659726	
1881	0.757768	-0.124053	0.663167	
1882	0.753263	-0.124315	0.666771	
1883	0.749944	-0.127460	0.670125	
1884	0.741382	-0.125092	0.677646	
1885	0.736981	-0.127417	0.681102	
1886	0.731634	-0.125154	0.685675	
1887	0.728046	-0.128658	0.689570	
1888	0.723772	-0.125791	0.693352	
1889	0.719484	-0.125416	0.697919	
1890	0.718019	-0.126802	0.702829	
1891	0.714881	-0.126634	0.707644	
1892	0.711438	-0.125781	0.713602	
1893	0.709054	-0.124495	0.720305	
1894	0.705462	-0.124378	0.727558	
1895	0.702630	-0.123917	0.735850	
1896	0.700982	-0.124040	0.744203	
1897	0.698136	-0.124487	0.752659	
1898	0.695153	-0.121789	0.761495	
1899	0.693212	-0.121671	0.770074	
1900	0.690351	-0.122767	0.777801	
1901	0.687837	-0.123815	0.785333	
1902	0.686193	-0.126681	0.792962	
1903	0.683048	-0.127535	0.800424	
1904	0.679567	-0.128500	0.808012	
1905	0.676374	-0.129221	0.816444	
1906	0.672671	-0.131409	0.824218	
1907	0.669628	-0.136554	0.831644	
1908	0.666035	-0.137656	0.840112	
1909	0.663440	-0.141751	0.847827	
1910	0.660568	-0.146370	0.854799	
1911	0.657978	-0.147958	0.863686	
1912	0.655151	-0.152086	0.871425	
1913	0.651740	-0.156070	0.877793	
1914	0.649971	-0.157177	0.886517	
1915	0.649278	-0.160593	0.894016	
1916	0.648196	-0.164093	0.900584	
1917	0.647041	-0.165304	0.908076	
1918	0.646768	-0.167877	0.915133	
1919	0.646395	-0.169701	0.920938	
1920	0.646039	-0.172139	0.927336	
1921	0.646204	-0.174685	0.933446	
1922	0.647089	-0.176200	0.939019	
1923	0.649099	-0.178715	0.945146	
1924	0.650717	-0.182492	0.950764	
1925	0.651993	-0.185626	0.955666	
1926	0.652935	-0.187953	0.960549	
1927	0.653984	-0.189796	0.965961	
1928	0.655706	-0.191683	0.971373	
1929	0.656495	-0.194337	0.976343	
1930	0.657732	-0.195437	0.982766	
1931	0.658068	-0.198215	0.988152	
1932	0.659255	-0.199895	0.993468	
1933	0.661357	-0.200627	0.999891	
1934	0.662810	-0.203257	1.004545	
1935	0.663560	-0.204583	1.009086	
1936	0.664827	-0.204038	1.014795	
1937	0.665489	-0.204347	1.019347	
1938	0.667568	-0.204647	1.029854	
1939	0.667994	-0.204514	1.034107	
1940	0.668769	-0.203711	1.038433	
1941	0.669891	-0.200603	1.049070	
1942	0.670123	-0.198822	1.053772	
1943	0.670540	-0.196240	1.059684	
1944	0.672154	-0.194053	1.065069	
1945	0.672455	-0.191790	1.070920	
1946	0.672401	-0.188859	1.076849	
1947	0.672895	-0.186841	1.082519	
1948	0.670779	-0.179735	1.100531	
1949	0.670478	-0.176912	1.107318	
1950	0.670654	-0.175389	1.114174	
1951	0.671176	-0.174400	1.128368	
1952	0.671111	-0.173639	1.135640	
1953	0.669348	-0.172433	1.142765	
1954	0.669116	-0.172631	1.149344	
1955	0.669230	-0.173091	1.155723	
1956	0.669659	-0.172478	1.162354	
1957	0.669394	-0.174162	1.173368	
1958	0.669219	-0.174752	1.178945	
1959	0.668853	-0.175384	1.184029	
1960	0.669748	-0.175275	1.189683	
1961	0.670359	-0.175801	1.195337	
1962	0.670656	-0.176279	1.200437	
1963	0.670562	-0.176947	1.205288	
1964	0.671755	-0.176523	1.210456	
1965	0.672744	-0.176803	1.215370	
1966	0.673368	-0.177479	1.219682	
1967	0.673637	-0.176944	1.224353	
1968	0.673336	-0.176801	1.228332	
1969	0.673733	-0.176538	1.231984	
1970	0.673423	-0.175178	1.236306	
1971	0.674121	-0.173785	1.240059	
1972	0.674601	-0.172534	1.243219	
1973	0.674157	-0.170741	1.246430	
1974	0.675930	-0.169930	1.249496	
1975	0.675871	-0.168725	1.251859	
1976	0.674394	-0.167704	1.253997	
1977	0.673856	-0.166873	1.255710	
1978	0.673555	-0.166119	1.257871	
1979	0.673048	-0.165880	1.259429	
1980	0.671382	-0.164739	1.260905	
1981	0.670105	-0.163330	1.262716	
1982	0.668895	-0.162339	1.264453	
1983	0.664975	-0.161542	1.267184	
1984	0.662925	-0.159149	1.269334	
1985	0.660715	-0.156671	1.271141	
1986	0.657763	-0.153712	1.273121	
1987	0.654490	-0.151594	1.274201	
1988	0.650578	-0.148536	1.275473	
1989	0.647192	-0.146649	1.276622	
1990	0.643833	-0.145527	1.277372	
1991	0.640271	-0.144421	1.278001	
1992	0.637988	-0.143487	1.279051	
1993	0.635115	-0.143871	1.279793	
1994	0.632277	-0.143345	1.280819	
1995	0.630528	-0.142732	1.282245	
1996	0.628182	-0.142304	1.283724	
1997	0.625056	-0.141501	1.285192	
1998	0.621928	-0.140630	1.286782	
1999	0.617949	-0.140196	1.287616	
2000	0.613630	-0.139545	1.288570	
2001	0.609038	-0.140114	1.288670	
2002	0.604554	-0.139381	1.289119	
2003	0.600224	-0.139258	1.289699	
2004	0.596395	-0.139136	1.290125	
2005	0.592194	-0.138832	1.290683	
2006	0.588107	-0.138472	1.291366	
2007	0.584211	-0.139272	1.291422	
2008	0.579583	-0.139381	1.291323	
2009	0.574158	-0.139321	1.290634	
2010	0.569197	-0.138749	1.290063	
2011	0.563978	-0.137910	1.289738	
2012	0.558448	-0.137435	1.289009	
2013	0.552886	-0.138532	1.287336	
2014	0.547758	-0.137136	1.286388	
2015	0.542701	-0.136167	1.285448	
2016	0.538825	-0.135149	1.284784	
2017	0.535038	-0.132952	1.284644	
2018	0.530718	-0.133509	1.283198	
2019	0.527926	-0.132129	1.282975	
2020	0.524537	-0.131866	1.282596	
2021	0.521755	-0.131526	1.282011	
2022	0.518767	-0.130492	1.281396	
2023	0.513449	-0.130660	1.280094	
2024	0.511222	-0.130034	1.279598	
2025	0.508859	-0.130116	1.279245	
2026	0.505741	-0.130368	1.277891	
2027	0.503331	-0.128485	1.277839	
2028	0.500832	-0.128998	1.277174	
2029	0.498451	-0.127635	1.276349	
2030	0.496177	-0.127513	1.275965	
2031	0.493385	-0.126783	1.274982	
2032	0.490563	-0.125959	1.274165	
2033	0.487526	-0.125946	1.273171	
2034	0.483781	-0.125062	1.271494	
2035	0.480797	-0.124524	1.270576	
2036	0.476842	-0.123819	1.268680	
2037	0.473323	-0.123284	1.267203	
2038	0.469304	-0.122722	1.264874	
2039	0.465919	-0.122704	1.263463	
2040	0.462230	-0.121719	1.261277	
2041	0.459085	-0.121418	1.259460	
2042	0.456030	-0.121132	1.257585	
2043	0.453211	-0.120169	1.255963	
2044	0.446169	-0.118421	1.249904	
2045	0.439496	-0.115266	1.244201	
2046	0.435144	-0.114023	1.240211	
2047	0.432633	-0.112572	1.237614	
2048	0.429120	-0.111521	1.233913	
2049	0.425853	-0.108981	1.230786	
2050	0.422488	-0.108573	1.227398	
2051	0.419180	-0.107218	1.224308	
2052	0.416572	-0.105575	1.222146	
2053	0.413326	-0.104937	1.218822	
2054	0.411063	-0.102957	1.216752	
2055	0.407459	-0.102161	1.213437	
2056	0.404036	-0.101304	1.210328	
2057	0.398158	-0.098059	1.204842	
2058	0.395117	-0.097641	1.201766	
2059	0.392396	-0.095811	1.199501	
2060	0.389454	-0.094096	1.196566	
2061	0.386158	-0.091916	1.193640	
2062	0.381216	-0.087780	1.189040	
2063	0.378479	-0.085470	1.186418	
2064	0.374310	-0.079966	1.182126	
2065	0.372221	-0.077900	1.180246	
2066	0.370578	-0.076125	1.178073	
2067	0.369241	-0.073865	1.176604	
2068	0.367618	-0.073216	1.174250	
2069	0.365525	-0.072228	1.171717	
2070	0.361767	-0.070921	1.167199	
2071	0.360430	-0.070777	1.165150	
2072	0.358478	-0.069825	1.162497	
2073	0.356522	-0.070635	1.159354	
2074	0.354807	-0.070821	1.156082	
2075	0.354000	-0.069864	1.153625	
2076	0.351804	-0.070086	1.149473	
2077	0.351031	-0.068944	1.146149	
2078	0.350194	-0.068300	1.142825	
2079	0.349194	-0.068758	1.138849	
2080	0.348628	-0.067847	1.135148	
2081	0.348130	-0.066315	1.131347	
2082	0.347008	-0.065855	1.126616	
2083	0.346354	-0.064718	1.122129	
2084	0.345881	-0.063226	1.117107	
2085	0.345006	-0.061644	1.111461	
2086	0.345554	-0.059935	1.106717	
2087	0.345363	-0.059940	1.101265	
2088	0.345814	-0.058418	1.095426	
2089	0.346651	-0.056469	1.089518	
2090	0.347268	-0.055383	1.083398	
2091	0.348644	-0.052785	1.077932	
2092	0.352900	-0.048944	1.073182	
2093	0.351765	-0.048392	1.066729	
2094	0.352695	-0.044630	1.061433	
2095	0.356472	-0.043143	1.055219	
2096	0.354001	-0.042319	1.048509	
2097	0.354940	-0.039145	1.042596	
2098	0.356005	-0.037718	1.035326	
2099	0.355017	-0.035860	1.027183	
2100	0.355142	-0.033308	1.019440	
2101	0.355484	-0.032414	1.011513	
2102	0.355312	-0.030101	1.004149	
2103	0.354536	-0.027955	0.996941	
2104	0.354585	-0.026810	0.990605	
2105	0.353037	-0.026840	0.983538	
2106	0.351899	-0.026694	0.977069	
2107	0.350698	-0.027429	0.970975	
2108	0.348027	-0.028648	0.964968	
2109	0.345989	-0.028653	0.960116	
2110	0.342690	-0.029980	0.954349	
2111	0.339886	-0.029428	0.949105	
2112	0.336234	-0.028983	0.944061	
2113	0.332765	-0.030615	0.938597	
2114	0.329230	-0.028955	0.933999	
2115	0.325917	-0.027454	0.929666	
2116	0.323691	-0.027957	0.925909	
2117	0.319598	-0.026657	0.921229	
2118	0.316731	-0.024859	0.917305	
2119	0.312838	-0.025035	0.912033	
2120	0.310278	-0.023917	0.907448	
2121	0.310011	-0.022148	0.903552	
2122	0.305061	-0.024664	0.891359	
2123	0.305408	-0.022381	0.886307	
2124	0.301400	-0.025907	0.871880	
2125	0.301848	-0.022283	0.866068	
2126	0.299762	-0.025482	0.857960	
2127	0.299119	-0.023673	0.850661	
2128	0.300688	-0.021739	0.844994	
2129	0.300790	-0.023121	0.837461	
2130	0.299327	-0.024412	0.828292	
2131	0.299436	-0.022683	0.821265	
2132	0.299818	-0.022292	0.813346	
2133	0.299083	-0.021949	0.798152	
2134	0.299371	-0.023191	0.782840	
2135	0.299180	-0.020671	0.776653	
2136	0.299236	-0.019101	0.770331	
2137	0.299318	-0.021459	0.763591	
2138	0.299951	-0.019325	0.758282	
2139	0.300769	-0.017417	0.752635	
2140	0.302038	-0.018786	0.746595	
2141	0.301987	-0.018233	0.740231	
2142	0.302958	-0.016270	0.734322	
2143	0.303294	-0.013212	0.728323	
2144	0.304919	-0.013330	0.721958	
2145	0.305606	-0.012222	0.715702	
2146	0.308003	-0.009493	0.710332	
2147	0.307922	-0.010160	0.703208	
2148	0.310986	-0.008794	0.697108	
2149	0.316895	-0.002820	0.686322	
2150	0.318748	-0.003632	0.678926	
2151	0.319028	-0.002850	0.671412	
2152	0.325083	0.001114	0.656538	
2153	0.325787	0.001714	0.647605	
2154	0.327543	0.006916	0.641148	
2155	0.329081	0.009440	0.632304	
2156	0.329959	0.009860	0.622942	
2157	0.330989	0.012043	0.614024	
2158	0.332726	0.015657	0.605078	
2159	0.333454	0.015494	0.593155	
2160	0.334665	0.018539	0.583059	
2161	0.340230	0.022438	0.561364	
2162	0.339582	0.025425	0.551130	
2163	0.340794	0.028327	0.540963	
2164	0.340932	0.030420	0.529116	
2165	0.339935	0.030564	0.515851	
2166	0.339918	0.035285	0.506017	
2167	0.340374	0.038747	0.495619	
2168	0.341122	0.039919	0.483115	
2169	0.339108	0.039667	0.470257	
2170	0.338778	0.041012	0.460222	
2171	0.337597	0.043606	0.449775	
2172	0.336454	0.044377	0.438985	
2173	0.336318	0.047286	0.430365	
2174	0.335138	0.049767	0.421833	
2175	0.334181	0.051020	0.412773	
2176	0.332446	0.051891	0.404141	
2177	0.331053	0.055082	0.397656	
2178	0.331207	0.056737	0.390531	
2179	0.331485	0.056895	0.382623	
2180	0.327263	0.060093	0.370661	
2181	0.324404	0.061060	0.364429	
2182	0.320972	0.061548	0.358796	
2183	0.312574	0.063160	0.353193	
2184	0.309963	0.064718	0.347345	
2185	0.304263	0.064830	0.340775	
2186	0.298489	0.065461	0.336147	
2187	0.291974	0.066975	0.330771	
2188	0.285108	0.067448	0.324759	
2189	0.277886	0.069198	0.319675	
2190	0.269858	0.071020	0.314663	
2191	0.262356	0.072011	0.308114	
2192	0.253103	0.072709	0.300618	
2193	0.244377	0.073919	0.295190	
2194	0.234991	0.076097	0.289492	
2195	0.226684	0.076592	0.282799	
2196	0.215665	0.077087	0.275781	
2197	0.207225	0.078184	0.270068	
2198	0.199184	0.079794	0.263737	
2199	0.189893	0.079839	0.256860	
2200	0.181525	0.080433	0.251166	
2201	0.174628	0.082016	0.245389	
2202	0.167609	0.082939	0.239256	
2203	0.158335	0.083018	0.233218	
2204	0.150847	0.083399	0.228204	
2205	0.142713	0.084771	0.223253	
2206	0.134394	0.084911	0.217819	
2207	0.126885	0.085209	0.212394	
2208	0.119562	0.085395	0.206756	
2209	0.112936	0.086063	0.200917	
2210	0.105715	0.086050	0.194889	
2211	0.098971	0.085984	0.189528	
2212	0.091679	0.086403	0.184395	
2213	0.085220	0.087543	0.179246	
2214	0.068118	0.089478	0.169759	
2215	0.059860	0.089963	0.163963	
2216	0.051729	0.091173	0.158414	
2217	0.043783	0.091633	0.152494	
2218	0.035427	0.092253	0.145593	
2219	0.026247	0.092502	0.139143	
2220	0.018973	0.093978	0.132898	
2221	0.011209	0.094419	0.125362	
2222	0.001069	0.095363	0.117953	
2223	-0.007492	0.097679	0.111640	
2224	-0.015464	0.100690	0.104281	
2225	-0.025970	0.101737	0.096394	
2226	-0.034107	0.104332	0.090215	
2227	-0.042879	0.108252	0.084009	
2228	-0.051996	0.110677	0.077197	
2229	-0.061525	0.113968	0.071511	
2230	-0.068083	0.118495	0.065963	
2231	-0.077287	0.121510	0.059825	
2232	-0.086870	0.125462	0.054356	
2233	-0.093896	0.129522	0.049103	
2234	-0.101642	0.134197	0.043700	
2235	-0.119554	0.143620	0.033916	
2236	-0.124153	0.149309	0.029850	
2237	-0.133329	0.153119	0.024072	
2238	-0.141392	0.156788	0.020202	
2239	-0.147160	0.159376	0.016799	
2240	-0.152894	0.161349	0.013478	
2241	-0.159842	0.162370	0.009934	
2242	-0.165183	0.163534	0.006771	
2243	-0.171867	0.163796	0.003297	
2244	-0.178523	0.165305	0.000737	
2245	-0.184227	0.165558	-0.002109	
2246	-0.192691	0.166118	-0.005183	
2247	-0.201761	0.166253	-0.007866	
2248	-0.207371	0.167022	-0.009521	
2249	-0.212555	0.167907	-0.012353	
2250	-0.221104	0.168476	-0.014993	
2251	-0.228995	0.170390	-0.016490	
2252	-0.236197	0.171406	-0.018369	
2253	-0.243248	0.171298	-0.020053	
2254	-0.251231	0.171483	-0.021313	
2255	-0.258892	0.171457	-0.022470	
2256	-0.278899	0.169378	-0.024270	
2257	-0.293957	0.167889	-0.026788	
2258	-0.301547	0.168240	-0.027710	
2259	-0.307828	0.168831	-0.028484	
2260	-0.315353	0.168944	-0.029145	
2261	-0.321908	0.169745	-0.029478	
2262	-0.327916	0.172003	-0.029265	
2263	-0.334981	0.172738	-0.029455	
2264	-0.344482	0.173343	-0.029844	
2265	-0.351476	0.175024	-0.029784	
2266	-0.357573	0.176572	-0.030478	
2267	-0.364980	0.176854	-0.031859	
2268	-0.372428	0.176725	-0.033752	
2269	-0.380372	0.176684	-0.035511	
2270	-0.388179	0.175566	-0.037828	
2271	-0.396307	0.173822	-0.040383	
2272	-0.402742	0.172911	-0.042610	
2273	-0.409756	0.171925	-0.045132	
2274	-0.416544	0.168979	-0.048331	
2275	-0.425849	0.167409	-0.050901	
2276	-0.432812	0.166493	-0.053256	
2277	-0.438475	0.165571	-0.055811	
2278	-0.447108	0.165053	-0.057634	
2279	-0.454220	0.164447	-0.059387	
2280	-0.458675	0.164692	-0.060895	
2281	-0.467782	0.163548	-0.062605	
2282	-0.475698	0.165213	-0.063546	
2283	-0.481815	0.164679	-0.065266	
2284	-0.490016	0.162689	-0.066922	
2285	-0.495002	0.161859	-0.068238	
2286	-0.499081	0.160858	-0.070149	
2287	-0.505370	0.160753	-0.072660	
2288	-0.511436	0.159837	-0.075732	
2289	-0.517628	0.158091	-0.079363	
2290	-0.523767	0.158106	-0.083227	
2291	-0.530381	0.157850	-0.087706	
2292	-0.537001	0.158270	-0.092019	
2293	-0.542994	0.159403	-0.096754	
2294	-0.548414	0.160457	-0.101901	
2295	-0.556906	0.163839	-0.106894	
2296	-0.563669	0.167103	-0.112280	
2297	-0.569413	0.171171	-0.117360	
2298	-0.578427	0.174656	-0.122367	
2299	-0.585807	0.178867	-0.127332	
2300	-0.591362	0.181936	-0.132318	
2301	-0.597148	0.187855	-0.136797	
2302	-0.604724	0.189261	-0.141749	
2303	-0.611393	0.194112	-0.145835	
2304	-0.618294	0.198667	-0.149866	
2305	-0.623464	0.204055	-0.153887	
2306	-0.631230	0.208508	-0.157003	
2307	-0.637472	0.213126	-0.160259	
2308	-0.643158	0.216955	-0.164010	
2309	-0.649512	0.220102	-0.167664	
2310	-0.654209	0.224005	-0.170916	
2311	-0.660223	0.226726	-0.174089	
2312	-0.665116	0.230505	-0.176556	
2313	-0.671233	0.232996	-0.178847	
2314	-0.676888	0.233000	-0.181506	
2315	-0.681532	0.234492	-0.183919	
2316	-0.686447	0.235130	-0.185977	
2317	-0.691462	0.236170	-0.188091	
2318	-0.699771	0.237852	-0.189812	
2319	-0.705271	0.238695	-0.191604	
2320	-0.709665	0.239166	-0.193979	
2321	-0.715240	0.239548	-0.196818	
2322	-0.721464	0.240389	-0.199033	
2323	-0.727201	0.240690	-0.201598	
2324	-0.732797	0.239876	-0.204892	
2325	-0.738975	0.238821	-0.207815	
2326	-0.745870	0.238610	-0.210602	
2327	-0.751430	0.238424	-0.214077	
2328	-0.757271	0.235971	-0.217132	
2329	-0.764329	0.232476	-0.220397	
2330	-0.785949	0.230837	-0.220214	
2331	-0.793298	0.230066	-0.222855	
2332	-0.798590	0.227543	-0.225687	
2333	-0.807877	0.227211	-0.227816	
2334	-0.815632	0.226673	-0.230077	
2335	-0.822956	0.224289	-0.232263	
2336	-0.834004	0.224885	-0.233718	
2337	-0.839266	0.225785	-0.236279	
2338	-0.846238	0.224396	-0.239053	
2339	-0.858904	0.226150	-0.241265	
2340	-0.872455	0.228800	-0.243230	
2341	-0.876634	0.229873	-0.246761	
2342	-0.883976	0.230481	-0.249990	
2343	-0.895034	0.232271	-0.252402	
2344	-0.901006	0.231038	-0.255762	
2345	-0.909265	0.230397	-0.258767	
2346	-0.913305	0.230755	-0.261957	
2347	-0.919839	0.228614	-0.265825	
2348	-0.929734	0.227900	-0.268364	
2349	-0.937674	0.228123	-0.271068	
2350	-0.944438	0.226894	-0.274454	
2351	-0.951481	0.227848	-0.277968	
2352	-0.955788	0.225143	-0.282578	
2353	-0.962248	0.223025	-0.286752	
2354	-0.969337	0.221128	-0.290562	
2355	-0.974989	0.219179	-0.294764	
2356	-0.978731	0.219583	-0.299220	
2357	-0.987875	0.220220	-0.302672	
2358	-0.994294	0.222461	-0.305824	
2359	-1.000691	0.223333	-0.309963	
2360	-1.015217	0.225332	-0.318164	
2361	-1.027031	0.229375	-0.328577	
2362	-1.037613	0.234229	-0.332967	
2363	-1.044492	0.237851	-0.338156	
2364	-1.058477	0.244824	-0.347768	
2365	-1.075323	0.253406	-0.356596	
2366	-1.091727	0.259420	-0.365340	
2367	-1.102128	0.265225	-0.369209	
2368	-1.106664	0.268556	-0.373936	
2369	-1.114470	0.272180	-0.377037	
2370	-1.123244	0.278202	-0.379334	
2371	-1.132038	0.283629	-0.381001	
2372	-1.135370	0.287105	-0.383332	
2373	-1.140310	0.288433	-0.384162	
2374	-1.151002	0.292974	-0.381951	
2375	-1.157281	0.297184	-0.379892	
2376	-1.156358	0.297734	-0.379051	
2377	-1.160098	0.299525	-0.377235	
2378	-1.168926	0.301303	-0.373105	
2379	-1.178333	0.300320	-0.366927	
2380	-1.182277	0.302107	-0.362735	
2381	-1.188571	0.300326	-0.358809	
2382	-1.196544	0.297123	-0.353214	
2383	-1.199346	0.295799	-0.348816	
2384	-1.205234	0.295892	-0.342666	
2385	-1.211574	0.293263	-0.336160	
2386	-1.218972	0.290693	-0.329217	
2387	-1.225389	0.288354	-0.322598	
2388	-1.231333	0.281553	-0.315607	
2389	-1.239774	0.278697	-0.307351	
2390	-1.247094	0.276598	-0.299704	
2391	-1.251808	0.272480	-0.292218	
2392	-1.255116	0.266195	-0.285501	
2393	-1.264030	0.261050	-0.277239	
2394	-1.271721	0.256699	-0.269835	
2395	-1.277177	0.254763	-0.263044	
2396	-1.283124	0.249657	-0.256423	
2397	-1.287831	0.242249	-0.250417	
2398	-1.294635	0.236731	-0.243533	
2399	-1.305973	0.227715	-0.234294	
2400	-1.311205	0.221422	-0.228550	
2401	-1.314280	0.214633	-0.222905	
2402	-1.315820	0.208045	-0.218047	
2403	-1.321143	0.202805	-0.212482	
2404	-1.325446	0.196941	-0.207643	
2405	-1.326685	0.191139	-0.203414	
2406	-1.331070	0.188570	-0.198335	
2407	-1.335121	0.183540	-0.193377	
2408	-1.340176	0.178946	-0.188203	
2409	-1.344326	0.174185	-0.183103	
2410	-1.351245	0.168212	-0.173139	
2411	-1.354101	0.159935	-0.164811	
2412	-1.358892	0.157504	-0.159858	
2413	-1.360944	0.154871	-0.155409	
2414	-1.358554	0.150144	-0.152569	
2415	-1.362786	0.147046	-0.147135	
2416	-1.364025	0.143879	-0.142971	
2417	-1.363222	0.140227	-0.139012	
2418	-1.363516	0.137214	-0.135112	
2419	-1.367868	0.134898	-0.129577	
2420	-1.367182	0.130655	-0.126460	
2421	-1.370560	0.127800	-0.121284	
2422	-1.373180	0.125614	-0.116756	
2423	-1.374102	0.121545	-0.113019	
2424	-1.378236	0.120330	-0.107933	
2425	-1.379527	0.120040	-0.103138	
2426	-1.379791	0.117692	-0.098732	
2427	-1.384716	0.114780	-0.092514	
2428	-1.386876	0.113627	-0.086619	
2429	-1.388577	0.113535	-0.081284	
2430	-1.385615	0.112078	-0.077283	
2431	-1.387856	0.111152	-0.071376	
2432	-1.389962	0.111508	-0.065698	
2433	-1.391749	0.109184	-0.059997	
2434	-1.392871	0.107454	-0.053800	
2435	-1.390980	0.106353	-0.049266	
2436	-1.391281	0.105642	-0.043065	
2437	-1.389680	0.103045	-0.037329	
2438	-1.384387	0.100854	-0.031894	
2439	-1.382120	0.096775	-0.025041	
2440	-1.379892	0.091352	-0.017599	
2441	-1.375990	0.087016	-0.009743	
2442	-1.368477	0.083879	-0.003042	
2443	-1.363514	0.078583	0.005033	
2444	-1.363397	0.072710	0.015306	
2445	-1.355956	0.069077	0.023767	
2446	-1.345114	0.062557	0.030328	
2447	-1.343739	0.054491	0.039937	
2448	-1.336551	0.050478	0.048504	
2449	-1.322290	0.044357	0.053666	
2450	-1.320012	0.034363	0.062089	
2451	-1.318188	0.028037	0.071812	
2452	-1.302839	0.023264	0.077836	
2453	-1.293595	0.016397	0.084428	
2454	-1.292255	0.011145	0.093829	
2455	-1.284714	0.006391	0.100697	
2456	-1.274472	0.003191	0.105906	
2457	-1.272113	-0.001127	0.113004	
2458	-1.268112	-0.003515	0.119220	
2459	-1.258324	-0.006887	0.123238	
2460	-1.250388	-0.010337	0.126526	
2461	-1.247492	-0.010942	0.131731	
2462	-1.245161	-0.011006	0.136681	
2463	-1.236455	-0.012568	0.139272	
2464	-1.228597	-0.012444	0.142972	
2465	-1.225312	-0.012204	0.148178	
2466	-1.222164	-0.012968	0.153175	
2467	-1.214923	-0.014806	0.157838	
2468	-1.208835	-0.012481	0.163815	
2469	-1.205012	-0.010862	0.168758	
2470	-1.200418	-0.011623	0.173207	
2471	-1.196780	-0.009421	0.178570	
2472	-1.194849	-0.006574	0.184757	
2473	-1.189073	-0.006118	0.188241	
2474	-1.185499	-0.006835	0.192546	
2475	-1.182597	-0.004539	0.197235	
2476	-1.176666	-0.004459	0.199893	
2477	-1.174237	-0.006240	0.203070	
2478	-1.170231	-0.005631	0.206074	
2479	-1.166351	-0.003652	0.209007	
2480	-1.164990	-0.003723	0.212077	
2481	-1.160152	-0.003790	0.215087	
2482	-1.156244	-0.002854	0.218853	
2483	-1.150049	-0.005843	0.221615	
2484	-1.149883	-0.003628	0.228333	
2485	-1.147607	-0.000826	0.234212	
2486	-1.139945	-0.002780	0.237706	
2487	-1.136690	-0.004545	0.242167	
2488	-1.138751	-0.001723	0.247680	
2489	-1.134756	-0.002831	0.251737	
2490	-1.130107	-0.002296	0.255646	
2491	-1.127802	-0.001851	0.259860	
2492	-1.126702	-0.002794	0.264686	
2493	-1.122533	0.003057	0.269416	
2494	-1.115695	0.002359	0.271440	
2495	-1.116620	0.003556	0.275744	
2496	-1.116683	0.008360	0.280669	
2497	-1.111156	0.008607	0.282312	
2498	-1.111429	0.008800	0.285268	
2499	-1.114361	0.014370	0.290180	
2500	-1.110434	0.014821	0.291378	
2501	-1.110609	0.014513	0.293347	
2502	-1.112334	0.017195	0.296583	
2503	-1.110397	0.016940	0.297737	
2504	-1.111679	0.016759	0.299295	
2505	-1.114245	0.017640	0.301446	
2506	-1.113009	0.018263	0.302691	
2507	-1.112700	0.017911	0.303561	
2508	-1.114131	0.019165	0.305200	
2509	-1.113472	0.019928	0.306463	
2510	-1.111029	0.020838	0.306926	
2511	-1.112532	0.021195	0.308151	
2512	-1.114470	0.024268	0.310490	
2513	-1.113583	0.025761	0.311981	
2514	-1.113955	0.026321	0.313293	
2515	-1.117688	0.029210	0.316572	
2516	-1.115096	0.031154	0.318012	
2517	-1.113259	0.031435	0.318884	
2518	-1.118418	0.034313	0.322649	
2519	-1.117255	0.036810	0.324814	
2520	-1.115161	0.036849	0.326220	
2521	-1.117981	0.038903	0.329511	
2522	-1.117017	0.040897	0.331801	
2523	-1.114738	0.042297	0.333958	
2524	-1.112712	0.044213	0.335764	
2525	-1.114419	0.045650	0.338619	
2526	-1.110590	0.047006	0.340358	
2527	-1.108195	0.048556	0.341864	
2528	-1.109881	0.050496	0.344524	
2529	-1.108958	0.052387	0.346599	
2530	-1.104232	0.053541	0.346650	
2531	-1.103775	0.053972	0.347451	
2532	-1.105355	0.055779	0.349135	
2533	-1.102094	0.056609	0.349190	
2534	-1.100688	0.056274	0.348935	
2535	-1.102963	0.057005	0.350733	
2536	-1.100210	0.057678	0.351304	
2537	-1.099164	0.057055	0.351417	
2538	-1.099266	0.056662	0.352149	
2539	-1.098594	0.056228	0.352956	
2540	-1.096850	0.056145	0.353070	
2541	-1.095450	0.055048	0.353512	
2542	-1.092701	0.054713	0.352924	
2543	-1.092445	0.054046	0.352902	
2544	-1.091474	0.053593	0.353050	
2545	-1.089620	0.053145	0.352834	
2546	-1.090433	0.051901	0.352933	
2547	-1.089805	0.052479	0.353346	
2548	-1.087230	0.053519	0.352981	
2549	-1.087677	0.053674	0.353259	
2550	-1.087867	0.054727	0.353778	
2551	-1.085033	0.056696	0.353644	
2552	-1.084072	0.057053	0.353419	
2553	-1.083812	0.058944	0.354148	
2554	-1.080383	0.060905	0.353581	
2555	-1.079834	0.061578	0.353513	
2556	-1.079606	0.062962	0.353972	
2557	-1.076488	0.065338	0.353231	
2558	-1.075613	0.065791	0.352759	
2559	-1.076155	0.067194	0.353145	
2560	-1.072783	0.069214	0.352502	
2561	-1.072467	0.069830	0.352081	
2562	-1.072795	0.071271	0.352436	
2563	-1.068625	0.073812	0.351577	
2564	-1.068474	0.074952	0.351497	
2565	-1.067301	0.077128	0.351541	
2566	-1.063161	0.080783	0.350271	
2567	-1.063476	0.082167	0.350194	
2568	-1.060257	0.084133	0.348771	
2569	-1.059856	0.085372	0.347617	
2570	-1.058003	0.086302	0.346666	
2571	-1.057955	0.086538	0.345584	
2572	-1.057377	0.087234	0.344857	
2573	-1.055105	0.087741	0.343567	
2574	-1.054847	0.088449	0.342280	
2575	-1.052521	0.088063	0.340767	
2576	-1.053507	0.088194	0.340442	
2577	-1.051270	0.088240	0.339460	
2578	-1.049430	0.088465	0.337553	
2579	-1.048368	0.089195	0.337008	
2580	-1.045501	0.089827	0.335852	
2581	-1.045122	0.090380	0.335278	
2582	-1.045538	0.090929	0.335273	
2583	-1.043558	0.091616	0.334465	
