0	0.000000	0.000000	0.000000	
1	0.000000	0.000000	0.000000	
2	0.000000	0.000000	0.000000	
3	0.000000	0.000000	0.000000	
4	0.001031	0.001990	0.001808	
5	0.000765	0.002255	0.002024	
6	0.000505	0.003093	0.001928	
7	0.001050	0.002796	0.001728	
8	0.000428	0.005546	0.002280	
9	0.000998	0.004709	0.001674	
10	0.001108	0.006173	0.002109	
11	0.001156	0.004959	0.001749	
12	0.001123	0.004716	0.002046	
13	0.001410	0.004973	0.002144	
14	0.000834	0.003827	0.001659	
15	0.000906	0.003376	0.001559	
16	0.001027	0.002496	0.001183	
17	0.000914	0.001042	0.000476	
18	0.001586	0.001503	0.000716	
19	0.001394	0.001133	0.000090	
20	0.001146	0.001768	0.000277	
21	0.001627	0.001494	0.000158	
22	0.003119	0.002211	0.000172	
23	0.003449	0.002259	-0.000211	
24	0.003355	0.001601	-0.000839	
25	0.004249	0.001995	-0.001133	
26	0.004580	0.001832	-0.001831	
27	0.004708	0.001164	-0.002751	
28	0.006412	0.001637	-0.003007	
29	0.006014	0.001936	-0.003386	
30	0.005512	0.001152	-0.004304	
31	0.006840	0.001290	-0.004469	
32	0.007132	0.002555	-0.004297	
33	0.006566	0.003247	-0.004882	
34	0.007071	0.003890	-0.005037	
35	0.007427	0.003847	-0.005139	
36	0.007135	0.004216	-0.005373	
37	0.008032	0.005169	-0.005082	
38	0.008976	0.006664	-0.005001	
39	0.008070	0.006595	-0.005684	
40	0.008470	0.007178	-0.005417	
41	0.009119	0.007218	-0.005654	
42	0.009340	0.006196	-0.006469	
43	0.009601	0.005140	-0.007039	
44	0.010081	0.004987	-0.007094	
45	0.010440	0.005571	-0.007378	
46	0.010515	0.005547	-0.007793	
47	0.010955	0.006065	-0.007981	
48	0.010992	0.006719	-0.008321	
49	0.010634	0.006239	-0.008667	
50	0.011663	0.006511	-0.008803	
51	0.011920	0.005748	-0.009537	
52	0.011082	0.005605	-0.009764	
53	0.011644	0.006575	-0.009835	
54	0.011270	0.006190	-0.010204	
55	0.011414	0.006096	-0.010643	
56	0.011647	0.006408	-0.010608	
57	0.011428	0.006490	-0.010912	
58	0.011291	0.006532	-0.011058	
59	0.012144	0.007999	-0.010312	
60	0.011778	0.008312	-0.010078	
61	0.010596	0.008888	-0.009772	
62	0.011555	0.009865	-0.009063	
63	0.011865	0.010757	-0.008400	
64	0.010861	0.012060	-0.007722	
65	0.010553	0.012169	-0.007458	
66	0.010467	0.012204	-0.007124	
67	0.010321	0.013546	-0.006286	
68	0.009240	0.013660	-0.006195	
69	0.007320	0.014395	-0.006213	
70	0.005828	0.014341	-0.006413	
71	0.003551	0.013521	-0.007529	
72	0.000690	0.013379	-0.008904	
73	-0.002243	0.011168	-0.011770	
74	-0.007832	0.009611	-0.015478	
75	-0.014505	0.008833	-0.019168	
76	-0.019719	0.008320	-0.023427	
77	-0.032843	0.005635	-0.033134	
78	-0.041473	0.004799	-0.037983	
79	-0.050466	0.005118	-0.042197	
80	-0.059212	0.004796	-0.046878	
81	-0.068381	0.004534	-0.051224	
82	-0.079578	0.005247	-0.055784	
83	-0.090566	0.007288	-0.059622	
84	-0.101313	0.008795	-0.063159	
85	-0.112769	0.011219	-0.066343	
86	-0.125105	0.013150	-0.069277	
87	-0.138346	0.015800	-0.071776	
88	-0.151340	0.018748	-0.074060	
89	-0.163094	0.021179	-0.076303	
90	-0.176725	0.023228	-0.078884	
91	-0.188957	0.027015	-0.080398	
92	-0.200172	0.030474	-0.082029	
93	-0.213020	0.032746	-0.083966	
94	-0.224470	0.034621	-0.085292	
95	-0.235377	0.036271	-0.087254	
96	-0.245420	0.038494	-0.088842	
97	-0.255538	0.038627	-0.090565	
98	-0.265610	0.038182	-0.092175	
99	-0.275885	0.038119	-0.092890	
100	-0.284454	0.038151	-0.093449	
101	-0.294975	0.036672	-0.093930	
102	-0.304982	0.035993	-0.093820	
103	-0.314030	0.034741	-0.093614	
104	-0.322534	0.032844	-0.093778	
105	-0.331768	0.030560	-0.094023	
106	-0.341645	0.029495	-0.093218	
107	-0.349492	0.029011	-0.092150	
108	-0.368594	0.025513	-0.090591	
109	-0.378029	0.024747	-0.088856	
110	-0.387099	0.023911	-0.087116	
111	-0.396875	0.022372	-0.084771	
112	-0.408308	0.021312	-0.082097	
113	-0.419430	0.020579	-0.079325	
114	-0.429541	0.018452	-0.076674	
115	-0.440196	0.014873	-0.073596	
116	-0.452349	0.010809	-0.070428	
117	-0.462690	0.007958	-0.066226	
118	-0.470069	0.005837	-0.060439	
119	-0.494101	-0.000195	-0.048437	
120	-0.502024	-0.000860	-0.040769	
121	-0.506938	-0.005180	-0.033730	
122	-0.516402	-0.008776	-0.026733	
123	-0.524024	-0.010029	-0.019765	
124	-0.531985	-0.014400	-0.014256	
125	-0.539429	-0.018237	-0.008273	
126	-0.546739	-0.020645	-0.002490	
127	-0.554990	-0.025351	0.001849	
128	-0.562002	-0.029468	0.006592	
129	-0.567991	-0.033384	0.011333	
130	-0.576519	-0.037439	0.015653	
131	-0.582744	-0.040119	0.020895	
132	-0.588629	-0.044206	0.026166	
133	-0.594822	-0.048139	0.031273	
134	-0.609895	-0.053161	0.042349	
135	-0.617339	-0.055800	0.048166	
136	-0.625337	-0.057606	0.053682	
137	-0.633417	-0.060427	0.059120	
138	-0.647626	-0.065125	0.070210	
139	-0.656510	-0.066078	0.075946	
140	-0.674248	-0.070131	0.087197	
141	-0.682620	-0.072117	0.092801	
142	-0.691845	-0.072433	0.098971	
143	-0.700999	-0.073955	0.104719	
144	-0.709784	-0.076329	0.110379	
145	-0.717952	-0.079142	0.115504	
146	-0.727624	-0.083194	0.120323	
147	-0.737108	-0.084473	0.126000	
148	-0.745492	-0.088021	0.130950	
149	-0.754435	-0.090263	0.136011	
150	-0.763549	-0.091887	0.141793	
151	-0.778139	-0.098169	0.152762	
152	-0.786082	-0.100290	0.158157	
153	-0.792555	-0.103878	0.163152	
154	-0.797099	-0.108176	0.168049	
155	-0.803508	-0.109275	0.173380	
156	-0.810074	-0.110801	0.178998	
157	-0.814473	-0.113444	0.184565	
158	-0.819312	-0.117002	0.190162	
159	-0.826197	-0.119480	0.196163	
160	-0.831190	-0.121514	0.202096	
161	-0.835515	-0.124918	0.207356	
162	-0.841337	-0.126284	0.212631	
163	-0.848072	-0.127403	0.217929	
164	-0.852725	-0.129629	0.222958	
165	-0.857348	-0.133135	0.227304	
166	-0.864146	-0.134401	0.232264	
167	-0.868894	-0.136601	0.237345	
168	-0.872528	-0.139907	0.241730	
169	-0.878513	-0.141938	0.247032	
170	-0.885268	-0.143399	0.252740	
171	-0.889299	-0.149230	0.257725	
172	-0.894560	-0.154120	0.262754	
173	-0.901441	-0.157513	0.268271	
174	-0.911420	-0.163918	0.279891	
175	-0.917591	-0.168273	0.286022	
176	-0.923471	-0.170190	0.292602	
177	-0.927783	-0.174034	0.299347	
178	-0.932586	-0.177943	0.306054	
179	-0.937857	-0.181839	0.312880	
180	-0.942630	-0.185538	0.319406	
181	-0.947629	-0.188528	0.325756	
182	-0.952003	-0.192049	0.331590	
183	-0.958175	-0.196885	0.337803	
184	-0.962630	-0.198424	0.344002	
185	-0.965135	-0.202424	0.348888	
186	-0.971371	-0.204103	0.354609	
187	-0.978234	-0.206398	0.360285	
188	-0.982922	-0.208507	0.365600	
189	-0.987330	-0.210325	0.370803	
190	-0.995304	-0.210686	0.376952	
191	-1.002575	-0.211616	0.383164	
192	-1.007477	-0.212292	0.389506	
193	-1.013114	-0.214013	0.395373	
194	-1.022217	-0.214331	0.402092	
195	-1.032206	-0.214060	0.409009	
196	-1.040903	-0.215491	0.414825	
197	-1.050796	-0.215844	0.420219	
198	-1.063119	-0.216846	0.426368	
199	-1.074048	-0.217187	0.431303	
200	-1.083543	-0.218203	0.435554	
201	-1.094958	-0.218201	0.440352	
202	-1.107165	-0.218563	0.445514	
203	-1.116678	-0.218114	0.449490	
204	-1.127759	-0.220386	0.453900	
205	-1.147733	-0.222992	0.462249	
206	-1.155711	-0.224178	0.465890	
207	-1.165980	-0.227365	0.470413	
208	-1.174850	-0.229639	0.474839	
209	-1.180962	-0.230597	0.478405	
210	-1.188751	-0.234088	0.482422	
211	-1.198380	-0.236665	0.487613	
212	-1.203919	-0.238477	0.492022	
213	-1.209842	-0.241204	0.496208	
214	-1.218535	-0.245500	0.501613	
215	-1.223876	-0.246353	0.506803	
216	-1.228099	-0.249416	0.511402	
217	-1.235935	-0.252863	0.517304	
218	-1.240412	-0.255266	0.523041	
219	-1.244749	-0.257689	0.528759	
220	-1.250309	-0.261353	0.534834	
221	-1.255416	-0.263834	0.540954	
222	-1.259634	-0.267045	0.546804	
223	-1.264283	-0.271326	0.552856	
224	-1.268902	-0.275344	0.559038	
225	-1.272506	-0.279158	0.565193	
226	-1.276857	-0.283177	0.571847	
227	-1.279347	-0.287402	0.578073	
228	-1.281774	-0.292953	0.584031	
229	-1.285913	-0.299172	0.590261	
230	-1.288818	-0.303590	0.596121	
231	-1.292303	-0.307738	0.601791	
232	-1.296289	-0.312731	0.607912	
233	-1.298743	-0.317965	0.613407	
234	-1.302351	-0.322910	0.619434	
235	-1.308161	-0.326606	0.626519	
236	-1.311563	-0.330875	0.632359	
237	-1.315344	-0.335150	0.638094	
238	-1.319461	-0.338627	0.644192	
239	-1.323704	-0.341885	0.650491	
240	-1.328047	-0.345584	0.656451	
241	-1.333406	-0.349985	0.662774	
242	-1.338592	-0.352283	0.668828	
243	-1.343240	-0.355761	0.673887	
244	-1.349640	-0.360439	0.679540	
245	-1.355351	-0.362939	0.685112	
246	-1.359335	-0.367712	0.689453	
247	-1.364997	-0.372813	0.693876	
248	-1.370790	-0.376737	0.697701	
249	-1.375902	-0.380507	0.701135	
250	-1.381392	-0.385224	0.704005	
251	-1.389184	-0.388174	0.707081	
252	-1.395761	-0.390755	0.710215	
253	-1.402831	-0.394860	0.712463	
254	-1.412471	-0.396418	0.715445	
255	-1.421031	-0.397500	0.717427	
256	-1.439822	-0.400988	0.720497	
257	-1.450958	-0.400594	0.721991	
258	-1.470616	-0.401117	0.723272	
259	-1.482614	-0.400949	0.724612	
260	-1.493612	-0.400207	0.725786	
261	-1.503848	-0.398670	0.726745	
262	-1.513986	-0.398314	0.727830	
263	-1.524781	-0.399565	0.729065	
264	-1.534427	-0.397582	0.730938	
265	-1.544045	-0.396996	0.732135	
266	-1.555817	-0.398114	0.733518	
267	-1.565056	-0.398019	0.735342	
268	-1.574321	-0.399080	0.736815	
269	-1.585817	-0.399106	0.739415	
270	-1.595627	-0.397658	0.741994	
271	-1.604963	-0.397947	0.744121	
272	-1.615283	-0.399333	0.747398	
273	-1.623526	-0.399476	0.750033	
274	-1.632158	-0.400581	0.752861	
275	-1.641803	-0.397938	0.757651	
276	-1.650137	-0.396341	0.762283	
277	-1.658765	-0.394204	0.767628	
278	-1.666783	-0.389352	0.774239	
279	-1.674206	-0.385409	0.781402	
280	-1.680610	-0.380776	0.789207	
281	-1.686904	-0.375278	0.797164	
282	-1.691306	-0.370972	0.804859	
283	-1.695158	-0.367023	0.812906	
284	-1.698504	-0.363261	0.821261	
285	-1.701349	-0.360020	0.828727	
286	-1.704176	-0.359205	0.836337	
287	-1.707058	-0.356466	0.846179	
288	-1.706365	-0.353549	0.854015	
289	-1.707675	-0.353553	0.861603	
290	-1.708872	-0.350546	0.871116	
291	-1.708522	-0.348436	0.879748	
292	-1.709007	-0.346931	0.888929	
293	-1.709390	-0.345781	0.897322	
294	-1.710315	-0.343190	0.907053	
295	-1.711394	-0.340650	0.916641	
296	-1.711945	-0.341245	0.925160	
297	-1.713300	-0.340922	0.934245	
298	-1.714159	-0.340704	0.943254	
299	-1.715379	-0.341913	0.950619	
300	-1.717512	-0.343423	0.958405	
301	-1.719789	-0.345022	0.966163	
302	-1.721980	-0.344970	0.974606	
303	-1.724027	-0.347517	0.981396	
304	-1.726285	-0.350091	0.988390	
305	-1.728420	-0.354605	0.994789	
306	-1.732200	-0.356518	1.001961	
307	-1.735947	-0.358315	1.008881	
308	-1.740000	-0.361410	1.015284	
309	-1.743625	-0.365135	1.021124	
310	-1.747272	-0.368265	1.027207	
311	-1.751005	-0.370224	1.033163	
312	-1.754749	-0.373403	1.038763	
313	-1.758441	-0.377593	1.044298	
314	-1.762386	-0.379168	1.050424	
315	-1.766608	-0.382440	1.056290	
316	-1.771386	-0.386369	1.061377	
317	-1.776282	-0.390793	1.066632	
318	-1.781588	-0.394930	1.072069	
319	-1.787104	-0.399096	1.077257	
320	-1.792981	-0.403368	1.082440	
321	-1.798526	-0.408741	1.087372	
322	-1.803756	-0.413445	1.091803	
323	-1.809555	-0.418663	1.096129	
324	-1.814962	-0.423207	1.100271	
325	-1.820585	-0.427228	1.104448	
326	-1.825339	-0.432612	1.107686	
327	-1.829809	-0.437462	1.110719	
328	-1.834551	-0.442578	1.114097	
329	-1.839260	-0.448463	1.118010	
330	-1.843869	-0.452343	1.122369	
331	-1.848174	-0.459414	1.126749	
332	-1.852384	-0.463598	1.130999	
333	-1.856589	-0.469176	1.136775	
334	-1.860083	-0.476374	1.141513	
335	-1.864080	-0.481653	1.147165	
336	-1.868528	-0.487794	1.153769	
337	-1.871971	-0.494151	1.158338	
338	-1.875193	-0.499595	1.164480	
339	-1.877752	-0.506822	1.170195	
340	-1.880045	-0.513554	1.175010	
341	-1.882152	-0.518376	1.180945	
342	-1.884122	-0.524621	1.188386	
343	-1.885602	-0.531409	1.192760	
344	-1.887244	-0.536121	1.199281	
345	-1.888210	-0.542830	1.206459	
346	-1.889329	-0.547921	1.211894	
347	-1.891114	-0.551332	1.219249	
348	-1.891082	-0.557308	1.226301	
349	-1.890497	-0.563951	1.229720	
350	-1.890726	-0.568188	1.235885	
351	-1.890962	-0.573199	1.243351	
352	-1.891009	-0.579434	1.248886	
353	-1.891017	-0.585051	1.255705	
354	-1.890201	-0.595817	1.267816	
355	-1.890145	-0.601522	1.275272	
356	-1.889169	-0.606315	1.281108	
357	-1.888498	-0.611454	1.287127	
358	-1.888445	-0.617153	1.294467	
359	-1.887821	-0.624090	1.302697	
360	-1.887005	-0.635336	1.317665	
361	-1.886549	-0.641857	1.325606	
362	-1.885858	-0.647951	1.332445	
363	-1.885360	-0.654028	1.339763	
364	-1.885110	-0.659087	1.346674	
365	-1.885248	-0.663985	1.354231	
366	-1.885273	-0.668025	1.362058	
367	-1.884631	-0.670845	1.367023	
368	-1.884714	-0.674633	1.373209	
369	-1.884490	-0.678972	1.380153	
370	-1.884086	-0.682073	1.386569	
371	-1.883614	-0.684775	1.391158	
372	-1.883172	-0.687534	1.397152	
373	-1.882643	-0.690595	1.401308	
374	-1.883044	-0.693303	1.404942	
375	-1.883377	-0.695546	1.409676	
376	-1.884313	-0.697601	1.414936	
377	-1.885161	-0.699267	1.418632	
378	-1.886465	-0.701020	1.423115	
379	-1.888015	-0.702442	1.428511	
380	-1.889787	-0.704443	1.434093	
381	-1.891601	-0.706788	1.439170	
382	-1.893846	-0.709199	1.445373	
383	-1.896415	-0.712210	1.450383	
384	-1.898937	-0.716087	1.456014	
385	-1.902226	-0.719485	1.461946	
386	-1.905302	-0.724546	1.466608	
387	-1.909278	-0.729132	1.472962	
388	-1.913339	-0.733991	1.478208	
389	-1.917209	-0.740601	1.483441	
390	-1.921792	-0.744981	1.488723	
391	-1.926142	-0.751300	1.493684	
392	-1.931377	-0.756199	1.498812	
393	-1.936607	-0.761718	1.505120	
394	-1.942127	-0.766676	1.510190	
395	-1.947230	-0.773979	1.515924	
396	-1.952773	-0.781588	1.523571	
397	-1.958377	-0.787427	1.529032	
398	-1.968365	-0.801126	1.539854	
399	-1.972344	-0.808359	1.545722	
400	-1.976755	-0.815182	1.550189	
401	-1.980155	-0.825728	1.557999	
402	-1.983583	-0.829302	1.561284	
403	-1.986960	-0.837958	1.567123	
404	-1.990454	-0.846705	1.576256	
405	-1.993263	-0.852479	1.583482	
406	-1.996308	-0.857448	1.588498	
407	-1.999340	-0.865462	1.597261	
408	-2.001454	-0.870193	1.605251	
409	-2.003602	-0.874119	1.611069	
410	-2.006157	-0.875317	1.615514	
411	-2.007690	-0.881483	1.625082	
412	-2.009310	-0.883825	1.632011	
413	-2.010790	-0.886389	1.638333	
414	-2.012119	-0.890486	1.647238	
415	-2.012787	-0.892434	1.654595	
416	-2.014219	-0.893213	1.661432	
417	-2.015576	-0.896743	1.670908	
418	-2.016983	-0.897810	1.679397	
419	-2.018542	-0.898358	1.685032	
420	-2.019733	-0.902741	1.695179	
421	-2.021629	-0.901191	1.700808	
422	-2.022907	-0.902983	1.708323	
423	-2.024297	-0.903808	1.714458	
424	-2.025512	-0.906404	1.721951	
425	-2.026657	-0.907981	1.729037	
426	-2.029054	-0.910293	1.739664	
427	-2.030310	-0.912141	1.745243	
428	-2.031192	-0.914090	1.751145	
429	-2.032501	-0.915792	1.756314	
430	-2.034485	-0.920160	1.761810	
431	-2.035594	-0.924531	1.769491	
432	-2.037004	-0.935440	1.780240	
433	-2.037710	-0.941257	1.785625	
434	-2.038272	-0.946957	1.790370	
435	-2.039700	-0.951423	1.792495	
436	-2.040676	-0.957817	1.798139	
437	-2.041757	-0.964586	1.803718	
438	-2.043506	-0.969811	1.807729	
439	-2.044905	-0.976244	1.814201	
440	-2.045980	-0.981776	1.818325	
441	-2.047305	-0.989025	1.823663	
442	-2.048614	-0.994495	1.829795	
443	-2.049939	-0.999395	1.834270	
444	-2.051164	-1.005924	1.840360	
445	-2.052603	-1.011946	1.846447	
446	-2.053284	-1.018424	1.852804	
447	-2.054795	-1.023912	1.856455	
448	-2.055974	-1.030981	1.862063	
449	-2.057147	-1.037189	1.868553	
450	-2.058435	-1.043763	1.873396	
451	-2.060107	-1.049985	1.879558	
452	-2.061379	-1.056112	1.886440	
453	-2.064150	-1.061148	1.889671	
454	-2.065723	-1.068495	1.897786	
455	-2.067575	-1.074951	1.903721	
456	-2.070739	-1.081306	1.909077	
457	-2.074375	-1.087342	1.916685	
458	-2.078367	-1.094010	1.923888	
459	-2.081922	-1.103480	1.933474	
460	-2.088021	-1.108256	1.940662	
461	-2.093018	-1.115877	1.950037	
462	-2.098181	-1.123907	1.962339	
463	-2.103147	-1.130772	1.972414	
464	-2.107336	-1.137977	1.984314	
465	-2.111935	-1.144905	1.995571	
466	-2.115140	-1.152099	2.008125	
467	-2.118210	-1.158677	2.019494	
468	-2.121611	-1.165712	2.029836	
469	-2.124900	-1.173262	2.040763	
470	-2.127807	-1.178649	2.051951	
471	-2.131147	-1.185306	2.062031	
472	-2.134667	-1.192076	2.073383	
473	-2.137141	-1.197955	2.083815	
474	-2.140308	-1.203064	2.094415	
475	-2.142671	-1.208920	2.103795	
476	-2.144400	-1.214305	2.113994	
477	-2.146565	-1.218376	2.123028	
478	-2.147565	-1.221347	2.132360	
479	-2.147827	-1.223613	2.141064	
480	-2.148180	-1.227360	2.148757	
481	-2.147723	-1.228579	2.157302	
482	-2.145310	-1.230166	2.167259	
483	-2.145091	-1.231837	2.173863	
484	-2.144601	-1.233046	2.182311	
485	-2.140801	-1.233517	2.192134	
486	-2.138331	-1.234384	2.199423	
487	-2.136512	-1.235296	2.206721	
488	-2.128722	-1.238047	2.225774	
489	-2.126189	-1.239012	2.233367	
490	-2.122445	-1.241247	2.244460	
491	-2.119095	-1.244122	2.250629	
492	-2.115015	-1.248125	2.258067	
493	-2.111065	-1.251558	2.267013	
494	-2.107377	-1.256044	2.273365	
495	-2.103789	-1.260476	2.279503	
496	-2.099360	-1.265046	2.289936	
497	-2.091488	-1.275701	2.303057	
498	-2.087360	-1.280046	2.311293	
499	-2.082281	-1.283630	2.319573	
500	-2.078428	-1.289331	2.323323	
501	-2.075683	-1.292876	2.328507	
502	-2.069938	-1.297915	2.335742	
503	-2.066781	-1.301730	2.339186	
504	-2.063328	-1.304997	2.344664	
505	-2.059061	-1.307616	2.351789	
506	-2.056015	-1.311229	2.355840	
507	-2.052170	-1.315871	2.358492	
508	-2.047177	-1.320030	2.364198	
509	-2.044491	-1.323275	2.366446	
510	-2.041402	-1.325953	2.369426	
511	-2.036370	-1.328943	2.374887	
512	-2.032488	-1.334012	2.376627	
513	-2.028099	-1.339538	2.378606	
514	-2.021578	-1.343625	2.384783	
515	-2.018454	-1.347007	2.388365	
516	-2.013555	-1.351472	2.392924	
517	-2.007415	-1.356092	2.399852	
518	-2.002812	-1.361188	2.405338	
519	-1.997924	-1.365350	2.413363	
520	-1.991510	-1.370102	2.423374	
521	-1.987568	-1.374804	2.431397	
522	-1.982871	-1.378991	2.440647	
523	-1.977592	-1.384602	2.450539	
524	-1.972205	-1.390011	2.460098	
525	-1.966376	-1.396360	2.469529	
526	-1.963245	-1.403388	2.476645	
527	-1.957582	-1.408884	2.486278	
528	-1.951463	-1.414015	2.495505	
529	-1.947327	-1.419685	2.503879	
530	-1.943074	-1.424901	2.511992	
531	-1.938033	-1.428861	2.520933	
532	-1.933509	-1.434090	2.528748	
533	-1.929551	-1.436951	2.538001	
534	-1.924785	-1.439664	2.545868	
535	-1.919293	-1.443836	2.553278	
536	-1.914865	-1.447475	2.560454	
537	-1.909302	-1.450291	2.567720	
538	-1.903041	-1.454517	2.573654	
539	-1.900535	-1.456697	2.579602	
540	-1.894594	-1.460227	2.585789	
541	-1.886972	-1.464764	2.591939	
542	-1.883001	-1.467667	2.597464	
543	-1.877194	-1.470378	2.603567	
544	-1.869761	-1.473596	2.609438	
545	-1.863822	-1.475885	2.614977	
546	-1.858838	-1.477750	2.619997	
547	-1.851743	-1.479017	2.626192	
548	-1.843568	-1.480669	2.630461	
549	-1.836700	-1.481895	2.634623	
550	-1.828781	-1.483557	2.638234	
551	-1.820976	-1.483269	2.643398	
552	-1.812150	-1.484489	2.646684	
553	-1.805847	-1.484542	2.650170	
554	-1.795915	-1.483377	2.654684	
555	-1.782342	-1.484535	2.659272	
556	-1.776270	-1.483387	2.663028	
557	-1.766264	-1.482104	2.668063	
558	-1.753596	-1.481787	2.673343	
559	-1.745716	-1.480431	2.677629	
560	-1.737043	-1.478662	2.681967	
561	-1.724650	-1.477705	2.686706	
562	-1.714788	-1.477602	2.690095	
563	-1.696208	-1.475538	2.696846	
564	-1.685326	-1.475150	2.699862	
565	-1.677040	-1.474734	2.701210	
566	-1.667291	-1.474218	2.703525	
567	-1.657021	-1.474451	2.705988	
568	-1.648328	-1.475073	2.706332	
569	-1.640630	-1.475602	2.707133	
570	-1.631698	-1.475625	2.709430	
571	-1.623535	-1.476678	2.710310	
572	-1.616187	-1.478342	2.709335	
573	-1.608160	-1.479967	2.709669	
574	-1.600379	-1.481340	2.710131	
575	-1.594065	-1.482188	2.710706	
576	-1.587797	-1.482718	2.711376	
577	-1.579623	-1.483678	2.713274	
578	-1.568445	-1.486463	2.713578	
579	-1.561311	-1.487222	2.715351	
580	-1.553843	-1.488116	2.716776	
581	-1.548561	-1.489866	2.716503	
582	-1.542069	-1.490131	2.718653	
583	-1.534143	-1.492047	2.719944	
584	-1.529253	-1.493596	2.720948	
585	-1.516380	-1.495748	2.725472	
586	-1.511002	-1.496581	2.728382	
587	-1.505515	-1.497397	2.730368	
588	-1.499184	-1.498096	2.732866	
589	-1.492486	-1.499459	2.733656	
590	-1.479906	-1.500448	2.738726	
591	-1.473798	-1.501165	2.741322	
592	-1.466091	-1.502384	2.743994	
593	-1.460648	-1.502818	2.747315	
594	-1.455210	-1.503964	2.749866	
595	-1.448396	-1.504748	2.752435	
596	-1.441323	-1.505177	2.756089	
597	-1.437379	-1.504996	2.758952	
598	-1.430088	-1.504835	2.761961	
599	-1.422744	-1.504456	2.765314	
600	-1.417816	-1.504108	2.766625	
601	-1.412760	-1.503748	2.767269	
602	-1.403948	-1.502449	2.771740	
603	-1.396584	-1.500552	2.775981	
604	-1.392115	-1.500381	2.775296	
605	-1.383151	-1.499203	2.778607	
606	-1.374052	-1.497545	2.782022	
607	-1.368648	-1.496602	2.782800	
608	-1.359675	-1.494987	2.786291	
609	-1.351177	-1.494308	2.786987	
610	-1.342519	-1.492923	2.789708	
611	-1.334796	-1.491565	2.791766	
612	-1.327950	-1.490345	2.791883	
613	-1.318158	-1.489462	2.792354	
614	-1.310433	-1.488502	2.791824	
615	-1.303504	-1.487032	2.790852	
616	-1.295207	-1.485332	2.790180	
617	-1.287251	-1.484202	2.789261	
618	-1.280633	-1.483410	2.787124	
619	-1.271518	-1.483350	2.785031	
620	-1.264798	-1.483238	2.783319	
621	-1.258819	-1.483359	2.780999	
622	-1.250987	-1.483307	2.779862	
623	-1.243662	-1.483485	2.777893	
624	-1.238754	-1.484077	2.774111	
625	-1.231091	-1.484291	2.772592	
626	-1.223676	-1.484658	2.770501	
627	-1.211129	-1.484914	2.766725	
628	-1.203281	-1.485857	2.764230	
629	-1.198103	-1.487017	2.761288	
630	-1.191044	-1.487932	2.760145	
631	-1.184908	-1.488867	2.758645	
632	-1.178816	-1.490210	2.756607	
633	-1.172072	-1.491741	2.754274	
634	-1.167001	-1.492588	2.752134	
635	-1.161598	-1.493432	2.750731	
636	-1.156301	-1.493792	2.749553	
637	-1.147404	-1.493768	2.745137	
638	-1.143291	-1.493493	2.742828	
639	-1.138509	-1.492095	2.741477	
640	-1.132025	-1.491366	2.738998	
641	-1.125530	-1.490792	2.737036	
642	-1.123364	-1.489489	2.735026	
643	-1.119834	-1.488051	2.733680	
644	-1.113262	-1.487311	2.731465	
645	-1.110437	-1.485472	2.730659	
646	-1.107058	-1.484036	2.729491	
647	-1.100513	-1.482066	2.728586	
648	-1.094397	-1.480529	2.726820	
649	-1.091081	-1.478296	2.725382	
650	-1.086102	-1.476110	2.723815	
651	-1.081086	-1.473415	2.721533	
652	-1.075272	-1.470091	2.720399	
653	-1.071182	-1.466459	2.718603	
654	-1.064217	-1.462968	2.716950	
655	-1.058326	-1.459083	2.715032	
656	-1.053221	-1.454855	2.713240	
657	-1.045189	-1.450940	2.710819	
658	-1.041960	-1.446452	2.709267	
659	-1.037829	-1.441433	2.708055	
660	-1.027722	-1.438761	2.705184	
661	-1.022412	-1.434926	2.703556	
662	-1.019106	-1.430513	2.701856	
663	-1.012540	-1.426990	2.698812	
664	-1.008002	-1.422952	2.695896	
665	-1.004451	-1.418509	2.692831	
666	-1.000669	-1.414078	2.688812	
667	-0.998993	-1.408809	2.685179	
668	-0.992314	-1.404902	2.680047	
669	-0.987946	-1.399633	2.675519	
670	-0.984018	-1.394049	2.672266	
671	-0.977773	-1.389242	2.666775	
672	-0.971628	-1.383934	2.661762	
673	-0.960067	-1.374977	2.650012	
674	-0.952507	-1.371052	2.644031	
675	-0.938918	-1.363680	2.632670	
676	-0.928466	-1.362062	2.625589	
677	-0.926374	-1.357277	2.622531	
678	-0.923468	-1.352279	2.619700	
679	-0.916641	-1.349633	2.613920	
680	-0.910509	-1.345632	2.609752	
681	-0.907370	-1.340321	2.607444	
682	-0.901958	-1.337291	2.603729	
683	-0.896168	-1.333741	2.600908	
684	-0.887857	-1.325386	2.597709	
685	-0.882425	-1.322842	2.595057	
686	-0.881320	-1.316939	2.595602	
687	-0.878091	-1.312960	2.594519	
688	-0.871323	-1.310904	2.592309	
689	-0.869363	-1.304373	2.594604	
690	-0.866200	-1.299484	2.594886	
691	-0.861198	-1.296190	2.594068	
692	-0.858643	-1.290899	2.595409	
693	-0.858057	-1.285173	2.597559	
694	-0.853446	-1.283004	2.596784	
695	-0.851224	-1.278769	2.598506	
696	-0.850022	-1.274508	2.599885	
697	-0.844666	-1.273849	2.598444	
698	-0.843512	-1.269604	2.600935	
699	-0.842498	-1.266470	2.602487	
700	-0.837794	-1.266193	2.601950	
701	-0.836540	-1.262673	2.604520	
702	-0.834925	-1.260489	2.605791	
703	-0.831140	-1.258987	2.606791	
704	-0.829459	-1.256003	2.609882	
705	-0.827134	-1.254103	2.611868	
706	-0.824052	-1.251525	2.614408	
707	-0.821673	-1.248782	2.617265	
708	-0.819432	-1.246064	2.620192	
709	-0.816629	-1.244574	2.621993	
710	-0.814344	-1.241835	2.624726	
711	-0.812275	-1.238937	2.627421	
712	-0.803751	-1.232279	2.635857	
713	-0.798271	-1.232655	2.635448	
714	-0.792482	-1.233141	2.636657	
715	-0.791176	-1.230190	2.640443	
716	-0.785115	-1.231305	2.641112	
717	-0.781808	-1.230243	2.644023	
718	-0.779807	-1.228111	2.647373	
719	-0.774845	-1.228474	2.648843	
720	-0.770909	-1.227768	2.651345	
721	-0.768730	-1.225538	2.655013	
722	-0.762754	-1.227045	2.655294	
723	-0.758065	-1.227413	2.657615	
724	-0.755841	-1.226182	2.661231	
725	-0.752540	-1.226106	2.663297	
726	-0.746356	-1.228747	2.664163	
727	-0.743816	-1.227643	2.668485	
728	-0.740643	-1.227088	2.671342	
729	-0.735533	-1.228394	2.672451	
730	-0.731743	-1.228233	2.676740	
731	-0.729206	-1.227458	2.679463	
732	-0.723644	-1.229306	2.680485	
733	-0.720680	-1.229054	2.684481	
734	-0.717082	-1.229387	2.686852	
735	-0.712221	-1.231014	2.688087	
736	-0.710002	-1.230079	2.691608	
737	-0.706171	-1.231306	2.693541	
738	-0.701878	-1.232981	2.695736	
739	-0.699347	-1.233319	2.698658	
740	-0.695010	-1.236595	2.698592	
741	-0.692796	-1.238494	2.701367	
742	-0.691155	-1.239296	2.704608	
743	-0.689955	-1.240361	2.706668	
744	-0.688990	-1.240861	2.710593	
745	-0.686857	-1.242143	2.712601	
746	-0.685663	-1.242735	2.715851	
747	-0.684073	-1.244132	2.718793	
748	-0.681656	-1.245167	2.721324	
749	-0.679284	-1.246531	2.723936	
750	-0.679343	-1.245908	2.728313	
751	-0.676399	-1.247665	2.730614	
752	-0.674038	-1.249279	2.734784	
753	-0.673011	-1.249949	2.739989	
754	-0.670485	-1.252317	2.743759	
755	-0.667232	-1.255746	2.747104	
756	-0.665793	-1.258097	2.752151	
757	-0.663625	-1.261306	2.756674	
758	-0.659427	-1.266674	2.760408	
759	-0.658578	-1.269309	2.767043	
760	-0.655611	-1.273514	2.771599	
761	-0.652739	-1.277530	2.777438	
762	-0.651087	-1.281060	2.784370	
763	-0.649191	-1.284447	2.789985	
764	-0.646681	-1.288362	2.795418	
765	-0.643730	-1.292515	2.800936	
766	-0.640565	-1.296731	2.806673	
767	-0.638916	-1.300130	2.813481	
768	-0.634964	-1.304860	2.817809	
769	-0.633032	-1.308306	2.824145	
770	-0.632524	-1.309701	2.831036	
771	-0.628313	-1.314432	2.834660	
772	-0.625647	-1.317356	2.840428	
773	-0.623095	-1.319725	2.845587	
774	-0.618371	-1.323596	2.847481	
775	-0.617136	-1.324262	2.853749	
776	-0.615445	-1.324780	2.858824	
777	-0.610498	-1.326878	2.861659	
778	-0.606463	-1.327971	2.865635	
779	-0.602829	-1.328374	2.869665	
780	-0.596562	-1.331511	2.869650	
781	-0.591987	-1.333223	2.871498	
782	-0.587802	-1.334980	2.872600	
783	-0.581795	-1.337555	2.872224	
784	-0.575479	-1.340240	2.873093	
785	-0.570497	-1.341937	2.874790	
786	-0.563162	-1.344014	2.875462	
787	-0.557655	-1.345645	2.876798	
788	-0.546306	-1.348773	2.880613	
789	-0.538599	-1.350965	2.882728	
790	-0.532066	-1.353118	2.885170	
791	-0.524194	-1.355687	2.886147	
792	-0.516412	-1.357992	2.887122	
793	-0.507084	-1.361364	2.887649	
794	-0.500243	-1.363491	2.889908	
795	-0.491635	-1.365932	2.890559	
796	-0.481941	-1.369250	2.890665	
797	-0.474980	-1.370267	2.893430	
798	-0.467008	-1.372388	2.894949	
799	-0.457616	-1.375460	2.895321	
800	-0.451005	-1.376532	2.898120	
801	-0.433715	-1.382128	2.897796	
802	-0.421343	-1.384714	2.899778	
803	-0.409140	-1.387542	2.900204	
804	-0.403536	-1.388628	2.900721	
805	-0.396832	-1.390177	2.899910	
806	-0.393014	-1.389624	2.901560	
807	-0.386233	-1.390137	2.901147	
808	-0.379380	-1.391030	2.900315	
809	-0.373221	-1.390407	2.901149	
810	-0.365915	-1.391273	2.900191	
811	-0.357644	-1.392734	2.899156	
812	-0.351060	-1.391958	2.900318	
813	-0.344517	-1.392912	2.900393	
814	-0.336692	-1.394413	2.899158	
815	-0.330677	-1.393886	2.900248	
816	-0.323702	-1.394768	2.899818	
817	-0.316034	-1.395582	2.898131	
818	-0.311228	-1.394563	2.898653	
819	-0.304647	-1.395458	2.895984	
820	-0.298350	-1.396106	2.893973	
821	-0.293448	-1.395766	2.892911	
822	-0.288009	-1.395659	2.891116	
823	-0.283185	-1.395050	2.889682	
824	-0.277393	-1.393508	2.888369	
825	-0.272012	-1.393145	2.886225	
826	-0.266248	-1.391213	2.884632	
827	-0.261883	-1.388582	2.883411	
828	-0.257615	-1.386544	2.881129	
829	-0.245982	-1.380444	2.877160	
830	-0.239625	-1.377382	2.874004	
831	-0.233728	-1.374108	2.870436	
832	-0.227848	-1.369590	2.867085	
833	-0.222013	-1.365337	2.862892	
834	-0.214187	-1.361648	2.857600	
835	-0.206211	-1.356708	2.853086	
836	-0.197555	-1.351595	2.848392	
837	-0.188476	-1.348359	2.841792	
838	-0.179348	-1.344412	2.835657	
839	-0.170890	-1.339962	2.829719	
840	-0.162710	-1.336353	2.823181	
841	-0.145155	-1.329173	2.809163	
842	-0.137134	-1.325647	2.802577	
843	-0.130107	-1.322546	2.795284	
844	-0.121700	-1.318676	2.788880	
845	-0.115958	-1.316402	2.781814	
846	-0.108367	-1.312930	2.776075	
847	-0.101311	-1.309784	2.769579	
848	-0.096233	-1.308104	2.763173	
849	-0.088058	-1.304811	2.757315	
850	-0.081567	-1.305609	2.747792	
851	-0.074516	-1.305053	2.740949	
852	-0.065961	-1.301604	2.736683	
853	-0.063124	-1.302782	2.728282	
854	-0.056080	-1.303913	2.720814	
855	-0.048530	-1.303022	2.714564	
856	-0.043902	-1.302518	2.707827	
857	-0.039042	-1.301708	2.700970	
858	-0.033422	-1.300615	2.693460	
859	-0.026699	-1.298983	2.686799	
860	-0.020187	-1.296891	2.680956	
861	-0.015034	-1.296696	2.673286	
862	-0.007902	-1.296202	2.667500	
863	-0.000523	-1.296904	2.660093	
864	0.006659	-1.298033	2.653691	
865	0.012987	-1.298866	2.648150	
866	0.020388	-1.300913	2.641238	
867	0.027905	-1.302622	2.635463	
868	0.034348	-1.304323	2.630057	
869	0.039747	-1.306705	2.622924	
870	0.045809	-1.309417	2.615623	
871	0.053215	-1.311134	2.609614	
872	0.058447	-1.313442	2.602679	
873	0.063738	-1.315604	2.595125	
874	0.068790	-1.318089	2.587180	
875	0.079270	-1.319986	2.573125	
876	0.082306	-1.321869	2.564131	
877	0.086999	-1.322696	2.556585	
878	0.089627	-1.324087	2.547032	
879	0.097789	-1.323591	2.532595	
880	0.098951	-1.323129	2.523639	
881	0.101153	-1.322557	2.515295	
882	0.105625	-1.320448	2.509006	
883	0.106907	-1.319453	2.501338	
884	0.107955	-1.319201	2.492640	
885	0.107695	-1.317688	2.483622	
886	0.110800	-1.316202	2.474373	
887	0.112195	-1.314883	2.466182	
888	0.115055	-1.312859	2.456939	
889	0.116991	-1.311051	2.448720	
890	0.120008	-1.309798	2.439148	
891	0.121860	-1.309491	2.428720	
892	0.126198	-1.308417	2.419664	
893	0.128238	-1.307507	2.409828	
894	0.130342	-1.307306	2.398338	
895	0.132887	-1.307299	2.388801	
896	0.135869	-1.307907	2.379106	
897	0.139551	-1.309047	2.370541	
898	0.144497	-1.309297	2.363433	
899	0.147847	-1.308819	2.355872	
900	0.150027	-1.308118	2.347541	
901	0.153868	-1.306991	2.340006	
902	0.156493	-1.305295	2.333822	
903	0.160402	-1.303295	2.327232	
904	0.163337	-1.301509	2.320601	
905	0.164428	-1.299346	2.313636	
906	0.165635	-1.297310	2.306708	
907	0.168870	-1.295649	2.299939	
908	0.173882	-1.293231	2.294924	
909	0.177199	-1.291245	2.287718	
910	0.180884	-1.290032	2.282638	
911	0.186441	-1.287964	2.279417	
912	0.192326	-1.286344	2.277538	
913	0.195181	-1.286121	2.273414	
914	0.201736	-1.283892	2.271387	
915	0.205623	-1.281679	2.267692	
916	0.210199	-1.279733	2.264468	
917	0.212986	-1.277310	2.262672	
918	0.214411	-1.275354	2.259468	
919	0.219578	-1.273962	2.256543	
920	0.224138	-1.271578	2.255200	
921	0.227356	-1.270032	2.253080	
922	0.228815	-1.269212	2.251899	
923	0.232861	-1.267377	2.250629	
924	0.237516	-1.266179	2.248787	
925	0.240892	-1.265456	2.248247	
926	0.245461	-1.264158	2.248176	
927	0.251132	-1.263815	2.246596	
928	0.254950	-1.263857	2.247319	
929	0.257732	-1.263023	2.248705	
930	0.259816	-1.263024	2.249449	
931	0.264422	-1.263662	2.250804	
932	0.267371	-1.263817	2.254375	
933	0.271486	-1.264531	2.255273	
934	0.274780	-1.265357	2.257823	
935	0.276785	-1.265859	2.260633	
936	0.280900	-1.266653	2.261329	
937	0.284123	-1.267735	2.263627	
938	0.287885	-1.268110	2.267854	
939	0.290233	-1.268942	2.271598	
940	0.292741	-1.269592	2.275412	
941	0.295815	-1.270085	2.278020	
942	0.299264	-1.270588	2.280807	
943	0.301211	-1.271176	2.283458	
944	0.303707	-1.271230	2.288344	
945	0.306769	-1.271465	2.291047	
946	0.309818	-1.271982	2.294424	
947	0.311188	-1.272167	2.298203	
948	0.314088	-1.273323	2.300287	
949	0.316995	-1.273960	2.303900	
950	0.323934	-1.275563	2.307283	
951	0.325717	-1.276251	2.310539	
952	0.327714	-1.276617	2.312721	
953	0.330256	-1.276633	2.316550	
954	0.332241	-1.275947	2.320391	
955	0.335205	-1.275173	2.323596	
956	0.338193	-1.274294	2.325937	
957	0.340386	-1.272865	2.330864	
958	0.341940	-1.271483	2.336921	
959	0.341671	-1.269248	2.340288	
960	0.344434	-1.269041	2.344543	
961	0.346347	-1.268551	2.349758	
962	0.346443	-1.267007	2.354608	
963	0.351038	-1.267651	2.356348	
964	0.352417	-1.267471	2.362020	
965	0.352908	-1.267300	2.368227	
966	0.358175	-1.268250	2.369775	
967	0.359730	-1.268391	2.375529	
968	0.363035	-1.268961	2.380670	
969	0.368897	-1.271636	2.384079	
970	0.372652	-1.272857	2.390682	
971	0.374246	-1.273786	2.397336	
972	0.379616	-1.277007	2.402228	
973	0.382578	-1.278575	2.411547	
974	0.383657	-1.277816	2.418726	
975	0.388000	-1.280772	2.424664	
976	0.388669	-1.280741	2.433888	
977	0.392604	-1.282034	2.438094	
978	0.397937	-1.285565	2.445930	
979	0.396379	-1.284009	2.453361	
980	0.398290	-1.284214	2.454381	
981	0.403740	-1.285821	2.460313	
982	0.405265	-1.285653	2.468589	
983	0.407325	-1.286323	2.470618	
984	0.410573	-1.287273	2.476199	
985	0.410428	-1.287073	2.482485	
986	0.411773	-1.287586	2.485281	
987	0.414200	-1.288455	2.491180	
988	0.416382	-1.289160	2.494837	
989	0.418933	-1.290746	2.497695	
990	0.421931	-1.290906	2.504393	
991	0.422486	-1.290798	2.508972	
992	0.423779	-1.291661	2.512279	
993	0.425487	-1.290225	2.518684	
994	0.428071	-1.290080	2.522753	
995	0.430179	-1.290344	2.524339	
996	0.432091	-1.288591	2.529913	
997	0.432412	-1.285624	2.538601	
998	0.434912	-1.285226	2.541423	
999	0.437456	-1.283357	2.547462	
1000	0.440657	-1.281190	2.559512	
1001	0.441733	-1.278688	2.569389	
1002	0.442417	-1.277984	2.577361	
1003	0.443285	-1.278779	2.583100	
1004	0.442203	-1.277155	2.589400	
1005	0.441176	-1.276419	2.593720	
1006	0.440717	-1.274753	2.599115	
1007	0.441504	-1.274191	2.602036	
1008	0.442000	-1.274070	2.605645	
1009	0.441914	-1.273509	2.608261	
1010	0.442616	-1.274015	2.610360	
1011	0.443756	-1.274342	2.612623	
1012	0.443490	-1.273551	2.615653	
1013	0.443499	-1.272998	2.618962	
1014	0.445055	-1.273885	2.620348	
1015	0.447386	-1.276015	2.623868	
1016	0.446174	-1.274894	2.627574	
1017	0.447391	-1.274855	2.628518	
1018	0.449492	-1.276149	2.630510	
1019	0.451675	-1.274433	2.632620	
1020	0.453770	-1.274839	2.632454	
1021	0.452188	-1.271201	2.633896	
1022	0.454823	-1.270999	2.633562	
1023	0.455312	-1.265361	2.632664	
1024	0.458298	-1.260113	2.630698	
1025	0.457524	-1.254865	2.629575	
1026	0.458125	-1.251073	2.628586	
1027	0.461231	-1.249069	2.626893	
1028	0.462463	-1.245324	2.626717	
1029	0.463769	-1.241271	2.626484	
1030	0.466438	-1.238826	2.627100	
1031	0.466264	-1.232672	2.626493	
1032	0.467968	-1.229427	2.627126	
1033	0.471724	-1.227396	2.627401	
1034	0.471886	-1.222236	2.627527	
1035	0.474591	-1.218714	2.626518	
1036	0.478645	-1.217983	2.628008	
1037	0.480457	-1.214221	2.627326	
1038	0.481610	-1.210754	2.628134	
1039	0.485228	-1.208834	2.627132	
1040	0.487484	-1.207134	2.627209	
1041	0.489170	-1.203741	2.625093	
1042	0.490774	-1.201102	2.623875	
1043	0.493345	-1.199794	2.621519	
1044	0.494643	-1.197034	2.618914	
1045	0.495971	-1.195541	2.618065	
1046	0.497978	-1.193734	2.616457	
1047	0.499210	-1.190404	2.616321	
1048	0.501599	-1.189018	2.614779	
1049	0.502713	-1.187385	2.613896	
1050	0.503303	-1.187282	2.615630	
1051	0.504339	-1.185664	2.614989	
1052	0.505290	-1.183366	2.613670	
1053	0.505556	-1.182607	2.615184	
1054	0.506405	-1.181247	2.615418	
1055	0.506979	-1.179339	2.615525	
1056	0.507057	-1.177816	2.617005	
1057	0.507098	-1.175933	2.618454	
1058	0.506926	-1.174993	2.621501	
1059	0.506487	-1.173041	2.623379	
1060	0.507151	-1.173721	2.627242	
1061	0.506718	-1.175160	2.632679	
1062	0.504474	-1.174972	2.637849	
1063	0.504970	-1.175794	2.641497	
1064	0.505666	-1.174226	2.642060	
1065	0.504632	-1.170617	2.641873	
1066	0.507005	-1.172770	2.645035	
1067	0.507220	-1.172445	2.647611	
1068	0.506053	-1.169473	2.648890	
1069	0.507712	-1.170805	2.652380	
1070	0.507749	-1.173060	2.658664	
1071	0.504906	-1.169901	2.662456	
1072	0.505197	-1.167592	2.663590	
1073	0.504083	-1.168697	2.670712	
1074	0.501033	-1.166540	2.676359	
1075	0.501108	-1.164840	2.679002	
1076	0.499975	-1.164340	2.684328	
1077	0.497923	-1.163545	2.690691	
1078	0.496975	-1.162708	2.695446	
1079	0.496070	-1.163595	2.701886	
1080	0.495482	-1.163844	2.706689	
1081	0.492924	-1.163055	2.713207	
1082	0.494596	-1.163198	2.715280	
1083	0.495209	-1.161200	2.715587	
1084	0.492778	-1.156853	2.716238	
1085	0.495666	-1.158102	2.716128	
1086	0.496330	-1.151595	2.708229	
1087	0.494162	-1.146398	2.706082	
1088	0.496714	-1.142025	2.697130	
1089	0.494271	-1.139292	2.696927	
1090	0.490808	-1.139685	2.701079	
1091	0.491516	-1.142990	2.701993	
1092	0.488367	-1.142816	2.703578	
1093	0.485485	-1.142156	2.704016	
1094	0.486025	-1.143249	2.700214	
1095	0.481163	-1.144112	2.704726	
1096	0.480231	-1.146468	2.704755	
1097	0.479006	-1.149420	2.705922	
1098	0.474219	-1.150811	2.711040	
1099	0.474144	-1.152709	2.708762	
1100	0.470673	-1.156077	2.713344	
1101	0.464655	-1.162076	2.720442	
1102	0.460953	-1.162925	2.722451	
1103	0.457469	-1.162125	2.722022	
1104	0.453590	-1.163577	2.725489	
1105	0.449082	-1.164608	2.728980	
1106	0.444970	-1.167061	2.733907	
1107	0.441718	-1.170337	2.738898	
1108	0.437314	-1.173235	2.745445	
1109	0.433365	-1.175944	2.750441	
1110	0.429094	-1.177151	2.753009	
1111	0.425043	-1.181222	2.759348	
1112	0.420580	-1.184865	2.764692	
1113	0.416925	-1.188698	2.768218	
1114	0.411493	-1.190667	2.771559	
1115	0.407162	-1.194894	2.776894	
1116	0.395759	-1.200167	2.784904	
1117	0.391140	-1.204890	2.790552	
1118	0.385735	-1.206581	2.791744	
1119	0.379212	-1.207311	2.793374	
1120	0.374609	-1.213263	2.800840	
1121	0.368464	-1.216603	2.807486	
1122	0.361936	-1.215770	2.806198	
1123	0.357757	-1.221280	2.812603	
1124	0.352205	-1.226422	2.823488	
1125	0.345823	-1.224579	2.822143	
1126	0.341654	-1.227529	2.826061	
1127	0.336549	-1.228464	2.829866	
1128	0.332782	-1.230646	2.833857	
1129	0.329150	-1.232654	2.836363	
1130	0.325319	-1.233835	2.840003	
1131	0.323260	-1.236804	2.842307	
1132	0.320830	-1.239156	2.846633	
1133	0.318308	-1.239947	2.846900	
1134	0.317029	-1.240861	2.845013	
1135	0.316307	-1.244627	2.848471	
1136	0.314994	-1.245832	2.849061	
1137	0.313851	-1.246874	2.848821	
1138	0.313453	-1.248975	2.848761	
1139	0.311982	-1.249283	2.849597	
1140	0.311090	-1.249324	2.848588	
1141	0.310980	-1.251306	2.849834	
1142	0.308865	-1.250124	2.849515	
1143	0.308117	-1.251302	2.851294	
1144	0.307015	-1.252109	2.852749	
1145	0.304994	-1.252021	2.855043	
1146	0.303479	-1.252265	2.856782	
1147	0.301630	-1.253159	2.862428	
1148	0.298774	-1.252477	2.864563	
1149	0.296920	-1.253849	2.869032	
1150	0.295770	-1.255921	2.873316	
1151	0.292008	-1.255615	2.877475	
1152	0.291134	-1.259380	2.882878	
1153	0.289263	-1.261616	2.886192	
1154	0.285762	-1.263259	2.891126	
1155	0.284173	-1.266006	2.893026	
1156	0.281878	-1.268281	2.894878	
1157	0.279421	-1.271667	2.898451	
1158	0.277228	-1.274726	2.900783	
1159	0.274726	-1.277433	2.903989	
1160	0.272830	-1.280559	2.905602	
1161	0.270038	-1.283457	2.907961	
1162	0.267702	-1.286963	2.911573	
1163	0.266132	-1.290759	2.911686	
1164	0.263368	-1.294155	2.917100	
1165	0.260779	-1.296779	2.916716	
1166	0.259247	-1.300791	2.919700	
1167	0.257376	-1.304019	2.922635	
1168	0.256020	-1.307498	2.923420	
1169	0.254815	-1.311656	2.928380	
1170	0.252701	-1.313512	2.930309	
1171	0.251886	-1.317276	2.933382	
1172	0.250772	-1.320610	2.937688	
1173	0.248438	-1.322500	2.940585	
1174	0.246019	-1.324295	2.942208	
1175	0.245438	-1.328403	2.944460	
1176	0.242502	-1.329608	2.949517	
1177	0.240005	-1.331478	2.952472	
1178	0.238202	-1.333472	2.956270	
1179	0.235371	-1.335097	2.960345	
1180	0.233072	-1.336861	2.963752	
1181	0.231302	-1.340335	2.968343	
1182	0.229049	-1.343646	2.974011	
1183	0.226563	-1.346894	2.978311	
1184	0.223435	-1.350067	2.984033	
1185	0.220042	-1.353907	2.987520	
1186	0.216399	-1.357693	2.991504	
1187	0.213205	-1.362914	2.997113	
1188	0.208207	-1.366435	3.003475	
1189	0.203897	-1.370288	3.007956	
1190	0.200536	-1.375845	3.012775	
1191	0.195441	-1.379924	3.018371	
1192	0.190718	-1.384389	3.023849	
1193	0.185512	-1.389716	3.029375	
1194	0.178964	-1.393768	3.035964	
1195	0.174440	-1.399765	3.041280	
1196	0.169344	-1.405581	3.048133	
1197	0.164574	-1.410365	3.054004	
1198	0.160007	-1.415459	3.060944	
1199	0.155648	-1.420710	3.067359	
1200	0.151172	-1.425893	3.073318	
1201	0.146876	-1.431251	3.079984	
1202	0.138874	-1.441800	3.095056	
1203	0.135497	-1.447186	3.102253	
1204	0.132161	-1.452649	3.110137	
1205	0.129104	-1.457741	3.116985	
1206	0.127320	-1.463272	3.125373	
1207	0.124245	-1.467367	3.133718	
1208	0.123250	-1.472522	3.141668	
1209	0.121070	-1.477074	3.149591	
1210	0.119352	-1.482091	3.157668	
1211	0.117273	-1.486063	3.163377	
1212	0.115076	-1.490085	3.170472	
1213	0.112441	-1.497558	3.182797	
1214	0.112071	-1.501397	3.189557	
1215	0.111763	-1.504633	3.193412	
1216	0.112542	-1.508762	3.200057	
1217	0.114532	-1.512616	3.206110	
1218	0.116212	-1.516110	3.212824	
1219	0.119391	-1.519759	3.218018	
1220	0.122511	-1.523159	3.223775	
1221	0.126786	-1.526566	3.230103	
1222	0.131045	-1.529125	3.235990	
1223	0.136542	-1.532292	3.242247	
1224	0.141921	-1.534508	3.249655	
1225	0.148329	-1.536718	3.255979	
1226	0.155365	-1.538913	3.263018	
1227	0.162832	-1.540922	3.271333	
1228	0.170860	-1.542923	3.278561	
1229	0.179358	-1.545923	3.285083	
1230	0.188223	-1.548692	3.294820	
1231	0.196861	-1.551517	3.301673	
1232	0.205677	-1.555182	3.308536	
1233	0.214227	-1.558443	3.315064	
1234	0.222666	-1.562436	3.320755	
1235	0.231326	-1.566182	3.327189	
1236	0.239275	-1.569684	3.331925	
1237	0.247404	-1.573253	3.336916	
1238	0.255363	-1.576556	3.342360	
1239	0.262811	-1.579470	3.348326	
1240	0.269291	-1.582761	3.353942	
1241	0.275557	-1.587054	3.358989	
1242	0.282428	-1.591165	3.365638	
1243	0.287074	-1.594968	3.369452	
1244	0.293279	-1.598829	3.374880	
1245	0.299198	-1.602625	3.380649	
1246	0.304115	-1.606901	3.384423	
1247	0.310986	-1.611181	3.391366	
1248	0.316334	-1.615444	3.396445	
1249	0.322443	-1.620734	3.401505	
1250	0.333763	-1.628607	3.409028	
1251	0.340045	-1.633770	3.414440	
1252	0.346224	-1.639000	3.419902	
1253	0.353564	-1.644135	3.426250	
1254	0.368427	-1.655779	3.439604	
1255	0.376194	-1.661903	3.446456	
1256	0.382030	-1.666823	3.453408	
1257	0.389616	-1.672069	3.459833	
1258	0.395908	-1.676091	3.467312	
1259	0.402390	-1.679650	3.474426	
1260	0.409440	-1.684461	3.478978	
1261	0.416363	-1.688588	3.484384	
1262	0.422637	-1.692663	3.490199	
1263	0.429720	-1.696352	3.494913	
1264	0.436058	-1.699633	3.498870	
1265	0.442806	-1.702160	3.503347	
1266	0.449828	-1.704645	3.507482	
1267	0.459451	-1.707789	3.510656	
1268	0.468878	-1.710125	3.515152	
1269	0.478079	-1.712485	3.518837	
1270	0.487618	-1.714841	3.522139	
1271	0.497627	-1.716494	3.525568	
1272	0.508017	-1.717888	3.529208	
1273	0.520055	-1.719590	3.532078	
1274	0.531908	-1.721015	3.534747	
1275	0.542467	-1.721333	3.538424	
1276	0.554548	-1.723140	3.539697	
1277	0.567679	-1.724042	3.542146	
1278	0.580051	-1.724777	3.544401	
1279	0.591059	-1.724459	3.547575	
1280	0.604440	-1.724884	3.549080	
1281	0.616413	-1.725328	3.551168	
1282	0.627819	-1.725763	3.552854	
1283	0.639751	-1.726390	3.553469	
1284	0.651874	-1.728301	3.553442	
1285	0.664502	-1.729450	3.554697	
1286	0.677732	-1.730651	3.556318	
1287	0.689991	-1.732221	3.556858	
1288	0.701729	-1.733530	3.557414	
1289	0.714259	-1.734168	3.558983	
1290	0.728538	-1.735212	3.559439	
1291	0.741119	-1.735334	3.560628	
1292	0.753132	-1.736412	3.560280	
1293	0.765570	-1.737326	3.560774	
1294	0.778012	-1.738313	3.561114	
1295	0.790395	-1.739691	3.561220	
1296	0.803056	-1.741051	3.561261	
1297	0.814056	-1.741470	3.561978	
1298	0.824141	-1.742017	3.562682	
1299	0.838595	-1.743308	3.562809	
1300	0.850838	-1.743994	3.564490	
1301	0.862174	-1.745307	3.566258	
1302	0.876081	-1.747662	3.566942	
1303	0.888202	-1.748087	3.570193	
1304	0.900133	-1.749483	3.573043	
1305	0.915338	-1.750264	3.576616	
1306	0.926005	-1.752150	3.580115	
1307	0.938831	-1.754602	3.584011	
1308	0.950799	-1.757184	3.588037	
1309	0.961857	-1.758642	3.594092	
1310	0.973541	-1.761750	3.599201	
1311	0.987354	-1.763458	3.605482	
1312	0.999078	-1.765358	3.611427	
1313	1.010459	-1.769332	3.615504	
1314	1.021861	-1.772289	3.620911	
1315	1.030940	-1.774554	3.625943	
1316	1.040591	-1.777736	3.629686	
1317	1.049122	-1.779777	3.634379	
1318	1.066646	-1.782844	3.643715	
1319	1.075436	-1.784437	3.647499	
1320	1.085088	-1.785378	3.651778	
1321	1.092937	-1.786795	3.655206	
1322	1.103374	-1.788549	3.657384	
1323	1.118365	-1.787866	3.660667	
1324	1.127625	-1.788842	3.662817	
1325	1.137901	-1.790697	3.664045	
1326	1.148393	-1.790261	3.666955	
1327	1.158498	-1.791199	3.667835	
1328	1.169006	-1.792506	3.668107	
1329	1.180090	-1.791440	3.669051	
1330	1.191306	-1.791743	3.668784	
1331	1.202581	-1.791003	3.668009	
1332	1.213626	-1.789969	3.667710	
1333	1.227430	-1.788435	3.666187	
1334	1.251343	-1.785022	3.663134	
1335	1.264802	-1.781315	3.662875	
1336	1.276706	-1.777955	3.662264	
1337	1.307429	-1.773744	3.657666	
1338	1.334073	-1.770078	3.652297	
1339	1.349028	-1.765608	3.650390	
1340	1.358937	-1.762134	3.648770	
1341	1.371507	-1.761020	3.643677	
1342	1.382689	-1.759301	3.639675	
1343	1.394491	-1.758112	3.635022	
1344	1.404759	-1.758553	3.629357	
1345	1.422246	-1.754050	3.625366	
1346	1.424926	-1.755303	3.621216	
1347	1.441350	-1.752331	3.615945	
1348	1.445753	-1.751207	3.613017	
1349	1.452120	-1.751323	3.607554	
1350	1.462350	-1.749814	3.602760	
1351	1.472154	-1.746253	3.599492	
1352	1.477920	-1.747191	3.594010	
1353	1.487731	-1.745332	3.589067	
1354	1.496860	-1.742847	3.585449	
1355	1.505432	-1.742103	3.579628	
1356	1.515921	-1.739177	3.575385	
1357	1.525622	-1.737034	3.570710	
1358	1.537330	-1.735224	3.564181	
1359	1.548733	-1.731785	3.561213	
1360	1.558373	-1.729447	3.557712	
1361	1.570769	-1.727332	3.553957	
1362	1.584299	-1.724240	3.550107	
1363	1.594337	-1.720752	3.548403	
1364	1.606563	-1.719036	3.544648	
1365	1.620316	-1.716526	3.541140	
1366	1.632108	-1.713849	3.538452	
1367	1.642667	-1.712553	3.534238	
1368	1.655350	-1.709334	3.530576	
1369	1.664167	-1.707249	3.527570	
1370	1.675710	-1.704355	3.523451	
1371	1.686751	-1.700249	3.521287	
1372	1.695917	-1.698184	3.517652	
1373	1.706019	-1.695471	3.513966	
1374	1.714794	-1.692213	3.510283	
1375	1.723100	-1.689597	3.506869	
1376	1.731537	-1.686915	3.502640	
1377	1.740359	-1.683562	3.497711	
1378	1.748592	-1.680842	3.492455	
1379	1.755249	-1.677828	3.487894	
1380	1.764323	-1.674094	3.481692	
1381	1.773565	-1.667601	3.477698	
1382	1.778445	-1.664024	3.474126	
1383	1.785419	-1.660218	3.467048	
1384	1.794848	-1.653807	3.460244	
1385	1.799758	-1.649850	3.453921	
1386	1.807692	-1.644656	3.445652	
1387	1.815839	-1.638469	3.436946	
1388	1.821654	-1.634580	3.427332	
1389	1.828601	-1.628940	3.418669	
1390	1.834625	-1.622904	3.412430	
1391	1.842814	-1.618079	3.402747	
1392	1.852701	-1.612679	3.392206	
1393	1.859300	-1.606576	3.385531	
1394	1.864997	-1.602556	3.378482	
1395	1.877743	-1.594434	3.364857	
1396	1.890077	-1.584773	3.349605	
1397	1.896731	-1.579855	3.342167	
1398	1.903580	-1.574930	3.334405	
1399	1.909479	-1.572200	3.325520	
1400	1.915831	-1.567986	3.318412	
1401	1.922492	-1.564429	3.310407	
1402	1.928640	-1.561446	3.301947	
1403	1.934472	-1.558237	3.293368	
1404	1.940249	-1.555097	3.284079	
1405	1.945332	-1.550650	3.277760	
1406	1.951436	-1.545717	3.272097	
1407	1.957803	-1.541687	3.263909	
1408	1.964742	-1.536764	3.256099	
1409	1.971490	-1.530803	3.250295	
1410	1.978572	-1.525364	3.242540	
1411	1.986553	-1.519264	3.234206	
1412	1.994034	-1.513616	3.225943	
1413	2.002573	-1.508824	3.216443	
1414	2.013035	-1.501522	3.209036	
1415	2.020666	-1.495902	3.202541	
1416	2.030663	-1.490329	3.196085	
1417	2.041028	-1.483797	3.189375	
1418	2.050654	-1.477000	3.184964	
1419	2.059964	-1.471136	3.178734	
1420	2.070811	-1.464972	3.171487	
1421	2.080913	-1.458413	3.165291	
1422	2.091328	-1.452613	3.157900	
1423	2.099247	-1.447122	3.152885	
1424	2.114837	-1.438181	3.139044	
1425	2.120934	-1.433252	3.134652	
1426	2.126904	-1.430096	3.128865	
1427	2.133313	-1.426915	3.121158	
1428	2.139706	-1.422808	3.114316	
1429	2.144690	-1.418660	3.108822	
1430	2.149365	-1.414432	3.104741	
1431	2.153748	-1.410760	3.100438	
1432	2.158660	-1.407507	3.092273	
1433	2.163928	-1.402583	3.085872	
1434	2.167830	-1.397243	3.081557	
1435	2.171638	-1.392307	3.076634	
1436	2.176218	-1.386318	3.071061	
1437	2.178978	-1.383069	3.062376	
1438	2.181598	-1.379144	3.055570	
1439	2.184537	-1.373473	3.050950	
1440	2.187274	-1.368733	3.044846	
1441	2.191598	-1.362709	3.035331	
1442	2.194502	-1.357239	3.027504	
1443	2.196909	-1.352886	3.020004	
1444	2.200803	-1.347238	3.009558	
1445	2.204457	-1.341979	2.997878	
1446	2.206818	-1.337698	2.991100	
1447	2.208728	-1.334215	2.979705	
1448	2.213145	-1.328362	2.966100	
1449	2.214554	-1.323617	2.962050	
1450	2.215454	-1.320392	2.954249	
1451	2.219906	-1.312161	2.943267	
1452	2.221915	-1.305395	2.935267	
1453	2.220394	-1.303281	2.925999	
1454	2.221996	-1.297013	2.914932	
1455	2.224513	-1.288557	2.906328	
1456	2.224677	-1.283634	2.899431	
1457	2.226867	-1.277546	2.888542	
1458	2.228473	-1.271350	2.879259	
1459	2.230210	-1.264993	2.870639	
1460	2.232490	-1.258260	2.865719	
1461	2.234336	-1.253208	2.854474	
1462	2.236636	-1.248280	2.844048	
1463	2.239995	-1.241238	2.839736	
1464	2.241866	-1.236691	2.827822	
1465	2.245865	-1.230066	2.818917	
1466	2.248824	-1.223537	2.813563	
1467	2.249985	-1.220098	2.801898	
1468	2.254925	-1.213169	2.790253	
1469	2.257591	-1.209126	2.779500	
1470	2.260470	-1.205983	2.767838	
1471	2.269475	-1.195356	2.752172	
1472	2.273178	-1.191966	2.742966	
1473	2.278318	-1.187593	2.736654	
1474	2.283360	-1.183749	2.725908	
1475	2.288902	-1.180212	2.717265	
1476	2.294739	-1.176613	2.707815	
1477	2.299908	-1.172728	2.696974	
1478	2.306230	-1.166169	2.687373	
1479	2.312386	-1.160658	2.680447	
1480	2.316509	-1.156341	2.670695	
1481	2.322056	-1.149785	2.661894	
1482	2.325601	-1.145776	2.654269	
1483	2.329621	-1.141263	2.646668	
1484	2.333493	-1.135685	2.636834	
1485	2.337401	-1.129509	2.631656	
1486	2.340154	-1.125302	2.623151	
1487	2.342752	-1.120230	2.614324	
1488	2.345955	-1.114446	2.608514	
1489	2.346994	-1.110901	2.599359	
1490	2.349152	-1.105244	2.588891	
1491	2.350153	-1.100225	2.580542	
1492	2.350803	-1.095219	2.570315	
1493	2.352751	-1.084054	2.552058	
1494	2.352977	-1.079910	2.541701	
1495	2.353259	-1.073713	2.532460	
1496	2.353739	-1.067436	2.527452	
1497	2.353565	-1.061495	2.519664	
1498	2.350921	-1.058480	2.505505	
1499	2.350698	-1.050389	2.498621	
1500	2.350467	-1.042626	2.492131	
1501	2.349800	-1.034054	2.482823	
1502	2.349739	-1.025721	2.474595	
1503	2.348388	-1.019206	2.465029	
1504	2.347252	-1.012923	2.453126	
1505	2.345661	-1.008024	2.441250	
1506	2.344107	-1.003980	2.428081	
1507	2.342955	-0.998152	2.416335	
1508	2.341960	-0.992296	2.405453	
1509	2.341914	-0.985822	2.395180	
1510	2.340188	-0.980493	2.383278	
1511	2.339494	-0.974256	2.373110	
1512	2.338590	-0.968104	2.363700	
1513	2.336002	-0.965128	2.353815	
1514	2.335626	-0.958663	2.345284	
1515	2.334666	-0.953060	2.337678	
1516	2.332258	-0.950660	2.328020	
1517	2.330641	-0.945519	2.320477	
1518	2.328573	-0.941989	2.312892	
1519	2.326938	-0.938599	2.306558	
1520	2.326057	-0.933085	2.300412	
1521	2.324866	-0.929762	2.294531	
1522	2.324451	-0.926737	2.289095	
1523	2.324791	-0.922410	2.283834	
1524	2.325297	-0.918292	2.279193	
1525	2.325190	-0.916085	2.272386	
1526	2.324582	-0.913708	2.263488	
1527	2.325822	-0.910362	2.257268	
1528	2.326263	-0.907952	2.249166	
1529	2.327665	-0.904014	2.241513	
1530	2.330180	-0.898946	2.233543	
1531	2.333623	-0.892757	2.225734	
1532	2.337099	-0.886582	2.216506	
1533	2.341053	-0.880629	2.208226	
1534	2.343558	-0.876217	2.198095	
1535	2.346901	-0.871499	2.188456	
1536	2.351663	-0.864321	2.179818	
1537	2.354731	-0.860267	2.169246	
1538	2.358785	-0.855161	2.160581	
1539	2.362544	-0.850439	2.151547	
1540	2.366241	-0.845561	2.142507	
1541	2.369878	-0.840838	2.132776	
1542	2.374673	-0.835588	2.125721	
1543	2.378114	-0.831678	2.118089	
1544	2.381151	-0.829415	2.109297	
1545	2.385743	-0.823046	2.102325	
1546	2.388818	-0.818472	2.095192	
1547	2.391214	-0.815392	2.086421	
1548	2.394839	-0.809642	2.078861	
1549	2.397647	-0.804770	2.071221	
1550	2.400311	-0.799894	2.062318	
1551	2.403499	-0.793586	2.054077	
1552	2.405146	-0.788916	2.045047	
1553	2.405829	-0.786623	2.035870	
1554	2.407934	-0.780781	2.028010	
1555	2.409215	-0.776163	2.019352	
1556	2.410779	-0.770691	2.011513	
1557	2.411381	-0.765968	2.002923	
1558	2.411598	-0.763120	1.994639	
1559	2.411959	-0.757823	1.985709	
1560	2.413833	-0.750288	1.977758	
1561	2.414434	-0.745392	1.969178	
1562	2.414681	-0.739325	1.958258	
1563	2.414115	-0.735064	1.948859	
1564	2.414319	-0.723213	1.928107	
1565	2.415072	-0.717246	1.918958	
1566	2.416116	-0.710748	1.909099	
1567	2.417734	-0.703854	1.898505	
1568	2.420031	-0.698290	1.888721	
1569	2.423046	-0.690086	1.878879	
1570	2.425264	-0.685245	1.870480	
1571	2.426920	-0.682250	1.860417	
1572	2.429484	-0.676553	1.850695	
1573	2.431380	-0.672569	1.843353	
1574	2.432168	-0.670622	1.834053	
1575	2.435432	-0.665004	1.827085	
1576	2.435945	-0.663496	1.816700	
1577	2.438431	-0.660011	1.808311	
1578	2.441128	-0.657563	1.801818	
1579	2.444978	-0.652726	1.782845	
1580	2.448332	-0.649064	1.775471	
1581	2.450472	-0.647125	1.767178	
1582	2.453608	-0.643927	1.758243	
1583	2.457694	-0.639719	1.748919	
1584	2.459999	-0.637246	1.737827	
1585	2.464932	-0.632673	1.729770	
1586	2.467530	-0.628650	1.717772	
1587	2.471109	-0.625127	1.707255	
1588	2.475830	-0.619409	1.697857	
1589	2.481071	-0.613164	1.687940	
1590	2.485201	-0.608977	1.677134	
1591	2.488273	-0.607057	1.665766	
1592	2.492961	-0.601686	1.654860	
1593	2.496972	-0.599216	1.645494	
1594	2.500772	-0.594939	1.635313	
1595	2.505443	-0.589983	1.624843	
1596	2.510849	-0.581934	1.616471	
1597	2.515373	-0.576844	1.606369	
1598	2.520568	-0.569758	1.598516	
1599	2.524099	-0.563539	1.589369	
1600	2.528213	-0.557417	1.581543	
1601	2.531508	-0.551254	1.573129	
1602	2.533823	-0.545059	1.565131	
1603	2.537528	-0.539137	1.559074	
1604	2.538985	-0.533813	1.551910	
1605	2.541468	-0.528193	1.546973	
1606	2.543124	-0.520731	1.540259	
1607	2.543304	-0.515316	1.533940	
1608	2.544350	-0.510635	1.527916	
1609	2.544738	-0.504253	1.521216	
1610	2.544004	-0.499377	1.513795	
1611	2.544431	-0.495069	1.509003	
1612	2.542993	-0.490965	1.502122	
1613	2.541138	-0.484648	1.494780	
1614	2.537903	-0.473572	1.480447	
1615	2.534659	-0.467627	1.470307	
1616	2.531497	-0.462372	1.462361	
1617	2.528542	-0.455980	1.453300	
1618	2.525375	-0.449857	1.445101	
1619	2.521003	-0.444036	1.435840	
1620	2.517539	-0.436820	1.427568	
1621	2.513504	-0.431298	1.418729	
1622	2.509595	-0.426815	1.411538	
1623	2.504736	-0.422630	1.402823	
1624	2.500146	-0.417569	1.394094	
1625	2.495398	-0.411928	1.385455	
1626	2.491387	-0.408402	1.378786	
1627	2.485641	-0.405519	1.370625	
1628	2.480332	-0.402800	1.363672	
1629	2.473759	-0.401115	1.354847	
1630	2.468811	-0.398867	1.348563	
1631	2.464425	-0.396571	1.341507	
1632	2.459898	-0.394189	1.332549	
1633	2.455901	-0.391868	1.324287	
1634	2.452356	-0.389340	1.316523	
1635	2.449290	-0.387072	1.309389	
1636	2.445478	-0.385322	1.302574	
1637	2.441137	-0.382838	1.295875	
1638	2.437295	-0.381691	1.290010	
1639	2.433581	-0.378553	1.284670	
1640	2.429609	-0.376493	1.279873	
1641	2.424171	-0.375141	1.274183	
1642	2.420200	-0.372199	1.269640	
1643	2.417134	-0.370044	1.266340	
1644	2.411891	-0.369186	1.262326	
1645	2.408333	-0.367436	1.259485	
1646	2.404449	-0.367025	1.257547	
1647	2.399661	-0.364607	1.254349	
1648	2.397300	-0.361326	1.254584	
1649	2.393903	-0.357133	1.253914	
1650	2.389579	-0.356222	1.252582	
1651	2.385211	-0.353850	1.250800	
1652	2.378341	-0.351625	1.246535	
1653	2.373710	-0.349409	1.244523	
1654	2.369579	-0.346966	1.243485	
1655	2.363427	-0.345419	1.240955	
1656	2.357816	-0.343451	1.239057	
1657	2.351547	-0.339918	1.237423	
1658	2.345067	-0.338903	1.235893	
1659	2.337937	-0.336921	1.234026	
1660	2.330750	-0.335677	1.232166	
1661	2.321681	-0.334195	1.229172	
1662	2.313035	-0.332963	1.226853	
1663	2.304953	-0.331433	1.225340	
1664	2.293979	-0.330883	1.221783	
1665	2.284946	-0.329739	1.219455	
1666	2.277313	-0.328416	1.218092	
1667	2.267706	-0.328997	1.215823	
1668	2.256083	-0.329411	1.211182	
1669	2.247890	-0.329010	1.209102	
1670	2.238302	-0.328534	1.206800	
1671	2.225672	-0.327502	1.202868	
1672	2.215470	-0.327244	1.201181	
1673	2.205196	-0.327472	1.200396	
1674	2.192111	-0.327504	1.198586	
1675	2.180387	-0.326503	1.196463	
1676	2.169997	-0.325799	1.195805	
1677	2.157714	-0.324943	1.194074	
1678	2.146468	-0.323256	1.192789	
1679	2.137054	-0.322480	1.193360	
1680	2.127192	-0.321906	1.193492	
1681	2.117402	-0.320518	1.192964	
1682	2.108362	-0.320153	1.192890	
1683	2.099916	-0.318552	1.192625	
1684	2.091998	-0.316463	1.192318	
1685	2.084039	-0.315657	1.191926	
1686	2.076592	-0.314119	1.190397	
1687	2.070090	-0.312488	1.189802	
1688	2.055477	-0.310256	1.187427	
1689	2.049509	-0.308462	1.187396	
1690	2.042565	-0.307115	1.185575	
1691	2.035901	-0.304748	1.183983	
1692	2.028928	-0.301628	1.181952	
1693	2.023236	-0.297610	1.180484	
1694	2.016068	-0.293583	1.177861	
1695	2.008973	-0.289852	1.175238	
1696	2.002421	-0.286011	1.172230	
1697	1.996635	-0.281152	1.169605	
1698	1.990273	-0.276906	1.165574	
1699	1.984042	-0.273097	1.161709	
1700	1.978674	-0.268488	1.158244	
1701	1.973919	-0.264115	1.155173	
1702	1.967680	-0.260224	1.150811	
1703	1.962787	-0.255549	1.147323	
1704	1.957031	-0.251772	1.142001	
1705	1.951384	-0.247895	1.136781	
1706	1.947170	-0.243967	1.132755	
1707	1.940928	-0.241105	1.127154	
1708	1.935800	-0.236685	1.122465	
1709	1.931250	-0.233501	1.118527	
1710	1.924094	-0.230716	1.113525	
1711	1.917861	-0.226555	1.108903	
1712	1.912729	-0.223012	1.105646	
1713	1.906103	-0.220822	1.101388	
1714	1.898983	-0.217017	1.096825	
1715	1.892192	-0.214063	1.092916	
1716	1.884013	-0.211887	1.088050	
1717	1.876900	-0.208529	1.084157	
1718	1.868252	-0.205781	1.078975	
1719	1.859531	-0.203082	1.074450	
1720	1.850885	-0.199704	1.070117	
1721	1.841844	-0.197556	1.065434	
1722	1.832711	-0.194763	1.061793	
1723	1.822638	-0.192334	1.057807	
1724	1.812507	-0.190173	1.053563	
1725	1.800692	-0.188388	1.049128	
1726	1.789772	-0.186173	1.045475	
1727	1.780882	-0.184489	1.042012	
1728	1.771327	-0.182608	1.039260	
1729	1.752872	-0.178522	1.033452	
1730	1.744709	-0.176992	1.031968	
1731	1.736163	-0.175068	1.030177	
1732	1.728007	-0.173455	1.028054	
1733	1.720070	-0.172524	1.026639	
1734	1.713084	-0.171382	1.025936	
1735	1.705945	-0.168748	1.024132	
1736	1.699384	-0.167367	1.022881	
1737	1.692723	-0.167202	1.021379	
1738	1.686437	-0.165881	1.019367	
1739	1.680397	-0.165271	1.017988	
1740	1.674898	-0.164397	1.016735	
1741	1.668804	-0.163398	1.015933	
1742	1.664510	-0.162003	1.015018	
1743	1.658255	-0.159980	1.013185	
1744	1.653576	-0.158689	1.012222	
1745	1.647789	-0.157601	1.009710	
1746	1.642985	-0.156832	1.007653	
1747	1.636766	-0.155103	1.005088	
1748	1.632360	-0.155218	1.002901	
1749	1.626351	-0.154142	0.999514	
1750	1.620345	-0.151464	0.996097	
1751	1.615148	-0.149366	0.992925	
1752	1.609819	-0.147974	0.989573	
1753	1.603132	-0.144623	0.985320	
1754	1.597274	-0.140950	0.981344	
1755	1.590834	-0.139011	0.976333	
1756	1.584477	-0.134171	0.971268	
1757	1.578909	-0.130579	0.966482	
1758	1.565188	-0.123322	0.954235	
1759	1.559716	-0.119999	0.948804	
1760	1.553316	-0.116793	0.942698	
1761	1.546990	-0.113062	0.936448	
1762	1.541006	-0.110344	0.930044	
1763	1.534593	-0.106976	0.923808	
1764	1.529331	-0.102104	0.918302	
1765	1.524163	-0.098428	0.912723	
1766	1.510850	-0.092269	0.900774	
1767	1.504804	-0.088718	0.894762	
1768	1.498925	-0.083945	0.889422	
1769	1.493231	-0.079980	0.884185	
1770	1.487659	-0.076937	0.878771	
1771	1.482993	-0.074859	0.873641	
1772	1.478775	-0.071885	0.868999	
1773	1.474324	-0.069356	0.864804	
1774	1.469616	-0.067060	0.860468	
1775	1.464705	-0.066329	0.856864	
1776	1.453722	-0.070044	0.847592	
1777	1.448375	-0.070697	0.842928	
1778	1.442452	-0.072860	0.838488	
1779	1.436194	-0.076947	0.833016	
1780	1.429485	-0.079337	0.828377	
1781	1.415385	-0.087161	0.817688	
1782	1.408436	-0.088737	0.813174	
1783	1.400355	-0.090020	0.808734	
1784	1.393825	-0.090422	0.805168	
1785	1.386258	-0.090830	0.801494	
1786	1.379327	-0.091856	0.797804	
1787	1.371452	-0.092984	0.793813	
1788	1.364450	-0.092584	0.790522	
1789	1.351453	-0.092277	0.785319	
1790	1.345303	-0.092715	0.782509	
1791	1.338692	-0.093082	0.779798	
1792	1.333078	-0.092423	0.777792	
1793	1.327390	-0.093476	0.774718	
1794	1.320342	-0.092460	0.771759	
1795	1.316421	-0.092485	0.769321	
1796	1.309717	-0.092685	0.766398	
1797	1.304050	-0.092037	0.764034	
1798	1.298391	-0.091156	0.761324	
1799	1.293016	-0.090818	0.758642	
1800	1.286760	-0.088676	0.756348	
1801	1.283115	-0.087376	0.753091	
1802	1.277288	-0.086350	0.749750	
1803	1.271523	-0.085278	0.746290	
1804	1.268468	-0.084694	0.743331	
1805	1.264001	-0.082242	0.741516	
1806	1.259755	-0.080140	0.739917	
1807	1.255611	-0.079843	0.737240	
1808	1.252368	-0.077032	0.734865	
1809	1.249058	-0.074798	0.732766	
1810	1.245202	-0.073794	0.729198	
1811	1.240891	-0.070291	0.725859	
1812	1.237289	-0.066519	0.722722	
1813	1.233236	-0.063807	0.717628	
1814	1.227885	-0.060249	0.712234	
1815	1.224681	-0.055530	0.707705	
1816	1.222184	-0.052352	0.701766	
1817	1.218103	-0.049540	0.695255	
1818	1.215421	-0.044682	0.690343	
1819	1.213782	-0.043464	0.683851	
1820	1.210310	-0.039345	0.678181	
1821	1.205770	-0.033861	0.674103	
1822	1.203179	-0.031057	0.668574	
1823	1.199207	-0.026042	0.664415	
1824	1.196050	-0.025394	0.658784	
1825	1.193020	-0.025544	0.652772	
1826	1.188100	-0.022985	0.648263	
1827	1.185398	-0.020364	0.643885	
1828	1.180677	-0.020188	0.638272	
1829	1.175403	-0.016618	0.635455	
1830	1.170945	-0.016641	0.630831	
1831	1.164999	-0.016528	0.626159	
1832	1.157593	-0.015289	0.622316	
1833	1.151896	-0.015188	0.618114	
1834	1.144465	-0.015945	0.613330	
1835	1.134882	-0.015061	0.609437	
1836	1.127110	-0.015591	0.605097	
1837	1.121182	-0.016409	0.601043	
1838	1.111554	-0.017012	0.597337	
1839	1.101718	-0.020813	0.593199	
1840	1.093607	-0.024761	0.589722	
1841	1.084116	-0.030031	0.586462	
1842	1.073554	-0.033918	0.584117	
1843	1.064862	-0.037116	0.583023	
1844	1.054412	-0.040541	0.582607	
1845	1.042739	-0.042997	0.582945	
1846	1.031522	-0.048234	0.582563	
1847	1.021284	-0.051920	0.582978	
1848	1.010466	-0.054811	0.584225	
1849	1.001406	-0.056772	0.585338	
1850	0.991096	-0.060590	0.586708	
1851	0.979057	-0.065107	0.588642	
1852	0.968874	-0.068185	0.589948	
1853	0.957507	-0.071027	0.591527	
1854	0.946696	-0.074732	0.592589	
1855	0.936955	-0.079954	0.593357	
1856	0.926344	-0.080551	0.595543	
1857	0.916619	-0.084455	0.597754	
1858	0.908040	-0.085588	0.599722	
1859	0.898912	-0.088413	0.601551	
1860	0.889998	-0.090448	0.603683	
1861	0.882879	-0.093243	0.605965	
1862	0.874741	-0.092855	0.609534	
1863	0.867862	-0.095613	0.611673	
1864	0.860513	-0.098535	0.614354	
1865	0.853191	-0.099948	0.617718	
1866	0.845943	-0.102059	0.620878	
1867	0.839191	-0.104060	0.623744	
1868	0.830724	-0.100905	0.627708	
1869	0.825501	-0.102281	0.631468	
1870	0.820936	-0.107500	0.633259	
1871	0.813623	-0.107597	0.636136	
1872	0.805108	-0.108674	0.640192	
1873	0.801023	-0.114425	0.641667	
1874	0.796126	-0.115473	0.643445	
1875	0.788086	-0.116978	0.646955	
1876	0.783908	-0.119201	0.648735	
1877	0.778899	-0.119216	0.651232	
1878	0.771975	-0.119674	0.654658	
1879	0.767605	-0.121481	0.657022	
1880	0.763044	-0.124535	0.659499	
1881	0.757247	-0.123557	0.662963	
1882	0.752822	-0.124721	0.666562	
1883	0.749288	-0.126105	0.669942	
1884	0.740746	-0.125096	0.677381	
1885	0.736295	-0.127183	0.680819	
1886	0.731653	-0.127891	0.685341	
1887	0.727190	-0.127757	0.689357	
1888	0.723778	-0.129225	0.692906	
1889	0.719018	-0.126257	0.697628	
1890	0.716961	-0.124179	0.702745	
1891	0.714197	-0.125371	0.707548	
1892	0.710707	-0.125200	0.713424	
1893	0.708549	-0.125886	0.719965	
1894	0.704877	-0.125859	0.727229	
1895	0.702188	-0.123951	0.735615	
1896	0.699954	-0.122883	0.743997	
1897	0.697073	-0.123482	0.752381	
1898	0.694903	-0.122928	0.761278	
1899	0.693240	-0.122822	0.769807	
1900	0.689637	-0.122510	0.777525	
1901	0.687199	-0.123533	0.785105	
1902	0.683988	-0.123527	0.792660	
1903	0.681238	-0.125550	0.800125	
1904	0.678229	-0.127142	0.807662	
1905	0.675547	-0.128813	0.816176	
1906	0.672777	-0.132895	0.824093	
1907	0.669177	-0.136943	0.831370	
1908	0.665321	-0.137348	0.839773	
1909	0.662856	-0.141509	0.847562	
1910	0.659928	-0.146032	0.854585	
1911	0.657380	-0.148252	0.863431	
1912	0.654644	-0.152133	0.871213	
1913	0.651226	-0.155576	0.877512	
1914	0.649332	-0.157085	0.886230	
1915	0.648837	-0.160548	0.893750	
1916	0.647439	-0.163709	0.900346	
1917	0.646254	-0.164901	0.907832	
1918	0.646127	-0.168097	0.914850	
1919	0.645614	-0.170067	0.920637	
1920	0.645565	-0.173143	0.926972	
1921	0.645737	-0.175226	0.933138	
1922	0.646381	-0.176113	0.938776	
1923	0.648663	-0.179646	0.944855	
1924	0.649876	-0.181949	0.950529	
1925	0.651178	-0.185011	0.955422	
1926	0.652207	-0.187905	0.960274	
1927	0.653251	-0.189442	0.965695	
1928	0.655004	-0.191728	0.971113	
1929	0.655753	-0.194324	0.976111	
1930	0.657058	-0.195057	0.982584	
1931	0.657520	-0.198324	0.987876	
1932	0.658638	-0.199536	0.993267	
1933	0.660875	-0.200477	0.999643	
1934	0.662298	-0.203270	1.004291	
1935	0.662625	-0.203180	1.008990	
1936	0.664139	-0.203259	1.014638	
1937	0.664925	-0.204866	1.019024	
1938	0.666717	-0.203652	1.029681	
1939	0.667418	-0.203939	1.033901	
1940	0.667990	-0.203407	1.038190	
1941	0.669328	-0.200410	1.048836	
1942	0.669251	-0.198591	1.053486	
1943	0.669939	-0.196237	1.059428	
1944	0.671546	-0.194164	1.064815	
1945	0.671917	-0.191587	1.070672	
1946	0.671777	-0.188851	1.076593	
1947	0.672183	-0.186747	1.082265	
1948	0.670224	-0.179496	1.100306	
1949	0.669992	-0.176806	1.107072	
1950	0.670238	-0.175679	1.113958	
1951	0.670645	-0.174220	1.128135	
1952	0.669999	-0.173009	1.135379	
1953	0.669012	-0.172555	1.142522	
1954	0.668822	-0.172833	1.149095	
1955	0.668678	-0.172966	1.155475	
1956	0.669224	-0.172800	1.162120	
1957	0.668583	-0.174005	1.173118	
1958	0.668372	-0.174459	1.178690	
1959	0.668285	-0.175470	1.183774	
1960	0.669036	-0.175303	1.189433	
1961	0.669638	-0.175750	1.195088	
1962	0.669847	-0.176195	1.200159	
1963	0.670056	-0.176810	1.205070	
1964	0.671267	-0.176461	1.210229	
1965	0.672074	-0.176645	1.215118	
1966	0.672767	-0.177318	1.219463	
1967	0.673068	-0.176933	1.224108	
1968	0.672647	-0.176729	1.228073	
1969	0.673155	-0.176461	1.231750	
1970	0.672824	-0.175083	1.236078	
1971	0.673625	-0.173701	1.239818	
1972	0.674046	-0.172412	1.242997	
1973	0.673599	-0.170718	1.246212	
1974	0.675298	-0.169920	1.249260	
1975	0.675237	-0.168757	1.251614	
1976	0.673812	-0.167776	1.253758	
1977	0.673244	-0.166872	1.255448	
1978	0.672965	-0.165954	1.257636	
1979	0.672432	-0.165707	1.259181	
1980	0.670931	-0.164506	1.260659	
1981	0.669506	-0.163385	1.262488	
1982	0.668311	-0.162335	1.264225	
1983	0.664448	-0.161539	1.266960	
1984	0.662331	-0.159247	1.269087	
1985	0.660213	-0.156374	1.270932	
1986	0.657270	-0.153432	1.272926	
1987	0.654003	-0.151652	1.273999	
1988	0.650126	-0.148588	1.275251	
1989	0.646766	-0.146606	1.276425	
1990	0.643261	-0.145363	1.277111	
1991	0.639758	-0.144368	1.277783	
1992	0.637376	-0.143424	1.278780	
1993	0.634651	-0.143788	1.279556	
1994	0.631809	-0.143288	1.280598	
1995	0.629981	-0.142833	1.281999	
1996	0.627732	-0.142372	1.283507	
1997	0.624522	-0.141359	1.284987	
1998	0.621308	-0.140478	1.286518	
1999	0.617326	-0.140114	1.287354	
2000	0.613027	-0.139627	1.288291	
2001	0.608589	-0.140285	1.288414	
2002	0.603876	-0.139444	1.288799	
2003	0.599617	-0.139220	1.289433	
2004	0.595845	-0.139064	1.289927	
2005	0.591614	-0.138756	1.290462	
2006	0.587726	-0.138072	1.291266	
2007	0.583650	-0.139107	1.291214	
2008	0.579002	-0.139319	1.291103	
2009	0.573609	-0.139291	1.290415	
2010	0.568728	-0.138621	1.289920	
2011	0.563400	-0.137924	1.289505	
2012	0.557822	-0.137372	1.288764	
2013	0.552348	-0.138442	1.287150	
2014	0.547119	-0.137164	1.286123	
2015	0.542266	-0.136118	1.285306	
2016	0.538318	-0.135097	1.284583	
2017	0.534527	-0.132837	1.284458	
2018	0.530228	-0.133469	1.283068	
2019	0.527387	-0.132140	1.282754	
2020	0.523992	-0.131838	1.282417	
2021	0.521156	-0.131479	1.281746	
2022	0.518220	-0.130496	1.281174	
2023	0.512960	-0.130515	1.279958	
2024	0.510759	-0.129939	1.279465	
2025	0.508290	-0.129985	1.279009	
2026	0.505264	-0.130325	1.277727	
2027	0.502874	-0.128402	1.277708	
2028	0.500364	-0.128915	1.277060	
2029	0.497980	-0.127633	1.276174	
2030	0.495718	-0.127372	1.275836	
2031	0.492901	-0.126684	1.274855	
2032	0.490125	-0.125865	1.274044	
2033	0.487060	-0.125833	1.272997	
2034	0.483278	-0.125101	1.271335	
2035	0.480250	-0.124434	1.270393	
2036	0.476317	-0.123710	1.268523	
2037	0.472913	-0.123161	1.267142	
2038	0.468776	-0.122645	1.264716	
2039	0.465476	-0.122617	1.263379	
2040	0.461779	-0.121578	1.261167	
2041	0.458770	-0.121297	1.259427	
2042	0.455598	-0.120981	1.257504	
2043	0.452743	-0.120075	1.255867	
2044	0.445703	-0.118338	1.249802	
2045	0.438881	-0.115217	1.243977	
2046	0.434645	-0.113959	1.240066	
2047	0.432159	-0.112568	1.237510	
2048	0.428587	-0.111418	1.233725	
2049	0.425311	-0.108994	1.230592	
2050	0.421857	-0.108503	1.227146	
2051	0.418563	-0.107108	1.224088	
2052	0.416257	-0.105457	1.222083	
2053	0.412768	-0.104881	1.218615	
2054	0.410535	-0.103115	1.216578	
2055	0.406959	-0.102221	1.213296	
2056	0.403561	-0.101226	1.210158	
2057	0.397833	-0.098077	1.204793	
2058	0.394456	-0.097722	1.201486	
2059	0.392008	-0.095655	1.199416	
2060	0.388876	-0.094116	1.196367	
2061	0.385978	-0.091763	1.193665	
2062	0.380801	-0.087732	1.188967	
2063	0.377991	-0.085427	1.186324	
2064	0.373592	-0.079844	1.181866	
2065	0.371811	-0.077931	1.180172	
2066	0.369944	-0.076113	1.177892	
2067	0.368254	-0.073820	1.176220	
2068	0.366561	-0.073049	1.173865	
2069	0.364729	-0.071910	1.171395	
2070	0.361310	-0.070832	1.167101	
2071	0.359663	-0.070554	1.164839	
2072	0.357869	-0.069674	1.162279	
2073	0.355745	-0.070491	1.159074	
2074	0.354088	-0.070663	1.155794	
2075	0.353298	-0.069683	1.153359	
2076	0.351309	-0.070039	1.149357	
2077	0.350450	-0.068831	1.145981	
2078	0.349541	-0.068221	1.142560	
2079	0.348530	-0.068702	1.138625	
2080	0.347907	-0.067739	1.134864	
2081	0.347318	-0.066198	1.131083	
2082	0.346109	-0.065748	1.126364	
2083	0.345726	-0.064566	1.121956	
2084	0.345249	-0.063128	1.116937	
2085	0.344448	-0.061605	1.111389	
2086	0.344535	-0.059998	1.106451	
2087	0.344687	-0.059904	1.101171	
2088	0.344718	-0.058247	1.095005	
2089	0.345520	-0.056389	1.089017	
2090	0.346513	-0.055260	1.083309	
2091	0.348089	-0.052716	1.078000	
2092	0.351436	-0.048531	1.072624	
2093	0.350692	-0.047882	1.066325	
2094	0.351935	-0.044285	1.061196	
2095	0.355689	-0.042750	1.054851	
2096	0.353098	-0.042270	1.048246	
2097	0.354793	-0.038682	1.042753	
2098	0.355177	-0.037952	1.034982	
2099	0.354405	-0.035653	1.027058	
2100	0.354671	-0.033195	1.019327	
2101	0.354547	-0.032303	1.011164	
2102	0.354600	-0.030010	1.003963	
2103	0.353871	-0.027803	0.996877	
2104	0.353406	-0.026746	0.990108	
2105	0.351808	-0.026747	0.983211	
2106	0.350916	-0.026602	0.976795	
2107	0.349526	-0.027471	0.970631	
2108	0.347491	-0.028730	0.964796	
2109	0.344755	-0.028534	0.959764	
2110	0.342234	-0.029618	0.954250	
2111	0.338803	-0.029564	0.948863	
2112	0.336478	-0.029044	0.944256	
2113	0.331848	-0.030440	0.938312	
2114	0.328684	-0.029114	0.933732	
2115	0.325677	-0.027665	0.929826	
2116	0.322690	-0.027954	0.925546	
2117	0.319367	-0.026542	0.921388	
2118	0.316542	-0.024701	0.917307	
2119	0.312808	-0.024829	0.912094	
2120	0.310031	-0.023853	0.907382	
2121	0.308876	-0.021782	0.903188	
2122	0.304082	-0.024340	0.891104	
2123	0.304080	-0.022452	0.885947	
2124	0.300127	-0.025807	0.871518	
2125	0.301505	-0.021822	0.866155	
2126	0.299473	-0.024894	0.858082	
2127	0.299081	-0.023878	0.851050	
2128	0.299574	-0.020680	0.844529	
2129	0.298970	-0.022007	0.836487	
2130	0.298469	-0.024330	0.827845	
2131	0.298234	-0.022134	0.820727	
2132	0.298872	-0.021890	0.812937	
2133	0.297400	-0.020993	0.797559	
2134	0.298245	-0.021885	0.782361	
2135	0.297785	-0.019392	0.776237	
2136	0.298777	-0.019014	0.770254	
2137	0.298331	-0.020555	0.763433	
2138	0.299090	-0.018709	0.758154	
2139	0.300004	-0.017025	0.752490	
2140	0.300479	-0.017157	0.746316	
2141	0.300931	-0.017653	0.740077	
2142	0.302684	-0.016263	0.734242	
2143	0.302832	-0.012870	0.728309	
2144	0.305693	-0.013488	0.722225	
2145	0.305188	-0.011835	0.715731	
2146	0.306927	-0.009223	0.709897	
2147	0.307430	-0.009823	0.703089	
2148	0.309259	-0.009207	0.696265	
2149	0.315145	-0.003578	0.685518	
2150	0.317613	-0.003849	0.678457	
2151	0.318544	-0.002478	0.671306	
2152	0.324899	0.001635	0.656567	
2153	0.325982	0.003055	0.648035	
2154	0.326929	0.006467	0.640764	
2155	0.328251	0.008843	0.631939	
2156	0.329505	0.010529	0.622939	
2157	0.330552	0.011999	0.613816	
2158	0.332216	0.015509	0.604779	
2159	0.332854	0.016044	0.593071	
2160	0.334054	0.018206	0.582734	
2161	0.339454	0.023138	0.561266	
2162	0.338959	0.026219	0.551140	
2163	0.340096	0.028527	0.540748	
2164	0.340261	0.032084	0.529337	
2165	0.339363	0.031832	0.515981	
2166	0.339553	0.034560	0.505575	
2167	0.340015	0.039140	0.495496	
2168	0.340368	0.039356	0.482710	
2169	0.338499	0.040273	0.470226	
2170	0.338021	0.041305	0.460083	
2171	0.336775	0.043620	0.449518	
2172	0.335695	0.045149	0.439050	
2173	0.335804	0.047130	0.430063	
2174	0.334273	0.049501	0.421511	
2175	0.333506	0.050960	0.412516	
2176	0.331306	0.052777	0.404234	
2177	0.330815	0.055144	0.397456	
2178	0.331035	0.057315	0.390435	
2179	0.331204	0.057442	0.382518	
2180	0.326580	0.060570	0.370357	
2181	0.323505	0.061418	0.364176	
2182	0.319781	0.062260	0.358629	
2183	0.311627	0.063612	0.353020	
2184	0.309400	0.065038	0.347134	
2185	0.304822	0.065075	0.340844	
2186	0.297287	0.066391	0.335888	
2187	0.291879	0.067254	0.330778	
2188	0.285096	0.067730	0.324755	
2189	0.277260	0.069614	0.319507	
2190	0.269142	0.071281	0.314522	
2191	0.261294	0.072438	0.307871	
2192	0.253445	0.072450	0.300587	
2193	0.242917	0.074507	0.294850	
2194	0.233555	0.076776	0.289127	
2195	0.225140	0.077406	0.282406	
2196	0.215461	0.077098	0.275738	
2197	0.206152	0.078964	0.269888	
2198	0.198461	0.080204	0.263585	
2199	0.189593	0.080025	0.256758	
2200	0.180858	0.080998	0.251053	
2201	0.174217	0.082325	0.245238	
2202	0.166705	0.083576	0.239056	
2203	0.157627	0.083247	0.233098	
2204	0.150576	0.083535	0.228200	
2205	0.142204	0.085021	0.223243	
2206	0.134029	0.085238	0.217698	
2207	0.126600	0.085381	0.212269	
2208	0.119020	0.085604	0.206589	
2209	0.112430	0.086297	0.200805	
2210	0.105434	0.086358	0.194813	
2211	0.098180	0.086094	0.189300	
2212	0.091094	0.086734	0.184264	
2213	0.084605	0.087752	0.179112	
2214	0.067558	0.089620	0.169568	
2215	0.059664	0.090193	0.163779	
2216	0.051181	0.091070	0.158184	
2217	0.043353	0.091736	0.152299	
2218	0.034882	0.092698	0.145543	
2219	0.026107	0.092360	0.138853	
2220	0.018593	0.093837	0.132620	
2221	0.011014	0.094602	0.125179	
2222	0.000632	0.095894	0.117870	
2223	-0.007694	0.098173	0.111540	
2224	-0.015829	0.100364	0.103987	
2225	-0.026399	0.102597	0.096358	
2226	-0.034680	0.104558	0.090060	
2227	-0.043199	0.108319	0.083871	
2228	-0.052390	0.111207	0.077086	
2229	-0.061677	0.114338	0.071377	
2230	-0.068354	0.118897	0.065865	
2231	-0.077534	0.121747	0.059693	
2232	-0.086985	0.125664	0.054291	
2233	-0.094241	0.129574	0.048972	
2234	-0.101846	0.134814	0.043576	
2235	-0.119925	0.144100	0.033855	
2236	-0.124533	0.149461	0.029755	
2237	-0.133995	0.153027	0.023912	
2238	-0.141809	0.156991	0.020087	
2239	-0.147576	0.159839	0.016698	
2240	-0.153327	0.161508	0.013334	
2241	-0.160186	0.162886	0.009803	
2242	-0.165330	0.163653	0.006581	
2243	-0.172190	0.164296	0.003160	
2244	-0.179016	0.165486	0.000520	
2245	-0.184625	0.165847	-0.002242	
2246	-0.193315	0.166399	-0.005337	
2247	-0.201845	0.166474	-0.008034	
2248	-0.207669	0.167633	-0.009686	
2249	-0.212501	0.168591	-0.012447	
2250	-0.220962	0.169079	-0.015110	
2251	-0.229123	0.170614	-0.016642	
2252	-0.236376	0.171869	-0.018486	
2253	-0.243639	0.171614	-0.020197	
2254	-0.251604	0.171764	-0.021453	
2255	-0.259180	0.171681	-0.022629	
2256	-0.279334	0.169723	-0.024394	
2257	-0.294192	0.167992	-0.027086	
2258	-0.301649	0.168591	-0.027821	
2259	-0.308193	0.168881	-0.028782	
2260	-0.315850	0.169160	-0.029379	
2261	-0.322007	0.169961	-0.029727	
2262	-0.328322	0.172335	-0.029463	
2263	-0.335546	0.173069	-0.029571	
2264	-0.344571	0.173573	-0.030086	
2265	-0.352326	0.175586	-0.029803	
2266	-0.358457	0.177116	-0.030523	
2267	-0.365380	0.177070	-0.032156	
2268	-0.372495	0.176503	-0.034160	
2269	-0.381095	0.177506	-0.035571	
2270	-0.388545	0.175909	-0.037980	
2271	-0.396669	0.174070	-0.040553	
2272	-0.402994	0.173056	-0.042819	
2273	-0.410357	0.172222	-0.045248	
2274	-0.417120	0.169313	-0.048497	
2275	-0.426480	0.167851	-0.051101	
2276	-0.433307	0.166965	-0.053472	
2277	-0.439175	0.165929	-0.055966	
2278	-0.447547	0.165452	-0.057838	
2279	-0.454664	0.164576	-0.059640	
2280	-0.459082	0.164945	-0.061137	
2281	-0.468058	0.163937	-0.062844	
2282	-0.476005	0.165433	-0.063728	
2283	-0.482107	0.165248	-0.065426	
2284	-0.490034	0.163253	-0.067186	
2285	-0.495392	0.161692	-0.068412	
2286	-0.499141	0.161538	-0.070389	
2287	-0.505449	0.161018	-0.072914	
2288	-0.511869	0.160044	-0.075893	
2289	-0.517817	0.158373	-0.079603	
2290	-0.524214	0.158257	-0.083464	
2291	-0.530618	0.158141	-0.087896	
2292	-0.537246	0.158973	-0.092156	
2293	-0.543173	0.159806	-0.096976	
2294	-0.548815	0.160829	-0.102049	
2295	-0.557312	0.164643	-0.106983	
2296	-0.564106	0.168042	-0.112233	
2297	-0.569803	0.171013	-0.117697	
2298	-0.578666	0.174921	-0.122618	
2299	-0.585824	0.178496	-0.127846	
2300	-0.592416	0.183344	-0.132309	
2301	-0.597741	0.187529	-0.137265	
2302	-0.605443	0.190958	-0.141595	
2303	-0.612311	0.194493	-0.145908	
2304	-0.618788	0.200614	-0.149569	
2305	-0.624117	0.205103	-0.153817	
2306	-0.631966	0.209612	-0.156799	
2307	-0.637991	0.213569	-0.160378	
2308	-0.643543	0.217696	-0.164126	
2309	-0.649922	0.220718	-0.167709	
2310	-0.654548	0.224772	-0.170951	
2311	-0.661086	0.227584	-0.174002	
2312	-0.665895	0.231264	-0.176518	
2313	-0.671926	0.232900	-0.179029	
2314	-0.677382	0.233107	-0.181733	
2315	-0.682215	0.235062	-0.183987	
2316	-0.686958	0.235901	-0.186069	
2317	-0.691947	0.237133	-0.188081	
2318	-0.700109	0.239027	-0.189709	
2319	-0.705512	0.239620	-0.191653	
2320	-0.709960	0.240265	-0.193947	
2321	-0.715442	0.240648	-0.196767	
2322	-0.721512	0.240989	-0.199279	
2323	-0.727677	0.240992	-0.201850	
2324	-0.733479	0.240089	-0.205047	
2325	-0.739428	0.239138	-0.207987	
2326	-0.746099	0.239329	-0.210760	
2327	-0.751873	0.238926	-0.214249	
2328	-0.757480	0.236408	-0.217292	
2329	-0.764853	0.233101	-0.220479	
2330	-0.786413	0.231183	-0.220395	
2331	-0.793663	0.230577	-0.223041	
2332	-0.799121	0.227977	-0.225818	
2333	-0.808862	0.227794	-0.227789	
2334	-0.815999	0.227278	-0.230135	
2335	-0.823456	0.224605	-0.232492	
2336	-0.834525	0.225486	-0.233825	
2337	-0.839951	0.225761	-0.236475	
2338	-0.846447	0.224729	-0.239364	
2339	-0.859327	0.226330	-0.241418	
2340	-0.872952	0.229089	-0.243461	
2341	-0.877318	0.229938	-0.246988	
2342	-0.884478	0.230855	-0.250156	
2343	-0.895508	0.232823	-0.252495	
2344	-0.901509	0.231384	-0.255937	
2345	-0.909924	0.230642	-0.258881	
2346	-0.913842	0.231138	-0.262138	
2347	-0.920154	0.229019	-0.266038	
2348	-0.930212	0.228269	-0.268563	
2349	-0.938084	0.228278	-0.271347	
2350	-0.944675	0.227489	-0.274685	
2351	-0.951913	0.228568	-0.278099	
2352	-0.956211	0.225479	-0.282813	
2353	-0.962761	0.223464	-0.286838	
2354	-0.970019	0.221465	-0.290726	
2355	-0.975561	0.219178	-0.295071	
2356	-0.978809	0.220279	-0.299509	
2357	-0.988251	0.220576	-0.302922	
2358	-0.994588	0.222934	-0.306056	
2359	-1.000969	0.223886	-0.310173	
2360	-1.015824	0.225597	-0.318402	
2361	-1.027440	0.229765	-0.328694	
2362	-1.037798	0.234817	-0.333119	
2363	-1.045054	0.238427	-0.338298	
2364	-1.058737	0.245100	-0.348064	
2365	-1.075758	0.254042	-0.356708	
2366	-1.092777	0.259437	-0.365475	
2367	-1.102484	0.265289	-0.369568	
2368	-1.107318	0.268471	-0.374204	
2369	-1.115229	0.272229	-0.377292	
2370	-1.123893	0.278841	-0.379343	
2371	-1.132437	0.284232	-0.381082	
2372	-1.135950	0.287611	-0.383405	
2373	-1.140729	0.288783	-0.384425	
2374	-1.151603	0.293029	-0.382099	
2375	-1.157982	0.297348	-0.380001	
2376	-1.156739	0.298079	-0.379284	
2377	-1.160733	0.299880	-0.377292	
2378	-1.169138	0.301344	-0.373556	
2379	-1.178665	0.300280	-0.367233	
2380	-1.182677	0.302349	-0.363038	
2381	-1.189030	0.300298	-0.359104	
2382	-1.196922	0.297081	-0.353526	
2383	-1.199909	0.296027	-0.349038	
2384	-1.205903	0.296114	-0.342864	
2385	-1.212319	0.292919	-0.336435	
2386	-1.219747	0.290608	-0.329465	
2387	-1.225839	0.288377	-0.322842	
2388	-1.231873	0.281430	-0.315866	
2389	-1.240514	0.279037	-0.307521	
2390	-1.247487	0.276681	-0.300022	
2391	-1.252340	0.272758	-0.292415	
2392	-1.255710	0.266412	-0.285679	
2393	-1.264390	0.261123	-0.277617	
2394	-1.271973	0.256723	-0.270167	
2395	-1.277474	0.255000	-0.263361	
2396	-1.283727	0.249691	-0.256668	
2397	-1.288276	0.242338	-0.250614	
2398	-1.295329	0.236709	-0.243728	
2399	-1.306521	0.227798	-0.234522	
2400	-1.311789	0.221504	-0.228781	
2401	-1.314726	0.214863	-0.223178	
2402	-1.316265	0.208207	-0.218380	
2403	-1.321433	0.203127	-0.212819	
2404	-1.325880	0.197533	-0.207833	
2405	-1.327201	0.191551	-0.203584	
2406	-1.331540	0.188657	-0.198681	
2407	-1.335685	0.183758	-0.193612	
2408	-1.340576	0.179072	-0.188534	
2409	-1.344785	0.174600	-0.183341	
2410	-1.351670	0.168606	-0.173374	
2411	-1.354589	0.160161	-0.165104	
2412	-1.359181	0.158217	-0.160169	
2413	-1.361283	0.155330	-0.155655	
2414	-1.359034	0.150510	-0.152820	
2415	-1.363315	0.147390	-0.147357	
2416	-1.364504	0.144073	-0.143226	
2417	-1.363762	0.140438	-0.139212	
2418	-1.363900	0.137465	-0.135416	
2419	-1.368339	0.135023	-0.129890	
2420	-1.367957	0.130991	-0.126570	
2421	-1.370914	0.128132	-0.121588	
2422	-1.373757	0.125897	-0.116973	
2423	-1.374472	0.121669	-0.113348	
2424	-1.378851	0.120510	-0.108088	
2425	-1.380025	0.120197	-0.103477	
2426	-1.380203	0.117931	-0.099017	
2427	-1.385132	0.115036	-0.092838	
2428	-1.387180	0.113715	-0.086970	
2429	-1.389055	0.113761	-0.081527	
2430	-1.385992	0.112279	-0.077588	
2431	-1.388351	0.111310	-0.071591	
2432	-1.390553	0.111719	-0.065899	
2433	-1.392215	0.109440	-0.060314	
2434	-1.393263	0.107707	-0.054188	
2435	-1.391388	0.106667	-0.049574	
2436	-1.391651	0.105757	-0.043402	
2437	-1.390241	0.103257	-0.037522	
2438	-1.384753	0.100927	-0.032260	
2439	-1.382526	0.097013	-0.025318	
2440	-1.380396	0.091699	-0.017803	
2441	-1.376415	0.087008	-0.010093	
2442	-1.368966	0.084151	-0.003303	
2443	-1.363981	0.078888	0.004761	
2444	-1.363834	0.072783	0.014949	
2445	-1.356493	0.069321	0.023550	
2446	-1.345460	0.062821	0.029999	
2447	-1.344142	0.054836	0.039645	
2448	-1.337111	0.050488	0.048277	
2449	-1.322749	0.044490	0.053367	
2450	-1.320605	0.034273	0.061805	
2451	-1.318501	0.028262	0.071482	
2452	-1.303236	0.023549	0.077510	
2453	-1.294060	0.016386	0.084125	
2454	-1.292661	0.011274	0.093451	
2455	-1.284984	0.006646	0.100367	
2456	-1.274753	0.003353	0.105579	
2457	-1.272648	-0.000924	0.112705	
2458	-1.268610	-0.003197	0.118951	
2459	-1.258799	-0.006607	0.122922	
2460	-1.250796	-0.009965	0.126230	
2461	-1.247988	-0.010725	0.131434	
2462	-1.245461	-0.011024	0.136222	
2463	-1.236804	-0.012158	0.138979	
2464	-1.228885	-0.012274	0.142606	
2465	-1.225626	-0.012053	0.147786	
2466	-1.222532	-0.012732	0.152852	
2467	-1.215183	-0.014518	0.157450	
2468	-1.209268	-0.012325	0.163462	
2469	-1.205358	-0.010345	0.168510	
2470	-1.200777	-0.011291	0.172857	
2471	-1.197161	-0.009037	0.178277	
2472	-1.195331	-0.006646	0.184350	
2473	-1.189368	-0.006202	0.187829	
2474	-1.185971	-0.006800	0.192174	
2475	-1.182962	-0.004680	0.196796	
2476	-1.177101	-0.004241	0.199583	
2477	-1.174502	-0.006135	0.202675	
2478	-1.170657	-0.005383	0.205784	
2479	-1.166742	-0.003457	0.208681	
2480	-1.165392	-0.003653	0.211728	
2481	-1.160524	-0.003749	0.214733	
2482	-1.156608	-0.002631	0.218511	
2483	-1.150494	-0.005823	0.221262	
2484	-1.150311	-0.003534	0.228025	
2485	-1.148131	-0.000709	0.233911	
2486	-1.140327	-0.002634	0.237367	
2487	-1.137101	-0.004455	0.241832	
2488	-1.139291	-0.001671	0.247366	
2489	-1.135213	-0.002852	0.251385	
2490	-1.130503	-0.002092	0.255345	
2491	-1.128211	-0.001535	0.259589	
2492	-1.127180	-0.002763	0.264379	
2493	-1.122928	0.003086	0.269061	
2494	-1.116210	0.002306	0.271096	
2495	-1.116997	0.003672	0.275392	
2496	-1.117165	0.008349	0.280314	
2497	-1.111531	0.008655	0.281944	
2498	-1.111855	0.008871	0.284920	
2499	-1.114735	0.014567	0.289876	
2500	-1.110850	0.014865	0.291013	
2501	-1.110981	0.014892	0.293050	
2502	-1.112735	0.017201	0.296210	
2503	-1.110819	0.017072	0.297433	
2504	-1.112222	0.016600	0.298942	
2505	-1.114703	0.017741	0.301156	
2506	-1.113415	0.018223	0.302313	
2507	-1.113194	0.017926	0.303225	
2508	-1.114611	0.019259	0.304875	
2509	-1.113926	0.019926	0.306112	
2510	-1.111584	0.020787	0.306583	
2511	-1.112906	0.021564	0.307825	
2512	-1.114881	0.024503	0.310157	
2513	-1.113976	0.026032	0.311663	
2514	-1.114346	0.026586	0.312971	
2515	-1.118124	0.029291	0.316217	
2516	-1.115653	0.031193	0.317712	
2517	-1.113717	0.031553	0.318573	
2518	-1.118909	0.034302	0.322332	
2519	-1.117711	0.036973	0.324511	
2520	-1.115669	0.036839	0.325889	
2521	-1.118397	0.039081	0.329183	
2522	-1.117391	0.041015	0.331486	
2523	-1.115088	0.042453	0.333636	
2524	-1.113183	0.044216	0.335431	
2525	-1.114909	0.045742	0.338313	
2526	-1.111087	0.047119	0.340043	
2527	-1.108580	0.048750	0.341535	
2528	-1.110340	0.050694	0.344249	
2529	-1.109421	0.052462	0.346292	
2530	-1.104655	0.053608	0.346297	
2531	-1.104229	0.054043	0.347148	
2532	-1.105770	0.055892	0.348827	
2533	-1.102568	0.056788	0.348908	
2534	-1.101089	0.056388	0.348623	
2535	-1.103422	0.057147	0.350441	
2536	-1.100663	0.057836	0.351021	
2537	-1.099593	0.057153	0.351104	
2538	-1.099723	0.056794	0.351831	
2539	-1.099017	0.056418	0.352666	
2540	-1.097238	0.056269	0.352759	
2541	-1.095883	0.055265	0.353229	
2542	-1.093218	0.054734	0.352614	
2543	-1.092813	0.054212	0.352580	
2544	-1.091841	0.053770	0.352720	
2545	-1.089986	0.053264	0.352511	
2546	-1.090881	0.051912	0.352575	
2547	-1.090302	0.052623	0.353049	
2548	-1.087521	0.053771	0.352650	
2549	-1.088113	0.053823	0.352959	
2550	-1.088363	0.054791	0.353452	
2551	-1.085465	0.056925	0.353376	
2552	-1.084491	0.057092	0.353094	
2553	-1.084259	0.059158	0.353887	
2554	-1.080890	0.060980	0.353286	
2555	-1.080303	0.061599	0.353178	
2556	-1.080102	0.063041	0.353651	
2557	-1.076882	0.065490	0.352897	
2558	-1.076072	0.065938	0.352458	
2559	-1.076634	0.067286	0.352834	
2560	-1.073186	0.069430	0.352186	
2561	-1.072906	0.069968	0.351770	
2562	-1.073324	0.071393	0.352139	
2563	-1.069093	0.074024	0.351317	
2564	-1.068901	0.075128	0.351217	
2565	-1.067760	0.077297	0.351240	
2566	-1.063621	0.080950	0.349963	
2567	-1.063958	0.082303	0.349905	
2568	-1.060709	0.084304	0.348449	
2569	-1.060259	0.085625	0.347327	
2570	-1.058331	0.086520	0.346320	
2571	-1.058434	0.086842	0.345307	
2572	-1.057919	0.087352	0.344567	
2573	-1.055540	0.087977	0.343293	
2574	-1.055325	0.088577	0.341977	
2575	-1.053030	0.088224	0.340485	
2576	-1.054033	0.088367	0.340151	
2577	-1.051646	0.088442	0.339177	
2578	-1.049918	0.088631	0.337251	
2579	-1.048795	0.089359	0.336700	
2580	-1.045954	0.090037	0.335568	
2581	-1.045607	0.090631	0.335011	
2582	-1.046053	0.091087	0.334965	
2583	-1.044009	0.091866	0.334183	
