0	0.000000	0.000000	0.000000	
1	0.000000	0.000000	0.000000	
2	0.000000	0.000000	0.000000	
3	0.000000	0.000000	0.000000	
4	0.000949	0.001918	0.001837	
5	0.000664	0.002197	0.002071	
6	0.000429	0.002968	0.001992	
7	0.000860	0.002747	0.001819	
8	0.000417	0.005766	0.002407	
9	0.000864	0.004690	0.001753	
10	0.000999	0.006039	0.002151	
11	0.001054	0.004860	0.001815	
12	0.001070	0.004730	0.002140	
13	0.001292	0.004961	0.002221	
14	0.000697	0.003808	0.001732	
15	0.000773	0.003276	0.001645	
16	0.000945	0.002450	0.001288	
17	0.000805	0.000916	0.000560	
18	0.001452	0.001369	0.000804	
19	0.001177	0.000838	0.000174	
20	0.000975	0.001534	0.000375	
21	0.001470	0.001227	0.000251	
22	0.003127	0.001979	0.000294	
23	0.003406	0.002086	-0.000086	
24	0.003342	0.001329	-0.000705	
25	0.004194	0.001780	-0.001023	
26	0.004580	0.001580	-0.001708	
27	0.004701	0.000721	-0.002630	
28	0.006290	0.001278	-0.002878	
29	0.006017	0.001528	-0.003270	
30	0.005413	0.000883	-0.004170	
31	0.006763	0.001019	-0.004339	
32	0.007115	0.002424	-0.004147	
33	0.006600	0.002998	-0.004766	
34	0.007074	0.003628	-0.004932	
35	0.007501	0.003649	-0.005021	
36	0.007281	0.003886	-0.005241	
37	0.007977	0.004911	-0.004951	
38	0.008905	0.006474	-0.004892	
39	0.007982	0.006400	-0.005546	
40	0.008424	0.006930	-0.005297	
41	0.009112	0.007039	-0.005541	
42	0.009291	0.006070	-0.006328	
43	0.009506	0.004922	-0.006885	
44	0.010024	0.004657	-0.006967	
45	0.010361	0.005198	-0.007236	
46	0.010512	0.005273	-0.007658	
47	0.010967	0.005713	-0.007866	
48	0.010989	0.006353	-0.008205	
49	0.010605	0.005920	-0.008534	
50	0.011599	0.006166	-0.008681	
51	0.011826	0.005455	-0.009386	
52	0.011084	0.005207	-0.009611	
53	0.011695	0.006182	-0.009692	
54	0.011336	0.005873	-0.010065	
55	0.011501	0.005711	-0.010485	
56	0.011675	0.005941	-0.010467	
57	0.011411	0.006020	-0.010781	
58	0.011229	0.006166	-0.010916	
59	0.012167	0.007703	-0.010184	
60	0.011726	0.007936	-0.009975	
61	0.010618	0.008601	-0.009642	
62	0.011496	0.009695	-0.008936	
63	0.011733	0.010623	-0.008255	
64	0.010742	0.011886	-0.007586	
65	0.010348	0.012021	-0.007310	
66	0.010359	0.012020	-0.006975	
67	0.010190	0.013658	-0.006094	
68	0.009150	0.013868	-0.005977	
69	0.007218	0.014442	-0.006032	
70	0.005865	0.014549	-0.006188	
71	0.003500	0.013522	-0.007367	
72	0.000690	0.013241	-0.008733	
73	-0.002305	0.011098	-0.011614	
74	-0.007769	0.009537	-0.015332	
75	-0.014486	0.008574	-0.019028	
76	-0.019731	0.007994	-0.023296	
77	-0.032891	0.005206	-0.032993	
78	-0.041419	0.004260	-0.037821	
79	-0.050420	0.004501	-0.042047	
80	-0.059312	0.004059	-0.046737	
81	-0.068535	0.003875	-0.051077	
82	-0.079896	0.004558	-0.055645	
83	-0.090772	0.006588	-0.059473	
84	-0.101393	0.008155	-0.063024	
85	-0.112925	0.010478	-0.066234	
86	-0.125119	0.012665	-0.069114	
87	-0.138353	0.015550	-0.071571	
88	-0.151466	0.018709	-0.073797	
89	-0.163340	0.021058	-0.076078	
90	-0.176938	0.022804	-0.078732	
91	-0.189121	0.026722	-0.080154	
92	-0.200382	0.030282	-0.081836	
93	-0.213054	0.032644	-0.083745	
94	-0.224763	0.034433	-0.085091	
95	-0.235464	0.036183	-0.087018	
96	-0.245684	0.038392	-0.088594	
97	-0.255573	0.038725	-0.090291	
98	-0.265604	0.038220	-0.091928	
99	-0.275989	0.037994	-0.092658	
100	-0.284564	0.038082	-0.093199	
101	-0.295133	0.036488	-0.093723	
102	-0.305119	0.035822	-0.093591	
103	-0.314253	0.034662	-0.093374	
104	-0.322512	0.032727	-0.093541	
105	-0.331859	0.030419	-0.093754	
106	-0.341754	0.029440	-0.092964	
107	-0.349557	0.028990	-0.091897	
108	-0.368699	0.025221	-0.090388	
109	-0.377982	0.024627	-0.088661	
110	-0.387163	0.023718	-0.086956	
111	-0.396829	0.022381	-0.084533	
112	-0.408454	0.021228	-0.081869	
113	-0.419411	0.020502	-0.079096	
114	-0.429636	0.018138	-0.076430	
115	-0.440364	0.014622	-0.073325	
116	-0.452488	0.010355	-0.070206	
117	-0.462773	0.007226	-0.066019	
118	-0.470134	0.005422	-0.060224	
119	-0.493973	-0.000823	-0.048224	
120	-0.502064	-0.001292	-0.040513	
121	-0.506931	-0.005481	-0.033466	
122	-0.516344	-0.009154	-0.026485	
123	-0.524075	-0.010211	-0.019528	
124	-0.532041	-0.014716	-0.014029	
125	-0.539542	-0.018575	-0.008019	
126	-0.546770	-0.020832	-0.002228	
127	-0.555011	-0.025630	0.002127	
128	-0.562083	-0.029799	0.006852	
129	-0.568069	-0.033540	0.011612	
130	-0.576622	-0.037689	0.015925	
131	-0.582737	-0.040582	0.021106	
132	-0.588696	-0.044523	0.026430	
133	-0.594856	-0.048436	0.031520	
134	-0.609898	-0.053447	0.042629	
135	-0.617218	-0.056146	0.048400	
136	-0.625587	-0.057863	0.054049	
137	-0.633523	-0.060774	0.059455	
138	-0.647500	-0.065468	0.070477	
139	-0.656751	-0.066230	0.076330	
140	-0.674276	-0.070210	0.087526	
141	-0.682718	-0.072318	0.093166	
142	-0.691950	-0.072476	0.099334	
143	-0.700972	-0.074142	0.105057	
144	-0.709814	-0.076516	0.110704	
145	-0.717799	-0.079279	0.115820	
146	-0.727486	-0.083590	0.120661	
147	-0.737393	-0.084305	0.126355	
148	-0.745431	-0.088165	0.131299	
149	-0.754165	-0.090609	0.136365	
150	-0.763448	-0.092099	0.142158	
151	-0.778027	-0.098621	0.153099	
152	-0.786201	-0.100383	0.158543	
153	-0.792510	-0.104139	0.163531	
154	-0.797081	-0.108307	0.168401	
155	-0.803574	-0.109628	0.173731	
156	-0.810037	-0.110816	0.179377	
157	-0.814445	-0.113580	0.184938	
158	-0.819442	-0.117332	0.190504	
159	-0.826297	-0.119747	0.196521	
160	-0.831173	-0.121937	0.202389	
161	-0.835414	-0.124843	0.207783	
162	-0.841272	-0.126030	0.213023	
163	-0.848030	-0.127739	0.218271	
164	-0.852623	-0.129809	0.223258	
165	-0.857171	-0.133184	0.227647	
166	-0.863825	-0.134608	0.232599	
167	-0.868910	-0.136978	0.237707	
168	-0.872276	-0.140388	0.242005	
169	-0.878465	-0.141983	0.247391	
170	-0.885238	-0.143754	0.253086	
171	-0.889202	-0.149273	0.258085	
172	-0.894434	-0.154233	0.263103	
173	-0.901345	-0.157587	0.268611	
174	-0.911375	-0.164153	0.280282	
175	-0.917555	-0.168460	0.286402	
176	-0.923353	-0.170588	0.292992	
177	-0.927737	-0.174641	0.299700	
178	-0.932587	-0.178182	0.306449	
179	-0.937713	-0.182081	0.313322	
180	-0.942648	-0.185851	0.319777	
181	-0.947510	-0.188813	0.326136	
182	-0.952125	-0.192191	0.332034	
183	-0.958172	-0.197092	0.338212	
184	-0.962574	-0.198613	0.344319	
185	-0.965044	-0.202702	0.349210	
186	-0.971319	-0.204167	0.355027	
187	-0.978180	-0.206589	0.360747	
188	-0.982872	-0.208868	0.365977	
189	-0.987346	-0.210638	0.371198	
190	-0.995403	-0.210994	0.377268	
191	-1.002630	-0.211804	0.383579	
192	-1.007584	-0.212631	0.389794	
193	-1.013045	-0.214161	0.395706	
194	-1.022173	-0.214584	0.402464	
195	-1.032032	-0.214172	0.409463	
196	-1.040668	-0.215661	0.415282	
197	-1.050832	-0.215958	0.420795	
198	-1.063120	-0.216858	0.426779	
199	-1.074287	-0.217628	0.431738	
200	-1.083779	-0.217880	0.436179	
201	-1.094828	-0.218423	0.440809	
202	-1.107833	-0.219089	0.445978	
203	-1.116490	-0.218348	0.449968	
204	-1.127443	-0.220353	0.454466	
205	-1.147302	-0.223083	0.462841	
206	-1.155333	-0.224286	0.466343	
207	-1.165186	-0.227232	0.470766	
208	-1.174477	-0.229810	0.475300	
209	-1.180383	-0.230680	0.479076	
210	-1.188459	-0.234156	0.483040	
211	-1.198148	-0.236849	0.488187	
212	-1.203686	-0.238641	0.492570	
213	-1.209388	-0.241259	0.496698	
214	-1.218384	-0.245354	0.501973	
215	-1.223617	-0.246443	0.507247	
216	-1.227997	-0.249496	0.511799	
217	-1.235431	-0.253102	0.517700	
218	-1.239916	-0.255656	0.523486	
219	-1.244506	-0.257783	0.529268	
220	-1.250145	-0.261363	0.535256	
221	-1.255253	-0.263757	0.541536	
222	-1.259334	-0.267119	0.547245	
223	-1.264286	-0.271377	0.553411	
224	-1.268568	-0.275377	0.559438	
225	-1.272379	-0.279197	0.565637	
226	-1.276386	-0.283432	0.572162	
227	-1.278753	-0.287506	0.578366	
228	-1.281388	-0.293012	0.584413	
229	-1.285564	-0.299061	0.590745	
230	-1.288699	-0.303720	0.596634	
231	-1.292168	-0.307778	0.602299	
232	-1.296022	-0.312639	0.608333	
233	-1.298395	-0.317890	0.613856	
234	-1.302013	-0.322800	0.619833	
235	-1.307951	-0.326671	0.626980	
236	-1.311320	-0.330710	0.632888	
237	-1.314972	-0.334882	0.638622	
238	-1.319213	-0.338832	0.644596	
239	-1.323565	-0.342079	0.650824	
240	-1.327851	-0.345578	0.656897	
241	-1.333029	-0.349725	0.663317	
242	-1.338253	-0.352108	0.669415	
243	-1.343053	-0.355789	0.674345	
244	-1.349458	-0.360301	0.680127	
245	-1.355162	-0.363048	0.685597	
246	-1.359190	-0.367717	0.689895	
247	-1.364758	-0.372641	0.694326	
248	-1.370458	-0.376648	0.698277	
249	-1.375665	-0.380559	0.701525	
250	-1.381196	-0.385082	0.704459	
251	-1.388888	-0.387941	0.707654	
252	-1.395519	-0.390425	0.710701	
253	-1.402615	-0.394627	0.712954	
254	-1.412233	-0.396466	0.715892	
255	-1.420725	-0.397732	0.717940	
256	-1.439600	-0.401237	0.721046	
257	-1.450734	-0.400322	0.722627	
258	-1.470401	-0.400799	0.723875	
259	-1.482185	-0.400819	0.725126	
260	-1.493091	-0.399842	0.726340	
261	-1.503690	-0.398765	0.727419	
262	-1.514098	-0.398581	0.728472	
263	-1.523969	-0.399270	0.729589	
264	-1.534765	-0.397892	0.731558	
265	-1.544461	-0.397501	0.732787	
266	-1.555135	-0.397720	0.734123	
267	-1.564960	-0.398220	0.736055	
268	-1.574026	-0.399147	0.737463	
269	-1.585397	-0.399093	0.739995	
270	-1.595187	-0.397684	0.742514	
271	-1.604689	-0.398028	0.744783	
272	-1.614797	-0.399074	0.747770	
273	-1.623624	-0.399578	0.751035	
274	-1.632191	-0.400527	0.753788	
275	-1.641651	-0.398129	0.758197	
276	-1.649936	-0.396330	0.763111	
277	-1.658508	-0.393918	0.768466	
278	-1.666660	-0.389595	0.775083	
279	-1.674058	-0.385445	0.782192	
280	-1.680541	-0.380732	0.789870	
281	-1.686776	-0.375183	0.797763	
282	-1.691083	-0.370930	0.805679	
283	-1.695047	-0.366910	0.813785	
284	-1.698639	-0.363105	0.821669	
285	-1.701083	-0.359993	0.829438	
286	-1.704039	-0.359241	0.836911	
287	-1.706872	-0.356515	0.846790	
288	-1.706259	-0.353373	0.854814	
289	-1.707515	-0.353465	0.862294	
290	-1.708408	-0.350897	0.871191	
291	-1.708118	-0.348652	0.880101	
292	-1.708601	-0.347144	0.889133	
293	-1.709215	-0.345604	0.898097	
294	-1.710138	-0.342895	0.907726	
295	-1.710963	-0.340883	0.916887	
296	-1.711783	-0.340722	0.926014	
297	-1.713023	-0.340939	0.934724	
298	-1.713889	-0.340966	0.943650	
299	-1.714984	-0.342446	0.950773	
300	-1.717250	-0.343417	0.958921	
301	-1.719480	-0.345089	0.966687	
302	-1.721585	-0.345011	0.974984	
303	-1.723534	-0.347782	0.981462	
304	-1.725986	-0.349986	0.988916	
305	-1.728198	-0.354100	0.995677	
306	-1.731799	-0.356650	1.002281	
307	-1.735573	-0.357662	1.009549	
308	-1.739762	-0.360852	1.015974	
309	-1.743328	-0.365318	1.021725	
310	-1.746987	-0.368966	1.027878	
311	-1.750779	-0.369660	1.033936	
312	-1.754276	-0.374200	1.039281	
313	-1.758189	-0.377403	1.044834	
314	-1.761996	-0.379106	1.051033	
315	-1.766319	-0.382229	1.056889	
316	-1.771103	-0.386613	1.062126	
317	-1.775951	-0.390805	1.067115	
318	-1.781469	-0.394641	1.072757	
319	-1.786726	-0.398767	1.077734	
320	-1.792724	-0.403425	1.083077	
321	-1.798137	-0.408398	1.087851	
322	-1.803503	-0.413198	1.092435	
323	-1.809270	-0.418523	1.096699	
324	-1.814903	-0.423682	1.101428	
325	-1.820593	-0.428062	1.105874	
326	-1.825143	-0.432436	1.108310	
327	-1.829561	-0.438462	1.111706	
328	-1.834236	-0.443647	1.114993	
329	-1.838821	-0.447477	1.118323	
330	-1.843594	-0.453274	1.123365	
331	-1.847967	-0.459527	1.127547	
332	-1.852091	-0.463265	1.131676	
333	-1.856207	-0.469448	1.137380	
334	-1.859804	-0.477279	1.142229	
335	-1.863868	-0.481341	1.147924	
336	-1.868190	-0.487874	1.154429	
337	-1.871307	-0.493793	1.158659	
338	-1.874702	-0.499365	1.164937	
339	-1.877287	-0.506722	1.170696	
340	-1.879288	-0.513122	1.175468	
341	-1.882098	-0.518536	1.181571	
342	-1.883983	-0.524905	1.189040	
343	-1.885038	-0.530993	1.193339	
344	-1.886927	-0.536078	1.199960	
345	-1.887775	-0.542489	1.207087	
346	-1.888942	-0.547740	1.212590	
347	-1.890593	-0.550982	1.219854	
348	-1.890666	-0.557057	1.226963	
349	-1.889844	-0.563521	1.230362	
350	-1.890679	-0.568262	1.236728	
351	-1.891006	-0.573352	1.244434	
352	-1.890433	-0.579118	1.249306	
353	-1.890415	-0.584594	1.255913	
354	-1.889773	-0.595509	1.268375	
355	-1.889778	-0.601094	1.275870	
356	-1.888817	-0.606034	1.281732	
357	-1.888384	-0.611583	1.288473	
358	-1.888302	-0.617068	1.295691	
359	-1.887478	-0.623849	1.303437	
360	-1.886764	-0.634745	1.318460	
361	-1.886116	-0.641694	1.326325	
362	-1.885538	-0.647824	1.333302	
363	-1.884993	-0.653829	1.340621	
364	-1.884875	-0.658823	1.347575	
365	-1.884703	-0.663564	1.354619	
366	-1.884736	-0.667567	1.362439	
367	-1.884366	-0.670424	1.367766	
368	-1.884615	-0.674210	1.374265	
369	-1.884315	-0.678661	1.381082	
370	-1.883631	-0.681780	1.387093	
371	-1.883318	-0.684483	1.391963	
372	-1.882649	-0.687165	1.397676	
373	-1.882426	-0.690080	1.402163	
374	-1.882817	-0.692611	1.405731	
375	-1.882994	-0.695146	1.410414	
376	-1.883770	-0.697186	1.415407	
377	-1.884751	-0.698828	1.419243	
378	-1.886185	-0.700265	1.423809	
379	-1.887617	-0.702092	1.429208	
380	-1.889336	-0.704193	1.434792	
381	-1.891253	-0.705998	1.439797	
382	-1.893342	-0.709021	1.446082	
383	-1.895945	-0.711773	1.451031	
384	-1.898467	-0.715722	1.456698	
385	-1.901821	-0.718907	1.462634	
386	-1.904903	-0.723954	1.467326	
387	-1.909004	-0.728294	1.473667	
388	-1.913037	-0.733124	1.478912	
389	-1.916929	-0.739455	1.484054	
390	-1.921610	-0.743704	1.489471	
391	-1.925799	-0.750654	1.494414	
392	-1.930826	-0.756246	1.499491	
393	-1.935936	-0.762458	1.506221	
394	-1.941402	-0.767320	1.511123	
395	-1.946699	-0.774073	1.516731	
396	-1.952360	-0.781006	1.524188	
397	-1.958056	-0.786169	1.529434	
398	-1.967985	-0.800772	1.540826	
399	-1.971939	-0.808865	1.546857	
400	-1.976270	-0.815281	1.551319	
401	-1.979909	-0.823802	1.558415	
402	-1.983064	-0.829584	1.562423	
403	-1.986535	-0.837869	1.568005	
404	-1.990147	-0.844654	1.576183	
405	-1.993069	-0.850191	1.583193	
406	-1.995837	-0.857791	1.589574	
407	-1.998998	-0.864460	1.598023	
408	-2.001109	-0.868607	1.605173	
409	-2.003301	-0.871785	1.610689	
410	-2.005609	-0.875514	1.616541	
411	-2.007320	-0.880335	1.625322	
412	-2.008907	-0.882175	1.631671	
413	-2.010432	-0.885719	1.638966	
414	-2.011696	-0.889661	1.647640	
415	-2.012467	-0.893506	1.657061	
416	-2.013809	-0.893052	1.662551	
417	-2.015221	-0.894926	1.670421	
418	-2.016585	-0.897607	1.680727	
419	-2.018178	-0.897855	1.686131	
420	-2.019389	-0.901959	1.696193	
421	-2.021128	-0.902197	1.702933	
422	-2.022462	-0.903292	1.709833	
423	-2.023992	-0.902614	1.714922	
424	-2.025206	-0.904508	1.722030	
425	-2.026237	-0.907634	1.730007	
426	-2.028637	-0.909750	1.740503	
427	-2.029916	-0.911427	1.746051	
428	-2.030789	-0.913087	1.751540	
429	-2.032145	-0.914851	1.757010	
430	-2.034080	-0.919386	1.762586	
431	-2.035318	-0.923445	1.770060	
432	-2.036602	-0.935133	1.781291	
433	-2.037381	-0.940063	1.785907	
434	-2.037924	-0.945827	1.790805	
435	-2.039283	-0.951395	1.793672	
436	-2.040347	-0.956625	1.798541	
437	-2.041416	-0.963406	1.804255	
438	-2.043196	-0.968843	1.808599	
439	-2.044570	-0.974964	1.814541	
440	-2.045526	-0.982034	1.820046	
441	-2.046936	-0.988210	1.824485	
442	-2.048268	-0.993488	1.830460	
443	-2.049476	-0.999097	1.835484	
444	-2.050670	-1.005876	1.841687	
445	-2.052222	-1.011019	1.847066	
446	-2.052880	-1.017815	1.853765	
447	-2.054330	-1.023729	1.857904	
448	-2.055548	-1.030372	1.863043	
449	-2.056727	-1.036784	1.869942	
450	-2.057974	-1.042779	1.873487	
451	-2.059661	-1.049011	1.879458	
452	-2.060980	-1.054625	1.885520	
453	-2.063836	-1.060123	1.890626	
454	-2.065372	-1.067112	1.896829	
455	-2.067277	-1.073779	1.904059	
456	-2.070381	-1.080315	1.909370	
457	-2.073889	-1.086504	1.917293	
458	-2.077873	-1.093203	1.924746	
459	-2.081498	-1.102550	1.933850	
460	-2.087667	-1.107313	1.941461	
461	-2.092614	-1.115081	1.950850	
462	-2.097780	-1.122980	1.962337	
463	-2.102842	-1.129723	1.972610	
464	-2.107177	-1.136552	1.983586	
465	-2.111665	-1.143797	1.995615	
466	-2.114648	-1.151460	2.009171	
467	-2.117795	-1.157754	2.019983	
468	-2.121213	-1.164805	2.030355	
469	-2.124520	-1.172207	2.041368	
470	-2.127028	-1.178134	2.053006	
471	-2.130687	-1.184400	2.062415	
472	-2.134506	-1.191177	2.073444	
473	-2.136920	-1.196872	2.084227	
474	-2.140058	-1.202110	2.094735	
475	-2.142331	-1.207901	2.104567	
476	-2.143903	-1.213302	2.114934	
477	-2.146128	-1.217297	2.123941	
478	-2.147099	-1.220382	2.133239	
479	-2.147630	-1.222629	2.141863	
480	-2.147805	-1.226077	2.149549	
481	-2.147450	-1.227753	2.158291	
482	-2.145026	-1.229129	2.168070	
483	-2.144923	-1.230859	2.174708	
484	-2.144298	-1.231808	2.183151	
485	-2.140395	-1.232630	2.192906	
486	-2.137997	-1.233099	2.200573	
487	-2.136202	-1.233646	2.207330	
488	-2.128585	-1.236915	2.226500	
489	-2.126117	-1.237831	2.233758	
490	-2.122478	-1.239934	2.244685	
491	-2.118972	-1.242691	2.251261	
492	-2.115028	-1.246698	2.258446	
493	-2.110779	-1.250177	2.267647	
494	-2.107152	-1.254750	2.273855	
495	-2.103761	-1.259236	2.280329	
496	-2.099116	-1.263596	2.290800	
497	-2.091281	-1.274472	2.303757	
498	-2.086916	-1.278704	2.312247	
499	-2.081921	-1.282470	2.320375	
500	-2.078197	-1.287997	2.324185	
501	-2.075297	-1.291411	2.329677	
502	-2.069706	-1.296504	2.336628	
503	-2.066617	-1.300389	2.339915	
504	-2.062981	-1.303592	2.345288	
505	-2.058818	-1.306059	2.352382	
506	-2.055764	-1.309814	2.356727	
507	-2.052201	-1.314652	2.359262	
508	-2.046990	-1.318748	2.364834	
509	-2.044401	-1.321920	2.367246	
510	-2.041048	-1.324775	2.370205	
511	-2.036148	-1.327725	2.375546	
512	-2.032386	-1.332896	2.377370	
513	-2.027940	-1.338128	2.379336	
514	-2.021451	-1.342483	2.385663	
515	-2.018006	-1.345672	2.389266	
516	-2.013431	-1.350309	2.393602	
517	-2.007247	-1.354876	2.400722	
518	-2.002564	-1.359705	2.406199	
519	-1.998202	-1.363787	2.414512	
520	-1.991201	-1.368633	2.424606	
521	-1.987589	-1.372981	2.432109	
522	-1.982581	-1.377682	2.441673	
523	-1.977626	-1.382738	2.451414	
524	-1.972267	-1.387891	2.461177	
525	-1.966600	-1.394358	2.470608	
526	-1.963046	-1.401722	2.477574	
527	-1.957407	-1.406795	2.487247	
528	-1.951477	-1.412170	2.496882	
529	-1.947160	-1.418087	2.505003	
530	-1.942969	-1.423219	2.512938	
531	-1.937899	-1.427283	2.521760	
532	-1.933218	-1.432793	2.529646	
533	-1.929405	-1.435415	2.538995	
534	-1.924487	-1.438334	2.546887	
535	-1.919053	-1.442471	2.554475	
536	-1.914592	-1.446176	2.561414	
537	-1.909144	-1.448757	2.568628	
538	-1.902694	-1.453322	2.574508	
539	-1.900087	-1.455576	2.580499	
540	-1.894301	-1.458785	2.586593	
541	-1.886651	-1.463549	2.592881	
542	-1.882564	-1.466402	2.598483	
543	-1.876667	-1.469139	2.604445	
544	-1.869527	-1.472298	2.610251	
545	-1.863483	-1.474944	2.615690	
546	-1.858431	-1.476640	2.620838	
547	-1.851529	-1.477331	2.627243	
548	-1.843333	-1.479168	2.631391	
549	-1.836274	-1.480730	2.635532	
550	-1.828448	-1.482256	2.639117	
551	-1.820650	-1.481961	2.644382	
552	-1.811912	-1.483021	2.647630	
553	-1.805613	-1.482970	2.651182	
554	-1.795654	-1.482060	2.655649	
555	-1.782125	-1.483185	2.660330	
556	-1.775972	-1.481990	2.664108	
557	-1.765996	-1.480766	2.669126	
558	-1.753387	-1.480350	2.674326	
559	-1.745356	-1.479312	2.678614	
560	-1.736679	-1.477473	2.682955	
561	-1.724290	-1.476476	2.687653	
562	-1.714375	-1.476501	2.691009	
563	-1.696158	-1.473857	2.697870	
564	-1.685015	-1.473867	2.700541	
565	-1.676807	-1.473381	2.702207	
566	-1.667029	-1.472841	2.704473	
567	-1.656785	-1.473077	2.706881	
568	-1.648195	-1.473603	2.706950	
569	-1.640373	-1.474287	2.707931	
570	-1.631508	-1.474277	2.710141	
571	-1.623387	-1.475282	2.711011	
572	-1.615885	-1.477081	2.710118	
573	-1.607999	-1.478513	2.710289	
574	-1.599964	-1.480160	2.711104	
575	-1.593836	-1.480738	2.711555	
576	-1.587507	-1.481384	2.712227	
577	-1.579350	-1.482367	2.714121	
578	-1.568123	-1.485215	2.714373	
579	-1.561072	-1.485893	2.716158	
580	-1.553409	-1.487043	2.717713	
581	-1.548265	-1.488647	2.717318	
582	-1.541807	-1.488864	2.719405	
583	-1.533776	-1.490822	2.720881	
584	-1.528890	-1.492407	2.722005	
585	-1.516070	-1.494507	2.726391	
586	-1.510774	-1.495254	2.729192	
587	-1.505409	-1.496010	2.731053	
588	-1.498846	-1.496837	2.733812	
589	-1.492471	-1.497981	2.734545	
590	-1.479860	-1.499006	2.739586	
591	-1.473675	-1.499804	2.742169	
592	-1.466130	-1.500889	2.744778	
593	-1.460603	-1.501341	2.748143	
594	-1.455330	-1.502463	2.750547	
595	-1.448115	-1.503519	2.753297	
596	-1.441236	-1.503799	2.756899	
597	-1.437160	-1.503739	2.759687	
598	-1.429914	-1.503547	2.762681	
599	-1.422537	-1.503209	2.766083	
600	-1.417380	-1.502881	2.767535	
601	-1.412452	-1.502546	2.767963	
602	-1.403354	-1.501390	2.772601	
603	-1.396241	-1.499339	2.776825	
604	-1.391700	-1.499258	2.776243	
605	-1.382832	-1.498010	2.779372	
606	-1.373699	-1.496392	2.782562	
607	-1.368359	-1.495246	2.783578	
608	-1.359748	-1.493475	2.787343	
609	-1.351041	-1.492914	2.787956	
610	-1.342291	-1.491666	2.790610	
611	-1.334429	-1.490390	2.792453	
612	-1.327624	-1.489130	2.792671	
613	-1.317968	-1.488151	2.793238	
614	-1.310278	-1.487220	2.792539	
615	-1.303281	-1.485760	2.791539	
616	-1.294841	-1.484153	2.790888	
617	-1.287003	-1.482876	2.790231	
618	-1.280264	-1.482187	2.787824	
619	-1.271173	-1.482184	2.785688	
620	-1.264474	-1.482052	2.784235	
621	-1.258582	-1.482162	2.781687	
622	-1.250668	-1.482152	2.780673	
623	-1.243348	-1.482326	2.778800	
624	-1.238285	-1.483016	2.774801	
625	-1.230888	-1.483100	2.772986	
626	-1.223536	-1.483373	2.771661	
627	-1.210890	-1.483692	2.767628	
628	-1.203096	-1.484669	2.765115	
629	-1.197776	-1.485799	2.762254	
630	-1.190741	-1.486717	2.761193	
631	-1.184609	-1.487678	2.759471	
632	-1.178611	-1.489046	2.757220	
633	-1.171992	-1.490581	2.754941	
634	-1.166250	-1.491409	2.753104	
635	-1.161264	-1.492234	2.751475	
636	-1.156197	-1.492671	2.750324	
637	-1.147368	-1.492624	2.745816	
638	-1.142941	-1.492266	2.743649	
639	-1.138170	-1.491076	2.742221	
640	-1.131805	-1.490289	2.739665	
641	-1.125311	-1.489842	2.737650	
642	-1.123038	-1.488654	2.735529	
643	-1.119551	-1.486807	2.734569	
644	-1.112851	-1.486375	2.732173	
645	-1.109989	-1.484430	2.731437	
646	-1.107084	-1.482734	2.730224	
647	-1.100253	-1.480840	2.729490	
648	-1.094134	-1.479376	2.727641	
649	-1.090628	-1.477267	2.726120	
650	-1.085637	-1.474971	2.724684	
651	-1.080492	-1.472434	2.722350	
652	-1.074922	-1.469046	2.721141	
653	-1.070564	-1.465434	2.719489	
654	-1.064195	-1.461837	2.717676	
655	-1.057907	-1.458031	2.715809	
656	-1.052846	-1.453738	2.714076	
657	-1.044532	-1.450009	2.711587	
658	-1.041637	-1.445297	2.710088	
659	-1.036880	-1.440560	2.708865	
660	-1.027272	-1.437754	2.705941	
661	-1.022272	-1.433789	2.704345	
662	-1.018811	-1.429472	2.702619	
663	-1.012348	-1.425877	2.699552	
664	-1.007745	-1.421814	2.696681	
665	-1.004011	-1.417500	2.693543	
666	-1.000887	-1.412818	2.689581	
667	-0.998332	-1.407876	2.685935	
668	-0.992453	-1.403642	2.680778	
669	-0.986990	-1.398906	2.676193	
670	-0.983928	-1.392923	2.672966	
671	-0.977420	-1.388239	2.667475	
672	-0.971475	-1.382905	2.662290	
673	-0.959762	-1.373892	2.650607	
674	-0.952137	-1.370046	2.644891	
675	-0.938611	-1.362608	2.633453	
676	-0.928668	-1.360913	2.626514	
677	-0.926253	-1.356047	2.623436	
678	-0.922716	-1.351567	2.620027	
679	-0.916284	-1.348643	2.614541	
680	-0.910285	-1.344579	2.610553	
681	-0.907125	-1.339578	2.607879	
682	-0.901534	-1.336126	2.604508	
683	-0.895997	-1.332814	2.601498	
684	-0.887636	-1.324609	2.598226	
685	-0.882217	-1.321893	2.595717	
686	-0.881085	-1.315965	2.596270	
687	-0.877788	-1.312023	2.595136	
688	-0.870866	-1.310091	2.592882	
689	-0.868916	-1.303491	2.595284	
690	-0.865721	-1.298679	2.595415	
691	-0.860810	-1.295229	2.594714	
692	-0.858308	-1.289980	2.596056	
693	-0.857654	-1.284234	2.598176	
694	-0.853535	-1.281750	2.597665	
695	-0.851030	-1.277773	2.599193	
696	-0.849709	-1.273535	2.600581	
697	-0.844394	-1.272793	2.599164	
698	-0.843302	-1.268580	2.601674	
699	-0.842305	-1.265340	2.603327	
700	-0.837474	-1.265270	2.602569	
701	-0.836394	-1.261705	2.605182	
702	-0.834677	-1.259257	2.606619	
703	-0.830871	-1.257861	2.607524	
704	-0.829190	-1.254945	2.610537	
705	-0.826806	-1.252877	2.612495	
706	-0.823911	-1.250582	2.615212	
707	-0.821382	-1.247752	2.617896	
708	-0.819299	-1.245176	2.620654	
709	-0.816229	-1.243547	2.622544	
710	-0.814080	-1.240716	2.625385	
711	-0.812093	-1.237972	2.628136	
712	-0.803448	-1.231352	2.636408	
713	-0.797968	-1.231556	2.636248	
714	-0.792153	-1.231829	2.637372	
715	-0.790754	-1.229246	2.641058	
716	-0.784879	-1.230236	2.641816	
717	-0.781292	-1.229442	2.644500	
718	-0.779452	-1.227250	2.647944	
719	-0.774640	-1.227147	2.649771	
720	-0.770809	-1.226442	2.652188	
721	-0.768231	-1.224614	2.655649	
722	-0.762526	-1.225894	2.656069	
723	-0.757815	-1.226260	2.658377	
724	-0.755494	-1.225149	2.661941	
725	-0.752463	-1.225069	2.663993	
726	-0.746341	-1.227558	2.664794	
727	-0.743815	-1.226175	2.669316	
728	-0.740558	-1.225838	2.672192	
729	-0.734938	-1.227918	2.673020	
730	-0.731638	-1.226939	2.677567	
731	-0.728575	-1.226794	2.680153	
732	-0.722990	-1.228703	2.681202	
733	-0.720337	-1.227870	2.685333	
734	-0.716578	-1.228218	2.687697	
735	-0.711747	-1.230087	2.688960	
736	-0.709333	-1.229378	2.692468	
737	-0.705794	-1.230103	2.694241	
738	-0.701583	-1.231819	2.696466	
739	-0.698874	-1.232400	2.699361	
740	-0.694403	-1.235933	2.699293	
741	-0.692469	-1.237436	2.702118	
742	-0.690502	-1.238568	2.705309	
743	-0.689310	-1.239689	2.707390	
744	-0.688672	-1.239830	2.711236	
745	-0.687027	-1.240522	2.713197	
746	-0.685153	-1.242028	2.716540	
747	-0.683969	-1.242710	2.719529	
748	-0.681266	-1.244246	2.721972	
749	-0.679237	-1.245136	2.724588	
750	-0.679042	-1.244939	2.728992	
751	-0.676354	-1.246316	2.731223	
752	-0.674072	-1.247906	2.735439	
753	-0.672846	-1.248853	2.740566	
754	-0.670145	-1.251454	2.744292	
755	-0.666877	-1.254903	2.747656	
756	-0.665516	-1.257234	2.752708	
757	-0.663301	-1.260302	2.757228	
758	-0.659087	-1.265698	2.761004	
759	-0.658315	-1.268348	2.767716	
760	-0.655264	-1.272549	2.772174	
761	-0.652540	-1.276677	2.778018	
762	-0.650936	-1.280260	2.784922	
763	-0.649065	-1.283591	2.790575	
764	-0.646431	-1.287331	2.795961	
765	-0.643512	-1.291567	2.801529	
766	-0.640491	-1.295879	2.807183	
767	-0.638559	-1.299063	2.814114	
768	-0.634738	-1.303776	2.818389	
769	-0.632798	-1.307190	2.824674	
770	-0.632288	-1.308654	2.831621	
771	-0.628004	-1.313440	2.835217	
772	-0.625310	-1.316277	2.841013	
773	-0.622764	-1.318615	2.846177	
774	-0.618053	-1.322519	2.848084	
775	-0.616873	-1.323278	2.854328	
776	-0.615062	-1.323796	2.859427	
777	-0.610149	-1.325942	2.862236	
778	-0.606205	-1.326895	2.866300	
779	-0.602324	-1.327500	2.870187	
780	-0.596172	-1.330530	2.870302	
781	-0.591696	-1.332220	2.872100	
782	-0.587501	-1.333916	2.873348	
783	-0.581566	-1.336494	2.872808	
784	-0.575225	-1.339222	2.873685	
785	-0.570239	-1.340920	2.875278	
786	-0.562883	-1.343059	2.875973	
787	-0.557403	-1.344635	2.877280	
788	-0.545695	-1.347947	2.881183	
789	-0.538431	-1.349852	2.883421	
790	-0.531836	-1.352140	2.885932	
791	-0.523697	-1.354657	2.886834	
792	-0.515694	-1.356914	2.887862	
793	-0.506780	-1.360470	2.888248	
794	-0.500010	-1.362417	2.890578	
795	-0.491248	-1.364992	2.891350	
796	-0.481476	-1.368215	2.891234	
797	-0.474592	-1.369335	2.894073	
798	-0.466657	-1.371248	2.895576	
799	-0.457207	-1.374313	2.896058	
800	-0.450616	-1.375590	2.898700	
801	-0.433377	-1.381055	2.898509	
802	-0.421044	-1.383627	2.900581	
803	-0.408792	-1.386562	2.901081	
804	-0.403363	-1.387580	2.901268	
805	-0.396516	-1.389198	2.900569	
806	-0.392750	-1.388587	2.902183	
807	-0.386059	-1.389100	2.901818	
808	-0.379098	-1.389987	2.901199	
809	-0.372975	-1.389377	2.901868	
810	-0.365644	-1.390244	2.900959	
811	-0.357347	-1.391765	2.900119	
812	-0.350670	-1.391029	2.901212	
813	-0.344450	-1.391897	2.901036	
814	-0.336418	-1.393465	2.899882	
815	-0.330339	-1.392963	2.900985	
816	-0.323219	-1.393701	2.900506	
817	-0.315758	-1.394572	2.898897	
818	-0.310599	-1.393567	2.899137	
819	-0.304520	-1.394502	2.896812	
820	-0.298126	-1.395144	2.894629	
821	-0.292551	-1.394768	2.893411	
822	-0.287639	-1.394717	2.891723	
823	-0.282977	-1.394130	2.890318	
824	-0.277174	-1.392614	2.888953	
825	-0.271611	-1.392181	2.886856	
826	-0.265940	-1.390285	2.885258	
827	-0.261634	-1.387677	2.883993	
828	-0.257242	-1.385509	2.881866	
829	-0.245993	-1.379436	2.877989	
830	-0.239779	-1.376445	2.874817	
831	-0.233456	-1.373329	2.870837	
832	-0.227310	-1.368655	2.867802	
833	-0.221504	-1.364491	2.863579	
834	-0.213626	-1.360689	2.858172	
835	-0.205949	-1.355891	2.853683	
836	-0.197412	-1.350697	2.849099	
837	-0.188206	-1.347493	2.842371	
838	-0.179190	-1.343556	2.836235	
839	-0.171064	-1.339046	2.830368	
840	-0.161854	-1.335412	2.823797	
841	-0.144855	-1.328272	2.809869	
842	-0.136632	-1.324867	2.803011	
843	-0.129236	-1.321813	2.795624	
844	-0.121492	-1.317760	2.789641	
845	-0.116134	-1.315423	2.782612	
846	-0.108360	-1.311973	2.776947	
847	-0.100967	-1.308965	2.770146	
848	-0.095667	-1.307265	2.763699	
849	-0.088006	-1.303905	2.758054	
850	-0.081702	-1.304773	2.748475	
851	-0.074767	-1.304204	2.741647	
852	-0.065930	-1.300710	2.737449	
853	-0.062058	-1.301928	2.728933	
854	-0.055706	-1.303041	2.721530	
855	-0.048104	-1.302209	2.715177	
856	-0.043470	-1.301708	2.708407	
857	-0.037945	-1.300931	2.701412	
858	-0.033535	-1.299844	2.694037	
859	-0.027199	-1.298271	2.687285	
860	-0.019563	-1.296139	2.681626	
861	-0.013736	-1.295880	2.674163	
862	-0.007886	-1.295575	2.667715	
863	-0.000606	-1.296227	2.660450	
864	0.006121	-1.297365	2.654039	
865	0.014913	-1.297997	2.649013	
866	0.020586	-1.300073	2.641949	
867	0.027961	-1.301834	2.636112	
868	0.034531	-1.303525	2.630736	
869	0.040347	-1.305892	2.623701	
870	0.046096	-1.308645	2.616259	
871	0.053063	-1.310406	2.610106	
872	0.058188	-1.312625	2.603147	
873	0.064701	-1.314771	2.596048	
874	0.069190	-1.317339	2.587770	
875	0.079870	-1.319264	2.573842	
876	0.082695	-1.321126	2.564641	
877	0.087220	-1.321982	2.557185	
878	0.090190	-1.323271	2.547830	
879	0.098339	-1.322852	2.533251	
880	0.099071	-1.322442	2.524239	
881	0.101282	-1.321941	2.515676	
882	0.105975	-1.319801	2.509583	
883	0.107463	-1.318830	2.501819	
884	0.108117	-1.318590	2.492896	
885	0.108136	-1.316958	2.484454	
886	0.111135	-1.315515	2.475021	
887	0.112631	-1.314168	2.466831	
888	0.115870	-1.312180	2.457948	
889	0.117611	-1.310337	2.449630	
890	0.120166	-1.309149	2.439756	
891	0.122951	-1.308841	2.429430	
892	0.126128	-1.307766	2.420385	
893	0.128242	-1.306845	2.410731	
894	0.130662	-1.306623	2.399257	
895	0.133097	-1.306670	2.389510	
896	0.137275	-1.307253	2.379705	
897	0.140920	-1.308406	2.371323	
898	0.143697	-1.308751	2.363784	
899	0.148225	-1.308253	2.356631	
900	0.149940	-1.307596	2.348084	
901	0.152362	-1.306458	2.340368	
902	0.155219	-1.304772	2.333889	
903	0.158336	-1.302854	2.327117	
904	0.161406	-1.301084	2.320312	
905	0.163865	-1.298796	2.313972	
906	0.167496	-1.296440	2.308593	
907	0.170592	-1.294779	2.302238	
908	0.174283	-1.292639	2.296002	
909	0.177288	-1.290741	2.288289	
910	0.181135	-1.289449	2.283463	
911	0.187483	-1.287308	2.280986	
912	0.192290	-1.285871	2.277903	
913	0.195510	-1.285503	2.274323	
914	0.199818	-1.283580	2.271213	
915	0.203486	-1.281390	2.267364	
916	0.207409	-1.279412	2.264327	
917	0.211833	-1.276828	2.263065	
918	0.216748	-1.274641	2.259956	
919	0.219660	-1.273410	2.257379	
920	0.222270	-1.271232	2.256321	
921	0.225951	-1.269644	2.254279	
922	0.228403	-1.268742	2.252743	
923	0.232736	-1.266880	2.251562	
924	0.237140	-1.265687	2.249712	
925	0.241804	-1.264862	2.248650	
926	0.245146	-1.263632	2.248872	
927	0.251404	-1.263247	2.246940	
928	0.255108	-1.263357	2.248000	
929	0.256278	-1.262577	2.250007	
930	0.261342	-1.262456	2.249871	
931	0.265460	-1.263089	2.251336	
932	0.268782	-1.263249	2.254595	
933	0.272099	-1.264035	2.256035	
934	0.275140	-1.264848	2.258541	
935	0.278235	-1.265354	2.261073	
936	0.280755	-1.266168	2.262477	
937	0.284107	-1.267195	2.264323	
938	0.288024	-1.267576	2.268616	
939	0.290552	-1.268429	2.272574	
940	0.292738	-1.269041	2.276014	
941	0.296084	-1.269567	2.278835	
942	0.299293	-1.269984	2.281224	
943	0.301948	-1.270809	2.284871	
944	0.303613	-1.270695	2.289072	
945	0.306709	-1.270919	2.291902	
946	0.310077	-1.271416	2.294901	
947	0.311301	-1.271599	2.299067	
948	0.314656	-1.272687	2.300843	
949	0.317744	-1.273388	2.304402	
950	0.324645	-1.274944	2.307456	
951	0.326226	-1.275709	2.311229	
952	0.328153	-1.276108	2.313798	
953	0.330922	-1.275983	2.316573	
954	0.332984	-1.275208	2.320777	
955	0.334564	-1.274706	2.324555	
956	0.338528	-1.273794	2.326535	
957	0.340944	-1.272381	2.332053	
958	0.341991	-1.270879	2.337388	
959	0.342004	-1.268549	2.340658	
960	0.344738	-1.268539	2.345977	
961	0.346657	-1.268025	2.350570	
962	0.346939	-1.266677	2.356039	
963	0.352137	-1.267137	2.357632	
964	0.352337	-1.267033	2.362501	
965	0.353360	-1.266452	2.368061	
966	0.358845	-1.267394	2.370197	
967	0.360600	-1.267748	2.376466	
968	0.363483	-1.268458	2.381847	
969	0.369293	-1.270819	2.384656	
970	0.373117	-1.272641	2.391579	
971	0.374624	-1.272825	2.397738	
972	0.379809	-1.276267	2.403094	
973	0.382737	-1.277718	2.412005	
974	0.383701	-1.276848	2.418941	
975	0.387701	-1.279585	2.424656	
976	0.388852	-1.280205	2.434225	
977	0.392659	-1.280947	2.438180	
978	0.398091	-1.284579	2.446021	
979	0.396448	-1.283100	2.453599	
980	0.398514	-1.283282	2.454586	
981	0.404260	-1.285064	2.460800	
982	0.405153	-1.284841	2.469180	
983	0.407466	-1.285447	2.470947	
984	0.410541	-1.286521	2.476818	
985	0.410651	-1.286211	2.482801	
986	0.411687	-1.286841	2.485840	
987	0.414263	-1.287592	2.491570	
988	0.416347	-1.288276	2.495214	
989	0.418958	-1.289896	2.497929	
990	0.422071	-1.290122	2.505075	
991	0.422589	-1.289968	2.509225	
992	0.423827	-1.290789	2.512432	
993	0.425982	-1.289551	2.519580	
994	0.428040	-1.289167	2.522772	
995	0.430600	-1.289884	2.525286	
996	0.432548	-1.287827	2.530835	
997	0.432506	-1.284779	2.538723	
998	0.435606	-1.284411	2.542416	
999	0.437448	-1.282602	2.547848	
1000	0.440649	-1.280425	2.559752	
1001	0.442204	-1.277934	2.569944	
1002	0.443191	-1.277474	2.578403	
1003	0.443624	-1.278007	2.583588	
1004	0.442436	-1.276142	2.589930	
1005	0.441418	-1.275535	2.594093	
1006	0.441225	-1.274244	2.599953	
1007	0.441768	-1.273475	2.602886	
1008	0.442189	-1.273305	2.606351	
1009	0.442247	-1.272678	2.608583	
1010	0.443007	-1.273327	2.610630	
1011	0.444169	-1.273673	2.613228	
1012	0.443802	-1.272805	2.616397	
1013	0.444010	-1.272724	2.620474	
1014	0.445497	-1.273177	2.621004	
1015	0.447784	-1.275357	2.624582	
1016	0.446542	-1.274270	2.628260	
1017	0.447874	-1.274273	2.629344	
1018	0.449930	-1.275674	2.631595	
1019	0.451986	-1.273958	2.633636	
1020	0.454244	-1.274562	2.633881	
1021	0.452597	-1.270689	2.634813	
1022	0.455196	-1.270685	2.634888	
1023	0.455533	-1.264704	2.633306	
1024	0.458509	-1.259584	2.631332	
1025	0.457903	-1.254342	2.630173	
1026	0.458693	-1.250819	2.629701	
1027	0.461669	-1.248481	2.627521	
1028	0.462306	-1.244103	2.626625	
1029	0.464049	-1.240673	2.627229	
1030	0.466668	-1.237833	2.627391	
1031	0.466567	-1.232056	2.627186	
1032	0.468232	-1.228957	2.628061	
1033	0.471841	-1.226688	2.627975	
1034	0.472263	-1.221536	2.628066	
1035	0.474888	-1.218343	2.627454	
1036	0.479038	-1.217591	2.628965	
1037	0.480686	-1.213432	2.627804	
1038	0.481686	-1.210011	2.628658	
1039	0.485473	-1.208270	2.627877	
1040	0.487660	-1.206203	2.627633	
1041	0.489434	-1.203102	2.625951	
1042	0.491031	-1.200393	2.624363	
1043	0.493621	-1.198925	2.621962	
1044	0.494897	-1.196352	2.619481	
1045	0.496265	-1.194973	2.618773	
1046	0.498312	-1.193009	2.616886	
1047	0.499537	-1.189771	2.616928	
1048	0.501942	-1.188310	2.615257	
1049	0.502993	-1.186965	2.614741	
1050	0.503602	-1.186555	2.616154	
1051	0.504773	-1.184807	2.615196	
1052	0.505678	-1.182763	2.614258	
1053	0.505921	-1.181657	2.615420	
1054	0.506785	-1.180468	2.615755	
1055	0.507190	-1.179155	2.616730	
1056	0.507167	-1.177719	2.618470	
1057	0.507289	-1.175458	2.619397	
1058	0.507274	-1.174103	2.621733	
1059	0.506608	-1.173155	2.625050	
1060	0.507215	-1.173320	2.628465	
1061	0.507103	-1.175041	2.633739	
1062	0.504815	-1.174520	2.638649	
1063	0.505335	-1.175430	2.642351	
1064	0.506037	-1.173562	2.642570	
1065	0.504905	-1.169956	2.642489	
1066	0.507437	-1.171542	2.644848	
1067	0.507675	-1.171598	2.647751	
1068	0.506648	-1.167864	2.647983	
1069	0.508429	-1.168830	2.650947	
1070	0.508611	-1.170771	2.656636	
1071	0.505477	-1.168608	2.661870	
1072	0.505725	-1.166124	2.662839	
1073	0.504757	-1.166472	2.668827	
1074	0.501766	-1.163731	2.673715	
1075	0.502174	-1.161667	2.675585	
1076	0.501595	-1.159221	2.677839	
1077	0.499426	-1.158585	2.684286	
1078	0.498351	-1.157705	2.689127	
1079	0.497441	-1.157880	2.694578	
1080	0.496830	-1.157652	2.698772	
1081	0.494419	-1.155932	2.703483	
1082	0.495867	-1.156158	2.705884	
1083	0.496332	-1.155668	2.708310	
1084	0.493650	-1.152990	2.711673	
1085	0.496781	-1.153048	2.709616	
1086	0.497239	-1.147918	2.703880	
1087	0.494815	-1.145495	2.705721	
1088	0.496635	-1.145737	2.703739	
1089	0.494124	-1.142578	2.703025	
1090	0.490844	-1.142625	2.706537	
1091	0.491736	-1.144697	2.705696	
1092	0.488608	-1.144981	2.707911	
1093	0.485705	-1.144405	2.708508	
1094	0.486008	-1.146273	2.705894	
1095	0.481361	-1.146340	2.709198	
1096	0.480596	-1.148174	2.708331	
1097	0.479419	-1.149551	2.707292	
1098	0.474768	-1.149972	2.710964	
1099	0.474551	-1.153061	2.710464	
1100	0.471097	-1.155784	2.714158	
1101	0.465147	-1.160231	2.718829	
1102	0.461496	-1.160874	2.720547	
1103	0.458007	-1.161948	2.722840	
1104	0.454155	-1.162672	2.725190	
1105	0.449503	-1.163605	2.728831	
1106	0.445563	-1.166080	2.733428	
1107	0.442152	-1.167858	2.736356	
1108	0.437620	-1.170558	2.742691	
1109	0.433577	-1.173230	2.747799	
1110	0.429426	-1.174610	2.750381	
1111	0.425466	-1.179126	2.756996	
1112	0.421240	-1.183194	2.762652	
1113	0.416896	-1.186923	2.767262	
1114	0.411527	-1.188630	2.770147	
1115	0.407599	-1.193135	2.775025	
1116	0.395826	-1.198630	2.784133	
1117	0.391534	-1.202860	2.788162	
1118	0.385852	-1.205682	2.791973	
1119	0.379100	-1.205518	2.792383	
1120	0.374870	-1.212738	2.801663	
1121	0.368482	-1.214908	2.806390	
1122	0.362010	-1.214512	2.805701	
1123	0.357403	-1.218079	2.808936	
1124	0.351722	-1.222834	2.819226	
1125	0.345617	-1.221941	2.819279	
1126	0.341825	-1.226164	2.825387	
1127	0.336644	-1.227139	2.829376	
1128	0.332984	-1.229606	2.833969	
1129	0.329416	-1.231726	2.836451	
1130	0.325558	-1.232725	2.839492	
1131	0.323246	-1.235125	2.842267	
1132	0.320848	-1.237384	2.845996	
1133	0.318297	-1.238394	2.846278	
1134	0.317527	-1.240527	2.845415	
1135	0.316717	-1.243941	2.848781	
1136	0.314955	-1.244344	2.848506	
1137	0.314381	-1.246367	2.849275	
1138	0.313859	-1.248062	2.848196	
1139	0.312327	-1.248373	2.849624	
1140	0.311227	-1.248208	2.848380	
1141	0.311124	-1.250296	2.849883	
1142	0.308769	-1.248919	2.849831	
1143	0.308170	-1.250074	2.851546	
1144	0.306837	-1.250616	2.852419	
1145	0.305209	-1.251074	2.855071	
1146	0.303688	-1.251262	2.856954	
1147	0.301856	-1.252172	2.862524	
1148	0.298978	-1.251800	2.865236	
1149	0.297082	-1.252892	2.869484	
1150	0.296084	-1.254928	2.873360	
1151	0.292260	-1.255077	2.878488	
1152	0.291285	-1.258138	2.882858	
1153	0.289324	-1.260326	2.886123	
1154	0.285978	-1.261938	2.890676	
1155	0.284478	-1.265495	2.893809	
1156	0.282001	-1.267846	2.896323	
1157	0.279469	-1.270160	2.897871	
1158	0.277310	-1.273786	2.901185	
1159	0.274699	-1.275824	2.903231	
1160	0.273078	-1.280054	2.906660	
1161	0.270748	-1.283299	2.908609	
1162	0.267906	-1.285825	2.911170	
1163	0.266539	-1.290315	2.912626	
1164	0.263184	-1.292478	2.916503	
1165	0.261072	-1.295955	2.916602	
1166	0.259590	-1.300164	2.920372	
1167	0.257429	-1.302746	2.921929	
1168	0.256335	-1.306901	2.924372	
1169	0.255119	-1.310799	2.928286	
1170	0.253332	-1.313406	2.931019	
1171	0.252303	-1.316926	2.934438	
1172	0.250344	-1.318873	2.937774	
1173	0.248869	-1.321952	2.940526	
1174	0.246525	-1.324156	2.943044	
1175	0.245385	-1.327240	2.944919	
1176	0.242680	-1.329054	2.951317	
1177	0.240266	-1.330531	2.951834	
1178	0.238407	-1.332654	2.956358	
1179	0.235130	-1.333487	2.960566	
1180	0.232719	-1.335248	2.964554	
1181	0.231088	-1.338980	2.969595	
1182	0.229246	-1.342672	2.973832	
1183	0.226394	-1.345704	2.978960	
1184	0.223709	-1.349283	2.984116	
1185	0.219700	-1.352511	2.988739	
1186	0.216342	-1.356602	2.992101	
1187	0.212695	-1.361338	2.998332	
1188	0.208033	-1.365177	3.004098	
1189	0.204335	-1.369692	3.008116	
1190	0.200369	-1.374535	3.013224	
1191	0.195384	-1.378792	3.018516	
1192	0.191091	-1.383517	3.023225	
1193	0.185591	-1.388606	3.029211	
1194	0.178821	-1.392708	3.036110	
1195	0.174407	-1.398882	3.041676	
1196	0.169262	-1.404280	3.047663	
1197	0.164560	-1.409308	3.054026	
1198	0.160053	-1.414416	3.060747	
1199	0.155648	-1.419749	3.067868	
1200	0.151144	-1.424937	3.073955	
1201	0.146818	-1.430099	3.080400	
1202	0.138895	-1.440763	3.095743	
1203	0.135319	-1.446002	3.102797	
1204	0.132144	-1.451494	3.110281	
1205	0.129021	-1.456639	3.117532	
1206	0.127175	-1.462180	3.125357	
1207	0.124404	-1.466299	3.134617	
1208	0.122864	-1.471162	3.141226	
1209	0.120943	-1.475892	3.149991	
1210	0.119303	-1.480900	3.158381	
1211	0.117369	-1.484987	3.163710	
1212	0.115122	-1.488909	3.171121	
1213	0.112700	-1.496533	3.183800	
1214	0.112064	-1.500139	3.189855	
1215	0.111871	-1.503716	3.194667	
1216	0.113441	-1.508129	3.201110	
1217	0.115173	-1.512041	3.207441	
1218	0.117094	-1.515446	3.213587	
1219	0.119987	-1.518913	3.219032	
1220	0.123119	-1.522290	3.224828	
1221	0.127473	-1.525705	3.230977	
1222	0.131093	-1.527968	3.237175	
1223	0.136870	-1.531218	3.243060	
1224	0.142246	-1.533437	3.250370	
1225	0.148131	-1.535385	3.256516	
1226	0.155523	-1.537648	3.263799	
1227	0.163105	-1.539784	3.272109	
1228	0.170431	-1.541434	3.278966	
1229	0.179870	-1.545068	3.285868	
1230	0.188270	-1.547478	3.295308	
1231	0.196866	-1.550308	3.302421	
1232	0.205637	-1.553806	3.309219	
1233	0.214085	-1.557159	3.315918	
1234	0.222643	-1.561110	3.321747	
1235	0.231321	-1.564945	3.327973	
1236	0.239238	-1.568398	3.332739	
1237	0.247432	-1.572030	3.337819	
1238	0.255139	-1.574989	3.343118	
1239	0.262394	-1.577735	3.348941	
1240	0.269073	-1.581419	3.354628	
1241	0.275370	-1.585698	3.359602	
1242	0.282311	-1.589727	3.366439	
1243	0.286922	-1.593469	3.370096	
1244	0.293150	-1.597417	3.375573	
1245	0.299026	-1.601209	3.381251	
1246	0.304018	-1.605494	3.384961	
1247	0.310987	-1.609796	3.392088	
1248	0.316181	-1.614111	3.396983	
1249	0.322223	-1.619385	3.402124	
1250	0.333636	-1.627260	3.410006	
1251	0.339843	-1.632432	3.415088	
1252	0.346217	-1.637623	3.420639	
1253	0.353681	-1.642849	3.427021	
1254	0.368510	-1.654519	3.440426	
1255	0.375810	-1.660483	3.447408	
1256	0.382270	-1.665733	3.454044	
1257	0.389468	-1.670667	3.460914	
1258	0.395710	-1.674934	3.468108	
1259	0.402643	-1.678468	3.475316	
1260	0.409133	-1.683096	3.480011	
1261	0.416099	-1.687284	3.485442	
1262	0.422750	-1.691478	3.491022	
1263	0.429773	-1.695044	3.495740	
1264	0.435738	-1.698380	3.499654	
1265	0.442636	-1.700878	3.504230	
1266	0.450479	-1.703530	3.508402	
1267	0.459668	-1.706599	3.511658	
1268	0.468742	-1.708990	3.515989	
1269	0.477322	-1.711386	3.519359	
1270	0.487976	-1.713658	3.523281	
1271	0.497782	-1.715217	3.526565	
1272	0.507991	-1.716824	3.529943	
1273	0.520186	-1.718521	3.532475	
1274	0.531744	-1.719947	3.535489	
1275	0.542854	-1.720332	3.538761	
1276	0.554573	-1.721999	3.540436	
1277	0.567033	-1.722735	3.543574	
1278	0.579924	-1.723643	3.545170	
1279	0.591613	-1.723252	3.548308	
1280	0.604061	-1.723761	3.550232	
1281	0.615976	-1.724116	3.552137	
1282	0.628052	-1.724496	3.553747	
1283	0.639455	-1.725230	3.554466	
1284	0.651676	-1.726942	3.554638	
1285	0.664389	-1.728165	3.555786	
1286	0.677301	-1.729356	3.557333	
1287	0.689844	-1.730829	3.558088	
1288	0.701021	-1.732256	3.558665	
1289	0.713857	-1.733022	3.559929	
1290	0.727896	-1.734222	3.560384	
1291	0.740984	-1.734091	3.561598	
1292	0.752528	-1.735219	3.561293	
1293	0.766266	-1.736061	3.561821	
1294	0.777994	-1.737275	3.562006	
1295	0.790609	-1.738436	3.562370	
1296	0.802267	-1.740239	3.562027	
1297	0.813289	-1.740375	3.563258	
1298	0.824934	-1.740300	3.564242	
1299	0.838176	-1.741896	3.564237	
1300	0.849766	-1.743297	3.565366	
1301	0.861810	-1.744448	3.566902	
1302	0.876074	-1.746304	3.568096	
1303	0.887227	-1.747169	3.571206	
1304	0.898941	-1.748815	3.573938	
1305	0.913835	-1.749262	3.578083	
1306	0.925356	-1.751246	3.581028	
1307	0.938530	-1.753594	3.584774	
1308	0.950301	-1.755944	3.589119	
1309	0.960832	-1.757885	3.595037	
1310	0.973175	-1.760692	3.600195	
1311	0.986645	-1.762510	3.606556	
1312	0.997861	-1.764576	3.612556	
1313	1.009457	-1.768563	3.616759	
1314	1.021948	-1.771025	3.621784	
1315	1.030977	-1.773221	3.626896	
1316	1.040709	-1.776413	3.630571	
1317	1.048708	-1.778693	3.635404	
1318	1.066560	-1.781876	3.644421	
1319	1.074791	-1.783578	3.648391	
1320	1.083965	-1.784564	3.652950	
1321	1.092299	-1.785828	3.656313	
1322	1.102231	-1.787777	3.658561	
1323	1.117735	-1.787060	3.661657	
1324	1.127020	-1.787984	3.663871	
1325	1.137329	-1.789785	3.665108	
1326	1.148106	-1.789397	3.667770	
1327	1.158247	-1.790105	3.668888	
1328	1.169122	-1.791283	3.669105	
1329	1.180026	-1.790324	3.670140	
1330	1.190929	-1.790494	3.670167	
1331	1.202251	-1.789776	3.669684	
1332	1.213324	-1.789025	3.668816	
1333	1.227067	-1.787205	3.667579	
1334	1.250862	-1.783832	3.664767	
1335	1.264645	-1.780585	3.663545	
1336	1.276434	-1.777162	3.663001	
1337	1.306798	-1.772808	3.658981	
1338	1.333383	-1.769023	3.654150	
1339	1.348241	-1.764803	3.651464	
1340	1.358465	-1.761362	3.649853	
1341	1.371122	-1.760243	3.644694	
1342	1.382028	-1.758333	3.640982	
1343	1.393784	-1.757362	3.636081	
1344	1.404292	-1.757697	3.630507	
1345	1.421783	-1.753331	3.626442	
1346	1.424348	-1.754473	3.622409	
1347	1.440841	-1.751522	3.617044	
1348	1.445382	-1.750368	3.614206	
1349	1.451652	-1.750502	3.608705	
1350	1.462136	-1.748870	3.603796	
1351	1.471617	-1.745445	3.600732	
1352	1.477666	-1.746358	3.595121	
1353	1.487258	-1.744503	3.590283	
1354	1.496263	-1.742113	3.586609	
1355	1.505191	-1.741371	3.580528	
1356	1.515738	-1.738614	3.576014	
1357	1.525403	-1.736440	3.571515	
1358	1.536914	-1.734034	3.566390	
1359	1.548264	-1.731096	3.562110	
1360	1.558206	-1.728803	3.558552	
1361	1.570806	-1.726766	3.554327	
1362	1.584223	-1.723747	3.550518	
1363	1.594280	-1.720081	3.549284	
1364	1.606087	-1.718302	3.545834	
1365	1.619755	-1.715768	3.542500	
1366	1.631890	-1.713061	3.539443	
1367	1.642309	-1.711823	3.535580	
1368	1.655241	-1.708178	3.532312	
1369	1.663951	-1.706263	3.528891	
1370	1.675656	-1.703436	3.524615	
1371	1.686514	-1.699495	3.522301	
1372	1.695833	-1.697187	3.519004	
1373	1.705784	-1.694740	3.515192	
1374	1.714572	-1.691380	3.511472	
1375	1.723021	-1.688720	3.507796	
1376	1.731179	-1.686129	3.503809	
1377	1.740243	-1.682721	3.498693	
1378	1.748298	-1.680041	3.493544	
1379	1.755379	-1.677034	3.488940	
1380	1.764144	-1.673254	3.482759	
1381	1.773273	-1.666934	3.478840	
1382	1.778330	-1.663563	3.474763	
1383	1.785012	-1.659687	3.468242	
1384	1.794520	-1.653159	3.461468	
1385	1.799734	-1.649156	3.454828	
1386	1.807440	-1.644294	3.446409	
1387	1.815948	-1.637532	3.438141	
1388	1.821753	-1.633949	3.428278	
1389	1.828498	-1.628309	3.419651	
1390	1.834286	-1.622495	3.413187	
1391	1.841777	-1.617698	3.404031	
1392	1.851966	-1.612163	3.393653	
1393	1.858976	-1.605865	3.387007	
1394	1.863907	-1.601978	3.380010	
1395	1.877613	-1.593882	3.366167	
1396	1.889811	-1.584174	3.350956	
1397	1.896713	-1.579157	3.343146	
1398	1.902779	-1.574185	3.336340	
1399	1.909286	-1.571672	3.326540	
1400	1.915715	-1.567387	3.319585	
1401	1.922202	-1.563743	3.312060	
1402	1.928624	-1.560855	3.303064	
1403	1.934414	-1.557657	3.294384	
1404	1.940289	-1.554403	3.285084	
1405	1.945286	-1.550152	3.278685	
1406	1.951503	-1.544984	3.273263	
1407	1.957143	-1.541193	3.265521	
1408	1.964013	-1.536328	3.257565	
1409	1.971341	-1.530256	3.251343	
1410	1.978453	-1.524750	3.243538	
1411	1.986448	-1.518714	3.235244	
1412	1.993927	-1.513098	3.226967	
1413	2.002843	-1.508457	3.217129	
1414	2.012861	-1.501262	3.210149	
1415	2.020782	-1.495398	3.203876	
1416	2.030134	-1.489609	3.197216	
1417	2.040720	-1.483363	3.190868	
1418	2.050394	-1.476419	3.186345	
1419	2.059590	-1.470636	3.180119	
1420	2.070589	-1.464427	3.172871	
1421	2.080561	-1.458039	3.166692	
1422	2.091130	-1.452196	3.159249	
1423	2.098978	-1.446723	3.154182	
1424	2.114668	-1.437466	3.140739	
1425	2.120740	-1.432712	3.136158	
1426	2.126782	-1.429418	3.130334	
1427	2.133132	-1.426456	3.122712	
1428	2.139516	-1.422381	3.115242	
1429	2.144494	-1.418259	3.110128	
1430	2.149022	-1.414011	3.106528	
1431	2.153543	-1.410346	3.101830	
1432	2.158328	-1.407180	3.093798	
1433	2.163753	-1.402303	3.087234	
1434	2.167552	-1.397135	3.083149	
1435	2.171355	-1.391929	3.078040	
1436	2.176009	-1.385890	3.072519	
1437	2.178536	-1.382878	3.064102	
1438	2.181351	-1.379038	3.056954	
1439	2.184296	-1.373259	3.052372	
1440	2.187487	-1.367662	3.045695	
1441	2.191371	-1.362466	3.036726	
1442	2.194122	-1.357289	3.029152	
1443	2.196573	-1.352821	3.021857	
1444	2.200493	-1.347017	3.011147	
1445	2.204358	-1.341772	2.999013	
1446	2.206607	-1.337442	2.992684	
1447	2.208591	-1.333898	2.981189	
1448	2.212747	-1.327989	2.967116	
1449	2.214413	-1.323275	2.963429	
1450	2.215225	-1.320157	2.955715	
1451	2.219717	-1.311982	2.944916	
1452	2.221707	-1.305123	2.936809	
1453	2.220162	-1.303062	2.927483	
1454	2.221965	-1.296645	2.916065	
1455	2.224278	-1.288488	2.907670	
1456	2.224425	-1.283608	2.900932	
1457	2.226800	-1.277265	2.889805	
1458	2.228343	-1.271341	2.880723	
1459	2.229882	-1.265243	2.872272	
1460	2.232561	-1.257582	2.866850	
1461	2.234332	-1.252841	2.855811	
1462	2.236464	-1.248178	2.845566	
1463	2.240043	-1.240794	2.840997	
1464	2.241802	-1.236474	2.829035	
1465	2.245788	-1.229887	2.820061	
1466	2.248919	-1.223138	2.814671	
1467	2.249795	-1.220155	2.803106	
1468	2.254727	-1.213190	2.791602	
1469	2.257462	-1.209073	2.780681	
1470	2.260379	-1.206043	2.769167	
1471	2.269449	-1.195321	2.753294	
1472	2.273130	-1.191998	2.744112	
1473	2.278295	-1.187524	2.737867	
1474	2.283403	-1.183783	2.727232	
1475	2.288946	-1.180190	2.718314	
1476	2.294538	-1.176651	2.708786	
1477	2.300060	-1.172871	2.698216	
1478	2.306393	-1.166234	2.688561	
1479	2.312373	-1.160631	2.681479	
1480	2.316719	-1.156562	2.671894	
1481	2.322157	-1.150036	2.663086	
1482	2.325850	-1.146075	2.655836	
1483	2.329495	-1.141401	2.647685	
1484	2.333346	-1.135722	2.637715	
1485	2.337592	-1.129483	2.632811	
1486	2.340143	-1.125466	2.624091	
1487	2.342829	-1.120268	2.615292	
1488	2.346004	-1.114583	2.609616	
1489	2.347009	-1.110954	2.600423	
1490	2.349213	-1.105266	2.590001	
1491	2.350172	-1.100342	2.581755	
1492	2.350744	-1.095107	2.571005	
1493	2.352812	-1.084093	2.553360	
1494	2.353058	-1.080028	2.542788	
1495	2.353354	-1.073748	2.533556	
1496	2.353808	-1.067544	2.528531	
1497	2.353904	-1.061389	2.520811	
1498	2.351082	-1.058641	2.506574	
1499	2.350845	-1.050508	2.499603	
1500	2.350325	-1.042984	2.493354	
1501	2.349890	-1.034386	2.483907	
1502	2.349764	-1.025861	2.475925	
1503	2.348468	-1.019321	2.466285	
1504	2.347584	-1.013048	2.454253	
1505	2.345683	-1.008248	2.442404	
1506	2.344265	-1.004218	2.429092	
1507	2.343273	-0.998250	2.417091	
1508	2.342556	-0.992126	2.405965	
1509	2.342223	-0.985967	2.396199	
1510	2.340521	-0.980481	2.384176	
1511	2.339722	-0.974465	2.374256	
1512	2.338546	-0.968883	2.365197	
1513	2.336166	-0.965464	2.355053	
1514	2.335786	-0.958859	2.346272	
1515	2.334825	-0.953447	2.338739	
1516	2.332520	-0.950843	2.328933	
1517	2.330570	-0.946185	2.321520	
1518	2.328855	-0.942267	2.313894	
1519	2.327193	-0.938731	2.307421	
1520	2.326176	-0.933462	2.301224	
1521	2.325169	-0.929752	2.295087	
1522	2.324680	-0.926978	2.289927	
1523	2.325025	-0.922606	2.284582	
1524	2.325550	-0.918648	2.280015	
1525	2.325505	-0.916475	2.273366	
1526	2.324834	-0.914231	2.264575	
1527	2.326094	-0.910907	2.258410	
1528	2.326538	-0.908285	2.250106	
1529	2.327952	-0.904224	2.242482	
1530	2.330436	-0.899179	2.234406	
1531	2.333967	-0.892976	2.226887	
1532	2.337573	-0.887005	2.217690	
1533	2.341358	-0.881014	2.208980	
1534	2.343826	-0.876729	2.199045	
1535	2.347005	-0.872066	2.189065	
1536	2.351551	-0.864893	2.180020	
1537	2.355080	-0.860673	2.170243	
1538	2.359273	-0.855611	2.162020	
1539	2.362990	-0.850651	2.152483	
1540	2.366594	-0.846432	2.144299	
1541	2.370373	-0.841392	2.134017	
1542	2.374794	-0.836370	2.127089	
1543	2.378370	-0.832376	2.119137	
1544	2.381637	-0.829925	2.110631	
1545	2.386081	-0.823694	2.103778	
1546	2.388705	-0.819330	2.096000	
1547	2.392013	-0.815415	2.087729	
1548	2.395544	-0.809805	2.080471	
1549	2.397216	-0.805719	2.071276	
1550	2.400538	-0.800379	2.063277	
1551	2.403865	-0.793745	2.054869	
1552	2.405568	-0.789595	2.046352	
1553	2.406221	-0.786920	2.036917	
1554	2.408892	-0.780304	2.029536	
1555	2.409975	-0.775854	2.020683	
1556	2.410861	-0.771419	2.012234	
1557	2.411629	-0.766561	2.003740	
1558	2.412323	-0.762685	1.995637	
1559	2.412848	-0.757388	1.987137	
1560	2.414217	-0.750741	1.978768	
1561	2.414885	-0.745670	1.970182	
1562	2.414700	-0.740569	1.959223	
1563	2.414525	-0.735268	1.949617	
1564	2.414661	-0.723673	1.928908	
1565	2.415683	-0.717129	1.919792	
1566	2.416235	-0.712018	1.909794	
1567	2.418182	-0.704156	1.899412	
1568	2.420570	-0.698668	1.889576	
1569	2.423487	-0.690611	1.879619	
1570	2.425703	-0.685460	1.870879	
1571	2.427411	-0.682543	1.861259	
1572	2.430034	-0.677096	1.851729	
1573	2.431501	-0.673485	1.843620	
1574	2.433202	-0.670389	1.835755	
1575	2.436137	-0.665404	1.828179	
1576	2.437036	-0.663798	1.818640	
1577	2.439196	-0.660435	1.809596	
1578	2.442097	-0.657906	1.803354	
1579	2.446331	-0.653009	1.785069	
1580	2.448470	-0.649429	1.775575	
1581	2.450876	-0.647284	1.767602	
1582	2.454403	-0.643744	1.759430	
1583	2.458322	-0.639866	1.749722	
1584	2.462047	-0.635715	1.740394	
1585	2.464784	-0.633542	1.729457	
1586	2.468635	-0.628591	1.719422	
1587	2.472903	-0.623720	1.709253	
1588	2.475789	-0.620636	1.697883	
1589	2.480811	-0.614473	1.688198	
1590	2.485528	-0.609673	1.677732	
1591	2.488543	-0.607807	1.666295	
1592	2.492876	-0.603148	1.655303	
1593	2.497574	-0.599485	1.646142	
1594	2.501012	-0.595963	1.635731	
1595	2.506418	-0.589988	1.625606	
1596	2.511806	-0.581813	1.617365	
1597	2.515934	-0.577138	1.606977	
1598	2.520665	-0.570949	1.599010	
1599	2.524128	-0.565220	1.589919	
1600	2.528604	-0.558718	1.582317	
1601	2.532022	-0.552651	1.574191	
1602	2.534714	-0.546529	1.567047	
1603	2.537840	-0.539546	1.559176	
1604	2.539365	-0.534008	1.552041	
1605	2.541869	-0.528155	1.546754	
1606	2.543404	-0.520622	1.539992	
1607	2.543902	-0.516231	1.534580	
1608	2.544829	-0.511654	1.528798	
1609	2.545349	-0.505321	1.522117	
1610	2.544613	-0.500358	1.514913	
1611	2.544898	-0.495007	1.508981	
1612	2.543616	-0.491984	1.503118	
1613	2.541632	-0.486225	1.495832	
1614	2.538442	-0.474306	1.481024	
1615	2.534953	-0.468340	1.470638	
1616	2.532217	-0.463088	1.463089	
1617	2.528861	-0.456894	1.453742	
1618	2.526085	-0.450603	1.445860	
1619	2.521966	-0.444639	1.436738	
1620	2.518190	-0.437452	1.428203	
1621	2.514489	-0.431957	1.419659	
1622	2.509731	-0.427764	1.411677	
1623	2.504817	-0.423590	1.402854	
1624	2.500719	-0.418302	1.394719	
1625	2.496666	-0.412331	1.386732	
1626	2.491801	-0.408925	1.379331	
1627	2.486180	-0.406425	1.371253	
1628	2.480618	-0.403738	1.363939	
1629	2.474917	-0.401632	1.356033	
1630	2.469864	-0.399107	1.349394	
1631	2.465499	-0.397362	1.342314	
1632	2.460151	-0.394943	1.332938	
1633	2.456142	-0.393294	1.324624	
1634	2.452895	-0.390395	1.316932	
1635	2.449711	-0.387724	1.309886	
1636	2.445536	-0.386519	1.302583	
1637	2.441862	-0.383999	1.296574	
1638	2.437622	-0.382483	1.290033	
1639	2.434335	-0.379558	1.285404	
1640	2.429935	-0.377176	1.279924	
1641	2.424907	-0.375752	1.274901	
1642	2.420622	-0.373148	1.269987	
1643	2.417764	-0.371003	1.266914	
1644	2.412743	-0.369812	1.263188	
1645	2.409048	-0.367947	1.259921	
1646	2.405157	-0.367598	1.258175	
1647	2.400208	-0.365506	1.254759	
1648	2.397880	-0.361946	1.254973	
1649	2.394544	-0.357796	1.254379	
1650	2.390219	-0.356899	1.253219	
1651	2.385889	-0.354593	1.251217	
1652	2.378994	-0.352612	1.247112	
1653	2.374304	-0.350106	1.244959	
1654	2.370205	-0.347650	1.244028	
1655	2.364303	-0.346058	1.241762	
1656	2.358357	-0.344228	1.239408	
1657	2.352246	-0.340605	1.237940	
1658	2.345592	-0.339507	1.236281	
1659	2.338444	-0.337575	1.234151	
1660	2.331508	-0.336020	1.232666	
1661	2.322483	-0.334772	1.229844	
1662	2.313481	-0.333931	1.227173	
1663	2.305536	-0.331921	1.225620	
1664	2.294636	-0.331480	1.222168	
1665	2.285619	-0.330282	1.219963	
1666	2.277987	-0.328733	1.218530	
1667	2.268354	-0.329392	1.216213	
1668	2.256667	-0.329754	1.211432	
1669	2.248454	-0.329553	1.209379	
1670	2.238822	-0.329005	1.206919	
1671	2.226393	-0.328127	1.203343	
1672	2.216176	-0.327720	1.201441	
1673	2.205690	-0.328294	1.200734	
1674	2.192672	-0.328270	1.198880	
1675	2.180943	-0.327202	1.196797	
1676	2.170414	-0.326511	1.196187	
1677	2.158143	-0.325871	1.194392	
1678	2.146945	-0.324270	1.193179	
1679	2.137701	-0.323168	1.193771	
1680	2.127932	-0.322722	1.194028	
1681	2.117801	-0.321116	1.193045	
1682	2.109082	-0.320739	1.193361	
1683	2.100551	-0.318981	1.192999	
1684	2.092628	-0.317206	1.192715	
1685	2.084694	-0.316061	1.192237	
1686	2.077034	-0.315186	1.190589	
1687	2.070554	-0.313067	1.190062	
1688	2.056064	-0.310695	1.187847	
1689	2.049950	-0.309182	1.187549	
1690	2.043279	-0.307785	1.186066	
1691	2.036606	-0.305247	1.184460	
1692	2.029457	-0.302112	1.182241	
1693	2.023653	-0.298542	1.180708	
1694	2.016831	-0.294218	1.178370	
1695	2.009773	-0.290411	1.175700	
1696	2.002914	-0.286767	1.172518	
1697	1.996983	-0.281857	1.169844	
1698	1.990608	-0.277874	1.165960	
1699	1.984698	-0.273390	1.162133	
1700	1.979297	-0.268713	1.158724	
1701	1.974657	-0.264675	1.155623	
1702	1.968252	-0.260833	1.151145	
1703	1.963396	-0.255864	1.147647	
1704	1.957361	-0.252638	1.142216	
1705	1.951993	-0.248403	1.137238	
1706	1.947765	-0.244577	1.133196	
1707	1.941510	-0.241817	1.127635	
1708	1.936383	-0.237372	1.122791	
1709	1.931746	-0.234225	1.118795	
1710	1.924779	-0.231574	1.113962	
1711	1.918535	-0.227247	1.109318	
1712	1.913544	-0.223612	1.106061	
1713	1.906715	-0.221396	1.101688	
1714	1.899466	-0.217561	1.097070	
1715	1.892781	-0.214731	1.093213	
1716	1.884882	-0.212346	1.088554	
1717	1.877324	-0.208972	1.084280	
1718	1.868970	-0.206494	1.079353	
1719	1.860162	-0.203564	1.074750	
1720	1.851491	-0.200344	1.070498	
1721	1.842550	-0.198206	1.066022	
1722	1.833533	-0.195726	1.062441	
1723	1.822862	-0.192699	1.057581	
1724	1.812897	-0.190714	1.053619	
1725	1.801325	-0.188986	1.049503	
1726	1.790502	-0.186749	1.045805	
1727	1.781666	-0.185080	1.042488	
1728	1.772174	-0.183148	1.039787	
1729	1.754091	-0.179029	1.034210	
1730	1.745715	-0.177560	1.032628	
1731	1.736774	-0.175521	1.030371	
1732	1.728672	-0.174065	1.028344	
1733	1.721135	-0.173131	1.027328	
1734	1.713988	-0.172064	1.026470	
1735	1.707101	-0.169394	1.024910	
1736	1.700126	-0.167993	1.023332	
1737	1.694028	-0.167923	1.022183	
1738	1.687693	-0.166621	1.020113	
1739	1.681251	-0.165974	1.018460	
1740	1.676095	-0.165263	1.017504	
1741	1.669569	-0.163927	1.016213	
1742	1.664916	-0.162410	1.015067	
1743	1.659063	-0.160704	1.013695	
1744	1.654428	-0.159479	1.012758	
1745	1.649086	-0.158476	1.010671	
1746	1.643949	-0.157584	1.008255	
1747	1.637536	-0.155732	1.005476	
1748	1.632538	-0.155694	1.002832	
1749	1.627391	-0.154890	1.000107	
1750	1.621190	-0.152027	0.996430	
1751	1.616005	-0.150023	0.993328	
1752	1.609957	-0.148441	0.989476	
1753	1.604218	-0.145362	0.986034	
1754	1.598042	-0.141579	0.981795	
1755	1.591483	-0.139433	0.976442	
1756	1.585334	-0.134573	0.971635	
1757	1.579712	-0.131049	0.966789	
1758	1.566309	-0.124089	0.954806	
1759	1.560630	-0.120736	0.949359	
1760	1.554614	-0.117410	0.943444	
1761	1.547918	-0.113981	0.937001	
1762	1.542104	-0.110758	0.930594	
1763	1.535427	-0.107513	0.924142	
1764	1.530211	-0.102723	0.918624	
1765	1.525718	-0.099154	0.913444	
1766	1.512146	-0.092875	0.901269	
1767	1.505498	-0.089479	0.895054	
1768	1.499555	-0.084566	0.889829	
1769	1.494015	-0.080849	0.884417	
1770	1.488598	-0.077940	0.878835	
1771	1.483713	-0.074930	0.874040	
1772	1.479663	-0.071716	0.869652	
1773	1.474888	-0.068927	0.865131	
1774	1.470261	-0.067433	0.860950	
1775	1.465210	-0.065779	0.857292	
1776	1.454080	-0.069268	0.847705	
1777	1.448919	-0.071681	0.843098	
1778	1.443062	-0.072522	0.838667	
1779	1.436972	-0.077611	0.833453	
1780	1.430281	-0.079916	0.828636	
1781	1.416090	-0.087280	0.817943	
1782	1.409618	-0.088955	0.813707	
1783	1.401666	-0.090590	0.809165	
1784	1.394081	-0.091105	0.805197	
1785	1.387014	-0.091317	0.801739	
1786	1.380145	-0.092477	0.798186	
1787	1.372854	-0.093581	0.794400	
1788	1.365661	-0.093250	0.791031	
1789	1.352528	-0.092851	0.785744	
1790	1.345233	-0.093407	0.782548	
1791	1.339752	-0.093693	0.780349	
1792	1.333161	-0.093015	0.777889	
1793	1.328098	-0.094082	0.775019	
1794	1.320824	-0.092929	0.771858	
1795	1.317630	-0.093100	0.769815	
1796	1.310717	-0.093249	0.766760	
1797	1.304496	-0.092558	0.764221	
1798	1.298614	-0.091695	0.761421	
1799	1.293690	-0.091496	0.759022	
1800	1.288440	-0.089368	0.756783	
1801	1.283746	-0.088019	0.753362	
1802	1.277989	-0.086714	0.749871	
1803	1.271787	-0.085880	0.746485	
1804	1.269129	-0.085352	0.743640	
1805	1.264380	-0.082592	0.741591	
1806	1.260841	-0.080536	0.740141	
1807	1.256579	-0.080088	0.737474	
1808	1.252468	-0.077736	0.734980	
1809	1.249136	-0.075398	0.732927	
1810	1.245025	-0.074134	0.729293	
1811	1.242219	-0.070884	0.726149	
1812	1.238657	-0.066414	0.723071	
1813	1.234080	-0.064068	0.717828	
1814	1.229029	-0.061285	0.712296	
1815	1.225625	-0.056916	0.707624	
1816	1.222926	-0.052605	0.701971	
1817	1.218978	-0.050245	0.695429	
1818	1.216050	-0.046194	0.690198	
1819	1.214283	-0.043314	0.684307	
1820	1.211253	-0.040456	0.678196	
1821	1.206642	-0.035322	0.673838	
1822	1.203886	-0.031109	0.668916	
1823	1.199987	-0.027228	0.664298	
1824	1.196686	-0.025499	0.659086	
1825	1.194037	-0.026206	0.652948	
1826	1.188477	-0.022183	0.648936	
1827	1.186016	-0.019351	0.644651	
1828	1.181366	-0.019934	0.638909	
1829	1.175357	-0.015657	0.636034	
1830	1.172957	-0.017546	0.631026	
1831	1.166183	-0.016773	0.626480	
1832	1.159178	-0.016199	0.622498	
1833	1.152170	-0.014775	0.618800	
1834	1.145955	-0.016023	0.613717	
1835	1.136369	-0.016048	0.609351	
1836	1.127631	-0.014949	0.605791	
1837	1.122042	-0.016574	0.601403	
1838	1.112411	-0.018316	0.597193	
1839	1.102621	-0.019667	0.594038	
1840	1.094765	-0.024030	0.590494	
1841	1.085215	-0.029135	0.586965	
1842	1.074099	-0.034015	0.584350	
1843	1.065577	-0.037951	0.583138	
1844	1.055187	-0.040998	0.582832	
1845	1.043793	-0.042966	0.583262	
1846	1.032127	-0.049336	0.582743	
1847	1.022261	-0.052672	0.583261	
1848	1.011135	-0.054662	0.584390	
1849	1.001591	-0.058282	0.585377	
1850	0.991166	-0.061913	0.586766	
1851	0.979590	-0.065400	0.588787	
1852	0.969558	-0.068349	0.590208	
1853	0.958284	-0.071297	0.591773	
1854	0.947660	-0.074043	0.592714	
1855	0.937737	-0.080418	0.593549	
1856	0.926950	-0.081813	0.595725	
1857	0.917700	-0.083139	0.597937	
1858	0.908747	-0.086426	0.599876	
1859	0.899660	-0.088573	0.601747	
1860	0.890467	-0.092374	0.603872	
1861	0.883643	-0.092662	0.606200	
1862	0.875195	-0.094471	0.609730	
1863	0.868400	-0.096814	0.611929	
1864	0.861297	-0.098562	0.614595	
1865	0.854056	-0.099229	0.617818	
1866	0.846489	-0.101853	0.621018	
1867	0.839856	-0.103012	0.623831	
1868	0.831488	-0.102298	0.627930	
1869	0.826126	-0.102870	0.631685	
1870	0.821605	-0.108062	0.633410	
1871	0.814289	-0.108496	0.636315	
1872	0.805562	-0.109520	0.640380	
1873	0.801571	-0.114684	0.641854	
1874	0.796652	-0.116641	0.643597	
1875	0.788718	-0.116050	0.647153	
1876	0.784641	-0.119284	0.648932	
1877	0.779457	-0.119896	0.651323	
1878	0.772607	-0.120147	0.654790	
1879	0.768409	-0.123409	0.657194	
1880	0.763250	-0.123169	0.659671	
1881	0.758113	-0.125340	0.663087	
1882	0.753776	-0.126553	0.666725	
1883	0.749989	-0.127301	0.670054	
1884	0.741518	-0.126028	0.677515	
1885	0.736616	-0.125762	0.681101	
1886	0.732116	-0.127348	0.685527	
1887	0.727592	-0.126685	0.689588	
1888	0.724183	-0.128646	0.693127	
1889	0.719503	-0.125648	0.697872	
1890	0.717828	-0.125629	0.702847	
1891	0.714809	-0.125178	0.707779	
1892	0.711790	-0.127678	0.713413	
1893	0.708827	-0.124363	0.720233	
1894	0.705558	-0.126142	0.727376	
1895	0.702503	-0.123313	0.735830	
1896	0.700778	-0.123499	0.744171	
1897	0.697893	-0.124290	0.752569	
1898	0.695456	-0.122913	0.761461	
1899	0.693384	-0.121991	0.769993	
1900	0.690335	-0.122591	0.777681	
1901	0.687945	-0.123945	0.785281	
1902	0.685135	-0.124639	0.792893	
1903	0.681845	-0.125482	0.800288	
1904	0.678799	-0.127481	0.807846	
1905	0.675881	-0.128620	0.816322	
1906	0.673479	-0.133263	0.824285	
1907	0.669361	-0.135324	0.831478	
1908	0.666369	-0.139243	0.840014	
1909	0.663518	-0.142881	0.847770	
1910	0.660635	-0.146728	0.854787	
1911	0.657898	-0.148006	0.863616	
1912	0.655156	-0.152175	0.871387	
1913	0.651779	-0.156018	0.877740	
1914	0.650008	-0.157555	0.886419	
1915	0.649186	-0.160674	0.893935	
1916	0.647983	-0.163955	0.900523	
1917	0.646927	-0.165800	0.907953	
1918	0.646707	-0.168292	0.915065	
1919	0.646346	-0.170949	0.920799	
1920	0.646035	-0.172456	0.927307	
1921	0.646245	-0.175320	0.933352	
1922	0.647117	-0.176965	0.938975	
1923	0.649043	-0.178950	0.945100	
1924	0.650673	-0.182676	0.950715	
1925	0.651625	-0.185103	0.955606	
1926	0.652871	-0.188120	0.960463	
1927	0.653887	-0.189653	0.965875	
1928	0.655840	-0.191458	0.971323	
1929	0.656524	-0.194509	0.976201	
1930	0.657767	-0.195364	0.982746	
1931	0.658079	-0.198275	0.988117	
1932	0.659066	-0.199369	0.993510	
1933	0.661454	-0.200968	0.999795	
1934	0.662638	-0.203025	1.004543	
1935	0.663213	-0.203347	1.009178	
1936	0.664765	-0.204108	1.014745	
1937	0.665591	-0.205271	1.019198	
1938	0.667368	-0.204434	1.029840	
1939	0.667976	-0.204503	1.034063	
1940	0.668647	-0.203699	1.038366	
1941	0.669862	-0.200678	1.049043	
1942	0.669921	-0.198624	1.053712	
1943	0.670601	-0.196404	1.059640	
1944	0.672152	-0.194397	1.065014	
1945	0.672397	-0.191805	1.070863	
1946	0.672365	-0.188998	1.076810	
1947	0.672691	-0.186784	1.082470	
1948	0.670757	-0.179333	1.100527	
1949	0.670560	-0.177076	1.107254	
1950	0.670630	-0.175264	1.114122	
1951	0.671283	-0.174481	1.128318	
1952	0.670498	-0.173085	1.135591	
1953	0.669436	-0.172626	1.142732	
1954	0.669027	-0.172640	1.149274	
1955	0.669192	-0.173072	1.155670	
1956	0.669652	-0.172751	1.162297	
1957	0.669204	-0.174095	1.173309	
1958	0.669012	-0.174597	1.178878	
1959	0.668755	-0.175358	1.183960	
1960	0.669601	-0.175321	1.189636	
1961	0.670161	-0.175783	1.195271	
1962	0.670428	-0.176383	1.200361	
1963	0.670598	-0.176849	1.205240	
1964	0.671804	-0.176518	1.210400	
1965	0.672711	-0.176705	1.215310	
1966	0.673266	-0.177515	1.219637	
1967	0.673643	-0.176901	1.224298	
1968	0.673213	-0.176845	1.228266	
1969	0.673719	-0.176456	1.231938	
1970	0.673408	-0.175160	1.236276	
1971	0.674071	-0.173760	1.239993	
1972	0.674510	-0.172505	1.243188	
1973	0.674083	-0.170915	1.246390	
1974	0.675937	-0.170053	1.249449	
1975	0.675831	-0.168690	1.251802	
1976	0.674318	-0.167627	1.253925	
1977	0.673756	-0.166915	1.255641	
1978	0.673527	-0.165970	1.257837	
1979	0.673043	-0.165773	1.259381	
1980	0.671392	-0.164708	1.260860	
1981	0.670017	-0.163372	1.262664	
1982	0.668791	-0.162445	1.264374	
1983	0.664878	-0.161547	1.267118	
1984	0.662857	-0.159244	1.269278	
1985	0.660708	-0.156463	1.271121	
1986	0.657758	-0.153687	1.273081	
1987	0.654446	-0.151798	1.274152	
1988	0.650539	-0.148458	1.275417	
1989	0.647209	-0.146496	1.276589	
1990	0.643783	-0.145448	1.277319	
1991	0.640297	-0.144456	1.277984	
1992	0.637936	-0.143594	1.278987	
1993	0.635149	-0.143923	1.279767	
1994	0.632308	-0.143370	1.280800	
1995	0.630494	-0.142861	1.282194	
1996	0.628206	-0.142321	1.283690	
1997	0.625057	-0.141500	1.285161	
1998	0.621855	-0.140523	1.286706	
1999	0.617908	-0.140229	1.287543	
2000	0.613589	-0.139478	1.288522	
2001	0.609161	-0.140217	1.288634	
2002	0.604717	-0.139545	1.289093	
2003	0.600033	-0.139144	1.289602	
2004	0.596377	-0.139218	1.290065	
2005	0.592133	-0.138821	1.290623	
2006	0.588275	-0.138299	1.291424	
2007	0.584145	-0.139128	1.291372	
2008	0.579436	-0.139340	1.291217	
2009	0.574064	-0.139287	1.290563	
2010	0.569227	-0.138722	1.290063	
2011	0.563876	-0.137953	1.289650	
2012	0.558390	-0.137424	1.288946	
2013	0.552913	-0.138495	1.287326	
2014	0.547648	-0.137155	1.286298	
2015	0.542690	-0.136203	1.285407	
2016	0.538704	-0.135220	1.284650	
2017	0.534980	-0.132903	1.284573	
2018	0.530714	-0.133489	1.283193	
2019	0.527864	-0.132090	1.282909	
2020	0.524438	-0.131908	1.282496	
2021	0.521603	-0.131548	1.281860	
2022	0.518672	-0.130565	1.281316	
2023	0.513392	-0.130612	1.280049	
2024	0.511209	-0.130009	1.279573	
2025	0.508721	-0.130155	1.279094	
2026	0.505676	-0.130453	1.277805	
2027	0.503341	-0.128570	1.277808	
2028	0.500776	-0.129056	1.277129	
2029	0.498509	-0.127722	1.276348	
2030	0.496246	-0.127524	1.275985	
2031	0.493417	-0.126837	1.275001	
2032	0.490656	-0.126004	1.274212	
2033	0.487569	-0.125930	1.273162	
2034	0.483735	-0.125134	1.271441	
2035	0.480762	-0.124556	1.270533	
2036	0.476895	-0.123848	1.268717	
2037	0.473344	-0.123242	1.267208	
2038	0.469275	-0.122705	1.264834	
2039	0.465929	-0.122761	1.263457	
2040	0.462197	-0.121629	1.261227	
2041	0.459042	-0.121311	1.259390	
2042	0.455967	-0.121058	1.257509	
2043	0.453320	-0.120169	1.256008	
2044	0.446177	-0.118394	1.249887	
2045	0.439439	-0.115242	1.244136	
2046	0.435071	-0.113984	1.240110	
2047	0.432681	-0.112538	1.237651	
2048	0.428979	-0.111448	1.233761	
2049	0.425853	-0.108951	1.230751	
2050	0.422404	-0.108542	1.227311	
2051	0.419248	-0.107104	1.224338	
2052	0.416575	-0.105535	1.222088	
2053	0.413399	-0.104911	1.218826	
2054	0.410957	-0.103102	1.216643	
2055	0.407406	-0.102161	1.213359	
2056	0.403935	-0.101246	1.210200	
2057	0.398181	-0.098021	1.204825	
2058	0.394783	-0.097584	1.201530	
2059	0.392356	-0.095752	1.199430	
2060	0.389019	-0.094152	1.196252	
2061	0.386464	-0.092068	1.193735	
2062	0.381152	-0.087860	1.188949	
2063	0.378618	-0.085524	1.186484	
2064	0.374182	-0.080014	1.181977	
2065	0.372534	-0.077944	1.180384	
2066	0.370769	-0.076229	1.178146	
2067	0.369279	-0.074013	1.176583	
2068	0.367522	-0.073258	1.174195	
2069	0.365494	-0.072127	1.171644	
2070	0.361617	-0.070894	1.167100	
2071	0.360307	-0.070758	1.165024	
2072	0.358608	-0.069840	1.162533	
2073	0.356404	-0.070538	1.159251	
2074	0.354805	-0.070711	1.156011	
2075	0.353955	-0.069804	1.153514	
2076	0.351994	-0.070033	1.149583	
2077	0.351062	-0.068784	1.146161	
2078	0.350149	-0.068274	1.142719	
2079	0.349076	-0.068736	1.138716	
2080	0.348510	-0.067821	1.134992	
2081	0.347867	-0.066304	1.131130	
2082	0.346763	-0.065815	1.126490	
2083	0.346515	-0.064549	1.122097	
2084	0.345881	-0.063226	1.117074	
2085	0.345082	-0.061605	1.111454	
2086	0.345183	-0.059990	1.106471	
2087	0.345284	-0.059971	1.101148	
2088	0.345399	-0.058310	1.095029	
2089	0.346245	-0.056484	1.089157	
2090	0.347240	-0.055409	1.083392	
2091	0.348593	-0.052740	1.077919	
2092	0.352739	-0.048912	1.073068	
2093	0.351643	-0.048287	1.066568	
2094	0.352324	-0.044491	1.061142	
2095	0.356165	-0.042817	1.054903	
2096	0.353819	-0.042239	1.048396	
2097	0.354574	-0.039131	1.042374	
2098	0.355549	-0.037962	1.034966	
2099	0.354905	-0.035882	1.027060	
2100	0.355306	-0.033144	1.019487	
2101	0.355198	-0.032303	1.011240	
2102	0.354620	-0.030291	1.003696	
2103	0.354634	-0.027948	0.997034	
2104	0.353914	-0.026927	0.990215	
2105	0.352303	-0.027034	0.983219	
2106	0.351791	-0.026762	0.977052	
2107	0.349849	-0.027433	0.970658	
2108	0.347864	-0.028639	0.964850	
2109	0.345536	-0.028637	0.959920	
2110	0.342588	-0.029695	0.954157	
2111	0.339449	-0.029548	0.949039	
2112	0.336496	-0.029103	0.944138	
2113	0.332930	-0.030376	0.938604	
2114	0.329347	-0.028955	0.933909	
2115	0.325540	-0.027591	0.929450	
2116	0.323660	-0.027992	0.925965	
2117	0.319359	-0.026431	0.921217	
2118	0.316889	-0.024911	0.917524	
2119	0.312917	-0.024720	0.911897	
2120	0.309801	-0.023795	0.906911	
2121	0.309983	-0.022256	0.903601	
2122	0.304349	-0.024981	0.890956	
2123	0.305065	-0.022542	0.886096	
2124	0.300783	-0.024949	0.871599	
2125	0.302181	-0.022283	0.866317	
2126	0.299582	-0.024837	0.857831	
2127	0.299533	-0.024092	0.851000	
2128	0.300238	-0.020886	0.844558	
2129	0.300048	-0.022564	0.836788	
2130	0.299035	-0.024691	0.827930	
2131	0.298583	-0.021777	0.820592	
2132	0.299908	-0.022787	0.813509	
2133	0.298516	-0.021246	0.797894	
2134	0.299429	-0.023053	0.782675	
2135	0.299263	-0.020950	0.776678	
2136	0.299744	-0.020091	0.770413	
2137	0.299503	-0.021760	0.763559	
2138	0.299795	-0.019197	0.758222	
2139	0.301113	-0.018420	0.752614	
2140	0.301852	-0.018559	0.746509	
2141	0.300856	-0.017207	0.740034	
2142	0.302387	-0.015711	0.734192	
2143	0.303930	-0.013571	0.728493	
2144	0.305543	-0.013518	0.722095	
2145	0.305382	-0.012220	0.715723	
2146	0.306780	-0.009715	0.709607	
2147	0.307703	-0.010384	0.703047	
2148	0.310058	-0.009239	0.696651	
2149	0.315548	-0.003838	0.685581	
2150	0.317547	-0.004999	0.678033	
2151	0.319956	-0.001387	0.672236	
2152	0.324699	0.000881	0.656254	
2153	0.326342	0.002786	0.647985	
2154	0.327695	0.007046	0.641087	
2155	0.328469	0.007768	0.631715	
2156	0.329720	0.010471	0.622887	
2157	0.331061	0.012049	0.614007	
2158	0.332526	0.015573	0.604940	
2159	0.333383	0.015699	0.593120	
2160	0.334649	0.019118	0.583205	
2161	0.339970	0.024042	0.561764	
2162	0.339897	0.025400	0.551125	
2163	0.341048	0.028853	0.541079	
2164	0.340792	0.030596	0.529071	
2165	0.339822	0.032621	0.516374	
2166	0.340073	0.034727	0.505808	
2167	0.340662	0.038142	0.495382	
2168	0.341144	0.039168	0.482891	
2169	0.339079	0.040122	0.470318	
2170	0.338888	0.041967	0.460432	
2171	0.337276	0.043416	0.449659	
2172	0.336743	0.045120	0.439191	
2173	0.336217	0.047172	0.430253	
2174	0.335452	0.050183	0.421948	
2175	0.334179	0.050588	0.412585	
2176	0.332284	0.052459	0.404304	
2177	0.331668	0.054554	0.397474	
2178	0.331182	0.056963	0.390529	
2179	0.331271	0.056958	0.382542	
2180	0.327840	0.059854	0.370571	
2181	0.324602	0.060946	0.364383	
2182	0.319756	0.062087	0.358599	
2183	0.312328	0.063136	0.353135	
2184	0.309645	0.064795	0.347198	
2185	0.304278	0.064830	0.340609	
2186	0.298122	0.065740	0.336045	
2187	0.292084	0.066826	0.330852	
2188	0.284739	0.067650	0.324651	
2189	0.278068	0.068909	0.319615	
2190	0.269460	0.071245	0.314581	
2191	0.262527	0.071963	0.308080	
2192	0.253168	0.072721	0.300566	
2193	0.243745	0.074022	0.294999	
2194	0.234416	0.076206	0.289330	
2195	0.226124	0.076936	0.282609	
2196	0.215430	0.077223	0.275687	
2197	0.206777	0.078596	0.269933	
2198	0.198792	0.080110	0.263568	
2199	0.190086	0.079875	0.256840	
2200	0.181213	0.081013	0.251085	
2201	0.174842	0.081784	0.245313	
2202	0.167425	0.082994	0.239175	
2203	0.158058	0.083073	0.233174	
2204	0.150920	0.083347	0.228184	
2205	0.142828	0.084670	0.223348	
2206	0.134545	0.084838	0.217819	
2207	0.126767	0.085270	0.212271	
2208	0.119634	0.085289	0.206671	
2209	0.113170	0.086133	0.200905	
2210	0.106092	0.086125	0.194880	
2211	0.098970	0.086031	0.189467	
2212	0.091383	0.086471	0.184366	
2213	0.084794	0.087284	0.179136	
2214	0.068032	0.089834	0.169852	
2215	0.060022	0.090207	0.163943	
2216	0.051543	0.090938	0.158291	
2217	0.043779	0.092141	0.152592	
2218	0.035491	0.092347	0.145580	
2219	0.026331	0.092253	0.139016	
2220	0.018944	0.093740	0.132790	
2221	0.011288	0.094142	0.125200	
2222	0.001009	0.095592	0.117965	
2223	-0.007198	0.097790	0.111573	
2224	-0.015458	0.100455	0.104137	
2225	-0.026031	0.101724	0.096313	
2226	-0.034207	0.104390	0.090158	
2227	-0.043003	0.108521	0.084010	
2228	-0.052355	0.110706	0.077205	
2229	-0.061543	0.113835	0.071461	
2230	-0.068095	0.118488	0.065909	
2231	-0.077043	0.121619	0.059798	
2232	-0.086939	0.125123	0.054335	
2233	-0.093950	0.129282	0.049015	
2234	-0.101439	0.134248	0.043594	
2235	-0.119595	0.143668	0.033868	
2236	-0.124149	0.148981	0.029788	
2237	-0.133666	0.152971	0.024014	
2238	-0.141424	0.156775	0.020144	
2239	-0.147125	0.159516	0.016744	
2240	-0.153029	0.161119	0.013381	
2241	-0.159657	0.162393	0.009862	
2242	-0.165281	0.163544	0.006716	
2243	-0.171673	0.163976	0.003252	
2244	-0.178468	0.165061	0.000584	
2245	-0.184314	0.165699	-0.002151	
2246	-0.192833	0.165963	-0.005226	
2247	-0.201536	0.166344	-0.007928	
2248	-0.207337	0.167270	-0.009604	
2249	-0.212584	0.167903	-0.012440	
2250	-0.220851	0.168808	-0.014985	
2251	-0.229263	0.170455	-0.016507	
2252	-0.235773	0.171224	-0.018486	
2253	-0.243039	0.171324	-0.020128	
2254	-0.251298	0.171483	-0.021371	
2255	-0.258822	0.171344	-0.022532	
2256	-0.279134	0.169360	-0.024298	
2257	-0.293881	0.167628	-0.026995	
2258	-0.301113	0.168114	-0.027791	
2259	-0.307988	0.168789	-0.028586	
2260	-0.315407	0.168908	-0.029269	
2261	-0.321955	0.169822	-0.029516	
2262	-0.327906	0.171910	-0.029392	
2263	-0.335017	0.172842	-0.029471	
2264	-0.344216	0.173250	-0.029986	
2265	-0.351591	0.175040	-0.029849	
2266	-0.357841	0.176812	-0.030393	
2267	-0.364914	0.176613	-0.032065	
2268	-0.372587	0.176852	-0.033809	
2269	-0.380628	0.177217	-0.035403	
2270	-0.388112	0.175641	-0.037893	
2271	-0.396186	0.174613	-0.040268	
2272	-0.402679	0.173217	-0.042638	
2273	-0.410167	0.171779	-0.045160	
2274	-0.416980	0.168908	-0.048330	
2275	-0.426138	0.167489	-0.050969	
2276	-0.432939	0.166637	-0.053331	
2277	-0.439124	0.165392	-0.055847	
2278	-0.447157	0.164914	-0.057766	
2279	-0.454340	0.164228	-0.059489	
2280	-0.458899	0.164502	-0.060974	
2281	-0.467888	0.163661	-0.062705	
2282	-0.475854	0.165264	-0.063599	
2283	-0.481892	0.164868	-0.065365	
2284	-0.489897	0.162912	-0.066987	
2285	-0.494875	0.161905	-0.068371	
2286	-0.498821	0.161003	-0.070239	
2287	-0.505216	0.160818	-0.072780	
2288	-0.511534	0.159805	-0.075760	
2289	-0.517627	0.158052	-0.079438	
2290	-0.524124	0.157880	-0.083330	
2291	-0.530201	0.158155	-0.087734	
2292	-0.536909	0.158586	-0.092043	
2293	-0.543026	0.159463	-0.096823	
2294	-0.548344	0.160467	-0.101969	
2295	-0.556863	0.164297	-0.106922	
2296	-0.563833	0.167520	-0.112202	
2297	-0.569655	0.171361	-0.117326	
2298	-0.578312	0.174540	-0.122543	
2299	-0.585626	0.178824	-0.127471	
2300	-0.591726	0.182439	-0.132311	
2301	-0.596919	0.188029	-0.136945	
2302	-0.604779	0.189581	-0.141783	
2303	-0.611452	0.194830	-0.145756	
2304	-0.618250	0.199761	-0.149773	
2305	-0.623207	0.203939	-0.154076	
2306	-0.631350	0.208678	-0.157012	
2307	-0.637230	0.212461	-0.160637	
2308	-0.643057	0.217530	-0.164045	
2309	-0.649476	0.220300	-0.167665	
2310	-0.654078	0.224280	-0.170949	
2311	-0.660626	0.227394	-0.173918	
2312	-0.665148	0.230626	-0.176639	
2313	-0.671121	0.232825	-0.178940	
2314	-0.676823	0.232934	-0.181667	
2315	-0.681850	0.234546	-0.183969	
2316	-0.686357	0.235696	-0.185958	
2317	-0.691591	0.237165	-0.187881	
2318	-0.699783	0.238459	-0.189691	
2319	-0.705305	0.238900	-0.191614	
2320	-0.709541	0.239123	-0.194101	
2321	-0.715075	0.240173	-0.196706	
2322	-0.721455	0.240443	-0.199123	
2323	-0.727093	0.240871	-0.201728	
2324	-0.732855	0.240025	-0.204923	
2325	-0.738787	0.239017	-0.207831	
2326	-0.745646	0.238965	-0.210639	
2327	-0.751178	0.238751	-0.214122	
2328	-0.756939	0.236114	-0.217247	
2329	-0.764291	0.232607	-0.220446	
2330	-0.785711	0.230958	-0.220348	
2331	-0.793220	0.230260	-0.222908	
2332	-0.798759	0.227693	-0.225689	
2333	-0.808188	0.227310	-0.227791	
2334	-0.815576	0.227218	-0.229967	
2335	-0.822932	0.224321	-0.232366	
2336	-0.833921	0.225356	-0.233744	
2337	-0.839728	0.225388	-0.236341	
2338	-0.846165	0.224456	-0.239212	
2339	-0.859003	0.225893	-0.241319	
2340	-0.872521	0.228796	-0.243359	
2341	-0.876859	0.229819	-0.246832	
2342	-0.883865	0.230676	-0.250071	
2343	-0.895085	0.232473	-0.252446	
2344	-0.900973	0.231040	-0.255918	
2345	-0.909281	0.230481	-0.258845	
2346	-0.913188	0.231157	-0.262034	
2347	-0.919847	0.228541	-0.265964	
2348	-0.929771	0.228098	-0.268424	
2349	-0.937641	0.228024	-0.271227	
2350	-0.944318	0.227035	-0.274563	
2351	-0.951631	0.227925	-0.277997	
2352	-0.955678	0.225338	-0.282678	
2353	-0.962275	0.223210	-0.286804	
2354	-0.969596	0.221051	-0.290616	
2355	-0.975144	0.219145	-0.294839	
2356	-0.978664	0.219497	-0.299406	
2357	-0.987788	0.220390	-0.302808	
2358	-0.994247	0.222725	-0.305880	
2359	-1.000704	0.223495	-0.310035	
2360	-1.015441	0.225290	-0.318244	
2361	-1.027324	0.229123	-0.328668	
2362	-1.037377	0.234332	-0.333085	
2363	-1.044748	0.238107	-0.338140	
2364	-1.058265	0.244862	-0.347944	
2365	-1.075253	0.253626	-0.356657	
2366	-1.091961	0.259531	-0.365320	
2367	-1.102119	0.265209	-0.369346	
2368	-1.106569	0.268407	-0.374177	
2369	-1.114654	0.271959	-0.377224	
2370	-1.123153	0.278659	-0.379335	
2371	-1.131966	0.283827	-0.381072	
2372	-1.135519	0.287148	-0.383384	
2373	-1.140352	0.288446	-0.384314	
2374	-1.150882	0.293205	-0.381984	
2375	-1.157696	0.297229	-0.379845	
2376	-1.156537	0.297630	-0.379124	
2377	-1.160340	0.299851	-0.377159	
2378	-1.169010	0.301153	-0.373293	
2379	-1.178263	0.300181	-0.367067	
2380	-1.182242	0.302071	-0.362888	
2381	-1.188673	0.300188	-0.358919	
2382	-1.196554	0.297089	-0.353398	
2383	-1.199337	0.295852	-0.348959	
2384	-1.205540	0.296131	-0.342631	
2385	-1.211787	0.293022	-0.336268	
2386	-1.219280	0.290671	-0.329269	
2387	-1.225218	0.288392	-0.322733	
2388	-1.231343	0.281392	-0.315733	
2389	-1.239881	0.278698	-0.307474	
2390	-1.247341	0.276494	-0.299695	
2391	-1.251947	0.272563	-0.292282	
2392	-1.255204	0.266252	-0.285561	
2393	-1.264020	0.260986	-0.277418	
2394	-1.271665	0.256584	-0.269937	
2395	-1.277256	0.254838	-0.263131	
2396	-1.283354	0.249599	-0.256463	
2397	-1.287997	0.242144	-0.250430	
2398	-1.294946	0.236700	-0.243526	
2399	-1.305930	0.227662	-0.234489	
2400	-1.311454	0.221389	-0.228561	
2401	-1.314220	0.214800	-0.223040	
2402	-1.315772	0.207955	-0.218289	
2403	-1.321034	0.202935	-0.212606	
2404	-1.325338	0.197110	-0.207764	
2405	-1.326685	0.191262	-0.203544	
2406	-1.331145	0.188602	-0.198478	
2407	-1.335323	0.183605	-0.193404	
2408	-1.340150	0.178895	-0.188364	
2409	-1.344352	0.174428	-0.183153	
2410	-1.351191	0.168292	-0.173198	
2411	-1.354150	0.160076	-0.164885	
2412	-1.358875	0.157647	-0.160023	
2413	-1.360960	0.154922	-0.155526	
2414	-1.358611	0.150348	-0.152636	
2415	-1.362730	0.147249	-0.147247	
2416	-1.364079	0.143940	-0.143049	
2417	-1.363464	0.140283	-0.139017	
2418	-1.363636	0.137270	-0.135146	
2419	-1.367906	0.134934	-0.129720	
2420	-1.367406	0.130751	-0.126460	
2421	-1.370502	0.127946	-0.121465	
2422	-1.373375	0.125796	-0.116749	
2423	-1.374026	0.121607	-0.113131	
2424	-1.378388	0.120423	-0.107911	
2425	-1.379550	0.120139	-0.103267	
2426	-1.379810	0.117800	-0.098827	
2427	-1.384694	0.114897	-0.092649	
2428	-1.386866	0.113489	-0.086779	
2429	-1.388540	0.113670	-0.081315	
2430	-1.385663	0.112076	-0.077350	
2431	-1.388022	0.111127	-0.071485	
2432	-1.390082	0.111558	-0.065766	
2433	-1.391850	0.109322	-0.060094	
2434	-1.392901	0.107546	-0.053938	
2435	-1.390917	0.106511	-0.049455	
2436	-1.391237	0.105593	-0.043225	
2437	-1.389771	0.103147	-0.037432	
2438	-1.384429	0.100729	-0.032056	
2439	-1.382085	0.096914	-0.025195	
2440	-1.380078	0.091492	-0.017606	
2441	-1.375984	0.087004	-0.009876	
2442	-1.368609	0.083905	-0.003104	
2443	-1.363622	0.078715	0.005031	
2444	-1.363505	0.072681	0.015224	
2445	-1.356052	0.069169	0.023734	
2446	-1.345086	0.062693	0.030152	
2447	-1.343697	0.054689	0.039777	
2448	-1.336743	0.050553	0.048562	
2449	-1.322369	0.044309	0.053546	
2450	-1.320210	0.034284	0.062049	
2451	-1.318266	0.028101	0.071746	
2452	-1.302859	0.023509	0.077706	
2453	-1.293585	0.016430	0.084295	
2454	-1.292357	0.011295	0.093789	
2455	-1.284684	0.006580	0.100605	
2456	-1.274439	0.003355	0.105809	
2457	-1.272156	-0.001173	0.112843	
2458	-1.268216	-0.003481	0.119128	
2459	-1.258424	-0.006712	0.123147	
2460	-1.250409	-0.010134	0.126424	
2461	-1.247537	-0.010899	0.131639	
2462	-1.245025	-0.011110	0.136482	
2463	-1.236554	-0.012236	0.139231	
2464	-1.228590	-0.012506	0.142819	
2465	-1.225295	-0.012171	0.148051	
2466	-1.222212	-0.012975	0.153061	
2467	-1.214846	-0.014677	0.157687	
2468	-1.208902	-0.012300	0.163743	
2469	-1.204962	-0.010628	0.168685	
2470	-1.200496	-0.011308	0.173154	
2471	-1.196808	-0.009221	0.178498	
2472	-1.194882	-0.006711	0.184601	
2473	-1.189079	-0.006291	0.188095	
2474	-1.185576	-0.006652	0.192445	
2475	-1.182647	-0.004462	0.197102	
2476	-1.176775	-0.004401	0.199809	
2477	-1.174248	-0.006131	0.202957	
2478	-1.170230	-0.005480	0.205976	
2479	-1.166363	-0.003542	0.208905	
2480	-1.165052	-0.003804	0.211948	
2481	-1.160236	-0.003962	0.214938	
2482	-1.156289	-0.002789	0.218709	
2483	-1.150111	-0.005828	0.221482	
2484	-1.149861	-0.003478	0.228237	
2485	-1.147727	-0.000721	0.234119	
2486	-1.139928	-0.002619	0.237616	
2487	-1.136713	-0.004652	0.242013	
2488	-1.138848	-0.001676	0.247565	
2489	-1.134824	-0.002918	0.251609	
2490	-1.130129	-0.002039	0.255582	
2491	-1.127818	-0.001545	0.259792	
2492	-1.126800	-0.002791	0.264590	
2493	-1.122562	0.003059	0.269279	
2494	-1.115779	0.002320	0.271308	
2495	-1.116604	0.003625	0.275616	
2496	-1.116779	0.008213	0.280508	
2497	-1.111207	0.008542	0.282182	
2498	-1.111487	0.008809	0.285144	
2499	-1.114422	0.014295	0.290055	
2500	-1.110508	0.014677	0.291200	
2501	-1.110676	0.014550	0.293226	
2502	-1.112406	0.016990	0.296411	
2503	-1.110465	0.017041	0.297658	
2504	-1.111831	0.016755	0.299188	
2505	-1.114304	0.017788	0.301380	
2506	-1.113036	0.018241	0.302546	
2507	-1.112816	0.017858	0.303432	
2508	-1.114271	0.019098	0.305081	
2509	-1.113547	0.019779	0.306302	
2510	-1.111094	0.020938	0.306819	
2511	-1.112607	0.021371	0.308038	
2512	-1.114548	0.024249	0.310346	
2513	-1.113547	0.025952	0.311861	
2514	-1.113977	0.026386	0.313168	
2515	-1.117795	0.029008	0.316417	
2516	-1.115196	0.031219	0.317898	
2517	-1.113314	0.031467	0.318764	
2518	-1.118527	0.034235	0.322527	
2519	-1.117322	0.036923	0.324713	
2520	-1.115242	0.036845	0.326083	
2521	-1.117986	0.038987	0.329375	
2522	-1.116936	0.040967	0.331661	
2523	-1.114755	0.042379	0.333844	
2524	-1.112826	0.044099	0.335619	
2525	-1.114554	0.045648	0.338511	
2526	-1.110679	0.047061	0.340236	
2527	-1.108223	0.048677	0.341734	
2528	-1.109959	0.050563	0.344411	
2529	-1.109071	0.052359	0.346467	
2530	-1.104271	0.053544	0.346493	
2531	-1.103834	0.054008	0.347340	
2532	-1.105384	0.055861	0.349005	
2533	-1.102241	0.056673	0.349082	
2534	-1.100715	0.056364	0.348807	
2535	-1.103055	0.057046	0.350605	
2536	-1.100282	0.057751	0.351197	
2537	-1.099268	0.057026	0.351289	
2538	-1.099392	0.056631	0.352004	
2539	-1.098666	0.056286	0.352828	
2540	-1.096915	0.056198	0.352943	
2541	-1.095500	0.055166	0.353400	
2542	-1.092804	0.054663	0.352777	
2543	-1.092435	0.054122	0.352767	
2544	-1.091490	0.053642	0.352904	
2545	-1.089706	0.053148	0.352703	
2546	-1.090502	0.051822	0.352780	
2547	-1.089936	0.052508	0.353230	
2548	-1.087123	0.053649	0.352817	
2549	-1.087724	0.053757	0.353136	
2550	-1.087931	0.054738	0.353644	
2551	-1.085144	0.056777	0.353546	
2552	-1.084157	0.056971	0.353271	
2553	-1.083864	0.059080	0.354065	
2554	-1.080420	0.060924	0.353445	
2555	-1.079959	0.061498	0.353362	
2556	-1.079629	0.063014	0.353818	
2557	-1.076510	0.065411	0.353090	
2558	-1.075687	0.065862	0.352641	
2559	-1.076257	0.067217	0.353030	
2560	-1.072826	0.069313	0.352375	
2561	-1.072557	0.069862	0.351963	
2562	-1.072858	0.071388	0.352320	
2563	-1.068748	0.073893	0.351487	
2564	-1.068465	0.075072	0.351382	
2565	-1.067420	0.077111	0.351409	
2566	-1.063267	0.080771	0.350134	
2567	-1.063555	0.082281	0.350096	
2568	-1.060340	0.084173	0.348638	
2569	-1.059889	0.085458	0.347487	
2570	-1.057932	0.086447	0.346509	
2571	-1.057977	0.086681	0.345461	
2572	-1.057490	0.087221	0.344719	
2573	-1.055130	0.087908	0.343459	
2574	-1.054932	0.088464	0.342130	
2575	-1.052683	0.088060	0.340635	
2576	-1.053549	0.088332	0.340319	
2577	-1.051323	0.088281	0.339329	
2578	-1.049512	0.088498	0.337400	
2579	-1.048439	0.089191	0.336845	
2580	-1.045533	0.089952	0.335719	
2581	-1.045205	0.090487	0.335168	
2582	-1.045594	0.091010	0.335124	
2583	-1.043591	0.091792	0.334353	
