0	0.000000	0.000000	0.000000	
1	0.000000	0.000000	0.000000	
2	0.000000	0.000000	0.000000	
3	0.000000	0.000000	0.000000	
4	0.001032	0.001990	0.001808	
5	0.000771	0.002305	0.002029	
6	0.000497	0.003140	0.001939	
7	0.001002	0.002873	0.001750	
8	0.000613	0.005569	0.002278	
9	0.001048	0.004801	0.001702	
10	0.001084	0.006224	0.002115	
11	0.001170	0.005047	0.001771	
12	0.001095	0.004834	0.002081	
13	0.001420	0.004947	0.002137	
14	0.000836	0.003984	0.001685	
15	0.000907	0.003420	0.001573	
16	0.001071	0.002580	0.001200	
17	0.000972	0.001112	0.000483	
18	0.001633	0.001545	0.000736	
19	0.001403	0.001198	0.000102	
20	0.001158	0.001879	0.000295	
21	0.001628	0.001473	0.000157	
22	0.003129	0.002285	0.000186	
23	0.003456	0.002366	-0.000198	
24	0.003348	0.001668	-0.000815	
25	0.004228	0.002085	-0.001127	
26	0.004615	0.001939	-0.001825	
27	0.004700	0.001257	-0.002734	
28	0.006402	0.001625	-0.002984	
29	0.006040	0.002035	-0.003379	
30	0.005467	0.001258	-0.004297	
31	0.006796	0.001404	-0.004455	
32	0.007120	0.002601	-0.004286	
33	0.006559	0.003342	-0.004874	
34	0.007096	0.003901	-0.005036	
35	0.007459	0.003913	-0.005145	
36	0.007127	0.004285	-0.005377	
37	0.008009	0.005283	-0.005050	
38	0.008972	0.006732	-0.004991	
39	0.008045	0.006615	-0.005665	
40	0.008499	0.007231	-0.005406	
41	0.009151	0.007277	-0.005643	
42	0.009390	0.006259	-0.006457	
43	0.009601	0.005246	-0.007012	
44	0.010114	0.005067	-0.007084	
45	0.010401	0.005625	-0.007366	
46	0.010533	0.005595	-0.007785	
47	0.010958	0.006123	-0.007972	
48	0.010995	0.006776	-0.008323	
49	0.010653	0.006302	-0.008649	
50	0.011661	0.006578	-0.008785	
51	0.011919	0.005832	-0.009527	
52	0.011058	0.005637	-0.009754	
53	0.011727	0.006642	-0.009830	
54	0.011286	0.006243	-0.010194	
55	0.011414	0.006114	-0.010621	
56	0.011618	0.006499	-0.010586	
57	0.011429	0.006547	-0.010909	
58	0.011288	0.006579	-0.011047	
59	0.012164	0.008080	-0.010295	
60	0.011813	0.008359	-0.010069	
61	0.010606	0.008918	-0.009759	
62	0.011577	0.009931	-0.009057	
63	0.011828	0.010827	-0.008381	
64	0.010918	0.012125	-0.007710	
65	0.010525	0.012253	-0.007443	
66	0.010466	0.012227	-0.007120	
67	0.010230	0.013665	-0.006256	
68	0.009191	0.013777	-0.006167	
69	0.007343	0.014455	-0.006209	
70	0.005874	0.014416	-0.006410	
71	0.003572	0.013466	-0.007535	
72	0.000753	0.013398	-0.008889	
73	-0.002228	0.011193	-0.011760	
74	-0.007791	0.009721	-0.015461	
75	-0.014504	0.008850	-0.019178	
76	-0.019721	0.008348	-0.023426	
77	-0.032887	0.005677	-0.033124	
78	-0.041428	0.004835	-0.037968	
79	-0.050478	0.005146	-0.042183	
80	-0.059206	0.004824	-0.046874	
81	-0.068364	0.004679	-0.051194	
82	-0.079582	0.005232	-0.055776	
83	-0.090621	0.007298	-0.059618	
84	-0.101285	0.008963	-0.063132	
85	-0.112763	0.011225	-0.066340	
86	-0.125090	0.013123	-0.069291	
87	-0.138412	0.016109	-0.071706	
88	-0.151320	0.018879	-0.074039	
89	-0.163153	0.021299	-0.076247	
90	-0.176718	0.023256	-0.078900	
91	-0.188994	0.027184	-0.080336	
92	-0.200192	0.030508	-0.082029	
93	-0.212852	0.032823	-0.083964	
94	-0.224446	0.034674	-0.085278	
95	-0.235276	0.036373	-0.087241	
96	-0.245429	0.038509	-0.088840	
97	-0.255548	0.038659	-0.090564	
98	-0.265569	0.038290	-0.092158	
99	-0.275925	0.038275	-0.092851	
100	-0.284411	0.038236	-0.093428	
101	-0.295031	0.036724	-0.093920	
102	-0.304951	0.036047	-0.093805	
103	-0.314026	0.034810	-0.093612	
104	-0.322497	0.032851	-0.093784	
105	-0.331794	0.030654	-0.094005	
106	-0.341689	0.029629	-0.093197	
107	-0.349551	0.029193	-0.092114	
108	-0.368594	0.025613	-0.090580	
109	-0.378002	0.024877	-0.088849	
110	-0.387111	0.023991	-0.087118	
111	-0.396874	0.022448	-0.084766	
112	-0.408310	0.021447	-0.082085	
113	-0.419423	0.020628	-0.079309	
114	-0.429572	0.018492	-0.076654	
115	-0.440190	0.014913	-0.073560	
116	-0.452269	0.010867	-0.070410	
117	-0.462649	0.008023	-0.066197	
118	-0.470130	0.006071	-0.060398	
119	-0.493947	-0.000247	-0.048435	
120	-0.501944	-0.000866	-0.040770	
121	-0.506978	-0.005085	-0.033710	
122	-0.516433	-0.008719	-0.026737	
123	-0.524068	-0.009944	-0.019753	
124	-0.531913	-0.014385	-0.014288	
125	-0.539443	-0.018181	-0.008272	
126	-0.546778	-0.020561	-0.002466	
127	-0.554989	-0.025307	0.001850	
128	-0.562011	-0.029392	0.006599	
129	-0.567974	-0.033330	0.011341	
130	-0.576511	-0.037292	0.015686	
131	-0.582729	-0.040093	0.020850	
132	-0.588626	-0.044144	0.026165	
133	-0.594863	-0.048050	0.031282	
134	-0.609893	-0.053099	0.042340	
135	-0.617258	-0.055802	0.048120	
136	-0.625235	-0.057550	0.053681	
137	-0.633455	-0.060327	0.059132	
138	-0.647635	-0.065047	0.070207	
139	-0.656739	-0.065941	0.076025	
140	-0.674203	-0.070002	0.087192	
141	-0.682694	-0.072101	0.092860	
142	-0.692039	-0.072281	0.099053	
143	-0.701033	-0.073941	0.104732	
144	-0.709779	-0.076225	0.110392	
145	-0.717764	-0.079237	0.115480	
146	-0.727656	-0.083175	0.120311	
147	-0.737175	-0.084312	0.126033	
148	-0.745262	-0.087810	0.130971	
149	-0.754396	-0.090259	0.135983	
150	-0.763527	-0.091732	0.141794	
151	-0.777931	-0.098373	0.152795	
152	-0.786037	-0.100276	0.158148	
153	-0.792570	-0.103920	0.163228	
154	-0.797114	-0.108083	0.168058	
155	-0.803506	-0.109367	0.173361	
156	-0.810134	-0.110603	0.179040	
157	-0.814518	-0.113416	0.184584	
158	-0.819433	-0.117336	0.190128	
159	-0.826309	-0.119307	0.196183	
160	-0.831197	-0.121691	0.202070	
161	-0.835442	-0.124871	0.207392	
162	-0.841312	-0.125997	0.212647	
163	-0.847961	-0.127298	0.217923	
164	-0.852650	-0.129437	0.222886	
165	-0.857374	-0.132952	0.227323	
166	-0.863925	-0.134464	0.232264	
167	-0.868906	-0.136669	0.237324	
168	-0.872479	-0.139757	0.241727	
169	-0.878555	-0.141943	0.247105	
170	-0.885193	-0.143556	0.252696	
171	-0.889342	-0.149104	0.257746	
172	-0.894518	-0.153939	0.262767	
173	-0.901449	-0.157580	0.268253	
174	-0.911510	-0.163681	0.279967	
175	-0.917558	-0.168171	0.286046	
176	-0.923353	-0.170218	0.292588	
177	-0.927810	-0.174100	0.299328	
178	-0.932563	-0.177763	0.306088	
179	-0.937753	-0.181772	0.312901	
180	-0.942720	-0.185530	0.319465	
181	-0.947507	-0.188506	0.325782	
182	-0.952080	-0.191939	0.331656	
183	-0.958277	-0.196836	0.337826	
184	-0.962643	-0.198387	0.343996	
185	-0.965041	-0.202385	0.348897	
186	-0.971461	-0.203971	0.354687	
187	-0.978204	-0.206307	0.360326	
188	-0.982949	-0.208609	0.365571	
189	-0.987351	-0.210381	0.370775	
190	-0.995399	-0.210804	0.376846	
191	-1.002621	-0.211458	0.383208	
192	-1.007580	-0.212161	0.389534	
193	-1.013051	-0.213845	0.395423	
194	-1.022095	-0.214284	0.402086	
195	-1.032112	-0.213891	0.409096	
196	-1.040853	-0.215449	0.414756	
197	-1.050576	-0.215774	0.420339	
198	-1.063116	-0.216874	0.426398	
199	-1.074212	-0.217556	0.431273	
200	-1.083804	-0.218108	0.435638	
201	-1.095067	-0.218501	0.440289	
202	-1.108038	-0.219041	0.445530	
203	-1.116839	-0.218180	0.449545	
204	-1.127832	-0.220396	0.453881	
205	-1.147754	-0.223036	0.462311	
206	-1.155844	-0.224223	0.465936	
207	-1.165621	-0.227118	0.470284	
208	-1.175093	-0.229718	0.474718	
209	-1.181103	-0.230732	0.478419	
210	-1.188749	-0.234009	0.482424	
211	-1.198504	-0.236921	0.487533	
212	-1.203962	-0.238291	0.492015	
213	-1.209860	-0.241196	0.496229	
214	-1.218552	-0.245310	0.501578	
215	-1.223909	-0.246270	0.506803	
216	-1.228153	-0.249333	0.511350	
217	-1.235919	-0.252877	0.517269	
218	-1.240423	-0.255330	0.523067	
219	-1.244964	-0.257580	0.528817	
220	-1.250345	-0.261237	0.534815	
221	-1.255542	-0.263591	0.541035	
222	-1.259423	-0.267064	0.546713	
223	-1.264447	-0.271193	0.552976	
224	-1.268957	-0.275209	0.559075	
225	-1.272573	-0.278950	0.565232	
226	-1.276783	-0.283227	0.571789	
227	-1.279152	-0.287440	0.577947	
228	-1.281851	-0.292967	0.584034	
229	-1.285909	-0.299078	0.590257	
230	-1.288961	-0.303553	0.596139	
231	-1.292488	-0.307761	0.601866	
232	-1.296264	-0.312633	0.607877	
233	-1.298532	-0.317835	0.613376	
234	-1.302244	-0.322758	0.619381	
235	-1.307996	-0.326303	0.626520	
236	-1.311738	-0.330957	0.632356	
237	-1.315279	-0.334935	0.638155	
238	-1.319612	-0.338668	0.644175	
239	-1.323777	-0.341899	0.650438	
240	-1.327847	-0.345354	0.656484	
241	-1.333382	-0.349845	0.662758	
242	-1.338605	-0.352136	0.668894	
243	-1.343253	-0.355270	0.674085	
244	-1.349712	-0.360175	0.679677	
245	-1.355361	-0.362854	0.685207	
246	-1.359470	-0.367653	0.689633	
247	-1.365003	-0.372713	0.693758	
248	-1.370768	-0.376796	0.697688	
249	-1.375872	-0.380485	0.701133	
250	-1.381412	-0.385237	0.703995	
251	-1.389196	-0.388217	0.707012	
252	-1.395814	-0.390710	0.710245	
253	-1.402925	-0.394479	0.712402	
254	-1.412446	-0.396424	0.715403	
255	-1.421026	-0.397587	0.717368	
256	-1.439864	-0.400814	0.720454	
257	-1.451055	-0.400437	0.721944	
258	-1.470625	-0.400860	0.723264	
259	-1.482510	-0.400651	0.724545	
260	-1.493581	-0.399934	0.725751	
261	-1.504055	-0.398770	0.726795	
262	-1.514160	-0.398397	0.727811	
263	-1.524315	-0.399177	0.728950	
264	-1.534381	-0.397475	0.730927	
265	-1.544733	-0.397323	0.732156	
266	-1.555554	-0.397748	0.733554	
267	-1.565118	-0.397981	0.735347	
268	-1.574362	-0.399118	0.736870	
269	-1.585825	-0.399056	0.739409	
270	-1.595397	-0.397541	0.741813	
271	-1.605037	-0.397830	0.744163	
272	-1.615260	-0.399203	0.747339	
273	-1.623692	-0.399484	0.750206	
274	-1.632191	-0.400367	0.752920	
275	-1.641779	-0.397962	0.757508	
276	-1.650075	-0.396167	0.762331	
277	-1.658730	-0.393943	0.767750	
278	-1.666793	-0.389410	0.774471	
279	-1.674151	-0.385345	0.781462	
280	-1.680923	-0.380621	0.789047	
281	-1.687088	-0.375130	0.797048	
282	-1.691489	-0.370913	0.804663	
283	-1.695247	-0.367035	0.812926	
284	-1.698817	-0.363147	0.820818	
285	-1.701325	-0.360080	0.828443	
286	-1.704155	-0.359075	0.836539	
287	-1.707076	-0.356463	0.846072	
288	-1.706525	-0.353332	0.854233	
289	-1.707684	-0.353521	0.861576	
290	-1.708748	-0.350715	0.870716	
291	-1.708541	-0.348244	0.879754	
292	-1.708727	-0.347333	0.888258	
293	-1.709467	-0.345637	0.897366	
294	-1.710495	-0.342883	0.907210	
295	-1.711396	-0.340596	0.916568	
296	-1.712147	-0.340734	0.925510	
297	-1.713448	-0.340525	0.934460	
298	-1.714249	-0.340663	0.943285	
299	-1.715388	-0.341880	0.950560	
300	-1.717597	-0.343201	0.958477	
301	-1.719768	-0.345142	0.966094	
302	-1.721737	-0.345481	0.973998	
303	-1.724036	-0.347534	0.981290	
304	-1.726294	-0.350030	0.988331	
305	-1.728552	-0.354115	0.995153	
306	-1.732205	-0.356705	1.001768	
307	-1.736049	-0.358341	1.008901	
308	-1.740121	-0.361204	1.015436	
309	-1.743588	-0.365366	1.021018	
310	-1.747225	-0.368838	1.027131	
311	-1.751100	-0.370920	1.033285	
312	-1.754606	-0.374149	1.038603	
313	-1.758534	-0.376968	1.044250	
314	-1.762715	-0.378386	1.050577	
315	-1.766657	-0.382622	1.056490	
316	-1.771557	-0.386071	1.061526	
317	-1.776380	-0.390893	1.066740	
318	-1.781732	-0.395027	1.072119	
319	-1.787041	-0.398910	1.077175	
320	-1.793051	-0.403420	1.082481	
321	-1.798525	-0.408374	1.087313	
322	-1.803871	-0.413162	1.091845	
323	-1.809641	-0.418452	1.096034	
324	-1.815010	-0.423418	1.100348	
325	-1.820990	-0.428088	1.105313	
326	-1.825376	-0.432664	1.107610	
327	-1.829826	-0.437703	1.110712	
328	-1.834546	-0.443178	1.114169	
329	-1.839297	-0.447486	1.117740	
330	-1.843917	-0.452672	1.122497	
331	-1.848280	-0.458864	1.126720	
332	-1.852443	-0.463387	1.131007	
333	-1.856617	-0.469793	1.136843	
334	-1.860004	-0.476406	1.141358	
335	-1.864200	-0.481360	1.147212	
336	-1.868243	-0.487398	1.153489	
337	-1.871653	-0.493851	1.157965	
338	-1.875192	-0.499560	1.164418	
339	-1.877683	-0.506710	1.170076	
340	-1.879927	-0.513426	1.174966	
341	-1.882294	-0.518523	1.180864	
342	-1.884210	-0.524671	1.188329	
343	-1.885364	-0.530985	1.192602	
344	-1.887360	-0.536170	1.199186	
345	-1.888227	-0.542664	1.206560	
346	-1.889465	-0.548017	1.211816	
347	-1.891031	-0.551196	1.219187	
348	-1.891137	-0.557077	1.226116	
349	-1.890552	-0.563763	1.229783	
350	-1.890691	-0.568290	1.235831	
351	-1.890959	-0.573260	1.243349	
352	-1.890675	-0.579265	1.248420	
353	-1.891040	-0.585002	1.255613	
354	-1.890059	-0.595672	1.267440	
355	-1.889886	-0.601193	1.274545	
356	-1.889239	-0.606503	1.281132	
357	-1.889182	-0.612433	1.288705	
358	-1.888839	-0.617459	1.295240	
359	-1.888220	-0.624585	1.303454	
360	-1.886944	-0.635166	1.317431	
361	-1.886585	-0.641949	1.325610	
362	-1.885609	-0.647851	1.331918	
363	-1.885541	-0.654084	1.340011	
364	-1.885036	-0.658994	1.346511	
365	-1.885291	-0.663912	1.354218	
366	-1.885474	-0.668160	1.362355	
367	-1.885103	-0.670835	1.367558	
368	-1.885087	-0.674529	1.373584	
369	-1.884536	-0.678937	1.380167	
370	-1.883991	-0.682176	1.386434	
371	-1.883494	-0.685061	1.391136	
372	-1.883068	-0.687662	1.397099	
373	-1.882824	-0.690430	1.401402	
374	-1.883127	-0.693112	1.404899	
375	-1.883343	-0.695697	1.409661	
376	-1.884350	-0.697550	1.414899	
377	-1.885099	-0.699565	1.418628	
378	-1.886610	-0.700715	1.423172	
379	-1.888215	-0.702121	1.428505	
380	-1.889723	-0.704731	1.434113	
381	-1.891701	-0.706435	1.439072	
382	-1.893882	-0.709133	1.445312	
383	-1.896277	-0.712677	1.450387	
384	-1.898988	-0.716055	1.455964	
385	-1.902196	-0.719742	1.461957	
386	-1.905260	-0.724894	1.466661	
387	-1.909398	-0.728756	1.472936	
388	-1.913701	-0.733160	1.478192	
389	-1.917277	-0.740673	1.483507	
390	-1.922090	-0.744071	1.488794	
391	-1.926349	-0.750465	1.493561	
392	-1.931234	-0.756534	1.498546	
393	-1.936308	-0.763172	1.505497	
394	-1.941745	-0.768580	1.510672	
395	-1.947042	-0.775435	1.516246	
396	-1.952873	-0.780993	1.523274	
397	-1.958477	-0.787039	1.528877	
398	-1.968461	-0.800625	1.539774	
399	-1.972483	-0.807581	1.545271	
400	-1.976733	-0.815588	1.550375	
401	-1.980184	-0.825691	1.557858	
402	-1.983552	-0.829419	1.561182	
403	-1.987004	-0.837492	1.566874	
404	-1.990573	-0.845306	1.575644	
405	-1.993399	-0.851712	1.583137	
406	-1.996373	-0.857754	1.588732	
407	-1.999439	-0.865142	1.597075	
408	-2.001628	-0.869006	1.604662	
409	-2.003716	-0.873045	1.610500	
410	-2.006034	-0.876147	1.615935	
411	-2.007767	-0.880858	1.624650	
412	-2.009361	-0.883643	1.631770	
413	-2.010911	-0.884753	1.636999	
414	-2.012130	-0.888741	1.645595	
415	-2.012891	-0.892325	1.654643	
416	-2.014252	-0.893220	1.661456	
417	-2.015692	-0.895281	1.669616	
418	-2.017026	-0.897917	1.679514	
419	-2.018501	-0.900008	1.686394	
420	-2.019841	-0.900976	1.693605	
421	-2.021597	-0.902983	1.702180	
422	-2.022964	-0.903461	1.708727	
423	-2.024465	-0.903071	1.713952	
424	-2.025623	-0.905562	1.721373	
425	-2.026740	-0.907321	1.728519	
426	-2.029152	-0.909206	1.738786	
427	-2.030416	-0.911159	1.744508	
428	-2.031221	-0.913125	1.750215	
429	-2.032609	-0.915727	1.756327	
430	-2.034549	-0.919956	1.761596	
431	-2.035676	-0.924826	1.769763	
432	-2.036992	-0.935813	1.780283	
433	-2.037756	-0.941324	1.785615	
434	-2.038368	-0.946681	1.790115	
435	-2.039618	-0.952521	1.792912	
436	-2.040771	-0.957748	1.798059	
437	-2.041839	-0.964482	1.803618	
438	-2.043531	-0.970112	1.807907	
439	-2.045015	-0.975770	1.813802	
440	-2.046062	-0.981587	1.818192	
441	-2.047414	-0.988854	1.823575	
442	-2.048670	-0.994807	1.830103	
443	-2.050007	-0.999191	1.834096	
444	-2.051185	-1.006455	1.840966	
445	-2.052701	-1.011481	1.845773	
446	-2.053436	-1.017744	1.852026	
447	-2.054799	-1.024248	1.856871	
448	-2.055983	-1.031383	1.862671	
449	-2.057203	-1.037414	1.869055	
450	-2.058458	-1.043613	1.872964	
451	-2.060206	-1.049986	1.879611	
452	-2.061475	-1.055925	1.886306	
453	-2.064232	-1.060730	1.888929	
454	-2.065772	-1.067859	1.895589	
455	-2.067798	-1.074249	1.902277	
456	-2.070849	-1.081027	1.908649	
457	-2.074337	-1.087399	1.917120	
458	-2.078268	-1.094123	1.924086	
459	-2.081896	-1.103457	1.933504	
460	-2.088023	-1.108284	1.941233	
461	-2.092853	-1.116282	1.950912	
462	-2.098214	-1.123870	1.962286	
463	-2.103289	-1.130540	1.972211	
464	-2.107587	-1.137471	1.983132	
465	-2.111899	-1.144931	1.995810	
466	-2.115200	-1.152046	2.008192	
467	-2.118224	-1.158637	2.019310	
468	-2.121633	-1.165694	2.029798	
469	-2.124941	-1.173135	2.040524	
470	-2.127624	-1.178755	2.052304	
471	-2.131260	-1.185140	2.061491	
472	-2.134951	-1.191913	2.072761	
473	-2.137220	-1.197865	2.083497	
474	-2.140554	-1.202896	2.093748	
475	-2.142751	-1.208814	2.103684	
476	-2.144289	-1.214239	2.114115	
477	-2.146505	-1.218214	2.123120	
478	-2.147406	-1.221317	2.132619	
479	-2.148031	-1.223516	2.140970	
480	-2.148219	-1.227101	2.148487	
481	-2.147783	-1.228663	2.157324	
482	-2.145391	-1.230234	2.167301	
483	-2.145170	-1.231863	2.173801	
484	-2.144779	-1.233108	2.182146	
485	-2.140931	-1.233465	2.191880	
486	-2.138204	-1.234129	2.199693	
487	-2.136635	-1.234749	2.206257	
488	-2.129110	-1.237864	2.225409	
489	-2.126336	-1.239163	2.233161	
490	-2.122564	-1.241047	2.244219	
491	-2.119349	-1.243980	2.250497	
492	-2.115268	-1.247839	2.257740	
493	-2.110759	-1.251469	2.266940	
494	-2.107214	-1.255717	2.273308	
495	-2.104151	-1.260312	2.279446	
496	-2.099543	-1.264956	2.289872	
497	-2.091765	-1.275587	2.302832	
498	-2.087363	-1.279816	2.311264	
499	-2.082306	-1.283261	2.319482	
500	-2.078728	-1.289253	2.323141	
501	-2.075818	-1.292673	2.328428	
502	-2.069822	-1.297681	2.335649	
503	-2.067034	-1.301600	2.339006	
504	-2.063375	-1.304693	2.344382	
505	-2.058986	-1.307299	2.351408	
506	-2.056236	-1.311201	2.355667	
507	-2.052679	-1.316020	2.358219	
508	-2.047152	-1.319939	2.364057	
509	-2.044690	-1.323132	2.366365	
510	-2.041392	-1.325875	2.369183	
511	-2.036726	-1.328940	2.374596	
512	-2.032559	-1.334004	2.376484	
513	-2.027916	-1.339306	2.378512	
514	-2.021758	-1.343538	2.384676	
515	-2.018568	-1.346785	2.388405	
516	-2.013642	-1.351117	2.392941	
517	-2.007571	-1.356090	2.399664	
518	-2.003091	-1.360664	2.405251	
519	-1.998223	-1.365319	2.413461	
520	-1.991597	-1.370066	2.423337	
521	-1.987938	-1.374478	2.430989	
522	-1.982882	-1.378854	2.440571	
523	-1.977520	-1.384631	2.450209	
524	-1.972506	-1.389936	2.459931	
525	-1.966737	-1.396566	2.469294	
526	-1.963186	-1.403418	2.476312	
527	-1.957708	-1.408591	2.486084	
528	-1.951634	-1.414119	2.495634	
529	-1.947518	-1.419515	2.503654	
530	-1.943240	-1.424665	2.511706	
531	-1.938158	-1.428737	2.520778	
532	-1.933720	-1.433873	2.528526	
533	-1.929827	-1.436640	2.537618	
534	-1.924911	-1.439577	2.545535	
535	-1.919428	-1.443758	2.553110	
536	-1.914936	-1.447469	2.560349	
537	-1.909519	-1.450044	2.567482	
538	-1.903150	-1.454444	2.573150	
539	-1.900624	-1.456695	2.579370	
540	-1.894766	-1.460066	2.585475	
541	-1.887043	-1.464611	2.591718	
542	-1.883146	-1.467521	2.597314	
543	-1.877221	-1.470365	2.603400	
544	-1.869908	-1.473431	2.609186	
545	-1.863945	-1.476064	2.614554	
546	-1.859022	-1.477693	2.619624	
547	-1.852033	-1.478581	2.626122	
548	-1.843639	-1.480826	2.629910	
549	-1.836846	-1.481730	2.634450	
550	-1.829131	-1.483004	2.638165	
551	-1.821153	-1.483191	2.643315	
552	-1.812397	-1.484271	2.646498	
553	-1.805922	-1.484640	2.650068	
554	-1.795972	-1.483484	2.654543	
555	-1.782619	-1.484318	2.659192	
556	-1.776386	-1.483355	2.662883	
557	-1.766237	-1.482395	2.667984	
558	-1.753907	-1.481455	2.673224	
559	-1.745761	-1.480483	2.677533	
560	-1.737178	-1.478619	2.682021	
561	-1.724634	-1.477805	2.686411	
562	-1.714921	-1.477567	2.689873	
563	-1.696483	-1.475187	2.696723	
564	-1.685516	-1.474995	2.699492	
565	-1.677186	-1.474668	2.701093	
566	-1.667521	-1.474012	2.703266	
567	-1.657152	-1.474377	2.705672	
568	-1.648507	-1.474988	2.706160	
569	-1.640969	-1.475261	2.706839	
570	-1.631974	-1.475438	2.709192	
571	-1.623865	-1.476408	2.710035	
572	-1.616404	-1.478131	2.709043	
573	-1.608330	-1.479926	2.709526	
574	-1.600535	-1.481221	2.709982	
575	-1.594261	-1.481999	2.710452	
576	-1.587829	-1.482699	2.711283	
577	-1.579833	-1.483528	2.713119	
578	-1.568581	-1.486354	2.713404	
579	-1.561457	-1.487127	2.715273	
580	-1.553984	-1.488034	2.716641	
581	-1.548780	-1.489664	2.716336	
582	-1.542288	-1.489928	2.718433	
583	-1.534148	-1.492071	2.719904	
584	-1.529390	-1.493514	2.720791	
585	-1.516542	-1.495607	2.725229	
586	-1.511064	-1.496542	2.728361	
587	-1.505792	-1.497239	2.730124	
588	-1.499391	-1.497988	2.732514	
589	-1.492658	-1.499367	2.733518	
590	-1.480018	-1.500345	2.738674	
591	-1.473946	-1.501086	2.741149	
592	-1.466179	-1.502337	2.743868	
593	-1.460847	-1.502692	2.747216	
594	-1.455520	-1.503781	2.749619	
595	-1.448410	-1.504720	2.752351	
596	-1.441680	-1.504917	2.755856	
597	-1.437456	-1.504956	2.758759	
598	-1.430204	-1.504762	2.761826	
599	-1.422879	-1.504379	2.765185	
600	-1.418029	-1.503976	2.766483	
601	-1.412930	-1.503609	2.767140	
602	-1.403726	-1.502529	2.771697	
603	-1.396413	-1.500682	2.775886	
604	-1.392336	-1.500254	2.775254	
605	-1.383185	-1.499272	2.778292	
606	-1.373882	-1.497668	2.781647	
607	-1.368581	-1.496629	2.782555	
608	-1.359991	-1.494862	2.786256	
609	-1.351611	-1.493994	2.787004	
610	-1.342762	-1.492744	2.789620	
611	-1.334950	-1.491415	2.791574	
612	-1.327909	-1.490524	2.791592	
613	-1.318337	-1.489289	2.792315	
614	-1.310709	-1.488330	2.791592	
615	-1.303640	-1.486952	2.790534	
616	-1.295259	-1.485336	2.789821	
617	-1.287404	-1.484108	2.789070	
618	-1.280645	-1.483428	2.786824	
619	-1.271446	-1.483385	2.784811	
620	-1.264691	-1.483253	2.783192	
621	-1.259159	-1.483228	2.780990	
622	-1.251128	-1.483225	2.779502	
623	-1.243756	-1.483467	2.777912	
624	-1.238703	-1.484073	2.773801	
625	-1.231220	-1.484244	2.772463	
626	-1.224007	-1.484578	2.770406	
627	-1.211274	-1.484920	2.766271	
628	-1.203448	-1.485637	2.764199	
629	-1.198125	-1.486891	2.761534	
630	-1.191162	-1.487685	2.760246	
631	-1.184919	-1.488721	2.758712	
632	-1.178899	-1.490191	2.756360	
633	-1.172293	-1.491723	2.754140	
634	-1.167097	-1.492513	2.752165	
635	-1.161456	-1.493296	2.750832	
636	-1.156697	-1.493821	2.749356	
637	-1.147573	-1.493682	2.745093	
638	-1.143512	-1.493415	2.742788	
639	-1.138575	-1.492046	2.741501	
640	-1.132323	-1.491379	2.738858	
641	-1.125785	-1.490894	2.736738	
642	-1.123517	-1.489412	2.734897	
643	-1.119851	-1.488098	2.733510	
644	-1.113220	-1.487409	2.731299	
645	-1.110553	-1.485370	2.730567	
646	-1.107677	-1.483531	2.729563	
647	-1.100640	-1.481881	2.728708	
648	-1.094736	-1.480288	2.726914	
649	-1.091225	-1.478173	2.725362	
650	-1.086250	-1.475982	2.723741	
651	-1.080612	-1.473533	2.721582	
652	-1.074986	-1.470169	2.720339	
653	-1.070836	-1.466512	2.718586	
654	-1.064129	-1.462958	2.716901	
655	-1.058059	-1.459216	2.714831	
656	-1.053465	-1.454634	2.713178	
657	-1.044630	-1.451193	2.710623	
658	-1.042453	-1.446100	2.709254	
659	-1.037731	-1.441388	2.707974	
660	-1.028168	-1.438513	2.705058	
661	-1.022982	-1.434632	2.703425	
662	-1.018776	-1.430626	2.701782	
663	-1.013080	-1.426829	2.698578	
664	-1.008266	-1.422838	2.695710	
665	-1.004425	-1.418579	2.692618	
666	-1.001371	-1.413813	2.688653	
667	-0.998893	-1.408888	2.684913	
668	-0.992888	-1.404639	2.679975	
669	-0.987663	-1.399804	2.675452	
670	-0.985009	-1.393579	2.672174	
671	-0.977712	-1.389260	2.666708	
672	-0.971762	-1.383978	2.661563	
673	-0.960229	-1.374886	2.649852	
674	-0.952953	-1.370973	2.643913	
675	-0.939050	-1.363562	2.632747	
676	-0.928698	-1.361930	2.625628	
677	-0.926546	-1.357100	2.622528	
678	-0.923798	-1.352142	2.619686	
679	-0.916910	-1.349460	2.613868	
680	-0.910652	-1.345587	2.609620	
681	-0.907408	-1.340178	2.607443	
682	-0.902147	-1.337268	2.603540	
683	-0.896434	-1.333649	2.600892	
684	-0.887992	-1.325563	2.597456	
685	-0.882613	-1.322758	2.594998	
686	-0.881341	-1.316899	2.595470	
687	-0.878183	-1.313021	2.594368	
688	-0.871251	-1.310947	2.592169	
689	-0.869396	-1.304465	2.594508	
690	-0.866181	-1.299625	2.594712	
691	-0.861519	-1.295977	2.594038	
692	-0.858768	-1.290930	2.595287	
693	-0.858110	-1.285136	2.597401	
694	-0.853717	-1.282728	2.596886	
695	-0.851382	-1.278712	2.598413	
696	-0.850204	-1.274417	2.599805	
697	-0.844855	-1.273680	2.598408	
698	-0.843739	-1.269403	2.600926	
699	-0.842499	-1.266546	2.602299	
700	-0.837862	-1.266031	2.601953	
701	-0.836758	-1.262511	2.604508	
702	-0.835073	-1.260414	2.605731	
703	-0.831312	-1.258879	2.606948	
704	-0.829691	-1.256084	2.609635	
705	-0.827144	-1.253713	2.611915	
706	-0.824338	-1.251644	2.614291	
707	-0.821764	-1.248719	2.617182	
708	-0.819663	-1.246238	2.619987	
709	-0.816739	-1.244529	2.621878	
710	-0.814365	-1.241493	2.624628	
711	-0.812497	-1.239044	2.627318	
712	-0.803724	-1.232143	2.635733	
713	-0.798358	-1.232362	2.635504	
714	-0.792575	-1.232986	2.636461	
715	-0.791326	-1.229847	2.640522	
716	-0.785301	-1.230991	2.641190	
717	-0.781723	-1.230406	2.643745	
718	-0.779848	-1.228277	2.647061	
719	-0.775142	-1.228039	2.648973	
720	-0.771165	-1.227628	2.651282	
721	-0.768769	-1.225453	2.654831	
722	-0.762911	-1.226914	2.655224	
723	-0.758141	-1.227467	2.657481	
724	-0.755902	-1.226228	2.661120	
725	-0.752688	-1.226050	2.663244	
726	-0.746489	-1.228754	2.664001	
727	-0.743944	-1.227604	2.668405	
728	-0.740810	-1.227056	2.671225	
729	-0.735550	-1.228410	2.672321	
730	-0.731943	-1.228098	2.676702	
731	-0.729035	-1.227813	2.679279	
732	-0.723797	-1.229229	2.680408	
733	-0.721167	-1.228467	2.684395	
734	-0.717325	-1.229066	2.686770	
735	-0.712427	-1.230875	2.687988	
736	-0.709828	-1.230454	2.691582	
737	-0.706302	-1.231200	2.693436	
738	-0.702097	-1.232815	2.695650	
739	-0.699243	-1.233670	2.698562	
740	-0.695016	-1.236673	2.698517	
741	-0.692913	-1.238594	2.701348	
742	-0.691342	-1.239130	2.704492	
743	-0.689674	-1.240876	2.706542	
744	-0.689289	-1.240430	2.710468	
745	-0.687285	-1.241617	2.712567	
746	-0.685844	-1.242578	2.715732	
747	-0.684337	-1.243997	2.718757	
748	-0.681913	-1.244930	2.721272	
749	-0.679447	-1.246444	2.723834	
750	-0.679723	-1.245476	2.728314	
751	-0.676445	-1.247809	2.730418	
752	-0.674349	-1.248947	2.734774	
753	-0.672889	-1.250204	2.739773	
754	-0.670560	-1.252405	2.743662	
755	-0.667536	-1.255408	2.747074	
756	-0.665946	-1.257882	2.752085	
757	-0.663717	-1.261294	2.756606	
758	-0.659538	-1.266588	2.760282	
759	-0.658596	-1.269056	2.767014	
760	-0.655770	-1.273539	2.771451	
761	-0.652922	-1.277565	2.777338	
762	-0.651243	-1.281033	2.784245	
763	-0.649267	-1.284327	2.789833	
764	-0.646663	-1.288215	2.795356	
765	-0.643855	-1.292476	2.800822	
766	-0.640714	-1.296697	2.806519	
767	-0.638879	-1.299930	2.813400	
768	-0.635046	-1.304785	2.817718	
769	-0.633161	-1.308170	2.823943	
770	-0.632695	-1.309680	2.830874	
771	-0.628270	-1.314319	2.834596	
772	-0.625686	-1.317266	2.840389	
773	-0.623275	-1.319661	2.845477	
774	-0.618515	-1.323545	2.847423	
775	-0.617209	-1.324167	2.853703	
776	-0.615530	-1.324720	2.858751	
777	-0.610511	-1.326862	2.861498	
778	-0.606703	-1.327870	2.865529	
779	-0.602792	-1.328418	2.869403	
780	-0.596779	-1.331377	2.869588	
781	-0.592178	-1.333178	2.871354	
782	-0.587961	-1.334910	2.872524	
783	-0.582002	-1.337445	2.872015	
784	-0.575716	-1.340090	2.872914	
785	-0.570620	-1.341891	2.874599	
786	-0.563256	-1.344005	2.875303	
787	-0.557827	-1.345549	2.876666	
788	-0.546155	-1.348888	2.880326	
789	-0.538669	-1.350921	2.882528	
790	-0.532291	-1.353105	2.885109	
791	-0.524205	-1.355567	2.886056	
792	-0.516467	-1.357959	2.887012	
793	-0.507358	-1.361394	2.887495	
794	-0.500425	-1.363340	2.889850	
795	-0.491757	-1.365923	2.890482	
796	-0.482212	-1.369040	2.890515	
797	-0.475083	-1.370227	2.893328	
798	-0.467251	-1.372124	2.894833	
799	-0.457908	-1.375286	2.895216	
800	-0.451007	-1.376628	2.898003	
801	-0.433997	-1.381883	2.897768	
802	-0.421536	-1.384650	2.899749	
803	-0.409206	-1.387557	2.900255	
804	-0.403659	-1.388569	2.900708	
805	-0.396888	-1.390137	2.899922	
806	-0.393134	-1.389574	2.901481	
807	-0.386547	-1.390028	2.900844	
808	-0.379652	-1.390981	2.900218	
809	-0.373568	-1.390306	2.900933	
810	-0.365958	-1.391289	2.900210	
811	-0.357790	-1.392700	2.899080	
812	-0.351107	-1.391986	2.900284	
813	-0.344651	-1.392845	2.900238	
814	-0.337015	-1.394362	2.899003	
815	-0.330747	-1.393902	2.900172	
816	-0.323748	-1.394662	2.899768	
817	-0.315990	-1.395470	2.898077	
818	-0.311309	-1.394523	2.898448	
819	-0.304848	-1.395387	2.895943	
820	-0.298507	-1.396041	2.893833	
821	-0.293533	-1.395716	2.892835	
822	-0.288197	-1.395588	2.891068	
823	-0.282877	-1.395002	2.889390	
824	-0.277579	-1.393490	2.888208	
825	-0.272203	-1.393085	2.886179	
826	-0.266245	-1.391182	2.884433	
827	-0.261839	-1.388499	2.883270	
828	-0.257719	-1.386492	2.881046	
829	-0.246152	-1.380304	2.877177	
830	-0.239954	-1.377409	2.873913	
831	-0.234067	-1.374158	2.870130	
832	-0.228045	-1.369585	2.867068	
833	-0.221354	-1.365416	2.862747	
834	-0.214200	-1.361572	2.857451	
835	-0.206357	-1.356691	2.853015	
836	-0.197711	-1.351569	2.848346	
837	-0.188810	-1.348363	2.841716	
838	-0.179319	-1.344457	2.835586	
839	-0.171019	-1.339890	2.829606	
840	-0.162403	-1.336278	2.823058	
841	-0.145087	-1.329175	2.809083	
842	-0.137709	-1.325592	2.802599	
843	-0.130016	-1.322553	2.795110	
844	-0.122073	-1.318603	2.788834	
845	-0.116669	-1.316197	2.782010	
846	-0.108711	-1.312858	2.776148	
847	-0.101186	-1.309908	2.769221	
848	-0.096318	-1.308043	2.763086	
849	-0.088205	-1.304772	2.757232	
850	-0.082027	-1.305553	2.747791	
851	-0.074766	-1.305032	2.740871	
852	-0.066216	-1.301554	2.736637	
853	-0.062798	-1.302722	2.728188	
854	-0.056319	-1.303867	2.720798	
855	-0.048103	-1.303014	2.714439	
856	-0.043915	-1.302502	2.707748	
857	-0.038660	-1.301696	2.700844	
858	-0.032838	-1.300593	2.693363	
859	-0.026955	-1.298979	2.686642	
860	-0.020453	-1.296899	2.680854	
861	-0.015374	-1.296780	2.672914	
862	-0.008275	-1.296301	2.667056	
863	-0.000965	-1.296987	2.659742	
864	0.006297	-1.298041	2.653512	
865	0.013173	-1.298834	2.648113	
866	0.020120	-1.300818	2.641187	
867	0.027574	-1.302652	2.635330	
868	0.033908	-1.304324	2.629822	
869	0.039677	-1.306668	2.622813	
870	0.045510	-1.309400	2.615545	
871	0.053183	-1.311105	2.609572	
872	0.058378	-1.313414	2.602659	
873	0.064283	-1.315592	2.595351	
874	0.068565	-1.318069	2.586970	
875	0.079818	-1.319983	2.573185	
876	0.082372	-1.321876	2.563964	
877	0.086742	-1.322740	2.556369	
878	0.089923	-1.323957	2.547116	
879	0.097803	-1.323589	2.532503	
880	0.098697	-1.323151	2.523423	
881	0.101228	-1.322576	2.515143	
882	0.105313	-1.320526	2.508684	
883	0.106504	-1.319432	2.501123	
884	0.107001	-1.319260	2.491817	
885	0.107573	-1.317639	2.483945	
886	0.110904	-1.316163	2.474693	
887	0.112129	-1.314885	2.466070	
888	0.115184	-1.312875	2.457037	
889	0.116830	-1.311054	2.448668	
890	0.119986	-1.309762	2.439177	
891	0.122673	-1.309505	2.428623	
892	0.125663	-1.308411	2.419662	
893	0.127704	-1.307470	2.409946	
894	0.130128	-1.307237	2.398585	
895	0.131973	-1.307305	2.388821	
896	0.135151	-1.307942	2.378992	
897	0.139309	-1.309068	2.370426	
898	0.143815	-1.309324	2.363051	
899	0.147195	-1.308874	2.355602	
900	0.150267	-1.308110	2.347539	
901	0.153684	-1.306996	2.340036	
902	0.158201	-1.305192	2.334410	
903	0.160303	-1.303276	2.327199	
904	0.163180	-1.301475	2.320560	
905	0.164547	-1.299311	2.313702	
906	0.165761	-1.297256	2.306906	
907	0.169163	-1.295575	2.300287	
908	0.173407	-1.293355	2.294217	
909	0.177888	-1.291209	2.288285	
910	0.180654	-1.290081	2.282271	
911	0.186791	-1.287912	2.279804	
912	0.192041	-1.286346	2.277370	
913	0.194758	-1.286167	2.273058	
914	0.201320	-1.283962	2.271073	
915	0.204484	-1.281844	2.266908	
916	0.208895	-1.279842	2.264091	
917	0.212201	-1.277398	2.262347	
918	0.214266	-1.275394	2.259371	
919	0.220716	-1.273856	2.256272	
920	0.222892	-1.271679	2.255319	
921	0.227539	-1.270050	2.252657	
922	0.230664	-1.269059	2.251237	
923	0.232796	-1.267369	2.250497	
924	0.237711	-1.266200	2.248671	
925	0.242184	-1.265420	2.247787	
926	0.244413	-1.264244	2.248256	
927	0.248554	-1.263947	2.247441	
928	0.254171	-1.263883	2.247469	
929	0.257126	-1.263045	2.248883	
930	0.259743	-1.263100	2.249400	
931	0.265016	-1.263631	2.250725	
932	0.267233	-1.263757	2.254187	
933	0.272444	-1.264577	2.254789	
934	0.274916	-1.265419	2.257924	
935	0.277427	-1.265856	2.260386	
936	0.280547	-1.266732	2.261464	
937	0.283686	-1.267777	2.263719	
938	0.288041	-1.268134	2.267756	
939	0.290385	-1.268957	2.271130	
940	0.292782	-1.269610	2.275138	
941	0.295704	-1.270079	2.277825	
942	0.299081	-1.270545	2.280418	
943	0.301458	-1.271259	2.283927	
944	0.303544	-1.271225	2.288154	
945	0.306349	-1.271445	2.291215	
946	0.309639	-1.272016	2.294229	
947	0.310753	-1.272162	2.298267	
948	0.314141	-1.273374	2.300634	
949	0.316962	-1.274036	2.303616	
950	0.323308	-1.275454	2.306913	
951	0.325772	-1.276266	2.310930	
952	0.327950	-1.276727	2.312891	
953	0.330460	-1.276689	2.316426	
954	0.332019	-1.276050	2.320946	
955	0.335269	-1.275249	2.324240	
956	0.338000	-1.274288	2.325558	
957	0.340351	-1.272866	2.330982	
958	0.341676	-1.271461	2.336553	
959	0.341626	-1.269268	2.340685	
960	0.344099	-1.268907	2.344568	
961	0.346117	-1.268462	2.349634	
962	0.346255	-1.267105	2.354686	
963	0.350875	-1.267653	2.356296	
964	0.352247	-1.267570	2.362041	
965	0.352654	-1.267175	2.367517	
966	0.358141	-1.268156	2.369771	
967	0.360050	-1.268326	2.375841	
968	0.363257	-1.269037	2.380803	
969	0.368838	-1.271726	2.384079	
970	0.372571	-1.272936	2.390462	
971	0.374192	-1.273642	2.397135	
972	0.379551	-1.276828	2.402331	
973	0.382357	-1.278175	2.411025	
974	0.383437	-1.277542	2.418261	
975	0.387525	-1.280084	2.423745	
976	0.388620	-1.280721	2.433278	
977	0.392669	-1.282006	2.437967	
978	0.397745	-1.285449	2.445766	
979	0.396272	-1.284097	2.453366	
980	0.398235	-1.284432	2.454614	
981	0.404028	-1.286293	2.460802	
982	0.405255	-1.285710	2.468717	
983	0.407538	-1.286405	2.470739	
984	0.410477	-1.287506	2.476475	
985	0.410493	-1.287115	2.482391	
986	0.411705	-1.287606	2.485296	
987	0.413708	-1.288072	2.490450	
988	0.416330	-1.289252	2.495161	
989	0.418606	-1.290632	2.497337	
990	0.421650	-1.290800	2.504232	
991	0.422188	-1.290671	2.508602	
992	0.423633	-1.291540	2.511815	
993	0.425704	-1.290285	2.518896	
994	0.427654	-1.289983	2.522133	
995	0.430352	-1.290353	2.524723	
996	0.432345	-1.288608	2.530457	
997	0.432582	-1.285646	2.538920	
998	0.435036	-1.285144	2.541410	
999	0.437349	-1.283283	2.547471	
1000	0.440492	-1.281283	2.559108	
1001	0.441770	-1.278651	2.569574	
1002	0.442463	-1.277950	2.577559	
1003	0.443172	-1.278692	2.582940	
1004	0.442092	-1.276890	2.589323	
1005	0.440793	-1.276156	2.593670	
1006	0.440686	-1.274927	2.599264	
1007	0.441099	-1.274089	2.602133	
1008	0.441693	-1.274040	2.605674	
1009	0.441847	-1.273599	2.608305	
1010	0.442336	-1.273828	2.609821	
1011	0.443473	-1.274246	2.612307	
1012	0.443347	-1.273698	2.616027	
1013	0.443326	-1.273204	2.619422	
1014	0.444846	-1.273960	2.620528	
1015	0.447060	-1.275813	2.623439	
1016	0.445943	-1.274827	2.627373	
1017	0.447249	-1.275109	2.628888	
1018	0.449385	-1.276258	2.630657	
1019	0.451533	-1.274782	2.633235	
1020	0.453614	-1.274880	2.632481	
1021	0.451911	-1.271025	2.633483	
1022	0.454573	-1.270910	2.633413	
1023	0.455034	-1.265212	2.632415	
1024	0.457981	-1.259967	2.630381	
1025	0.457389	-1.254921	2.629563	
1026	0.457917	-1.250748	2.628135	
1027	0.461126	-1.249194	2.627042	
1028	0.462179	-1.244931	2.626111	
1029	0.463861	-1.241451	2.626702	
1030	0.466171	-1.238332	2.626420	
1031	0.465576	-1.232299	2.626073	
1032	0.467828	-1.229214	2.626883	
1033	0.471782	-1.227550	2.627522	
1034	0.471746	-1.222709	2.627972	
1035	0.474658	-1.219202	2.627072	
1036	0.478285	-1.218350	2.628232	
1037	0.480168	-1.214435	2.627395	
1038	0.481291	-1.210879	2.628170	
1039	0.485004	-1.209206	2.627360	
1040	0.487183	-1.206702	2.626638	
1041	0.488971	-1.203994	2.625523	
1042	0.490581	-1.201200	2.624035	
1043	0.493176	-1.199572	2.621119	
1044	0.494464	-1.196901	2.618599	
1045	0.495805	-1.195630	2.618112	
1046	0.497898	-1.193434	2.615835	
1047	0.499108	-1.190181	2.615908	
1048	0.501414	-1.188964	2.614684	
1049	0.502568	-1.187678	2.614131	
1050	0.503190	-1.187245	2.615450	
1051	0.504333	-1.185466	2.614530	
1052	0.505165	-1.183722	2.614026	
1053	0.505404	-1.182518	2.615099	
1054	0.506179	-1.181077	2.615284	
1055	0.506638	-1.179411	2.615820	
1056	0.506668	-1.178137	2.617552	
1057	0.507038	-1.175829	2.618153	
1058	0.507221	-1.173803	2.619589	
1059	0.506408	-1.173005	2.623206	
1060	0.507027	-1.173370	2.626759	
1061	0.506772	-1.175113	2.632327	
1062	0.504355	-1.174716	2.637508	
1063	0.504787	-1.175824	2.641501	
1064	0.505505	-1.174028	2.641777	
1065	0.504395	-1.170974	2.642257	
1066	0.506795	-1.172400	2.644690	
1067	0.506855	-1.172299	2.647613	
1068	0.505805	-1.169487	2.648913	
1069	0.507374	-1.170974	2.652701	
1070	0.507534	-1.173444	2.659173	
1071	0.504675	-1.169863	2.662438	
1072	0.504871	-1.168088	2.664307	
1073	0.503885	-1.169438	2.671505	
1074	0.500640	-1.167089	2.677168	
1075	0.500556	-1.166561	2.681605	
1076	0.499730	-1.164952	2.685103	
1077	0.497729	-1.163892	2.691021	
1078	0.496635	-1.163402	2.696516	
1079	0.495754	-1.164201	2.702820	
1080	0.495173	-1.164609	2.707908	
1081	0.492645	-1.163910	2.714485	
1082	0.494225	-1.164283	2.716993	
1083	0.494870	-1.162459	2.717452	
1084	0.492256	-1.159373	2.720205	
1085	0.495250	-1.159549	2.718413	
1086	0.495716	-1.154903	2.713159	
1087	0.493423	-1.150941	2.712687	
1088	0.495858	-1.145486	2.702385	
1089	0.493653	-1.141088	2.699707	
1090	0.490121	-1.141942	2.704621	
1091	0.491050	-1.144614	2.704442	
1092	0.487911	-1.144897	2.706697	
1093	0.485065	-1.144236	2.707077	
1094	0.485453	-1.145229	2.703331	
1095	0.480664	-1.146551	2.708421	
1096	0.479877	-1.148337	2.707527	
1097	0.478636	-1.150587	2.707738	
1098	0.473965	-1.152225	2.713047	
1099	0.473773	-1.154323	2.711210	
1100	0.470290	-1.158023	2.716305	
1101	0.464400	-1.163150	2.722070	
1102	0.460662	-1.163814	2.723822	
1103	0.457239	-1.162911	2.723210	
1104	0.453381	-1.164468	2.726756	
1105	0.448784	-1.165649	2.730723	
1106	0.444825	-1.168179	2.735445	
1107	0.441526	-1.170729	2.739472	
1108	0.437082	-1.174422	2.747367	
1109	0.433082	-1.176777	2.752024	
1110	0.428989	-1.178054	2.754222	
1111	0.424829	-1.182096	2.760760	
1112	0.420527	-1.185697	2.765754	
1113	0.416470	-1.189924	2.770762	
1114	0.411592	-1.191581	2.772621	
1115	0.407096	-1.194722	2.776404	
1116	0.395576	-1.200602	2.785625	
1117	0.391073	-1.204095	2.788854	
1118	0.385638	-1.207009	2.792343	
1119	0.378682	-1.207380	2.794101	
1120	0.374106	-1.211452	2.797849	
1121	0.368435	-1.217737	2.809129	
1122	0.361804	-1.217127	2.808546	
1123	0.357465	-1.220534	2.811152	
1124	0.351865	-1.225516	2.821725	
1125	0.345664	-1.225384	2.823722	
1126	0.341418	-1.227835	2.826763	
1127	0.336514	-1.229434	2.832138	
1128	0.332528	-1.230966	2.834532	
1129	0.329161	-1.233610	2.838721	
1130	0.324836	-1.233278	2.838832	
1131	0.323165	-1.237141	2.843445	
1132	0.320573	-1.239001	2.846367	
1133	0.318118	-1.240071	2.846778	
1134	0.316991	-1.241376	2.845307	
1135	0.316057	-1.244363	2.848630	
1136	0.314512	-1.245352	2.848374	
1137	0.313526	-1.246746	2.848389	
1138	0.313267	-1.248990	2.848479	
1139	0.311651	-1.249373	2.850273	
1140	0.310737	-1.249233	2.848521	
1141	0.310773	-1.251283	2.849495	
1142	0.308691	-1.250126	2.849361	
1143	0.307737	-1.251181	2.851622	
1144	0.306538	-1.251773	2.852441	
1145	0.304891	-1.252009	2.854586	
1146	0.303231	-1.252327	2.857049	
1147	0.301387	-1.253096	2.862212	
1148	0.298316	-1.252172	2.864272	
1149	0.296619	-1.253602	2.868718	
1150	0.295338	-1.255203	2.871879	
1151	0.291726	-1.256000	2.878292	
1152	0.290891	-1.259166	2.882588	
1153	0.288997	-1.261336	2.885713	
1154	0.285616	-1.263247	2.890907	
1155	0.283844	-1.265384	2.891986	
1156	0.281473	-1.268377	2.895463	
1157	0.279064	-1.271171	2.897700	
1158	0.276870	-1.274272	2.900026	
1159	0.274491	-1.277312	2.903703	
1160	0.272602	-1.280795	2.906104	
1161	0.269847	-1.283694	2.908447	
1162	0.267365	-1.286554	2.910630	
1163	0.265887	-1.290861	2.912020	
1164	0.262989	-1.293897	2.916822	
1165	0.260520	-1.296510	2.915524	
1166	0.259425	-1.301343	2.919855	
1167	0.256837	-1.303374	2.921375	
1168	0.255815	-1.307622	2.923763	
1169	0.254530	-1.311447	2.927915	
1170	0.252417	-1.313504	2.930607	
1171	0.251494	-1.317067	2.933338	
1172	0.250422	-1.320364	2.937140	
1173	0.248516	-1.322669	2.939281	
1174	0.246052	-1.324793	2.942117	
1175	0.245093	-1.328282	2.944715	
1176	0.241974	-1.329234	2.949846	
1177	0.239607	-1.331109	2.951787	
1178	0.237966	-1.333324	2.955283	
1179	0.234863	-1.334880	2.961481	
1180	0.232465	-1.336531	2.964746	
1181	0.230912	-1.339999	2.968082	
1182	0.229013	-1.343737	2.973654	
1183	0.225990	-1.346605	2.978810	
1184	0.223260	-1.350093	2.983858	
1185	0.219957	-1.354123	2.987295	
1186	0.215809	-1.357568	2.992304	
1187	0.212195	-1.362264	2.998331	
1188	0.207686	-1.366331	3.003993	
1189	0.204096	-1.370873	3.007650	
1190	0.200603	-1.376097	3.012034	
1191	0.194777	-1.379644	3.018956	
1192	0.190507	-1.384502	3.023773	
1193	0.185192	-1.389624	3.029601	
1194	0.178608	-1.393874	3.036132	
1195	0.174236	-1.399862	3.041204	
1196	0.168987	-1.405421	3.047910	
1197	0.164106	-1.410032	3.053511	
1198	0.159805	-1.415475	3.060890	
1199	0.155394	-1.420965	3.067305	
1200	0.150855	-1.425824	3.073217	
1201	0.146457	-1.431125	3.079720	
1202	0.138690	-1.441877	3.095287	
1203	0.135084	-1.447204	3.102438	
1204	0.131735	-1.452551	3.110008	
1205	0.128907	-1.457741	3.116586	
1206	0.127009	-1.463400	3.125375	
1207	0.124241	-1.467453	3.133493	
1208	0.122799	-1.472450	3.141679	
1209	0.121113	-1.477307	3.149703	
1210	0.119220	-1.482116	3.157765	
1211	0.117234	-1.486380	3.163516	
1212	0.114752	-1.490071	3.170517	
1213	0.112299	-1.497668	3.183218	
1214	0.111916	-1.501507	3.189782	
1215	0.111679	-1.504761	3.193529	
1216	0.112384	-1.508692	3.199573	
1217	0.114270	-1.512537	3.205793	
1218	0.116216	-1.516109	3.212381	
1219	0.119128	-1.519670	3.217769	
1220	0.122303	-1.523198	3.223454	
1221	0.126528	-1.526637	3.230018	
1222	0.130973	-1.529276	3.235816	
1223	0.136087	-1.532192	3.241896	
1224	0.141504	-1.534367	3.249483	
1225	0.147878	-1.536620	3.255847	
1226	0.155448	-1.539123	3.262968	
1227	0.162473	-1.540922	3.271185	
1228	0.170757	-1.543075	3.278502	
1229	0.179557	-1.546191	3.285275	
1230	0.187834	-1.548559	3.294644	
1231	0.196596	-1.551671	3.301728	
1232	0.205145	-1.554978	3.308445	
1233	0.213855	-1.558593	3.315191	
1234	0.222307	-1.562334	3.320630	
1235	0.230975	-1.566321	3.327273	
1236	0.238843	-1.569707	3.331767	
1237	0.246999	-1.573253	3.336829	
1238	0.254973	-1.576338	3.342312	
1239	0.262342	-1.579157	3.348192	
1240	0.269261	-1.582981	3.353895	
1241	0.275176	-1.587287	3.358854	
1242	0.281523	-1.590935	3.365482	
1243	0.286755	-1.594963	3.369278	
1244	0.292792	-1.598749	3.374693	
1245	0.298268	-1.602353	3.380317	
1246	0.303762	-1.606803	3.384371	
1247	0.310612	-1.611189	3.391194	
1248	0.316247	-1.615601	3.396477	
1249	0.322309	-1.620895	3.401388	
1250	0.333413	-1.628642	3.408841	
1251	0.339515	-1.633687	3.414385	
1252	0.345765	-1.638943	3.419840	
1253	0.353394	-1.644248	3.426006	
1254	0.368265	-1.655721	3.439672	
1255	0.375639	-1.661902	3.446290	
1256	0.381829	-1.666970	3.453191	
1257	0.388754	-1.671911	3.459703	
1258	0.395725	-1.676273	3.467050	
1259	0.402155	-1.679699	3.474321	
1260	0.409190	-1.684502	3.478875	
1261	0.416214	-1.688695	3.484227	
1262	0.421897	-1.692715	3.490094	
1263	0.429327	-1.696288	3.494792	
1264	0.435383	-1.699535	3.498716	
1265	0.442465	-1.702169	3.503524	
1266	0.450610	-1.704640	3.507589	
1267	0.459698	-1.707881	3.510582	
1268	0.468594	-1.710119	3.515118	
1269	0.477402	-1.712435	3.518859	
1270	0.487131	-1.714750	3.521934	
1271	0.497224	-1.716449	3.525541	
1272	0.507900	-1.717829	3.529397	
1273	0.519922	-1.719712	3.531693	
1274	0.531384	-1.720982	3.534878	
1275	0.542545	-1.721412	3.537756	
1276	0.554787	-1.723286	3.539227	
1277	0.566999	-1.723783	3.542439	
1278	0.579364	-1.724727	3.544532	
1279	0.590376	-1.724431	3.547523	
1280	0.603868	-1.724947	3.549188	
1281	0.615807	-1.725327	3.551038	
1282	0.627645	-1.725718	3.552724	
1283	0.639252	-1.726497	3.553423	
1284	0.651477	-1.728265	3.553504	
1285	0.664275	-1.729436	3.554760	
1286	0.677319	-1.730636	3.556359	
1287	0.689752	-1.732189	3.556906	
1288	0.701171	-1.733488	3.557547	
1289	0.713726	-1.734025	3.559134	
1290	0.728230	-1.735255	3.559432	
1291	0.741151	-1.735220	3.560623	
1292	0.752098	-1.736464	3.560224	
1293	0.765727	-1.737281	3.560802	
1294	0.777410	-1.738447	3.560930	
1295	0.789705	-1.739721	3.561413	
1296	0.802730	-1.740839	3.561568	
1297	0.814394	-1.741143	3.562225	
1298	0.824868	-1.741436	3.563167	
1299	0.837613	-1.743345	3.563247	
1300	0.849730	-1.744442	3.564404	
1301	0.861833	-1.745809	3.565605	
1302	0.876174	-1.747413	3.567143	
1303	0.887722	-1.747946	3.570627	
1304	0.899374	-1.749632	3.573174	
1305	0.913879	-1.750557	3.576849	
1306	0.925849	-1.752059	3.580264	
1307	0.938716	-1.754488	3.584117	
1308	0.950696	-1.756937	3.588154	
1309	0.960967	-1.759069	3.593995	
1310	0.973538	-1.761713	3.599081	
1311	0.987593	-1.763330	3.605330	
1312	0.997936	-1.765615	3.611661	
1313	1.009743	-1.769543	3.615758	
1314	1.022428	-1.772014	3.620788	
1315	1.030892	-1.774419	3.626035	
1316	1.040071	-1.777810	3.629795	
1317	1.048965	-1.779582	3.634500	
1318	1.066305	-1.782853	3.643740	
1319	1.074614	-1.784743	3.647444	
1320	1.083971	-1.785545	3.652029	
1321	1.091987	-1.787032	3.655343	
1322	1.102689	-1.788546	3.657644	
1323	1.117413	-1.787967	3.660919	
1324	1.127247	-1.788945	3.662845	
1325	1.137588	-1.790820	3.663989	
1326	1.148062	-1.790374	3.666888	
1327	1.158038	-1.791353	3.667812	
1328	1.168755	-1.792477	3.668152	
1329	1.179546	-1.791436	3.669305	
1330	1.190832	-1.791892	3.668785	
1331	1.202205	-1.791121	3.668158	
1332	1.213555	-1.790488	3.666886	
1333	1.226110	-1.787194	3.668773	
1334	1.250603	-1.784451	3.664319	
1335	1.264829	-1.781896	3.661841	
1336	1.276426	-1.778144	3.662104	
1337	1.307137	-1.773843	3.657686	
1338	1.333606	-1.770043	3.652701	
1339	1.348152	-1.765390	3.651336	
1340	1.358537	-1.762403	3.648551	
1341	1.370967	-1.761029	3.643914	
1342	1.382101	-1.759322	3.639793	
1343	1.393970	-1.758119	3.635208	
1344	1.404386	-1.758611	3.629459	
1345	1.421773	-1.754134	3.625517	
1346	1.424592	-1.755370	3.621367	
1347	1.440884	-1.752373	3.616029	
1348	1.445387	-1.751223	3.613113	
1349	1.451595	-1.751406	3.607758	
1350	1.461953	-1.749846	3.602927	
1351	1.471649	-1.746278	3.599741	
1352	1.477635	-1.747245	3.594089	
1353	1.487052	-1.745441	3.589378	
1354	1.496461	-1.742780	3.585876	
1355	1.505033	-1.742201	3.579725	
1356	1.515537	-1.739317	3.575434	
1357	1.525156	-1.737011	3.571055	
1358	1.537206	-1.735362	3.564166	
1359	1.547865	-1.731806	3.561853	
1360	1.557919	-1.729577	3.557646	
1361	1.570333	-1.727402	3.553934	
1362	1.584197	-1.724440	3.549875	
1363	1.594013	-1.720836	3.548501	
1364	1.606231	-1.719135	3.544812	
1365	1.619923	-1.716804	3.541007	
1366	1.631779	-1.713754	3.538881	
1367	1.642135	-1.712649	3.534754	
1368	1.654989	-1.709431	3.530846	
1369	1.663856	-1.707287	3.527864	
1370	1.675448	-1.704496	3.523437	
1371	1.686454	-1.700395	3.521275	
1372	1.695773	-1.698069	3.517934	
1373	1.705857	-1.695435	3.514103	
1374	1.714643	-1.692172	3.510422	
1375	1.722628	-1.689836	3.506890	
1376	1.730700	-1.687152	3.502664	
1377	1.739694	-1.683902	3.497723	
1378	1.748427	-1.680883	3.492604	
1379	1.755138	-1.677924	3.488006	
1380	1.763809	-1.674130	3.482230	
1381	1.773451	-1.667880	3.477393	
1382	1.778066	-1.664537	3.473852	
1383	1.785087	-1.660734	3.466743	
1384	1.794759	-1.654045	3.459950	
1385	1.799381	-1.650172	3.453839	
1386	1.807588	-1.645170	3.444954	
1387	1.815641	-1.638580	3.436878	
1388	1.821280	-1.634607	3.427506	
1389	1.828972	-1.628873	3.418571	
1390	1.834423	-1.623157	3.412286	
1391	1.841946	-1.618361	3.402841	
1392	1.852512	-1.612805	3.392145	
1393	1.858623	-1.606772	3.385754	
1394	1.863928	-1.602776	3.378869	
1395	1.877812	-1.594712	3.364581	
1396	1.889898	-1.584894	3.349504	
1397	1.896643	-1.579923	3.342113	
1398	1.903033	-1.574981	3.334857	
1399	1.909245	-1.572305	3.325721	
1400	1.915653	-1.568224	3.318269	
1401	1.922192	-1.564546	3.310677	
1402	1.928240	-1.561578	3.302177	
1403	1.934236	-1.558405	3.293389	
1404	1.939852	-1.555322	3.284224	
1405	1.945091	-1.550843	3.277795	
1406	1.951149	-1.545860	3.272305	
1407	1.956968	-1.542011	3.264200	
1408	1.964241	-1.536897	3.256229	
1409	1.971136	-1.530960	3.250329	
1410	1.978284	-1.525479	3.242584	
1411	1.986277	-1.519411	3.234266	
1412	1.993722	-1.513791	3.226054	
1413	2.002284	-1.509060	3.216419	
1414	2.012125	-1.501785	3.209205	
1415	2.020308	-1.496118	3.202682	
1416	2.029964	-1.490482	3.196078	
1417	2.040397	-1.483788	3.189623	
1418	2.050469	-1.477189	3.185139	
1419	2.059361	-1.471339	3.179035	
1420	2.070583	-1.465232	3.171516	
1421	2.080831	-1.458549	3.165205	
1422	2.090795	-1.452605	3.158252	
1423	2.099258	-1.447251	3.152662	
1424	2.114517	-1.438182	3.139372	
1425	2.120787	-1.433397	3.134729	
1426	2.126766	-1.430017	3.129118	
1427	2.133205	-1.427078	3.121162	
1428	2.139486	-1.422910	3.114487	
1429	2.144361	-1.419017	3.109170	
1430	2.149141	-1.414639	3.104944	
1431	2.153406	-1.410977	3.100550	
1432	2.158480	-1.407662	3.092397	
1433	2.163716	-1.402761	3.085874	
1434	2.167487	-1.397603	3.081781	
1435	2.171550	-1.392021	3.076541	
1436	2.175879	-1.386567	3.071276	
1437	2.178243	-1.383722	3.063071	
1438	2.181174	-1.379482	3.055951	
1439	2.184175	-1.373788	3.051189	
1440	2.187001	-1.368850	3.044935	
1441	2.191104	-1.363348	3.035668	
1442	2.194225	-1.357574	3.027766	
1443	2.196733	-1.352761	3.020052	
1444	2.200650	-1.346866	3.009452	
1445	2.204161	-1.342299	2.997980	
1446	2.206538	-1.337730	2.991212	
1447	2.208662	-1.334381	2.980028	
1448	2.212776	-1.328348	2.966093	
1449	2.214276	-1.323855	2.962212	
1450	2.215146	-1.320599	2.954662	
1451	2.219681	-1.312246	2.943159	
1452	2.221576	-1.305742	2.935490	
1453	2.220321	-1.303262	2.925921	
1454	2.221883	-1.296958	2.914877	
1455	2.224144	-1.288915	2.906595	
1456	2.224584	-1.283624	2.899467	
1457	2.226578	-1.277812	2.888718	
1458	2.228085	-1.271874	2.879846	
1459	2.230037	-1.265166	2.870818	
1460	2.232307	-1.258296	2.865721	
1461	2.234166	-1.253346	2.854606	
1462	2.236292	-1.248614	2.844413	
1463	2.239573	-1.241685	2.840044	
1464	2.241337	-1.237257	2.828216	
1465	2.245645	-1.230259	2.819057	
1466	2.248635	-1.223645	2.813759	
1467	2.249934	-1.220131	2.801772	
1468	2.254701	-1.213310	2.790479	
1469	2.257356	-1.209305	2.779674	
1470	2.260241	-1.206207	2.768124	
1471	2.269290	-1.195481	2.752283	
1472	2.273015	-1.192141	2.743314	
1473	2.278121	-1.187703	2.736806	
1474	2.283195	-1.184000	2.726140	
1475	2.288692	-1.180364	2.717385	
1476	2.294451	-1.176774	2.707982	
1477	2.299736	-1.172833	2.697063	
1478	2.306086	-1.166414	2.687531	
1479	2.312176	-1.160853	2.680620	
1480	2.316477	-1.156628	2.671026	
1481	2.321937	-1.150092	2.662310	
1482	2.325509	-1.146047	2.654559	
1483	2.329247	-1.141428	2.646676	
1484	2.333186	-1.135855	2.636931	
1485	2.337033	-1.129733	2.631744	
1486	2.339999	-1.125474	2.623273	
1487	2.342684	-1.120464	2.614544	
1488	2.345678	-1.114567	2.608428	
1489	2.346839	-1.111180	2.599514	
1490	2.348932	-1.105252	2.588798	
1491	2.349906	-1.100269	2.580513	
1492	2.350501	-1.095234	2.570228	
1493	2.352482	-1.084216	2.552393	
1494	2.352698	-1.080199	2.541842	
1495	2.353011	-1.073840	2.532573	
1496	2.353417	-1.067585	2.527754	
1497	2.353539	-1.061428	2.519729	
1498	2.351110	-1.058415	2.505609	
1499	2.350845	-1.050341	2.498468	
1500	2.350064	-1.043045	2.492499	
1501	2.349566	-1.034213	2.483046	
1502	2.349545	-1.025864	2.474751	
1503	2.348178	-1.019424	2.465232	
1504	2.346958	-1.013195	2.453293	
1505	2.345452	-1.008233	2.441422	
1506	2.343521	-1.004358	2.428685	
1507	2.342701	-0.998397	2.416681	
1508	2.341779	-0.992508	2.405683	
1509	2.341790	-0.985962	2.395423	
1510	2.339922	-0.980892	2.383858	
1511	2.339228	-0.974720	2.373673	
1512	2.338478	-0.968194	2.363735	
1513	2.335889	-0.965177	2.353939	
1514	2.335390	-0.958848	2.345473	
1515	2.334447	-0.953382	2.337996	
1516	2.332349	-0.950279	2.327894	
1517	2.330322	-0.945966	2.320709	
1518	2.328423	-0.942250	2.313130	
1519	2.326785	-0.938671	2.306673	
1520	2.325858	-0.933298	2.300576	
1521	2.324696	-0.929949	2.294658	
1522	2.324277	-0.926924	2.289232	
1523	2.324680	-0.922432	2.283946	
1524	2.325146	-0.918413	2.279330	
1525	2.324989	-0.916163	2.272451	
1526	2.324431	-0.913926	2.263716	
1527	2.325662	-0.910634	2.257431	
1528	2.326084	-0.908321	2.249372	
1529	2.327533	-0.904159	2.241792	
1530	2.330103	-0.898958	2.233783	
1531	2.333360	-0.893051	2.225816	
1532	2.336973	-0.886775	2.216721	
1533	2.340850	-0.880860	2.207951	
1534	2.343262	-0.876476	2.198107	
1535	2.346723	-0.871615	2.188583	
1536	2.351541	-0.864622	2.180078	
1537	2.354690	-0.860569	2.169694	
1538	2.358688	-0.855251	2.160768	
1539	2.362484	-0.850743	2.152194	
1540	2.366062	-0.846076	2.143326	
1541	2.369812	-0.841111	2.133238	
1542	2.374609	-0.835768	2.126214	
1543	2.378086	-0.831788	2.118433	
1544	2.381313	-0.829537	2.109819	
1545	2.385441	-0.823422	2.102495	
1546	2.388064	-0.819098	2.094862	
1547	2.391501	-0.815182	2.086928	
1548	2.394924	-0.809720	2.079444	
1549	2.397002	-0.805327	2.070939	
1550	2.400639	-0.799736	2.063081	
1551	2.402740	-0.794355	2.053283	
1552	2.405047	-0.789336	2.045362	
1553	2.406468	-0.785598	2.036766	
1554	2.408320	-0.780582	2.028852	
1555	2.409156	-0.776206	2.019701	
1556	2.410706	-0.770824	2.011662	
1557	2.411211	-0.766280	2.002981	
1558	2.411793	-0.762806	1.995011	
1559	2.412455	-0.756774	1.986326	
1560	2.413891	-0.750525	1.978240	
1561	2.414026	-0.746248	1.969393	
1562	2.414548	-0.739595	1.958485	
1563	2.414092	-0.735390	1.949329	
1564	2.414418	-0.723104	1.928551	
1565	2.414895	-0.717750	1.919199	
1566	2.415960	-0.711530	1.909332	
1567	2.417737	-0.703955	1.898704	
1568	2.420038	-0.698432	1.888959	
1569	2.422936	-0.690135	1.878975	
1570	2.425272	-0.685383	1.870930	
1571	2.427173	-0.681900	1.861191	
1572	2.429624	-0.676909	1.851423	
1573	2.430801	-0.673199	1.842799	
1574	2.432061	-0.670846	1.834435	
1575	2.435132	-0.665215	1.826819	
1576	2.435921	-0.663863	1.817240	
1577	2.438267	-0.660199	1.808484	
1578	2.440660	-0.658138	1.801493	
1579	2.445269	-0.652709	1.783613	
1580	2.447896	-0.649727	1.775284	
1581	2.450436	-0.647343	1.767416	
1582	2.453777	-0.644049	1.758983	
1583	2.457075	-0.640393	1.748507	
1584	2.461245	-0.636184	1.739642	
1585	2.464841	-0.632964	1.730027	
1586	2.468195	-0.628178	1.719042	
1587	2.472261	-0.623632	1.708626	
1588	2.475091	-0.620421	1.697214	
1589	2.480676	-0.613721	1.687958	
1590	2.485657	-0.608650	1.678059	
1591	2.488280	-0.607252	1.666224	
1592	2.493063	-0.601863	1.655333	
1593	2.496723	-0.599674	1.645696	
1594	2.501359	-0.594649	1.636071	
1595	2.506094	-0.589391	1.625518	
1596	2.510499	-0.582654	1.616394	
1597	2.515156	-0.577212	1.606584	
1598	2.520247	-0.570467	1.598807	
1599	2.523733	-0.564117	1.589406	
1600	2.528195	-0.558269	1.582310	
1601	2.531519	-0.551314	1.573398	
1602	2.534089	-0.545867	1.566420	
1603	2.537081	-0.538429	1.557772	
1604	2.539085	-0.534050	1.552357	
1605	2.541414	-0.527845	1.546898	
1606	2.542997	-0.520791	1.540349	
1607	2.542984	-0.515203	1.533446	
1608	2.544038	-0.510810	1.527666	
1609	2.544823	-0.504504	1.521658	
1610	2.544033	-0.500176	1.514681	
1611	2.544324	-0.494504	1.508531	
1612	2.543130	-0.491614	1.502934	
1613	2.541210	-0.485773	1.495656	
1614	2.537764	-0.472936	1.479978	
1615	2.534597	-0.467768	1.470370	
1616	2.531474	-0.462641	1.462667	
1617	2.528322	-0.456153	1.453507	
1618	2.525315	-0.450130	1.445289	
1619	2.521599	-0.444139	1.436731	
1620	2.517899	-0.436924	1.428190	
1621	2.514025	-0.431396	1.419509	
1622	2.509653	-0.426899	1.411811	
1623	2.504498	-0.422815	1.402732	
1624	2.500357	-0.417677	1.394612	
1625	2.496283	-0.411655	1.386556	
1626	2.491710	-0.408530	1.379468	
1627	2.485760	-0.405787	1.371015	
1628	2.480538	-0.403248	1.364095	
1629	2.474344	-0.400588	1.355722	
1630	2.469712	-0.398289	1.349547	
1631	2.464805	-0.396704	1.341969	
1632	2.460206	-0.393909	1.333236	
1633	2.456275	-0.391989	1.324938	
1634	2.452720	-0.389211	1.317035	
1635	2.449261	-0.386797	1.309547	
1636	2.445402	-0.385826	1.302583	
1637	2.441137	-0.383373	1.296073	
1638	2.437369	-0.381943	1.290222	
1639	2.433931	-0.378335	1.285354	
1640	2.430054	-0.375951	1.280390	
1641	2.424347	-0.375172	1.274572	
1642	2.420269	-0.372602	1.269848	
1643	2.417282	-0.370238	1.266726	
1644	2.412120	-0.369246	1.262751	
1645	2.408620	-0.367525	1.259923	
1646	2.404513	-0.367158	1.257643	
1647	2.399524	-0.365263	1.254167	
1648	2.397384	-0.361582	1.254797	
1649	2.394003	-0.357375	1.254141	
1650	2.389644	-0.356181	1.252843	
1651	2.385397	-0.353819	1.251214	
1652	2.378549	-0.351625	1.246928	
1653	2.373944	-0.349459	1.244968	
1654	2.369596	-0.347059	1.243783	
1655	2.363770	-0.345513	1.241553	
1656	2.357827	-0.343622	1.239111	
1657	2.351899	-0.339918	1.237923	
1658	2.345190	-0.338865	1.236248	
1659	2.338022	-0.336985	1.234042	
1660	2.330765	-0.335773	1.232169	
1661	2.321818	-0.334439	1.229570	
1662	2.313115	-0.333090	1.227126	
1663	2.305037	-0.331504	1.225508	
1664	2.294142	-0.331007	1.222086	
1665	2.285055	-0.330089	1.219786	
1666	2.277515	-0.328639	1.218514	
1667	2.267794	-0.329203	1.216111	
1668	2.255971	-0.329446	1.211148	
1669	2.247927	-0.329055	1.209116	
1670	2.238279	-0.328537	1.206727	
1671	2.225764	-0.327714	1.203064	
1672	2.215597	-0.327323	1.201346	
1673	2.205364	-0.327908	1.200951	
1674	2.192202	-0.327703	1.198715	
1675	2.180383	-0.326649	1.196498	
1676	2.170055	-0.325969	1.195986	
1677	2.157722	-0.325457	1.194369	
1678	2.146461	-0.323479	1.192931	
1679	2.137089	-0.322726	1.193555	
1680	2.127312	-0.321966	1.193696	
1681	2.117538	-0.320662	1.193161	
1682	2.108367	-0.320329	1.192956	
1683	2.100098	-0.318747	1.192934	
1684	2.092189	-0.316498	1.192630	
1685	2.084329	-0.315714	1.192297	
1686	2.076622	-0.314678	1.190606	
1687	2.070181	-0.312818	1.190030	
1688	2.055804	-0.310410	1.187922	
1689	2.049460	-0.308596	1.187458	
1690	2.042765	-0.307075	1.185966	
1691	2.036103	-0.304946	1.184281	
1692	2.029150	-0.301854	1.182236	
1693	2.022965	-0.297878	1.180380	
1694	2.016337	-0.293915	1.178200	
1695	2.008985	-0.289884	1.175370	
1696	2.002498	-0.286310	1.172376	
1697	1.996469	-0.281496	1.169723	
1698	1.990097	-0.277362	1.165728	
1699	1.984137	-0.272975	1.161932	
1700	1.978740	-0.268618	1.158631	
1701	1.973720	-0.264527	1.155258	
1702	1.967685	-0.260190	1.150954	
1703	1.962888	-0.255774	1.147645	
1704	1.956818	-0.252272	1.142108	
1705	1.951135	-0.248407	1.136924	
1706	1.947268	-0.244226	1.133181	
1707	1.941046	-0.241458	1.127584	
1708	1.935824	-0.236964	1.122586	
1709	1.931214	-0.233693	1.118605	
1710	1.924252	-0.230912	1.113758	
1711	1.917927	-0.226691	1.109152	
1712	1.912997	-0.223164	1.105832	
1713	1.906198	-0.220859	1.101501	
1714	1.899187	-0.217383	1.097015	
1715	1.892246	-0.214308	1.093077	
1716	1.884180	-0.212039	1.088249	
1717	1.876770	-0.208576	1.084147	
1718	1.868354	-0.205981	1.079184	
1719	1.859688	-0.203233	1.074670	
1720	1.850997	-0.199810	1.070281	
1721	1.841907	-0.197679	1.065596	
1722	1.832880	-0.194937	1.061996	
1723	1.822712	-0.192515	1.057927	
1724	1.812222	-0.190281	1.053323	
1725	1.800583	-0.188363	1.049021	
1726	1.789629	-0.186246	1.045259	
1727	1.780955	-0.184809	1.042241	
1728	1.771309	-0.182729	1.039304	
1729	1.753143	-0.178666	1.033811	
1730	1.744874	-0.177070	1.032069	
1731	1.736318	-0.175255	1.030463	
1732	1.728278	-0.173664	1.028348	
1733	1.720483	-0.172728	1.027013	
1734	1.713348	-0.171640	1.026365	
1735	1.706499	-0.168979	1.024701	
1736	1.699511	-0.167541	1.023065	
1737	1.693558	-0.167711	1.022208	
1738	1.686878	-0.166099	1.019721	
1739	1.680315	-0.165318	1.017960	
1740	1.675539	-0.164698	1.017299	
1741	1.668799	-0.163335	1.015857	
1742	1.664306	-0.161868	1.014765	
1743	1.658820	-0.160415	1.013761	
1744	1.653544	-0.158617	1.012129	
1745	1.648268	-0.157845	1.010197	
1746	1.643522	-0.157020	1.008077	
1747	1.637055	-0.155390	1.005408	
1748	1.632087	-0.155358	1.002816	
1749	1.627178	-0.154503	1.000228	
1750	1.621136	-0.151653	0.996732	
1751	1.616106	-0.149818	0.993738	
1752	1.609491	-0.148071	0.989392	
1753	1.603334	-0.144852	0.985487	
1754	1.597270	-0.141133	0.981399	
1755	1.590663	-0.139086	0.976233	
1756	1.584725	-0.134327	0.971488	
1757	1.579019	-0.130686	0.966621	
1758	1.565532	-0.123616	0.954592	
1759	1.559816	-0.120354	0.948894	
1760	1.553723	-0.117099	0.942999	
1761	1.547232	-0.113230	0.936797	
1762	1.541576	-0.110139	0.930528	
1763	1.534670	-0.107118	0.923924	
1764	1.529850	-0.102536	0.918741	
1765	1.525054	-0.098819	0.913178	
1766	1.511292	-0.092469	0.900941	
1767	1.505513	-0.089088	0.894919	
1768	1.499115	-0.084522	0.889622	
1769	1.493336	-0.080085	0.884218	
1770	1.487948	-0.077600	0.878721	
1771	1.483212	-0.074052	0.873857	
1772	1.479004	-0.070569	0.869519	
1773	1.473750	-0.067849	0.865092	
1774	1.469538	-0.067097	0.860806	
1775	1.464939	-0.066501	0.857030	
1776	1.453862	-0.069665	0.847500	
1777	1.448514	-0.069636	0.843393	
1778	1.442633	-0.072491	0.838448	
1779	1.436456	-0.077328	0.833277	
1780	1.429226	-0.079052	0.828376	
1781	1.415440	-0.086774	0.817858	
1782	1.408449	-0.088461	0.813296	
1783	1.400597	-0.090274	0.808872	
1784	1.393852	-0.090737	0.805353	
1785	1.386577	-0.090876	0.801678	
1786	1.378863	-0.091944	0.797806	
1787	1.372361	-0.092989	0.794101	
1788	1.364762	-0.092644	0.790742	
1789	1.351665	-0.092231	0.785431	
1790	1.345173	-0.092863	0.782632	
1791	1.338639	-0.093135	0.779869	
1792	1.332674	-0.092482	0.777781	
1793	1.327084	-0.093434	0.774593	
1794	1.320980	-0.092406	0.772014	
1795	1.316392	-0.092590	0.769389	
1796	1.310143	-0.092700	0.766583	
1797	1.304714	-0.092002	0.764229	
1798	1.298385	-0.091229	0.761446	
1799	1.292627	-0.090971	0.758732	
1800	1.287624	-0.088737	0.756579	
1801	1.283050	-0.087488	0.753200	
1802	1.277459	-0.086321	0.749860	
1803	1.271827	-0.085395	0.746464	
1804	1.268483	-0.084895	0.743526	
1805	1.264422	-0.082151	0.741659	
1806	1.260437	-0.080206	0.740091	
1807	1.256311	-0.079435	0.737380	
1808	1.251829	-0.077274	0.734939	
1809	1.248455	-0.074660	0.732923	
1810	1.244645	-0.073658	0.729337	
1811	1.241397	-0.069921	0.726104	
1812	1.237947	-0.065865	0.722991	
1813	1.233505	-0.063550	0.717809	
1814	1.228412	-0.060604	0.712312	
1815	1.224495	-0.055403	0.707908	
1816	1.222361	-0.053018	0.701636	
1817	1.218280	-0.049823	0.695300	
1818	1.215441	-0.043368	0.690840	
1819	1.213805	-0.043456	0.683998	
1820	1.210585	-0.039032	0.678489	
1821	1.206102	-0.035499	0.673564	
1822	1.203408	-0.031179	0.668703	
1823	1.200183	-0.028329	0.663626	
1824	1.196157	-0.025132	0.658988	
1825	1.193297	-0.025823	0.652867	
1826	1.188155	-0.022812	0.648464	
1827	1.185499	-0.019762	0.644280	
1828	1.180640	-0.020014	0.638492	
1829	1.175500	-0.016907	0.635368	
1830	1.170800	-0.016151	0.631215	
1831	1.165269	-0.016480	0.626279	
1832	1.158272	-0.016002	0.622151	
1833	1.150913	-0.014036	0.618818	
1834	1.144461	-0.015640	0.613595	
1835	1.134993	-0.015385	0.609349	
1836	1.127345	-0.015542	0.605003	
1837	1.120946	-0.015810	0.601459	
1838	1.111500	-0.018430	0.596673	
1839	1.101892	-0.019930	0.593668	
1840	1.093889	-0.024763	0.589796	
1841	1.084493	-0.029135	0.586721	
1842	1.073785	-0.033311	0.584270	
1843	1.065016	-0.037227	0.583070	
1844	1.053873	-0.041807	0.582514	
1845	1.042762	-0.043538	0.582951	
1846	1.031548	-0.049140	0.582575	
1847	1.021525	-0.052491	0.583123	
1848	1.010153	-0.054548	0.584170	
1849	1.001489	-0.058108	0.585394	
1850	0.991145	-0.059911	0.586740	
1851	0.979365	-0.063321	0.588684	
1852	0.969408	-0.066885	0.589967	
1853	0.957699	-0.071370	0.591576	
1854	0.946881	-0.074682	0.592601	
1855	0.937105	-0.079936	0.593443	
1856	0.926538	-0.080786	0.595656	
1857	0.916851	-0.084164	0.597785	
1858	0.908226	-0.085112	0.599760	
1859	0.899096	-0.088677	0.601702	
1860	0.890115	-0.090769	0.603701	
1861	0.883142	-0.092412	0.606004	
1862	0.874860	-0.092623	0.609596	
1863	0.867938	-0.095996	0.611703	
1864	0.860965	-0.097376	0.614421	
1865	0.853345	-0.098630	0.617634	
1866	0.846172	-0.101119	0.620888	
1867	0.839168	-0.103212	0.623716	
1868	0.830884	-0.101341	0.627784	
1869	0.825704	-0.102319	0.631542	
1870	0.821137	-0.107511	0.633272	
1871	0.813824	-0.108345	0.636199	
1872	0.805158	-0.108879	0.640265	
1873	0.801301	-0.114260	0.641705	
1874	0.796237	-0.115683	0.643476	
1875	0.788237	-0.116645	0.646940	
1876	0.784367	-0.120384	0.648867	
1877	0.779329	-0.121384	0.651159	
1878	0.772670	-0.122177	0.654675	
1879	0.767602	-0.121021	0.657127	
1880	0.763264	-0.124721	0.659579	
1881	0.757543	-0.124207	0.663011	
1882	0.752975	-0.124550	0.666595	
1883	0.749564	-0.127011	0.669946	
1884	0.740929	-0.124797	0.677438	
1885	0.736224	-0.125525	0.680974	
1886	0.731168	-0.124978	0.685519	
1887	0.727337	-0.127320	0.689418	
1888	0.723548	-0.126960	0.693077	
1889	0.719176	-0.126056	0.697694	
1890	0.717135	-0.124300	0.702771	
1891	0.714619	-0.126527	0.707500	
1892	0.710787	-0.124732	0.713490	
1893	0.708651	-0.125391	0.720041	
1894	0.704999	-0.124617	0.727334	
1895	0.702069	-0.122970	0.735664	
1896	0.700089	-0.122772	0.744050	
1897	0.697104	-0.122978	0.752423	
1898	0.694837	-0.122183	0.761280	
1899	0.693177	-0.122344	0.769825	
1900	0.691041	-0.124789	0.777566	
1901	0.687165	-0.122802	0.785119	
1902	0.684892	-0.125065	0.792777	
1903	0.681377	-0.125370	0.800169	
1904	0.678673	-0.127539	0.807777	
1905	0.675299	-0.128163	0.816181	
1906	0.672281	-0.131231	0.824022	
1907	0.668897	-0.135170	0.831387	
1908	0.665483	-0.137208	0.839834	
1909	0.663026	-0.141550	0.847566	
1910	0.660056	-0.145638	0.854629	
1911	0.657571	-0.148315	0.863453	
1912	0.654744	-0.151877	0.871226	
1913	0.651232	-0.155784	0.877576	
1914	0.649504	-0.156983	0.886270	
1915	0.648863	-0.160460	0.893783	
1916	0.647529	-0.163559	0.900383	
1917	0.646367	-0.165123	0.907837	
1918	0.646433	-0.167971	0.914886	
1919	0.645778	-0.170216	0.920659	
1920	0.645638	-0.173060	0.926993	
1921	0.645756	-0.174830	0.933221	
1922	0.646546	-0.176030	0.938838	
1923	0.648689	-0.179191	0.944911	
1924	0.649844	-0.181365	0.950565	
1925	0.651140	-0.184588	0.955428	
1926	0.652121	-0.187377	0.960332	
1927	0.653331	-0.189362	0.965736	
1928	0.655470	-0.191835	0.971203	
1929	0.655981	-0.194214	0.976151	
1930	0.657156	-0.195208	0.982541	
1931	0.657806	-0.198148	0.987875	
1932	0.658604	-0.199297	0.993319	
1933	0.661436	-0.201414	0.999529	
1934	0.662252	-0.202620	1.004385	
1935	0.662735	-0.203405	1.008959	
1936	0.664431	-0.204351	1.014543	
1937	0.664895	-0.204312	1.019097	
1938	0.667056	-0.204626	1.029618	
1939	0.667497	-0.204304	1.033889	
1940	0.667987	-0.203208	1.038211	
1941	0.669452	-0.200388	1.048892	
1942	0.669614	-0.198703	1.053546	
1943	0.670113	-0.196189	1.059471	
1944	0.671719	-0.194150	1.064842	
1945	0.671950	-0.191489	1.070699	
1946	0.671941	-0.188826	1.076643	
1947	0.672207	-0.186466	1.082307	
1948	0.670270	-0.179142	1.100371	
1949	0.670251	-0.177151	1.107073	
1950	0.670168	-0.175100	1.113989	
1951	0.670479	-0.173862	1.128203	
1952	0.670429	-0.173469	1.135448	
1953	0.669303	-0.172779	1.142571	
1954	0.668754	-0.172751	1.149133	
1955	0.668732	-0.172822	1.155510	
1956	0.669374	-0.172831	1.162162	
1957	0.668859	-0.174216	1.173161	
1958	0.668577	-0.174615	1.178736	
1959	0.668337	-0.175408	1.183807	
1960	0.669250	-0.175449	1.189475	
1961	0.669762	-0.175753	1.195119	
1962	0.670090	-0.176196	1.200216	
1963	0.670185	-0.176763	1.205111	
1964	0.671329	-0.176405	1.210251	
1965	0.672230	-0.176588	1.215162	
1966	0.672863	-0.177343	1.219501	
1967	0.673271	-0.176750	1.224145	
1968	0.672747	-0.176791	1.228117	
1969	0.673262	-0.176382	1.231795	
1970	0.672903	-0.175174	1.236112	
1971	0.673745	-0.173621	1.239858	
1972	0.674121	-0.172426	1.243040	
1973	0.673619	-0.170930	1.246274	
1974	0.675409	-0.169968	1.249308	
1975	0.675309	-0.168752	1.251657	
1976	0.673940	-0.167603	1.253803	
1977	0.673321	-0.166900	1.255483	
1978	0.673013	-0.166083	1.257650	
1979	0.672492	-0.165682	1.259218	
1980	0.670948	-0.164614	1.260698	
1981	0.669607	-0.163373	1.262548	
1982	0.668359	-0.162356	1.264266	
1983	0.664542	-0.161465	1.267000	
1984	0.662381	-0.159191	1.269113	
1985	0.660303	-0.156501	1.270960	
1986	0.657336	-0.153481	1.272954	
1987	0.654036	-0.151515	1.274014	
1988	0.650169	-0.148528	1.275282	
1989	0.646729	-0.146447	1.276415	
1990	0.643293	-0.145245	1.277134	
1991	0.639778	-0.144281	1.277797	
1992	0.637481	-0.143394	1.278819	
1993	0.634687	-0.143742	1.279570	
1994	0.631866	-0.143254	1.280626	
1995	0.629977	-0.142658	1.282008	
1996	0.627812	-0.142369	1.283540	
1997	0.624704	-0.141485	1.285051	
1998	0.621535	-0.140713	1.286570	
1999	0.617455	-0.140112	1.287395	
2000	0.613112	-0.139475	1.288343	
2001	0.608701	-0.140267	1.288455	
2002	0.603992	-0.139506	1.288834	
2003	0.599473	-0.139063	1.289416	
2004	0.595939	-0.139115	1.289954	
2005	0.591720	-0.138803	1.290488	
2006	0.587898	-0.138209	1.291317	
2007	0.583662	-0.138935	1.291245	
2008	0.579036	-0.139265	1.291108	
2009	0.573729	-0.139261	1.290457	
2010	0.568840	-0.138618	1.289952	
2011	0.563464	-0.137887	1.289527	
2012	0.557970	-0.137310	1.288829	
2013	0.552444	-0.138502	1.287155	
2014	0.547147	-0.137169	1.286101	
2015	0.542275	-0.136170	1.285272	
2016	0.538356	-0.135128	1.284574	
2017	0.534604	-0.132782	1.284472	
2018	0.530291	-0.133453	1.283041	
2019	0.527440	-0.132065	1.282765	
2020	0.524068	-0.131793	1.282410	
2021	0.521195	-0.131438	1.281745	
2022	0.518285	-0.130453	1.281191	
2023	0.513003	-0.130493	1.279932	
2024	0.510794	-0.129889	1.279439	
2025	0.508300	-0.130015	1.278958	
2026	0.505284	-0.130337	1.277690	
2027	0.502921	-0.128401	1.277680	
2028	0.500439	-0.128906	1.277057	
2029	0.498077	-0.127580	1.276212	
2030	0.495815	-0.127380	1.275853	
2031	0.492977	-0.126688	1.274865	
2032	0.490197	-0.125880	1.274057	
2033	0.487064	-0.125861	1.272955	
2034	0.483281	-0.125123	1.271297	
2035	0.480293	-0.124487	1.270365	
2036	0.476403	-0.123752	1.268527	
2037	0.472849	-0.123149	1.267046	
2038	0.468827	-0.122674	1.264698	
2039	0.465477	-0.122715	1.263330	
2040	0.461838	-0.121648	1.261143	
2041	0.458614	-0.121264	1.259262	
2042	0.455518	-0.121037	1.257384	
2043	0.452841	-0.120190	1.255886	
2044	0.445787	-0.118484	1.249801	
2045	0.438936	-0.115206	1.243965	
2046	0.434665	-0.114078	1.240025	
2047	0.432260	-0.112598	1.237524	
2048	0.428649	-0.111465	1.233729	
2049	0.425337	-0.109051	1.230547	
2050	0.421882	-0.108503	1.227113	
2051	0.418589	-0.107166	1.224043	
2052	0.416079	-0.105499	1.221913	
2053	0.412953	-0.104899	1.218681	
2054	0.410568	-0.103111	1.216530	
2055	0.406958	-0.102169	1.213241	
2056	0.403595	-0.101214	1.210127	
2057	0.397866	-0.097988	1.204782	
2058	0.394451	-0.097381	1.201466	
2059	0.391895	-0.096072	1.199272	
2060	0.388689	-0.094211	1.196198	
2061	0.385749	-0.092172	1.193460	
2062	0.380645	-0.087780	1.188794	
2063	0.377822	-0.085357	1.186167	
2064	0.373509	-0.080106	1.181735	
2065	0.371317	-0.077995	1.179793	
2066	0.370049	-0.076226	1.177868	
2067	0.368528	-0.073927	1.176300	
2068	0.366235	-0.073043	1.173605	
2069	0.364785	-0.072008	1.171410	
2070	0.361336	-0.070796	1.167078	
2071	0.359826	-0.070692	1.164868	
2072	0.357657	-0.069684	1.162122	
2073	0.355867	-0.070501	1.159081	
2074	0.354043	-0.070618	1.155683	
2075	0.353144	-0.069711	1.153183	
2076	0.351337	-0.069990	1.149312	
2077	0.350280	-0.068696	1.145818	
2078	0.349463	-0.068111	1.142490	
2079	0.348365	-0.068636	1.138448	
2080	0.347669	-0.067676	1.134632	
2081	0.347153	-0.066192	1.130881	
2082	0.345865	-0.065712	1.126181	
2083	0.345796	-0.064498	1.121913	
2084	0.345171	-0.063090	1.116844	
2085	0.344246	-0.061563	1.111184	
2086	0.344180	-0.059926	1.106127	
2087	0.344893	-0.059703	1.101107	
2088	0.345120	-0.058250	1.095150	
2089	0.345669	-0.056344	1.089097	
2090	0.346473	-0.055136	1.083209	
2091	0.347859	-0.052632	1.077731	
2092	0.351701	-0.048585	1.072677	
2093	0.351113	-0.048044	1.066503	
2094	0.352168	-0.044322	1.061241	
2095	0.355765	-0.042696	1.054879	
2096	0.353078	-0.042185	1.048213	
2097	0.354181	-0.039059	1.042318	
2098	0.354933	-0.038039	1.034726	
2099	0.354112	-0.035686	1.026790	
2100	0.354879	-0.033114	1.019525	
2101	0.354724	-0.032253	1.011240	
2102	0.354470	-0.029945	1.003829	
2103	0.354246	-0.027615	0.997026	
2104	0.353340	-0.026836	0.990148	
2105	0.352478	-0.026674	0.983438	
2106	0.350862	-0.026501	0.976775	
2107	0.349398	-0.027189	0.970648	
2108	0.346804	-0.028287	0.964540	
2109	0.345523	-0.028698	0.959980	
2110	0.341745	-0.029507	0.954089	
2111	0.339134	-0.029636	0.948927	
2112	0.336315	-0.028976	0.944196	
2113	0.332722	-0.030264	0.938687	
2114	0.328831	-0.029209	0.933737	
2115	0.325264	-0.027263	0.929700	
2116	0.323331	-0.027901	0.925937	
2117	0.318578	-0.026299	0.920867	
2118	0.315871	-0.024584	0.916895	
2119	0.312563	-0.024607	0.912022	
2120	0.309731	-0.023713	0.907184	
2121	0.308732	-0.021576	0.903010	
2122	0.303888	-0.024457	0.890978	
2123	0.304393	-0.022213	0.886053	
2124	0.300623	-0.025767	0.871765	
2125	0.301415	-0.022530	0.865846	
2126	0.299543	-0.024722	0.858145	
2127	0.299085	-0.024211	0.850966	
2128	0.299997	-0.020924	0.844977	
2129	0.300356	-0.023070	0.837396	
2130	0.300139	-0.025512	0.828976	
2131	0.299772	-0.023005	0.821780	
2132	0.299931	-0.022672	0.813653	
2133	0.299318	-0.021989	0.798514	
2134	0.299531	-0.023262	0.782990	
2135	0.298996	-0.020721	0.776716	
2136	0.298790	-0.018949	0.770222	
2137	0.298313	-0.020289	0.763463	
2138	0.299360	-0.019118	0.758172	
2139	0.300501	-0.017914	0.752566	
2140	0.300637	-0.017282	0.746338	
2141	0.301068	-0.017587	0.740068	
2142	0.301856	-0.015238	0.734109	
2143	0.302821	-0.012744	0.728271	
2144	0.304453	-0.013029	0.721832	
2145	0.305345	-0.011861	0.715759	
2146	0.306345	-0.009470	0.709575	
2147	0.307831	-0.009769	0.703310	
2148	0.310966	-0.008292	0.697170	
2149	0.315523	-0.003537	0.685569	
2150	0.317359	-0.004561	0.678187	
2151	0.320301	-0.000599	0.672471	
2152	0.324301	0.001029	0.656209	
2153	0.325735	0.002484	0.647776	
2154	0.326986	0.007262	0.640941	
2155	0.328358	0.009028	0.632001	
2156	0.329044	0.009973	0.622588	
2157	0.330681	0.012519	0.614045	
2158	0.332155	0.015208	0.604734	
2159	0.332965	0.016270	0.593201	
2160	0.334134	0.018497	0.582877	
2161	0.339188	0.024534	0.561660	
2162	0.339138	0.024843	0.550734	
2163	0.340376	0.029541	0.541103	
2164	0.340270	0.031310	0.529131	
2165	0.339484	0.032435	0.516168	
2166	0.339615	0.034711	0.505639	
2167	0.340068	0.039287	0.495531	
2168	0.340537	0.040047	0.482992	
2169	0.338685	0.040671	0.470325	
2170	0.338142	0.042229	0.460346	
2171	0.337127	0.044217	0.449738	
2172	0.336053	0.045425	0.439136	
2173	0.335663	0.047394	0.430166	
2174	0.334429	0.050404	0.421827	
2175	0.333795	0.051805	0.412794	
2176	0.331587	0.052754	0.404269	
2177	0.330803	0.055305	0.397516	
2178	0.331230	0.057301	0.390420	
2179	0.331116	0.057415	0.382496	
2180	0.326171	0.060531	0.370328	
2181	0.324150	0.061232	0.364362	
2182	0.319727	0.062461	0.358593	
2183	0.311137	0.063829	0.352933	
2184	0.309014	0.065295	0.347011	
2185	0.304245	0.065306	0.340783	
2186	0.298026	0.066000	0.336061	
2187	0.291233	0.067520	0.330564	
2188	0.284656	0.067847	0.324678	
2189	0.277311	0.069664	0.319553	
2190	0.269431	0.071225	0.314540	
2191	0.260797	0.072692	0.307793	
2192	0.252580	0.073043	0.300518	
2193	0.242702	0.074769	0.294893	
2194	0.234497	0.076379	0.289390	
2195	0.225466	0.077271	0.282505	
2196	0.215260	0.077453	0.275722	
2197	0.206477	0.078849	0.269985	
2198	0.198663	0.080193	0.263584	
2199	0.189601	0.080109	0.256801	
2200	0.180852	0.081411	0.251027	
2201	0.174088	0.082358	0.245289	
2202	0.167161	0.083282	0.239131	
2203	0.158112	0.083122	0.233183	
2204	0.150486	0.083829	0.228153	
2205	0.142299	0.085142	0.223221	
2206	0.134128	0.085395	0.217802	
2207	0.126439	0.085681	0.212216	
2208	0.119311	0.085690	0.206647	
2209	0.112404	0.086407	0.200804	
2210	0.105701	0.086417	0.194845	
2211	0.098123	0.086133	0.189321	
2212	0.091131	0.086771	0.184291	
2213	0.084398	0.087563	0.179064	
2214	0.067773	0.089786	0.169629	
2215	0.059558	0.090559	0.163919	
2216	0.051333	0.091090	0.158210	
2217	0.043377	0.091763	0.152289	
2218	0.035038	0.092500	0.145460	
2219	0.026034	0.092392	0.138881	
2220	0.018776	0.093864	0.132665	
2221	0.011223	0.094387	0.125081	
2222	0.000706	0.095820	0.117859	
2223	-0.007571	0.098054	0.111505	
2224	-0.015821	0.100375	0.104011	
2225	-0.026358	0.102346	0.096323	
2226	-0.034639	0.104391	0.090040	
2227	-0.042975	0.108395	0.083833	
2228	-0.052380	0.111494	0.077155	
2229	-0.061620	0.114423	0.071395	
2230	-0.068601	0.118483	0.065884	
2231	-0.077312	0.121791	0.059752	
2232	-0.086970	0.125703	0.054257	
2233	-0.094122	0.129682	0.048992	
2234	-0.101937	0.134621	0.043578	
2235	-0.119973	0.144113	0.033872	
2236	-0.124385	0.149744	0.029786	
2237	-0.133848	0.153125	0.023929	
2238	-0.141887	0.156950	0.020087	
2239	-0.147433	0.159945	0.016715	
2240	-0.153337	0.161523	0.013356	
2241	-0.160147	0.162834	0.009817	
2242	-0.165477	0.163848	0.006621	
2243	-0.171815	0.164238	0.003168	
2244	-0.179047	0.165586	0.000581	
2245	-0.184597	0.166115	-0.002202	
2246	-0.193296	0.166573	-0.005284	
2247	-0.201921	0.166565	-0.007982	
2248	-0.207700	0.167495	-0.009639	
2249	-0.212886	0.168322	-0.012460	
2250	-0.221128	0.169086	-0.015065	
2251	-0.229138	0.170458	-0.016621	
2252	-0.236324	0.171182	-0.018621	
2253	-0.243472	0.171628	-0.020187	
2254	-0.251554	0.171889	-0.021435	
2255	-0.259013	0.171815	-0.022614	
2256	-0.279246	0.169735	-0.024416	
2257	-0.294368	0.168082	-0.026971	
2258	-0.301590	0.168561	-0.027861	
2259	-0.308253	0.169106	-0.028672	
2260	-0.315820	0.169282	-0.029335	
2261	-0.322299	0.170157	-0.029607	
2262	-0.328284	0.172250	-0.029467	
2263	-0.335305	0.173110	-0.029586	
2264	-0.345143	0.173533	-0.030059	
2265	-0.351857	0.175408	-0.029920	
2266	-0.357890	0.176923	-0.030600	
2267	-0.365197	0.177070	-0.032151	
2268	-0.372669	0.176609	-0.034121	
2269	-0.381050	0.177495	-0.035543	
2270	-0.388464	0.175830	-0.037991	
2271	-0.396441	0.174882	-0.040443	
2272	-0.403223	0.173295	-0.042749	
2273	-0.410326	0.172321	-0.045309	
2274	-0.417163	0.169072	-0.048468	
2275	-0.426407	0.167688	-0.051115	
2276	-0.433225	0.166765	-0.053483	
2277	-0.439341	0.165750	-0.055955	
2278	-0.447537	0.165487	-0.057844	
2279	-0.454622	0.164670	-0.059615	
2280	-0.459121	0.164958	-0.061065	
2281	-0.467831	0.163905	-0.062847	
2282	-0.475864	0.165429	-0.063684	
2283	-0.481997	0.165293	-0.065425	
2284	-0.490201	0.163163	-0.067179	
2285	-0.495232	0.162126	-0.068408	
2286	-0.498961	0.161625	-0.070445	
2287	-0.505344	0.161290	-0.072940	
2288	-0.511710	0.160279	-0.075889	
2289	-0.517882	0.158367	-0.079530	
2290	-0.524353	0.158348	-0.083398	
2291	-0.530662	0.158300	-0.087869	
2292	-0.537203	0.159070	-0.092084	
2293	-0.543356	0.159791	-0.096955	
2294	-0.548730	0.160823	-0.102043	
2295	-0.557193	0.164526	-0.107069	
2296	-0.564084	0.168297	-0.112171	
2297	-0.569692	0.171058	-0.117686	
2298	-0.578372	0.174064	-0.122969	
2299	-0.585585	0.178445	-0.127877	
2300	-0.592134	0.183022	-0.132473	
2301	-0.597678	0.186811	-0.137455	
2302	-0.605276	0.191406	-0.141479	
2303	-0.612093	0.194780	-0.145841	
2304	-0.618836	0.201153	-0.149445	
2305	-0.624073	0.204794	-0.153903	
2306	-0.632069	0.209119	-0.157005	
2307	-0.637922	0.213370	-0.160434	
2308	-0.643420	0.217779	-0.164161	
2309	-0.650062	0.220729	-0.167672	
2310	-0.654501	0.225180	-0.170859	
2311	-0.660925	0.228328	-0.173797	
2312	-0.665744	0.231298	-0.176537	
2313	-0.671814	0.233237	-0.178969	
2314	-0.677190	0.233635	-0.181664	
2315	-0.682407	0.234822	-0.184048	
2316	-0.686541	0.236073	-0.186097	
2317	-0.691790	0.237824	-0.187917	
2318	-0.700085	0.239205	-0.189703	
2319	-0.705289	0.239992	-0.191559	
2320	-0.709743	0.240326	-0.193974	
2321	-0.715669	0.240276	-0.196875	
2322	-0.721703	0.240768	-0.199267	
2323	-0.727709	0.241149	-0.201797	
2324	-0.733372	0.240242	-0.205057	
2325	-0.739230	0.239325	-0.207911	
2326	-0.746246	0.239197	-0.210757	
2327	-0.751719	0.239075	-0.214227	
2328	-0.757726	0.236444	-0.217264	
2329	-0.764538	0.233195	-0.220524	
2330	-0.786280	0.231394	-0.220412	
2331	-0.793525	0.230598	-0.223076	
2332	-0.799016	0.228048	-0.225825	
2333	-0.808453	0.227630	-0.227960	
2334	-0.815955	0.227304	-0.230173	
2335	-0.823482	0.225117	-0.232336	
2336	-0.834292	0.225631	-0.233869	
2337	-0.839820	0.225860	-0.236495	
2338	-0.846515	0.224597	-0.239334	
2339	-0.859151	0.226576	-0.241423	
2340	-0.872865	0.229120	-0.243491	
2341	-0.877213	0.230130	-0.246963	
2342	-0.884224	0.230783	-0.250215	
2343	-0.895631	0.232687	-0.252458	
2344	-0.901273	0.231572	-0.255960	
2345	-0.909678	0.230896	-0.258925	
2346	-0.913548	0.231293	-0.262180	
2347	-0.920190	0.228896	-0.266053	
2348	-0.930188	0.228347	-0.268554	
2349	-0.938015	0.228446	-0.271314	
2350	-0.944570	0.227651	-0.274662	
2351	-0.951765	0.228538	-0.278157	
2352	-0.956087	0.225828	-0.282740	
2353	-0.962748	0.223238	-0.286938	
2354	-0.969859	0.221671	-0.290680	
2355	-0.975448	0.219296	-0.295078	
2356	-0.978976	0.219925	-0.299537	
2357	-0.988250	0.220661	-0.302903	
2358	-0.994513	0.222922	-0.306082	
2359	-1.000953	0.223648	-0.310268	
2360	-1.015788	0.225713	-0.318372	
2361	-1.027665	0.229510	-0.328710	
2362	-1.037797	0.234655	-0.333153	
2363	-1.045051	0.238218	-0.338415	
2364	-1.058327	0.245392	-0.348102	
2365	-1.075925	0.253822	-0.356737	
2366	-1.092316	0.259606	-0.365562	
2367	-1.102404	0.265521	-0.369485	
2368	-1.106960	0.269019	-0.374097	
2369	-1.114874	0.272585	-0.377246	
2370	-1.123857	0.278750	-0.379426	
2371	-1.132259	0.284405	-0.381101	
2372	-1.136026	0.287379	-0.383483	
2373	-1.140648	0.288827	-0.384428	
2374	-1.151307	0.293293	-0.382114	
2375	-1.157719	0.297602	-0.380013	
2376	-1.156601	0.298121	-0.379278	
2377	-1.160640	0.299863	-0.377355	
2378	-1.169114	0.301444	-0.373513	
2379	-1.178861	0.300275	-0.367141	
2380	-1.182716	0.302289	-0.362978	
2381	-1.188679	0.300314	-0.359229	
2382	-1.196834	0.297241	-0.353573	
2383	-1.199756	0.296043	-0.349095	
2384	-1.205668	0.296225	-0.342851	
2385	-1.212329	0.292969	-0.336390	
2386	-1.219606	0.290698	-0.329494	
2387	-1.225671	0.288380	-0.322916	
2388	-1.232031	0.281478	-0.315755	
2389	-1.240404	0.278975	-0.307558	
2390	-1.247505	0.276774	-0.299928	
2391	-1.252300	0.272888	-0.292396	
2392	-1.255516	0.266495	-0.285767	
2393	-1.264269	0.261262	-0.277629	
2394	-1.271893	0.256801	-0.270145	
2395	-1.277486	0.255108	-0.263312	
2396	-1.283587	0.249700	-0.256691	
2397	-1.288433	0.242402	-0.250524	
2398	-1.295174	0.236987	-0.243677	
2399	-1.306265	0.227981	-0.234611	
2400	-1.311550	0.221645	-0.228822	
2401	-1.314435	0.215076	-0.223255	
2402	-1.316064	0.208230	-0.218468	
2403	-1.321397	0.203192	-0.212841	
2404	-1.325751	0.197372	-0.207868	
2405	-1.327155	0.191563	-0.203654	
2406	-1.331574	0.188859	-0.198593	
2407	-1.335714	0.183844	-0.193625	
2408	-1.340663	0.179002	-0.188544	
2409	-1.344717	0.174551	-0.183399	
2410	-1.351516	0.168620	-0.173377	
2411	-1.354467	0.160295	-0.165154	
2412	-1.359186	0.158248	-0.160194	
2413	-1.361212	0.155181	-0.155674	
2414	-1.359050	0.150510	-0.152867	
2415	-1.363057	0.147507	-0.147409	
2416	-1.364405	0.144146	-0.143258	
2417	-1.363658	0.140455	-0.139285	
2418	-1.363811	0.137588	-0.135475	
2419	-1.368169	0.135070	-0.129976	
2420	-1.367808	0.131027	-0.126641	
2421	-1.370835	0.128107	-0.121684	
2422	-1.373582	0.125965	-0.116995	
2423	-1.374355	0.121727	-0.113391	
2424	-1.378705	0.120586	-0.108127	
2425	-1.379802	0.120322	-0.103499	
2426	-1.380103	0.117823	-0.099147	
2427	-1.385096	0.115002	-0.092915	
2428	-1.387046	0.113826	-0.086954	
2429	-1.388838	0.113877	-0.081571	
2430	-1.385905	0.112268	-0.077590	
2431	-1.388235	0.111249	-0.071746	
2432	-1.390407	0.111825	-0.065949	
2433	-1.392069	0.109493	-0.060322	
2434	-1.393144	0.107727	-0.054251	
2435	-1.391288	0.106696	-0.049632	
2436	-1.391546	0.105777	-0.043419	
2437	-1.390094	0.103425	-0.037619	
2438	-1.384687	0.100958	-0.032303	
2439	-1.382327	0.097172	-0.025439	
2440	-1.380365	0.091542	-0.017869	
2441	-1.376275	0.087271	-0.010156	
2442	-1.368839	0.084210	-0.003326	
2443	-1.363894	0.078898	0.004751	
2444	-1.363731	0.072837	0.014894	
2445	-1.356377	0.069285	0.023474	
2446	-1.345361	0.062812	0.029923	
2447	-1.344069	0.054865	0.039608	
2448	-1.336982	0.050517	0.048177	
2449	-1.322598	0.044536	0.053291	
2450	-1.320520	0.034422	0.061810	
2451	-1.318405	0.028391	0.071465	
2452	-1.303125	0.023646	0.077451	
2453	-1.293856	0.016502	0.084050	
2454	-1.292615	0.011398	0.093459	
2455	-1.284829	0.006578	0.100287	
2456	-1.274682	0.003361	0.105494	
2457	-1.272400	-0.001016	0.112611	
2458	-1.268466	-0.003229	0.118933	
2459	-1.258663	-0.006618	0.122868	
2460	-1.250684	-0.010012	0.126146	
2461	-1.247791	-0.010754	0.131344	
2462	-1.245452	-0.010914	0.136213	
2463	-1.236719	-0.012048	0.138982	
2464	-1.228840	-0.012275	0.142555	
2465	-1.225554	-0.011919	0.147831	
2466	-1.222413	-0.012749	0.152767	
2467	-1.215111	-0.014650	0.157374	
2468	-1.209163	-0.012318	0.163409	
2469	-1.205250	-0.010400	0.168436	
2470	-1.200693	-0.011115	0.172880	
2471	-1.197099	-0.009091	0.178225	
2472	-1.195162	-0.006443	0.184342	
2473	-1.189233	-0.006177	0.187781	
2474	-1.185755	-0.006573	0.192148	
2475	-1.182802	-0.004343	0.196807	
2476	-1.177009	-0.004195	0.199543	
2477	-1.174505	-0.006287	0.202646	
2478	-1.170588	-0.005547	0.205715	
2479	-1.166651	-0.003549	0.208629	
2480	-1.165260	-0.003498	0.211722	
2481	-1.160469	-0.003559	0.214753	
2482	-1.156471	-0.002401	0.218515	
2483	-1.150374	-0.005779	0.221223	
2484	-1.150260	-0.003587	0.227983	
2485	-1.147963	-0.000637	0.233867	
2486	-1.140253	-0.002534	0.237386	
2487	-1.137022	-0.004520	0.241776	
2488	-1.139188	-0.001643	0.247340	
2489	-1.135153	-0.002907	0.251366	
2490	-1.130469	-0.002216	0.255304	
2491	-1.128130	-0.001680	0.259507	
2492	-1.127081	-0.002698	0.264356	
2493	-1.122831	0.003192	0.269054	
2494	-1.116074	0.002312	0.271056	
2495	-1.116912	0.003635	0.275346	
2496	-1.117046	0.008456	0.280308	
2497	-1.111424	0.008739	0.281933	
2498	-1.111820	0.008797	0.284887	
2499	-1.114713	0.014366	0.289817	
2500	-1.110781	0.014746	0.290958	
2501	-1.110895	0.014570	0.292954	
2502	-1.112632	0.017358	0.296208	
2503	-1.110670	0.017280	0.297416	
2504	-1.112131	0.016785	0.298949	
2505	-1.114596	0.017714	0.301112	
2506	-1.113328	0.018308	0.302306	
2507	-1.113089	0.018079	0.303217	
2508	-1.114552	0.019144	0.304834	
2509	-1.113788	0.020141	0.306099	
2510	-1.111434	0.020918	0.306554	
2511	-1.112851	0.021505	0.307787	
2512	-1.114832	0.024473	0.310133	
2513	-1.113896	0.025948	0.311623	
2514	-1.114302	0.026437	0.312935	
2515	-1.118045	0.029207	0.316185	
2516	-1.115487	0.031229	0.317658	
2517	-1.113543	0.031627	0.318519	
2518	-1.118859	0.034309	0.322314	
2519	-1.117673	0.036908	0.324503	
2520	-1.115594	0.036860	0.325862	
2521	-1.118268	0.039075	0.329135	
2522	-1.117280	0.041051	0.331450	
2523	-1.114995	0.042509	0.333612	
2524	-1.113070	0.044197	0.335399	
2525	-1.114831	0.045721	0.338298	
2526	-1.111015	0.047132	0.340033	
2527	-1.108483	0.048734	0.341512	
2528	-1.110222	0.050695	0.344215	
2529	-1.109363	0.052475	0.346266	
2530	-1.104630	0.053593	0.346261	
2531	-1.104186	0.053980	0.347093	
2532	-1.105682	0.055940	0.348798	
2533	-1.102473	0.056861	0.348888	
2534	-1.101010	0.056387	0.348590	
2535	-1.103339	0.057127	0.350405	
2536	-1.100539	0.057857	0.350983	
2537	-1.099575	0.057101	0.351086	
2538	-1.099583	0.056767	0.351784	
2539	-1.098942	0.056423	0.352634	
2540	-1.097164	0.056311	0.352739	
2541	-1.095813	0.055279	0.353206	
2542	-1.093094	0.054789	0.352596	
2543	-1.092729	0.054190	0.352535	
2544	-1.091733	0.053795	0.352689	
2545	-1.089873	0.053294	0.352480	
2546	-1.090752	0.051973	0.352560	
2547	-1.090260	0.052611	0.353026	
2548	-1.087473	0.053732	0.352622	
2549	-1.087988	0.053843	0.352936	
2550	-1.088252	0.054841	0.353441	
2551	-1.085410	0.056922	0.353360	
2552	-1.084449	0.057101	0.353075	
2553	-1.084168	0.059200	0.353874	
2554	-1.080754	0.060981	0.353245	
2555	-1.080259	0.061599	0.353150	
2556	-1.079912	0.063124	0.353611	
2557	-1.076851	0.065490	0.352894	
2558	-1.075856	0.066001	0.352394	
2559	-1.076458	0.067333	0.352800	
2560	-1.073108	0.069462	0.352172	
2561	-1.072840	0.069927	0.351732	
2562	-1.073254	0.071395	0.352129	
2563	-1.068991	0.073998	0.351272	
2564	-1.068734	0.075164	0.351178	
2565	-1.067680	0.077235	0.351203	
2566	-1.063528	0.080933	0.349933	
2567	-1.063899	0.082294	0.349874	
2568	-1.060618	0.084316	0.348427	
2569	-1.060163	0.085632	0.347305	
2570	-1.058234	0.086569	0.346308	
2571	-1.058362	0.086781	0.345279	
2572	-1.057783	0.087392	0.344539	
2573	-1.055441	0.087965	0.343276	
2574	-1.055222	0.088556	0.341935	
2575	-1.052963	0.088168	0.340443	
2576	-1.053913	0.088387	0.340121	
2577	-1.051581	0.088407	0.339156	
2578	-1.049795	0.088606	0.337221	
2579	-1.048719	0.089351	0.336675	
2580	-1.045811	0.090147	0.335565	
2581	-1.045508	0.090652	0.334984	
2582	-1.045888	0.091143	0.334937	
2583	-1.043875	0.091923	0.334170	
