0	0.000000	0.000000	0.000000	
1	0.000000	0.000000	0.000000	
2	0.000000	0.000000	0.000000	
3	0.000000	0.000000	0.000000	
4	0.000023	0.001268	0.000709	
5	-0.000353	0.001224	0.000686	
6	-0.000666	0.002167	0.000442	
7	-0.000450	0.001658	0.000061	
8	-0.001105	0.005042	0.000507	
9	-0.000621	0.003760	-0.000220	
10	-0.000607	0.005126	0.000062	
11	-0.000590	0.003773	-0.000382	
12	-0.000665	0.003267	-0.000176	
13	-0.000496	0.003326	-0.000219	
14	-0.001122	0.002153	-0.000764	
15	-0.001210	0.001551	-0.000924	
16	-0.001086	0.000722	-0.001352	
17	-0.001298	-0.000512	-0.002059	
18	-0.000827	-0.000122	-0.001908	
19	-0.001028	-0.000421	-0.002557	
20	-0.001237	0.000289	-0.002443	
21	-0.000904	-0.000228	-0.002627	
22	0.000747	0.000467	-0.002650	
23	0.001081	0.000556	-0.003091	
24	0.000800	-0.000223	-0.003763	
25	0.001575	0.000273	-0.004096	
26	0.001945	0.000013	-0.004848	
27	0.002115	-0.000620	-0.005817	
28	0.003605	-0.000079	-0.006113	
29	0.003231	0.000332	-0.006545	
30	0.002704	-0.000516	-0.007458	
31	0.003888	-0.000517	-0.007638	
32	0.004300	0.000886	-0.007562	
33	0.003737	0.001540	-0.008162	
34	0.004089	0.002117	-0.008359	
35	0.004537	0.002132	-0.008495	
36	0.004475	0.002189	-0.008777	
37	0.005079	0.003316	-0.008490	
38	0.005784	0.004882	-0.008437	
39	0.004983	0.004759	-0.009127	
40	0.005325	0.005382	-0.008910	
41	0.005852	0.005466	-0.009179	
42	0.006106	0.004423	-0.009969	
43	0.006278	0.003351	-0.010548	
44	0.006807	0.002967	-0.010689	
45	0.006970	0.003573	-0.010971	
46	0.007170	0.003512	-0.011392	
47	0.007559	0.003968	-0.011616	
48	0.007473	0.004660	-0.012015	
49	0.007176	0.004253	-0.012362	
50	0.008185	0.004418	-0.012522	
51	0.008388	0.003794	-0.013236	
52	0.007734	0.003253	-0.013511	
53	0.008234	0.004402	-0.013628	
54	0.007932	0.004169	-0.013998	
55	0.008111	0.004032	-0.014420	
56	0.008148	0.004279	-0.014411	
57	0.007984	0.004253	-0.014770	
58	0.007707	0.004333	-0.014919	
59	0.008545	0.005945	-0.014194	
60	0.008125	0.006138	-0.014020	
61	0.007014	0.006747	-0.013716	
62	0.007784	0.007874	-0.013020	
63	0.007957	0.008694	-0.012356	
64	0.007181	0.010011	-0.011697	
65	0.006640	0.010169	-0.011446	
66	0.006507	0.010230	-0.011103	
67	0.006476	0.011891	-0.010242	
68	0.005345	0.011968	-0.010174	
69	0.003448	0.012473	-0.010247	
70	0.002105	0.012572	-0.010468	
71	-0.000179	0.011572	-0.011620	
72	-0.003089	0.011406	-0.013000	
73	-0.006290	0.009158	-0.015913	
74	-0.011580	0.007516	-0.019560	
75	-0.018240	0.006523	-0.023305	
76	-0.023715	0.005915	-0.027619	
77	-0.036809	0.003106	-0.037379	
78	-0.045368	0.002091	-0.042256	
79	-0.054562	0.002316	-0.046507	
80	-0.063396	0.001753	-0.051193	
81	-0.072745	0.001829	-0.055551	
82	-0.084125	0.002415	-0.060166	
83	-0.094949	0.004396	-0.064045	
84	-0.105584	0.006227	-0.067596	
85	-0.117169	0.008477	-0.070850	
86	-0.129395	0.010578	-0.073783	
87	-0.142744	0.013550	-0.076263	
88	-0.155980	0.016657	-0.078571	
89	-0.167857	0.019253	-0.080834	
90	-0.181311	0.021229	-0.083483	
91	-0.193668	0.025272	-0.084933	
92	-0.204694	0.028963	-0.086526	
93	-0.217065	0.031399	-0.088512	
94	-0.228743	0.033209	-0.089849	
95	-0.239524	0.034868	-0.091860	
96	-0.249468	0.037032	-0.093515	
97	-0.259804	0.037030	-0.095286	
98	-0.269351	0.036832	-0.096916	
99	-0.279983	0.036536	-0.097749	
100	-0.288648	0.036646	-0.098307	
101	-0.299018	0.035069	-0.098908	
102	-0.308873	0.034344	-0.098855	
103	-0.317878	0.033171	-0.098670	
104	-0.326384	0.031252	-0.098895	
105	-0.335737	0.028936	-0.099125	
106	-0.345515	0.027814	-0.098392	
107	-0.353566	0.027455	-0.097389	
108	-0.372641	0.023574	-0.095967	
109	-0.382207	0.022909	-0.094281	
110	-0.391540	0.021962	-0.092622	
111	-0.401493	0.020361	-0.090328	
112	-0.413244	0.018960	-0.087708	
113	-0.424458	0.017868	-0.084985	
114	-0.434653	0.015516	-0.082324	
115	-0.445460	0.012142	-0.079172	
116	-0.457460	0.008045	-0.076045	
117	-0.467893	0.005109	-0.071884	
118	-0.475338	0.003008	-0.066243	
119	-0.499109	-0.002656	-0.054208	
120	-0.507050	-0.003635	-0.046757	
121	-0.511973	-0.007843	-0.039829	
122	-0.521504	-0.011618	-0.032921	
123	-0.529137	-0.012690	-0.025967	
124	-0.537078	-0.017101	-0.020514	
125	-0.544477	-0.020917	-0.014561	
126	-0.551773	-0.023111	-0.008791	
127	-0.560028	-0.027649	-0.004437	
128	-0.566843	-0.032105	0.000071	
129	-0.573219	-0.036082	0.004815	
130	-0.581765	-0.040272	0.009095	
131	-0.587712	-0.043344	0.014160	
132	-0.593388	-0.047379	0.019373	
133	-0.599743	-0.051421	0.024383	
134	-0.615050	-0.056422	0.035359	
135	-0.622269	-0.059260	0.041161	
136	-0.630516	-0.061300	0.046645	
137	-0.638592	-0.064163	0.052063	
138	-0.652705	-0.068853	0.063117	
139	-0.661987	-0.070010	0.068782	
140	-0.679809	-0.074049	0.079949	
141	-0.688455	-0.076159	0.085539	
142	-0.697663	-0.076437	0.091692	
143	-0.706755	-0.078159	0.097322	
144	-0.716062	-0.080755	0.102936	
145	-0.723898	-0.083667	0.107977	
146	-0.733655	-0.087573	0.112820	
147	-0.743503	-0.088812	0.118443	
148	-0.751546	-0.092187	0.123306	
149	-0.760525	-0.094880	0.128342	
150	-0.769935	-0.096140	0.134066	
151	-0.784301	-0.102605	0.145030	
152	-0.792389	-0.104749	0.150366	
153	-0.799073	-0.108414	0.155314	
154	-0.803685	-0.112569	0.160114	
155	-0.810381	-0.113955	0.165406	
156	-0.816946	-0.115327	0.171067	
157	-0.821394	-0.118122	0.176610	
158	-0.826151	-0.121892	0.182079	
159	-0.833128	-0.123914	0.188147	
160	-0.838301	-0.126326	0.193985	
161	-0.842388	-0.129880	0.199228	
162	-0.848395	-0.131367	0.204468	
163	-0.855403	-0.132674	0.209773	
164	-0.859866	-0.135222	0.214682	
165	-0.864767	-0.138683	0.219020	
166	-0.871390	-0.140203	0.223903	
167	-0.876289	-0.142522	0.228948	
168	-0.879839	-0.145904	0.233265	
169	-0.885945	-0.147692	0.238593	
170	-0.892762	-0.149247	0.244218	
171	-0.897182	-0.155025	0.249188	
172	-0.902287	-0.159740	0.254163	
173	-0.909383	-0.163033	0.259725	
174	-0.919495	-0.169300	0.271337	
175	-0.925362	-0.173752	0.277409	
176	-0.931560	-0.175660	0.283947	
177	-0.935907	-0.179837	0.290594	
178	-0.940718	-0.183535	0.297365	
179	-0.946193	-0.187179	0.304170	
180	-0.951082	-0.190844	0.310585	
181	-0.955791	-0.194003	0.316865	
182	-0.960289	-0.197443	0.322656	
183	-0.966341	-0.202045	0.328686	
184	-0.970727	-0.203722	0.334746	
185	-0.973195	-0.207942	0.339567	
186	-0.979799	-0.209507	0.345313	
187	-0.986689	-0.211625	0.350930	
188	-0.991568	-0.213762	0.356295	
189	-0.995999	-0.215683	0.361433	
190	-1.003934	-0.216071	0.367479	
191	-1.011172	-0.216919	0.373706	
192	-1.016243	-0.217632	0.380066	
193	-1.021672	-0.219218	0.385988	
194	-1.030814	-0.219552	0.392648	
195	-1.041030	-0.218820	0.399619	
196	-1.049602	-0.220439	0.405374	
197	-1.059322	-0.221219	0.410800	
198	-1.072134	-0.222306	0.416848	
199	-1.082994	-0.222997	0.421664	
200	-1.092516	-0.223766	0.425794	
201	-1.103922	-0.224334	0.430367	
202	-1.116817	-0.224901	0.435546	
203	-1.126112	-0.224625	0.439642	
204	-1.136838	-0.226752	0.443974	
205	-1.157746	-0.229852	0.452368	
206	-1.166229	-0.231461	0.455764	
207	-1.176600	-0.234575	0.460148	
208	-1.185894	-0.237430	0.464366	
209	-1.191964	-0.238447	0.468068	
210	-1.199760	-0.241820	0.471926	
211	-1.209529	-0.244593	0.476967	
212	-1.214759	-0.246150	0.481242	
213	-1.220731	-0.249005	0.485432	
214	-1.229641	-0.253174	0.490602	
215	-1.234754	-0.254362	0.495649	
216	-1.239251	-0.257412	0.500072	
217	-1.246969	-0.260851	0.505974	
218	-1.251346	-0.263354	0.511523	
219	-1.255760	-0.265840	0.517218	
220	-1.261467	-0.269437	0.523154	
221	-1.266775	-0.272039	0.529359	
222	-1.270644	-0.275272	0.534981	
223	-1.275485	-0.279772	0.540989	
224	-1.280172	-0.283522	0.547186	
225	-1.283707	-0.287447	0.553269	
226	-1.288134	-0.291718	0.559825	
227	-1.290550	-0.296080	0.565916	
228	-1.293154	-0.301542	0.571833	
229	-1.297098	-0.307728	0.578079	
230	-1.300339	-0.312336	0.583881	
231	-1.303817	-0.316377	0.589553	
232	-1.307836	-0.321282	0.595562	
233	-1.310229	-0.326469	0.601069	
234	-1.313942	-0.331505	0.607046	
235	-1.319639	-0.335365	0.614069	
236	-1.323351	-0.339719	0.619938	
237	-1.327015	-0.343863	0.625672	
238	-1.331370	-0.347791	0.631647	
239	-1.335661	-0.351387	0.637854	
240	-1.339743	-0.354868	0.643825	
241	-1.345191	-0.359364	0.650032	
242	-1.350337	-0.361779	0.656079	
243	-1.355003	-0.365093	0.661013	
244	-1.361599	-0.369817	0.666584	
245	-1.367185	-0.372890	0.671842	
246	-1.371235	-0.377549	0.676207	
247	-1.376856	-0.382614	0.680317	
248	-1.382782	-0.386518	0.684199	
249	-1.387910	-0.390418	0.687366	
250	-1.393433	-0.395132	0.690023	
251	-1.401361	-0.398063	0.693296	
252	-1.408023	-0.400804	0.696148	
253	-1.415014	-0.404581	0.698354	
254	-1.424309	-0.405819	0.701215	
255	-1.432864	-0.407090	0.703059	
256	-1.451781	-0.410406	0.705992	
257	-1.462900	-0.409636	0.707324	
258	-1.482649	-0.409906	0.708513	
259	-1.494576	-0.409585	0.709698	
260	-1.505634	-0.408516	0.710822	
261	-1.516149	-0.407180	0.711794	
262	-1.526450	-0.406642	0.712899	
263	-1.536704	-0.407269	0.714075	
264	-1.547117	-0.405492	0.715962	
265	-1.556680	-0.404810	0.717054	
266	-1.567847	-0.405187	0.718469	
267	-1.577513	-0.405403	0.720333	
268	-1.586534	-0.405902	0.721650	
269	-1.597740	-0.405986	0.723948	
270	-1.607249	-0.404853	0.726234	
271	-1.616820	-0.405056	0.728465	
272	-1.626913	-0.405864	0.731164	
273	-1.635532	-0.405882	0.733953	
274	-1.644220	-0.406656	0.736716	
275	-1.653574	-0.404346	0.740785	
276	-1.661912	-0.402467	0.745402	
277	-1.670190	-0.399954	0.750590	
278	-1.678066	-0.395563	0.756844	
279	-1.685492	-0.391394	0.763997	
280	-1.692077	-0.386878	0.771558	
281	-1.698180	-0.381574	0.779340	
282	-1.702768	-0.377315	0.787060	
283	-1.706454	-0.373355	0.795051	
284	-1.710158	-0.369648	0.803166	
285	-1.712806	-0.366491	0.810498	
286	-1.715613	-0.365489	0.818231	
287	-1.718366	-0.363261	0.827666	
288	-1.717690	-0.360430	0.835560	
289	-1.718942	-0.360443	0.843155	
290	-1.720060	-0.357932	0.852236	
291	-1.719714	-0.355844	0.860795	
292	-1.720210	-0.354685	0.869809	
293	-1.720823	-0.353232	0.878573	
294	-1.721833	-0.350846	0.888284	
295	-1.722899	-0.348614	0.897544	
296	-1.723671	-0.349101	0.906217	
297	-1.725177	-0.348814	0.915262	
298	-1.726220	-0.349584	0.923962	
299	-1.727437	-0.351006	0.931182	
300	-1.729546	-0.352328	0.938930	
301	-1.731755	-0.354065	0.946559	
302	-1.733934	-0.354316	0.954613	
303	-1.736024	-0.356509	0.961418	
304	-1.738517	-0.359109	0.968522	
305	-1.740700	-0.363605	0.974888	
306	-1.744422	-0.366235	0.981640	
307	-1.748255	-0.367731	0.988591	
308	-1.752512	-0.371232	0.994995	
309	-1.756082	-0.375060	1.000630	
310	-1.759751	-0.378594	1.006546	
311	-1.763492	-0.380323	1.012490	
312	-1.767229	-0.383824	1.017981	
313	-1.771299	-0.387034	1.023693	
314	-1.775426	-0.388811	1.029962	
315	-1.779775	-0.392288	1.035752	
316	-1.784675	-0.396595	1.040836	
317	-1.789559	-0.401241	1.045785	
318	-1.794836	-0.405364	1.051090	
319	-1.800244	-0.409350	1.056178	
320	-1.806194	-0.413701	1.061282	
321	-1.811573	-0.418750	1.065930	
322	-1.816851	-0.423617	1.070267	
323	-1.822637	-0.428642	1.074423	
324	-1.828098	-0.433329	1.078644	
325	-1.833673	-0.437376	1.082692	
326	-1.838408	-0.442817	1.085569	
327	-1.842854	-0.447834	1.088554	
328	-1.847633	-0.452845	1.091921	
329	-1.852452	-0.457602	1.095568	
330	-1.857052	-0.462409	1.100065	
331	-1.861445	-0.468727	1.104332	
332	-1.865707	-0.473058	1.108666	
333	-1.870023	-0.478917	1.114389	
334	-1.873444	-0.486278	1.118910	
335	-1.877603	-0.491085	1.124570	
336	-1.881724	-0.497115	1.130711	
337	-1.884998	-0.503239	1.134886	
338	-1.888518	-0.508803	1.140993	
339	-1.891116	-0.516161	1.146708	
340	-1.893313	-0.522631	1.151220	
341	-1.895781	-0.527774	1.157096	
342	-1.897812	-0.534090	1.164375	
343	-1.898924	-0.540099	1.168244	
344	-1.900854	-0.544966	1.174737	
345	-1.902221	-0.552370	1.182086	
346	-1.903410	-0.557511	1.187483	
347	-1.904874	-0.560991	1.194374	
348	-1.904685	-0.566110	1.200643	
349	-1.904529	-0.573202	1.204810	
350	-1.904889	-0.577397	1.210830	
351	-1.905482	-0.582929	1.218583	
352	-1.905181	-0.588373	1.223442	
353	-1.905373	-0.594110	1.230141	
354	-1.904963	-0.605318	1.242531	
355	-1.904683	-0.610604	1.249257	
356	-1.904190	-0.615764	1.255730	
357	-1.903916	-0.621653	1.262505	
358	-1.903780	-0.626911	1.269352	
359	-1.903146	-0.633967	1.277270	
360	-1.902551	-0.645313	1.292277	
361	-1.902121	-0.652120	1.300224	
362	-1.901692	-0.658514	1.307299	
363	-1.901545	-0.664862	1.315108	
364	-1.901500	-0.670249	1.322345	
365	-1.901432	-0.675102	1.329386	
366	-1.901623	-0.678922	1.337180	
367	-1.901398	-0.682107	1.342909	
368	-1.901405	-0.686110	1.348866	
369	-1.901226	-0.690226	1.355582	
370	-1.900646	-0.693699	1.361787	
371	-1.900441	-0.696398	1.366627	
372	-1.899873	-0.699251	1.372359	
373	-1.899609	-0.702103	1.376587	
374	-1.900155	-0.704616	1.380281	
375	-1.900459	-0.707053	1.384990	
376	-1.901210	-0.709249	1.389898	
377	-1.902220	-0.710753	1.393447	
378	-1.903644	-0.712455	1.398075	
379	-1.905189	-0.714049	1.403445	
380	-1.906960	-0.716031	1.408710	
381	-1.908885	-0.718106	1.413502	
382	-1.911150	-0.720914	1.419778	
383	-1.913669	-0.723817	1.424545	
384	-1.916245	-0.727499	1.429816	
385	-1.919646	-0.731207	1.435812	
386	-1.922866	-0.735727	1.440276	
387	-1.927023	-0.739676	1.446346	
388	-1.931036	-0.745049	1.451672	
389	-1.934939	-0.751296	1.456325	
390	-1.939761	-0.755348	1.461591	
391	-1.944227	-0.761771	1.466753	
392	-1.949169	-0.767128	1.471142	
393	-1.954431	-0.773285	1.477737	
394	-1.959749	-0.778661	1.482265	
395	-1.965194	-0.785394	1.487809	
396	-1.971131	-0.792085	1.495279	
397	-1.976618	-0.798363	1.500527	
398	-1.986818	-0.811954	1.511399	
399	-1.990824	-0.819493	1.516846	
400	-1.995236	-0.826444	1.521194	
401	-1.998755	-0.836006	1.528366	
402	-2.002020	-0.842246	1.532541	
403	-2.005657	-0.849738	1.538071	
404	-2.009235	-0.857764	1.546350	
405	-2.012128	-0.864187	1.553954	
406	-2.015141	-0.870497	1.559817	
407	-2.018363	-0.877520	1.568352	
408	-2.020493	-0.883351	1.577052	
409	-2.022768	-0.886263	1.582122	
410	-2.025097	-0.890869	1.588651	
411	-2.026931	-0.895627	1.597481	
412	-2.028577	-0.898093	1.604085	
413	-2.030200	-0.900438	1.609994	
414	-2.031508	-0.903681	1.617632	
415	-2.032362	-0.907465	1.626468	
416	-2.033816	-0.908413	1.632997	
417	-2.035321	-0.910311	1.640399	
418	-2.036801	-0.912014	1.649027	
419	-2.038449	-0.913367	1.655318	
420	-2.039849	-0.915774	1.663446	
421	-2.041709	-0.916355	1.670360	
422	-2.043097	-0.917983	1.677546	
423	-2.044575	-0.918783	1.683549	
424	-2.045981	-0.920198	1.690126	
425	-2.047109	-0.922088	1.697049	
426	-2.049655	-0.924253	1.707335	
427	-2.051090	-0.925594	1.712576	
428	-2.052013	-0.927699	1.718299	
429	-2.053458	-0.930093	1.723887	
430	-2.055579	-0.933599	1.728852	
431	-2.056868	-0.938178	1.736491	
432	-2.058355	-0.949440	1.747324	
433	-2.059162	-0.955328	1.752871	
434	-2.059847	-0.960970	1.757724	
435	-2.061282	-0.966414	1.760690	
436	-2.062425	-0.972259	1.765940	
437	-2.063615	-0.978938	1.771663	
438	-2.065361	-0.984484	1.775614	
439	-2.066885	-0.990822	1.782043	
440	-2.067948	-0.997075	1.786696	
441	-2.069410	-1.004005	1.791812	
442	-2.070870	-1.009531	1.797876	
443	-2.072299	-1.014915	1.802941	
444	-2.073544	-1.021370	1.808400	
445	-2.075119	-1.027015	1.813757	
446	-2.075930	-1.033770	1.820309	
447	-2.077397	-1.039821	1.824481	
448	-2.078750	-1.046623	1.829712	
449	-2.080106	-1.053106	1.836674	
450	-2.081430	-1.059298	1.840336	
451	-2.083387	-1.065806	1.847466	
452	-2.084781	-1.071372	1.853278	
453	-2.087757	-1.076691	1.857339	
454	-2.089296	-1.084869	1.866224	
455	-2.091424	-1.091024	1.872442	
456	-2.094541	-1.098222	1.879354	
457	-2.098354	-1.104610	1.887843	
458	-2.102444	-1.111873	1.896335	
459	-2.106160	-1.121543	1.906615	
460	-2.112353	-1.126865	1.915178	
461	-2.117403	-1.134976	1.925478	
462	-2.122728	-1.143179	1.937272	
463	-2.127859	-1.150182	1.948349	
464	-2.132139	-1.157489	1.959570	
465	-2.136798	-1.164809	1.971138	
466	-2.140394	-1.171598	1.982554	
467	-2.143541	-1.178371	1.992841	
468	-2.147197	-1.185263	2.002626	
469	-2.150743	-1.192689	2.012644	
470	-2.153463	-1.198407	2.023523	
471	-2.157305	-1.204910	2.032420	
472	-2.161281	-1.211368	2.043894	
473	-2.163971	-1.217369	2.054172	
474	-2.167054	-1.222785	2.064286	
475	-2.169566	-1.228374	2.073900	
476	-2.171317	-1.233888	2.083814	
477	-2.173640	-1.237814	2.092528	
478	-2.174685	-1.241031	2.101839	
479	-2.175077	-1.243982	2.110352	
480	-2.175881	-1.246875	2.117755	
481	-2.175508	-1.248585	2.126422	
482	-2.173087	-1.250284	2.136210	
483	-2.173287	-1.251530	2.142778	
484	-2.172954	-1.252654	2.150867	
485	-2.169165	-1.253683	2.160964	
486	-2.166805	-1.253992	2.168287	
487	-2.165462	-1.254311	2.174572	
488	-2.157581	-1.257951	2.194449	
489	-2.154990	-1.259303	2.201864	
490	-2.150833	-1.262139	2.212695	
491	-2.147391	-1.265130	2.219054	
492	-2.143849	-1.268860	2.226263	
493	-2.138681	-1.273450	2.235086	
494	-2.135445	-1.277489	2.241831	
495	-2.133107	-1.281310	2.248031	
496	-2.127970	-1.286474	2.258691	
497	-2.120720	-1.296983	2.271475	
498	-2.116204	-1.301659	2.279918	
499	-2.111261	-1.305449	2.288391	
500	-2.107921	-1.310872	2.291971	
501	-2.104872	-1.314365	2.297371	
502	-2.099203	-1.319518	2.304337	
503	-2.096590	-1.323224	2.307742	
504	-2.093016	-1.326348	2.313019	
505	-2.088947	-1.328707	2.320043	
506	-2.085748	-1.332766	2.324377	
507	-2.082325	-1.337419	2.327180	
508	-2.076904	-1.341861	2.332640	
509	-2.074146	-1.344990	2.335168	
510	-2.071230	-1.347914	2.338165	
511	-2.066172	-1.351093	2.343539	
512	-2.062003	-1.356282	2.345225	
513	-2.057718	-1.361641	2.347091	
514	-2.051315	-1.366056	2.353083	
515	-2.047825	-1.369436	2.356515	
516	-2.043089	-1.373947	2.361151	
517	-2.036964	-1.378850	2.367907	
518	-2.032502	-1.383634	2.373552	
519	-2.028186	-1.387652	2.381347	
520	-2.021355	-1.392957	2.391308	
521	-2.018111	-1.397292	2.398983	
522	-2.013499	-1.401413	2.408358	
523	-2.008336	-1.407049	2.417965	
524	-2.003800	-1.412053	2.427463	
525	-1.998150	-1.418479	2.436845	
526	-1.994854	-1.425629	2.444059	
527	-1.989693	-1.430620	2.453598	
528	-1.984182	-1.435707	2.463135	
529	-1.979877	-1.441480	2.471560	
530	-1.975766	-1.446685	2.479592	
531	-1.970964	-1.450957	2.488654	
532	-1.966792	-1.456064	2.496417	
533	-1.963166	-1.458871	2.505589	
534	-1.958389	-1.461783	2.513835	
535	-1.953184	-1.465943	2.521426	
536	-1.948902	-1.469631	2.528506	
537	-1.943558	-1.472469	2.535800	
538	-1.937317	-1.476904	2.541637	
539	-1.934758	-1.479518	2.547683	
540	-1.928995	-1.482966	2.553724	
541	-1.921516	-1.487667	2.559850	
542	-1.917560	-1.490893	2.565390	
543	-1.911833	-1.493637	2.571245	
544	-1.904500	-1.497112	2.577001	
545	-1.898491	-1.499804	2.582524	
546	-1.893473	-1.501609	2.587481	
547	-1.886559	-1.502933	2.593423	
548	-1.878426	-1.504874	2.597526	
549	-1.871570	-1.506325	2.601918	
550	-1.863935	-1.507708	2.605381	
551	-1.856166	-1.507861	2.610874	
552	-1.847336	-1.509189	2.613825	
553	-1.841151	-1.509401	2.617500	
554	-1.831290	-1.508424	2.622322	
555	-1.818091	-1.509474	2.627148	
556	-1.811867	-1.508733	2.630781	
557	-1.801968	-1.507648	2.636189	
558	-1.789500	-1.507160	2.641423	
559	-1.781551	-1.506201	2.645873	
560	-1.772987	-1.504409	2.650562	
561	-1.760682	-1.503543	2.655315	
562	-1.751038	-1.503364	2.659008	
563	-1.733149	-1.500661	2.666158	
564	-1.722011	-1.500899	2.669371	
565	-1.713714	-1.500554	2.671241	
566	-1.704171	-1.499935	2.673398	
567	-1.694059	-1.500082	2.675902	
568	-1.685407	-1.500954	2.676146	
569	-1.677711	-1.501531	2.676946	
570	-1.668717	-1.501782	2.679357	
571	-1.660754	-1.502716	2.680323	
572	-1.653317	-1.504618	2.679322	
573	-1.645323	-1.506329	2.679475	
574	-1.637533	-1.507828	2.680215	
575	-1.631251	-1.508729	2.680552	
576	-1.624893	-1.509497	2.681276	
577	-1.616775	-1.510580	2.683126	
578	-1.605477	-1.513675	2.683537	
579	-1.598556	-1.514329	2.685184	
580	-1.591046	-1.515321	2.686779	
581	-1.586015	-1.516948	2.686486	
582	-1.579456	-1.517319	2.688636	
583	-1.571543	-1.519402	2.690046	
584	-1.566683	-1.521103	2.691010	
585	-1.553975	-1.523275	2.695477	
586	-1.548383	-1.524320	2.698345	
587	-1.543029	-1.525197	2.700377	
588	-1.536522	-1.526097	2.703034	
589	-1.530050	-1.527405	2.704052	
590	-1.517392	-1.528573	2.708999	
591	-1.511382	-1.529373	2.711573	
592	-1.503935	-1.530616	2.714205	
593	-1.498511	-1.531206	2.717473	
594	-1.492944	-1.532520	2.720124	
595	-1.485788	-1.533544	2.722886	
596	-1.479011	-1.533881	2.726530	
597	-1.475065	-1.533892	2.729331	
598	-1.468027	-1.533632	2.732480	
599	-1.460967	-1.533273	2.735820	
600	-1.455995	-1.532910	2.737553	
601	-1.451008	-1.532789	2.737993	
602	-1.442266	-1.531592	2.742506	
603	-1.435390	-1.529570	2.746909	
604	-1.430947	-1.529469	2.746317	
605	-1.422198	-1.528360	2.749553	
606	-1.412944	-1.526897	2.752909	
607	-1.407553	-1.525864	2.754036	
608	-1.399034	-1.524244	2.757674	
609	-1.390829	-1.523411	2.758429	
610	-1.382036	-1.522288	2.761085	
611	-1.374252	-1.521231	2.763059	
612	-1.367586	-1.520029	2.763305	
613	-1.357933	-1.519196	2.763834	
614	-1.350628	-1.518041	2.763210	
615	-1.343635	-1.516705	2.762175	
616	-1.335111	-1.515193	2.761534	
617	-1.327256	-1.514013	2.760880	
618	-1.320790	-1.513294	2.758762	
619	-1.311502	-1.513388	2.756546	
620	-1.304611	-1.513407	2.755109	
621	-1.299162	-1.513358	2.752851	
622	-1.291178	-1.513394	2.751579	
623	-1.283978	-1.513716	2.749779	
624	-1.278913	-1.514431	2.745763	
625	-1.271259	-1.514683	2.744286	
626	-1.264002	-1.515057	2.742417	
627	-1.251049	-1.515590	2.738568	
628	-1.243200	-1.516454	2.736436	
629	-1.237797	-1.517650	2.733572	
630	-1.230379	-1.518772	2.732233	
631	-1.224140	-1.519798	2.730700	
632	-1.217770	-1.521415	2.728359	
633	-1.211013	-1.523042	2.726170	
634	-1.205341	-1.524109	2.724099	
635	-1.199774	-1.525057	2.722643	
636	-1.194667	-1.525498	2.721513	
637	-1.185434	-1.525564	2.717086	
638	-1.181368	-1.525408	2.714685	
639	-1.176456	-1.524207	2.713386	
640	-1.169833	-1.523541	2.711050	
641	-1.163264	-1.522969	2.709209	
642	-1.160881	-1.521935	2.707031	
643	-1.157273	-1.520377	2.705822	
644	-1.150527	-1.519602	2.704105	
645	-1.147625	-1.517984	2.703196	
646	-1.144700	-1.516087	2.702232	
647	-1.138158	-1.514297	2.701313	
648	-1.132131	-1.512648	2.699754	
649	-1.128362	-1.510796	2.698089	
650	-1.123478	-1.508530	2.696531	
651	-1.117733	-1.505957	2.694577	
652	-1.112272	-1.502663	2.693314	
653	-1.107766	-1.499168	2.691558	
654	-1.101071	-1.495684	2.689906	
655	-1.094824	-1.491925	2.688100	
656	-1.089703	-1.487777	2.686256	
657	-1.080887	-1.484197	2.683943	
658	-1.078074	-1.479478	2.682504	
659	-1.073463	-1.474743	2.681293	
660	-1.063726	-1.471962	2.678485	
661	-1.058866	-1.468025	2.677010	
662	-1.055288	-1.463901	2.675141	
663	-1.049137	-1.460095	2.672260	
664	-1.044442	-1.456017	2.669267	
665	-1.040375	-1.451705	2.666283	
666	-1.036823	-1.447033	2.662605	
667	-1.033964	-1.442014	2.659096	
668	-1.027723	-1.437872	2.654045	
669	-1.021890	-1.433175	2.649588	
670	-1.018208	-1.427146	2.646553	
671	-1.010834	-1.422514	2.641177	
672	-1.002149	-1.417174	2.636235	
673	-0.988908	-1.408018	2.624707	
674	-0.975901	-1.403977	2.618559	
675	-0.965463	-1.396970	2.607331	
676	-0.960275	-1.395592	2.600185	
677	-0.959213	-1.391013	2.596886	
678	-0.956170	-1.386341	2.593605	
679	-0.948456	-1.383489	2.587873	
680	-0.942124	-1.379719	2.583625	
681	-0.939290	-1.374502	2.581456	
682	-0.933167	-1.371480	2.577839	
683	-0.927222	-1.368088	2.575046	
684	-0.918363	-1.360049	2.571819	
685	-0.913176	-1.357415	2.569343	
686	-0.911828	-1.351459	2.570144	
687	-0.908141	-1.347288	2.569396	
688	-0.901528	-1.345162	2.567500	
689	-0.899749	-1.338461	2.570018	
690	-0.896718	-1.333626	2.570429	
691	-0.892052	-1.330067	2.569993	
692	-0.889214	-1.324895	2.571486	
693	-0.888490	-1.319137	2.573778	
694	-0.884260	-1.316628	2.573517	
695	-0.881814	-1.312454	2.575254	
696	-0.880735	-1.308031	2.576950	
697	-0.875173	-1.307364	2.575670	
698	-0.874065	-1.302975	2.578308	
699	-0.872862	-1.299927	2.579936	
700	-0.868015	-1.299674	2.579555	
701	-0.867334	-1.296042	2.582345	
702	-0.865343	-1.293669	2.583714	
703	-0.861644	-1.292239	2.585063	
704	-0.860196	-1.289182	2.588103	
705	-0.857441	-1.287035	2.590288	
706	-0.855000	-1.284599	2.593079	
707	-0.852419	-1.281837	2.596034	
708	-0.850473	-1.279200	2.598979	
709	-0.846923	-1.277529	2.600939	
710	-0.844857	-1.274618	2.603899	
711	-0.842735	-1.271887	2.606760	
712	-0.834438	-1.265148	2.615372	
713	-0.828950	-1.265227	2.615518	
714	-0.822930	-1.265490	2.616745	
715	-0.821756	-1.262724	2.620727	
716	-0.815707	-1.263740	2.621724	
717	-0.812173	-1.263136	2.624490	
718	-0.810508	-1.260790	2.628167	
719	-0.805836	-1.260999	2.630041	
720	-0.802285	-1.260268	2.632732	
721	-0.799881	-1.258440	2.636101	
722	-0.794473	-1.259510	2.636772	
723	-0.789410	-1.260107	2.638924	
724	-0.787110	-1.258889	2.642309	
725	-0.784022	-1.258764	2.644498	
726	-0.777730	-1.261288	2.644961	
727	-0.775509	-1.259652	2.649495	
728	-0.772487	-1.259032	2.652358	
729	-0.766814	-1.261071	2.653283	
730	-0.763237	-1.260608	2.657863	
731	-0.760684	-1.260080	2.660514	
732	-0.755123	-1.261900	2.661640	
733	-0.752535	-1.261203	2.665875	
734	-0.748887	-1.261665	2.668305	
735	-0.744043	-1.263586	2.669523	
736	-0.741868	-1.262879	2.673203	
737	-0.738196	-1.263686	2.675184	
738	-0.734200	-1.265196	2.677282	
739	-0.731652	-1.265966	2.680214	
740	-0.727070	-1.269489	2.680132	
741	-0.725049	-1.271010	2.682932	
742	-0.723507	-1.271911	2.686180	
743	-0.722321	-1.273098	2.688224	
744	-0.722045	-1.273030	2.691951	
745	-0.719797	-1.274386	2.694161	
746	-0.718385	-1.275494	2.697454	
747	-0.717108	-1.276406	2.700537	
748	-0.714890	-1.277519	2.703129	
749	-0.712583	-1.278898	2.705773	
750	-0.712746	-1.278181	2.710060	
751	-0.709777	-1.280068	2.712569	
752	-0.707534	-1.281624	2.716793	
753	-0.706564	-1.282472	2.722006	
754	-0.704179	-1.284706	2.725891	
755	-0.701054	-1.288037	2.729204	
756	-0.699541	-1.290390	2.734457	
757	-0.697652	-1.293459	2.738966	
758	-0.693626	-1.298656	2.742834	
759	-0.693070	-1.301290	2.749454	
760	-0.690043	-1.305663	2.754039	
761	-0.687520	-1.309628	2.759933	
762	-0.685807	-1.313126	2.766821	
763	-0.684101	-1.316484	2.772403	
764	-0.681606	-1.320241	2.777836	
765	-0.678854	-1.324335	2.783469	
766	-0.675862	-1.328797	2.789212	
767	-0.674056	-1.331999	2.796137	
768	-0.670494	-1.336868	2.800507	
769	-0.668362	-1.340206	2.806790	
770	-0.668048	-1.341784	2.813631	
771	-0.663552	-1.346527	2.817373	
772	-0.660963	-1.349446	2.823168	
773	-0.658646	-1.351769	2.828332	
774	-0.654066	-1.355649	2.830353	
775	-0.652739	-1.356273	2.836673	
776	-0.651135	-1.356719	2.841697	
777	-0.646008	-1.358966	2.844613	
778	-0.642296	-1.359875	2.848739	
779	-0.638335	-1.360501	2.852848	
780	-0.632449	-1.363415	2.853215	
781	-0.627849	-1.365147	2.855100	
782	-0.623556	-1.366823	2.856383	
783	-0.617703	-1.369354	2.855937	
784	-0.611363	-1.372137	2.856874	
785	-0.606438	-1.373879	2.858624	
786	-0.599186	-1.376050	2.859346	
787	-0.593743	-1.377717	2.860618	
788	-0.581866	-1.381104	2.864611	
789	-0.574280	-1.383246	2.866961	
790	-0.567647	-1.385412	2.869663	
791	-0.559874	-1.387972	2.870730	
792	-0.552087	-1.390297	2.871814	
793	-0.543116	-1.393875	2.872348	
794	-0.536036	-1.395968	2.874722	
795	-0.527345	-1.398535	2.875507	
796	-0.517789	-1.401831	2.875601	
797	-0.510724	-1.403083	2.878422	
798	-0.502920	-1.404879	2.879986	
799	-0.493598	-1.407985	2.880513	
800	-0.486480	-1.409454	2.883286	
801	-0.469623	-1.415014	2.883022	
802	-0.457190	-1.417671	2.885057	
803	-0.444896	-1.420595	2.885690	
804	-0.439225	-1.421724	2.886101	
805	-0.432542	-1.423452	2.885257	
806	-0.428521	-1.422826	2.886883	
807	-0.421979	-1.423419	2.886391	
808	-0.415016	-1.424409	2.885691	
809	-0.408617	-1.423790	2.886617	
810	-0.400992	-1.424871	2.885647	
811	-0.392739	-1.426514	2.884485	
812	-0.385667	-1.425869	2.885594	
813	-0.379316	-1.426755	2.885691	
814	-0.371192	-1.428234	2.884607	
815	-0.365078	-1.427632	2.885805	
816	-0.358214	-1.428465	2.885592	
817	-0.350318	-1.429420	2.883854	
818	-0.345294	-1.428383	2.884240	
819	-0.338549	-1.429399	2.881685	
820	-0.332695	-1.430155	2.879766	
821	-0.326941	-1.429711	2.878734	
822	-0.321137	-1.429557	2.877059	
823	-0.315233	-1.428940	2.875563	
824	-0.309369	-1.427410	2.874470	
825	-0.303460	-1.427037	2.872416	
826	-0.297846	-1.425087	2.871016	
827	-0.293214	-1.422434	2.869824	
828	-0.288358	-1.420305	2.867682	
829	-0.276258	-1.414248	2.863841	
830	-0.270380	-1.411343	2.860785	
831	-0.265037	-1.408303	2.857024	
832	-0.259080	-1.403868	2.853703	
833	-0.253233	-1.399691	2.849617	
834	-0.245793	-1.396125	2.844239	
835	-0.238408	-1.391342	2.839633	
836	-0.230116	-1.386240	2.835068	
837	-0.221611	-1.383143	2.828495	
838	-0.212071	-1.379446	2.822295	
839	-0.203781	-1.375101	2.816372	
840	-0.194723	-1.371605	2.809804	
841	-0.177153	-1.364918	2.795633	
842	-0.169652	-1.361592	2.788924	
843	-0.162177	-1.358782	2.781362	
844	-0.154119	-1.355035	2.774976	
845	-0.148218	-1.352870	2.767822	
846	-0.140176	-1.349805	2.761691	
847	-0.132957	-1.346922	2.754911	
848	-0.127849	-1.345339	2.748549	
849	-0.119935	-1.342057	2.743040	
850	-0.114099	-1.342924	2.733788	
851	-0.106370	-1.342601	2.726733	
852	-0.097727	-1.339143	2.722627	
853	-0.094546	-1.340335	2.714706	
854	-0.088217	-1.341640	2.707424	
855	-0.081138	-1.341061	2.701144	
856	-0.076602	-1.340678	2.694386	
857	-0.071367	-1.339985	2.687447	
858	-0.066339	-1.339139	2.680016	
859	-0.060063	-1.337815	2.673077	
860	-0.053477	-1.335931	2.667219	
861	-0.048369	-1.335877	2.659785	
862	-0.041573	-1.335684	2.653767	
863	-0.034486	-1.336515	2.646650	
864	-0.027225	-1.337720	2.640465	
865	-0.019987	-1.338624	2.635159	
866	-0.013531	-1.340708	2.628602	
867	-0.005534	-1.342566	2.622836	
868	0.001537	-1.344306	2.617622	
869	0.007192	-1.346739	2.610927	
870	0.012932	-1.349507	2.603908	
871	0.020705	-1.351302	2.598230	
872	0.026563	-1.353592	2.591752	
873	0.032970	-1.355762	2.584597	
874	0.037794	-1.358317	2.576733	
875	0.050068	-1.360532	2.563125	
876	0.052830	-1.362529	2.554091	
877	0.057625	-1.363532	2.546579	
878	0.060524	-1.364966	2.537336	
879	0.068624	-1.364861	2.522389	
880	0.070081	-1.364428	2.513647	
881	0.072397	-1.364069	2.505164	
882	0.076911	-1.362254	2.498875	
883	0.078854	-1.361245	2.491341	
884	0.080157	-1.361117	2.482656	
885	0.080670	-1.359754	2.474187	
886	0.084078	-1.358551	2.464831	
887	0.085583	-1.357440	2.455996	
888	0.088655	-1.355684	2.446822	
889	0.090698	-1.353992	2.438767	
890	0.093812	-1.352762	2.429515	
891	0.096022	-1.352572	2.419545	
892	0.099567	-1.351617	2.410469	
893	0.101762	-1.350809	2.400457	
894	0.103738	-1.350793	2.388685	
895	0.107258	-1.351101	2.378197	
896	0.110730	-1.351931	2.368984	
897	0.114189	-1.353112	2.361745	
898	0.119127	-1.353549	2.354818	
899	0.122910	-1.353215	2.347717	
900	0.125929	-1.352556	2.339887	
901	0.128372	-1.351593	2.333136	
902	0.132498	-1.349797	2.326624	
903	0.134794	-1.348023	2.319897	
904	0.137692	-1.346445	2.313361	
905	0.140723	-1.344363	2.307435	
906	0.143233	-1.342288	2.301354	
907	0.146519	-1.340889	2.294724	
908	0.150623	-1.338706	2.289013	
909	0.155885	-1.336897	2.282903	
910	0.160576	-1.335835	2.277969	
911	0.166586	-1.333958	2.274909	
912	0.172246	-1.332807	2.271684	
913	0.176563	-1.332463	2.268440	
914	0.182297	-1.330677	2.265052	
915	0.187481	-1.328618	2.261112	
916	0.192544	-1.326802	2.257864	
917	0.194632	-1.324422	2.256182	
918	0.198014	-1.322334	2.253346	
919	0.202347	-1.320988	2.250537	
920	0.205242	-1.318751	2.249264	
921	0.208523	-1.317163	2.247433	
922	0.212740	-1.316178	2.245533	
923	0.216419	-1.314553	2.244250	
924	0.220466	-1.313479	2.242707	
925	0.224401	-1.312716	2.241942	
926	0.228179	-1.311407	2.242290	
927	0.233566	-1.311095	2.241552	
928	0.238188	-1.311097	2.241889	
929	0.240255	-1.310217	2.243632	
930	0.245597	-1.310250	2.244185	
931	0.249560	-1.310895	2.245945	
932	0.252221	-1.310947	2.249388	
933	0.255739	-1.311695	2.251049	
934	0.258473	-1.312326	2.253490	
935	0.260939	-1.312706	2.256155	
936	0.264103	-1.313417	2.257213	
937	0.266742	-1.314315	2.259256	
938	0.268912	-1.314548	2.263496	
939	0.270367	-1.315068	2.267380	
940	0.272798	-1.315583	2.271070	
941	0.275604	-1.315916	2.273873	
942	0.279244	-1.316437	2.276998	
943	0.281746	-1.316972	2.280330	
944	0.283378	-1.316818	2.285206	
945	0.286171	-1.317068	2.288469	
946	0.289860	-1.317331	2.291318	
947	0.292274	-1.317479	2.295363	
948	0.295579	-1.318564	2.297515	
949	0.298402	-1.319046	2.300781	
950	0.305453	-1.320504	2.304206	
951	0.307182	-1.321002	2.307760	
952	0.308800	-1.320977	2.309217	
953	0.311175	-1.320822	2.313006	
954	0.312130	-1.319434	2.316301	
955	0.314698	-1.318386	2.318994	
956	0.317341	-1.317534	2.321239	
957	0.319245	-1.315928	2.326395	
958	0.319920	-1.313989	2.331442	
959	0.320101	-1.311890	2.335696	
960	0.323076	-1.311258	2.339704	
961	0.324772	-1.310813	2.345178	
962	0.325474	-1.309259	2.350432	
963	0.329423	-1.309627	2.351904	
964	0.331380	-1.309515	2.357903	
965	0.331687	-1.308828	2.363438	
966	0.337012	-1.309774	2.365849	
967	0.338872	-1.309748	2.371667	
968	0.342477	-1.310260	2.377113	
969	0.348710	-1.312731	2.380178	
970	0.351811	-1.313715	2.386013	
971	0.353825	-1.314333	2.392875	
972	0.358509	-1.316851	2.397202	
973	0.361068	-1.317765	2.406020	
974	0.361331	-1.316909	2.413345	
975	0.364616	-1.318838	2.418191	
976	0.366175	-1.319085	2.427837	
977	0.369392	-1.320645	2.432757	
978	0.373733	-1.323795	2.440699	
979	0.372213	-1.321999	2.448162	
980	0.374144	-1.322607	2.449773	
981	0.378539	-1.323947	2.455514	
982	0.379149	-1.323210	2.463441	
983	0.381278	-1.324332	2.466311	
984	0.383642	-1.324771	2.471538	
985	0.383585	-1.324244	2.477406	
986	0.384601	-1.324861	2.480583	
987	0.386914	-1.325390	2.486169	
988	0.388900	-1.326091	2.490200	
989	0.390578	-1.327466	2.492717	
990	0.393003	-1.327449	2.499482	
991	0.393741	-1.327199	2.503827	
992	0.394705	-1.327983	2.507286	
993	0.396094	-1.326368	2.513821	
994	0.397804	-1.325901	2.517190	
995	0.400674	-1.326567	2.520120	
996	0.402580	-1.324542	2.525512	
997	0.401174	-1.320827	2.532822	
998	0.402874	-1.320007	2.535457	
999	0.405042	-1.318025	2.541507	
1000	0.407935	-1.315980	2.553762	
1001	0.409078	-1.313202	2.563983	
1002	0.409995	-1.312440	2.572108	
1003	0.410706	-1.313286	2.577684	
1004	0.410531	-1.311670	2.584727	
1005	0.410166	-1.311590	2.590149	
1006	0.410093	-1.310184	2.595427	
1007	0.410290	-1.309793	2.599091	
1008	0.410757	-1.309933	2.602931	
1009	0.410881	-1.309766	2.606064	
1010	0.411135	-1.310348	2.607822	
1011	0.412677	-1.311076	2.610847	
1012	0.412550	-1.310180	2.613789	
1013	0.412864	-1.309843	2.617535	
1014	0.414053	-1.310230	2.617864	
1015	0.416675	-1.313007	2.622497	
1016	0.415776	-1.311974	2.626269	
1017	0.417488	-1.312347	2.628064	
1018	0.419731	-1.313574	2.630033	
1019	0.421853	-1.312097	2.632596	
1020	0.424107	-1.312266	2.632003	
1021	0.422652	-1.308778	2.633440	
1022	0.425144	-1.308299	2.632691	
1023	0.425727	-1.302715	2.631505	
1024	0.428468	-1.296387	2.627469	
1025	0.427860	-1.291010	2.625965	
1026	0.428516	-1.287567	2.625628	
1027	0.431623	-1.285292	2.623429	
1028	0.432534	-1.281380	2.623218	
1029	0.434258	-1.277939	2.623777	
1030	0.436885	-1.274804	2.623534	
1031	0.436806	-1.269191	2.623866	
1032	0.438956	-1.265568	2.624037	
1033	0.442543	-1.263987	2.624846	
1034	0.442844	-1.259171	2.625529	
1035	0.445473	-1.255688	2.624484	
1036	0.449221	-1.254599	2.625427	
1037	0.450976	-1.251087	2.625248	
1038	0.452150	-1.247439	2.625716	
1039	0.455818	-1.245696	2.624822	
1040	0.458026	-1.243517	2.624335	
1041	0.459771	-1.240678	2.623064	
1042	0.461423	-1.237941	2.621263	
1043	0.464140	-1.236489	2.618762	
1044	0.465495	-1.233899	2.616204	
1045	0.467026	-1.232286	2.615097	
1046	0.468946	-1.230979	2.614155	
1047	0.470273	-1.227485	2.613788	
1048	0.472517	-1.226715	2.613048	
1049	0.473558	-1.225137	2.612241	
1050	0.474157	-1.224537	2.613186	
1051	0.475037	-1.223694	2.613639	
1052	0.475869	-1.222006	2.613154	
1053	0.476030	-1.221218	2.614629	
1054	0.476884	-1.219532	2.614277	
1055	0.477530	-1.217677	2.614338	
1056	0.477326	-1.216877	2.616924	
1057	0.477345	-1.215358	2.618693	
1058	0.477011	-1.215396	2.622996	
1059	0.476988	-1.212631	2.623356	
1060	0.478219	-1.210959	2.623640	
1061	0.477877	-1.212797	2.629223	
1062	0.475907	-1.211372	2.632662	
1063	0.476637	-1.211776	2.635356	
1064	0.477377	-1.210031	2.635539	
1065	0.476466	-1.206663	2.635402	
1066	0.478965	-1.207690	2.636952	
1067	0.479463	-1.206772	2.638319	
1068	0.478384	-1.204188	2.639927	
1069	0.480065	-1.205005	2.642714	
1070	0.480239	-1.206720	2.648109	
1071	0.477200	-1.204776	2.653478	
1072	0.477055	-1.203234	2.656103	
1073	0.475988	-1.204922	2.663807	
1074	0.473220	-1.201491	2.667607	
1075	0.473523	-1.199110	2.669135	
1076	0.473107	-1.196333	2.670843	
1077	0.471065	-1.195074	2.676505	
1078	0.470101	-1.194080	2.681026	
1079	0.469306	-1.193759	2.685721	
1080	0.468814	-1.193969	2.690385	
1081	0.466479	-1.191916	2.694735	
1082	0.467983	-1.192298	2.697222	
1083	0.468371	-1.192172	2.700164	
1084	0.465600	-1.189830	2.704204	
1085	0.468631	-1.191545	2.704547	
1086	0.468592	-1.191152	2.705661	
1087	0.466255	-1.187209	2.705287	
1088	0.467826	-1.188198	2.704579	
1089	0.465120	-1.184881	2.703687	
1090	0.461873	-1.184656	2.706858	
1091	0.462781	-1.186947	2.706187	
1092	0.459641	-1.186669	2.707710	
1093	0.456742	-1.186769	2.708997	
1094	0.456906	-1.188842	2.706738	
1095	0.452238	-1.189278	2.710576	
1096	0.451397	-1.190452	2.708808	
1097	0.449954	-1.192297	2.708540	
1098	0.445547	-1.190997	2.709550	
1099	0.445104	-1.194710	2.710010	
1100	0.441657	-1.196496	2.712354	
1101	0.435454	-1.200069	2.715982	
1102	0.431508	-1.201153	2.718489	
1103	0.428106	-1.203007	2.721935	
1104	0.424294	-1.206964	2.729136	
1105	0.419754	-1.207985	2.732939	
1106	0.415886	-1.209880	2.737007	
1107	0.412508	-1.211721	2.739937	
1108	0.408002	-1.213691	2.745524	
1109	0.404034	-1.216022	2.750237	
1110	0.399842	-1.217358	2.753139	
1111	0.395788	-1.220294	2.757839	
1112	0.391336	-1.223003	2.761822	
1113	0.387224	-1.226715	2.766383	
1114	0.382091	-1.227720	2.767714	
1115	0.377751	-1.231717	2.772713	
1116	0.366213	-1.237539	2.782547	
1117	0.361091	-1.240417	2.785195	
1118	0.355783	-1.244344	2.790316	
1119	0.349004	-1.245474	2.793036	
1120	0.343583	-1.247604	2.794772	
1121	0.337529	-1.251140	2.801826	
1122	0.331393	-1.252381	2.804250	
1123	0.327661	-1.258531	2.811484	
1124	0.321807	-1.261908	2.819446	
1125	0.315173	-1.260033	2.818128	
1126	0.310949	-1.262585	2.821482	
1127	0.305727	-1.263031	2.824630	
1128	0.301757	-1.264770	2.827600	
1129	0.298183	-1.266764	2.830114	
1130	0.293941	-1.266779	2.831741	
1131	0.292256	-1.270973	2.836123	
1132	0.289322	-1.272120	2.838193	
1133	0.286861	-1.273284	2.839001	
1134	0.285793	-1.274865	2.837403	
1135	0.284899	-1.277981	2.840534	
1136	0.283525	-1.279012	2.839779	
1137	0.282470	-1.280467	2.840149	
1138	0.282278	-1.282857	2.840377	
1139	0.280683	-1.282918	2.841140	
1140	0.279909	-1.283220	2.839887	
1141	0.279752	-1.285196	2.841368	
1142	0.277738	-1.284158	2.841315	
1143	0.276866	-1.285276	2.843050	
1144	0.275422	-1.285318	2.842636	
1145	0.273305	-1.284766	2.844103	
1146	0.271717	-1.285049	2.846404	
1147	0.270084	-1.286239	2.851359	
1148	0.266962	-1.284909	2.852619	
1149	0.265345	-1.286455	2.856691	
1150	0.264444	-1.289103	2.861098	
1151	0.260760	-1.289119	2.865905	
1152	0.259884	-1.293027	2.871341	
1153	0.257898	-1.295436	2.874997	
1154	0.254524	-1.297038	2.879097	
1155	0.252730	-1.300251	2.881976	
1156	0.250278	-1.302930	2.884999	
1157	0.247812	-1.305960	2.887835	
1158	0.245779	-1.309503	2.890923	
1159	0.243388	-1.312529	2.894308	
1160	0.241342	-1.315737	2.896303	
1161	0.238863	-1.319281	2.899340	
1162	0.236276	-1.322285	2.902175	
1163	0.234858	-1.326853	2.903741	
1164	0.231767	-1.329237	2.907331	
1165	0.229565	-1.332491	2.907824	
1166	0.228042	-1.336527	2.910903	
1167	0.225562	-1.339006	2.913268	
1168	0.224377	-1.342990	2.915142	
1169	0.222876	-1.346364	2.918397	
1170	0.220907	-1.348797	2.921479	
1171	0.219862	-1.352222	2.924245	
1172	0.218607	-1.355347	2.927996	
1173	0.216444	-1.357457	2.930558	
1174	0.214018	-1.359650	2.932943	
1175	0.213110	-1.363328	2.935146	
1176	0.210166	-1.364574	2.940554	
1177	0.207641	-1.366281	2.942373	
1178	0.205885	-1.368663	2.947182	
1179	0.202751	-1.369922	2.951409	
1180	0.200442	-1.371980	2.955303	
1181	0.198380	-1.375030	2.959784	
1182	0.195890	-1.377736	2.964106	
1183	0.193166	-1.381021	2.969338	
1184	0.190434	-1.384727	2.974207	
1185	0.186589	-1.388140	2.978310	
1186	0.182689	-1.391832	2.982424	
1187	0.178994	-1.396667	2.987698	
1188	0.174184	-1.400436	2.993777	
1189	0.170341	-1.404972	2.998267	
1190	0.166495	-1.410026	3.002956	
1191	0.160836	-1.413582	3.008901	
1192	0.156176	-1.418114	3.013442	
1193	0.150441	-1.422877	3.019062	
1194	0.143730	-1.427011	3.025593	
1195	0.138919	-1.432862	3.031250	
1196	0.133685	-1.438225	3.037532	
1197	0.128606	-1.442977	3.043840	
1198	0.124151	-1.448051	3.050861	
1199	0.119523	-1.453062	3.057373	
1200	0.114982	-1.458198	3.063508	
1201	0.110445	-1.463260	3.069717	
1202	0.102992	-1.474321	3.085773	
1203	0.099252	-1.479547	3.092749	
1204	0.095821	-1.484578	3.100289	
1205	0.092785	-1.489738	3.107298	
1206	0.090772	-1.495259	3.115827	
1207	0.088171	-1.499647	3.124531	
1208	0.086777	-1.504622	3.132100	
1209	0.085063	-1.509378	3.140762	
1210	0.083269	-1.514258	3.149171	
1211	0.081309	-1.518701	3.154550	
1212	0.079192	-1.522702	3.161977	
1213	0.076204	-1.530182	3.173698	
1214	0.076131	-1.534312	3.180485	
1215	0.076230	-1.538145	3.184795	
1216	0.077383	-1.542493	3.190679	
1217	0.078908	-1.546356	3.196500	
1218	0.080941	-1.549935	3.203119	
1219	0.083931	-1.553581	3.208283	
1220	0.087146	-1.557131	3.213984	
1221	0.091348	-1.560611	3.220556	
1222	0.095671	-1.563441	3.226297	
1223	0.100904	-1.566664	3.232101	
1224	0.106597	-1.569031	3.239756	
1225	0.112999	-1.571439	3.246259	
1226	0.120304	-1.573870	3.253362	
1227	0.127347	-1.575805	3.261547	
1228	0.135369	-1.577917	3.269051	
1229	0.144246	-1.581283	3.275826	
1230	0.152647	-1.583828	3.285286	
1231	0.161038	-1.586781	3.292009	
1232	0.170067	-1.590537	3.299622	
1233	0.178305	-1.593786	3.306685	
1234	0.186424	-1.597691	3.312591	
1235	0.194893	-1.601611	3.319014	
1236	0.202560	-1.604688	3.324268	
1237	0.210530	-1.608345	3.328875	
1238	0.218317	-1.611369	3.334087	
1239	0.226027	-1.614609	3.340163	
1240	0.233005	-1.618720	3.345670	
1241	0.239145	-1.623043	3.350719	
1242	0.245861	-1.627315	3.357090	
1243	0.251252	-1.631330	3.361285	
1244	0.256974	-1.635033	3.366305	
1245	0.262124	-1.638689	3.371727	
1246	0.267648	-1.643263	3.375827	
1247	0.273709	-1.647286	3.382387	
1248	0.278881	-1.651693	3.387429	
1249	0.284997	-1.657241	3.392306	
1250	0.296543	-1.665155	3.400600	
1251	0.302505	-1.670160	3.405831	
1252	0.308922	-1.675536	3.411417	
1253	0.316282	-1.680901	3.417581	
1254	0.330278	-1.692543	3.430563	
1255	0.337406	-1.698428	3.437428	
1256	0.343595	-1.703845	3.443912	
1257	0.350564	-1.708795	3.450552	
1258	0.356804	-1.713104	3.457595	
1259	0.363251	-1.716564	3.464856	
1260	0.369738	-1.721398	3.469484	
1261	0.376778	-1.725731	3.474944	
1262	0.383090	-1.729953	3.480407	
1263	0.389683	-1.733691	3.484978	
1264	0.395899	-1.736948	3.489130	
1265	0.402890	-1.739482	3.493978	
1266	0.410548	-1.742025	3.498437	
1267	0.419640	-1.745289	3.501849	
1268	0.428821	-1.747727	3.506243	
1269	0.437591	-1.750094	3.509937	
1270	0.447402	-1.752464	3.513554	
1271	0.457411	-1.754196	3.517090	
1272	0.467484	-1.755761	3.520756	
1273	0.479564	-1.757754	3.523394	
1274	0.491045	-1.759209	3.526367	
1275	0.502508	-1.759772	3.529671	
1276	0.514768	-1.761755	3.531177	
1277	0.527405	-1.762428	3.534180	
1278	0.539974	-1.763182	3.536463	
1279	0.552077	-1.762997	3.539459	
1280	0.564976	-1.763440	3.541480	
1281	0.576860	-1.763831	3.543392	
1282	0.588880	-1.764064	3.545159	
1283	0.600389	-1.764838	3.545896	
1284	0.612833	-1.766424	3.546572	
1285	0.625474	-1.767420	3.548354	
1286	0.639077	-1.768641	3.550100	
1287	0.651462	-1.770076	3.551239	
1288	0.663214	-1.771353	3.552169	
1289	0.675811	-1.772033	3.553751	
1290	0.689725	-1.773486	3.554085	
1291	0.702146	-1.773778	3.555328	
1292	0.713754	-1.774674	3.555369	
1293	0.726599	-1.775724	3.555971	
1294	0.738751	-1.777057	3.556209	
1295	0.750589	-1.778019	3.557168	
1296	0.763530	-1.779519	3.556990	
1297	0.774685	-1.779730	3.558149	
1298	0.785664	-1.779811	3.559317	
1299	0.799049	-1.781711	3.559389	
1300	0.811209	-1.782643	3.560832	
1301	0.823479	-1.783844	3.562421	
1302	0.836802	-1.785995	3.563730	
1303	0.848475	-1.786544	3.567149	
1304	0.860511	-1.788498	3.569433	
1305	0.875021	-1.789300	3.573501	
1306	0.886395	-1.791018	3.576736	
1307	0.898951	-1.793405	3.580771	
1308	0.910445	-1.795975	3.585020	
1309	0.920949	-1.797896	3.590874	
1310	0.933188	-1.800750	3.595967	
1311	0.946405	-1.802743	3.602184	
1312	0.957058	-1.804673	3.608646	
1313	0.968841	-1.808753	3.612814	
1314	0.980527	-1.811484	3.618085	
1315	0.989495	-1.813579	3.623355	
1316	0.998715	-1.817034	3.627118	
1317	1.007240	-1.819357	3.631525	
1318	1.023872	-1.822208	3.641506	
1319	1.032251	-1.824476	3.644939	
1320	1.041703	-1.825409	3.649438	
1321	1.049796	-1.826641	3.653085	
1322	1.060264	-1.828568	3.655205	
1323	1.075229	-1.828035	3.658638	
1324	1.083786	-1.829361	3.660789	
1325	1.094502	-1.831132	3.661988	
1326	1.105154	-1.830839	3.664923	
1327	1.115396	-1.832039	3.665648	
1328	1.126219	-1.833763	3.665500	
1329	1.137000	-1.832720	3.666632	
1330	1.148515	-1.833344	3.666139	
1331	1.159753	-1.833047	3.665282	
1332	1.170925	-1.832512	3.664148	
1333	1.184360	-1.831115	3.662996	
1334	1.209094	-1.828856	3.658371	
1335	1.222134	-1.825671	3.658323	
1336	1.233426	-1.822212	3.658197	
1337	1.263791	-1.817209	3.655534	
1338	1.290452	-1.813207	3.650796	
1339	1.305531	-1.809157	3.648760	
1340	1.315485	-1.806231	3.646945	
1341	1.328487	-1.804482	3.642406	
1342	1.340427	-1.802490	3.638583	
1343	1.352714	-1.801604	3.633917	
1344	1.363245	-1.801656	3.628754	
1345	1.379425	-1.797922	3.624664	
1346	1.382804	-1.798551	3.620970	
1347	1.398808	-1.795658	3.616048	
1348	1.403787	-1.794690	3.613030	
1349	1.409703	-1.794747	3.608046	
1350	1.419883	-1.793224	3.603469	
1351	1.428755	-1.790419	3.600050	
1352	1.435326	-1.791380	3.594544	
1353	1.444964	-1.789610	3.589838	
1354	1.454590	-1.787206	3.585844	
1355	1.462741	-1.786786	3.580102	
1356	1.473945	-1.784164	3.575523	
1357	1.482924	-1.781906	3.571515	
1358	1.494390	-1.780662	3.565277	
1359	1.506707	-1.777261	3.561296	
1360	1.517022	-1.775143	3.557725	
1361	1.529143	-1.773236	3.553912	
1362	1.542499	-1.771054	3.549350	
1363	1.552814	-1.767373	3.548528	
1364	1.564298	-1.765770	3.545254	
1365	1.578300	-1.763467	3.541655	
1366	1.589438	-1.760431	3.539708	
1367	1.600657	-1.759534	3.535237	
1368	1.613295	-1.756225	3.531893	
1369	1.621648	-1.754399	3.529211	
1370	1.632893	-1.752019	3.525146	
1371	1.643558	-1.748192	3.523073	
1372	1.652638	-1.746084	3.520345	
1373	1.662407	-1.743609	3.517111	
1374	1.671447	-1.740235	3.513872	
1375	1.679363	-1.737946	3.510289	
1376	1.687342	-1.735548	3.506190	
1377	1.696335	-1.732936	3.500944	
1378	1.704455	-1.730049	3.496168	
1379	1.711865	-1.727682	3.490646	
1380	1.721026	-1.724169	3.484347	
1381	1.730875	-1.718324	3.479135	
1382	1.735803	-1.715303	3.474479	
1383	1.743441	-1.711268	3.467861	
1384	1.752771	-1.704704	3.461188	
1385	1.758350	-1.700850	3.454251	
1386	1.765666	-1.695930	3.446561	
1387	1.773561	-1.690416	3.437341	
1388	1.780421	-1.685716	3.427914	
1389	1.787367	-1.680945	3.418117	
1390	1.793190	-1.675081	3.411812	
1391	1.802205	-1.669775	3.401766	
1392	1.812354	-1.664693	3.391132	
1393	1.818854	-1.659106	3.384401	
1394	1.824663	-1.654531	3.377356	
1395	1.838455	-1.647013	3.363023	
1396	1.850601	-1.637145	3.348815	
1397	1.857972	-1.632328	3.340291	
1398	1.863941	-1.627718	3.333874	
1399	1.870386	-1.624763	3.324623	
1400	1.877199	-1.620640	3.317106	
1401	1.883526	-1.616976	3.309552	
1402	1.889582	-1.614482	3.300872	
1403	1.895504	-1.611227	3.292648	
1404	1.901058	-1.608301	3.283659	
1405	1.906665	-1.603600	3.277291	
1406	1.912765	-1.598593	3.271950	
1407	1.919128	-1.594518	3.263877	
1408	1.926163	-1.589833	3.255887	
1409	1.933252	-1.583894	3.250121	
1410	1.940664	-1.578362	3.242381	
1411	1.948935	-1.572497	3.233855	
1412	1.956478	-1.566780	3.226346	
1413	1.965364	-1.562079	3.216569	
1414	1.975704	-1.554935	3.209109	
1415	1.983808	-1.549160	3.203099	
1416	1.993303	-1.543600	3.196465	
1417	2.003649	-1.537338	3.190318	
1418	2.013580	-1.530352	3.185965	
1419	2.022978	-1.524743	3.179970	
1420	2.033509	-1.518836	3.173133	
1421	2.043460	-1.512574	3.167233	
1422	2.053538	-1.506755	3.160770	
1423	2.061477	-1.501303	3.155650	
1424	2.077260	-1.492074	3.142936	
1425	2.083247	-1.487938	3.138332	
1426	2.089365	-1.484549	3.132515	
1427	2.095608	-1.481568	3.125963	
1428	2.101767	-1.477628	3.119133	
1429	2.107514	-1.472920	3.113442	
1430	2.112364	-1.468541	3.109472	
1431	2.116632	-1.464952	3.104940	
1432	2.121488	-1.461730	3.096523	
1433	2.126789	-1.456805	3.090481	
1434	2.130595	-1.451725	3.086486	
1435	2.134562	-1.446572	3.081498	
1436	2.139221	-1.440740	3.076180	
1437	2.142019	-1.437767	3.067271	
1438	2.145345	-1.433701	3.059649	
1439	2.148256	-1.428564	3.054766	
1440	2.151279	-1.423308	3.048185	
1441	2.155085	-1.418132	3.039754	
1442	2.158243	-1.412749	3.031975	
1443	2.160513	-1.408319	3.024713	
1444	2.164722	-1.402364	3.014097	
1445	2.168182	-1.397678	3.002632	
1446	2.170627	-1.393539	2.995723	
1447	2.172961	-1.389714	2.984457	
1448	2.177111	-1.384213	2.971599	
1449	2.178921	-1.379410	2.967008	
1450	2.179517	-1.376339	2.959642	
1451	2.184698	-1.367928	2.948242	
1452	2.186632	-1.361687	2.940384	
1453	2.185169	-1.359323	2.931101	
1454	2.187001	-1.353013	2.920255	
1455	2.189467	-1.344726	2.911690	
1456	2.189775	-1.339934	2.905292	
1457	2.192144	-1.334119	2.894361	
1458	2.194016	-1.327982	2.885355	
1459	2.195729	-1.321894	2.877186	
1460	2.198213	-1.314899	2.871920	
1461	2.200126	-1.310122	2.860877	
1462	2.202685	-1.305202	2.850414	
1463	2.206092	-1.298344	2.845839	
1464	2.208143	-1.293805	2.834878	
1465	2.212343	-1.287258	2.825681	
1466	2.215402	-1.280775	2.820562	
1467	2.216788	-1.277372	2.808803	
1468	2.221151	-1.271694	2.797392	
1469	2.224000	-1.267577	2.786816	
1470	2.227019	-1.264529	2.775041	
1471	2.236328	-1.253970	2.759049	
1472	2.240433	-1.250771	2.749970	
1473	2.245798	-1.246300	2.743678	
1474	2.251125	-1.242590	2.732883	
1475	2.256783	-1.239221	2.724084	
1476	2.262589	-1.235882	2.714705	
1477	2.267981	-1.232266	2.704394	
1478	2.274591	-1.225943	2.694465	
1479	2.280614	-1.220424	2.687377	
1480	2.285011	-1.216180	2.677896	
1481	2.290574	-1.210092	2.669052	
1482	2.294485	-1.206041	2.661429	
1483	2.298242	-1.201702	2.654092	
1484	2.302270	-1.196386	2.644352	
1485	2.306061	-1.190318	2.638967	
1486	2.308828	-1.186248	2.630606	
1487	2.311763	-1.181431	2.622097	
1488	2.314978	-1.176052	2.616214	
1489	2.316331	-1.172538	2.607036	
1490	2.318628	-1.167258	2.597605	
1491	2.319517	-1.162571	2.589237	
1492	2.320518	-1.158049	2.579839	
1493	2.323031	-1.147059	2.562037	
1494	2.323195	-1.143254	2.551821	
1495	2.323682	-1.137276	2.542487	
1496	2.324001	-1.130833	2.536779	
1497	2.324012	-1.124779	2.528764	
1498	2.321879	-1.121655	2.514878	
1499	2.321864	-1.113920	2.507799	
1500	2.321092	-1.106736	2.501305	
1501	2.321031	-1.098179	2.492104	
1502	2.320962	-1.090078	2.484314	
1503	2.319680	-1.083532	2.474304	
1504	2.318650	-1.077464	2.462468	
1505	2.317480	-1.072563	2.450368	
1506	2.316106	-1.068386	2.437133	
1507	2.315581	-1.062625	2.425130	
1508	2.314524	-1.057356	2.414101	
1509	2.314344	-1.051043	2.403900	
1510	2.313212	-1.045581	2.392122	
1511	2.312451	-1.039382	2.381820	
1512	2.311634	-1.033551	2.372386	
1513	2.309352	-1.030061	2.361744	
1514	2.308990	-1.023974	2.353262	
1515	2.308050	-1.018660	2.345723	
1516	2.306034	-1.016024	2.336371	
1517	2.304210	-1.011465	2.328584	
1518	2.302248	-1.008111	2.321314	
1519	2.300766	-1.004361	2.314360	
1520	2.299823	-0.999212	2.308039	
1521	2.298809	-0.995516	2.301894	
1522	2.298380	-0.992824	2.296581	
1523	2.298678	-0.988557	2.291068	
1524	2.299135	-0.984703	2.286732	
1525	2.299232	-0.982427	2.279906	
1526	2.298632	-0.980393	2.271008	
1527	2.299994	-0.977002	2.264688	
1528	2.300512	-0.974483	2.256135	
1529	2.302004	-0.970591	2.248396	
1530	2.304666	-0.965548	2.240356	
1531	2.308076	-0.959566	2.232636	
1532	2.311939	-0.953655	2.223868	
1533	2.315613	-0.947934	2.214921	
1534	2.318315	-0.943466	2.204843	
1535	2.321633	-0.938908	2.194812	
1536	2.325964	-0.932305	2.185222	
1537	2.329273	-0.928160	2.175546	
1538	2.332997	-0.923487	2.165929	
1539	2.336642	-0.919206	2.156714	
1540	2.340454	-0.914979	2.148130	
1541	2.344130	-0.910223	2.138502	
1542	2.348945	-0.904845	2.131106	
1543	2.352391	-0.901111	2.123270	
1544	2.355501	-0.898681	2.114130	
1545	2.359879	-0.892886	2.107427	
1546	2.363141	-0.888469	2.100266	
1547	2.366315	-0.884714	2.091764	
1548	2.369666	-0.879454	2.084149	
1549	2.372589	-0.874274	2.076291	
1550	2.375885	-0.869073	2.068125	
1551	2.379066	-0.863036	2.059917	
1552	2.381219	-0.858375	2.051612	
1553	2.382895	-0.854544	2.042786	
1554	2.385019	-0.848645	2.034648	
1555	2.385922	-0.843865	2.025144	
1556	2.387522	-0.838368	2.017168	
1557	2.388295	-0.833498	2.008624	
1558	2.388900	-0.829455	1.999989	
1559	2.389554	-0.823775	1.991293	
1560	2.390745	-0.817369	1.982408	
1561	2.391672	-0.810993	1.973899	
1562	2.391999	-0.804836	1.963204	
1563	2.391933	-0.799010	1.953453	
1564	2.392817	-0.785202	1.932815	
1565	2.393661	-0.778339	1.923472	
1566	2.394912	-0.771940	1.913747	
1567	2.396729	-0.764208	1.903234	
1568	2.399656	-0.757063	1.893940	
1569	2.402234	-0.749822	1.883427	
1570	2.405153	-0.742988	1.875237	
1571	2.408062	-0.737860	1.867067	
1572	2.409971	-0.733160	1.856425	
1573	2.411698	-0.728861	1.848117	
1574	2.413050	-0.725592	1.839207	
1575	2.416027	-0.720238	1.831675	
1576	2.417257	-0.718133	1.822322	
1577	2.419823	-0.714836	1.814162	
1578	2.422460	-0.711615	1.806902	
1579	2.427358	-0.705585	1.789044	
1580	2.429875	-0.702153	1.780140	
1581	2.431703	-0.699867	1.771179	
1582	2.435040	-0.696859	1.762456	
1583	2.439396	-0.692077	1.753595	
1584	2.443201	-0.688295	1.744069	
1585	2.446799	-0.684961	1.734097	
1586	2.451546	-0.679634	1.725395	
1587	2.455312	-0.675416	1.714694	
1588	2.459814	-0.671338	1.705142	
1589	2.465450	-0.665434	1.696711	
1590	2.470177	-0.661180	1.686464	
1591	2.474301	-0.658519	1.676369	
1592	2.478841	-0.653788	1.665729	
1593	2.483759	-0.651022	1.657499	
1594	2.487914	-0.645888	1.647035	
1595	2.493979	-0.639969	1.638231	
1596	2.498690	-0.633061	1.629469	
1597	2.503400	-0.627954	1.619468	
1598	2.508600	-0.620812	1.611790	
1599	2.512388	-0.614685	1.602901	
1600	2.516934	-0.608914	1.595800	
1601	2.520582	-0.602870	1.588195	
1602	2.523416	-0.596319	1.580197	
1603	2.526649	-0.590549	1.573471	
1604	2.528707	-0.584432	1.566906	
1605	2.531364	-0.578720	1.562099	
1606	2.533744	-0.571482	1.556824	
1607	2.534131	-0.566436	1.550326	
1608	2.535353	-0.561132	1.544821	
1609	2.535938	-0.556089	1.538679	
1610	2.535687	-0.550762	1.532080	
1611	2.535675	-0.545989	1.526090	
1612	2.534564	-0.541663	1.519104	
1613	2.532966	-0.536390	1.512290	
1614	2.529147	-0.525366	1.496030	
1615	2.526345	-0.518914	1.486910	
1616	2.523379	-0.514297	1.478932	
1617	2.520540	-0.508832	1.470289	
1618	2.517299	-0.503314	1.461603	
1619	2.513486	-0.496968	1.453030	
1620	2.509496	-0.490860	1.444112	
1621	2.506401	-0.484484	1.436271	
1622	2.502352	-0.479088	1.428335	
1623	2.497989	-0.474694	1.420615	
1624	2.493727	-0.470161	1.412140	
1625	2.489569	-0.465465	1.404369	
1626	2.484130	-0.461713	1.395500	
1627	2.479392	-0.459318	1.388418	
1628	2.474041	-0.456642	1.381021	
1629	2.468568	-0.454890	1.373407	
1630	2.464019	-0.451332	1.366902	
1631	2.460388	-0.448277	1.360659	
1632	2.455584	-0.446003	1.351965	
1633	2.452138	-0.443254	1.344045	
1634	2.448399	-0.440681	1.335357	
1635	2.445525	-0.438936	1.328810	
1636	2.442042	-0.437009	1.322292	
1637	2.438363	-0.433959	1.316130	
1638	2.434161	-0.432990	1.309397	
1639	2.430670	-0.429689	1.304241	
1640	2.427778	-0.427924	1.300682	
1641	2.421875	-0.427027	1.294228	
1642	2.418111	-0.423932	1.289829	
1643	2.414765	-0.422099	1.286185	
1644	2.409975	-0.421249	1.282252	
1645	2.406497	-0.419360	1.279599	
1646	2.402464	-0.418654	1.277333	
1647	2.397261	-0.417359	1.273818	
1648	2.394418	-0.413904	1.272946	
1649	2.391382	-0.411026	1.272877	
1650	2.386744	-0.409611	1.270967	
1651	2.382115	-0.407167	1.268680	
1652	2.376103	-0.404718	1.265102	
1653	2.371813	-0.402696	1.263474	
1654	2.367797	-0.400541	1.262246	
1655	2.362094	-0.398378	1.260228	
1656	2.356626	-0.396211	1.258509	
1657	2.350647	-0.392692	1.256567	
1658	2.343850	-0.391599	1.254869	
1659	2.336624	-0.389420	1.252449	
1660	2.329696	-0.387949	1.250747	
1661	2.320879	-0.386343	1.247792	
1662	2.312540	-0.384914	1.245342	
1663	2.304092	-0.383560	1.243176	
1664	2.293715	-0.382569	1.239959	
1665	2.284240	-0.381688	1.237085	
1666	2.276300	-0.380586	1.235421	
1667	2.266607	-0.380623	1.232629	
1668	2.255685	-0.380612	1.228186	
1669	2.246891	-0.380620	1.225498	
1670	2.237422	-0.380142	1.223350	
1671	2.225866	-0.378185	1.219714	
1672	2.215162	-0.377953	1.217265	
1673	2.204483	-0.378278	1.216028	
1674	2.191774	-0.377827	1.214070	
1675	2.179771	-0.375643	1.211720	
1676	2.169058	-0.375262	1.210711	
1677	2.157360	-0.374264	1.209446	
1678	2.145962	-0.371797	1.207775	
1679	2.136604	-0.370896	1.208181	
1680	2.126754	-0.370147	1.208450	
1681	2.117657	-0.368334	1.208240	
1682	2.108417	-0.367583	1.207775	
1683	2.099855	-0.365850	1.207186	
1684	2.092246	-0.363277	1.206874	
1685	2.084154	-0.362664	1.206133	
1686	2.076695	-0.361145	1.204607	
1687	2.070497	-0.359174	1.203862	
1688	2.056448	-0.356674	1.201883	
1689	2.050099	-0.355101	1.201296	
1690	2.043763	-0.353627	1.200100	
1691	2.037549	-0.351066	1.198677	
1692	2.030943	-0.348177	1.196912	
1693	2.025222	-0.343966	1.195253	
1694	2.018230	-0.340173	1.192791	
1695	2.011704	-0.335836	1.190344	
1696	2.005455	-0.332083	1.187428	
1697	1.999608	-0.327041	1.184559	
1698	1.993850	-0.322603	1.181015	
1699	1.988461	-0.318394	1.177449	
1700	1.983086	-0.313800	1.173876	
1701	1.977697	-0.309330	1.169857	
1702	1.972220	-0.304918	1.165916	
1703	1.967161	-0.300553	1.161960	
1704	1.961822	-0.296563	1.157099	
1705	1.956424	-0.292649	1.152142	
1706	1.952157	-0.288646	1.147773	
1707	1.947008	-0.285638	1.142801	
1708	1.941462	-0.281392	1.137860	
1709	1.936727	-0.278294	1.133591	
1710	1.930852	-0.275391	1.129327	
1711	1.924663	-0.270880	1.124731	
1712	1.919715	-0.267524	1.121363	
1713	1.913541	-0.265264	1.117384	
1714	1.906288	-0.261055	1.112791	
1715	1.899569	-0.258271	1.108571	
1716	1.892327	-0.255830	1.104182	
1717	1.884674	-0.252453	1.099674	
1718	1.877166	-0.249657	1.095220	
1719	1.868486	-0.246719	1.090355	
1720	1.860158	-0.243152	1.085894	
1721	1.851727	-0.240609	1.081563	
1722	1.842762	-0.237926	1.077465	
1723	1.832844	-0.234951	1.072988	
1724	1.823462	-0.232380	1.068965	
1725	1.812330	-0.230407	1.064584	
1726	1.802090	-0.227013	1.060797	
1727	1.793665	-0.225070	1.057715	
1728	1.783987	-0.222649	1.054464	
1729	1.766862	-0.218175	1.049225	
1730	1.758668	-0.216651	1.047444	
1731	1.749774	-0.214695	1.045134	
1732	1.742256	-0.213159	1.043423	
1733	1.734921	-0.212101	1.042221	
1734	1.727757	-0.211004	1.041006	
1735	1.721380	-0.208709	1.039574	
1736	1.715162	-0.207589	1.038396	
1737	1.708753	-0.207875	1.036803	
1738	1.702706	-0.206410	1.034804	
1739	1.697326	-0.205750	1.033360	
1740	1.691967	-0.205329	1.032418	
1741	1.686440	-0.204226	1.031456	
1742	1.681902	-0.202960	1.030575	
1743	1.676778	-0.201595	1.029263	
1744	1.672407	-0.200114	1.028072	
1745	1.667089	-0.199277	1.026019	
1746	1.662170	-0.198398	1.023694	
1747	1.656358	-0.196607	1.020880	
1748	1.651583	-0.196572	1.018348	
1749	1.645976	-0.195413	1.015115	
1750	1.640346	-0.192575	1.011525	
1751	1.635739	-0.190926	1.008482	
1752	1.630220	-0.189001	1.004805	
1753	1.624196	-0.185732	1.000686	
1754	1.618189	-0.181950	0.996321	
1755	1.612265	-0.179770	0.991388	
1756	1.606258	-0.174610	0.986379	
1757	1.600605	-0.170896	0.981031	
1758	1.587971	-0.163501	0.969288	
1759	1.581567	-0.159880	0.963109	
1760	1.575881	-0.156300	0.957096	
1761	1.569510	-0.152178	0.950533	
1762	1.564109	-0.148697	0.944327	
1763	1.558193	-0.145463	0.938128	
1764	1.552572	-0.140328	0.931984	
1765	1.547783	-0.136476	0.926202	
1766	1.534907	-0.129014	0.914077	
1767	1.529676	-0.126138	0.908353	
1768	1.524321	-0.121174	0.902967	
1769	1.518700	-0.116810	0.897547	
1770	1.513750	-0.114157	0.892100	
1771	1.509606	-0.110465	0.887373	
1772	1.505688	-0.106844	0.882890	
1773	1.500929	-0.103784	0.878415	
1774	1.496213	-0.101973	0.873924	
1775	1.491777	-0.101250	0.870091	
1776	1.480975	-0.104537	0.860267	
1777	1.475296	-0.105783	0.855246	
1778	1.468909	-0.108251	0.850214	
1779	1.462337	-0.112037	0.844490	
1780	1.454469	-0.114670	0.838899	
1781	1.439546	-0.121761	0.827636	
1782	1.431737	-0.123351	0.822570	
1783	1.424031	-0.124916	0.818082	
1784	1.416753	-0.125215	0.814031	
1785	1.409222	-0.125658	0.810282	
1786	1.401684	-0.126983	0.806192	
1787	1.395015	-0.128168	0.802461	
1788	1.387671	-0.127896	0.798740	
1789	1.374448	-0.127757	0.792834	
1790	1.367844	-0.128609	0.789868	
1791	1.361146	-0.128683	0.787040	
1792	1.355394	-0.128448	0.784509	
1793	1.349198	-0.129451	0.781058	
1794	1.342178	-0.128417	0.778004	
1795	1.337684	-0.128708	0.775142	
1796	1.331802	-0.128964	0.772226	
1797	1.325324	-0.127956	0.769539	
1798	1.319422	-0.126989	0.766700	
1799	1.314237	-0.126645	0.763995	
1800	1.309169	-0.124391	0.761647	
1801	1.304345	-0.123043	0.758078	
1802	1.299696	-0.121605	0.754823	
1803	1.293375	-0.120613	0.751249	
1804	1.290320	-0.119872	0.748226	
1805	1.285917	-0.117000	0.746227	
1806	1.282134	-0.115117	0.744496	
1807	1.278052	-0.114456	0.741637	
1808	1.273530	-0.111670	0.739167	
1809	1.270032	-0.108947	0.736872	
1810	1.265548	-0.107443	0.733243	
1811	1.261223	-0.103843	0.729830	
1812	1.258481	-0.099408	0.726864	
1813	1.254236	-0.096364	0.721714	
1814	1.249206	-0.092900	0.716281	
1815	1.245494	-0.087047	0.711747	
1816	1.242728	-0.084338	0.705629	
1817	1.238884	-0.080793	0.699422	
1818	1.235856	-0.075760	0.694445	
1819	1.233619	-0.073671	0.688198	
1820	1.231167	-0.069968	0.682555	
1821	1.226140	-0.065189	0.677872	
1822	1.224205	-0.063124	0.672271	
1823	1.220017	-0.058696	0.667586	
1824	1.216411	-0.056736	0.662352	
1825	1.213189	-0.056056	0.656548	
1826	1.208332	-0.053634	0.651779	
1827	1.205504	-0.051590	0.646989	
1828	1.200730	-0.050394	0.641766	
1829	1.195597	-0.047554	0.638171	
1830	1.190675	-0.047700	0.633355	
1831	1.185566	-0.047318	0.628561	
1832	1.178589	-0.046502	0.624458	
1833	1.171135	-0.044941	0.620593	
1834	1.164580	-0.045404	0.615639	
1835	1.156074	-0.044972	0.611190	
1836	1.147791	-0.044253	0.607240	
1837	1.141638	-0.045215	0.602779	
1838	1.132685	-0.046341	0.598614	
1839	1.123450	-0.048169	0.594959	
1840	1.115964	-0.051387	0.591563	
1841	1.106715	-0.056619	0.587844	
1842	1.095878	-0.060165	0.585237	
1843	1.087353	-0.063915	0.583830	
1844	1.076696	-0.066021	0.583425	
1845	1.064837	-0.068622	0.583571	
1846	1.054694	-0.073081	0.583145	
1847	1.044030	-0.076791	0.583298	
1848	1.033204	-0.078974	0.584272	
1849	1.024053	-0.082154	0.585148	
1850	1.013402	-0.085377	0.586219	
1851	1.002203	-0.088621	0.587835	
1852	0.992632	-0.092050	0.589010	
1853	0.982634	-0.094752	0.590353	
1854	0.973198	-0.098786	0.591173	
1855	0.964796	-0.103622	0.591521	
1856	0.955829	-0.105886	0.593476	
1857	0.947154	-0.108184	0.595347	
1858	0.939730	-0.110304	0.597101	
1859	0.930968	-0.113767	0.598682	
1860	0.922544	-0.116152	0.600594	
1861	0.916183	-0.118504	0.602572	
1862	0.907746	-0.118791	0.605909	
1863	0.901387	-0.121371	0.608009	
1864	0.894323	-0.122971	0.610410	
1865	0.886666	-0.124251	0.613396	
1866	0.879739	-0.126314	0.616255	
1867	0.872586	-0.128419	0.618860	
1868	0.865391	-0.127545	0.622647	
1869	0.860382	-0.128522	0.626237	
1870	0.855248	-0.133249	0.627765	
1871	0.848051	-0.134413	0.630298	
1872	0.839632	-0.134910	0.634280	
1873	0.834909	-0.140132	0.635526	
1874	0.829403	-0.142113	0.637092	
1875	0.821489	-0.143495	0.640350	
1876	0.817125	-0.147367	0.642071	
1877	0.812262	-0.148779	0.644201	
1878	0.805100	-0.149748	0.647485	
1879	0.800621	-0.151610	0.649753	
1880	0.795865	-0.153799	0.652009	
1881	0.790139	-0.154675	0.655181	
1882	0.784946	-0.155596	0.658554	
1883	0.781356	-0.156982	0.661700	
1884	0.772904	-0.157946	0.668825	
1885	0.767959	-0.158700	0.672130	
1886	0.762587	-0.157779	0.676612	
1887	0.758019	-0.158370	0.680458	
1888	0.754129	-0.159152	0.683839	
1889	0.749467	-0.158326	0.688351	
1890	0.747298	-0.157269	0.693314	
1891	0.744107	-0.158213	0.697968	
1892	0.740368	-0.157773	0.703679	
1893	0.737453	-0.156959	0.710119	
1894	0.733897	-0.156959	0.717317	
1895	0.730734	-0.155717	0.725471	
1896	0.729718	-0.156108	0.733595	
1897	0.726492	-0.156959	0.741710	
1898	0.724041	-0.155564	0.750509	
1899	0.721840	-0.155098	0.758939	
1900	0.719556	-0.156484	0.766537	
1901	0.716600	-0.156854	0.774015	
1902	0.713514	-0.157418	0.781497	
1903	0.710255	-0.158845	0.788893	
1904	0.707183	-0.160952	0.796239	
1905	0.703990	-0.161950	0.804531	
1906	0.700743	-0.164766	0.812348	
1907	0.697479	-0.168874	0.819482	
1908	0.693953	-0.170849	0.827936	
1909	0.691411	-0.174886	0.835614	
1910	0.688938	-0.179691	0.842444	
1911	0.686332	-0.180620	0.851532	
1912	0.683456	-0.184700	0.859137	
1913	0.680136	-0.188390	0.865422	
1914	0.678459	-0.189960	0.874100	
1915	0.677783	-0.193454	0.881470	
1916	0.676291	-0.196691	0.888028	
1917	0.675031	-0.198212	0.895462	
1918	0.674884	-0.200802	0.902535	
1919	0.674293	-0.203869	0.908187	
1920	0.674060	-0.205695	0.914673	
1921	0.674214	-0.208141	0.920690	
1922	0.675223	-0.211092	0.926142	
1923	0.676737	-0.213345	0.932250	
1924	0.677980	-0.216411	0.937906	
1925	0.679066	-0.219585	0.942786	
1926	0.679728	-0.222073	0.947703	
1927	0.680715	-0.223903	0.953157	
1928	0.682442	-0.226174	0.958617	
1929	0.683037	-0.229144	0.963486	
1930	0.684148	-0.229990	0.969988	
1931	0.684383	-0.232860	0.975345	
1932	0.685371	-0.234185	0.980740	
1933	0.687635	-0.235520	0.987160	
1934	0.688798	-0.238084	0.991822	
1935	0.689667	-0.238758	0.996415	
1936	0.690878	-0.238861	1.002105	
1937	0.691484	-0.239991	1.006515	
1938	0.693314	-0.239470	1.017125	
1939	0.693772	-0.239545	1.021367	
1940	0.694450	-0.238793	1.025640	
1941	0.695133	-0.235748	1.036282	
1942	0.694947	-0.233644	1.041017	
1943	0.695177	-0.231059	1.046906	
1944	0.696303	-0.229032	1.052368	
1945	0.696118	-0.226425	1.058158	
1946	0.696257	-0.223655	1.064137	
1947	0.696289	-0.221430	1.069910	
1948	0.693816	-0.213235	1.088172	
1949	0.693902	-0.210908	1.095053	
1950	0.693877	-0.209403	1.101955	
1951	0.693212	-0.207529	1.116241	
1952	0.692302	-0.206746	1.123378	
1953	0.691406	-0.205940	1.130447	
1954	0.690437	-0.205751	1.136925	
1955	0.689138	-0.206330	1.143113	
1956	0.690080	-0.205826	1.149728	
1957	0.688985	-0.207095	1.160613	
1958	0.689203	-0.207122	1.166264	
1959	0.689356	-0.207564	1.171382	
1960	0.689781	-0.207368	1.176997	
1961	0.690692	-0.207102	1.182743	
1962	0.690498	-0.207551	1.187765	
1963	0.690639	-0.207952	1.192668	
1964	0.691945	-0.207586	1.197912	
1965	0.692753	-0.207586	1.202857	
1966	0.692774	-0.208261	1.207170	
1967	0.693303	-0.208218	1.211726	
1968	0.693130	-0.207799	1.215699	
1969	0.692883	-0.207719	1.219257	
1970	0.693265	-0.206296	1.223586	
1971	0.694230	-0.204510	1.227334	
1972	0.694294	-0.203582	1.230327	
1973	0.694370	-0.201929	1.233506	
1974	0.695819	-0.201040	1.236560	
1975	0.695776	-0.199920	1.238770	
1976	0.694631	-0.198656	1.240872	
1977	0.694388	-0.198179	1.242480	
1978	0.694623	-0.197248	1.244708	
1979	0.694289	-0.196685	1.246242	
1980	0.693094	-0.195866	1.247634	
1981	0.691957	-0.194595	1.249418	
1982	0.690936	-0.193887	1.251072	
1983	0.686591	-0.193008	1.253596	
1984	0.684741	-0.191036	1.255622	
1985	0.682484	-0.188478	1.257296	
1986	0.679400	-0.185581	1.258892	
1987	0.676391	-0.183235	1.259990	
1988	0.672956	-0.180159	1.261153	
1989	0.669768	-0.177830	1.262289	
1990	0.666226	-0.176490	1.262919	
1991	0.662535	-0.174402	1.263739	
1992	0.659956	-0.173158	1.264862	
1993	0.656371	-0.172374	1.265483	
1994	0.652228	-0.170732	1.266356	
1995	0.648502	-0.169512	1.267175	
1996	0.644142	-0.168093	1.267940	
1997	0.639481	-0.166893	1.268794	
1998	0.635076	-0.165944	1.269817	
1999	0.630070	-0.165199	1.270227	
2000	0.625392	-0.164312	1.270973	
2001	0.620395	-0.164686	1.270873	
2002	0.615362	-0.164311	1.270820	
2003	0.610899	-0.163819	1.271258	
2004	0.606765	-0.164459	1.271273	
2005	0.602172	-0.164654	1.271344	
2006	0.597649	-0.164670	1.271519	
2007	0.593752	-0.165199	1.271456	
2008	0.589372	-0.165390	1.271201	
2009	0.584717	-0.165177	1.270669	
2010	0.580514	-0.164445	1.270143	
2011	0.575901	-0.162982	1.269794	
2012	0.571453	-0.161695	1.269546	
2013	0.566732	-0.161820	1.268249	
2014	0.562214	-0.160094	1.267448	
2015	0.557896	-0.158651	1.266879	
2016	0.553918	-0.157483	1.265810	
2017	0.550309	-0.154689	1.265629	
2018	0.545975	-0.155269	1.263883	
2019	0.542724	-0.153315	1.263069	
2020	0.539259	-0.153777	1.262462	
2021	0.536207	-0.152724	1.261421	
2022	0.533189	-0.151943	1.260636	
2023	0.527391	-0.151557	1.258590	
2024	0.524769	-0.152067	1.257814	
2025	0.522409	-0.151811	1.257504	
2026	0.519497	-0.152133	1.256197	
2027	0.517208	-0.150270	1.256229	
2028	0.514353	-0.150345	1.255111	
2029	0.511333	-0.148826	1.253712	
2030	0.508502	-0.148500	1.252961	
2031	0.504689	-0.147817	1.251162	
2032	0.500995	-0.146709	1.249631	
2033	0.497298	-0.146308	1.248102	
2034	0.493432	-0.145469	1.246479	
2035	0.489732	-0.144800	1.244936	
2036	0.485594	-0.143773	1.242832	
2037	0.481701	-0.143259	1.241061	
2038	0.476846	-0.142518	1.238134	
2039	0.472283	-0.142248	1.235843	
2040	0.468011	-0.141516	1.233341	
2041	0.464435	-0.140996	1.231172	
2042	0.461136	-0.140512	1.229260	
2043	0.457819	-0.139465	1.227232	
2044	0.450831	-0.137523	1.221194	
2045	0.446026	-0.134832	1.216843	
2046	0.443411	-0.133859	1.214197	
2047	0.440547	-0.132271	1.211424	
2048	0.437068	-0.131139	1.207696	
2049	0.433599	-0.128243	1.204242	
2050	0.430192	-0.127445	1.200824	
2051	0.427083	-0.125972	1.197871	
2052	0.424384	-0.124017	1.195670	
2053	0.420836	-0.123079	1.192062	
2054	0.418219	-0.120938	1.189807	
2055	0.414983	-0.119390	1.186793	
2056	0.411260	-0.117898	1.183414	
2057	0.405430	-0.114217	1.178043	
2058	0.402409	-0.113110	1.175128	
2059	0.399745	-0.111069	1.172812	
2060	0.396487	-0.109388	1.169687	
2061	0.393407	-0.107055	1.166927	
2062	0.387967	-0.102917	1.162035	
2063	0.385129	-0.100340	1.159280	
2064	0.380689	-0.094645	1.154865	
2065	0.378569	-0.092554	1.152803	
2066	0.376580	-0.090699	1.150448	
2067	0.374884	-0.088296	1.148808	
2068	0.372718	-0.087495	1.146138	
2069	0.370563	-0.086090	1.143542	
2070	0.366921	-0.084900	1.139436	
2071	0.364701	-0.084516	1.136803	
2072	0.362928	-0.083476	1.134395	
2073	0.360609	-0.084030	1.131186	
2074	0.358500	-0.084074	1.127967	
2075	0.357430	-0.082839	1.125418	
2076	0.355476	-0.083135	1.121543	
2077	0.354155	-0.081491	1.117969	
2078	0.353519	-0.080702	1.114653	
2079	0.352318	-0.080942	1.110589	
2080	0.351838	-0.079855	1.106715	
2081	0.351071	-0.078034	1.102839	
2082	0.350121	-0.077349	1.098267	
2083	0.350036	-0.075881	1.093904	
2084	0.349736	-0.074371	1.088909	
2085	0.349236	-0.072767	1.083515	
2086	0.349608	-0.071037	1.078660	
2087	0.349833	-0.071215	1.073449	
2088	0.350341	-0.070134	1.067600	
2089	0.350992	-0.068703	1.061709	
2090	0.352144	-0.068458	1.055903	
2091	0.353218	-0.066715	1.050361	
2092	0.354336	-0.063328	1.045970	
2093	0.355849	-0.062723	1.039250	
2094	0.356144	-0.059530	1.034105	
2095	0.357421	-0.057384	1.028216	
2096	0.357852	-0.056544	1.020698	
2097	0.358165	-0.052823	1.014666	
2098	0.359238	-0.051429	1.007059	
2099	0.358874	-0.049490	0.999212	
2100	0.359342	-0.046960	0.991910	
2101	0.359300	-0.046588	0.983638	
2102	0.358763	-0.044890	0.975963	
2103	0.358391	-0.042617	0.969115	
2104	0.357916	-0.041815	0.962318	
2105	0.356510	-0.041817	0.955396	
2106	0.355045	-0.040820	0.948909	
2107	0.353400	-0.041355	0.942803	
2108	0.350887	-0.042352	0.936759	
2109	0.348719	-0.042326	0.932097	
2110	0.345695	-0.043195	0.926507	
2111	0.342840	-0.042562	0.921480	
2112	0.340155	-0.041984	0.916812	
2113	0.336395	-0.042920	0.911354	
2114	0.333234	-0.041812	0.906883	
2115	0.329830	-0.040259	0.902615	
2116	0.327464	-0.040767	0.898745	
2117	0.324126	-0.039384	0.894439	
2118	0.321169	-0.037450	0.890468	
2119	0.317471	-0.037334	0.885304	
2120	0.314455	-0.036082	0.880644	
2121	0.312413	-0.034008	0.876724	
2122	0.308074	-0.036480	0.864700	
2123	0.306603	-0.034206	0.859651	
2124	0.303099	-0.036952	0.845328	
2125	0.301877	-0.034681	0.839481	
2126	0.300948	-0.037134	0.831383	
2127	0.300484	-0.036824	0.824393	
2128	0.299831	-0.034100	0.818424	
2129	0.300005	-0.035601	0.810360	
2130	0.299063	-0.037473	0.801684	
2131	0.297438	-0.035898	0.794651	
2132	0.298420	-0.035788	0.787060	
2133	0.298965	-0.035892	0.772745	
2134	0.300155	-0.037531	0.757926	
2135	0.299708	-0.036253	0.751907	
2136	0.300448	-0.035556	0.745942	
2137	0.300353	-0.037180	0.739312	
2138	0.300952	-0.036599	0.734002	
2139	0.301789	-0.035000	0.728492	
2140	0.301908	-0.035417	0.722256	
2141	0.302564	-0.035421	0.715996	
2142	0.304463	-0.034185	0.710061	
2143	0.305673	-0.031916	0.704675	
2144	0.307710	-0.032056	0.698566	
2145	0.308816	-0.031036	0.692570	
2146	0.310672	-0.028139	0.686890	
2147	0.312535	-0.028141	0.680641	
2148	0.315478	-0.027186	0.674361	
2149	0.322075	-0.020521	0.664186	
2150	0.325911	-0.021800	0.657427	
2151	0.327934	-0.018863	0.651309	
2152	0.334885	-0.015888	0.636876	
2153	0.337046	-0.014355	0.628819	
2154	0.338886	-0.011075	0.621832	
2155	0.341212	-0.008776	0.613633	
2156	0.342975	-0.008523	0.604495	
2157	0.344413	-0.006161	0.595994	
2158	0.345421	-0.003144	0.587050	
2159	0.347306	-0.002698	0.575590	
2160	0.349058	-0.000900	0.565411	
2161	0.354801	0.003487	0.544373	
2162	0.355987	0.005301	0.534051	
2163	0.356390	0.008680	0.524107	
2164	0.357047	0.011820	0.512728	
2165	0.357849	0.012806	0.499934	
2166	0.357927	0.014890	0.489535	
2167	0.358589	0.019334	0.479533	
2168	0.358830	0.019588	0.467100	
2169	0.358263	0.021147	0.454514	
2170	0.358146	0.021988	0.444531	
2171	0.356569	0.024240	0.434099	
2172	0.357163	0.025352	0.423389	
2173	0.357621	0.027652	0.414579	
2174	0.356969	0.030962	0.406441	
2175	0.356228	0.031974	0.397270	
2176	0.355384	0.032870	0.388636	
2177	0.355231	0.035699	0.382139	
2178	0.354926	0.037834	0.375129	
2179	0.355245	0.036848	0.367098	
2180	0.352207	0.041063	0.355155	
2181	0.350134	0.041981	0.348914	
2182	0.345731	0.042976	0.343010	
2183	0.335916	0.044291	0.337137	
2184	0.333515	0.045953	0.331158	
2185	0.329715	0.046789	0.324729	
2186	0.324160	0.049526	0.320140	
2187	0.318353	0.050935	0.314818	
2188	0.311555	0.051925	0.308550	
2189	0.304277	0.054384	0.303295	
2190	0.294965	0.056189	0.298157	
2191	0.286673	0.056996	0.291409	
2192	0.278440	0.057711	0.283824	
2193	0.268995	0.060603	0.278206	
2194	0.259612	0.062510	0.272349	
2195	0.250478	0.063268	0.265529	
2196	0.240887	0.063955	0.258551	
2197	0.232217	0.065745	0.252602	
2198	0.224358	0.066895	0.246093	
2199	0.215956	0.066730	0.238995	
2200	0.208145	0.067306	0.233083	
2201	0.201662	0.068604	0.227139	
2202	0.194954	0.069923	0.220839	
2203	0.185978	0.069225	0.214638	
2204	0.178216	0.069759	0.209658	
2205	0.170925	0.071094	0.204608	
2206	0.162766	0.072037	0.199171	
2207	0.155833	0.072511	0.193573	
2208	0.148550	0.072162	0.187644	
2209	0.141933	0.073079	0.181892	
2210	0.134991	0.073093	0.175740	
2211	0.127769	0.072366	0.169925	
2212	0.120694	0.072671	0.164770	
2213	0.113084	0.071942	0.159092	
2214	0.094596	0.074334	0.149115	
2215	0.087253	0.073858	0.142851	
2216	0.078576	0.074834	0.136843	
2217	0.071084	0.075886	0.130902	
2218	0.063100	0.075749	0.123616	
2219	0.053678	0.074776	0.116838	
2220	0.046563	0.076963	0.110437	
2221	0.038959	0.076662	0.102599	
2222	0.029374	0.077542	0.094998	
2223	0.021006	0.081258	0.088888	
2224	0.013191	0.083971	0.081270	
2225	0.002553	0.085659	0.073355	
2226	-0.005134	0.088011	0.067010	
2227	-0.013563	0.092671	0.060704	
2228	-0.023524	0.095062	0.053655	
2229	-0.032291	0.097760	0.047634	
2230	-0.039400	0.103120	0.042325	
2231	-0.047973	0.105910	0.035801	
2232	-0.057178	0.109853	0.030186	
2233	-0.065342	0.114746	0.025023	
2234	-0.073087	0.120121	0.019593	
2235	-0.090510	0.130401	0.009761	
2236	-0.095931	0.138057	0.006101	
2237	-0.104971	0.140934	-0.000140	
2238	-0.113059	0.144112	-0.004325	
2239	-0.118681	0.148076	-0.007550	
2240	-0.124866	0.149992	-0.011065	
2241	-0.131454	0.150861	-0.014858	
2242	-0.137163	0.152544	-0.018006	
2243	-0.143163	0.152488	-0.021753	
2244	-0.149807	0.152414	-0.024725	
2245	-0.155266	0.153000	-0.027484	
2246	-0.164973	0.152815	-0.030914	
2247	-0.173582	0.152412	-0.033840	
2248	-0.178794	0.154536	-0.035478	
2249	-0.185042	0.155901	-0.038147	
2250	-0.193639	0.156672	-0.040901	
2251	-0.200987	0.158901	-0.042473	
2252	-0.208981	0.160100	-0.044462	
2253	-0.217191	0.160074	-0.046255	
2254	-0.224205	0.159930	-0.047819	
2255	-0.231054	0.159608	-0.049225	
2256	-0.250717	0.157411	-0.051700	
2257	-0.265501	0.155938	-0.054576	
2258	-0.272749	0.156105	-0.055735	
2259	-0.280081	0.156521	-0.056821	
2260	-0.286942	0.156568	-0.057577	
2261	-0.293603	0.157827	-0.057756	
2262	-0.300310	0.160253	-0.057598	
2263	-0.307770	0.161801	-0.057571	
2264	-0.316496	0.162538	-0.058196	
2265	-0.323723	0.164867	-0.058102	
2266	-0.329848	0.167603	-0.058528	
2267	-0.336994	0.168225	-0.060176	
2268	-0.344711	0.167651	-0.062187	
2269	-0.352489	0.168744	-0.063964	
2270	-0.359089	0.167957	-0.066713	
2271	-0.366587	0.166293	-0.069309	
2272	-0.373230	0.164883	-0.071847	
2273	-0.379872	0.163763	-0.074589	
2274	-0.386461	0.160365	-0.077806	
2275	-0.394792	0.158762	-0.080752	
2276	-0.402445	0.157478	-0.083315	
2277	-0.408370	0.156031	-0.086165	
2278	-0.417604	0.155113	-0.088160	
2279	-0.424283	0.154429	-0.090156	
2280	-0.429420	0.155227	-0.091512	
2281	-0.437723	0.154473	-0.093429	
2282	-0.445293	0.156500	-0.094191	
2283	-0.451758	0.156715	-0.095909	
2284	-0.459743	0.154602	-0.097860	
2285	-0.465333	0.152686	-0.099420	
2286	-0.469018	0.152277	-0.101478	
2287	-0.475554	0.152393	-0.104015	
2288	-0.482082	0.151560	-0.106961	
2289	-0.487916	0.149784	-0.110978	
2290	-0.493608	0.149669	-0.115000	
2291	-0.499628	0.149798	-0.119636	
2292	-0.507229	0.150187	-0.123993	
2293	-0.512757	0.150988	-0.129077	
2294	-0.518198	0.152044	-0.134329	
2295	-0.525601	0.156122	-0.139445	
2296	-0.532686	0.160492	-0.144493	
2297	-0.538536	0.163727	-0.150105	
2298	-0.546637	0.167325	-0.155532	
2299	-0.554005	0.170958	-0.160740	
2300	-0.559618	0.175272	-0.165512	
2301	-0.565176	0.180911	-0.170196	
2302	-0.572668	0.183710	-0.174947	
2303	-0.579195	0.187119	-0.179568	
2304	-0.585532	0.192857	-0.183547	
2305	-0.590610	0.197917	-0.187664	
2306	-0.598347	0.202051	-0.191200	
2307	-0.603017	0.206495	-0.195329	
2308	-0.609224	0.212082	-0.199130	
2309	-0.616075	0.214765	-0.203420	
2310	-0.620839	0.218268	-0.207394	
2311	-0.627703	0.221804	-0.211075	
2312	-0.631545	0.225511	-0.214170	
2313	-0.638225	0.227511	-0.217034	
2314	-0.643262	0.228724	-0.219936	
2315	-0.648770	0.230197	-0.222381	
2316	-0.654020	0.232379	-0.224108	
2317	-0.659169	0.234309	-0.225983	
2318	-0.667836	0.236903	-0.227565	
2319	-0.673241	0.237750	-0.229518	
2320	-0.678212	0.237847	-0.231939	
2321	-0.684699	0.238426	-0.234385	
2322	-0.690146	0.238951	-0.236592	
2323	-0.695280	0.238482	-0.239643	
2324	-0.701299	0.238231	-0.242714	
2325	-0.708117	0.237333	-0.245427	
2326	-0.714256	0.236938	-0.248558	
2327	-0.720158	0.236802	-0.251889	
2328	-0.727053	0.234169	-0.254750	
2329	-0.734333	0.231223	-0.257824	
2330	-0.755726	0.228834	-0.258164	
2331	-0.763332	0.227905	-0.260775	
2332	-0.769402	0.225745	-0.263401	
2333	-0.778510	0.225165	-0.265851	
2334	-0.786500	0.224761	-0.268004	
2335	-0.794070	0.222189	-0.270441	
2336	-0.804447	0.223101	-0.272202	
2337	-0.810280	0.222793	-0.275029	
2338	-0.817120	0.222223	-0.277995	
2339	-0.829209	0.224482	-0.280496	
2340	-0.843051	0.227804	-0.282737	
2341	-0.847847	0.227409	-0.286731	
2342	-0.855453	0.228394	-0.290025	
2343	-0.866749	0.230385	-0.292567	
2344	-0.872707	0.228936	-0.296217	
2345	-0.881343	0.228570	-0.299067	
2346	-0.885128	0.228914	-0.302419	
2347	-0.891416	0.226934	-0.306479	
2348	-0.901244	0.226826	-0.309021	
2349	-0.908692	0.227305	-0.311970	
2350	-0.915165	0.226476	-0.315425	
2351	-0.922596	0.226837	-0.319130	
2352	-0.926418	0.224391	-0.323762	
2353	-0.932973	0.222240	-0.327864	
2354	-0.940126	0.220407	-0.331737	
2355	-0.945374	0.218671	-0.336188	
2356	-0.949361	0.219203	-0.340663	
2357	-0.958385	0.220053	-0.344274	
2358	-0.964676	0.221966	-0.347755	
2359	-0.971032	0.223084	-0.352065	
2360	-0.985198	0.225292	-0.360553	
2361	-0.997178	0.229158	-0.371110	
2362	-1.007767	0.235085	-0.375468	
2363	-1.014535	0.238390	-0.380978	
2364	-1.028092	0.245746	-0.390659	
2365	-1.045301	0.254467	-0.399674	
2366	-1.062397	0.260680	-0.408609	
2367	-1.071436	0.265986	-0.413236	
2368	-1.076101	0.269340	-0.417943	
2369	-1.084093	0.273311	-0.421158	
2370	-1.092802	0.279578	-0.423728	
2371	-1.101177	0.284647	-0.425725	
2372	-1.103880	0.286830	-0.428907	
2373	-1.107274	0.288338	-0.430317	
2374	-1.118445	0.293283	-0.428100	
2375	-1.125311	0.297153	-0.426060	
2376	-1.123682	0.297728	-0.425522	
2377	-1.127794	0.300191	-0.423384	
2378	-1.136086	0.301432	-0.419868	
2379	-1.144936	0.300945	-0.414039	
2380	-1.148022	0.303325	-0.410527	
2381	-1.154426	0.300906	-0.406918	
2382	-1.163100	0.298374	-0.401415	
2383	-1.165230	0.297792	-0.397395	
2384	-1.170904	0.297866	-0.391546	
2385	-1.179344	0.293716	-0.384566	
2386	-1.186919	0.291084	-0.377791	
2387	-1.193375	0.288795	-0.371261	
2388	-1.199424	0.281741	-0.364753	
2389	-1.208074	0.279481	-0.356583	
2390	-1.215631	0.277046	-0.349115	
2391	-1.220551	0.273276	-0.341532	
2392	-1.223065	0.267061	-0.335503	
2393	-1.232970	0.261855	-0.327121	
2394	-1.240749	0.258126	-0.319770	
2395	-1.246474	0.255740	-0.313274	
2396	-1.252350	0.250673	-0.306842	
2397	-1.257016	0.243856	-0.300834	
2398	-1.264108	0.237770	-0.294392	
2399	-1.276645	0.228110	-0.284883	
2400	-1.283066	0.222467	-0.278570	
2401	-1.285495	0.215929	-0.273280	
2402	-1.287323	0.209064	-0.268436	
2403	-1.292815	0.204209	-0.262923	
2404	-1.297739	0.198808	-0.257868	
2405	-1.299222	0.193024	-0.253640	
2406	-1.303885	0.190177	-0.248770	
2407	-1.307795	0.185372	-0.244024	
2408	-1.312827	0.181200	-0.238913	
2409	-1.317312	0.177309	-0.233624	
2410	-1.324574	0.171259	-0.223710	
2411	-1.327920	0.162828	-0.215402	
2412	-1.332683	0.160845	-0.210656	
2413	-1.334905	0.157822	-0.206166	
2414	-1.333094	0.152987	-0.203096	
2415	-1.337161	0.150013	-0.197846	
2416	-1.338848	0.146560	-0.193574	
2417	-1.338362	0.142558	-0.189549	
2418	-1.338892	0.139374	-0.185595	
2419	-1.343193	0.137361	-0.180301	
2420	-1.342852	0.133455	-0.176935	
2421	-1.345762	0.130883	-0.172062	
2422	-1.348541	0.128556	-0.167531	
2423	-1.349147	0.124631	-0.164042	
2424	-1.353285	0.123653	-0.159038	
2425	-1.354764	0.123206	-0.154314	
2426	-1.354907	0.121132	-0.150091	
2427	-1.359773	0.118464	-0.143954	
2428	-1.361961	0.116876	-0.138315	
2429	-1.364072	0.117137	-0.132707	
2430	-1.361250	0.115382	-0.128737	
2431	-1.363492	0.114339	-0.122979	
2432	-1.365737	0.115075	-0.117173	
2433	-1.367593	0.112760	-0.111678	
2434	-1.368511	0.111014	-0.105765	
2435	-1.366992	0.109909	-0.101028	
2436	-1.367187	0.109219	-0.094924	
2437	-1.365869	0.106820	-0.089051	
2438	-1.360585	0.104202	-0.083767	
2439	-1.358237	0.100454	-0.076914	
2440	-1.356141	0.095220	-0.069518	
2441	-1.352029	0.090448	-0.061870	
2442	-1.344808	0.087193	-0.054960	
2443	-1.339895	0.081851	-0.046915	
2444	-1.339972	0.076270	-0.036573	
2445	-1.332716	0.072323	-0.028064	
2446	-1.322000	0.065622	-0.021451	
2447	-1.320912	0.057724	-0.011772	
2448	-1.314029	0.052721	-0.003168	
2449	-1.300049	0.046104	0.002135	
2450	-1.298102	0.036371	0.010735	
2451	-1.296193	0.030944	0.020734	
2452	-1.281247	0.025475	0.026845	
2453	-1.272183	0.018102	0.033592	
2454	-1.270909	0.013222	0.042897	
2455	-1.263374	0.008263	0.049854	
2456	-1.253430	0.004699	0.055248	
2457	-1.251132	0.000473	0.062219	
2458	-1.247321	-0.001803	0.068587	
2459	-1.237861	-0.005514	0.072732	
2460	-1.229814	-0.009152	0.075952	
2461	-1.227145	-0.010058	0.081287	
2462	-1.224804	-0.009981	0.086282	
2463	-1.216141	-0.011080	0.089079	
2464	-1.208492	-0.011735	0.092890	
2465	-1.205167	-0.011265	0.098168	
2466	-1.202196	-0.011618	0.103391	
2467	-1.195028	-0.013768	0.108068	
2468	-1.189103	-0.011710	0.114196	
2469	-1.185535	-0.009816	0.119447	
2470	-1.180910	-0.010380	0.123849	
2471	-1.177266	-0.008512	0.129245	
2472	-1.175765	-0.005976	0.135620	
2473	-1.169828	-0.005199	0.139102	
2474	-1.166245	-0.005193	0.143511	
2475	-1.163351	-0.003108	0.148242	
2476	-1.157434	-0.003181	0.150958	
2477	-1.154843	-0.004559	0.154034	
2478	-1.151002	-0.004424	0.157148	
2479	-1.147108	-0.002539	0.160100	
2480	-1.145841	-0.002819	0.163135	
2481	-1.141048	-0.002939	0.166218	
2482	-1.137007	-0.001959	0.169995	
2483	-1.130708	-0.005859	0.172536	
2484	-1.130805	-0.004549	0.179252	
2485	-1.128843	-0.001993	0.185218	
2486	-1.120878	-0.004538	0.188558	
2487	-1.117805	-0.006592	0.193063	
2488	-1.120253	-0.003428	0.198760	
2489	-1.116272	-0.005085	0.202619	
2490	-1.111928	-0.004910	0.206669	
2491	-1.109622	-0.004379	0.210905	
2492	-1.108722	-0.005343	0.215754	
2493	-1.104594	0.000161	0.220548	
2494	-1.097766	-0.000960	0.222562	
2495	-1.098816	0.000352	0.226887	
2496	-1.099060	0.005063	0.231885	
2497	-1.093430	0.005093	0.233597	
2498	-1.094049	0.005339	0.236580	
2499	-1.096786	0.011157	0.241486	
2500	-1.092927	0.011377	0.242707	
2501	-1.093266	0.011193	0.244657	
2502	-1.094776	0.013994	0.247840	
2503	-1.092884	0.013796	0.248959	
2504	-1.094347	0.013608	0.250525	
2505	-1.096796	0.014932	0.252743	
2506	-1.095716	0.015063	0.253814	
2507	-1.095580	0.014647	0.254699	
2508	-1.097086	0.015916	0.256387	
2509	-1.096592	0.016155	0.257608	
2510	-1.094443	0.017046	0.258226	
2511	-1.095851	0.017819	0.259438	
2512	-1.097766	0.020735	0.261787	
2513	-1.096966	0.022157	0.263317	
2514	-1.097438	0.022726	0.264614	
2515	-1.101065	0.025544	0.267845	
2516	-1.098759	0.027328	0.269369	
2517	-1.096842	0.027649	0.270270	
2518	-1.101877	0.030560	0.273900	
2519	-1.100842	0.033089	0.276148	
2520	-1.098799	0.032882	0.277472	
2521	-1.101514	0.035174	0.280777	
2522	-1.100676	0.037089	0.283098	
2523	-1.098435	0.038454	0.285250	
2524	-1.096545	0.040125	0.287105	
2525	-1.098230	0.041802	0.290040	
2526	-1.094454	0.043042	0.291779	
2527	-1.092040	0.044525	0.293326	
2528	-1.093675	0.046639	0.295953	
2529	-1.092914	0.048316	0.298046	
2530	-1.088173	0.049408	0.298218	
2531	-1.087690	0.049901	0.298961	
2532	-1.089225	0.051819	0.300615	
2533	-1.086050	0.052648	0.300814	
2534	-1.084580	0.052304	0.300549	
2535	-1.086946	0.052895	0.302271	
2536	-1.084150	0.053481	0.302874	
2537	-1.083183	0.052642	0.302958	
2538	-1.083264	0.052328	0.303727	
2539	-1.082516	0.052033	0.304476	
2540	-1.080733	0.051841	0.304513	
2541	-1.079256	0.050798	0.304958	
2542	-1.076597	0.050048	0.304320	
2543	-1.076338	0.049480	0.304294	
2544	-1.075415	0.048826	0.304357	
2545	-1.073447	0.048137	0.304031	
2546	-1.074427	0.046906	0.304165	
2547	-1.073997	0.047472	0.304643	
2548	-1.071301	0.048501	0.304247	
2549	-1.071794	0.048520	0.304489	
2550	-1.071918	0.049676	0.305026	
2551	-1.069196	0.051651	0.305018	
2552	-1.068231	0.051661	0.304699	
2553	-1.067966	0.053720	0.305497	
2554	-1.064695	0.055510	0.305044	
2555	-1.064028	0.056260	0.304905	
2556	-1.063622	0.057858	0.305372	
2557	-1.060629	0.060199	0.304811	
2558	-1.059840	0.060479	0.304274	
2559	-1.060341	0.061959	0.304673	
2560	-1.056931	0.064067	0.304124	
2561	-1.056655	0.064609	0.303714	
2562	-1.057151	0.065942	0.304073	
2563	-1.053027	0.068546	0.303372	
2564	-1.052657	0.069704	0.303240	
2565	-1.051504	0.071769	0.303222	
2566	-1.047330	0.075511	0.302175	
2567	-1.047568	0.076777	0.302060	
2568	-1.044510	0.078822	0.300704	
2569	-1.044014	0.080194	0.299620	
2570	-1.042045	0.081082	0.298623	
2571	-1.042192	0.081373	0.297635	
2572	-1.041580	0.081880	0.296816	
2573	-1.039294	0.082475	0.295678	
2574	-1.038951	0.082985	0.294240	
2575	-1.036809	0.082603	0.292854	
2576	-1.037613	0.082764	0.292426	
2577	-1.035402	0.082699	0.291429	
2578	-1.033588	0.082882	0.289544	
2579	-1.032512	0.083433	0.288940	
2580	-1.029526	0.084140	0.287891	
2581	-1.029314	0.084745	0.287399	
2582	-1.029665	0.085277	0.287296	
2583	-1.027771	0.085889	0.286531	
