0	0.000000	0.000000	0.000000	
1	0.000000	0.000000	0.000000	
2	0.000000	0.000000	0.000000	
3	0.000000	0.000000	0.000000	
4	0.000023	0.001282	0.000713	
5	-0.000355	0.001236	0.000689	
6	-0.000664	0.002178	0.000445	
7	-0.000447	0.001666	0.000062	
8	-0.001091	0.005046	0.000509	
9	-0.000619	0.003774	-0.000217	
10	-0.000604	0.005139	0.000065	
11	-0.000586	0.003784	-0.000380	
12	-0.000662	0.003282	-0.000173	
13	-0.000490	0.003336	-0.000216	
14	-0.001121	0.002166	-0.000761	
15	-0.001205	0.001562	-0.000921	
16	-0.001080	0.000731	-0.001349	
17	-0.001291	-0.000501	-0.002056	
18	-0.000819	-0.000114	-0.001906	
19	-0.001027	-0.000412	-0.002554	
20	-0.001227	0.000297	-0.002441	
21	-0.000896	-0.000216	-0.002625	
22	0.000749	0.000477	-0.002647	
23	0.001086	0.000567	-0.003088	
24	0.000808	-0.000211	-0.003760	
25	0.001581	0.000284	-0.004093	
26	0.001944	0.000028	-0.004844	
27	0.002120	-0.000608	-0.005814	
28	0.003613	-0.000071	-0.006112	
29	0.003231	0.000339	-0.006544	
30	0.002708	-0.000508	-0.007456	
31	0.003890	-0.000503	-0.007635	
32	0.004306	0.000899	-0.007558	
33	0.003744	0.001552	-0.008159	
34	0.004094	0.002129	-0.008357	
35	0.004541	0.002147	-0.008492	
36	0.004478	0.002201	-0.008775	
37	0.005085	0.003329	-0.008487	
38	0.005790	0.004890	-0.008436	
39	0.004985	0.004775	-0.009124	
40	0.005331	0.005393	-0.008908	
41	0.005856	0.005476	-0.009176	
42	0.006106	0.004431	-0.009967	
43	0.006277	0.003364	-0.010546	
44	0.006812	0.002974	-0.010686	
45	0.006974	0.003584	-0.010968	
46	0.007173	0.003520	-0.011390	
47	0.007561	0.003984	-0.011612	
48	0.007477	0.004673	-0.012011	
49	0.007178	0.004262	-0.012359	
50	0.008189	0.004430	-0.012518	
51	0.008389	0.003807	-0.013232	
52	0.007746	0.003271	-0.013507	
53	0.008233	0.004414	-0.013624	
54	0.007937	0.004181	-0.013994	
55	0.008118	0.004043	-0.014418	
56	0.008151	0.004292	-0.014409	
57	0.007980	0.004262	-0.014768	
58	0.007712	0.004347	-0.014915	
59	0.008547	0.005955	-0.014191	
60	0.008126	0.006149	-0.014016	
61	0.007024	0.006756	-0.013712	
62	0.007790	0.007883	-0.013016	
63	0.007959	0.008704	-0.012352	
64	0.007181	0.010019	-0.011693	
65	0.006647	0.010182	-0.011442	
66	0.006508	0.010238	-0.011100	
67	0.006481	0.011904	-0.010238	
68	0.005350	0.011976	-0.010171	
69	0.003450	0.012482	-0.010244	
70	0.002109	0.012586	-0.010464	
71	-0.000175	0.011584	-0.011616	
72	-0.003085	0.011421	-0.012995	
73	-0.006288	0.009169	-0.015909	
74	-0.011571	0.007531	-0.019554	
75	-0.018238	0.006532	-0.023301	
76	-0.023717	0.005925	-0.027616	
77	-0.036806	0.003115	-0.037376	
78	-0.045367	0.002105	-0.042252	
79	-0.054564	0.002338	-0.046502	
80	-0.063394	0.001771	-0.051188	
81	-0.072751	0.001847	-0.055545	
82	-0.084116	0.002414	-0.060162	
83	-0.094937	0.004414	-0.064042	
84	-0.105588	0.006253	-0.067590	
85	-0.117177	0.008494	-0.070846	
86	-0.129393	0.010588	-0.073779	
87	-0.142745	0.013576	-0.076257	
88	-0.155976	0.016678	-0.078563	
89	-0.167862	0.019257	-0.080829	
90	-0.181307	0.021235	-0.083477	
91	-0.193679	0.025293	-0.084927	
92	-0.204695	0.029003	-0.086516	
93	-0.217069	0.031403	-0.088509	
94	-0.228737	0.033227	-0.089844	
95	-0.239518	0.034895	-0.091852	
96	-0.249484	0.037044	-0.093510	
97	-0.259782	0.037055	-0.095284	
98	-0.269361	0.036826	-0.096913	
99	-0.279975	0.036553	-0.097744	
100	-0.288627	0.036659	-0.098303	
101	-0.299011	0.035076	-0.098903	
102	-0.308864	0.034360	-0.098850	
103	-0.317866	0.033170	-0.098665	
104	-0.326368	0.031269	-0.098890	
105	-0.335723	0.028949	-0.099119	
106	-0.345523	0.027833	-0.098389	
107	-0.353545	0.027480	-0.097381	
108	-0.372636	0.023584	-0.095960	
109	-0.382214	0.022932	-0.094272	
110	-0.391545	0.021979	-0.092613	
111	-0.401479	0.020379	-0.090322	
112	-0.413253	0.018983	-0.087698	
113	-0.424453	0.017890	-0.084977	
114	-0.434646	0.015512	-0.082324	
115	-0.445472	0.012161	-0.079165	
116	-0.457461	0.008050	-0.076042	
117	-0.467892	0.005079	-0.071886	
118	-0.475341	0.003025	-0.066237	
119	-0.499115	-0.002641	-0.054202	
120	-0.507030	-0.003622	-0.046752	
121	-0.511971	-0.007832	-0.039824	
122	-0.521490	-0.011608	-0.032918	
123	-0.529146	-0.012683	-0.025963	
124	-0.537085	-0.017089	-0.020507	
125	-0.544462	-0.020907	-0.014556	
126	-0.551771	-0.023102	-0.008791	
127	-0.560035	-0.027645	-0.004433	
128	-0.566851	-0.032098	0.000075	
129	-0.573209	-0.036071	0.004820	
130	-0.581759	-0.040261	0.009097	
131	-0.587706	-0.043339	0.014162	
132	-0.593399	-0.047366	0.019382	
133	-0.599755	-0.051414	0.024389	
134	-0.615046	-0.056399	0.035361	
135	-0.622262	-0.059210	0.041163	
136	-0.630499	-0.061310	0.046647	
137	-0.638587	-0.064149	0.052065	
138	-0.652697	-0.068840	0.063121	
139	-0.661983	-0.069996	0.068783	
140	-0.679817	-0.074018	0.079957	
141	-0.688462	-0.076149	0.085543	
142	-0.697684	-0.076443	0.091692	
143	-0.706759	-0.078155	0.097325	
144	-0.716070	-0.080738	0.102938	
145	-0.723886	-0.083668	0.107976	
146	-0.733655	-0.087568	0.112822	
147	-0.743506	-0.088800	0.118447	
148	-0.751534	-0.092186	0.123305	
149	-0.760525	-0.094875	0.128338	
150	-0.769918	-0.096133	0.134072	
151	-0.784301	-0.102598	0.145032	
152	-0.792385	-0.104739	0.150371	
153	-0.799080	-0.108409	0.155318	
154	-0.803692	-0.112570	0.160115	
155	-0.810371	-0.113948	0.165407	
156	-0.816940	-0.115322	0.171068	
157	-0.821385	-0.118107	0.176610	
158	-0.826133	-0.121880	0.182077	
159	-0.833112	-0.123899	0.188148	
160	-0.838305	-0.126319	0.193988	
161	-0.842398	-0.129862	0.199229	
162	-0.848387	-0.131356	0.204470	
163	-0.855394	-0.132664	0.209772	
164	-0.859868	-0.135214	0.214686	
165	-0.864767	-0.138674	0.219020	
166	-0.871371	-0.140177	0.223904	
167	-0.876286	-0.142533	0.228944	
168	-0.879838	-0.145877	0.233266	
169	-0.885920	-0.147676	0.238590	
170	-0.892752	-0.149233	0.244215	
171	-0.897178	-0.155009	0.249186	
172	-0.902277	-0.159723	0.254161	
173	-0.909381	-0.163016	0.259722	
174	-0.919482	-0.169292	0.271335	
175	-0.925351	-0.173732	0.277411	
176	-0.931573	-0.175638	0.283944	
177	-0.935899	-0.179824	0.290596	
178	-0.940710	-0.183530	0.297364	
179	-0.946198	-0.187150	0.304162	
180	-0.951091	-0.190828	0.310585	
181	-0.955785	-0.193995	0.316863	
182	-0.960293	-0.197430	0.322655	
183	-0.966341	-0.202029	0.328688	
184	-0.970744	-0.203686	0.334747	
185	-0.973201	-0.207907	0.339568	
186	-0.979811	-0.209473	0.345309	
187	-0.986690	-0.211603	0.350933	
188	-0.991571	-0.213742	0.356293	
189	-0.996002	-0.215661	0.361428	
190	-1.003950	-0.216040	0.367478	
191	-1.011173	-0.216896	0.373704	
192	-1.016256	-0.217603	0.380063	
193	-1.021703	-0.219198	0.385986	
194	-1.030810	-0.219532	0.392652	
195	-1.041040	-0.218800	0.399621	
196	-1.049610	-0.220427	0.405374	
197	-1.059336	-0.221210	0.410799	
198	-1.072127	-0.222290	0.416849	
199	-1.082995	-0.222983	0.421660	
200	-1.092514	-0.223765	0.425795	
201	-1.103922	-0.224312	0.430369	
202	-1.116815	-0.224887	0.435545	
203	-1.126104	-0.224612	0.439641	
204	-1.136826	-0.226743	0.443972	
205	-1.157736	-0.229830	0.452371	
206	-1.166219	-0.231452	0.455768	
207	-1.176596	-0.234551	0.460150	
208	-1.185884	-0.237420	0.464369	
209	-1.191953	-0.238425	0.468070	
210	-1.199751	-0.241809	0.471922	
211	-1.209511	-0.244587	0.476966	
212	-1.214749	-0.246142	0.481242	
213	-1.220716	-0.248991	0.485425	
214	-1.229629	-0.253173	0.490597	
215	-1.234740	-0.254348	0.495647	
216	-1.239234	-0.257390	0.500055	
217	-1.246958	-0.260820	0.505963	
218	-1.251356	-0.263338	0.511513	
219	-1.255753	-0.265815	0.517213	
220	-1.261460	-0.269426	0.523151	
221	-1.266768	-0.272029	0.529361	
222	-1.270641	-0.275256	0.534985	
223	-1.275480	-0.279756	0.540987	
224	-1.280161	-0.283504	0.547180	
225	-1.283700	-0.287433	0.553265	
226	-1.288125	-0.291711	0.559821	
227	-1.290547	-0.296067	0.565914	
228	-1.293147	-0.301536	0.571826	
229	-1.297086	-0.307725	0.578073	
230	-1.300344	-0.312334	0.583880	
231	-1.303817	-0.316383	0.589552	
232	-1.307836	-0.321288	0.595556	
233	-1.310228	-0.326466	0.601067	
234	-1.313942	-0.331508	0.607039	
235	-1.319633	-0.335374	0.614062	
236	-1.323349	-0.339707	0.619936	
237	-1.327003	-0.343850	0.625670	
238	-1.331361	-0.347781	0.631640	
239	-1.335646	-0.351377	0.637845	
240	-1.339734	-0.354849	0.643820	
241	-1.345180	-0.359354	0.650021	
242	-1.350339	-0.361768	0.656080	
243	-1.354988	-0.365083	0.660999	
244	-1.361591	-0.369809	0.666576	
245	-1.367182	-0.372885	0.671835	
246	-1.371236	-0.377548	0.676200	
247	-1.376854	-0.382614	0.680311	
248	-1.382770	-0.386506	0.684189	
249	-1.387903	-0.390414	0.687356	
250	-1.393423	-0.395127	0.690014	
251	-1.401355	-0.398055	0.693293	
252	-1.408017	-0.400790	0.696146	
253	-1.415012	-0.404574	0.698350	
254	-1.424310	-0.405838	0.701207	
255	-1.432854	-0.407079	0.703053	
256	-1.451776	-0.410409	0.705981	
257	-1.462901	-0.409637	0.707326	
258	-1.482662	-0.409949	0.708509	
259	-1.494569	-0.409594	0.709688	
260	-1.505633	-0.408524	0.710817	
261	-1.516154	-0.407194	0.711793	
262	-1.526451	-0.406639	0.712900	
263	-1.536709	-0.407258	0.714072	
264	-1.547116	-0.405499	0.715954	
265	-1.556675	-0.404784	0.717044	
266	-1.567868	-0.405200	0.718491	
267	-1.577518	-0.405404	0.720329	
268	-1.586532	-0.405894	0.721633	
269	-1.597731	-0.405971	0.723942	
270	-1.607235	-0.404846	0.726213	
271	-1.616807	-0.405046	0.728454	
272	-1.626922	-0.405877	0.731157	
273	-1.635513	-0.405861	0.733934	
274	-1.644210	-0.406648	0.736704	
275	-1.653564	-0.404342	0.740764	
276	-1.661892	-0.402448	0.745380	
277	-1.670174	-0.399941	0.750566	
278	-1.678060	-0.395548	0.756828	
279	-1.685476	-0.391385	0.763980	
280	-1.692081	-0.386859	0.771550	
281	-1.698172	-0.381559	0.779329	
282	-1.702773	-0.377301	0.787055	
283	-1.706443	-0.373345	0.795031	
284	-1.710152	-0.369642	0.803148	
285	-1.712808	-0.366478	0.810481	
286	-1.715599	-0.365484	0.818206	
287	-1.718357	-0.363259	0.827638	
288	-1.717688	-0.360431	0.835544	
289	-1.718935	-0.360425	0.843137	
290	-1.720067	-0.357921	0.852223	
291	-1.719715	-0.355834	0.860780	
292	-1.720226	-0.354691	0.869803	
293	-1.720814	-0.353221	0.878550	
294	-1.721824	-0.350839	0.888259	
295	-1.722892	-0.348604	0.897523	
296	-1.723659	-0.349095	0.906193	
297	-1.725161	-0.348810	0.915234	
298	-1.726217	-0.349581	0.923949	
299	-1.727436	-0.351013	0.931170	
300	-1.729543	-0.352330	0.938916	
301	-1.731752	-0.354062	0.946547	
302	-1.733929	-0.354317	0.954599	
303	-1.736020	-0.356507	0.961404	
304	-1.738512	-0.359108	0.968511	
305	-1.740694	-0.363606	0.974875	
306	-1.744423	-0.366235	0.981633	
307	-1.748248	-0.367728	0.988575	
308	-1.752517	-0.371236	0.994986	
309	-1.756076	-0.375061	1.000611	
310	-1.759746	-0.378594	1.006527	
311	-1.763491	-0.380320	1.012483	
312	-1.767226	-0.383820	1.017970	
313	-1.771295	-0.387041	1.023672	
314	-1.775423	-0.388804	1.029947	
315	-1.779770	-0.392284	1.035736	
316	-1.784666	-0.396585	1.040820	
317	-1.789552	-0.401242	1.045766	
318	-1.794835	-0.405359	1.051081	
319	-1.800237	-0.409343	1.056162	
320	-1.806193	-0.413703	1.061273	
321	-1.811571	-0.418752	1.065914	
322	-1.816842	-0.423614	1.070242	
323	-1.822634	-0.428635	1.074408	
324	-1.828092	-0.433325	1.078631	
325	-1.833662	-0.437365	1.082670	
326	-1.838400	-0.442810	1.085548	
327	-1.842852	-0.447845	1.088537	
328	-1.847622	-0.452836	1.091897	
329	-1.852448	-0.457607	1.095554	
330	-1.857043	-0.462401	1.100049	
331	-1.861433	-0.468720	1.104307	
332	-1.865699	-0.473063	1.108645	
333	-1.870027	-0.478913	1.114392	
334	-1.873444	-0.486287	1.118897	
335	-1.877595	-0.491062	1.124550	
336	-1.881718	-0.497126	1.130682	
337	-1.884981	-0.503236	1.134852	
338	-1.888519	-0.508834	1.140973	
339	-1.891109	-0.516172	1.146683	
340	-1.893308	-0.522636	1.151195	
341	-1.895775	-0.527783	1.157077	
342	-1.897815	-0.534124	1.164367	
343	-1.898921	-0.540103	1.168216	
344	-1.900847	-0.544965	1.174703	
345	-1.902219	-0.552374	1.182069	
346	-1.903412	-0.557521	1.187462	
347	-1.904872	-0.560992	1.194353	
348	-1.904686	-0.566124	1.200636	
349	-1.904530	-0.573215	1.204786	
350	-1.904891	-0.577413	1.210804	
351	-1.905481	-0.582925	1.218558	
352	-1.905180	-0.588380	1.223422	
353	-1.905373	-0.594124	1.230118	
354	-1.904969	-0.605356	1.242538	
355	-1.904674	-0.610621	1.249236	
356	-1.904186	-0.615769	1.255713	
357	-1.903915	-0.621660	1.262493	
358	-1.903772	-0.626913	1.269337	
359	-1.903144	-0.633973	1.277255	
360	-1.902549	-0.645294	1.292253	
361	-1.902122	-0.652116	1.300201	
362	-1.901692	-0.658520	1.307275	
363	-1.901539	-0.664873	1.315084	
364	-1.901495	-0.670248	1.322314	
365	-1.901433	-0.675107	1.329366	
366	-1.901623	-0.678935	1.337162	
367	-1.901403	-0.682106	1.342896	
368	-1.901404	-0.686122	1.348854	
369	-1.901227	-0.690235	1.355566	
370	-1.900644	-0.693699	1.361760	
371	-1.900441	-0.696397	1.366603	
372	-1.899877	-0.699259	1.372344	
373	-1.899603	-0.702108	1.376563	
374	-1.900157	-0.704628	1.380266	
375	-1.900465	-0.707067	1.384989	
376	-1.901219	-0.709260	1.389900	
377	-1.902219	-0.710753	1.393415	
378	-1.903639	-0.712468	1.398052	
379	-1.905188	-0.714053	1.403423	
380	-1.906955	-0.716041	1.408687	
381	-1.908872	-0.718127	1.413463	
382	-1.911149	-0.720911	1.419745	
383	-1.913658	-0.723842	1.424520	
384	-1.916256	-0.727504	1.429811	
385	-1.919643	-0.731235	1.435781	
386	-1.922872	-0.735722	1.440233	
387	-1.927025	-0.739716	1.446328	
388	-1.931046	-0.745081	1.451665	
389	-1.934937	-0.751328	1.456286	
390	-1.939755	-0.755372	1.461548	
391	-1.944225	-0.761791	1.466701	
392	-1.949162	-0.767156	1.471096	
393	-1.954418	-0.773314	1.477671	
394	-1.959750	-0.778710	1.482244	
395	-1.965188	-0.785422	1.487788	
396	-1.971132	-0.792096	1.495250	
397	-1.976615	-0.798379	1.500446	
398	-1.986825	-0.811985	1.511375	
399	-1.990814	-0.819531	1.516769	
400	-1.995222	-0.826504	1.521134	
401	-1.998744	-0.836055	1.528315	
402	-2.002021	-0.842295	1.532520	
403	-2.005647	-0.849791	1.538007	
404	-2.009226	-0.857841	1.546310	
405	-2.012133	-0.864210	1.553908	
406	-2.015125	-0.870554	1.559750	
407	-2.018356	-0.877589	1.568333	
408	-2.020483	-0.883385	1.576997	
409	-2.022772	-0.886275	1.582072	
410	-2.025087	-0.890892	1.588598	
411	-2.026923	-0.895643	1.597419	
412	-2.028575	-0.898096	1.604028	
413	-2.030193	-0.900474	1.609972	
414	-2.031520	-0.903664	1.617557	
415	-2.032356	-0.907516	1.626441	
416	-2.033828	-0.908422	1.632967	
417	-2.035313	-0.910323	1.640346	
418	-2.036804	-0.912026	1.649005	
419	-2.038440	-0.913404	1.655272	
420	-2.039844	-0.915764	1.663376	
421	-2.041706	-0.916360	1.670310	
422	-2.043096	-0.917995	1.677498	
423	-2.044575	-0.918804	1.683509	
424	-2.045982	-0.920218	1.690094	
425	-2.047113	-0.922102	1.697016	
426	-2.049655	-0.924277	1.707302	
427	-2.051099	-0.925616	1.712560	
428	-2.052008	-0.927724	1.718244	
429	-2.053468	-0.930111	1.723869	
430	-2.055560	-0.933624	1.728753	
431	-2.056869	-0.938188	1.736438	
432	-2.058362	-0.949450	1.747286	
433	-2.059163	-0.955359	1.752828	
434	-2.059844	-0.961016	1.757713	
435	-2.061283	-0.966449	1.760656	
436	-2.062422	-0.972293	1.765885	
437	-2.063616	-0.978946	1.771585	
438	-2.065353	-0.984513	1.775547	
439	-2.066883	-0.990855	1.781989	
440	-2.067940	-0.997141	1.786685	
441	-2.069408	-1.004021	1.791736	
442	-2.070867	-1.009552	1.797827	
443	-2.072300	-1.014954	1.802924	
444	-2.073558	-1.021389	1.808383	
445	-2.075144	-1.027078	1.813831	
446	-2.075940	-1.033854	1.820381	
447	-2.077416	-1.039892	1.824561	
448	-2.078768	-1.046688	1.829801	
449	-2.080123	-1.053167	1.836742	
450	-2.081446	-1.059352	1.840403	
451	-2.083403	-1.065913	1.847638	
452	-2.084813	-1.071465	1.853466	
453	-2.087784	-1.076818	1.857583	
454	-2.089334	-1.085006	1.866503	
455	-2.091462	-1.091157	1.872747	
456	-2.094581	-1.098383	1.879740	
457	-2.098416	-1.104713	1.888139	
458	-2.102510	-1.111982	1.896663	
459	-2.106230	-1.121684	1.907048	
460	-2.112408	-1.126985	1.915508	
461	-2.117426	-1.135107	1.925710	
462	-2.122787	-1.143254	1.937518	
463	-2.127865	-1.150339	1.948645	
464	-2.132131	-1.157656	1.959802	
465	-2.136833	-1.164892	1.971303	
466	-2.140390	-1.171748	1.982777	
467	-2.143554	-1.178447	1.992971	
468	-2.147193	-1.185376	2.002748	
469	-2.150749	-1.192784	2.012690	
470	-2.153465	-1.198507	2.023572	
471	-2.157336	-1.204963	2.032500	
472	-2.161289	-1.211454	2.043953	
473	-2.163971	-1.217473	2.054263	
474	-2.167057	-1.222876	2.064344	
475	-2.169563	-1.228457	2.073938	
476	-2.171318	-1.233989	2.083903	
477	-2.173632	-1.237920	2.092609	
478	-2.174662	-1.241164	2.101916	
479	-2.175065	-1.244097	2.110428	
480	-2.175894	-1.246955	2.117861	
481	-2.175501	-1.248692	2.126509	
482	-2.173085	-1.250373	2.136302	
483	-2.173291	-1.251617	2.142850	
484	-2.172976	-1.252711	2.150914	
485	-2.169154	-1.253804	2.161043	
486	-2.166788	-1.254105	2.168336	
487	-2.165457	-1.254415	2.174621	
488	-2.157578	-1.258037	2.194519	
489	-2.154997	-1.259399	2.201926	
490	-2.150851	-1.262216	2.212738	
491	-2.147393	-1.265222	2.219112	
492	-2.143840	-1.268980	2.226332	
493	-2.138740	-1.273475	2.235116	
494	-2.135457	-1.277579	2.241885	
495	-2.133125	-1.281376	2.248090	
496	-2.128009	-1.286522	2.258722	
497	-2.120735	-1.297072	2.271508	
498	-2.116192	-1.301768	2.279989	
499	-2.111256	-1.305548	2.288465	
500	-2.107949	-1.310933	2.292051	
501	-2.104878	-1.314448	2.297444	
502	-2.099221	-1.319602	2.304419	
503	-2.096596	-1.323314	2.307806	
504	-2.093025	-1.326442	2.313079	
505	-2.088943	-1.328805	2.320134	
506	-2.085746	-1.332863	2.324451	
507	-2.082332	-1.337506	2.327230	
508	-2.076896	-1.341974	2.332736	
509	-2.074164	-1.345067	2.335240	
510	-2.071224	-1.348014	2.338226	
511	-2.066162	-1.351208	2.343609	
512	-2.062001	-1.356390	2.345314	
513	-2.057715	-1.361748	2.347165	
514	-2.051317	-1.366156	2.353174	
515	-2.047833	-1.369530	2.356587	
516	-2.043085	-1.374061	2.361245	
517	-2.036955	-1.378959	2.367969	
518	-2.032505	-1.383724	2.373636	
519	-2.028183	-1.387764	2.381423	
520	-2.021359	-1.393049	2.391378	
521	-2.018102	-1.397401	2.399055	
522	-2.013484	-1.401540	2.408434	
523	-2.008317	-1.407158	2.418061	
524	-2.003739	-1.412200	2.427549	
525	-1.998153	-1.418587	2.436937	
526	-1.994836	-1.425767	2.444125	
527	-1.989691	-1.430729	2.453675	
528	-1.984174	-1.435819	2.463223	
529	-1.979867	-1.441591	2.471631	
530	-1.975768	-1.446782	2.479670	
531	-1.970963	-1.451056	2.488740	
532	-1.966799	-1.456146	2.496505	
533	-1.963155	-1.458980	2.505660	
534	-1.958377	-1.461893	2.513901	
535	-1.953180	-1.466033	2.521499	
536	-1.948903	-1.469721	2.528587	
537	-1.943549	-1.472554	2.535882	
538	-1.937319	-1.476976	2.541743	
539	-1.934734	-1.479640	2.547759	
540	-1.928977	-1.483069	2.553803	
541	-1.921515	-1.487767	2.559950	
542	-1.917577	-1.490964	2.565441	
543	-1.911827	-1.493747	2.571305	
544	-1.904490	-1.497212	2.577068	
545	-1.898501	-1.499887	2.582582	
546	-1.893473	-1.501714	2.587531	
547	-1.886584	-1.502985	2.593493	
548	-1.878431	-1.504968	2.597604	
549	-1.871561	-1.506429	2.601977	
550	-1.863933	-1.507801	2.605435	
551	-1.856166	-1.507960	2.610938	
552	-1.847347	-1.509260	2.613914	
553	-1.841157	-1.509493	2.617563	
554	-1.831299	-1.508502	2.622400	
555	-1.818092	-1.509566	2.627223	
556	-1.811847	-1.508857	2.630844	
557	-1.801977	-1.507733	2.636265	
558	-1.789493	-1.507256	2.641495	
559	-1.781542	-1.506299	2.645949	
560	-1.772976	-1.504503	2.650638	
561	-1.760675	-1.503645	2.655377	
562	-1.751028	-1.503471	2.659070	
563	-1.733148	-1.500754	2.666228	
564	-1.722012	-1.500988	2.669441	
565	-1.713712	-1.500640	2.671311	
566	-1.704168	-1.500029	2.673471	
567	-1.694046	-1.500191	2.675955	
568	-1.685401	-1.501045	2.676208	
569	-1.677695	-1.501631	2.677019	
570	-1.668709	-1.501881	2.679416	
571	-1.660744	-1.502816	2.680386	
572	-1.653298	-1.504722	2.679397	
573	-1.645315	-1.506430	2.679532	
574	-1.637516	-1.507928	2.680284	
575	-1.631244	-1.508835	2.680619	
576	-1.624883	-1.509605	2.681346	
577	-1.616753	-1.510689	2.683209	
578	-1.605468	-1.513774	2.683598	
579	-1.598607	-1.514314	2.685335	
580	-1.591031	-1.515419	2.686836	
581	-1.586017	-1.517038	2.686563	
582	-1.579454	-1.517405	2.688714	
583	-1.571534	-1.519499	2.690107	
584	-1.566670	-1.521206	2.691081	
585	-1.553965	-1.523376	2.695539	
586	-1.548370	-1.524419	2.698429	
587	-1.543038	-1.525276	2.700446	
588	-1.536515	-1.526194	2.703088	
589	-1.530052	-1.527489	2.704109	
590	-1.517384	-1.528667	2.709047	
591	-1.511362	-1.529478	2.711636	
592	-1.503932	-1.530717	2.714264	
593	-1.498488	-1.531309	2.717543	
594	-1.492908	-1.532646	2.720174	
595	-1.485788	-1.533636	2.722950	
596	-1.479001	-1.533982	2.726583	
597	-1.475064	-1.533995	2.729376	
598	-1.468028	-1.533732	2.732526	
599	-1.460949	-1.533373	2.735888	
600	-1.455942	-1.533125	2.737476	
601	-1.450998	-1.532898	2.738042	
602	-1.442265	-1.531693	2.742555	
603	-1.435369	-1.529669	2.746986	
604	-1.430932	-1.529576	2.746373	
605	-1.422182	-1.528464	2.749613	
606	-1.412935	-1.527004	2.752958	
607	-1.407537	-1.525975	2.754098	
608	-1.399047	-1.524341	2.757721	
609	-1.390821	-1.523516	2.758486	
610	-1.382034	-1.522387	2.761120	
611	-1.374249	-1.521324	2.763102	
612	-1.367568	-1.520135	2.763351	
613	-1.357922	-1.519299	2.763875	
614	-1.350613	-1.518151	2.763252	
615	-1.343609	-1.516817	2.762223	
616	-1.335101	-1.515292	2.761584	
617	-1.327248	-1.514105	2.760923	
618	-1.320784	-1.513393	2.758800	
619	-1.311489	-1.513483	2.756602	
620	-1.304601	-1.513501	2.755180	
621	-1.299138	-1.513461	2.752907	
622	-1.291160	-1.513498	2.751627	
623	-1.283975	-1.513805	2.749849	
624	-1.278912	-1.514525	2.745822	
625	-1.271265	-1.514784	2.744320	
626	-1.263972	-1.515164	2.742479	
627	-1.251050	-1.515680	2.738641	
628	-1.243181	-1.516552	2.736510	
629	-1.237794	-1.517736	2.733659	
630	-1.230345	-1.518880	2.732301	
631	-1.224105	-1.519906	2.730765	
632	-1.217746	-1.521506	2.728435	
633	-1.211007	-1.523136	2.726235	
634	-1.205314	-1.524208	2.724167	
635	-1.199755	-1.525160	2.722705	
636	-1.194629	-1.525606	2.721569	
637	-1.185421	-1.525651	2.717173	
638	-1.181363	-1.525486	2.714763	
639	-1.176429	-1.524298	2.713461	
640	-1.169810	-1.523635	2.711116	
641	-1.163225	-1.523080	2.709270	
642	-1.160863	-1.522035	2.707091	
643	-1.157261	-1.520473	2.705886	
644	-1.150514	-1.519693	2.704176	
645	-1.147598	-1.518100	2.703228	
646	-1.144655	-1.516199	2.702290	
647	-1.138109	-1.514405	2.701377	
648	-1.132084	-1.512753	2.699824	
649	-1.128337	-1.510880	2.698169	
650	-1.123433	-1.508628	2.696609	
651	-1.117702	-1.506045	2.694649	
652	-1.112205	-1.502773	2.693383	
653	-1.107705	-1.499267	2.691636	
654	-1.101008	-1.495789	2.689977	
655	-1.094764	-1.492028	2.688173	
656	-1.089656	-1.487879	2.686329	
657	-1.080851	-1.484306	2.684010	
658	-1.078052	-1.479578	2.682573	
659	-1.073459	-1.474833	2.681372	
660	-1.063735	-1.472067	2.678552	
661	-1.058866	-1.468131	2.677072	
662	-1.055290	-1.463992	2.675217	
663	-1.049135	-1.460202	2.672316	
664	-1.044422	-1.456126	2.669338	
665	-1.040390	-1.451804	2.666356	
666	-1.036831	-1.447125	2.662675	
667	-1.033952	-1.442117	2.659157	
668	-1.027709	-1.437960	2.654130	
669	-1.021872	-1.433266	2.649660	
670	-1.018200	-1.427240	2.646624	
671	-1.010839	-1.422607	2.641240	
672	-1.002195	-1.417249	2.636311	
673	-0.988960	-1.408105	2.624799	
674	-0.976726	-1.404072	2.618701	
675	-0.965775	-1.397046	2.607440	
676	-0.960386	-1.395690	2.600260	
677	-0.959200	-1.391105	2.596965	
678	-0.956157	-1.386448	2.593680	
679	-0.948523	-1.383593	2.587950	
680	-0.942166	-1.379798	2.583715	
681	-0.939302	-1.374574	2.581541	
682	-0.933182	-1.371539	2.577927	
683	-0.927235	-1.368166	2.575126	
684	-0.918414	-1.360142	2.571890	
685	-0.913166	-1.357504	2.569417	
686	-0.911843	-1.351541	2.570219	
687	-0.908170	-1.347363	2.569479	
688	-0.901546	-1.345244	2.567580	
689	-0.899771	-1.338550	2.570098	
690	-0.896746	-1.333729	2.570506	
691	-0.892046	-1.330172	2.570062	
692	-0.889237	-1.324997	2.571562	
693	-0.888523	-1.319235	2.573860	
694	-0.884270	-1.316732	2.573591	
695	-0.881827	-1.312563	2.575328	
696	-0.880745	-1.308139	2.577018	
697	-0.875187	-1.307471	2.575740	
698	-0.874094	-1.303082	2.578379	
699	-0.872896	-1.300029	2.580018	
700	-0.868031	-1.299775	2.579631	
701	-0.867345	-1.296153	2.582418	
702	-0.865390	-1.293771	2.583800	
703	-0.861662	-1.292341	2.585140	
704	-0.860238	-1.289266	2.588197	
705	-0.857474	-1.287126	2.590375	
706	-0.855030	-1.284690	2.593157	
707	-0.852444	-1.281925	2.596119	
708	-0.850544	-1.279277	2.599055	
709	-0.846912	-1.277634	2.601005	
710	-0.844913	-1.274715	2.603970	
711	-0.842784	-1.271981	2.606839	
712	-0.834467	-1.265243	2.615442	
713	-0.828969	-1.265327	2.615595	
714	-0.822933	-1.265574	2.616814	
715	-0.821769	-1.262820	2.620805	
716	-0.815733	-1.263837	2.621804	
717	-0.812193	-1.263237	2.624566	
718	-0.810516	-1.260882	2.628244	
719	-0.805851	-1.261096	2.630124	
720	-0.802300	-1.260358	2.632815	
721	-0.799891	-1.258538	2.636183	
722	-0.794477	-1.259614	2.636858	
723	-0.789433	-1.260204	2.638999	
724	-0.787155	-1.258991	2.642384	
725	-0.784033	-1.258868	2.644571	
726	-0.777707	-1.261383	2.645036	
727	-0.775551	-1.259756	2.649549	
728	-0.772542	-1.259141	2.652428	
729	-0.766832	-1.261178	2.653343	
730	-0.763239	-1.260708	2.657947	
731	-0.760695	-1.260186	2.660583	
732	-0.755133	-1.261991	2.661712	
733	-0.752545	-1.261293	2.665953	
734	-0.748892	-1.261762	2.668372	
735	-0.744060	-1.263695	2.669589	
736	-0.741881	-1.262975	2.673267	
737	-0.738217	-1.263791	2.675241	
738	-0.734219	-1.265300	2.677355	
739	-0.731686	-1.266063	2.680284	
740	-0.727075	-1.269578	2.680196	
741	-0.725058	-1.271115	2.683048	
742	-0.723516	-1.272011	2.686250	
743	-0.722334	-1.273197	2.688291	
744	-0.722058	-1.273126	2.692018	
745	-0.719820	-1.274484	2.694231	
746	-0.718411	-1.275600	2.697516	
747	-0.717139	-1.276512	2.700618	
748	-0.714924	-1.277624	2.703192	
749	-0.712606	-1.279004	2.705824	
750	-0.712763	-1.278283	2.710133	
751	-0.709812	-1.280164	2.712623	
752	-0.707563	-1.281724	2.716867	
753	-0.706552	-1.282571	2.722096	
754	-0.704190	-1.284805	2.725968	
755	-0.701074	-1.288135	2.729290	
756	-0.699548	-1.290488	2.734527	
757	-0.697664	-1.293559	2.739028	
758	-0.693640	-1.298752	2.742906	
759	-0.693071	-1.301381	2.749539	
760	-0.690066	-1.305759	2.754117	
761	-0.687522	-1.309728	2.760003	
762	-0.685801	-1.313228	2.766890	
763	-0.684130	-1.316587	2.772466	
764	-0.681611	-1.320346	2.777893	
765	-0.678858	-1.324441	2.783539	
766	-0.675858	-1.328894	2.789275	
767	-0.674057	-1.332100	2.796209	
768	-0.670507	-1.336973	2.800577	
769	-0.668383	-1.340298	2.806855	
770	-0.668057	-1.341880	2.813694	
771	-0.663545	-1.346633	2.817429	
772	-0.660937	-1.349551	2.823236	
773	-0.658636	-1.351872	2.828410	
774	-0.654065	-1.355749	2.830418	
775	-0.652745	-1.356371	2.836740	
776	-0.651129	-1.356827	2.841768	
777	-0.646013	-1.359071	2.844678	
778	-0.642283	-1.359982	2.848805	
779	-0.638323	-1.360610	2.852915	
780	-0.632471	-1.363511	2.853276	
781	-0.627853	-1.365252	2.855167	
782	-0.623562	-1.366922	2.856452	
783	-0.617717	-1.369441	2.856014	
784	-0.611392	-1.372237	2.856938	
785	-0.606447	-1.373976	2.858693	
786	-0.599184	-1.376150	2.859427	
787	-0.593754	-1.377821	2.860685	
788	-0.581851	-1.381211	2.864679	
789	-0.574291	-1.383350	2.867026	
790	-0.567661	-1.385505	2.869737	
791	-0.559879	-1.388080	2.870799	
792	-0.552106	-1.390399	2.871876	
793	-0.543116	-1.393980	2.872405	
794	-0.536044	-1.396068	2.874784	
795	-0.527365	-1.398631	2.875575	
796	-0.517797	-1.401934	2.875662	
797	-0.510720	-1.403190	2.878482	
798	-0.502944	-1.404985	2.880050	
799	-0.493605	-1.408085	2.880575	
800	-0.486501	-1.409555	2.883346	
801	-0.469638	-1.415114	2.883085	
802	-0.457192	-1.417772	2.885121	
803	-0.444898	-1.420702	2.885746	
804	-0.439250	-1.421820	2.886165	
805	-0.432550	-1.423554	2.885322	
806	-0.428525	-1.422933	2.886940	
807	-0.421989	-1.423524	2.886449	
808	-0.415019	-1.424520	2.885745	
809	-0.408602	-1.423902	2.886664	
810	-0.400981	-1.424978	2.885710	
811	-0.392724	-1.426628	2.884537	
812	-0.385677	-1.425973	2.885651	
813	-0.379316	-1.426862	2.885746	
814	-0.371181	-1.428336	2.884664	
815	-0.365062	-1.427723	2.885875	
816	-0.358223	-1.428569	2.885648	
817	-0.350328	-1.429527	2.883901	
818	-0.345274	-1.428483	2.884299	
819	-0.338536	-1.429502	2.881743	
820	-0.332693	-1.430259	2.879825	
821	-0.326952	-1.429822	2.878785	
822	-0.321158	-1.429653	2.877131	
823	-0.315243	-1.429035	2.875633	
824	-0.309415	-1.427512	2.874531	
825	-0.303488	-1.427143	2.872467	
826	-0.297844	-1.425183	2.871075	
827	-0.293219	-1.422533	2.869881	
828	-0.288329	-1.420391	2.867750	
829	-0.276249	-1.414342	2.863903	
830	-0.270363	-1.411436	2.860846	
831	-0.265009	-1.408398	2.857084	
832	-0.259056	-1.403954	2.853773	
833	-0.253227	-1.399797	2.849660	
834	-0.245779	-1.396226	2.844298	
835	-0.238419	-1.391449	2.839684	
836	-0.230114	-1.386345	2.835118	
837	-0.221633	-1.383252	2.828550	
838	-0.212102	-1.379555	2.822342	
839	-0.203803	-1.375214	2.816414	
840	-0.194722	-1.371715	2.809846	
841	-0.177147	-1.365027	2.795680	
842	-0.169630	-1.361700	2.788965	
843	-0.162167	-1.358892	2.781401	
844	-0.154105	-1.355156	2.775003	
845	-0.148190	-1.352975	2.767870	
846	-0.140176	-1.349916	2.761733	
847	-0.132927	-1.347028	2.754953	
848	-0.127848	-1.345432	2.748611	
849	-0.119975	-1.342165	2.743083	
850	-0.114054	-1.343023	2.733847	
851	-0.106371	-1.342683	2.726822	
852	-0.097743	-1.339239	2.722696	
853	-0.094589	-1.340437	2.714768	
854	-0.088217	-1.341742	2.707490	
855	-0.081116	-1.341151	2.701229	
856	-0.076584	-1.340778	2.694451	
857	-0.071340	-1.340083	2.687510	
858	-0.066376	-1.339243	2.680065	
859	-0.060065	-1.337909	2.673132	
860	-0.053487	-1.336026	2.667283	
861	-0.048387	-1.335973	2.659841	
862	-0.041588	-1.335788	2.653813	
863	-0.034504	-1.336623	2.646683	
864	-0.027236	-1.337816	2.640515	
865	-0.019993	-1.338722	2.635209	
866	-0.013520	-1.340786	2.628682	
867	-0.005526	-1.342656	2.622912	
868	0.001519	-1.344408	2.617677	
869	0.007190	-1.346835	2.610980	
870	0.012916	-1.349614	2.603939	
871	0.020715	-1.351408	2.598278	
872	0.026585	-1.353693	2.591782	
873	0.032884	-1.355870	2.584639	
874	0.037774	-1.358423	2.576770	
875	0.050052	-1.360636	2.563185	
876	0.052855	-1.362629	2.554148	
877	0.057652	-1.363640	2.546598	
878	0.060523	-1.365077	2.537372	
879	0.068641	-1.364961	2.522415	
880	0.070086	-1.364527	2.513684	
881	0.072402	-1.364160	2.505218	
882	0.076921	-1.362351	2.498928	
883	0.078838	-1.361344	2.491376	
884	0.080118	-1.361212	2.482690	
885	0.080649	-1.359861	2.474214	
886	0.084085	-1.358648	2.464874	
887	0.085551	-1.357543	2.456048	
888	0.088626	-1.355783	2.446874	
889	0.090649	-1.354095	2.438793	
890	0.093767	-1.352864	2.429546	
891	0.095944	-1.352670	2.419570	
892	0.099527	-1.351708	2.410503	
893	0.101753	-1.350911	2.400511	
894	0.103710	-1.350886	2.388762	
895	0.107237	-1.351189	2.378280	
896	0.110714	-1.352034	2.369037	
897	0.114192	-1.353226	2.361735	
898	0.119053	-1.353661	2.354893	
899	0.122792	-1.353310	2.347785	
900	0.125972	-1.352658	2.339922	
901	0.128341	-1.351687	2.333191	
902	0.132489	-1.349889	2.326699	
903	0.134760	-1.348118	2.319953	
904	0.137674	-1.346534	2.313409	
905	0.140606	-1.344469	2.307524	
906	0.143229	-1.342402	2.301367	
907	0.146469	-1.340990	2.294774	
908	0.150651	-1.338817	2.289060	
909	0.155815	-1.336988	2.282971	
910	0.160523	-1.335932	2.278064	
911	0.166537	-1.334040	2.274892	
912	0.172192	-1.332899	2.271742	
913	0.176616	-1.332576	2.268406	
914	0.182191	-1.330760	2.265152	
915	0.187417	-1.328702	2.261184	
916	0.192562	-1.326899	2.257898	
917	0.194627	-1.324516	2.256237	
918	0.198062	-1.322422	2.253402	
919	0.202302	-1.321074	2.250606	
920	0.205223	-1.318841	2.249307	
921	0.208525	-1.317255	2.247486	
922	0.212704	-1.316264	2.245574	
923	0.216434	-1.314652	2.244267	
924	0.220469	-1.313572	2.242715	
925	0.224397	-1.312814	2.241992	
926	0.228176	-1.311514	2.242346	
927	0.233593	-1.311197	2.241565	
928	0.238178	-1.311192	2.241921	
929	0.240277	-1.310324	2.243683	
930	0.245614	-1.310350	2.244197	
931	0.249613	-1.310998	2.245964	
932	0.252190	-1.311042	2.249438	
933	0.255719	-1.311799	2.251078	
934	0.258516	-1.312441	2.253537	
935	0.260963	-1.312800	2.256186	
936	0.264039	-1.313517	2.257257	
937	0.266683	-1.314412	2.259313	
938	0.268895	-1.314666	2.263526	
939	0.270386	-1.315180	2.267385	
940	0.272845	-1.315689	2.271099	
941	0.275624	-1.316023	2.273896	
942	0.279261	-1.316541	2.277006	
943	0.281720	-1.317081	2.280356	
944	0.283377	-1.316936	2.285239	
945	0.286159	-1.317183	2.288499	
946	0.289894	-1.317450	2.291347	
947	0.292296	-1.317590	2.295371	
948	0.295684	-1.318677	2.297538	
949	0.298402	-1.319167	2.300789	
950	0.305445	-1.320618	2.304213	
951	0.307185	-1.321120	2.307751	
952	0.308817	-1.321098	2.309269	
953	0.311224	-1.320962	2.313072	
954	0.312141	-1.319559	2.316375	
955	0.314713	-1.318523	2.319067	
956	0.317297	-1.317663	2.321264	
957	0.319278	-1.316051	2.326419	
958	0.319969	-1.314107	2.331460	
959	0.320089	-1.311985	2.335701	
960	0.323098	-1.311371	2.339709	
961	0.324750	-1.310920	2.345192	
962	0.325521	-1.309378	2.350509	
963	0.329439	-1.309761	2.351961	
964	0.331321	-1.309627	2.357929	
965	0.331660	-1.308946	2.363496	
966	0.336977	-1.309887	2.365872	
967	0.338840	-1.309850	2.371686	
968	0.342460	-1.310344	2.377096	
969	0.348669	-1.312825	2.380171	
970	0.351868	-1.313851	2.386065	
971	0.353607	-1.314250	2.392563	
972	0.358408	-1.316848	2.397024	
973	0.361011	-1.317806	2.405921	
974	0.361373	-1.316968	2.413280	
975	0.364615	-1.318997	2.418314	
976	0.366153	-1.319220	2.427933	
977	0.369415	-1.320800	2.432881	
978	0.373654	-1.323757	2.440484	
979	0.372263	-1.322172	2.448247	
980	0.374144	-1.322744	2.449852	
981	0.378517	-1.324075	2.455589	
982	0.379131	-1.323284	2.463434	
983	0.381252	-1.324420	2.466327	
984	0.383715	-1.324902	2.471615	
985	0.383564	-1.324347	2.477416	
986	0.384533	-1.324963	2.480594	
987	0.386780	-1.325307	2.485823	
988	0.388783	-1.326310	2.490431	
989	0.390554	-1.327537	2.492638	
990	0.392994	-1.327539	2.499489	
991	0.393704	-1.327304	2.503859	
992	0.394679	-1.328080	2.507273	
993	0.396068	-1.326467	2.513824	
994	0.397758	-1.326012	2.517246	
995	0.400524	-1.326631	2.520119	
996	0.402514	-1.324626	2.525529	
997	0.401167	-1.320923	2.532827	
998	0.402824	-1.320101	2.535469	
999	0.404972	-1.318118	2.541495	
1000	0.407837	-1.316066	2.553736	
1001	0.409036	-1.313302	2.564005	
1002	0.409973	-1.312538	2.572134	
1003	0.410634	-1.313358	2.577645	
1004	0.410430	-1.311764	2.584719	
1005	0.410092	-1.311652	2.590086	
1006	0.410044	-1.310342	2.595518	
1007	0.410281	-1.309920	2.599164	
1008	0.410579	-1.309917	2.602719	
1009	0.410635	-1.309671	2.605739	
1010	0.410902	-1.310305	2.607549	
1011	0.412467	-1.311070	2.610681	
1012	0.412376	-1.310282	2.613795	
1013	0.412758	-1.309989	2.617596	
1014	0.413961	-1.310374	2.617920	
1015	0.416584	-1.313082	2.622435	
1016	0.415731	-1.312088	2.626293	
1017	0.417371	-1.312416	2.628002	
1018	0.419674	-1.313670	2.630034	
1019	0.421808	-1.312302	2.632753	
1020	0.424102	-1.312446	2.632130	
1021	0.422627	-1.308925	2.633544	
1022	0.425119	-1.308474	2.632815	
1023	0.425699	-1.302778	2.631465	
1024	0.428444	-1.296549	2.627602	
1025	0.427819	-1.291071	2.625925	
1026	0.428452	-1.287548	2.625436	
1027	0.431580	-1.285429	2.623487	
1028	0.432502	-1.281491	2.623257	
1029	0.434220	-1.277984	2.623700	
1030	0.436852	-1.274895	2.623522	
1031	0.436755	-1.269245	2.623810	
1032	0.438901	-1.265689	2.624093	
1033	0.442519	-1.264140	2.624945	
1034	0.442806	-1.259280	2.625556	
1035	0.445440	-1.255763	2.624438	
1036	0.449183	-1.254703	2.625434	
1037	0.450930	-1.251178	2.625247	
1038	0.452099	-1.247516	2.625718	
1039	0.455785	-1.245756	2.624780	
1040	0.457982	-1.243698	2.624477	
1041	0.459725	-1.240807	2.623127	
1042	0.461368	-1.238043	2.621297	
1043	0.464096	-1.236554	2.618730	
1044	0.465458	-1.233964	2.616167	
1045	0.466989	-1.232390	2.615130	
1046	0.468905	-1.231148	2.614290	
1047	0.470224	-1.227595	2.613839	
1048	0.472498	-1.226740	2.612966	
1049	0.473536	-1.225191	2.612190	
1050	0.474151	-1.224576	2.613109	
1051	0.475013	-1.223784	2.613644	
1052	0.475808	-1.222243	2.613400	
1053	0.475910	-1.221601	2.615111	
1054	0.476833	-1.219751	2.614486	
1055	0.477475	-1.217843	2.614482	
1056	0.477267	-1.217012	2.617011	
1057	0.477388	-1.215253	2.618387	
1058	0.476940	-1.215585	2.623162	
1059	0.477010	-1.212547	2.623104	
1060	0.477981	-1.211584	2.624498	
1061	0.477853	-1.212910	2.629261	
1062	0.475857	-1.211573	2.632841	
1063	0.476578	-1.211943	2.635500	
1064	0.477259	-1.210343	2.635922	
1065	0.476489	-1.206675	2.635274	
1066	0.478832	-1.208047	2.637412	
1067	0.479478	-1.206726	2.638148	
1068	0.478384	-1.204181	2.639815	
1069	0.480057	-1.205062	2.642693	
1070	0.480085	-1.207222	2.648750	
1071	0.477173	-1.204882	2.653534	
1072	0.477022	-1.203398	2.656234	
1073	0.475928	-1.205135	2.664029	
1074	0.473193	-1.201509	2.667562	
1075	0.473495	-1.199237	2.669202	
1076	0.473092	-1.196413	2.670850	
1077	0.471115	-1.194893	2.676098	
1078	0.470103	-1.193977	2.680772	
1079	0.469312	-1.193561	2.685330	
1080	0.468905	-1.193561	2.689627	
1081	0.466480	-1.191769	2.694426	
1082	0.468005	-1.192084	2.696771	
1083	0.468428	-1.191816	2.699496	
1084	0.465632	-1.189497	2.703589	
1085	0.468701	-1.191053	2.703660	
1086	0.468642	-1.190283	2.704287	
1087	0.466212	-1.187287	2.705328	
1088	0.467846	-1.188431	2.704733	
1089	0.465205	-1.184431	2.702837	
1090	0.461869	-1.184812	2.706922	
1091	0.462820	-1.186898	2.705915	
1092	0.459615	-1.186762	2.707755	
1093	0.456752	-1.186743	2.708798	
1094	0.456849	-1.189163	2.707122	
1095	0.452248	-1.189264	2.710402	
1096	0.451397	-1.190376	2.708566	
1097	0.449946	-1.192152	2.708220	
1098	0.445529	-1.191022	2.709469	
1099	0.445099	-1.194453	2.709536	
1100	0.441655	-1.196387	2.712059	
1101	0.435421	-1.200046	2.715872	
1102	0.431518	-1.201120	2.718248	
1103	0.428095	-1.203224	2.722129	
1104	0.424311	-1.206985	2.729008	
1105	0.419710	-1.207549	2.732175	
1106	0.415880	-1.210182	2.737323	
1107	0.412500	-1.211819	2.739950	
1108	0.407979	-1.213738	2.745447	
1109	0.404013	-1.215915	2.749917	
1110	0.399827	-1.217312	2.752915	
1111	0.395759	-1.220279	2.757678	
1112	0.391358	-1.223271	2.762051	
1113	0.387191	-1.226713	2.766245	
1114	0.382038	-1.227548	2.767299	
1115	0.377774	-1.231954	2.772906	
1116	0.366153	-1.237345	2.782079	
1117	0.360997	-1.240189	2.784702	
1118	0.355725	-1.244320	2.790162	
1119	0.348953	-1.245471	2.792897	
1120	0.343528	-1.247510	2.794467	
1121	0.337460	-1.251043	2.801511	
1122	0.331297	-1.252187	2.803772	
1123	0.327625	-1.258631	2.811507	
1124	0.321745	-1.261895	2.819286	
1125	0.315121	-1.260036	2.818015	
1126	0.310900	-1.262574	2.821317	
1127	0.305553	-1.262594	2.823699	
1128	0.301902	-1.265300	2.828342	
1129	0.298053	-1.266540	2.829495	
1130	0.293813	-1.266560	2.831245	
1131	0.292225	-1.271083	2.836209	
1132	0.289276	-1.272168	2.838131	
1133	0.286726	-1.273043	2.838437	
1134	0.286073	-1.275760	2.838812	
1135	0.284829	-1.277908	2.840246	
1136	0.283496	-1.279104	2.839765	
1137	0.282471	-1.280627	2.840281	
1138	0.282243	-1.282925	2.840347	
1139	0.280634	-1.282946	2.841063	
1140	0.279943	-1.283422	2.840109	
1141	0.279784	-1.285372	2.841520	
1142	0.277744	-1.284319	2.841448	
1143	0.276834	-1.285369	2.843071	
1144	0.275395	-1.285432	2.842704	
1145	0.273286	-1.284860	2.844141	
1146	0.271733	-1.285222	2.846521	
1147	0.270091	-1.286386	2.851459	
1148	0.266903	-1.284908	2.852463	
1149	0.265401	-1.286678	2.856885	
1150	0.264387	-1.289087	2.860876	
1151	0.260852	-1.289445	2.866217	
1152	0.259927	-1.293293	2.871583	
1153	0.257916	-1.295598	2.875091	
1154	0.254468	-1.297107	2.879100	
1155	0.252693	-1.300288	2.881912	
1156	0.250228	-1.302983	2.884915	
1157	0.247789	-1.306035	2.887832	
1158	0.245742	-1.309579	2.890882	
1159	0.243358	-1.312587	2.894295	
1160	0.241316	-1.315834	2.896354	
1161	0.238839	-1.319378	2.899354	
1162	0.236237	-1.322362	2.902183	
1163	0.234848	-1.326951	2.903751	
1164	0.231759	-1.329340	2.907341	
1165	0.229517	-1.332537	2.907839	
1166	0.228019	-1.336604	2.910930	
1167	0.225533	-1.339086	2.913274	
1168	0.224363	-1.343072	2.915186	
1169	0.222872	-1.346470	2.918437	
1170	0.220888	-1.348878	2.921435	
1171	0.219818	-1.352291	2.924248	
1172	0.218581	-1.355430	2.928013	
1173	0.216411	-1.357530	2.930555	
1174	0.214007	-1.359746	2.932960	
1175	0.213075	-1.363391	2.935163	
1176	0.210136	-1.364651	2.940565	
1177	0.207608	-1.366358	2.942373	
1178	0.205880	-1.368770	2.947207	
1179	0.202729	-1.369995	2.951441	
1180	0.200422	-1.372050	2.955307	
1181	0.198345	-1.375096	2.959782	
1182	0.195868	-1.377815	2.964142	
1183	0.193119	-1.381064	2.969324	
1184	0.190395	-1.384783	2.974196	
1185	0.186557	-1.388228	2.978290	
1186	0.182661	-1.391909	2.982435	
1187	0.178955	-1.396732	2.987685	
1188	0.174161	-1.400529	2.993793	
1189	0.170335	-1.405071	2.998294	
1190	0.166477	-1.410106	3.002981	
1191	0.160781	-1.413625	3.008870	
1192	0.156160	-1.418199	3.013420	
1193	0.150431	-1.422955	3.019032	
1194	0.143718	-1.427096	3.025602	
1195	0.138867	-1.432930	3.031273	
1196	0.133673	-1.438316	3.037554	
1197	0.128583	-1.443070	3.043863	
1198	0.124142	-1.448155	3.050896	
1199	0.119503	-1.453170	3.057419	
1200	0.114974	-1.458299	3.063544	
1201	0.110381	-1.463310	3.069684	
1202	0.102967	-1.474409	3.085783	
1203	0.099229	-1.479654	3.092755	
1204	0.095803	-1.484670	3.100301	
1205	0.092775	-1.489826	3.107303	
1206	0.090755	-1.495363	3.115868	
1207	0.088166	-1.499754	3.124536	
1208	0.086769	-1.504716	3.132153	
1209	0.085056	-1.509492	3.140800	
1210	0.083249	-1.514348	3.149179	
1211	0.081285	-1.518765	3.154578	
1212	0.079154	-1.522783	3.162004	
1213	0.076202	-1.530267	3.173773	
1214	0.076106	-1.534389	3.180517	
1215	0.076223	-1.538244	3.184857	
1216	0.077351	-1.542575	3.190714	
1217	0.078900	-1.546466	3.196514	
1218	0.080923	-1.550031	3.203136	
1219	0.083884	-1.553671	3.208289	
1220	0.087093	-1.557203	3.214015	
1221	0.091331	-1.560701	3.220588	
1222	0.095622	-1.563517	3.226320	
1223	0.100903	-1.566750	3.232160	
1224	0.106574	-1.569116	3.239785	
1225	0.113007	-1.571542	3.246325	
1226	0.120309	-1.573973	3.253407	
1227	0.127383	-1.575909	3.261580	
1228	0.135343	-1.578008	3.269087	
1229	0.144298	-1.581377	3.275927	
1230	0.152643	-1.583905	3.285358	
1231	0.161004	-1.586865	3.292036	
1232	0.170081	-1.590633	3.299664	
1233	0.178321	-1.593906	3.306716	
1234	0.186402	-1.597769	3.312632	
1235	0.194876	-1.601684	3.319076	
1236	0.202527	-1.604772	3.324298	
1237	0.210518	-1.608410	3.328960	
1238	0.218273	-1.611429	3.334159	
1239	0.226051	-1.614787	3.340110	
1240	0.232986	-1.618796	3.345734	
1241	0.239135	-1.623129	3.350753	
1242	0.245854	-1.627404	3.357134	
1243	0.251227	-1.631407	3.361317	
1244	0.257059	-1.635168	3.366436	
1245	0.262136	-1.638776	3.371798	
1246	0.267603	-1.643345	3.375837	
1247	0.273684	-1.647360	3.382437	
1248	0.278873	-1.651784	3.387468	
1249	0.284954	-1.657331	3.392308	
1250	0.296529	-1.665241	3.400644	
1251	0.302518	-1.670264	3.405853	
1252	0.308902	-1.675628	3.411450	
1253	0.316287	-1.681003	3.417601	
1254	0.330276	-1.692636	3.430587	
1255	0.337392	-1.698522	3.437462	
1256	0.343606	-1.703946	3.443952	
1257	0.350594	-1.708914	3.450575	
1258	0.356845	-1.713229	3.457623	
1259	0.363268	-1.716655	3.464894	
1260	0.369729	-1.721490	3.469500	
1261	0.376760	-1.725850	3.474941	
1262	0.383081	-1.730055	3.480429	
1263	0.389696	-1.733812	3.484984	
1264	0.395919	-1.737059	3.489151	
1265	0.402910	-1.739596	3.493999	
1266	0.410562	-1.742118	3.498479	
1267	0.419674	-1.745374	3.501899	
1268	0.428815	-1.747811	3.506290	
1269	0.437621	-1.750192	3.509964	
1270	0.447382	-1.752545	3.513600	
1271	0.457398	-1.754292	3.517118	
1272	0.467500	-1.755851	3.520787	
1273	0.479578	-1.757873	3.523411	
1274	0.491082	-1.759314	3.526392	
1275	0.502526	-1.759861	3.529724	
1276	0.514776	-1.761870	3.531209	
1277	0.527449	-1.762520	3.534234	
1278	0.540023	-1.763255	3.536557	
1279	0.552179	-1.763070	3.539531	
1280	0.565004	-1.763518	3.541546	
1281	0.576919	-1.763915	3.543445	
1282	0.588924	-1.764124	3.545246	
1283	0.600416	-1.764937	3.545920	
1284	0.612875	-1.766469	3.546627	
1285	0.625495	-1.767480	3.548424	
1286	0.639105	-1.768721	3.550147	
1287	0.651463	-1.770140	3.551283	
1288	0.663171	-1.771438	3.552204	
1289	0.675790	-1.772111	3.553795	
1290	0.689683	-1.773559	3.554136	
1291	0.702158	-1.773835	3.555392	
1292	0.713751	-1.774715	3.555436	
1293	0.726610	-1.775798	3.556026	
1294	0.738765	-1.777103	3.556278	
1295	0.750593	-1.778100	3.557202	
1296	0.763561	-1.779593	3.557032	
1297	0.774677	-1.779794	3.558205	
1298	0.785696	-1.779860	3.559371	
1299	0.799037	-1.781787	3.559427	
1300	0.811258	-1.782696	3.560882	
1301	0.823483	-1.783927	3.562472	
1302	0.836821	-1.786072	3.563773	
1303	0.848494	-1.786621	3.567209	
1304	0.860514	-1.788590	3.569477	
1305	0.875014	-1.789376	3.573547	
1306	0.886354	-1.791131	3.576771	
1307	0.898946	-1.793498	3.580814	
1308	0.910419	-1.796055	3.585068	
1309	0.920952	-1.797980	3.590911	
1310	0.933210	-1.800826	3.596018	
1311	0.946400	-1.802799	3.602242	
1312	0.957117	-1.804750	3.608667	
1313	0.968862	-1.808841	3.612860	
1314	0.980550	-1.811568	3.618129	
1315	0.989511	-1.813655	3.623413	
1316	0.998722	-1.817116	3.627166	
1317	1.007265	-1.819466	3.631538	
1318	1.023921	-1.822211	3.641606	
1319	1.032253	-1.824536	3.644991	
1320	1.041751	-1.825476	3.649463	
1321	1.049803	-1.826740	3.653103	
1322	1.060280	-1.828689	3.655204	
1323	1.075283	-1.828108	3.658664	
1324	1.083850	-1.829404	3.660847	
1325	1.094553	-1.831202	3.662024	
1326	1.105143	-1.830969	3.664937	
1327	1.115419	-1.832093	3.665706	
1328	1.126261	-1.833850	3.665521	
1329	1.137001	-1.832815	3.666651	
1330	1.148508	-1.833424	3.666168	
1331	1.159736	-1.833150	3.665302	
1332	1.170935	-1.832569	3.664187	
1333	1.184377	-1.831202	3.663021	
1334	1.209033	-1.828935	3.658379	
1335	1.222193	-1.825744	3.658328	
1336	1.233413	-1.822310	3.658211	
1337	1.263780	-1.817330	3.655525	
1338	1.290463	-1.813297	3.650823	
1339	1.305476	-1.809265	3.648795	
1340	1.315455	-1.806327	3.646954	
1341	1.328491	-1.804595	3.642426	
1342	1.340425	-1.802603	3.638598	
1343	1.352722	-1.801675	3.633953	
1344	1.363217	-1.801783	3.628757	
1345	1.379432	-1.798024	3.624665	
1346	1.382820	-1.798623	3.620994	
1347	1.398834	-1.795765	3.616036	
1348	1.403797	-1.794789	3.613029	
1349	1.409745	-1.794836	3.608040	
1350	1.419921	-1.793312	3.603461	
1351	1.428740	-1.790529	3.600055	
1352	1.435290	-1.791491	3.594548	
1353	1.445000	-1.789712	3.589821	
1354	1.454591	-1.787309	3.585846	
1355	1.462775	-1.786844	3.580133	
1356	1.473965	-1.784250	3.575528	
1357	1.482937	-1.781990	3.571525	
1358	1.494376	-1.780769	3.565261	
1359	1.506737	-1.777361	3.561281	
1360	1.517048	-1.775229	3.557724	
1361	1.529162	-1.773301	3.553934	
1362	1.542531	-1.771128	3.549358	
1363	1.552816	-1.767440	3.548545	
1364	1.564250	-1.765844	3.545282	
1365	1.578273	-1.763564	3.541665	
1366	1.589494	-1.760548	3.539629	
1367	1.600667	-1.759615	3.535257	
1368	1.613308	-1.756327	3.531867	
1369	1.621662	-1.754503	3.529213	
1370	1.632833	-1.752105	3.525177	
1371	1.643498	-1.748316	3.523095	
1372	1.652590	-1.746184	3.520394	
1373	1.662360	-1.743663	3.517205	
1374	1.671448	-1.740332	3.513893	
1375	1.679336	-1.738041	3.510316	
1376	1.687365	-1.735617	3.506238	
1377	1.696342	-1.733032	3.500945	
1378	1.704503	-1.730118	3.496107	
1379	1.711905	-1.727763	3.490616	
1380	1.721001	-1.724284	3.484336	
1381	1.730872	-1.718379	3.479227	
1382	1.735819	-1.715375	3.474477	
1383	1.743415	-1.711336	3.467941	
1384	1.752756	-1.704812	3.461216	
1385	1.758366	-1.700945	3.454237	
1386	1.765688	-1.696012	3.446573	
1387	1.773576	-1.690482	3.437374	
1388	1.780361	-1.685781	3.428044	
1389	1.787287	-1.681019	3.418238	
1390	1.793230	-1.675141	3.411849	
1391	1.802211	-1.669886	3.401752	
1392	1.812362	-1.664774	3.391103	
1393	1.818887	-1.659181	3.384392	
1394	1.824714	-1.654614	3.377330	
1395	1.838530	-1.647083	3.362974	
1396	1.850634	-1.637236	3.348783	
1397	1.857983	-1.632401	3.340270	
1398	1.863936	-1.627781	3.333940	
1399	1.870413	-1.624853	3.324617	
1400	1.877223	-1.620715	3.317118	
1401	1.883576	-1.617037	3.309505	
1402	1.889574	-1.614563	3.300897	
1403	1.895558	-1.611335	3.292568	
1404	1.901101	-1.608382	3.283620	
1405	1.906689	-1.603691	3.277274	
1406	1.912796	-1.598683	3.271945	
1407	1.919122	-1.594595	3.263896	
1408	1.926150	-1.589954	3.255873	
1409	1.933278	-1.583983	3.250136	
1410	1.940662	-1.578452	3.242416	
1411	1.948936	-1.572583	3.233863	
1412	1.956499	-1.566866	3.226332	
1413	1.965392	-1.562173	3.216514	
1414	1.975724	-1.555022	3.209114	
1415	1.983821	-1.549287	3.203082	
1416	1.993310	-1.543711	3.196426	
1417	2.003658	-1.537417	3.190365	
1418	2.013587	-1.530442	3.185978	
1419	2.023012	-1.524827	3.179924	
1420	2.033525	-1.518945	3.173100	
1421	2.043490	-1.512656	3.167157	
1422	2.053588	-1.506825	3.160694	
1423	2.061503	-1.501403	3.155602	
1424	2.077283	-1.492191	3.142885	
1425	2.083246	-1.488012	3.138337	
1426	2.089368	-1.484664	3.132472	
1427	2.095634	-1.481601	3.125967	
1428	2.101775	-1.477742	3.119110	
1429	2.107538	-1.473008	3.113430	
1430	2.112395	-1.468649	3.109409	
1431	2.116673	-1.465037	3.104863	
1432	2.121455	-1.461884	3.096504	
1433	2.126851	-1.456850	3.090478	
1434	2.130602	-1.451826	3.086408	
1435	2.134573	-1.446659	3.081493	
1436	2.139234	-1.440827	3.076104	
1437	2.142045	-1.437833	3.067252	
1438	2.145391	-1.433774	3.059573	
1439	2.148298	-1.428632	3.054721	
1440	2.151303	-1.423391	3.048102	
1441	2.155107	-1.418213	3.039659	
1442	2.158259	-1.412849	3.031927	
1443	2.160537	-1.408392	3.024690	
1444	2.164777	-1.402430	3.014029	
1445	2.168221	-1.397760	3.002577	
1446	2.170647	-1.393623	2.995645	
1447	2.172953	-1.389825	2.984486	
1448	2.177116	-1.384295	2.971548	
1449	2.178936	-1.379498	2.966943	
1450	2.179516	-1.376440	2.959619	
1451	2.184688	-1.368019	2.948259	
1452	2.186666	-1.361727	2.940324	
1453	2.185176	-1.359412	2.931050	
1454	2.187021	-1.353083	2.920233	
1455	2.189459	-1.344838	2.911658	
1456	2.189786	-1.340010	2.905242	
1457	2.192136	-1.334228	2.894313	
1458	2.194021	-1.328059	2.885361	
1459	2.195748	-1.321968	2.877180	
1460	2.198212	-1.315004	2.871897	
1461	2.200115	-1.310231	2.860806	
1462	2.202705	-1.305299	2.850366	
1463	2.206103	-1.298433	2.845805	
1464	2.208146	-1.293901	2.834804	
1465	2.212330	-1.287380	2.825650	
1466	2.215410	-1.280872	2.820499	
1467	2.216803	-1.277452	2.808710	
1468	2.221145	-1.271782	2.797307	
1469	2.224010	-1.267643	2.786745	
1470	2.227022	-1.264623	2.774979	
1471	2.236313	-1.254073	2.759020	
1472	2.240433	-1.250861	2.749995	
1473	2.245793	-1.246395	2.743653	
1474	2.251127	-1.242697	2.732860	
1475	2.256785	-1.239331	2.724092	
1476	2.262587	-1.235977	2.714718	
1477	2.267968	-1.232377	2.704338	
1478	2.274596	-1.226036	2.694478	
1479	2.280611	-1.220521	2.687342	
1480	2.285012	-1.216274	2.677849	
1481	2.290582	-1.210156	2.668978	
1482	2.294478	-1.206118	2.661352	
1483	2.298222	-1.201837	2.654092	
1484	2.302256	-1.196500	2.644277	
1485	2.306056	-1.190402	2.638933	
1486	2.308821	-1.186333	2.630561	
1487	2.311744	-1.181542	2.622022	
1488	2.314970	-1.176157	2.616217	
1489	2.316306	-1.172664	2.607010	
1490	2.318628	-1.167376	2.597647	
1491	2.319514	-1.162660	2.589179	
1492	2.320516	-1.158150	2.579812	
1493	2.323007	-1.147153	2.561982	
1494	2.323189	-1.143327	2.551781	
1495	2.323669	-1.137380	2.542411	
1496	2.323992	-1.130959	2.536758	
1497	2.324014	-1.124875	2.528711	
1498	2.321875	-1.121776	2.514847	
1499	2.321861	-1.114014	2.507764	
1500	2.321085	-1.106833	2.501277	
1501	2.321037	-1.098282	2.492106	
1502	2.320954	-1.090172	2.484288	
1503	2.319683	-1.083655	2.474272	
1504	2.318652	-1.077558	2.462449	
1505	2.317494	-1.072646	2.450348	
1506	2.316088	-1.068475	2.437093	
1507	2.315550	-1.062722	2.425035	
1508	2.314522	-1.057476	2.414064	
1509	2.314342	-1.051136	2.403859	
1510	2.313210	-1.045689	2.392084	
1511	2.312449	-1.039473	2.381749	
1512	2.311628	-1.033650	2.372319	
1513	2.309324	-1.030172	2.361725	
1514	2.308962	-1.024103	2.353183	
1515	2.308057	-1.018740	2.345695	
1516	2.306024	-1.016127	2.336333	
1517	2.304190	-1.011600	2.328524	
1518	2.302222	-1.008242	2.321221	
1519	2.300748	-1.004476	2.314301	
1520	2.299800	-0.999326	2.307974	
1521	2.298790	-0.995650	2.301876	
1522	2.298365	-0.992945	2.296548	
1523	2.298661	-0.988666	2.291040	
1524	2.299119	-0.984805	2.286666	
1525	2.299197	-0.982542	2.279826	
1526	2.298614	-0.980502	2.270964	
1527	2.299974	-0.977119	2.264618	
1528	2.300480	-0.974600	2.256092	
1529	2.301976	-0.970702	2.248335	
1530	2.304656	-0.965630	2.240336	
1531	2.308050	-0.959679	2.232575	
1532	2.311930	-0.953763	2.223847	
1533	2.315591	-0.948041	2.214870	
1534	2.318292	-0.943593	2.204826	
1535	2.321608	-0.939039	2.194778	
1536	2.325962	-0.932375	2.185197	
1537	2.329252	-0.928282	2.175503	
1538	2.332984	-0.923581	2.165882	
1539	2.336610	-0.919309	2.156663	
1540	2.340407	-0.915124	2.148098	
1541	2.344105	-0.910347	2.138421	
1542	2.348922	-0.904983	2.131085	
1543	2.352366	-0.901261	2.123230	
1544	2.355486	-0.898797	2.114091	
1545	2.359860	-0.893013	2.107385	
1546	2.363150	-0.888527	2.100263	
1547	2.366313	-0.884798	2.091768	
1548	2.369676	-0.879524	2.084162	
1549	2.372580	-0.874359	2.076255	
1550	2.375860	-0.869190	2.068118	
1551	2.379019	-0.863170	2.059865	
1552	2.381165	-0.858513	2.051538	
1553	2.382881	-0.854662	2.042786	
1554	2.384984	-0.848764	2.034611	
1555	2.385916	-0.843958	2.025153	
1556	2.387474	-0.838497	2.017083	
1557	2.388269	-0.833610	2.008611	
1558	2.388862	-0.829564	1.999932	
1559	2.389529	-0.823879	1.991248	
1560	2.390699	-0.817489	1.982337	
1561	2.391664	-0.811011	1.973860	
1562	2.391965	-0.804952	1.963217	
1563	2.391898	-0.799149	1.953423	
1564	2.392762	-0.785326	1.932739	
1565	2.393613	-0.778476	1.923444	
1566	2.394843	-0.772098	1.913682	
1567	2.396675	-0.764304	1.903162	
1568	2.399588	-0.757179	1.893841	
1569	2.402190	-0.749875	1.883366	
1570	2.405080	-0.743128	1.875155	
1571	2.408026	-0.737925	1.867045	
1572	2.409930	-0.733244	1.856410	
1573	2.411666	-0.728908	1.848078	
1574	2.413024	-0.725641	1.839190	
1575	2.415992	-0.720306	1.831644	
1576	2.417217	-0.718198	1.822263	
1577	2.419775	-0.714871	1.814085	
1578	2.422384	-0.711719	1.806841	
1579	2.427304	-0.705631	1.788976	
1580	2.429811	-0.702236	1.780098	
1581	2.431641	-0.699935	1.771074	
1582	2.434994	-0.696938	1.762407	
1583	2.439343	-0.692155	1.753551	
1584	2.443124	-0.688374	1.743964	
1585	2.446751	-0.685011	1.734039	
1586	2.451477	-0.679691	1.725284	
1587	2.455239	-0.675498	1.714612	
1588	2.459731	-0.671422	1.705065	
1589	2.465363	-0.665514	1.696583	
1590	2.470101	-0.661290	1.686395	
1591	2.474233	-0.658565	1.676256	
1592	2.478781	-0.653841	1.665680	
1593	2.483690	-0.651099	1.657422	
1594	2.487879	-0.645932	1.647001	
1595	2.493913	-0.640048	1.638188	
1596	2.498619	-0.633161	1.629424	
1597	2.503338	-0.628043	1.619438	
1598	2.508526	-0.620901	1.611716	
1599	2.512331	-0.614749	1.602858	
1600	2.516849	-0.608960	1.595693	
1601	2.520472	-0.602961	1.588110	
1602	2.523338	-0.596461	1.580177	
1603	2.526566	-0.590634	1.573421	
1604	2.528625	-0.584443	1.566794	
1605	2.531293	-0.578858	1.562109	
1606	2.533662	-0.571636	1.556809	
1607	2.534053	-0.566492	1.550266	
1608	2.535265	-0.561201	1.544744	
1609	2.535882	-0.556120	1.538632	
1610	2.535622	-0.550828	1.532032	
1611	2.535593	-0.546039	1.526035	
1612	2.534489	-0.541759	1.519042	
1613	2.532845	-0.536436	1.512151	
1614	2.529068	-0.525406	1.495954	
1615	2.526236	-0.518955	1.486772	
1616	2.523295	-0.514358	1.478874	
1617	2.520476	-0.508919	1.470273	
1618	2.517230	-0.503354	1.461600	
1619	2.513407	-0.497081	1.453030	
1620	2.509418	-0.490943	1.444115	
1621	2.506366	-0.484544	1.436295	
1622	2.502318	-0.479159	1.428377	
1623	2.497854	-0.474760	1.420478	
1624	2.493617	-0.470251	1.412049	
1625	2.489434	-0.465553	1.404227	
1626	2.484028	-0.461775	1.395429	
1627	2.479297	-0.459371	1.388330	
1628	2.473927	-0.456697	1.380920	
1629	2.468455	-0.454882	1.373308	
1630	2.463933	-0.451396	1.366860	
1631	2.460316	-0.448282	1.360650	
1632	2.455475	-0.446019	1.351856	
1633	2.452031	-0.443293	1.343962	
1634	2.448292	-0.440731	1.335305	
1635	2.445415	-0.438981	1.328718	
1636	2.441993	-0.437098	1.322310	
1637	2.438286	-0.434073	1.316142	
1638	2.434062	-0.433061	1.309332	
1639	2.430597	-0.429749	1.304207	
1640	2.427683	-0.428011	1.300652	
1641	2.421801	-0.427068	1.294195	
1642	2.418003	-0.423974	1.289766	
1643	2.414692	-0.422139	1.286167	
1644	2.409871	-0.421300	1.282187	
1645	2.406416	-0.419345	1.279555	
1646	2.402381	-0.418684	1.277300	
1647	2.397162	-0.417432	1.273775	
1648	2.394342	-0.413937	1.272919	
1649	2.391270	-0.411042	1.272782	
1650	2.386664	-0.409594	1.270915	
1651	2.382015	-0.407248	1.268612	
1652	2.375971	-0.404840	1.265025	
1653	2.371713	-0.402752	1.263441	
1654	2.367692	-0.400571	1.262178	
1655	2.361980	-0.398451	1.260150	
1656	2.356523	-0.396291	1.258439	
1657	2.350549	-0.392756	1.256530	
1658	2.343769	-0.391655	1.254849	
1659	2.336544	-0.389470	1.252430	
1660	2.329594	-0.388018	1.250682	
1661	2.320779	-0.386391	1.247728	
1662	2.312456	-0.384980	1.245313	
1663	2.303995	-0.383579	1.243124	
1664	2.293596	-0.382634	1.239892	
1665	2.284152	-0.381735	1.237042	
1666	2.276200	-0.380651	1.235379	
1667	2.266513	-0.380692	1.232602	
1668	2.255588	-0.380683	1.228151	
1669	2.246792	-0.380663	1.225452	
1670	2.237319	-0.380198	1.223296	
1671	2.225798	-0.378245	1.219698	
1672	2.215071	-0.378009	1.217229	
1673	2.204381	-0.378332	1.215986	
1674	2.191674	-0.377886	1.214028	
1675	2.179696	-0.375716	1.211708	
1676	2.168983	-0.375310	1.210689	
1677	2.157260	-0.374320	1.209398	
1678	2.145869	-0.371856	1.207750	
1679	2.136510	-0.370945	1.208153	
1680	2.126641	-0.370204	1.208407	
1681	2.117557	-0.368395	1.208218	
1682	2.108317	-0.367640	1.207748	
1683	2.099792	-0.365903	1.207194	
1684	2.092170	-0.363327	1.206869	
1685	2.084046	-0.362732	1.206100	
1686	2.076630	-0.361231	1.204617	
1687	2.070407	-0.359237	1.203833	
1688	2.056355	-0.356737	1.201860	
1689	2.050014	-0.355159	1.201278	
1690	2.043675	-0.353682	1.200072	
1691	2.037472	-0.351107	1.198660	
1692	2.030859	-0.348232	1.196894	
1693	2.025132	-0.344018	1.195238	
1694	2.018143	-0.340219	1.192780	
1695	2.011595	-0.335888	1.190308	
1696	2.005344	-0.332147	1.187387	
1697	1.999516	-0.327086	1.184533	
1698	1.993739	-0.322659	1.180991	
1699	1.988363	-0.318433	1.177433	
1700	1.982974	-0.313868	1.173836	
1701	1.977612	-0.309389	1.169852	
1702	1.972104	-0.305007	1.165887	
1703	1.967044	-0.300619	1.161929	
1704	1.961706	-0.296632	1.157071	
1705	1.956326	-0.292695	1.152119	
1706	1.952065	-0.288692	1.147761	
1707	1.946869	-0.285732	1.142752	
1708	1.941343	-0.281480	1.137821	
1709	1.936603	-0.278352	1.133543	
1710	1.930749	-0.275470	1.129307	
1711	1.924544	-0.270934	1.124698	
1712	1.919583	-0.267564	1.121316	
1713	1.913443	-0.265333	1.117378	
1714	1.906205	-0.261121	1.112792	
1715	1.899468	-0.258338	1.108573	
1716	1.892199	-0.255874	1.104153	
1717	1.884583	-0.252531	1.099676	
1718	1.877048	-0.249720	1.095191	
1719	1.868410	-0.246797	1.090372	
1720	1.860043	-0.243215	1.085875	
1721	1.851615	-0.240656	1.081546	
1722	1.842635	-0.237959	1.077440	
1723	1.832732	-0.235004	1.072971	
1724	1.823375	-0.232430	1.068963	
1725	1.812182	-0.230461	1.064541	
1726	1.801991	-0.227071	1.060805	
1727	1.793535	-0.225114	1.057697	
1728	1.783893	-0.222698	1.054471	
1729	1.766737	-0.218215	1.049212	
1730	1.758545	-0.216687	1.047435	
1731	1.749629	-0.214766	1.045104	
1732	1.742132	-0.213192	1.043413	
1733	1.734796	-0.212160	1.042204	
1734	1.727588	-0.211048	1.040962	
1735	1.721250	-0.208750	1.039558	
1736	1.715059	-0.207625	1.038410	
1737	1.708642	-0.207901	1.036796	
1738	1.702597	-0.206468	1.034809	
1739	1.697198	-0.205815	1.033356	
1740	1.691851	-0.205364	1.032411	
1741	1.686306	-0.204257	1.031438	
1742	1.681764	-0.202967	1.030559	
1743	1.676643	-0.201583	1.029239	
1744	1.672288	-0.200122	1.028070	
1745	1.666967	-0.199302	1.026004	
1746	1.662063	-0.198437	1.023690	
1747	1.656233	-0.196667	1.020878	
1748	1.651450	-0.196626	1.018343	
1749	1.645853	-0.195467	1.015103	
1750	1.640200	-0.192633	1.011509	
1751	1.635595	-0.190994	1.008479	
1752	1.630117	-0.189049	1.004810	
1753	1.624069	-0.185777	1.000686	
1754	1.618052	-0.181992	0.996312	
1755	1.612097	-0.179782	0.991351	
1756	1.606129	-0.174671	0.986375	
1757	1.600441	-0.170921	0.981007	
1758	1.587847	-0.163527	0.969285	
1759	1.581425	-0.159909	0.963099	
1760	1.575716	-0.156330	0.957069	
1761	1.569359	-0.152203	0.950509	
1762	1.564007	-0.148734	0.944335	
1763	1.558044	-0.145498	0.938113	
1764	1.552398	-0.140354	0.931962	
1765	1.547576	-0.136504	0.926173	
1766	1.534798	-0.129061	0.914090	
1767	1.529521	-0.126182	0.908343	
1768	1.524240	-0.121251	0.903003	
1769	1.518549	-0.116844	0.897548	
1770	1.513582	-0.114178	0.892099	
1771	1.509466	-0.110480	0.887379	
1772	1.505574	-0.106894	0.882911	
1773	1.500774	-0.103813	0.878410	
1774	1.496044	-0.102000	0.873923	
1775	1.491601	-0.101288	0.870099	
1776	1.480861	-0.104579	0.860281	
1777	1.475152	-0.105819	0.855253	
1778	1.468776	-0.108275	0.850222	
1779	1.462148	-0.112078	0.844471	
1780	1.454284	-0.114701	0.838892	
1781	1.439374	-0.121768	0.827627	
1782	1.431592	-0.123375	0.822576	
1783	1.423882	-0.124962	0.818087	
1784	1.416570	-0.125227	0.814044	
1785	1.409075	-0.125719	0.810302	
1786	1.401536	-0.127017	0.806208	
1787	1.394872	-0.128208	0.802474	
1788	1.387542	-0.127939	0.798759	
1789	1.374299	-0.127812	0.792849	
1790	1.367656	-0.128664	0.789877	
1791	1.361009	-0.128743	0.787059	
1792	1.355250	-0.128483	0.784523	
1793	1.349008	-0.129510	0.781061	
1794	1.342083	-0.128459	0.778028	
1795	1.337538	-0.128747	0.775156	
1796	1.331676	-0.129022	0.772248	
1797	1.325154	-0.128010	0.769553	
1798	1.319282	-0.127031	0.766714	
1799	1.314059	-0.126695	0.764011	
1800	1.309062	-0.124448	0.761682	
1801	1.304199	-0.123085	0.758107	
1802	1.299516	-0.121653	0.754822	
1803	1.293243	-0.120639	0.751271	
1804	1.290111	-0.119912	0.748219	
1805	1.285726	-0.117042	0.746225	
1806	1.281986	-0.115152	0.744518	
1807	1.277859	-0.114482	0.741646	
1808	1.273382	-0.111728	0.739186	
1809	1.269883	-0.108980	0.736890	
1810	1.265378	-0.107483	0.733273	
1811	1.261076	-0.103879	0.729859	
1812	1.258381	-0.099445	0.726895	
1813	1.254088	-0.096406	0.721752	
1814	1.249081	-0.092946	0.716327	
1815	1.245378	-0.087083	0.711782	
1816	1.242614	-0.084363	0.705654	
1817	1.238708	-0.080822	0.699429	
1818	1.235689	-0.075788	0.694453	
1819	1.233495	-0.073696	0.688226	
1820	1.231017	-0.069999	0.682588	
1821	1.225981	-0.065218	0.677906	
1822	1.224073	-0.063163	0.672302	
1823	1.219804	-0.058725	0.667598	
1824	1.216268	-0.056767	0.662398	
1825	1.213031	-0.056079	0.656579	
1826	1.208221	-0.053661	0.651817	
1827	1.205362	-0.051625	0.647029	
1828	1.200568	-0.050408	0.641800	
1829	1.195402	-0.047577	0.638190	
1830	1.190396	-0.047721	0.633367	
1831	1.185359	-0.047331	0.628588	
1832	1.178358	-0.046530	0.624490	
1833	1.170947	-0.044971	0.620636	
1834	1.164388	-0.045432	0.615670	
1835	1.155980	-0.044989	0.611246	
1836	1.147650	-0.044276	0.607288	
1837	1.141520	-0.045243	0.602832	
1838	1.132576	-0.046368	0.598661	
1839	1.123247	-0.048183	0.594998	
1840	1.115782	-0.051400	0.591605	
1841	1.106527	-0.056651	0.587878	
1842	1.095685	-0.060195	0.585276	
1843	1.087163	-0.063934	0.583867	
1844	1.076540	-0.066039	0.583472	
1845	1.064626	-0.068649	0.583610	
1846	1.054480	-0.073102	0.583179	
1847	1.043835	-0.076824	0.583338	
1848	1.033074	-0.079010	0.584328	
1849	1.023794	-0.082189	0.585178	
1850	1.013232	-0.085414	0.586271	
1851	1.002061	-0.088655	0.587882	
1852	0.992487	-0.092073	0.589069	
1853	0.982451	-0.094801	0.590400	
1854	0.973029	-0.098825	0.591218	
1855	0.964657	-0.103663	0.591577	
1856	0.955655	-0.105914	0.593527	
1857	0.947068	-0.108231	0.595407	
1858	0.939603	-0.110337	0.597160	
1859	0.930829	-0.113792	0.598742	
1860	0.922393	-0.116168	0.600647	
1861	0.916049	-0.118556	0.602627	
1862	0.907582	-0.118834	0.605963	
1863	0.901225	-0.121405	0.608060	
1864	0.894175	-0.123020	0.610467	
1865	0.886528	-0.124285	0.613452	
1866	0.879633	-0.126359	0.616307	
1867	0.872470	-0.128450	0.618908	
1868	0.865244	-0.127590	0.622691	
1869	0.860234	-0.128557	0.626282	
1870	0.855087	-0.133285	0.627814	
1871	0.847922	-0.134464	0.630347	
1872	0.839488	-0.134953	0.634323	
1873	0.834763	-0.140155	0.635574	
1874	0.829235	-0.142124	0.637146	
1875	0.821358	-0.143529	0.640402	
1876	0.816949	-0.147390	0.642119	
1877	0.812160	-0.148837	0.644256	
1878	0.804945	-0.149766	0.647539	
1879	0.800471	-0.151657	0.649800	
1880	0.795761	-0.153842	0.652062	
1881	0.790019	-0.154747	0.655227	
1882	0.784800	-0.155634	0.658609	
1883	0.781215	-0.157051	0.661744	
1884	0.772770	-0.157939	0.668893	
1885	0.767846	-0.158698	0.672192	
1886	0.762487	-0.157778	0.676675	
1887	0.757902	-0.158363	0.680522	
1888	0.753976	-0.159194	0.683891	
1889	0.749308	-0.158363	0.688398	
1890	0.747152	-0.157312	0.693358	
1891	0.743968	-0.158222	0.698029	
1892	0.740197	-0.157854	0.703716	
1893	0.737321	-0.157002	0.710171	
1894	0.733746	-0.156984	0.717366	
1895	0.730594	-0.155765	0.725518	
1896	0.729562	-0.156136	0.733641	
1897	0.726350	-0.156954	0.741772	
1898	0.723897	-0.155615	0.750562	
1899	0.721679	-0.155094	0.759005	
1900	0.719382	-0.156493	0.766590	
1901	0.716472	-0.156857	0.774080	
1902	0.713379	-0.157391	0.781563	
1903	0.710129	-0.158865	0.788946	
1904	0.707055	-0.160968	0.796299	
1905	0.703818	-0.161955	0.804586	
1906	0.700603	-0.164743	0.812418	
1907	0.697352	-0.168892	0.819543	
1908	0.693832	-0.170863	0.828001	
1909	0.691299	-0.174913	0.835676	
1910	0.688815	-0.179701	0.842504	
1911	0.686205	-0.180645	0.851591	
1912	0.683321	-0.184712	0.859195	
1913	0.679992	-0.188415	0.865479	
1914	0.678330	-0.190012	0.874153	
1915	0.677671	-0.193496	0.881530	
1916	0.676219	-0.196730	0.888095	
1917	0.674908	-0.198235	0.895522	
1918	0.674759	-0.200812	0.902599	
1919	0.674199	-0.203910	0.908249	
1920	0.673944	-0.205731	0.914735	
1921	0.674091	-0.208146	0.920758	
1922	0.675086	-0.211133	0.926200	
1923	0.676605	-0.213393	0.932303	
1924	0.677879	-0.216455	0.937963	
1925	0.678941	-0.219636	0.942840	
1926	0.679598	-0.222105	0.947764	
1927	0.680583	-0.223974	0.953207	
1928	0.682312	-0.226231	0.958671	
1929	0.682919	-0.229193	0.963545	
1930	0.684046	-0.230022	0.970051	
1931	0.684281	-0.232894	0.975404	
1932	0.685251	-0.234209	0.980796	
1933	0.687510	-0.235537	0.987218	
1934	0.688663	-0.238130	0.991868	
1935	0.689539	-0.238793	0.996469	
1936	0.690746	-0.238928	1.002145	
1937	0.691382	-0.240015	1.006571	
1938	0.693202	-0.239508	1.017179	
1939	0.693636	-0.239567	1.021426	
1940	0.694312	-0.238835	1.025695	
1941	0.694968	-0.235802	1.036330	
1942	0.694840	-0.233692	1.041075	
1943	0.695034	-0.231114	1.046957	
1944	0.696150	-0.229084	1.052416	
1945	0.695989	-0.226479	1.058206	
1946	0.696154	-0.223675	1.064206	
1947	0.696182	-0.221509	1.069957	
1948	0.693676	-0.213268	1.088232	
1949	0.693761	-0.210975	1.095100	
1950	0.693757	-0.209475	1.102002	
1951	0.693089	-0.207587	1.116292	
1952	0.692200	-0.206791	1.123435	
1953	0.691281	-0.205996	1.130499	
1954	0.690300	-0.205815	1.136980	
1955	0.689078	-0.206381	1.143177	
1956	0.689973	-0.205880	1.149782	
1957	0.688865	-0.207140	1.160676	
1958	0.689154	-0.207187	1.166327	
1959	0.689246	-0.207675	1.171431	
1960	0.689697	-0.207406	1.177066	
1961	0.690575	-0.207188	1.182795	
1962	0.690341	-0.207641	1.187812	
1963	0.690516	-0.208013	1.192726	
1964	0.691832	-0.207659	1.197968	
1965	0.692634	-0.207632	1.202915	
1966	0.692616	-0.208347	1.207221	
1967	0.693195	-0.208282	1.211784	
1968	0.692996	-0.207906	1.215743	
1969	0.692781	-0.207781	1.219320	
1970	0.693148	-0.206349	1.223647	
1971	0.694137	-0.204594	1.227395	
1972	0.694198	-0.203674	1.230385	
1973	0.694249	-0.202012	1.233557	
1974	0.695711	-0.201097	1.236620	
1975	0.695658	-0.200006	1.238822	
1976	0.694487	-0.198746	1.240917	
1977	0.694272	-0.198286	1.242527	
1978	0.694523	-0.197340	1.244762	
1979	0.694193	-0.196781	1.246302	
1980	0.692991	-0.195922	1.247697	
1981	0.691858	-0.194651	1.249485	
1982	0.690818	-0.193958	1.251132	
1983	0.686464	-0.193088	1.253651	
1984	0.684624	-0.191110	1.255679	
1985	0.682348	-0.188540	1.257347	
1986	0.679263	-0.185623	1.258952	
1987	0.676281	-0.183310	1.260048	
1988	0.672845	-0.180245	1.261207	
1989	0.669658	-0.177848	1.262362	
1990	0.666093	-0.176584	1.262963	
1991	0.662403	-0.174490	1.263788	
1992	0.659835	-0.173171	1.264935	
1993	0.656261	-0.172441	1.265542	
1994	0.652115	-0.170781	1.266416	
1995	0.648399	-0.169570	1.267244	
1996	0.644049	-0.168163	1.268011	
1997	0.639405	-0.166966	1.268873	
1998	0.634989	-0.165978	1.269900	
1999	0.630007	-0.165279	1.270308	
2000	0.625321	-0.164374	1.271060	
2001	0.620338	-0.164709	1.270973	
2002	0.615309	-0.164314	1.270923	
2003	0.610846	-0.163836	1.271362	
2004	0.606714	-0.164482	1.271375	
2005	0.602119	-0.164723	1.271438	
2006	0.597595	-0.164710	1.271620	
2007	0.593695	-0.165234	1.271555	
2008	0.589313	-0.165465	1.271291	
2009	0.584656	-0.165244	1.270756	
2010	0.580446	-0.164504	1.270231	
2011	0.575828	-0.163060	1.269868	
2012	0.571384	-0.161785	1.269622	
2013	0.566662	-0.161892	1.268329	
2014	0.562146	-0.160175	1.267532	
2015	0.557836	-0.158739	1.266957	
2016	0.553868	-0.157524	1.265913	
2017	0.550239	-0.154775	1.265708	
2018	0.545930	-0.155317	1.263985	
2019	0.542667	-0.153408	1.263148	
2020	0.539224	-0.153800	1.262580	
2021	0.536184	-0.152750	1.261558	
2022	0.533145	-0.152042	1.260735	
2023	0.527356	-0.151643	1.258697	
2024	0.524735	-0.152145	1.257924	
2025	0.522365	-0.151879	1.257597	
2026	0.519451	-0.152203	1.256292	
2027	0.517168	-0.150339	1.256334	
2028	0.514304	-0.150403	1.255210	
2029	0.511297	-0.148881	1.253828	
2030	0.508447	-0.148576	1.253038	
2031	0.504662	-0.147905	1.251271	
2032	0.500973	-0.146756	1.249749	
2033	0.497278	-0.146328	1.248211	
2034	0.493426	-0.145532	1.246607	
2035	0.489720	-0.144850	1.245064	
2036	0.485591	-0.143818	1.242967	
2037	0.481671	-0.143299	1.241174	
2038	0.476808	-0.142607	1.238232	
2039	0.472230	-0.142315	1.235926	
2040	0.467975	-0.141584	1.233434	
2041	0.464396	-0.141039	1.231263	
2042	0.461112	-0.140565	1.229369	
2043	0.457789	-0.139501	1.227332	
2044	0.450834	-0.137614	1.221341	
2045	0.446011	-0.134919	1.216957	
2046	0.443377	-0.133876	1.214294	
2047	0.440545	-0.132304	1.211551	
2048	0.437043	-0.131211	1.207806	
2049	0.433594	-0.128314	1.204374	
2050	0.430186	-0.127505	1.200946	
2051	0.427058	-0.125998	1.197968	
2052	0.424359	-0.124049	1.195774	
2053	0.420790	-0.123094	1.192132	
2054	0.418204	-0.120969	1.189913	
2055	0.414980	-0.119454	1.186912	
2056	0.411246	-0.117948	1.183523	
2057	0.405400	-0.114262	1.178134	
2058	0.402391	-0.113125	1.175229	
2059	0.399726	-0.111145	1.172911	
2060	0.396465	-0.109477	1.169777	
2061	0.393381	-0.107121	1.167014	
2062	0.387959	-0.102960	1.162138	
2063	0.385106	-0.100401	1.159363	
2064	0.380687	-0.094760	1.154970	
2065	0.378556	-0.092628	1.152915	
2066	0.376568	-0.090796	1.150552	
2067	0.374880	-0.088363	1.148920	
2068	0.372696	-0.087559	1.146230	
2069	0.370533	-0.086161	1.143615	
2070	0.366900	-0.084969	1.139518	
2071	0.364671	-0.084566	1.136886	
2072	0.362906	-0.083525	1.134485	
2073	0.360566	-0.084074	1.131242	
2074	0.358501	-0.084104	1.128066	
2075	0.357428	-0.082908	1.125521	
2076	0.355468	-0.083235	1.121636	
2077	0.354129	-0.081569	1.118057	
2078	0.353494	-0.080752	1.114740	
2079	0.352301	-0.080998	1.110680	
2080	0.351790	-0.079910	1.106767	
2081	0.351028	-0.078067	1.102880	
2082	0.350102	-0.077417	1.098341	
2083	0.350005	-0.075946	1.093969	
2084	0.349734	-0.074420	1.088995	
2085	0.349239	-0.072847	1.083622	
2086	0.349603	-0.071098	1.078749	
2087	0.349843	-0.071257	1.073564	
2088	0.350338	-0.070172	1.067699	
2089	0.350961	-0.068748	1.061766	
2090	0.352131	-0.068485	1.055982	
2091	0.353171	-0.066706	1.050410	
2092	0.354337	-0.063365	1.046060	
2093	0.355914	-0.062804	1.039409	
2094	0.356167	-0.059611	1.034221	
2095	0.357502	-0.057494	1.028380	
2096	0.357849	-0.056609	1.020788	
2097	0.358150	-0.052896	1.014754	
2098	0.359235	-0.051498	1.007164	
2099	0.358897	-0.049574	0.999329	
2100	0.359377	-0.047029	0.992044	
2101	0.359344	-0.046672	0.983770	
2102	0.358776	-0.044991	0.976060	
2103	0.358402	-0.042681	0.969208	
2104	0.357932	-0.041874	0.962432	
2105	0.356525	-0.041886	0.955500	
2106	0.355077	-0.040839	0.949040	
2107	0.353403	-0.041336	0.942903	
2108	0.350892	-0.042381	0.936858	
2109	0.348731	-0.042306	0.932204	
2110	0.345716	-0.043246	0.926625	
2111	0.342833	-0.042641	0.921563	
2112	0.340159	-0.041999	0.916903	
2113	0.336385	-0.042975	0.911440	
2114	0.333249	-0.041834	0.906990	
2115	0.329852	-0.040304	0.902716	
2116	0.327517	-0.040834	0.898866	
2117	0.324142	-0.039454	0.894554	
2118	0.321170	-0.037429	0.890568	
2119	0.317519	-0.037368	0.885426	
2120	0.314499	-0.036067	0.880758	
2121	0.312408	-0.034011	0.876816	
2122	0.308077	-0.036520	0.864793	
2123	0.306627	-0.034192	0.859755	
2124	0.303122	-0.037016	0.845419	
2125	0.301869	-0.034709	0.839569	
2126	0.300940	-0.037151	0.831465	
2127	0.300506	-0.036860	0.824494	
2128	0.299829	-0.034145	0.818522	
2129	0.300038	-0.035651	0.810453	
2130	0.299068	-0.037508	0.801780	
2131	0.297474	-0.035920	0.794757	
2132	0.298445	-0.035810	0.787156	
2133	0.298971	-0.035914	0.772836	
2134	0.300128	-0.037561	0.757994	
2135	0.299707	-0.036288	0.751987	
2136	0.300498	-0.035576	0.746039	
2137	0.300330	-0.037244	0.739374	
2138	0.300951	-0.036664	0.734076	
2139	0.301755	-0.035055	0.728566	
2140	0.301916	-0.035492	0.722332	
2141	0.302533	-0.035475	0.716066	
2142	0.304400	-0.034258	0.710116	
2143	0.305637	-0.031956	0.704739	
2144	0.307747	-0.032079	0.698656	
2145	0.308766	-0.031052	0.692663	
2146	0.310671	-0.028142	0.686961	
2147	0.312463	-0.028238	0.680685	
2148	0.315387	-0.027297	0.674416	
2149	0.322074	-0.020580	0.664261	
2150	0.325891	-0.021852	0.657500	
2151	0.327912	-0.018894	0.651380	
2152	0.334846	-0.015888	0.636961	
2153	0.337033	-0.014364	0.628894	
2154	0.338889	-0.011117	0.621906	
2155	0.341187	-0.008807	0.613709	
2156	0.342956	-0.008553	0.604565	
2157	0.344417	-0.006197	0.596064	
2158	0.345376	-0.003178	0.587115	
2159	0.347221	-0.002696	0.575665	
2160	0.349031	-0.000944	0.565481	
2161	0.354784	0.003434	0.544443	
2162	0.355925	0.005254	0.534119	
2163	0.356440	0.008683	0.524186	
2164	0.357023	0.011792	0.512809	
2165	0.357890	0.012804	0.500009	
2166	0.357904	0.014889	0.489611	
2167	0.358614	0.019303	0.479594	
2168	0.358835	0.019550	0.467167	
2169	0.358212	0.021106	0.454584	
2170	0.358124	0.021924	0.444596	
2171	0.356552	0.024209	0.434171	
2172	0.357038	0.025269	0.423443	
2173	0.357563	0.027638	0.414652	
2174	0.356960	0.030945	0.406509	
2175	0.356181	0.031924	0.397340	
2176	0.355415	0.032883	0.388717	
2177	0.355337	0.035694	0.382240	
2178	0.354954	0.037822	0.375228	
2179	0.355314	0.036833	0.367180	
2180	0.352395	0.041070	0.355252	
2181	0.350117	0.041941	0.348968	
2182	0.345724	0.042965	0.343082	
2183	0.335927	0.044250	0.337203	
2184	0.333464	0.045904	0.331216	
2185	0.329742	0.046752	0.324798	
2186	0.324178	0.049499	0.320215	
2187	0.318422	0.050905	0.314894	
2188	0.311528	0.051861	0.308604	
2189	0.304298	0.054348	0.303362	
2190	0.294915	0.056144	0.298224	
2191	0.286683	0.056975	0.291471	
2192	0.278420	0.057650	0.283878	
2193	0.268945	0.060554	0.278280	
2194	0.259615	0.062506	0.272425	
2195	0.250478	0.063287	0.265609	
2196	0.240866	0.063894	0.258619	
2197	0.232190	0.065727	0.252675	
2198	0.224350	0.066884	0.246166	
2199	0.216047	0.066692	0.239060	
2200	0.208155	0.067271	0.233145	
2201	0.201634	0.068551	0.227196	
2202	0.194879	0.069889	0.220897	
2203	0.185975	0.069203	0.214698	
2204	0.178230	0.069739	0.209734	
2205	0.170959	0.071078	0.204674	
2206	0.162787	0.072016	0.199231	
2207	0.155780	0.072486	0.193635	
2208	0.148500	0.072111	0.187700	
2209	0.141918	0.073055	0.181964	
2210	0.134977	0.073035	0.175796	
2211	0.127687	0.072349	0.169992	
2212	0.120681	0.072642	0.164822	
2213	0.113078	0.071918	0.159154	
2214	0.094559	0.074302	0.149170	
2215	0.087273	0.073807	0.142907	
2216	0.078778	0.074872	0.136917	
2217	0.071104	0.075856	0.130966	
2218	0.063107	0.075677	0.123673	
2219	0.053798	0.074801	0.116913	
2220	0.046633	0.076962	0.110504	
2221	0.039086	0.076704	0.102659	
2222	0.029700	0.077648	0.095070	
2223	0.021017	0.081192	0.088929	
2224	0.013119	0.083982	0.081336	
2225	0.002635	0.085652	0.073404	
2226	-0.005155	0.087979	0.067057	
2227	-0.013532	0.092704	0.060785	
2228	-0.023495	0.095097	0.053716	
2229	-0.032318	0.097725	0.047688	
2230	-0.039348	0.103061	0.042368	
2231	-0.047988	0.105869	0.035855	
2232	-0.057166	0.109708	0.030215	
2233	-0.065342	0.114741	0.025078	
2234	-0.073093	0.120032	0.019640	
2235	-0.090417	0.130361	0.009811	
2236	-0.095853	0.138058	0.006164	
2237	-0.104950	0.140942	-0.000077	
2238	-0.113052	0.144049	-0.004280	
2239	-0.118648	0.148020	-0.007508	
2240	-0.124801	0.149965	-0.011016	
2241	-0.131390	0.150851	-0.014804	
2242	-0.137084	0.152566	-0.017941	
2243	-0.143088	0.152469	-0.021700	
2244	-0.149728	0.152417	-0.024667	
2245	-0.155228	0.152992	-0.027432	
2246	-0.164970	0.152792	-0.030866	
2247	-0.173567	0.152394	-0.033791	
2248	-0.178758	0.154501	-0.035431	
2249	-0.184995	0.155890	-0.038091	
2250	-0.193688	0.156636	-0.040848	
2251	-0.200904	0.158870	-0.042424	
2252	-0.208998	0.160104	-0.044413	
2253	-0.217194	0.160072	-0.046201	
2254	-0.224199	0.159924	-0.047765	
2255	-0.231068	0.159584	-0.049183	
2256	-0.250670	0.157389	-0.051652	
2257	-0.265474	0.155905	-0.054522	
2258	-0.272704	0.156097	-0.055679	
2259	-0.280045	0.156505	-0.056769	
2260	-0.286928	0.156529	-0.057528	
2261	-0.293544	0.157826	-0.057698	
2262	-0.300244	0.160226	-0.057559	
2263	-0.307727	0.161810	-0.057511	
2264	-0.316448	0.162543	-0.058139	
2265	-0.323718	0.164842	-0.058050	
2266	-0.329777	0.167591	-0.058481	
2267	-0.337005	0.168206	-0.060123	
2268	-0.344661	0.167658	-0.062128	
2269	-0.352457	0.168740	-0.063905	
2270	-0.359042	0.167962	-0.066651	
2271	-0.366581	0.166296	-0.069246	
2272	-0.373156	0.164901	-0.071782	
2273	-0.379805	0.163765	-0.074531	
2274	-0.386400	0.160360	-0.077759	
2275	-0.394683	0.158717	-0.080724	
2276	-0.402421	0.157475	-0.083256	
2277	-0.408358	0.156006	-0.086111	
2278	-0.417472	0.155100	-0.088113	
2279	-0.424236	0.154429	-0.090095	
2280	-0.429377	0.155238	-0.091460	
2281	-0.437675	0.154462	-0.093382	
2282	-0.445131	0.156516	-0.094135	
2283	-0.451624	0.156715	-0.095867	
2284	-0.459640	0.154565	-0.097823	
2285	-0.465220	0.152716	-0.099354	
2286	-0.468920	0.152263	-0.101436	
2287	-0.475470	0.152398	-0.103966	
2288	-0.482012	0.151556	-0.106919	
2289	-0.487818	0.149796	-0.110929	
2290	-0.493545	0.149695	-0.114946	
2291	-0.499543	0.149793	-0.119597	
2292	-0.507169	0.150187	-0.123939	
2293	-0.512782	0.151030	-0.129020	
2294	-0.518174	0.152062	-0.134266	
2295	-0.525547	0.156143	-0.139386	
2296	-0.532649	0.160511	-0.144435	
2297	-0.538509	0.163710	-0.150061	
2298	-0.546569	0.167342	-0.155488	
2299	-0.553935	0.170957	-0.160694	
2300	-0.559544	0.175282	-0.165475	
2301	-0.565170	0.180916	-0.170156	
2302	-0.572696	0.183770	-0.174891	
2303	-0.579136	0.187109	-0.179540	
2304	-0.585489	0.192908	-0.183487	
2305	-0.590565	0.197918	-0.187628	
2306	-0.598362	0.202049	-0.191151	
2307	-0.602994	0.206512	-0.195276	
2308	-0.609219	0.212098	-0.199087	
2309	-0.616116	0.214824	-0.203372	
2310	-0.620711	0.218323	-0.207360	
2311	-0.627732	0.221885	-0.211006	
2312	-0.631363	0.225504	-0.214172	
2313	-0.638350	0.227516	-0.216974	
2314	-0.643297	0.228741	-0.219866	
2315	-0.648769	0.230197	-0.222351	
2316	-0.654015	0.232395	-0.224056	
2317	-0.659106	0.234309	-0.225939	
2318	-0.667819	0.236907	-0.227529	
2319	-0.673193	0.237786	-0.229476	
2320	-0.678165	0.237854	-0.231888	
2321	-0.684687	0.238469	-0.234332	
2322	-0.690031	0.238944	-0.236564	
2323	-0.695257	0.238448	-0.239617	
2324	-0.701284	0.238238	-0.242670	
2325	-0.708153	0.237352	-0.245362	
2326	-0.714190	0.236969	-0.248513	
2327	-0.720200	0.236804	-0.251823	
2328	-0.727005	0.234195	-0.254705	
2329	-0.734337	0.231285	-0.257772	
2330	-0.755598	0.228916	-0.258113	
2331	-0.763352	0.227984	-0.260677	
2332	-0.769346	0.225788	-0.263352	
2333	-0.778494	0.225189	-0.265801	
2334	-0.786408	0.224821	-0.267961	
2335	-0.793978	0.222214	-0.270401	
2336	-0.804394	0.223098	-0.272161	
2337	-0.810217	0.222832	-0.274983	
2338	-0.817057	0.222271	-0.277953	
2339	-0.829149	0.224501	-0.280451	
2340	-0.843014	0.227871	-0.282676	
2341	-0.847780	0.227489	-0.286669	
2342	-0.855428	0.228423	-0.289977	
2343	-0.866775	0.230383	-0.292509	
2344	-0.872670	0.228938	-0.296170	
2345	-0.881294	0.228543	-0.299028	
2346	-0.885068	0.228911	-0.302377	
2347	-0.891421	0.226918	-0.306427	
2348	-0.901217	0.226840	-0.308972	
2349	-0.908667	0.227339	-0.311926	
2350	-0.915137	0.226478	-0.315381	
2351	-0.922597	0.226873	-0.319066	
2352	-0.926393	0.224429	-0.323692	
2353	-0.932992	0.222238	-0.327811	
2354	-0.940113	0.220419	-0.331685	
2355	-0.945290	0.218719	-0.336151	
2356	-0.949311	0.219210	-0.340622	
2357	-0.958321	0.220057	-0.344236	
2358	-0.964671	0.222001	-0.347702	
2359	-0.970999	0.223111	-0.352026	
2360	-0.985156	0.225316	-0.360512	
2361	-0.997113	0.229213	-0.371066	
2362	-1.007699	0.235116	-0.375435	
2363	-1.014461	0.238461	-0.380930	
2364	-1.028024	0.245793	-0.390618	
2365	-1.045262	0.254540	-0.399623	
2366	-1.062372	0.260711	-0.408567	
2367	-1.071419	0.266028	-0.413184	
2368	-1.076060	0.269390	-0.417901	
2369	-1.084046	0.273359	-0.421108	
2370	-1.092738	0.279501	-0.423694	
2371	-1.101090	0.284666	-0.425700	
2372	-1.103835	0.286909	-0.428844	
2373	-1.107221	0.288315	-0.430298	
2374	-1.118344	0.293309	-0.428068	
2375	-1.125249	0.297154	-0.426028	
2376	-1.123666	0.297712	-0.425478	
2377	-1.127742	0.300223	-0.423344	
2378	-1.135995	0.301457	-0.419846	
2379	-1.144886	0.301008	-0.413976	
2380	-1.147946	0.303390	-0.410488	
2381	-1.154379	0.300948	-0.406863	
2382	-1.163094	0.298423	-0.401340	
2383	-1.165087	0.297852	-0.397372	
2384	-1.170884	0.297913	-0.391483	
2385	-1.179227	0.293810	-0.384526	
2386	-1.186780	0.291208	-0.377747	
2387	-1.193262	0.288876	-0.371217	
2388	-1.199441	0.281794	-0.364667	
2389	-1.207927	0.279587	-0.356567	
2390	-1.215562	0.277119	-0.349060	
2391	-1.220528	0.273346	-0.341471	
2392	-1.223065	0.267119	-0.335424	
2393	-1.232948	0.261905	-0.327062	
2394	-1.240716	0.258162	-0.319725	
2395	-1.246363	0.255792	-0.313249	
2396	-1.252300	0.250687	-0.306802	
2397	-1.256927	0.243991	-0.300796	
2398	-1.264054	0.237757	-0.294363	
2399	-1.276628	0.228078	-0.284832	
2400	-1.282971	0.222525	-0.278544	
2401	-1.285548	0.215922	-0.273207	
2402	-1.287287	0.209080	-0.268393	
2403	-1.292739	0.204233	-0.262896	
2404	-1.297691	0.198816	-0.257841	
2405	-1.299170	0.193032	-0.253618	
2406	-1.303811	0.190241	-0.248743	
2407	-1.307724	0.185413	-0.243998	
2408	-1.312760	0.181271	-0.238890	
2409	-1.317229	0.177378	-0.233603	
2410	-1.324493	0.171329	-0.223681	
2411	-1.327870	0.162890	-0.215363	
2412	-1.332615	0.160916	-0.210630	
2413	-1.334884	0.157858	-0.206129	
2414	-1.333048	0.153023	-0.203061	
2415	-1.337054	0.150103	-0.197829	
2416	-1.338798	0.146646	-0.193531	
2417	-1.338287	0.142636	-0.189526	
2418	-1.338832	0.139447	-0.185574	
2419	-1.343182	0.137443	-0.180250	
2420	-1.342802	0.133520	-0.176905	
2421	-1.345722	0.131005	-0.172012	
2422	-1.348485	0.128608	-0.167504	
2423	-1.349106	0.124675	-0.164009	
2424	-1.353233	0.123670	-0.159006	
2425	-1.354691	0.123240	-0.154302	
2426	-1.354872	0.121109	-0.150077	
2427	-1.359749	0.118553	-0.143888	
2428	-1.361902	0.116939	-0.138297	
2429	-1.364022	0.117191	-0.132679	
2430	-1.361207	0.115462	-0.128703	
2431	-1.363446	0.114408	-0.122941	
2432	-1.365692	0.115125	-0.117145	
2433	-1.367556	0.112801	-0.111650	
2434	-1.368469	0.111064	-0.105732	
2435	-1.366926	0.109974	-0.101005	
2436	-1.367125	0.109296	-0.094894	
2437	-1.365785	0.106878	-0.089035	
2438	-1.360495	0.104258	-0.083759	
2439	-1.358186	0.100516	-0.076887	
2440	-1.356060	0.095291	-0.069493	
2441	-1.351971	0.090495	-0.061839	
2442	-1.344736	0.087267	-0.054930	
2443	-1.339837	0.081926	-0.046884	
2444	-1.339943	0.076336	-0.036526	
2445	-1.332656	0.072407	-0.028025	
2446	-1.321937	0.065686	-0.021429	
2447	-1.320852	0.057786	-0.011741	
2448	-1.313969	0.052773	-0.003138	
2449	-1.299991	0.046161	0.002156	
2450	-1.298032	0.036407	0.010758	
2451	-1.296112	0.031028	0.020757	
2452	-1.281191	0.025522	0.026873	
2453	-1.272110	0.018168	0.033616	
2454	-1.270837	0.013301	0.042923	
2455	-1.263304	0.008301	0.049875	
2456	-1.253369	0.004769	0.055273	
2457	-1.251052	0.000546	0.062249	
2458	-1.247238	-0.001748	0.068603	
2459	-1.237782	-0.005466	0.072751	
2460	-1.229725	-0.009085	0.075969	
2461	-1.227073	-0.009973	0.081307	
2462	-1.224730	-0.009926	0.086298	
2463	-1.216087	-0.011032	0.089101	
2464	-1.208434	-0.011684	0.092914	
2465	-1.205088	-0.011203	0.098185	
2466	-1.202124	-0.011558	0.103411	
2467	-1.194985	-0.013721	0.108096	
2468	-1.189024	-0.011647	0.114213	
2469	-1.185487	-0.009771	0.119473	
2470	-1.180818	-0.010314	0.123868	
2471	-1.177179	-0.008452	0.129258	
2472	-1.175702	-0.005930	0.135645	
2473	-1.169730	-0.005124	0.139121	
2474	-1.166164	-0.005169	0.143524	
2475	-1.163273	-0.003064	0.148260	
2476	-1.157399	-0.003129	0.150996	
2477	-1.154800	-0.004517	0.154071	
2478	-1.150962	-0.004408	0.157176	
2479	-1.147038	-0.002487	0.160133	
2480	-1.145783	-0.002774	0.163172	
2481	-1.140994	-0.002892	0.166250	
2482	-1.136961	-0.001937	0.170017	
2483	-1.130671	-0.005807	0.172570	
2484	-1.130743	-0.004497	0.179275	
2485	-1.128788	-0.001958	0.185245	
2486	-1.120819	-0.004478	0.188590	
2487	-1.117752	-0.006536	0.193099	
2488	-1.120209	-0.003391	0.198796	
2489	-1.116246	-0.005042	0.202659	
2490	-1.111875	-0.004859	0.206706	
2491	-1.109587	-0.004364	0.210937	
2492	-1.108688	-0.005333	0.215784	
2493	-1.104562	0.000202	0.220588	
2494	-1.097715	-0.000925	0.222598	
2495	-1.098772	0.000378	0.226918	
2496	-1.099007	0.005064	0.231911	
2497	-1.093376	0.005136	0.233633	
2498	-1.093997	0.005361	0.236615	
2499	-1.096727	0.011186	0.241524	
2500	-1.092877	0.011402	0.242742	
2501	-1.093212	0.011197	0.244684	
2502	-1.094719	0.014007	0.247872	
2503	-1.092834	0.013834	0.249003	
2504	-1.094304	0.013642	0.250566	
2505	-1.096745	0.014942	0.252776	
2506	-1.095648	0.015097	0.253847	
2507	-1.095523	0.014699	0.254740	
2508	-1.097048	0.015943	0.256423	
2509	-1.096542	0.016205	0.257651	
2510	-1.094410	0.017047	0.258260	
2511	-1.095797	0.017840	0.259470	
2512	-1.097717	0.020739	0.261819	
2513	-1.096910	0.022180	0.263348	
2514	-1.097386	0.022743	0.264643	
2515	-1.101020	0.025565	0.267878	
2516	-1.098712	0.027351	0.269406	
2517	-1.096789	0.027680	0.270303	
2518	-1.101824	0.030584	0.273935	
2519	-1.100797	0.033121	0.276188	
2520	-1.098754	0.032908	0.277507	
2521	-1.101470	0.035192	0.280811	
2522	-1.100641	0.037108	0.283139	
2523	-1.098378	0.038472	0.285288	
2524	-1.096496	0.040150	0.287147	
2525	-1.098200	0.041823	0.290076	
2526	-1.094396	0.043071	0.291826	
2527	-1.091996	0.044538	0.293357	
2528	-1.093640	0.046659	0.295994	
2529	-1.092868	0.048325	0.298080	
2530	-1.088116	0.049420	0.298253	
2531	-1.087637	0.049910	0.298996	
2532	-1.089176	0.051845	0.300656	
2533	-1.086005	0.052651	0.300851	
2534	-1.084530	0.052315	0.300586	
2535	-1.086895	0.052926	0.302317	
2536	-1.084093	0.053484	0.302906	
2537	-1.083149	0.052660	0.303002	
2538	-1.083207	0.052360	0.303772	
2539	-1.082454	0.052062	0.304520	
2540	-1.080692	0.051867	0.304557	
2541	-1.079213	0.050820	0.305004	
2542	-1.076549	0.050065	0.304357	
2543	-1.076290	0.049480	0.304335	
2544	-1.075387	0.048837	0.304399	
2545	-1.073386	0.048161	0.304073	
2546	-1.074369	0.046923	0.304205	
2547	-1.073948	0.047477	0.304684	
2548	-1.071249	0.048527	0.304298	
2549	-1.071737	0.048536	0.304530	
2550	-1.071865	0.049684	0.305064	
2551	-1.069141	0.051673	0.305061	
2552	-1.068186	0.051673	0.304740	
2553	-1.067908	0.053736	0.305536	
2554	-1.064645	0.055515	0.305081	
2555	-1.063976	0.056264	0.304944	
2556	-1.063577	0.057848	0.305412	
2557	-1.060582	0.060212	0.304853	
2558	-1.059782	0.060497	0.304320	
2559	-1.060289	0.061977	0.304719	
2560	-1.056884	0.064069	0.304168	
2561	-1.056608	0.064616	0.303759	
2562	-1.057102	0.065960	0.304124	
2563	-1.052961	0.068567	0.303416	
2564	-1.052595	0.069723	0.303284	
2565	-1.051464	0.071788	0.303274	
2566	-1.047278	0.075526	0.302221	
2567	-1.047519	0.076790	0.302105	
2568	-1.044443	0.078838	0.300752	
2569	-1.043972	0.080198	0.299663	
2570	-1.042000	0.081098	0.298682	
2571	-1.042125	0.081389	0.297681	
2572	-1.041532	0.081891	0.296862	
2573	-1.039236	0.082480	0.295725	
2574	-1.038880	0.082997	0.294285	
2575	-1.036743	0.082619	0.292901	
2576	-1.037552	0.082775	0.292473	
2577	-1.035339	0.082720	0.291478	
2578	-1.033525	0.082897	0.289591	
2579	-1.032458	0.083445	0.288987	
2580	-1.029468	0.084147	0.287946	
2581	-1.029256	0.084762	0.287451	
2582	-1.029609	0.085287	0.287343	
2583	-1.027714	0.085914	0.286587	
