0	0.000000	0.000000	0.000000	
1	0.000000	0.000000	0.000000	
2	0.000000	0.000000	0.000000	
3	0.000000	0.000000	0.000000	
4	0.000950	0.001917	0.001837	
5	0.000657	0.002165	0.002067	
6	0.000391	0.003118	0.002011	
7	0.000819	0.002775	0.001814	
8	0.000453	0.005675	0.002375	
9	0.000866	0.004734	0.001761	
10	0.000961	0.006217	0.002197	
11	0.001055	0.004974	0.001842	
12	0.001071	0.004749	0.002136	
13	0.001301	0.004944	0.002209	
14	0.000699	0.003811	0.001731	
15	0.000745	0.003285	0.001626	
16	0.000893	0.002360	0.001254	
17	0.000813	0.000849	0.000558	
18	0.001491	0.001405	0.000808	
19	0.001193	0.000859	0.000178	
20	0.000971	0.001490	0.000363	
21	0.001452	0.001147	0.000234	
22	0.003134	0.001929	0.000278	
23	0.003413	0.002072	-0.000095	
24	0.003386	0.001314	-0.000721	
25	0.004193	0.001808	-0.001028	
26	0.004608	0.001627	-0.001694	
27	0.004673	0.000706	-0.002638	
28	0.006288	0.001451	-0.002890	
29	0.005960	0.001628	-0.003270	
30	0.005409	0.000813	-0.004175	
31	0.006770	0.001019	-0.004349	
32	0.007114	0.002370	-0.004168	
33	0.006637	0.003016	-0.004771	
34	0.007028	0.003596	-0.004930	
35	0.007515	0.003645	-0.005023	
36	0.007256	0.003893	-0.005249	
37	0.007983	0.004954	-0.004959	
38	0.008879	0.006497	-0.004896	
39	0.007958	0.006370	-0.005553	
40	0.008432	0.006971	-0.005311	
41	0.009079	0.007086	-0.005540	
42	0.009308	0.006063	-0.006330	
43	0.009523	0.004932	-0.006888	
44	0.010060	0.004703	-0.006985	
45	0.010326	0.005159	-0.007240	
46	0.010463	0.005221	-0.007657	
47	0.010905	0.005677	-0.007862	
48	0.011012	0.006383	-0.008204	
49	0.010653	0.005942	-0.008537	
50	0.011586	0.006142	-0.008689	
51	0.011826	0.005453	-0.009389	
52	0.011093	0.005191	-0.009623	
53	0.011674	0.006248	-0.009712	
54	0.011301	0.005894	-0.010064	
55	0.011463	0.005694	-0.010479	
56	0.011623	0.006028	-0.010463	
57	0.011398	0.006062	-0.010779	
58	0.011233	0.006185	-0.010908	
59	0.012147	0.007683	-0.010180	
60	0.011730	0.007936	-0.009977	
61	0.010608	0.008570	-0.009631	
62	0.011485	0.009722	-0.008924	
63	0.011673	0.010558	-0.008263	
64	0.010828	0.011946	-0.007571	
65	0.010377	0.012050	-0.007314	
66	0.010337	0.012039	-0.006981	
67	0.010171	0.013627	-0.006112	
68	0.009161	0.013858	-0.005982	
69	0.007260	0.014474	-0.006037	
70	0.005883	0.014618	-0.006194	
71	0.003489	0.013466	-0.007350	
72	0.000712	0.013290	-0.008720	
73	-0.002296	0.011115	-0.011613	
74	-0.007772	0.009521	-0.015322	
75	-0.014496	0.008621	-0.019012	
76	-0.019759	0.007963	-0.023306	
77	-0.032882	0.005203	-0.032981	
78	-0.041514	0.004282	-0.037836	
79	-0.050425	0.004518	-0.042048	
80	-0.059364	0.004007	-0.046748	
81	-0.068567	0.003878	-0.051077	
82	-0.079866	0.004603	-0.055638	
83	-0.090796	0.006628	-0.059469	
84	-0.101415	0.008229	-0.063009	
85	-0.112967	0.010581	-0.066221	
86	-0.125123	0.012582	-0.069144	
87	-0.138389	0.015499	-0.071582	
88	-0.151546	0.018661	-0.073815	
89	-0.163388	0.021043	-0.076086	
90	-0.176941	0.022923	-0.078700	
91	-0.189139	0.026690	-0.080180	
92	-0.200318	0.030204	-0.081858	
93	-0.212945	0.032693	-0.083751	
94	-0.224692	0.034609	-0.085055	
95	-0.235351	0.036300	-0.087008	
96	-0.245548	0.038444	-0.088588	
97	-0.255653	0.038701	-0.090314	
98	-0.265626	0.038321	-0.091914	
99	-0.275997	0.038097	-0.092632	
100	-0.284597	0.038053	-0.093220	
101	-0.295100	0.036567	-0.093706	
102	-0.305130	0.035798	-0.093601	
103	-0.314242	0.034655	-0.093380	
104	-0.322474	0.032756	-0.093542	
105	-0.331805	0.030447	-0.093772	
106	-0.341700	0.029329	-0.092984	
107	-0.349511	0.029090	-0.091877	
108	-0.368633	0.025219	-0.090399	
109	-0.377966	0.024665	-0.088650	
110	-0.387044	0.023761	-0.086908	
111	-0.396814	0.022423	-0.084516	
112	-0.408417	0.021249	-0.081864	
113	-0.419380	0.020516	-0.079076	
114	-0.429649	0.018159	-0.076438	
115	-0.440310	0.014572	-0.073316	
116	-0.452513	0.010347	-0.070201	
117	-0.462778	0.007292	-0.066003	
118	-0.470162	0.005431	-0.060215	
119	-0.493946	-0.000884	-0.048223	
120	-0.502018	-0.001338	-0.040515	
121	-0.506932	-0.005515	-0.033466	
122	-0.516432	-0.009160	-0.026488	
123	-0.524040	-0.010164	-0.019511	
124	-0.531965	-0.014742	-0.014043	
125	-0.539444	-0.018547	-0.008030	
126	-0.546801	-0.020818	-0.002224	
127	-0.554988	-0.025662	0.002092	
128	-0.562025	-0.029824	0.006841	
129	-0.568086	-0.033560	0.011607	
130	-0.576559	-0.037710	0.015918	
131	-0.582807	-0.040561	0.021119	
132	-0.588696	-0.044495	0.026434	
133	-0.594774	-0.048467	0.031480	
134	-0.609807	-0.053476	0.042594	
135	-0.617381	-0.056123	0.048458	
136	-0.625368	-0.057946	0.054001	
137	-0.633399	-0.060794	0.059418	
138	-0.647688	-0.065444	0.070499	
139	-0.656603	-0.066273	0.076285	
140	-0.674326	-0.070232	0.087540	
141	-0.682731	-0.072324	0.093157	
142	-0.691891	-0.072458	0.099315	
143	-0.700979	-0.074127	0.105055	
144	-0.710135	-0.076473	0.110753	
145	-0.717914	-0.079348	0.115834	
146	-0.727515	-0.083462	0.120689	
147	-0.737371	-0.084355	0.126341	
148	-0.745442	-0.087983	0.131308	
149	-0.754283	-0.090402	0.136367	
150	-0.763516	-0.091991	0.142159	
151	-0.778110	-0.098471	0.153136	
152	-0.786071	-0.100453	0.158527	
153	-0.792472	-0.104003	0.163524	
154	-0.797165	-0.108305	0.168458	
155	-0.803506	-0.109609	0.173725	
156	-0.810034	-0.110806	0.179395	
157	-0.814506	-0.113630	0.184950	
158	-0.819420	-0.117281	0.190516	
159	-0.826328	-0.119784	0.196513	
160	-0.831151	-0.121677	0.202420	
161	-0.835499	-0.125093	0.207734	
162	-0.841307	-0.126286	0.212980	
163	-0.848065	-0.127751	0.218263	
164	-0.852685	-0.129860	0.223335	
165	-0.857213	-0.133224	0.227616	
166	-0.863870	-0.134511	0.232611	
167	-0.868890	-0.137036	0.237670	
168	-0.872354	-0.140053	0.242062	
169	-0.878463	-0.142146	0.247402	
170	-0.885152	-0.143666	0.253066	
171	-0.889327	-0.149303	0.258093	
172	-0.894413	-0.154025	0.263103	
173	-0.901245	-0.157694	0.268593	
174	-0.911373	-0.164087	0.280271	
175	-0.917430	-0.168511	0.286360	
176	-0.923335	-0.170651	0.292966	
177	-0.927716	-0.174540	0.299716	
178	-0.932514	-0.178090	0.306461	
179	-0.937790	-0.182032	0.313309	
180	-0.942705	-0.185862	0.319824	
181	-0.947614	-0.188801	0.326189	
182	-0.952069	-0.192225	0.332041	
183	-0.958271	-0.197121	0.338239	
184	-0.962584	-0.198651	0.344367	
185	-0.965100	-0.202625	0.349237	
186	-0.971236	-0.204241	0.354954	
187	-0.978184	-0.206564	0.360735	
188	-0.982999	-0.208527	0.366083	
189	-0.987307	-0.210565	0.371215	
190	-0.995373	-0.210978	0.377253	
191	-1.002578	-0.212071	0.383486	
192	-1.007546	-0.212514	0.389813	
193	-1.013032	-0.214084	0.395758	
194	-1.022206	-0.214635	0.402411	
195	-1.032118	-0.214134	0.409468	
196	-1.040699	-0.215675	0.415436	
197	-1.050752	-0.215984	0.420845	
198	-1.063326	-0.217106	0.426848	
199	-1.074266	-0.217597	0.431807	
200	-1.083333	-0.217587	0.436154	
201	-1.095077	-0.218712	0.440817	
202	-1.107334	-0.218778	0.445974	
203	-1.116033	-0.218019	0.450005	
204	-1.127364	-0.220416	0.454406	
205	-1.147573	-0.223320	0.462909	
206	-1.155187	-0.224234	0.466272	
207	-1.165428	-0.227315	0.470963	
208	-1.174788	-0.230097	0.475220	
209	-1.180501	-0.230814	0.479028	
210	-1.188802	-0.234397	0.483069	
211	-1.198323	-0.237133	0.488142	
212	-1.203634	-0.238620	0.492602	
213	-1.209488	-0.241242	0.496734	
214	-1.218317	-0.245350	0.501983	
215	-1.223572	-0.246473	0.507269	
216	-1.227891	-0.249509	0.511836	
217	-1.235715	-0.253085	0.517716	
218	-1.240142	-0.255510	0.523507	
219	-1.244429	-0.257814	0.529217	
220	-1.250001	-0.261418	0.535243	
221	-1.255244	-0.263791	0.541496	
222	-1.259362	-0.266964	0.547312	
223	-1.264066	-0.271458	0.553337	
224	-1.268651	-0.275393	0.559480	
225	-1.272380	-0.279098	0.565703	
226	-1.276421	-0.283340	0.572214	
227	-1.278754	-0.287481	0.578342	
228	-1.281475	-0.292944	0.584475	
229	-1.285433	-0.299190	0.590679	
230	-1.288686	-0.303733	0.596609	
231	-1.292091	-0.308038	0.602255	
232	-1.295979	-0.312805	0.608328	
233	-1.298433	-0.317914	0.613866	
234	-1.302084	-0.322990	0.619853	
235	-1.307943	-0.326674	0.627030	
236	-1.311519	-0.330827	0.632913	
237	-1.315127	-0.335032	0.638600	
238	-1.319262	-0.338900	0.644628	
239	-1.323407	-0.342106	0.650812	
240	-1.327673	-0.345482	0.656939	
241	-1.333086	-0.349791	0.663332	
242	-1.338327	-0.352333	0.669288	
243	-1.342981	-0.355635	0.674370	
244	-1.349459	-0.360056	0.680238	
245	-1.355105	-0.362944	0.685728	
246	-1.359129	-0.367554	0.689975	
247	-1.364782	-0.372734	0.694307	
248	-1.370505	-0.376539	0.698301	
249	-1.375669	-0.380566	0.701549	
250	-1.381164	-0.385078	0.704509	
251	-1.388881	-0.387982	0.707650	
252	-1.395580	-0.390531	0.710725	
253	-1.402563	-0.394658	0.712933	
254	-1.412241	-0.396518	0.716008	
255	-1.420765	-0.397744	0.717999	
256	-1.439585	-0.401224	0.721069	
257	-1.450736	-0.400401	0.722648	
258	-1.470252	-0.400706	0.723821	
259	-1.482205	-0.400849	0.725112	
260	-1.493237	-0.399992	0.726375	
261	-1.503640	-0.398717	0.727443	
262	-1.513753	-0.398423	0.728434	
263	-1.523697	-0.399083	0.729573	
264	-1.534566	-0.397854	0.731604	
265	-1.544366	-0.397366	0.732805	
266	-1.554956	-0.397667	0.734090	
267	-1.565073	-0.398506	0.736094	
268	-1.574170	-0.399179	0.737584	
269	-1.585258	-0.399031	0.739938	
270	-1.595421	-0.397754	0.742719	
271	-1.605005	-0.398178	0.745150	
272	-1.614962	-0.399115	0.747986	
273	-1.623257	-0.399409	0.750660	
274	-1.632145	-0.400459	0.753708	
275	-1.641789	-0.398170	0.758257	
276	-1.649915	-0.396369	0.763048	
277	-1.658614	-0.393992	0.768457	
278	-1.666770	-0.389734	0.774880	
279	-1.674114	-0.385488	0.781999	
280	-1.680711	-0.380747	0.789856	
281	-1.686899	-0.375161	0.797607	
282	-1.691182	-0.370980	0.805665	
283	-1.695001	-0.366923	0.813666	
284	-1.698630	-0.363153	0.821849	
285	-1.701054	-0.360065	0.829424	
286	-1.704040	-0.359112	0.837299	
287	-1.706846	-0.356429	0.846973	
288	-1.706211	-0.353396	0.854741	
289	-1.707503	-0.353394	0.862370	
290	-1.708657	-0.350617	0.871625	
291	-1.708264	-0.348473	0.880255	
292	-1.708554	-0.347275	0.889106	
293	-1.709164	-0.345702	0.897949	
294	-1.710163	-0.342741	0.907960	
295	-1.710922	-0.340832	0.916899	
296	-1.711704	-0.340866	0.925876	
297	-1.713167	-0.340548	0.935096	
298	-1.713904	-0.340913	0.943748	
299	-1.714953	-0.342540	0.950759	
300	-1.717113	-0.343820	0.958639	
301	-1.719392	-0.345125	0.966608	
302	-1.721391	-0.345479	0.974542	
303	-1.723590	-0.347813	0.981541	
304	-1.725981	-0.349806	0.989088	
305	-1.728216	-0.353940	0.995853	
306	-1.731793	-0.357123	1.002021	
307	-1.735550	-0.357882	1.009474	
308	-1.739778	-0.361782	1.015855	
309	-1.743272	-0.365333	1.021669	
310	-1.746909	-0.369047	1.027733	
311	-1.750669	-0.370520	1.033791	
312	-1.754341	-0.373606	1.039232	
313	-1.758177	-0.377002	1.044800	
314	-1.762033	-0.379195	1.050953	
315	-1.766277	-0.382692	1.056889	
316	-1.770990	-0.386396	1.062005	
317	-1.775921	-0.390793	1.067134	
318	-1.781343	-0.394969	1.072702	
319	-1.786686	-0.398946	1.077742	
320	-1.792690	-0.403479	1.083080	
321	-1.798151	-0.408505	1.087927	
322	-1.803459	-0.413294	1.092487	
323	-1.809351	-0.418801	1.096879	
324	-1.815156	-0.424100	1.101770	
325	-1.820427	-0.427582	1.105574	
326	-1.824999	-0.432730	1.108313	
327	-1.829474	-0.438239	1.111562	
328	-1.834201	-0.443253	1.114871	
329	-1.838934	-0.448136	1.118618	
330	-1.843486	-0.452624	1.123098	
331	-1.847872	-0.458984	1.127420	
332	-1.852096	-0.463631	1.131783	
333	-1.856213	-0.469604	1.137422	
334	-1.859698	-0.476818	1.142143	
335	-1.863925	-0.481972	1.148035	
336	-1.868045	-0.487751	1.154365	
337	-1.871496	-0.493992	1.158792	
338	-1.874619	-0.499260	1.164864	
339	-1.877175	-0.506684	1.170654	
340	-1.879224	-0.513137	1.175355	
341	-1.881985	-0.518542	1.181529	
342	-1.883815	-0.524792	1.189052	
343	-1.884949	-0.530881	1.193263	
344	-1.886883	-0.536139	1.199705	
345	-1.887913	-0.542866	1.206906	
346	-1.889018	-0.547972	1.212478	
347	-1.890561	-0.551085	1.220030	
348	-1.890481	-0.556904	1.226752	
349	-1.890182	-0.563398	1.230323	
350	-1.890311	-0.567989	1.236521	
351	-1.890941	-0.573439	1.244312	
352	-1.890476	-0.579309	1.249400	
353	-1.890297	-0.584472	1.255825	
354	-1.890085	-0.596173	1.268927	
355	-1.889335	-0.600746	1.275097	
356	-1.889029	-0.606470	1.282260	
357	-1.888775	-0.612021	1.289309	
358	-1.888586	-0.617180	1.296275	
359	-1.887329	-0.623686	1.303129	
360	-1.886544	-0.634748	1.318103	
361	-1.885631	-0.641586	1.325522	
362	-1.885476	-0.647951	1.333262	
363	-1.884865	-0.653875	1.340464	
364	-1.884923	-0.658906	1.347703	
365	-1.884711	-0.663631	1.354709	
366	-1.884834	-0.667683	1.362557	
367	-1.884490	-0.670516	1.367970	
368	-1.884664	-0.674180	1.374214	
369	-1.884150	-0.678593	1.380853	
370	-1.883607	-0.681758	1.387033	
371	-1.883412	-0.684384	1.391886	
372	-1.882612	-0.687269	1.397641	
373	-1.882429	-0.690111	1.402145	
374	-1.882756	-0.692789	1.405709	
375	-1.883104	-0.694883	1.410384	
376	-1.883765	-0.697296	1.415486	
377	-1.884761	-0.698900	1.419274	
378	-1.886144	-0.700409	1.423810	
379	-1.887665	-0.701980	1.429185	
380	-1.889319	-0.704316	1.434874	
381	-1.891185	-0.706351	1.439803	
382	-1.893320	-0.709186	1.446149	
383	-1.895832	-0.712234	1.451082	
384	-1.898495	-0.715356	1.456556	
385	-1.901739	-0.719294	1.462651	
386	-1.904972	-0.723659	1.467360	
387	-1.909047	-0.728007	1.473699	
388	-1.912968	-0.733262	1.478871	
389	-1.917080	-0.738960	1.484189	
390	-1.921608	-0.743584	1.489409	
391	-1.925944	-0.750020	1.494373	
392	-1.930821	-0.756348	1.499469	
393	-1.936279	-0.761086	1.505927	
394	-1.941323	-0.767890	1.511241	
395	-1.946666	-0.774673	1.516881	
396	-1.952380	-0.780418	1.523911	
397	-1.957970	-0.786712	1.529634	
398	-1.968086	-0.799452	1.540224	
399	-1.971983	-0.807655	1.546296	
400	-1.976326	-0.815585	1.551435	
401	-1.979841	-0.824392	1.558538	
402	-1.983061	-0.829693	1.562410	
403	-1.986501	-0.838094	1.567990	
404	-1.990111	-0.845047	1.576422	
405	-1.992838	-0.852726	1.584634	
406	-1.995898	-0.857860	1.589741	
407	-1.998995	-0.863974	1.597614	
408	-2.001135	-0.868458	1.605097	
409	-2.003299	-0.872166	1.610953	
410	-2.005533	-0.876019	1.616690	
411	-2.007376	-0.879375	1.624523	
412	-2.008967	-0.881858	1.631567	
413	-2.010414	-0.885687	1.638901	
414	-2.011683	-0.888872	1.646921	
415	-2.012473	-0.892249	1.655806	
416	-2.013833	-0.893272	1.662747	
417	-2.015167	-0.895834	1.671310	
418	-2.016599	-0.896745	1.679723	
419	-2.018096	-0.899554	1.687415	
420	-2.019379	-0.901824	1.695867	
421	-2.021116	-0.902380	1.703090	
422	-2.022499	-0.902120	1.708853	
423	-2.023896	-0.903060	1.715247	
424	-2.025196	-0.904786	1.722204	
425	-2.026220	-0.907737	1.730054	
426	-2.028681	-0.909071	1.739959	
427	-2.029957	-0.911151	1.745855	
428	-2.030813	-0.913728	1.752090	
429	-2.032114	-0.915280	1.757109	
430	-2.034085	-0.919433	1.762576	
431	-2.035297	-0.923276	1.769863	
432	-2.036569	-0.935288	1.781297	
433	-2.037232	-0.941159	1.786710	
434	-2.037874	-0.946132	1.790820	
435	-2.039266	-0.951264	1.793396	
436	-2.040208	-0.957723	1.798983	
437	-2.041476	-0.963151	1.804012	
438	-2.043147	-0.969303	1.808641	
439	-2.044498	-0.976021	1.815438	
440	-2.045623	-0.981054	1.819066	
441	-2.046926	-0.988214	1.824440	
442	-2.048182	-0.994274	1.831112	
443	-2.049534	-0.999047	1.835757	
444	-2.050733	-1.005553	1.841521	
445	-2.052176	-1.011281	1.847147	
446	-2.052900	-1.017787	1.853648	
447	-2.054282	-1.024041	1.858317	
448	-2.055523	-1.030695	1.863429	
449	-2.056706	-1.036965	1.870189	
450	-2.057961	-1.043102	1.873957	
451	-2.059700	-1.049470	1.880490	
452	-2.061000	-1.054586	1.885328	
453	-2.063805	-1.059887	1.889420	
454	-2.065345	-1.067610	1.897882	
455	-2.067311	-1.073702	1.903161	
456	-2.070353	-1.080433	1.909579	
457	-2.073806	-1.086740	1.917632	
458	-2.077953	-1.093171	1.924535	
459	-2.081492	-1.102699	1.933826	
460	-2.087643	-1.107410	1.941278	
461	-2.092544	-1.115270	1.951416	
462	-2.097779	-1.123044	1.962491	
463	-2.102891	-1.129737	1.972401	
464	-2.107106	-1.136793	1.984101	
465	-2.111480	-1.144162	1.996710	
466	-2.114765	-1.151288	2.008471	
467	-2.117756	-1.157869	2.019990	
468	-2.121067	-1.165017	2.030603	
469	-2.124666	-1.172306	2.041263	
470	-2.127101	-1.178155	2.052959	
471	-2.130917	-1.184468	2.062045	
472	-2.134290	-1.191306	2.073752	
473	-2.137064	-1.196950	2.084176	
474	-2.139923	-1.202292	2.094775	
475	-2.142097	-1.208167	2.104982	
476	-2.143957	-1.213588	2.114893	
477	-2.146218	-1.217453	2.123816	
478	-2.146902	-1.220585	2.133671	
479	-2.147645	-1.222910	2.141987	
480	-2.147767	-1.226310	2.149524	
481	-2.147368	-1.227808	2.158376	
482	-2.144913	-1.229264	2.168063	
483	-2.144964	-1.231020	2.174710	
484	-2.144410	-1.232122	2.182999	
485	-2.140450	-1.232855	2.192999	
486	-2.138009	-1.233147	2.200209	
487	-2.136159	-1.234136	2.207691	
488	-2.128542	-1.236974	2.226460	
489	-2.125779	-1.237997	2.234119	
490	-2.122311	-1.240091	2.245031	
491	-2.119062	-1.242890	2.251174	
492	-2.114817	-1.246814	2.258719	
493	-2.110914	-1.250303	2.267585	
494	-2.107049	-1.254722	2.274271	
495	-2.103926	-1.259261	2.280140	
496	-2.099212	-1.263825	2.290593	
497	-2.091187	-1.274625	2.303843	
498	-2.086963	-1.279075	2.312053	
499	-2.082201	-1.282553	2.320318	
500	-2.078455	-1.288332	2.324035	
501	-2.075327	-1.291765	2.329577	
502	-2.069416	-1.296766	2.336646	
503	-2.066958	-1.300625	2.339850	
504	-2.063236	-1.303981	2.345201	
505	-2.059057	-1.306302	2.352490	
506	-2.055840	-1.310210	2.356607	
507	-2.052310	-1.314984	2.359105	
508	-2.046890	-1.318957	2.364958	
509	-2.044155	-1.322099	2.367234	
510	-2.041036	-1.324985	2.370092	
511	-2.036402	-1.328032	2.375553	
512	-2.032199	-1.333075	2.377414	
513	-2.027600	-1.338238	2.379500	
514	-2.021247	-1.342647	2.385649	
515	-2.018096	-1.345792	2.389261	
516	-2.013379	-1.350511	2.393569	
517	-2.007321	-1.354952	2.400722	
518	-2.002335	-1.359932	2.406175	
519	-1.997876	-1.364142	2.414322	
520	-1.991035	-1.369323	2.424375	
521	-1.987289	-1.373941	2.432116	
522	-1.982468	-1.378459	2.441280	
523	-1.976973	-1.383657	2.451247	
524	-1.972221	-1.388970	2.460877	
525	-1.966316	-1.394889	2.470322	
526	-1.962764	-1.402655	2.477396	
527	-1.957214	-1.407660	2.487131	
528	-1.951159	-1.413022	2.496512	
529	-1.947026	-1.418350	2.504659	
530	-1.942908	-1.423415	2.512632	
531	-1.937726	-1.427753	2.521728	
532	-1.933191	-1.432956	2.529683	
533	-1.929202	-1.435954	2.538865	
534	-1.924349	-1.438715	2.546820	
535	-1.918887	-1.442860	2.554185	
536	-1.914511	-1.446479	2.561316	
537	-1.908969	-1.449188	2.568631	
538	-1.902608	-1.453642	2.574183	
539	-1.900043	-1.455858	2.580590	
540	-1.894268	-1.459101	2.586667	
541	-1.886405	-1.463955	2.592718	
542	-1.882452	-1.466839	2.598269	
543	-1.876711	-1.469327	2.604555	
544	-1.869403	-1.472631	2.610166	
545	-1.863403	-1.475217	2.615653	
546	-1.858342	-1.476806	2.620883	
547	-1.851408	-1.477839	2.627016	
548	-1.843155	-1.479692	2.631146	
549	-1.836183	-1.481109	2.635293	
550	-1.828431	-1.482476	2.639013	
551	-1.820699	-1.482009	2.644537	
552	-1.811821	-1.483374	2.647487	
553	-1.805412	-1.483561	2.651103	
554	-1.795432	-1.482543	2.655641	
555	-1.781999	-1.483540	2.660195	
556	-1.775761	-1.482563	2.663955	
557	-1.765855	-1.481284	2.668931	
558	-1.753218	-1.480752	2.674309	
559	-1.745239	-1.479554	2.678435	
560	-1.736688	-1.477670	2.682940	
561	-1.724187	-1.476761	2.687461	
562	-1.714412	-1.476624	2.690807	
563	-1.695981	-1.474298	2.697813	
564	-1.685009	-1.474086	2.700607	
565	-1.676603	-1.473861	2.702148	
566	-1.667063	-1.473013	2.704281	
567	-1.656796	-1.473202	2.706472	
568	-1.647996	-1.474092	2.706979	
569	-1.640402	-1.474428	2.707825	
570	-1.631378	-1.474675	2.710142	
571	-1.623278	-1.475646	2.710985	
572	-1.615761	-1.477392	2.710063	
573	-1.607925	-1.478821	2.710291	
574	-1.599931	-1.480410	2.710980	
575	-1.593745	-1.481082	2.711457	
576	-1.587534	-1.481559	2.711994	
577	-1.579226	-1.482709	2.714035	
578	-1.567906	-1.485658	2.714381	
579	-1.560996	-1.486185	2.716116	
580	-1.553405	-1.487267	2.717617	
581	-1.548205	-1.488842	2.717270	
582	-1.541686	-1.489175	2.719388	
583	-1.533687	-1.491122	2.720754	
584	-1.528769	-1.492755	2.721889	
585	-1.515988	-1.494782	2.726221	
586	-1.510540	-1.495651	2.729339	
587	-1.505244	-1.496360	2.731037	
588	-1.498795	-1.497143	2.733686	
589	-1.492323	-1.498328	2.734442	
590	-1.479688	-1.499360	2.739566	
591	-1.473433	-1.500173	2.742117	
592	-1.465853	-1.501295	2.744746	
593	-1.460489	-1.501725	2.748053	
594	-1.455159	-1.502814	2.750506	
595	-1.448081	-1.503766	2.753242	
596	-1.441150	-1.504066	2.756818	
597	-1.437159	-1.503974	2.759653	
598	-1.429728	-1.503871	2.762695	
599	-1.422326	-1.503586	2.766046	
600	-1.417263	-1.503222	2.767424	
601	-1.412357	-1.502854	2.767954	
602	-1.403527	-1.501547	2.772437	
603	-1.396185	-1.499638	2.776683	
604	-1.391675	-1.499544	2.776063	
605	-1.382977	-1.498209	2.779469	
606	-1.373609	-1.496663	2.782537	
607	-1.368139	-1.495672	2.783451	
608	-1.359647	-1.493761	2.787302	
609	-1.351172	-1.493016	2.787870	
610	-1.342277	-1.491833	2.790591	
611	-1.334310	-1.490720	2.792461	
612	-1.327420	-1.489575	2.792578	
613	-1.317614	-1.488715	2.793113	
614	-1.310285	-1.487339	2.792499	
615	-1.303331	-1.485904	2.791427	
616	-1.294763	-1.484456	2.790905	
617	-1.286942	-1.483094	2.789952	
618	-1.280235	-1.482443	2.787941	
619	-1.271219	-1.482388	2.785445	
620	-1.264354	-1.482345	2.784050	
621	-1.258863	-1.482285	2.781924	
622	-1.250752	-1.482340	2.780584	
623	-1.243367	-1.482542	2.778694	
624	-1.238203	-1.483258	2.774652	
625	-1.230816	-1.483377	2.773169	
626	-1.223607	-1.483620	2.771416	
627	-1.210953	-1.483970	2.767525	
628	-1.202991	-1.484976	2.765031	
629	-1.197781	-1.486063	2.762202	
630	-1.190699	-1.486970	2.761166	
631	-1.184642	-1.487965	2.759187	
632	-1.178504	-1.489291	2.757269	
633	-1.171836	-1.490853	2.754926	
634	-1.166534	-1.491645	2.752879	
635	-1.160930	-1.492518	2.751450	
636	-1.156004	-1.492911	2.750240	
637	-1.147311	-1.492872	2.745761	
638	-1.142868	-1.492533	2.743593	
639	-1.138073	-1.491246	2.742198	
640	-1.131983	-1.490633	2.739438	
641	-1.125229	-1.490095	2.737569	
642	-1.123030	-1.488799	2.735531	
643	-1.119584	-1.487087	2.734428	
644	-1.112949	-1.486372	2.732231	
645	-1.109754	-1.484869	2.731303	
646	-1.106747	-1.483102	2.730222	
647	-1.100080	-1.481178	2.729411	
648	-1.094306	-1.479453	2.727647	
649	-1.090330	-1.477698	2.725992	
650	-1.085539	-1.475273	2.724596	
651	-1.080409	-1.472646	2.722310	
652	-1.074868	-1.469304	2.721040	
653	-1.070689	-1.465613	2.719402	
654	-1.063949	-1.462025	2.717752	
655	-1.057703	-1.458324	2.715760	
656	-1.053092	-1.453937	2.713867	
657	-1.044391	-1.450205	2.711598	
658	-1.041464	-1.445603	2.710060	
659	-1.037110	-1.440766	2.708759	
660	-1.027475	-1.437913	2.705812	
661	-1.022337	-1.434051	2.704197	
662	-1.018667	-1.429706	2.702586	
663	-1.012957	-1.425934	2.699430	
664	-1.007626	-1.422145	2.696610	
665	-1.004117	-1.417715	2.693476	
666	-1.000594	-1.413142	2.689574	
667	-0.998497	-1.408125	2.685721	
668	-0.992203	-1.403999	2.680738	
669	-0.986641	-1.399258	2.676105	
670	-0.983842	-1.393094	2.672910	
671	-0.977462	-1.388430	2.667430	
672	-0.971110	-1.383295	2.662321	
673	-0.959555	-1.374209	2.650623	
674	-0.951975	-1.370321	2.644761	
675	-0.938623	-1.362869	2.633292	
676	-0.928620	-1.361198	2.626399	
677	-0.925682	-1.356534	2.623156	
678	-0.923163	-1.351412	2.620434	
679	-0.916198	-1.348824	2.614563	
680	-0.910141	-1.344955	2.610346	
681	-0.906926	-1.339552	2.608143	
682	-0.901508	-1.336412	2.604417	
683	-0.895875	-1.332922	2.601641	
684	-0.887523	-1.324786	2.598249	
685	-0.882152	-1.322083	2.595753	
686	-0.880949	-1.316177	2.596225	
687	-0.877774	-1.312253	2.595131	
688	-0.870853	-1.310268	2.592960	
689	-0.868889	-1.303717	2.595276	
690	-0.865725	-1.298826	2.595446	
691	-0.860756	-1.295444	2.594668	
692	-0.858264	-1.290171	2.596016	
693	-0.857546	-1.284428	2.598149	
694	-0.853370	-1.281999	2.597578	
695	-0.850828	-1.278095	2.599083	
696	-0.849817	-1.273511	2.600718	
697	-0.844450	-1.272980	2.599162	
698	-0.843110	-1.268824	2.601610	
699	-0.842091	-1.265720	2.603102	
700	-0.837336	-1.265369	2.602612	
701	-0.836270	-1.261827	2.605253	
702	-0.834588	-1.259477	2.606521	
703	-0.830827	-1.258097	2.607582	
704	-0.829199	-1.255098	2.610600	
705	-0.826681	-1.253112	2.612492	
706	-0.823839	-1.250783	2.615179	
707	-0.821395	-1.247962	2.618004	
708	-0.819385	-1.245404	2.620823	
709	-0.816197	-1.243739	2.622567	
710	-0.814042	-1.240967	2.625420	
711	-0.811895	-1.238174	2.628046	
712	-0.803294	-1.231512	2.636411	
713	-0.797879	-1.231683	2.636224	
714	-0.792127	-1.232310	2.637248	
715	-0.790773	-1.229331	2.641122	
716	-0.784760	-1.230425	2.641895	
717	-0.781251	-1.229559	2.644570	
718	-0.779349	-1.227521	2.647899	
719	-0.774457	-1.227751	2.649483	
720	-0.770633	-1.226848	2.652078	
721	-0.767908	-1.225195	2.655452	
722	-0.762513	-1.226022	2.656068	
723	-0.757806	-1.226565	2.658295	
724	-0.755304	-1.225593	2.661887	
725	-0.752080	-1.225767	2.663808	
726	-0.746088	-1.228033	2.664764	
727	-0.743662	-1.226636	2.669250	
728	-0.740513	-1.225978	2.672125	
729	-0.735041	-1.227962	2.673027	
730	-0.731483	-1.227350	2.677490	
731	-0.728679	-1.226793	2.680190	
732	-0.723332	-1.228333	2.681093	
733	-0.720582	-1.227674	2.685201	
734	-0.716739	-1.228152	2.687639	
735	-0.711723	-1.230243	2.688902	
736	-0.709243	-1.229527	2.692401	
737	-0.705723	-1.230428	2.694293	
738	-0.701713	-1.231659	2.696340	
739	-0.698869	-1.232509	2.699312	
740	-0.694168	-1.236341	2.699317	
741	-0.692438	-1.237556	2.702042	
742	-0.690475	-1.238782	2.705332	
743	-0.689567	-1.239445	2.707293	
744	-0.688677	-1.239951	2.711214	
745	-0.686735	-1.241071	2.713244	
746	-0.685290	-1.241955	2.716534	
747	-0.683935	-1.242921	2.719600	
748	-0.681290	-1.244258	2.721964	
749	-0.679022	-1.245531	2.724564	
750	-0.678881	-1.245246	2.728982	
751	-0.676026	-1.247020	2.731193	
752	-0.673835	-1.248448	2.735364	
753	-0.672765	-1.249117	2.740526	
754	-0.670274	-1.251350	2.744341	
755	-0.666984	-1.254883	2.747654	
756	-0.665467	-1.257248	2.752694	
757	-0.663243	-1.260404	2.757187	
758	-0.659107	-1.265820	2.760939	
759	-0.658188	-1.268529	2.767712	
760	-0.655230	-1.272815	2.772117	
761	-0.652422	-1.276860	2.777984	
762	-0.650869	-1.280516	2.784882	
763	-0.648972	-1.283836	2.790556	
764	-0.646330	-1.287443	2.795937	
765	-0.643495	-1.291803	2.801480	
766	-0.640378	-1.296035	2.807130	
767	-0.638455	-1.299322	2.814131	
768	-0.634663	-1.304177	2.818371	
769	-0.632769	-1.307504	2.824698	
770	-0.632299	-1.309018	2.831583	
771	-0.627876	-1.313616	2.835217	
772	-0.625217	-1.316555	2.840959	
773	-0.622788	-1.318929	2.846117	
774	-0.618019	-1.322849	2.848129	
775	-0.616685	-1.323429	2.854338	
776	-0.614977	-1.324016	2.859444	
777	-0.609979	-1.326196	2.862201	
778	-0.606153	-1.327095	2.866292	
779	-0.602185	-1.327753	2.870187	
780	-0.596061	-1.330822	2.870201	
781	-0.591732	-1.332401	2.872082	
782	-0.587377	-1.334214	2.873260	
783	-0.581523	-1.336749	2.872794	
784	-0.575298	-1.339345	2.873557	
785	-0.570085	-1.341216	2.875316	
786	-0.562818	-1.343162	2.876044	
787	-0.557344	-1.344786	2.877282	
788	-0.545680	-1.348135	2.881136	
789	-0.538342	-1.350119	2.883344	
790	-0.531443	-1.352393	2.885821	
791	-0.523838	-1.354883	2.886793	
792	-0.515980	-1.357165	2.887862	
793	-0.506558	-1.360687	2.888223	
794	-0.499884	-1.362726	2.890615	
795	-0.491123	-1.365222	2.891310	
796	-0.481511	-1.368379	2.891163	
797	-0.474530	-1.369568	2.893988	
798	-0.466596	-1.371484	2.895635	
799	-0.457143	-1.374582	2.895887	
800	-0.450468	-1.375840	2.898682	
801	-0.433263	-1.381282	2.898460	
802	-0.421008	-1.383840	2.900440	
803	-0.408806	-1.386722	2.900867	
804	-0.403137	-1.387857	2.901477	
805	-0.396381	-1.389411	2.900719	
806	-0.392704	-1.388805	2.902040	
807	-0.386211	-1.389279	2.901408	
808	-0.379123	-1.390220	2.900745	
809	-0.373016	-1.389576	2.901956	
810	-0.365283	-1.390574	2.901139	
811	-0.357263	-1.392014	2.899910	
812	-0.350780	-1.391227	2.900987	
813	-0.344258	-1.392136	2.901052	
814	-0.336213	-1.393692	2.899922	
815	-0.330247	-1.393174	2.900912	
816	-0.323477	-1.393925	2.900479	
817	-0.315601	-1.394740	2.898740	
818	-0.310616	-1.393760	2.899189	
819	-0.304361	-1.394719	2.896667	
820	-0.298021	-1.395336	2.894594	
821	-0.292724	-1.395018	2.893363	
822	-0.287752	-1.394954	2.891693	
823	-0.282644	-1.394325	2.890134	
824	-0.277158	-1.392836	2.888938	
825	-0.271338	-1.392403	2.886734	
826	-0.266288	-1.390510	2.885256	
827	-0.261503	-1.387864	2.883971	
828	-0.257493	-1.385735	2.881952	
829	-0.245821	-1.379637	2.877879	
830	-0.239427	-1.376702	2.874681	
831	-0.233783	-1.373536	2.870885	
832	-0.227681	-1.368920	2.867678	
833	-0.221074	-1.364809	2.863446	
834	-0.213528	-1.360920	2.858119	
835	-0.205752	-1.356156	2.853621	
836	-0.197065	-1.350900	2.849007	
837	-0.188146	-1.347692	2.842325	
838	-0.178695	-1.343771	2.836297	
839	-0.170396	-1.339266	2.830328	
840	-0.161937	-1.335697	2.823680	
841	-0.144992	-1.328549	2.809857	
842	-0.136570	-1.325068	2.803024	
843	-0.129714	-1.321927	2.795856	
844	-0.121747	-1.317891	2.789791	
845	-0.116121	-1.315568	2.782742	
846	-0.107721	-1.312278	2.776646	
847	-0.100718	-1.309107	2.770114	
848	-0.095621	-1.307421	2.763719	
849	-0.087618	-1.304140	2.757921	
850	-0.081102	-1.304919	2.748420	
851	-0.074353	-1.304397	2.741582	
852	-0.066307	-1.300906	2.737366	
853	-0.062900	-1.302094	2.728898	
854	-0.056089	-1.303217	2.721483	
855	-0.048442	-1.302377	2.715158	
856	-0.043687	-1.301854	2.708405	
857	-0.038623	-1.301056	2.701505	
858	-0.032633	-1.299973	2.694033	
859	-0.026130	-1.298338	2.687446	
860	-0.020414	-1.296391	2.681304	
861	-0.015090	-1.296216	2.673613	
862	-0.007907	-1.295797	2.667431	
863	-0.000319	-1.296372	2.660536	
864	0.007468	-1.297406	2.654380	
865	0.014653	-1.298173	2.648937	
866	0.020476	-1.300266	2.641829	
867	0.028120	-1.301998	2.636042	
868	0.035014	-1.303703	2.630704	
869	0.039997	-1.306069	2.623588	
870	0.046139	-1.308838	2.616140	
871	0.052919	-1.310578	2.610008	
872	0.059039	-1.312748	2.603502	
873	0.064217	-1.314945	2.595897	
874	0.069245	-1.317485	2.587762	
875	0.080180	-1.319441	2.573781	
876	0.082562	-1.321296	2.564541	
877	0.087484	-1.322086	2.557223	
878	0.090568	-1.323362	2.547943	
879	0.097867	-1.323109	2.533103	
880	0.099731	-1.322515	2.524315	
881	0.101577	-1.322045	2.515773	
882	0.105932	-1.319999	2.509385	
883	0.107095	-1.318934	2.501647	
884	0.108228	-1.318800	2.492606	
885	0.108140	-1.317210	2.484022	
886	0.111444	-1.315606	2.475353	
887	0.112142	-1.314340	2.466505	
888	0.115736	-1.312329	2.458065	
889	0.117903	-1.310489	2.449678	
890	0.120306	-1.309277	2.439585	
891	0.123045	-1.309001	2.429304	
892	0.126232	-1.307904	2.420380	
893	0.127798	-1.306981	2.410562	
894	0.129250	-1.306681	2.399787	
895	0.133660	-1.306810	2.389418	
896	0.135840	-1.307414	2.379752	
897	0.141124	-1.308521	2.371219	
898	0.144153	-1.308837	2.363972	
899	0.147998	-1.308371	2.356402	
900	0.151693	-1.307573	2.348730	
901	0.155349	-1.306550	2.340711	
902	0.157957	-1.304735	2.334831	
903	0.159458	-1.302902	2.327330	
904	0.162042	-1.301152	2.320400	
905	0.165693	-1.298708	2.314841	
906	0.167920	-1.296514	2.308801	
907	0.169034	-1.295171	2.300426	
908	0.173701	-1.292861	2.295024	
909	0.177304	-1.290854	2.287966	
910	0.182545	-1.289367	2.284520	
911	0.188795	-1.287326	2.282110	
912	0.192771	-1.285911	2.278193	
913	0.194581	-1.285745	2.273694	
914	0.199447	-1.283719	2.270885	
915	0.203983	-1.281500	2.267463	
916	0.209938	-1.279251	2.265058	
917	0.211623	-1.277032	2.262935	
918	0.216335	-1.274694	2.260062	
919	0.221322	-1.273361	2.256889	
920	0.222096	-1.271341	2.256304	
921	0.225944	-1.269737	2.254258	
922	0.228846	-1.268772	2.252510	
923	0.234185	-1.266833	2.250968	
924	0.238634	-1.265672	2.249042	
925	0.242566	-1.264940	2.248367	
926	0.244979	-1.263769	2.248890	
927	0.251214	-1.263417	2.247350	
928	0.256207	-1.263457	2.247594	
929	0.257805	-1.262586	2.249261	
930	0.262322	-1.262592	2.249510	
931	0.265371	-1.263266	2.251565	
932	0.267788	-1.263367	2.254997	
933	0.270815	-1.264199	2.256304	
934	0.274319	-1.264968	2.258965	
935	0.277608	-1.265424	2.261254	
936	0.281153	-1.266271	2.262167	
937	0.284409	-1.267259	2.264329	
938	0.287931	-1.267672	2.268631	
939	0.290814	-1.268540	2.272567	
940	0.293068	-1.269168	2.275992	
941	0.296004	-1.269625	2.279118	
942	0.299526	-1.270104	2.281219	
943	0.301576	-1.270685	2.284356	
944	0.303960	-1.270785	2.288832	
945	0.306651	-1.270970	2.292262	
946	0.310041	-1.271464	2.295209	
947	0.311058	-1.271574	2.298808	
948	0.314760	-1.272770	2.300790	
949	0.317507	-1.273469	2.304449	
950	0.324471	-1.274984	2.307347	
951	0.325872	-1.275855	2.311790	
952	0.329345	-1.276299	2.314208	
953	0.330321	-1.276210	2.317400	
954	0.332911	-1.275439	2.320958	
955	0.335247	-1.274766	2.324344	
956	0.339112	-1.273904	2.327335	
957	0.340897	-1.272401	2.332077	
958	0.342142	-1.270988	2.337586	
959	0.341801	-1.268786	2.341223	
960	0.344465	-1.268435	2.345043	
961	0.347370	-1.267886	2.350434	
962	0.346819	-1.266603	2.355520	
963	0.351718	-1.267140	2.356804	
964	0.352768	-1.267118	2.362617	
965	0.353392	-1.266749	2.368291	
966	0.358864	-1.267522	2.370354	
967	0.360344	-1.268021	2.376314	
968	0.363906	-1.268372	2.381353	
969	0.369146	-1.271469	2.384989	
970	0.372962	-1.272847	2.391727	
971	0.374955	-1.273915	2.398782	
972	0.380189	-1.276985	2.403890	
973	0.382902	-1.278133	2.412403	
974	0.384007	-1.277039	2.419067	
975	0.387712	-1.280179	2.425157	
976	0.389203	-1.280200	2.434340	
977	0.392864	-1.281415	2.438534	
978	0.398015	-1.285081	2.446572	
979	0.396531	-1.283435	2.453874	
980	0.398666	-1.283709	2.455018	
981	0.404195	-1.285637	2.461314	
982	0.405365	-1.285059	2.469212	
983	0.407743	-1.285948	2.471458	
984	0.410753	-1.286783	2.476987	
985	0.410800	-1.286688	2.483344	
986	0.412097	-1.286985	2.485781	
987	0.414234	-1.287627	2.491231	
988	0.416709	-1.288660	2.495528	
989	0.419201	-1.290199	2.498276	
990	0.422146	-1.290309	2.505014	
991	0.422764	-1.290198	2.509362	
992	0.424018	-1.291090	2.512761	
993	0.425912	-1.289753	2.519592	
994	0.428120	-1.289415	2.522918	
995	0.430914	-1.290084	2.525975	
996	0.432506	-1.287993	2.530802	
997	0.432580	-1.285061	2.539064	
998	0.435340	-1.284548	2.542299	
999	0.437438	-1.282831	2.547938	
1000	0.440838	-1.280676	2.560054	
1001	0.442173	-1.278146	2.570092	
1002	0.442955	-1.277329	2.578222	
1003	0.443533	-1.278237	2.583437	
1004	0.442770	-1.276552	2.590097	
1005	0.441658	-1.275857	2.594439	
1006	0.441307	-1.274401	2.599850	
1007	0.441838	-1.273667	2.603021	
1008	0.442334	-1.273588	2.606512	
1009	0.442409	-1.272962	2.608764	
1010	0.443100	-1.273632	2.611199	
1011	0.444221	-1.273825	2.613107	
1012	0.443872	-1.272916	2.616121	
1013	0.443876	-1.272581	2.619863	
1014	0.445514	-1.273472	2.621233	
1015	0.447853	-1.275622	2.624696	
1016	0.446434	-1.273968	2.627332	
1017	0.447920	-1.274743	2.629910	
1018	0.449939	-1.275626	2.631100	
1019	0.452085	-1.274084	2.633533	
1020	0.454286	-1.274393	2.633177	
1021	0.452625	-1.270664	2.634487	
1022	0.455185	-1.270576	2.634384	
1023	0.455605	-1.264636	2.632899	
1024	0.458614	-1.259526	2.631114	
1025	0.457973	-1.254639	2.630510	
1026	0.458615	-1.250743	2.629329	
1027	0.461608	-1.248481	2.627409	
1028	0.462378	-1.244207	2.626546	
1029	0.464369	-1.241307	2.627702	
1030	0.466671	-1.237859	2.627068	
1031	0.466636	-1.231722	2.626547	
1032	0.468467	-1.228623	2.627452	
1033	0.472159	-1.226956	2.628148	
1034	0.472269	-1.222152	2.628532	
1035	0.475198	-1.218441	2.627372	
1036	0.479093	-1.217916	2.629106	
1037	0.480808	-1.213929	2.628153	
1038	0.481802	-1.210229	2.628756	
1039	0.485614	-1.208384	2.627781	
1040	0.487786	-1.206344	2.627324	
1041	0.489541	-1.203288	2.625965	
1042	0.491047	-1.200448	2.624185	
1043	0.493649	-1.199101	2.621820	
1044	0.494905	-1.196652	2.619642	
1045	0.496315	-1.194880	2.618375	
1046	0.498358	-1.193170	2.616829	
1047	0.499562	-1.189770	2.616651	
1048	0.502027	-1.188479	2.615174	
1049	0.503008	-1.187301	2.614957	
1050	0.503650	-1.186986	2.616393	
1051	0.504801	-1.184877	2.615026	
1052	0.505779	-1.182826	2.613984	
1053	0.505970	-1.181856	2.615356	
1054	0.506684	-1.180715	2.615945	
1055	0.507252	-1.179200	2.616576	
1056	0.507065	-1.178401	2.619203	
1057	0.507124	-1.176168	2.620253	
1058	0.507080	-1.174961	2.622825	
1059	0.506462	-1.173719	2.625706	
1060	0.507112	-1.173637	2.628785	
1061	0.506963	-1.175611	2.634386	
1062	0.504667	-1.175017	2.639329	
1063	0.505177	-1.175997	2.642992	
1064	0.506090	-1.173821	2.642633	
1065	0.505103	-1.170042	2.642221	
1066	0.507478	-1.171655	2.644740	
1067	0.507595	-1.171520	2.647543	
1068	0.506355	-1.169089	2.649606	
1069	0.508078	-1.170416	2.652968	
1070	0.508027	-1.172686	2.659317	
1071	0.505176	-1.169487	2.663155	
1072	0.505363	-1.167711	2.665055	
1073	0.504473	-1.168118	2.670952	
1074	0.501565	-1.165352	2.675696	
1075	0.501736	-1.163240	2.677868	
1076	0.500681	-1.162519	2.682867	
1077	0.498727	-1.161556	2.688640	
1078	0.497688	-1.160540	2.693340	
1079	0.496746	-1.161337	2.699627	
1080	0.496351	-1.160711	2.703032	
1081	0.493718	-1.159516	2.708954	
1082	0.495389	-1.159784	2.711107	
1083	0.495795	-1.159292	2.713678	
1084	0.493392	-1.154640	2.713984	
1085	0.496259	-1.156012	2.714072	
1086	0.496772	-1.150937	2.708279	
1087	0.494411	-1.148106	2.709459	
1088	0.496682	-1.144173	2.701474	
1089	0.494414	-1.140443	2.699758	
1090	0.490750	-1.141906	2.705640	
1091	0.491757	-1.144226	2.704795	
1092	0.488609	-1.144169	2.706609	
1093	0.485701	-1.143936	2.707672	
1094	0.486044	-1.145664	2.704878	
1095	0.481265	-1.146541	2.709402	
1096	0.480543	-1.147806	2.707746	
1097	0.479341	-1.149674	2.707366	
1098	0.474633	-1.150979	2.712332	
1099	0.474463	-1.153322	2.710756	
1100	0.471053	-1.156016	2.714328	
1101	0.465073	-1.160747	2.719512	
1102	0.461420	-1.161879	2.721826	
1103	0.457898	-1.161686	2.722435	
1104	0.454083	-1.163157	2.725812	
1105	0.449455	-1.164050	2.729323	
1106	0.445420	-1.165868	2.733165	
1107	0.442178	-1.169560	2.738743	
1108	0.437611	-1.170523	2.742414	
1109	0.433564	-1.174479	2.749654	
1110	0.429640	-1.176007	2.751901	
1111	0.425096	-1.179623	2.758677	
1112	0.420707	-1.182843	2.763005	
1113	0.416735	-1.187653	2.768720	
1114	0.411663	-1.189446	2.771048	
1115	0.407797	-1.193843	2.775824	
1116	0.395825	-1.199491	2.785469	
1117	0.391511	-1.203444	2.789191	
1118	0.386093	-1.206326	2.792546	
1119	0.379045	-1.206316	2.793694	
1120	0.374853	-1.211868	2.799696	
1121	0.368705	-1.216350	2.808517	
1122	0.362627	-1.217060	2.809583	
1123	0.357868	-1.219662	2.811121	
1124	0.352243	-1.224585	2.821641	
1125	0.346051	-1.223524	2.821649	
1126	0.341890	-1.226469	2.825558	
1127	0.336667	-1.227692	2.830816	
1128	0.333092	-1.230074	2.834604	
1129	0.329592	-1.232399	2.837804	
1130	0.325413	-1.232434	2.838504	
1131	0.323448	-1.235801	2.842584	
1132	0.321034	-1.238104	2.846450	
1133	0.318462	-1.238942	2.846945	
1134	0.317714	-1.241142	2.845914	
1135	0.316621	-1.243740	2.848351	
1136	0.315388	-1.245097	2.848401	
1137	0.314478	-1.246689	2.848872	
1138	0.313701	-1.247996	2.847960	
1139	0.312426	-1.248773	2.850348	
1140	0.311580	-1.248680	2.848281	
1141	0.311150	-1.250396	2.849581	
1142	0.308866	-1.249132	2.849808	
1143	0.308130	-1.250304	2.851578	
1144	0.307205	-1.251226	2.852629	
1145	0.305128	-1.251064	2.854954	
1146	0.303827	-1.251829	2.857623	
1147	0.302001	-1.252439	2.862503	
1148	0.299061	-1.252092	2.865379	
1149	0.297150	-1.252995	2.869225	
1150	0.296074	-1.255280	2.873645	
1151	0.292452	-1.255667	2.878812	
1152	0.291313	-1.258205	2.882579	
1153	0.289769	-1.261555	2.887497	
1154	0.286077	-1.262342	2.891152	
1155	0.284454	-1.264933	2.892613	
1156	0.282053	-1.267583	2.895458	
1157	0.279726	-1.271151	2.899174	
1158	0.277572	-1.274096	2.901050	
1159	0.274782	-1.276260	2.903808	
1160	0.273237	-1.279974	2.905637	
1161	0.270720	-1.283397	2.908672	
1162	0.268146	-1.286505	2.911950	
1163	0.266576	-1.290447	2.912629	
1164	0.263798	-1.293759	2.917643	
1165	0.261394	-1.296664	2.917652	
1166	0.259618	-1.300228	2.920168	
1167	0.257440	-1.302954	2.922397	
1168	0.256336	-1.307083	2.924770	
1169	0.254913	-1.310454	2.927464	
1170	0.252712	-1.312588	2.931189	
1171	0.252340	-1.316946	2.934061	
1172	0.250951	-1.319759	2.937621	
1173	0.249073	-1.322186	2.940053	
1174	0.246427	-1.323804	2.942411	
1175	0.245501	-1.327426	2.944721	
1176	0.242410	-1.328512	2.950647	
1177	0.240166	-1.330395	2.951547	
1178	0.238143	-1.332365	2.956766	
1179	0.235341	-1.333908	2.960631	
1180	0.232881	-1.335654	2.964891	
1181	0.231122	-1.338901	2.968647	
1182	0.228780	-1.342329	2.975160	
1183	0.226357	-1.345739	2.979494	
1184	0.223901	-1.349489	2.983976	
1185	0.219774	-1.352653	2.988766	
1186	0.215945	-1.356218	2.992861	
1187	0.212685	-1.361364	2.998700	
1188	0.208323	-1.365475	3.003531	
1189	0.204551	-1.369920	3.008074	
1190	0.201176	-1.375379	3.012525	
1191	0.195630	-1.379030	3.018132	
1192	0.190904	-1.383569	3.023921	
1193	0.185735	-1.388837	3.029436	
1194	0.179024	-1.392914	3.035938	
1195	0.174465	-1.398964	3.042180	
1196	0.169418	-1.404568	3.048097	
1197	0.164725	-1.409553	3.054044	
1198	0.160075	-1.414518	3.061347	
1199	0.155839	-1.419937	3.067989	
1200	0.151350	-1.425093	3.073469	
1201	0.147000	-1.430226	3.079816	
1202	0.138930	-1.440861	3.095587	
1203	0.135607	-1.446372	3.102593	
1204	0.132067	-1.451633	3.110241	
1205	0.129184	-1.456817	3.117400	
1206	0.127361	-1.462349	3.125926	
1207	0.124287	-1.466354	3.134016	
1208	0.122996	-1.471386	3.141572	
1209	0.121136	-1.476069	3.150061	
1210	0.119390	-1.481031	3.158595	
1211	0.117474	-1.485366	3.163742	
1212	0.115441	-1.489294	3.171532	
1213	0.112583	-1.496596	3.183570	
1214	0.112134	-1.500352	3.190063	
1215	0.112347	-1.504057	3.194673	
1216	0.113416	-1.508359	3.201264	
1217	0.115283	-1.512235	3.207247	
1218	0.117157	-1.515628	3.213610	
1219	0.120123	-1.519125	3.219034	
1220	0.123326	-1.522561	3.224593	
1221	0.127340	-1.525830	3.230974	
1222	0.131617	-1.528391	3.237059	
1223	0.136800	-1.531386	3.242788	
1224	0.142070	-1.533403	3.250370	
1225	0.148428	-1.535629	3.256592	
1226	0.155480	-1.537769	3.263687	
1227	0.163446	-1.540152	3.272048	
1228	0.170722	-1.541742	3.278941	
1229	0.179729	-1.544985	3.285701	
1230	0.188015	-1.547402	3.295362	
1231	0.196814	-1.550359	3.302207	
1232	0.205654	-1.553928	3.309071	
1233	0.214317	-1.557308	3.315857	
1234	0.222875	-1.561336	3.321667	
1235	0.231498	-1.565155	3.328014	
1236	0.239066	-1.568455	3.332396	
1237	0.247200	-1.572039	3.337463	
1238	0.255451	-1.575332	3.342961	
1239	0.262768	-1.578029	3.348820	
1240	0.269481	-1.581753	3.354444	
1241	0.275898	-1.586057	3.359579	
1242	0.282087	-1.589763	3.366126	
1243	0.287453	-1.593818	3.370266	
1244	0.293493	-1.597658	3.375525	
1245	0.299471	-1.601505	3.381299	
1246	0.304357	-1.605757	3.385163	
1247	0.311180	-1.609964	3.392074	
1248	0.316627	-1.614400	3.396869	
1249	0.322566	-1.619679	3.401856	
1250	0.333722	-1.627457	3.409748	
1251	0.340107	-1.632610	3.414914	
1252	0.346567	-1.637854	3.420642	
1253	0.354123	-1.643150	3.426777	
1254	0.369243	-1.654724	3.440399	
1255	0.376214	-1.660747	3.447249	
1256	0.382458	-1.665839	3.454071	
1257	0.389622	-1.670884	3.460781	
1258	0.396310	-1.675293	3.467832	
1259	0.403084	-1.678945	3.475018	
1260	0.409211	-1.683273	3.480018	
1261	0.416255	-1.687538	3.485335	
1262	0.422666	-1.691667	3.490983	
1263	0.429785	-1.695456	3.495488	
1264	0.436121	-1.698658	3.499533	
1265	0.442867	-1.701255	3.504154	
1266	0.450675	-1.703647	3.508190	
1267	0.459997	-1.706790	3.511442	
1268	0.468892	-1.709164	3.515741	
1269	0.478330	-1.711536	3.519643	
1270	0.487972	-1.713874	3.522975	
1271	0.498258	-1.715427	3.526718	
1272	0.508354	-1.716832	3.530225	
1273	0.520441	-1.718950	3.532243	
1274	0.531860	-1.720114	3.535606	
1275	0.542870	-1.720455	3.538790	
1276	0.555238	-1.722310	3.540153	
1277	0.567197	-1.722922	3.543328	
1278	0.580170	-1.723860	3.545065	
1279	0.591805	-1.723476	3.548141	
1280	0.604444	-1.723974	3.549916	
1281	0.616126	-1.724361	3.551981	
1282	0.627777	-1.724703	3.553518	
1283	0.639700	-1.725498	3.554154	
1284	0.651782	-1.727269	3.554389	
1285	0.664555	-1.728418	3.555677	
1286	0.677593	-1.729527	3.557243	
1287	0.689842	-1.731205	3.557775	
1288	0.701740	-1.732552	3.558347	
1289	0.714001	-1.733211	3.559850	
1290	0.728427	-1.734317	3.560210	
1291	0.741210	-1.734386	3.561441	
1292	0.752840	-1.735440	3.561174	
1293	0.765758	-1.736430	3.561595	
1294	0.778316	-1.737457	3.561777	
1295	0.790215	-1.738716	3.562251	
1296	0.802324	-1.740515	3.561757	
1297	0.814035	-1.740452	3.563042	
1298	0.823947	-1.741144	3.563669	
1299	0.838062	-1.742488	3.563806	
1300	0.849854	-1.743620	3.565182	
1301	0.862497	-1.744498	3.566728	
1302	0.875632	-1.746803	3.567858	
1303	0.887667	-1.747154	3.571280	
1304	0.899165	-1.748928	3.573841	
1305	0.914663	-1.749529	3.577618	
1306	0.925872	-1.751373	3.580751	
1307	0.939631	-1.753177	3.584873	
1308	0.950669	-1.756045	3.589112	
1309	0.962146	-1.757860	3.594517	
1310	0.973467	-1.761012	3.599886	
1311	0.987213	-1.762631	3.606270	
1312	0.998185	-1.764916	3.612332	
1313	1.009690	-1.768681	3.616630	
1314	1.021875	-1.771346	3.621699	
1315	1.030847	-1.773582	3.626813	
1316	1.040773	-1.776757	3.630424	
1317	1.049519	-1.778655	3.635202	
1318	1.066222	-1.782269	3.644429	
1319	1.075011	-1.783710	3.648316	
1320	1.084570	-1.784678	3.652678	
1321	1.092398	-1.786105	3.656103	
1322	1.102855	-1.787828	3.658383	
1323	1.118202	-1.787078	3.661506	
1324	1.127012	-1.788190	3.663760	
1325	1.137437	-1.789993	3.664967	
1326	1.148607	-1.789513	3.667537	
1327	1.158115	-1.790463	3.668714	
1328	1.168852	-1.791540	3.669173	
1329	1.180222	-1.790615	3.669812	
1330	1.191206	-1.791112	3.669453	
1331	1.202605	-1.790360	3.668695	
1332	1.213761	-1.789348	3.668208	
1333	1.227253	-1.787528	3.667252	
1334	1.251438	-1.784345	3.663818	
1335	1.265040	-1.781226	3.662561	
1336	1.276975	-1.777654	3.662228	
1337	1.306885	-1.772732	3.659351	
1338	1.333907	-1.769520	3.653131	
1339	1.348638	-1.764941	3.651372	
1340	1.358874	-1.761756	3.649183	
1341	1.371294	-1.760438	3.644476	
1342	1.382246	-1.758596	3.640623	
1343	1.394093	-1.757618	3.635798	
1344	1.404679	-1.757859	3.630156	
1345	1.422081	-1.753442	3.626157	
1346	1.424685	-1.754708	3.622031	
1347	1.441058	-1.751720	3.616812	
1348	1.445614	-1.750513	3.613952	
1349	1.451996	-1.750670	3.608422	
1350	1.462419	-1.749109	3.603469	
1351	1.471954	-1.745631	3.600430	
1352	1.477807	-1.746567	3.594769	
1353	1.487287	-1.744745	3.590039	
1354	1.496727	-1.742183	3.586351	
1355	1.505112	-1.741609	3.580360	
1356	1.515999	-1.738753	3.575788	
1357	1.525533	-1.736692	3.571097	
1358	1.537278	-1.734540	3.565165	
1359	1.548537	-1.731197	3.562018	
1360	1.558186	-1.728886	3.558737	
1361	1.570762	-1.726753	3.554604	
1362	1.584379	-1.723728	3.550742	
1363	1.594552	-1.720227	3.548912	
1364	1.606393	-1.718559	3.545437	
1365	1.620248	-1.715906	3.542011	
1366	1.632081	-1.713146	3.539459	
1367	1.642547	-1.712107	3.535095	
1368	1.655332	-1.708548	3.531613	
1369	1.664198	-1.706494	3.528489	
1370	1.675633	-1.703690	3.524227	
1371	1.686605	-1.699615	3.522339	
1372	1.695879	-1.697482	3.518688	
1373	1.706053	-1.694787	3.514852	
1374	1.714968	-1.691421	3.511199	
1375	1.723238	-1.688997	3.507520	
1376	1.731086	-1.686334	3.503366	
1377	1.740296	-1.682969	3.498589	
1378	1.748802	-1.680158	3.493069	
1379	1.755260	-1.677297	3.488631	
1380	1.764565	-1.673660	3.482276	
1381	1.773538	-1.667285	3.478356	
1382	1.778593	-1.663625	3.474517	
1383	1.785382	-1.660143	3.467425	
1384	1.795082	-1.653327	3.460658	
1385	1.799651	-1.649622	3.454496	
1386	1.807736	-1.644224	3.446247	
1387	1.815825	-1.638063	3.437497	
1388	1.821476	-1.634031	3.428384	
1389	1.828543	-1.628610	3.419305	
1390	1.834862	-1.622599	3.412823	
1391	1.842211	-1.617869	3.403583	
1392	1.852143	-1.612343	3.393299	
1393	1.858588	-1.606163	3.386678	
1394	1.864473	-1.602159	3.379745	
1395	1.878136	-1.593954	3.365793	
1396	1.889752	-1.584312	3.350841	
1397	1.896638	-1.579409	3.343119	
1398	1.903118	-1.574407	3.335709	
1399	1.909275	-1.571913	3.326539	
1400	1.915842	-1.567511	3.319304	
1401	1.922401	-1.563864	3.311668	
1402	1.928886	-1.560974	3.302533	
1403	1.934293	-1.557870	3.294177	
1404	1.940392	-1.554506	3.285054	
1405	1.945399	-1.550317	3.278471	
1406	1.951669	-1.545076	3.273064	
1407	1.957349	-1.541221	3.265271	
1408	1.964777	-1.536226	3.256927	
1409	1.971557	-1.530269	3.251030	
1410	1.978763	-1.524900	3.243184	
1411	1.986534	-1.518750	3.235123	
1412	1.994082	-1.513155	3.226672	
1413	2.002567	-1.508489	3.217166	
1414	2.012936	-1.501166	3.209794	
1415	2.020831	-1.495409	3.203476	
1416	2.030309	-1.489677	3.197005	
1417	2.040920	-1.483272	3.190500	
1418	2.050560	-1.476459	3.186195	
1419	2.059865	-1.470776	3.179812	
1420	2.070931	-1.464454	3.172634	
1421	2.080741	-1.458040	3.166330	
1422	2.091232	-1.452243	3.159022	
1423	2.099216	-1.446676	3.153845	
1424	2.114764	-1.437670	3.140413	
1425	2.120817	-1.432805	3.135830	
1426	2.126725	-1.429685	3.130071	
1427	2.133328	-1.426549	3.122195	
1428	2.139624	-1.422523	3.115314	
1429	2.144643	-1.418369	3.109987	
1430	2.149217	-1.413942	3.106022	
1431	2.153654	-1.410359	3.101502	
1432	2.158548	-1.407022	3.093315	
1433	2.163948	-1.402100	3.086764	
1434	2.167786	-1.396875	3.082669	
1435	2.171607	-1.391957	3.077685	
1436	2.175969	-1.386151	3.072309	
1437	2.178835	-1.382675	3.063694	
1438	2.181673	-1.378756	3.056475	
1439	2.184308	-1.373431	3.052082	
1440	2.187195	-1.368266	3.045835	
1441	2.191197	-1.363059	3.036962	
1442	2.194232	-1.357492	3.029006	
1443	2.196763	-1.352143	3.021282	
1444	2.200701	-1.346883	3.010782	
1445	2.204464	-1.341747	2.998706	
1446	2.206711	-1.337291	2.992335	
1447	2.208687	-1.333835	2.980887	
1448	2.213134	-1.328218	2.967034	
1449	2.214550	-1.323153	2.962857	
1450	2.215306	-1.319920	2.955461	
1451	2.219879	-1.311707	2.944465	
1452	2.221779	-1.305192	2.936550	
1453	2.220445	-1.302883	2.926903	
1454	2.222104	-1.296639	2.915959	
1455	2.224536	-1.288234	2.907300	
1456	2.224649	-1.283419	2.900523	
1457	2.226826	-1.277395	2.889611	
1458	2.228443	-1.271291	2.880433	
1459	2.229966	-1.265332	2.872065	
1460	2.232594	-1.257637	2.866849	
1461	2.234293	-1.253056	2.855740	
1462	2.236572	-1.248213	2.845203	
1463	2.240094	-1.240884	2.840789	
1464	2.241664	-1.236754	2.829036	
1465	2.246052	-1.229667	2.819696	
1466	2.249007	-1.223135	2.814521	
1467	2.250079	-1.219892	2.802691	
1468	2.254721	-1.213251	2.791504	
1469	2.257605	-1.209046	2.780492	
1470	2.260487	-1.205944	2.768854	
1471	2.269529	-1.195252	2.753001	
1472	2.273242	-1.191939	2.743991	
1473	2.278369	-1.187537	2.737513	
1474	2.283514	-1.183669	2.726979	
1475	2.288908	-1.180113	2.717993	
1476	2.294788	-1.176512	2.708756	
1477	2.300029	-1.172696	2.697818	
1478	2.306602	-1.166182	2.688263	
1479	2.312459	-1.160551	2.681268	
1480	2.316807	-1.156300	2.671715	
1481	2.322211	-1.149791	2.662832	
1482	2.325770	-1.145832	2.655222	
1483	2.329641	-1.141265	2.647437	
1484	2.333589	-1.135635	2.637662	
1485	2.337531	-1.129421	2.632506	
1486	2.340337	-1.125453	2.624100	
1487	2.342889	-1.120167	2.615221	
1488	2.346040	-1.114428	2.609404	
1489	2.347161	-1.110953	2.600337	
1490	2.349238	-1.105132	2.589583	
1491	2.350184	-1.100150	2.581354	
1492	2.350849	-1.094923	2.570723	
1493	2.352931	-1.083993	2.553133	
1494	2.353197	-1.080004	2.542591	
1495	2.353292	-1.073875	2.533260	
1496	2.353662	-1.067469	2.528245	
1497	2.353677	-1.061559	2.520614	
1498	2.351244	-1.058577	2.506408	
1499	2.350990	-1.050286	2.499279	
1500	2.350677	-1.042674	2.493015	
1501	2.349901	-1.034241	2.483735	
1502	2.349620	-1.025895	2.475992	
1503	2.348266	-1.019453	2.466372	
1504	2.347604	-1.013016	2.454041	
1505	2.345711	-1.008139	2.442171	
1506	2.343884	-1.004366	2.429519	
1507	2.343375	-0.998131	2.416883	
1508	2.342148	-0.992362	2.406358	
1509	2.342165	-0.985886	2.395893	
1510	2.340353	-0.980618	2.384178	
1511	2.339695	-0.974395	2.374091	
1512	2.338551	-0.968799	2.365077	
1513	2.336155	-0.965324	2.354699	
1514	2.335755	-0.958968	2.346249	
1515	2.334781	-0.953460	2.338617	
1516	2.332686	-0.950421	2.328451	
1517	2.330678	-0.945933	2.321158	
1518	2.328777	-0.942406	2.313926	
1519	2.327099	-0.938836	2.307285	
1520	2.326203	-0.933280	2.301054	
1521	2.325136	-0.929858	2.295217	
1522	2.324669	-0.926881	2.289740	
1523	2.324978	-0.922525	2.284383	
1524	2.325526	-0.918513	2.279774	
1525	2.325454	-0.916216	2.273065	
1526	2.324835	-0.913986	2.264266	
1527	2.326037	-0.910701	2.258036	
1528	2.326503	-0.908143	2.249875	
1529	2.327932	-0.904110	2.242202	
1530	2.330458	-0.899051	2.234103	
1531	2.333929	-0.892774	2.226680	
1532	2.337360	-0.886731	2.217138	
1533	2.341447	-0.880847	2.209121	
1534	2.344175	-0.876317	2.199501	
1535	2.347040	-0.871704	2.188904	
1536	2.352113	-0.864558	2.181003	
1537	2.355194	-0.860473	2.170342	
1538	2.359054	-0.855236	2.161102	
1539	2.362806	-0.850534	2.152033	
1540	2.366393	-0.845914	2.143152	
1541	2.370253	-0.841327	2.134085	
1542	2.374688	-0.836134	2.126643	
1543	2.378469	-0.832012	2.118784	
1544	2.381388	-0.829666	2.109990	
1545	2.386105	-0.823456	2.103330	
1546	2.388864	-0.818971	2.095769	
1547	2.392091	-0.815197	2.087645	
1548	2.395516	-0.809721	2.080376	
1549	2.398085	-0.804602	2.071797	
1550	2.400817	-0.799886	2.063258	
1551	2.403238	-0.794418	2.054264	
1552	2.405613	-0.789274	2.046326	
1553	2.406914	-0.785614	2.037251	
1554	2.408611	-0.780736	2.029264	
1555	2.410051	-0.775679	2.020713	
1556	2.411289	-0.770641	2.012487	
1557	2.411865	-0.766139	2.003933	
1558	2.412283	-0.762813	1.995610	
1559	2.412815	-0.757169	1.986835	
1560	2.414199	-0.750762	1.978631	
1561	2.414640	-0.745916	1.969955	
1562	2.414975	-0.739642	1.958908	
1563	2.414067	-0.735930	1.949185	
1564	2.414479	-0.723921	1.928595	
1565	2.415594	-0.717130	1.919617	
1566	2.416664	-0.711037	1.910016	
1567	2.418168	-0.704240	1.899170	
1568	2.420512	-0.698901	1.889623	
1569	2.423448	-0.690477	1.879578	
1570	2.425727	-0.685407	1.870919	
1571	2.427386	-0.682366	1.861144	
1572	2.430090	-0.677118	1.851803	
1573	2.431237	-0.673286	1.843085	
1574	2.433207	-0.670313	1.835507	
1575	2.435545	-0.665533	1.827211	
1576	2.436329	-0.664121	1.817571	
1577	2.438985	-0.660542	1.809262	
1578	2.441224	-0.658249	1.801952	
1579	2.445544	-0.653126	1.783730	
1580	2.448906	-0.649481	1.776442	
1581	2.450717	-0.647609	1.767468	
1582	2.454697	-0.643909	1.759953	
1583	2.458072	-0.640087	1.749266	
1584	2.461504	-0.636467	1.739687	
1585	2.464590	-0.633669	1.729308	
1586	2.468844	-0.628255	1.719618	
1587	2.472821	-0.623353	1.708982	
1588	2.475893	-0.620277	1.697751	
1589	2.481757	-0.613234	1.688754	
1590	2.485443	-0.609591	1.677531	
1591	2.488742	-0.607470	1.666469	
1592	2.493156	-0.602540	1.655282	
1593	2.497484	-0.599428	1.646069	
1594	2.501022	-0.595899	1.635868	
1595	2.506744	-0.589324	1.625500	
1596	2.511316	-0.582265	1.616773	
1597	2.515475	-0.577767	1.606694	
1598	2.520676	-0.570704	1.598814	
1599	2.524450	-0.563967	1.589698	
1600	2.528736	-0.557961	1.582116	
1601	2.531940	-0.552487	1.574007	
1602	2.534464	-0.545853	1.566271	
1603	2.538049	-0.539656	1.559829	
1604	2.539503	-0.533870	1.552186	
1605	2.541968	-0.528613	1.547340	
1606	2.543476	-0.521142	1.540342	
1607	2.543586	-0.515538	1.533790	
1608	2.544592	-0.510654	1.527850	
1609	2.545246	-0.505169	1.521886	
1610	2.544484	-0.499811	1.514296	
1611	2.544889	-0.494920	1.508951	
1612	2.543686	-0.491142	1.502831	
1613	2.541602	-0.485161	1.495265	
1614	2.538446	-0.473962	1.480931	
1615	2.535017	-0.468104	1.470626	
1616	2.532082	-0.463015	1.463023	
1617	2.528717	-0.456690	1.453799	
1618	2.526244	-0.450245	1.446034	
1619	2.521857	-0.444455	1.436669	
1620	2.517719	-0.437562	1.427807	
1621	2.514271	-0.431931	1.419580	
1622	2.510138	-0.427506	1.412018	
1623	2.505246	-0.423155	1.403109	
1624	2.500758	-0.418133	1.394785	
1625	2.496687	-0.412231	1.386676	
1626	2.491885	-0.408745	1.379281	
1627	2.485862	-0.406451	1.370813	
1628	2.481010	-0.403726	1.364282	
1629	2.474156	-0.401915	1.355275	
1630	2.469772	-0.399410	1.349134	
1631	2.464897	-0.397392	1.341835	
1632	2.459791	-0.395146	1.332736	
1633	2.456373	-0.392776	1.324749	
1634	2.453068	-0.390316	1.317040	
1635	2.449711	-0.388002	1.309638	
1636	2.445487	-0.386833	1.302518	
1637	2.442038	-0.383349	1.296690	
1638	2.438195	-0.381944	1.290546	
1639	2.434350	-0.379161	1.285356	
1640	2.429688	-0.377586	1.279587	
1641	2.424654	-0.376002	1.274522	
1642	2.420742	-0.372755	1.270139	
1643	2.417621	-0.371075	1.266650	
1644	2.412168	-0.369897	1.262228	
1645	2.408868	-0.367774	1.259672	
1646	2.405139	-0.367602	1.258081	
1647	2.400149	-0.365268	1.254678	
1648	2.397850	-0.362085	1.254842	
1649	2.394427	-0.357870	1.254285	
1650	2.390181	-0.356658	1.253152	
1651	2.385816	-0.354503	1.251215	
1652	2.378892	-0.352382	1.246888	
1653	2.374240	-0.349996	1.244849	
1654	2.370299	-0.347384	1.243995	
1655	2.364209	-0.345791	1.241590	
1656	2.358118	-0.344187	1.238946	
1657	2.352203	-0.340419	1.237850	
1658	2.345592	-0.339204	1.236219	
1659	2.338223	-0.337499	1.233865	
1660	2.331474	-0.335939	1.232652	
1661	2.322318	-0.334587	1.229571	
1662	2.313584	-0.333457	1.227258	
1663	2.305495	-0.331872	1.225625	
1664	2.294536	-0.331067	1.221990	
1665	2.285555	-0.330224	1.219915	
1666	2.277977	-0.328996	1.218665	
1667	2.268488	-0.329383	1.216452	
1668	2.256494	-0.329613	1.211262	
1669	2.248410	-0.329498	1.209357	
1670	2.238752	-0.328887	1.206813	
1671	2.226332	-0.327810	1.203166	
1672	2.216050	-0.327480	1.201357	
1673	2.205742	-0.328336	1.200964	
1674	2.192556	-0.327934	1.198631	
1675	2.180923	-0.327159	1.196802	
1676	2.170394	-0.326355	1.196020	
1677	2.158232	-0.325632	1.194533	
1678	2.146919	-0.324003	1.193083	
1679	2.137629	-0.322981	1.193673	
1680	2.127487	-0.322375	1.193498	
1681	2.117646	-0.321035	1.192859	
1682	2.108835	-0.320603	1.193042	
1683	2.100376	-0.318972	1.192799	
1684	2.092550	-0.317031	1.192536	
1685	2.084693	-0.316195	1.192268	
1686	2.077136	-0.314477	1.190720	
1687	2.070464	-0.313210	1.189939	
1688	2.056132	-0.310738	1.187861	
1689	2.049814	-0.309391	1.187422	
1690	2.043210	-0.307307	1.185958	
1691	2.036352	-0.305329	1.184144	
1692	2.029315	-0.302685	1.182044	
1693	2.023430	-0.298911	1.180460	
1694	2.016551	-0.294421	1.178082	
1695	2.009674	-0.290218	1.175567	
1696	2.002997	-0.286501	1.172499	
1697	1.996975	-0.281795	1.169645	
1698	1.990693	-0.277304	1.165744	
1699	1.984431	-0.273595	1.161878	
1700	1.979232	-0.268768	1.158626	
1701	1.974049	-0.264863	1.155272	
1702	1.968031	-0.260901	1.151024	
1703	1.963241	-0.255900	1.147593	
1704	1.957248	-0.252565	1.142124	
1705	1.951560	-0.248809	1.137022	
1706	1.947370	-0.244857	1.133138	
1707	1.941699	-0.241309	1.127672	
1708	1.936285	-0.237380	1.122785	
1709	1.931797	-0.233898	1.118817	
1710	1.924629	-0.231304	1.113718	
1711	1.918405	-0.227188	1.109170	
1712	1.913451	-0.223600	1.106060	
1713	1.906729	-0.221423	1.101670	
1714	1.899379	-0.217185	1.096850	
1715	1.892626	-0.214821	1.093142	
1716	1.884904	-0.212383	1.088550	
1717	1.877247	-0.209046	1.084179	
1718	1.868814	-0.206320	1.079141	
1719	1.860166	-0.203543	1.074722	
1720	1.851378	-0.200297	1.070324	
1721	1.842334	-0.197992	1.065670	
1722	1.833244	-0.195373	1.061965	
1723	1.822962	-0.192823	1.057786	
1724	1.812703	-0.190481	1.053375	
1725	1.801260	-0.189105	1.049462	
1726	1.790170	-0.186667	1.045492	
1727	1.781677	-0.185071	1.042513	
1728	1.772153	-0.182992	1.039743	
1729	1.753716	-0.178931	1.033883	
1730	1.745665	-0.177512	1.032575	
1731	1.736884	-0.175479	1.030523	
1732	1.728996	-0.174065	1.028692	
1733	1.721145	-0.172957	1.027307	
1734	1.713514	-0.171702	1.025929	
1735	1.707186	-0.169356	1.024904	
1736	1.700259	-0.167914	1.023373	
1737	1.693311	-0.167539	1.021556	
1738	1.687802	-0.166593	1.020248	
1739	1.681321	-0.165844	1.018393	
1740	1.675744	-0.164953	1.017129	
1741	1.668797	-0.163367	1.015453	
1742	1.665194	-0.162645	1.015534	
1743	1.658722	-0.160527	1.013382	
1744	1.654571	-0.159404	1.012836	
1745	1.648930	-0.158301	1.010487	
1746	1.644100	-0.157655	1.008484	
1747	1.637572	-0.155738	1.005504	
1748	1.632976	-0.155827	1.003350	
1749	1.626977	-0.154612	0.999776	
1750	1.621253	-0.151857	0.996413	
1751	1.615901	-0.149881	0.993227	
1752	1.609933	-0.148271	0.989441	
1753	1.604238	-0.145169	0.985810	
1754	1.597969	-0.141426	0.981552	
1755	1.591536	-0.139431	0.976501	
1756	1.585422	-0.134574	0.971632	
1757	1.579568	-0.130952	0.966599	
1758	1.565989	-0.123744	0.954521	
1759	1.560477	-0.120551	0.949082	
1760	1.554095	-0.117198	0.942877	
1761	1.547458	-0.113911	0.936507	
1762	1.541751	-0.110573	0.930208	
1763	1.535633	-0.107509	0.924324	
1764	1.530262	-0.102748	0.918684	
1765	1.525479	-0.099000	0.913213	
1766	1.511578	-0.092410	0.900973	
1767	1.506051	-0.089473	0.894992	
1768	1.499313	-0.084664	0.889792	
1769	1.493844	-0.080118	0.884516	
1770	1.488417	-0.077640	0.878817	
1771	1.483666	-0.075180	0.873797	
1772	1.479397	-0.070828	0.869589	
1773	1.474505	-0.068631	0.865101	
1774	1.470393	-0.068361	0.860845	
1775	1.465686	-0.067136	0.857239	
1776	1.454267	-0.069877	0.847570	
1777	1.448796	-0.070394	0.843120	
1778	1.443074	-0.073643	0.838441	
1779	1.436464	-0.077527	0.833167	
1780	1.430166	-0.080102	0.828435	
1781	1.415968	-0.087047	0.817869	
1782	1.409111	-0.089128	0.813254	
1783	1.401704	-0.090661	0.809082	
1784	1.393841	-0.090830	0.805147	
1785	1.387146	-0.091370	0.801724	
1786	1.379618	-0.092429	0.797901	
1787	1.372651	-0.093527	0.794274	
1788	1.366066	-0.093165	0.791114	
1789	1.352605	-0.092740	0.785686	
1790	1.346031	-0.093328	0.782852	
1791	1.339624	-0.093634	0.780146	
1792	1.333727	-0.092967	0.778086	
1793	1.327661	-0.093854	0.774701	
1794	1.321631	-0.092803	0.772187	
1795	1.317271	-0.092984	0.769580	
1796	1.310215	-0.093095	0.766505	
1797	1.304539	-0.092453	0.764181	
1798	1.298608	-0.091626	0.761397	
1799	1.293648	-0.091315	0.758883	
1800	1.287823	-0.089056	0.756532	
1801	1.283602	-0.087888	0.753280	
1802	1.278340	-0.086676	0.749909	
1803	1.271607	-0.085783	0.746419	
1804	1.268876	-0.085250	0.743512	
1805	1.265032	-0.082547	0.741669	
1806	1.261004	-0.080635	0.740121	
1807	1.256887	-0.079805	0.737378	
1808	1.252855	-0.077699	0.734984	
1809	1.249320	-0.075190	0.732893	
1810	1.245767	-0.073913	0.729385	
1811	1.240863	-0.070570	0.725894	
1812	1.238608	-0.067158	0.722795	
1813	1.234085	-0.063531	0.717890	
1814	1.228775	-0.061062	0.712242	
1815	1.225545	-0.056775	0.707537	
1816	1.222965	-0.053640	0.701618	
1817	1.218747	-0.049295	0.695582	
1818	1.215894	-0.045242	0.690353	
1819	1.214252	-0.043395	0.684168	
1820	1.210989	-0.038648	0.678821	
1821	1.206204	-0.032992	0.674573	
1822	1.203907	-0.032290	0.668321	
1823	1.199929	-0.026871	0.664344	
1824	1.196847	-0.025644	0.658977	
1825	1.193171	-0.024815	0.653322	
1826	1.188367	-0.022974	0.648596	
1827	1.186024	-0.020590	0.644175	
1828	1.180937	-0.019494	0.638932	
1829	1.176792	-0.017252	0.635380	
1830	1.172775	-0.017334	0.630927	
1831	1.166216	-0.016791	0.626446	
1832	1.159597	-0.016381	0.622322	
1833	1.151119	-0.013408	0.618950	
1834	1.144588	-0.015176	0.613921	
1835	1.135380	-0.014826	0.609632	
1836	1.127239	-0.014551	0.605809	
1837	1.121696	-0.016150	0.601465	
1838	1.112109	-0.017184	0.597556	
1839	1.102571	-0.020844	0.593502	
1840	1.094764	-0.023222	0.590652	
1841	1.084842	-0.030068	0.586649	
1842	1.073698	-0.034956	0.584130	
1843	1.064347	-0.038938	0.582824	
1844	1.054706	-0.041497	0.582667	
1845	1.042814	-0.044954	0.582926	
1846	1.032461	-0.048108	0.582768	
1847	1.021778	-0.052768	0.583131	
1848	1.010598	-0.055972	0.584302	
1849	1.001626	-0.056984	0.585390	
1850	0.991306	-0.061961	0.586806	
1851	0.979410	-0.064783	0.588657	
1852	0.969560	-0.067893	0.590039	
1853	0.958195	-0.070126	0.591617	
1854	0.947301	-0.074312	0.592680	
1855	0.937971	-0.078734	0.593298	
1856	0.926903	-0.081079	0.595665	
1857	0.917281	-0.084343	0.597764	
1858	0.908727	-0.085117	0.599822	
1859	0.899378	-0.089455	0.601750	
1860	0.890422	-0.091668	0.603895	
1861	0.883414	-0.093832	0.606119	
1862	0.875211	-0.093529	0.609660	
1863	0.868381	-0.097162	0.611916	
1864	0.861154	-0.098450	0.614482	
1865	0.853813	-0.098717	0.617659	
1866	0.846488	-0.100565	0.620890	
1867	0.839727	-0.103849	0.623866	
1868	0.831281	-0.101969	0.627908	
1869	0.825992	-0.102785	0.631623	
1870	0.821352	-0.107740	0.633383	
1871	0.814174	-0.108766	0.636226	
1872	0.805555	-0.108781	0.640355	
1873	0.801502	-0.114630	0.641792	
1874	0.796644	-0.115762	0.643530	
1875	0.788548	-0.116203	0.647022	
1876	0.784400	-0.119768	0.648834	
1877	0.779530	-0.121342	0.651286	
1878	0.772561	-0.120218	0.654719	
1879	0.768165	-0.122387	0.657158	
1880	0.763117	-0.122128	0.659685	
1881	0.757320	-0.122503	0.663116	
1882	0.753113	-0.124154	0.666696	
1883	0.749649	-0.125771	0.670059	
1884	0.741255	-0.124944	0.677504	
1885	0.737017	-0.128682	0.680911	
1886	0.731859	-0.127344	0.685470	
1887	0.727333	-0.126027	0.689566	
1888	0.723878	-0.127626	0.693135	
1889	0.719833	-0.127632	0.697666	
1890	0.717553	-0.124721	0.702818	
1891	0.714959	-0.127124	0.707588	
1892	0.711465	-0.126044	0.713455	
1893	0.708923	-0.124829	0.720176	
1894	0.705379	-0.125380	0.727370	
1895	0.702485	-0.123338	0.735789	
1896	0.700765	-0.123693	0.744099	
1897	0.697478	-0.123183	0.752525	
1898	0.695216	-0.122334	0.761378	
1899	0.693243	-0.121861	0.769947	
1900	0.690685	-0.123691	0.777644	
1901	0.687315	-0.122965	0.785233	
1902	0.685453	-0.125487	0.792863	
1903	0.681848	-0.125765	0.800285	
1904	0.679623	-0.129038	0.807931	
1905	0.676416	-0.129763	0.816336	
1906	0.673274	-0.132914	0.824209	
1907	0.669245	-0.135312	0.831458	
1908	0.665999	-0.138163	0.839960	
1909	0.663442	-0.142713	0.847703	
1910	0.660501	-0.146801	0.854718	
1911	0.658034	-0.149210	0.863529	
1912	0.655061	-0.152213	0.871338	
1913	0.651677	-0.155726	0.877648	
1914	0.649846	-0.157623	0.886345	
1915	0.649280	-0.160531	0.893903	
1916	0.647920	-0.164054	0.900483	
1917	0.646914	-0.165697	0.907891	
1918	0.646544	-0.167582	0.915058	
1919	0.646443	-0.171152	0.920751	
1920	0.645905	-0.172351	0.927244	
1921	0.646079	-0.174261	0.933385	
1922	0.646958	-0.176110	0.938931	
1923	0.649074	-0.179003	0.945038	
1924	0.650337	-0.182046	0.950659	
1925	0.651846	-0.185436	0.955574	
1926	0.652611	-0.187428	0.960452	
1927	0.654038	-0.189882	0.965871	
1928	0.655650	-0.191818	0.971280	
1929	0.656396	-0.194364	0.976238	
1930	0.657562	-0.195461	0.982669	
1931	0.658094	-0.198376	0.988012	
1932	0.658873	-0.199321	0.993451	
1933	0.661563	-0.201498	0.999663	
1934	0.662910	-0.203589	1.004413	
1935	0.663278	-0.204244	1.009017	
1936	0.664617	-0.204158	1.014691	
1937	0.665334	-0.204381	1.019222	
1938	0.667267	-0.204134	1.029817	
1939	0.667975	-0.204539	1.034004	
1940	0.668391	-0.203376	1.038335	
1941	0.669847	-0.200490	1.048993	
1942	0.669857	-0.198833	1.053659	
1943	0.670520	-0.196327	1.059600	
1944	0.672105	-0.194433	1.064972	
1945	0.672252	-0.191639	1.070791	
1946	0.672282	-0.188848	1.076784	
1947	0.672631	-0.186775	1.082396	
1948	0.670686	-0.179524	1.100462	
1949	0.670442	-0.176689	1.107243	
1950	0.670643	-0.175547	1.114102	
1951	0.670912	-0.173926	1.128332	
1952	0.670412	-0.173227	1.135513	
1953	0.669364	-0.172372	1.142677	
1954	0.669262	-0.172838	1.149255	
1955	0.669137	-0.173021	1.155622	
1956	0.669510	-0.172474	1.162256	
1957	0.668984	-0.173912	1.173247	
1958	0.668861	-0.174551	1.178833	
1959	0.668777	-0.175446	1.183918	
1960	0.669633	-0.175445	1.189587	
1961	0.670153	-0.175760	1.195233	
1962	0.670379	-0.176202	1.200309	
1963	0.670551	-0.176762	1.205204	
1964	0.671768	-0.176548	1.210383	
1965	0.672684	-0.176606	1.215254	
1966	0.673196	-0.177521	1.219594	
1967	0.673524	-0.176958	1.224249	
1968	0.673103	-0.176873	1.228219	
1969	0.673707	-0.176374	1.231893	
1970	0.673388	-0.175068	1.236238	
1971	0.674006	-0.173749	1.239975	
1972	0.674413	-0.172609	1.243142	
1973	0.674018	-0.170959	1.246366	
1974	0.675820	-0.170032	1.249402	
1975	0.675701	-0.168788	1.251759	
1976	0.674298	-0.167563	1.253890	
1977	0.673667	-0.166989	1.255601	
1978	0.673439	-0.166054	1.257776	
1979	0.672941	-0.165871	1.259354	
1980	0.671340	-0.164706	1.260797	
1981	0.669954	-0.163373	1.262622	
1982	0.668779	-0.162388	1.264349	
1983	0.664876	-0.161440	1.267099	
1984	0.662793	-0.159162	1.269232	
1985	0.660673	-0.156376	1.271080	
1986	0.657744	-0.153503	1.273074	
1987	0.654391	-0.151578	1.274120	
1988	0.650500	-0.148418	1.275370	
1989	0.647090	-0.146430	1.276518	
1990	0.643765	-0.145496	1.277288	
1991	0.640176	-0.144332	1.277911	
1992	0.637914	-0.143620	1.278959	
1993	0.634949	-0.143613	1.279670	
1994	0.632240	-0.143319	1.280764	
1995	0.630497	-0.142874	1.282177	
1996	0.628219	-0.142327	1.283682	
1997	0.625009	-0.141457	1.285135	
1998	0.621893	-0.140645	1.286684	
1999	0.617774	-0.140071	1.287492	
2000	0.613581	-0.139513	1.288497	
2001	0.609186	-0.140287	1.288623	
2002	0.604581	-0.139622	1.289015	
2003	0.599997	-0.139149	1.289570	
2004	0.596390	-0.139280	1.290045	
2005	0.592093	-0.138847	1.290581	
2006	0.588206	-0.138175	1.291400	
2007	0.584136	-0.138969	1.291370	
2008	0.579398	-0.139340	1.291190	
2009	0.574039	-0.139260	1.290540	
2010	0.569236	-0.138645	1.290061	
2011	0.563841	-0.137936	1.289617	
2012	0.558337	-0.137424	1.288913	
2013	0.552881	-0.138462	1.287297	
2014	0.547649	-0.137121	1.286288	
2015	0.542646	-0.136189	1.285368	
2016	0.538723	-0.135123	1.284667	
2017	0.534975	-0.132807	1.284571	
2018	0.530660	-0.133458	1.283140	
2019	0.527847	-0.132036	1.282883	
2020	0.524402	-0.131879	1.282463	
2021	0.521603	-0.131474	1.281849	
2022	0.518655	-0.130506	1.281285	
2023	0.513386	-0.130571	1.280031	
2024	0.511120	-0.129956	1.279492	
2025	0.508653	-0.130094	1.279027	
2026	0.505661	-0.130331	1.277778	
2027	0.503260	-0.128469	1.277739	
2028	0.500737	-0.129024	1.277081	
2029	0.498427	-0.127641	1.276284	
2030	0.496167	-0.127438	1.275928	
2031	0.493299	-0.126754	1.274899	
2032	0.490682	-0.125974	1.274215	
2033	0.487504	-0.125896	1.273104	
2034	0.483707	-0.125139	1.271422	
2035	0.480707	-0.124508	1.270490	
2036	0.476790	-0.123845	1.268615	
2037	0.473265	-0.123244	1.267139	
2038	0.469243	-0.122782	1.264803	
2039	0.465850	-0.122634	1.263398	
2040	0.462173	-0.121707	1.261216	
2041	0.459045	-0.121406	1.259381	
2042	0.455907	-0.121024	1.257481	
2043	0.453214	-0.120207	1.255941	
2044	0.446156	-0.118464	1.249865	
2045	0.439335	-0.115219	1.244061	
2046	0.435032	-0.113981	1.240092	
2047	0.432757	-0.112622	1.237716	
2048	0.429111	-0.111360	1.233858	
2049	0.425828	-0.108947	1.230722	
2050	0.422298	-0.108574	1.227241	
2051	0.419136	-0.107157	1.224265	
2052	0.416594	-0.105492	1.222098	
2053	0.413452	-0.104883	1.218865	
2054	0.410947	-0.103106	1.216625	
2055	0.407326	-0.102164	1.213318	
2056	0.403913	-0.101232	1.210182	
2057	0.398162	-0.098063	1.204803	
2058	0.394952	-0.097672	1.201610	
2059	0.392435	-0.095928	1.199441	
2060	0.389165	-0.094471	1.196313	
2061	0.386378	-0.091977	1.193691	
2062	0.381018	-0.087986	1.188856	
2063	0.378528	-0.085687	1.186419	
2064	0.374324	-0.080042	1.182072	
2065	0.372271	-0.078104	1.180210	
2066	0.370741	-0.076322	1.178105	
2067	0.369228	-0.073957	1.176544	
2068	0.366933	-0.073186	1.173860	
2069	0.365669	-0.072091	1.171729	
2070	0.361911	-0.070939	1.167253	
2071	0.360414	-0.070737	1.165073	
2072	0.358541	-0.069726	1.162471	
2073	0.356420	-0.070531	1.159259	
2074	0.354778	-0.070768	1.155998	
2075	0.353838	-0.069745	1.153482	
2076	0.351810	-0.070005	1.149422	
2077	0.351064	-0.068841	1.146125	
2078	0.350069	-0.068245	1.142690	
2079	0.349005	-0.068703	1.138664	
2080	0.348360	-0.067808	1.134890	
2081	0.347554	-0.066265	1.130949	
2082	0.346597	-0.065885	1.126409	
2083	0.346323	-0.064674	1.122046	
2084	0.345809	-0.063350	1.117052	
2085	0.345184	-0.061625	1.111490	
2086	0.345231	-0.060030	1.106488	
2087	0.345583	-0.060009	1.101393	
2088	0.345587	-0.058324	1.095165	
2089	0.346564	-0.056490	1.089408	
2090	0.347192	-0.055388	1.083395	
2091	0.348626	-0.052932	1.077974	
2092	0.352452	-0.048734	1.072880	
2093	0.351255	-0.048048	1.066370	
2094	0.352084	-0.044383	1.061060	
2095	0.356239	-0.042892	1.054922	
2096	0.354297	-0.042384	1.048679	
2097	0.354387	-0.039068	1.042263	
2098	0.355379	-0.038191	1.034783	
2099	0.355079	-0.035590	1.027282	
2100	0.355134	-0.033162	1.019445	
2101	0.355321	-0.032360	1.011367	
2102	0.354792	-0.030007	1.003671	
2103	0.354813	-0.027672	0.997099	
2104	0.353966	-0.026716	0.990283	
2105	0.353076	-0.026818	0.983610	
2106	0.352046	-0.026818	0.977078	
2107	0.350205	-0.027386	0.970754	
2108	0.347536	-0.028576	0.964708	
2109	0.345411	-0.028617	0.959926	
2110	0.342450	-0.029953	0.954158	
2111	0.339151	-0.029473	0.948918	
2112	0.336051	-0.029098	0.943976	
2113	0.332922	-0.030283	0.938651	
2114	0.329462	-0.028946	0.934115	
2115	0.325740	-0.027717	0.929635	
2116	0.323614	-0.028031	0.925944	
2117	0.319739	-0.026567	0.921503	
2118	0.316506	-0.024630	0.917220	
2119	0.313397	-0.024889	0.912371	
2120	0.310178	-0.023655	0.907221	
2121	0.309802	-0.022238	0.903423	
2122	0.304366	-0.024702	0.890949	
2123	0.304538	-0.022382	0.886014	
2124	0.301100	-0.025445	0.871688	
2125	0.302259	-0.022305	0.866284	
2126	0.300452	-0.024881	0.858360	
2127	0.300007	-0.024046	0.851301	
2128	0.301109	-0.021701	0.845352	
2129	0.300094	-0.022939	0.836757	
2130	0.300414	-0.025632	0.829065	
2131	0.299798	-0.022812	0.821465	
2132	0.299116	-0.021642	0.812932	
2133	0.299148	-0.021804	0.798233	
2134	0.298487	-0.021645	0.782308	
2135	0.299374	-0.021262	0.776778	
2136	0.300060	-0.020324	0.770572	
2137	0.299023	-0.021019	0.763520	
2138	0.300116	-0.019752	0.758233	
2139	0.301040	-0.018304	0.752596	
2140	0.301123	-0.017572	0.746376	
2141	0.301597	-0.018012	0.740161	
2142	0.302281	-0.015414	0.734126	
2143	0.303256	-0.012908	0.728306	
2144	0.305747	-0.013532	0.722152	
2145	0.306715	-0.012347	0.716154	
2146	0.307508	-0.009561	0.709991	
2147	0.308104	-0.010121	0.703313	
2148	0.309937	-0.009332	0.696450	
2149	0.315145	-0.004261	0.685175	
2150	0.317742	-0.004510	0.678285	
2151	0.319927	-0.001298	0.672132	
2152	0.324252	0.000264	0.655993	
2153	0.326006	0.001955	0.647650	
2154	0.326879	0.005970	0.640484	
2155	0.329036	0.008539	0.632133	
2156	0.329530	0.010245	0.622743	
2157	0.331152	0.011920	0.614033	
2158	0.332682	0.014458	0.604669	
2159	0.333339	0.016852	0.593376	
2160	0.334634	0.018860	0.583104	
2161	0.339748	0.023024	0.561436	
2162	0.339677	0.025732	0.551176	
2163	0.340657	0.028288	0.540888	
2164	0.340672	0.031411	0.529295	
2165	0.339621	0.031929	0.516178	
2166	0.340033	0.033974	0.505549	
2167	0.340502	0.038308	0.495396	
2168	0.341052	0.038120	0.482518	
2169	0.338959	0.039291	0.470080	
2170	0.338477	0.041244	0.460197	
2171	0.337199	0.043348	0.449589	
2172	0.336236	0.044847	0.439081	
2173	0.336316	0.047318	0.430304	
2174	0.334788	0.050316	0.421952	
2175	0.334121	0.051460	0.412839	
2176	0.332019	0.051765	0.404016	
2177	0.331133	0.055099	0.397579	
2178	0.331177	0.057099	0.390487	
2179	0.330905	0.056957	0.382480	
2180	0.327297	0.060089	0.370531	
2181	0.324097	0.061086	0.364135	
2182	0.319726	0.062049	0.358552	
2183	0.312094	0.063261	0.353120	
2184	0.310001	0.064670	0.347224	
2185	0.304433	0.064937	0.340794	
2186	0.298239	0.065551	0.336029	
2187	0.292082	0.066863	0.330778	
2188	0.285218	0.067528	0.324715	
2189	0.277197	0.069515	0.319489	
2190	0.269454	0.071182	0.314514	
2191	0.262319	0.072078	0.308062	
2192	0.253275	0.072694	0.300593	
2193	0.244255	0.073958	0.295112	
2194	0.234778	0.076124	0.289414	
2195	0.226333	0.076712	0.282679	
2196	0.215885	0.076894	0.275828	
2197	0.207171	0.078311	0.270002	
2198	0.198636	0.080010	0.263593	
2199	0.189713	0.079944	0.256832	
2200	0.181151	0.080763	0.251125	
2201	0.174814	0.082071	0.245289	
2202	0.167257	0.082990	0.239170	
2203	0.158422	0.082767	0.233194	
2204	0.150806	0.083294	0.228182	
2205	0.142530	0.084835	0.223207	
2206	0.134465	0.085031	0.217886	
2207	0.126780	0.085277	0.212314	
2208	0.119839	0.085299	0.206701	
2209	0.112795	0.086061	0.200881	
2210	0.105884	0.086104	0.194844	
2211	0.098467	0.085783	0.189368	
2212	0.091462	0.086430	0.184332	
2213	0.084568	0.087098	0.179058	
2214	0.067839	0.089464	0.169726	
2215	0.059938	0.090055	0.163895	
2216	0.051537	0.090625	0.158217	
2217	0.043656	0.091925	0.152501	
2218	0.035378	0.092228	0.145547	
2219	0.026168	0.092779	0.139196	
2220	0.018953	0.093490	0.132732	
2221	0.011252	0.093911	0.125134	
2222	0.000947	0.095726	0.117974	
2223	-0.007693	0.098362	0.111781	
2224	-0.015585	0.100294	0.104128	
2225	-0.026130	0.101939	0.096360	
2226	-0.034290	0.104440	0.090161	
2227	-0.042970	0.108222	0.083935	
2228	-0.052242	0.110814	0.077205	
2229	-0.061822	0.113908	0.071451	
2230	-0.068308	0.118393	0.065904	
2231	-0.077042	0.121724	0.059799	
2232	-0.086866	0.125234	0.054318	
2233	-0.093975	0.129423	0.049027	
2234	-0.101658	0.134333	0.043634	
2235	-0.119369	0.143591	0.033858	
2236	-0.124408	0.149445	0.029838	
2237	-0.133718	0.152812	0.024004	
2238	-0.141372	0.156916	0.020167	
2239	-0.147291	0.159643	0.016796	
2240	-0.152914	0.161411	0.013452	
2241	-0.159747	0.162568	0.009904	
2242	-0.165172	0.163482	0.006681	
2243	-0.171797	0.164084	0.003266	
2244	-0.178856	0.165339	0.000664	
2245	-0.184292	0.165796	-0.002131	
2246	-0.192791	0.166021	-0.005230	
2247	-0.201590	0.166233	-0.007923	
2248	-0.207562	0.167161	-0.009529	
2249	-0.212662	0.167883	-0.012443	
2250	-0.221240	0.168740	-0.014990	
2251	-0.228915	0.170403	-0.016541	
2252	-0.236154	0.171003	-0.018521	
2253	-0.243371	0.171471	-0.020080	
2254	-0.251333	0.171545	-0.021369	
2255	-0.258805	0.171465	-0.022505	
2256	-0.279065	0.169478	-0.024278	
2257	-0.294072	0.167713	-0.026940	
2258	-0.301350	0.168256	-0.027742	
2259	-0.307915	0.168722	-0.028624	
2260	-0.315608	0.168894	-0.029273	
2261	-0.322130	0.170003	-0.029460	
2262	-0.327994	0.172152	-0.029295	
2263	-0.335141	0.172929	-0.029427	
2264	-0.344425	0.173292	-0.029964	
2265	-0.351892	0.175197	-0.029776	
2266	-0.358075	0.176978	-0.030340	
2267	-0.365126	0.176782	-0.031982	
2268	-0.372768	0.176870	-0.033781	
2269	-0.380610	0.177123	-0.035418	
2270	-0.388079	0.175929	-0.037829	
2271	-0.396476	0.173941	-0.040385	
2272	-0.402773	0.173056	-0.042627	
2273	-0.409901	0.172076	-0.045179	
2274	-0.416903	0.168882	-0.048317	
2275	-0.426185	0.167599	-0.050946	
2276	-0.433076	0.166130	-0.053379	
2277	-0.439246	0.165377	-0.055811	
2278	-0.447300	0.164895	-0.057750	
2279	-0.454587	0.164262	-0.059465	
2280	-0.458996	0.164665	-0.060948	
2281	-0.467871	0.163439	-0.062674	
2282	-0.475936	0.165220	-0.063548	
2283	-0.481928	0.164711	-0.065279	
2284	-0.489851	0.162960	-0.066944	
2285	-0.495110	0.161714	-0.068301	
2286	-0.498814	0.161349	-0.070300	
2287	-0.505348	0.160778	-0.072736	
2288	-0.511634	0.159829	-0.075763	
2289	-0.517856	0.158189	-0.079370	
2290	-0.524135	0.157825	-0.083320	
2291	-0.530431	0.157831	-0.087757	
2292	-0.536932	0.158632	-0.092043	
2293	-0.542986	0.159531	-0.096803	
2294	-0.548636	0.160555	-0.101890	
2295	-0.556870	0.164023	-0.106976	
2296	-0.563735	0.167915	-0.112045	
2297	-0.569477	0.170349	-0.117705	
2298	-0.578246	0.173716	-0.122822	
2299	-0.585620	0.178368	-0.127609	
2300	-0.592069	0.182890	-0.132116	
2301	-0.596753	0.187072	-0.137129	
2302	-0.604705	0.190032	-0.141692	
2303	-0.611573	0.193452	-0.146083	
2304	-0.618593	0.199747	-0.149640	
2305	-0.623560	0.204079	-0.153967	
2306	-0.631793	0.209117	-0.156760	
2307	-0.637580	0.213349	-0.160278	
2308	-0.643362	0.217016	-0.164075	
2309	-0.649452	0.220153	-0.167726	
2310	-0.654302	0.224859	-0.170676	
2311	-0.660681	0.227451	-0.173873	
2312	-0.665343	0.230876	-0.176487	
2313	-0.671376	0.232740	-0.178944	
2314	-0.676848	0.233002	-0.181601	
2315	-0.681907	0.234282	-0.184015	
2316	-0.686646	0.235468	-0.185963	
2317	-0.691664	0.236607	-0.188027	
2318	-0.699888	0.238776	-0.189525	
2319	-0.705072	0.239577	-0.191414	
2320	-0.709504	0.239817	-0.193892	
2321	-0.715324	0.240062	-0.196725	
2322	-0.721240	0.240824	-0.199049	
2323	-0.727404	0.240883	-0.201625	
2324	-0.732433	0.240356	-0.204907	
2325	-0.739046	0.239000	-0.207814	
2326	-0.746011	0.238843	-0.210561	
2327	-0.751219	0.238871	-0.214085	
2328	-0.757489	0.236104	-0.217040	
2329	-0.764161	0.232714	-0.220459	
2330	-0.785887	0.230955	-0.220268	
2331	-0.793472	0.230411	-0.222749	
2332	-0.798952	0.227782	-0.225573	
2333	-0.808181	0.227191	-0.227820	
2334	-0.815539	0.227166	-0.229973	
2335	-0.823029	0.224685	-0.232208	
2336	-0.834211	0.225208	-0.233652	
2337	-0.839561	0.225686	-0.236310	
2338	-0.846213	0.224580	-0.239112	
2339	-0.858927	0.226025	-0.241264	
2340	-0.872668	0.229059	-0.243196	
2341	-0.877034	0.229765	-0.246756	
2342	-0.884089	0.230651	-0.249974	
2343	-0.895190	0.232398	-0.252361	
2344	-0.901186	0.231066	-0.255797	
2345	-0.909397	0.230512	-0.258795	
2346	-0.913388	0.231039	-0.261974	
2347	-0.920020	0.228618	-0.265869	
2348	-0.930147	0.227856	-0.268346	
2349	-0.937745	0.228266	-0.271106	
2350	-0.944332	0.227355	-0.274484	
2351	-0.951707	0.228076	-0.277951	
2352	-0.955786	0.225458	-0.282603	
2353	-0.962559	0.223029	-0.286717	
2354	-0.969681	0.220983	-0.290573	
2355	-0.975244	0.219569	-0.294642	
2356	-0.978935	0.219437	-0.299278	
2357	-0.987988	0.220423	-0.302673	
2358	-0.994524	0.222263	-0.305866	
2359	-1.000788	0.223711	-0.309949	
2360	-1.015494	0.225483	-0.318186	
2361	-1.027229	0.229548	-0.328492	
2362	-1.037710	0.234151	-0.333004	
2363	-1.044976	0.237977	-0.338099	
2364	-1.058536	0.244780	-0.347827	
2365	-1.075129	0.253956	-0.356611	
2366	-1.092081	0.259728	-0.365199	
2367	-1.102262	0.265136	-0.369312	
2368	-1.106808	0.268521	-0.373998	
2369	-1.114792	0.272182	-0.377022	
2370	-1.123519	0.278560	-0.379212	
2371	-1.132280	0.283906	-0.380899	
2372	-1.135547	0.287190	-0.383328	
2373	-1.140490	0.288600	-0.384179	
2374	-1.150980	0.293252	-0.381895	
2375	-1.157409	0.297526	-0.379820	
2376	-1.156459	0.297877	-0.379061	
2377	-1.160406	0.299950	-0.377037	
2378	-1.169113	0.301246	-0.373166	
2379	-1.178460	0.300270	-0.366936	
2380	-1.182289	0.302168	-0.362802	
2381	-1.188774	0.300293	-0.358800	
2382	-1.196595	0.297167	-0.353277	
2383	-1.199471	0.296136	-0.348830	
2384	-1.205498	0.296237	-0.342566	
2385	-1.211751	0.293163	-0.336156	
2386	-1.219337	0.290869	-0.329178	
2387	-1.225393	0.288514	-0.322524	
2388	-1.231867	0.281568	-0.315453	
2389	-1.240146	0.278746	-0.307349	
2390	-1.246927	0.276453	-0.299932	
2391	-1.251867	0.272701	-0.292244	
2392	-1.255350	0.266403	-0.285436	
2393	-1.264162	0.261036	-0.277310	
2394	-1.271654	0.256639	-0.269843	
2395	-1.277325	0.254881	-0.263046	
2396	-1.283428	0.249703	-0.256370	
2397	-1.288124	0.242336	-0.250284	
2398	-1.294872	0.236685	-0.243531	
2399	-1.305983	0.227685	-0.234435	
2400	-1.311361	0.221560	-0.228538	
2401	-1.314267	0.214706	-0.222970	
2402	-1.315840	0.208186	-0.218149	
2403	-1.321171	0.203044	-0.212526	
2404	-1.325572	0.197220	-0.207633	
2405	-1.326880	0.191275	-0.203339	
2406	-1.331286	0.188562	-0.198345	
2407	-1.335432	0.183557	-0.193399	
2408	-1.340237	0.178975	-0.188280	
2409	-1.344408	0.174400	-0.183085	
2410	-1.351271	0.168337	-0.173091	
2411	-1.354310	0.160100	-0.164828	
2412	-1.359027	0.157719	-0.159943	
2413	-1.361035	0.154958	-0.155344	
2414	-1.358823	0.150328	-0.152521	
2415	-1.362845	0.147264	-0.147106	
2416	-1.364186	0.143832	-0.142956	
2417	-1.363608	0.140341	-0.138963	
2418	-1.363732	0.137307	-0.135053	
2419	-1.368010	0.134943	-0.129615	
2420	-1.367546	0.130846	-0.126309	
2421	-1.370633	0.127940	-0.121325	
2422	-1.373451	0.125788	-0.116671	
2423	-1.374144	0.121612	-0.113050	
2424	-1.378507	0.120414	-0.107820	
2425	-1.379735	0.120175	-0.103131	
2426	-1.379933	0.117832	-0.098771	
2427	-1.384829	0.114902	-0.092527	
2428	-1.386975	0.113533	-0.086685	
2429	-1.388726	0.113619	-0.081269	
2430	-1.385744	0.112062	-0.077295	
2431	-1.388089	0.111161	-0.071359	
2432	-1.390175	0.111721	-0.065548	
2433	-1.391930	0.109384	-0.059977	
2434	-1.392992	0.107498	-0.053914	
2435	-1.391080	0.106579	-0.049322	
2436	-1.391340	0.105661	-0.043074	
2437	-1.389889	0.103099	-0.037326	
2438	-1.384557	0.100823	-0.031895	
2439	-1.382161	0.096974	-0.025120	
2440	-1.380164	0.091477	-0.017563	
2441	-1.376049	0.087008	-0.009838	
2442	-1.368626	0.084119	-0.003052	
2443	-1.363673	0.078746	0.005081	
2444	-1.363557	0.072822	0.015314	
2445	-1.356178	0.069170	0.023831	
2446	-1.345141	0.062727	0.030239	
2447	-1.343801	0.054771	0.039873	
2448	-1.336835	0.050477	0.048594	
2449	-1.322456	0.044355	0.053610	
2450	-1.320299	0.034288	0.062122	
2451	-1.318410	0.028079	0.071839	
2452	-1.302996	0.023502	0.077816	
2453	-1.293670	0.016529	0.084416	
2454	-1.292441	0.011215	0.093792	
2455	-1.284815	0.006624	0.100707	
2456	-1.274440	0.003265	0.105844	
2457	-1.272302	-0.001016	0.112997	
2458	-1.268307	-0.003508	0.119192	
2459	-1.258518	-0.006734	0.123230	
2460	-1.250496	-0.010190	0.126499	
2461	-1.247716	-0.010915	0.131729	
2462	-1.245232	-0.011065	0.136591	
2463	-1.236645	-0.012373	0.139263	
2464	-1.228652	-0.012468	0.142905	
2465	-1.225451	-0.012159	0.148147	
2466	-1.222209	-0.012802	0.153142	
2467	-1.214928	-0.014759	0.157747	
2468	-1.208978	-0.012393	0.163778	
2469	-1.205117	-0.010645	0.168772	
2470	-1.200569	-0.011525	0.173166	
2471	-1.196930	-0.009385	0.178560	
2472	-1.195085	-0.006786	0.184680	
2473	-1.189029	-0.006110	0.188145	
2474	-1.185578	-0.006646	0.192500	
2475	-1.182587	-0.004681	0.197089	
2476	-1.176795	-0.004690	0.199800	
2477	-1.174364	-0.005991	0.203085	
2478	-1.170415	-0.005469	0.206075	
2479	-1.166559	-0.003981	0.208934	
2480	-1.165120	-0.003697	0.212055	
2481	-1.160362	-0.003826	0.215060	
2482	-1.156321	-0.002656	0.218819	
2483	-1.150185	-0.005962	0.221527	
2484	-1.149990	-0.003516	0.228321	
2485	-1.147836	-0.000899	0.234170	
2486	-1.139969	-0.002505	0.237691	
2487	-1.136759	-0.004342	0.242150	
2488	-1.138924	-0.001582	0.247661	
2489	-1.134855	-0.002704	0.251710	
2490	-1.130264	-0.002289	0.255598	
2491	-1.127897	-0.001467	0.259895	
2492	-1.126827	-0.002550	0.264698	
2493	-1.122629	0.003124	0.269379	
2494	-1.115849	0.002361	0.271398	
2495	-1.116741	0.003574	0.275692	
2496	-1.116856	0.008425	0.280648	
2497	-1.111271	0.008678	0.282282	
2498	-1.111546	0.008862	0.285222	
2499	-1.114429	0.014590	0.290184	
2500	-1.110583	0.014805	0.291311	
2501	-1.110698	0.014772	0.293340	
2502	-1.112415	0.017198	0.296516	
2503	-1.110510	0.017106	0.297723	
2504	-1.111925	0.016718	0.299265	
2505	-1.114383	0.017848	0.301465	
2506	-1.113123	0.018147	0.302596	
2507	-1.112888	0.017880	0.303516	
2508	-1.114291	0.019228	0.305174	
2509	-1.113611	0.019963	0.306426	
2510	-1.111252	0.020787	0.306877	
2511	-1.112603	0.021493	0.308115	
2512	-1.114571	0.024524	0.310464	
2513	-1.113690	0.025892	0.311952	
2514	-1.114112	0.026251	0.313238	
2515	-1.117798	0.029235	0.316502	
2516	-1.115289	0.031219	0.317978	
2517	-1.113396	0.031557	0.318860	
2518	-1.118556	0.034303	0.322606	
2519	-1.117444	0.036891	0.324808	
2520	-1.115385	0.036804	0.326180	
2521	-1.118128	0.038976	0.329466	
2522	-1.117025	0.041012	0.331753	
2523	-1.114740	0.042470	0.333907	
2524	-1.112900	0.044149	0.335697	
2525	-1.114631	0.045684	0.338603	
2526	-1.110844	0.047041	0.340344	
2527	-1.108358	0.048666	0.341830	
2528	-1.109986	0.050638	0.344487	
2529	-1.109106	0.052450	0.346577	
2530	-1.104338	0.053584	0.346580	
2531	-1.103952	0.053998	0.347422	
2532	-1.105447	0.055930	0.349118	
2533	-1.102300	0.056729	0.349166	
2534	-1.100803	0.056373	0.348901	
2535	-1.103142	0.057037	0.350694	
2536	-1.100338	0.057776	0.351275	
2537	-1.099352	0.057026	0.351370	
2538	-1.099391	0.056704	0.352093	
2539	-1.098715	0.056324	0.352899	
2540	-1.097006	0.056177	0.353028	
2541	-1.095606	0.055105	0.353469	
2542	-1.092796	0.054752	0.352861	
2543	-1.092569	0.054124	0.352850	
2544	-1.091622	0.053676	0.353004	
2545	-1.089664	0.053221	0.352765	
2546	-1.090587	0.051834	0.352840	
2547	-1.090003	0.052554	0.353298	
2548	-1.087229	0.053678	0.352920	
2549	-1.087799	0.053769	0.353220	
2550	-1.088005	0.054784	0.353721	
2551	-1.085154	0.056785	0.353612	
2552	-1.084294	0.056999	0.353375	
2553	-1.084001	0.059068	0.354147	
2554	-1.080548	0.060905	0.353534	
2555	-1.080006	0.061546	0.353447	
2556	-1.079659	0.063062	0.353886	
2557	-1.076666	0.065399	0.353192	
2558	-1.075788	0.065872	0.352734	
2559	-1.076248	0.067281	0.353084	
2560	-1.072922	0.069387	0.352483	
2561	-1.072666	0.069886	0.352060	
2562	-1.072972	0.071352	0.352393	
2563	-1.068801	0.073938	0.351571	
2564	-1.068587	0.075101	0.351479	
2565	-1.067507	0.077170	0.351506	
2566	-1.063342	0.080873	0.350226	
2567	-1.063694	0.082191	0.350158	
2568	-1.060431	0.084259	0.348720	
2569	-1.059984	0.085485	0.347575	
2570	-1.058046	0.086468	0.346610	
2571	-1.058035	0.086761	0.345534	
2572	-1.057571	0.087249	0.344808	
2573	-1.055196	0.087934	0.343547	
2574	-1.055044	0.088453	0.342221	
2575	-1.052791	0.088079	0.340719	
2576	-1.053666	0.088302	0.340394	
2577	-1.051423	0.088307	0.339422	
2578	-1.049603	0.088542	0.337497	
2579	-1.048459	0.089226	0.336918	
2580	-1.045650	0.089956	0.335801	
2581	-1.045310	0.090514	0.335251	
2582	-1.045733	0.091019	0.335211	
2583	-1.043659	0.091823	0.334433	
