0	0.000000	0.000000	0.000000	
1	0.000000	0.000000	0.000000	
2	0.000000	0.000000	0.000000	
3	0.000000	0.000000	0.000000	
4	0.001032	0.001991	0.001808	
5	0.000739	0.002260	0.002021	
6	0.000551	0.003088	0.001928	
7	0.001031	0.002894	0.001749	
8	0.000428	0.005546	0.002278	
9	0.000983	0.004755	0.001690	
10	0.001119	0.006161	0.002104	
11	0.001191	0.004953	0.001749	
12	0.001104	0.004747	0.002047	
13	0.001375	0.004977	0.002147	
14	0.000846	0.003922	0.001673	
15	0.000859	0.003376	0.001569	
16	0.001061	0.002553	0.001189	
17	0.000925	0.001067	0.000476	
18	0.001604	0.001626	0.000733	
19	0.001431	0.001209	0.000100	
20	0.001135	0.001819	0.000284	
21	0.001603	0.001523	0.000162	
22	0.003118	0.002243	0.000173	
23	0.003458	0.002291	-0.000211	
24	0.003322	0.001703	-0.000826	
25	0.004199	0.002051	-0.001133	
26	0.004584	0.001865	-0.001832	
27	0.004721	0.001163	-0.002753	
28	0.006379	0.001703	-0.003006	
29	0.006005	0.001958	-0.003385	
30	0.005442	0.001247	-0.004307	
31	0.006826	0.001318	-0.004466	
32	0.007142	0.002637	-0.004294	
33	0.006581	0.003280	-0.004875	
34	0.007092	0.003849	-0.005035	
35	0.007433	0.003906	-0.005143	
36	0.007128	0.004260	-0.005388	
37	0.008029	0.005188	-0.005082	
38	0.008946	0.006753	-0.005003	
39	0.008013	0.006623	-0.005672	
40	0.008469	0.007240	-0.005419	
41	0.009154	0.007256	-0.005656	
42	0.009368	0.006202	-0.006473	
43	0.009605	0.005230	-0.007028	
44	0.010081	0.005043	-0.007097	
45	0.010398	0.005557	-0.007387	
46	0.010523	0.005620	-0.007793	
47	0.010916	0.006028	-0.007988	
48	0.010999	0.006729	-0.008329	
49	0.010590	0.006238	-0.008662	
50	0.011686	0.006567	-0.008795	
51	0.011915	0.005790	-0.009534	
52	0.011055	0.005562	-0.009781	
53	0.011689	0.006658	-0.009824	
54	0.011310	0.006269	-0.010194	
55	0.011414	0.006047	-0.010627	
56	0.011652	0.006482	-0.010604	
57	0.011431	0.006493	-0.010922	
58	0.011282	0.006547	-0.011063	
59	0.012135	0.008035	-0.010310	
60	0.011786	0.008335	-0.010081	
61	0.010594	0.008880	-0.009761	
62	0.011532	0.009897	-0.009068	
63	0.011870	0.010825	-0.008398	
64	0.010868	0.012048	-0.007740	
65	0.010536	0.012189	-0.007455	
66	0.010464	0.012202	-0.007127	
67	0.010267	0.013575	-0.006287	
68	0.009261	0.013719	-0.006191	
69	0.007272	0.014440	-0.006216	
70	0.005870	0.014394	-0.006425	
71	0.003561	0.013437	-0.007542	
72	0.000709	0.013341	-0.008910	
73	-0.002217	0.011174	-0.011769	
74	-0.007869	0.009669	-0.015480	
75	-0.014512	0.008847	-0.019164	
76	-0.019705	0.008330	-0.023431	
77	-0.032862	0.005688	-0.033128	
78	-0.041430	0.004817	-0.037981	
79	-0.050458	0.005165	-0.042191	
80	-0.059220	0.004836	-0.046873	
81	-0.068355	0.004591	-0.051222	
82	-0.079595	0.005259	-0.055779	
83	-0.090558	0.007320	-0.059628	
84	-0.101308	0.008849	-0.063157	
85	-0.112741	0.011175	-0.066367	
86	-0.125120	0.013149	-0.069284	
87	-0.138380	0.016015	-0.071728	
88	-0.151382	0.018858	-0.074033	
89	-0.163111	0.021171	-0.076310	
90	-0.176684	0.023212	-0.078898	
91	-0.188939	0.027155	-0.080356	
92	-0.200251	0.030479	-0.082025	
93	-0.212965	0.032763	-0.083965	
94	-0.224486	0.034667	-0.085287	
95	-0.235373	0.036324	-0.087244	
96	-0.245439	0.038459	-0.088851	
97	-0.255625	0.038682	-0.090573	
98	-0.265660	0.038201	-0.092179	
99	-0.275908	0.038150	-0.092881	
100	-0.284466	0.038169	-0.093449	
101	-0.295053	0.036681	-0.093933	
102	-0.304952	0.036015	-0.093811	
103	-0.314072	0.034796	-0.093608	
104	-0.322496	0.032787	-0.093788	
105	-0.331796	0.030565	-0.094018	
106	-0.341690	0.029416	-0.093236	
107	-0.349601	0.029171	-0.092112	
108	-0.368589	0.025544	-0.090587	
109	-0.378035	0.024807	-0.088851	
110	-0.387153	0.023936	-0.087132	
111	-0.396938	0.022399	-0.084786	
112	-0.408390	0.021356	-0.082094	
113	-0.419475	0.020630	-0.079302	
114	-0.429546	0.018445	-0.076649	
115	-0.440192	0.014898	-0.073598	
116	-0.452339	0.010844	-0.070422	
117	-0.462707	0.008061	-0.066216	
118	-0.470122	0.005948	-0.060421	
119	-0.494223	-0.000029	-0.048399	
120	-0.501977	-0.000811	-0.040768	
121	-0.507007	-0.005145	-0.033734	
122	-0.516416	-0.008700	-0.026738	
123	-0.523999	-0.009914	-0.019756	
124	-0.531956	-0.014394	-0.014277	
125	-0.539435	-0.018199	-0.008284	
126	-0.546758	-0.020612	-0.002486	
127	-0.554985	-0.025292	0.001871	
128	-0.562088	-0.029327	0.006634	
129	-0.568034	-0.033236	0.011366	
130	-0.576553	-0.037305	0.015685	
131	-0.582801	-0.040080	0.020897	
132	-0.588717	-0.044149	0.026194	
133	-0.594906	-0.048051	0.031312	
134	-0.609927	-0.053121	0.042329	
135	-0.617251	-0.055739	0.048134	
136	-0.625397	-0.057484	0.053754	
137	-0.633441	-0.060366	0.059156	
138	-0.647545	-0.065146	0.070159	
139	-0.656549	-0.065956	0.075960	
140	-0.674232	-0.070035	0.087196	
141	-0.682786	-0.072065	0.092886	
142	-0.691782	-0.072325	0.098982	
143	-0.700918	-0.073956	0.104716	
144	-0.709950	-0.076321	0.110389	
145	-0.717948	-0.079132	0.115506	
146	-0.727555	-0.083310	0.120305	
147	-0.737143	-0.084267	0.126024	
148	-0.745524	-0.087941	0.130956	
149	-0.754371	-0.090281	0.135992	
150	-0.763609	-0.091844	0.141776	
151	-0.777957	-0.098264	0.152826	
152	-0.785954	-0.100333	0.158148	
153	-0.792424	-0.104003	0.163213	
154	-0.797111	-0.108232	0.168051	
155	-0.803542	-0.109453	0.173367	
156	-0.810079	-0.110744	0.179014	
157	-0.814445	-0.113261	0.184604	
158	-0.819404	-0.117305	0.190147	
159	-0.826231	-0.119287	0.196198	
160	-0.831192	-0.121667	0.202065	
161	-0.835508	-0.124678	0.207408	
162	-0.841354	-0.126009	0.212653	
163	-0.848065	-0.127673	0.217906	
164	-0.852675	-0.129641	0.222895	
165	-0.857414	-0.132926	0.227342	
166	-0.864097	-0.134284	0.232269	
167	-0.868798	-0.136658	0.237311	
168	-0.872528	-0.139976	0.241727	
169	-0.878507	-0.141891	0.247087	
170	-0.885199	-0.143416	0.252711	
171	-0.889435	-0.149055	0.257748	
172	-0.894498	-0.153778	0.262778	
173	-0.901422	-0.157445	0.268273	
174	-0.911457	-0.163976	0.279951	
175	-0.917573	-0.168057	0.286038	
176	-0.923414	-0.170267	0.292614	
177	-0.927824	-0.174179	0.299345	
178	-0.932556	-0.177855	0.306088	
179	-0.937877	-0.181825	0.312921	
180	-0.942623	-0.185524	0.319412	
181	-0.947702	-0.188463	0.325771	
182	-0.951992	-0.191951	0.331588	
183	-0.958204	-0.196844	0.337790	
184	-0.962688	-0.198271	0.344022	
185	-0.965105	-0.202390	0.348881	
186	-0.971409	-0.203985	0.354650	
187	-0.978275	-0.206365	0.360219	
188	-0.982965	-0.208596	0.365565	
189	-0.987460	-0.210252	0.370827	
190	-0.995296	-0.210858	0.376831	
191	-1.002602	-0.211484	0.383229	
192	-1.007616	-0.212341	0.389469	
193	-1.013074	-0.214029	0.395312	
194	-1.022178	-0.214273	0.402133	
195	-1.032204	-0.214005	0.409016	
196	-1.040776	-0.215478	0.414819	
197	-1.050453	-0.215867	0.420372	
198	-1.063402	-0.217012	0.426415	
199	-1.073965	-0.217126	0.431250	
200	-1.083420	-0.217680	0.435565	
201	-1.094486	-0.218417	0.440140	
202	-1.107277	-0.218657	0.445432	
203	-1.116223	-0.217917	0.449456	
204	-1.127179	-0.220046	0.453753	
205	-1.147449	-0.222733	0.462225	
206	-1.155916	-0.224290	0.465945	
207	-1.165998	-0.227295	0.470330	
208	-1.175015	-0.229658	0.474729	
209	-1.180902	-0.230497	0.478475	
210	-1.188753	-0.234016	0.482438	
211	-1.198616	-0.236905	0.487456	
212	-1.203742	-0.238351	0.491955	
213	-1.209544	-0.241210	0.496164	
214	-1.218421	-0.245197	0.501494	
215	-1.223616	-0.246311	0.506752	
216	-1.228127	-0.249095	0.511262	
217	-1.235787	-0.252779	0.517215	
218	-1.240123	-0.255430	0.523005	
219	-1.244667	-0.257570	0.528722	
220	-1.250305	-0.261027	0.534764	
221	-1.255567	-0.263457	0.541053	
222	-1.259408	-0.267060	0.546713	
223	-1.264188	-0.271356	0.552887	
224	-1.268875	-0.275248	0.559092	
225	-1.272357	-0.279256	0.565169	
226	-1.276793	-0.283320	0.571865	
227	-1.278964	-0.287549	0.577975	
228	-1.281962	-0.292951	0.584187	
229	-1.285758	-0.299085	0.590282	
230	-1.289011	-0.303554	0.596274	
231	-1.292444	-0.307739	0.601868	
232	-1.296291	-0.312661	0.607946	
233	-1.298513	-0.317776	0.613455	
234	-1.302286	-0.322882	0.619441	
235	-1.308072	-0.326492	0.626582	
236	-1.311745	-0.330733	0.632424	
237	-1.315248	-0.334872	0.638236	
238	-1.319412	-0.338768	0.644178	
239	-1.323625	-0.341931	0.650394	
240	-1.327737	-0.345335	0.656530	
241	-1.333242	-0.349676	0.662842	
242	-1.338497	-0.351993	0.668962	
243	-1.343258	-0.355432	0.674016	
244	-1.349700	-0.360138	0.679739	
245	-1.355280	-0.362936	0.685090	
246	-1.359397	-0.367516	0.689565	
247	-1.364871	-0.372810	0.693699	
248	-1.370686	-0.376557	0.697726	
249	-1.375849	-0.380460	0.701052	
250	-1.381353	-0.385114	0.704002	
251	-1.389182	-0.388043	0.707052	
252	-1.395786	-0.390582	0.710218	
253	-1.402774	-0.394689	0.712403	
254	-1.412423	-0.396247	0.715410	
255	-1.420943	-0.397683	0.717425	
256	-1.439782	-0.401080	0.720503	
257	-1.450927	-0.400767	0.721976	
258	-1.470551	-0.400844	0.723250	
259	-1.482531	-0.400807	0.724548	
260	-1.493593	-0.400070	0.725819	
261	-1.503796	-0.398627	0.726714	
262	-1.514307	-0.398508	0.727850	
263	-1.524309	-0.399244	0.728955	
264	-1.534645	-0.397639	0.730932	
265	-1.544759	-0.397403	0.732139	
266	-1.555439	-0.397736	0.733513	
267	-1.565153	-0.398040	0.735372	
268	-1.574332	-0.399042	0.736842	
269	-1.585041	-0.398616	0.738968	
270	-1.595535	-0.397497	0.741987	
271	-1.604949	-0.397790	0.744103	
272	-1.615041	-0.399058	0.747165	
273	-1.623713	-0.399597	0.750324	
274	-1.632204	-0.400454	0.753129	
275	-1.641790	-0.397962	0.757431	
276	-1.650011	-0.396197	0.762326	
277	-1.658761	-0.393898	0.767682	
278	-1.666723	-0.389333	0.774379	
279	-1.674245	-0.385362	0.781361	
280	-1.680586	-0.380722	0.789222	
281	-1.686876	-0.375167	0.797142	
282	-1.691268	-0.370868	0.804971	
283	-1.695121	-0.366905	0.813064	
284	-1.698728	-0.363192	0.821136	
285	-1.701272	-0.360049	0.828381	
286	-1.704175	-0.359067	0.836468	
287	-1.706906	-0.356701	0.845808	
288	-1.706413	-0.353253	0.854249	
289	-1.707717	-0.353299	0.861778	
290	-1.708785	-0.350684	0.870898	
291	-1.708229	-0.348717	0.879318	
292	-1.708817	-0.347146	0.888558	
293	-1.709455	-0.345549	0.897440	
294	-1.710287	-0.343066	0.907032	
295	-1.711188	-0.340806	0.916394	
296	-1.711952	-0.341078	0.925223	
297	-1.713432	-0.340259	0.934634	
298	-1.714166	-0.340798	0.943185	
299	-1.715254	-0.342151	0.950348	
300	-1.717423	-0.343637	0.958115	
301	-1.719721	-0.345124	0.966064	
302	-1.721796	-0.345092	0.974348	
303	-1.723891	-0.347673	0.981129	
304	-1.726195	-0.350222	0.988172	
305	-1.728440	-0.354303	0.994974	
306	-1.732153	-0.356733	1.001777	
307	-1.735863	-0.357938	1.008907	
308	-1.739999	-0.361335	1.015327	
309	-1.743646	-0.364919	1.021132	
310	-1.747127	-0.368498	1.027058	
311	-1.750949	-0.370824	1.033209	
312	-1.754532	-0.374145	1.038550	
313	-1.758464	-0.377483	1.044360	
314	-1.762677	-0.378366	1.050609	
315	-1.766593	-0.382446	1.056286	
316	-1.771414	-0.386654	1.061553	
317	-1.776346	-0.390960	1.066748	
318	-1.781561	-0.394852	1.072041	
319	-1.786948	-0.398858	1.077171	
320	-1.792932	-0.403341	1.082352	
321	-1.798443	-0.408680	1.087286	
322	-1.804048	-0.413652	1.092210	
323	-1.809650	-0.418839	1.096255	
324	-1.815164	-0.423716	1.100763	
325	-1.820703	-0.427701	1.104774	
326	-1.825392	-0.433253	1.107889	
327	-1.829779	-0.437791	1.110697	
328	-1.834521	-0.442589	1.114016	
329	-1.839400	-0.447152	1.117894	
330	-1.843897	-0.453328	1.122668	
331	-1.848157	-0.458549	1.126593	
332	-1.852364	-0.463710	1.131020	
333	-1.856507	-0.469301	1.136733	
334	-1.860084	-0.477367	1.141567	
335	-1.864187	-0.481802	1.147286	
336	-1.868160	-0.487529	1.153490	
337	-1.871442	-0.493741	1.157916	
338	-1.875080	-0.499497	1.164400	
339	-1.877480	-0.506708	1.169960	
340	-1.879859	-0.513453	1.174928	
341	-1.882415	-0.518631	1.180973	
342	-1.884279	-0.524906	1.188467	
343	-1.885374	-0.531079	1.192709	
344	-1.887179	-0.535953	1.199263	
345	-1.888146	-0.542634	1.206532	
346	-1.889284	-0.547956	1.211988	
347	-1.890935	-0.551231	1.219305	
348	-1.890913	-0.557225	1.226124	
349	-1.890332	-0.563839	1.229689	
350	-1.890872	-0.568305	1.236121	
351	-1.891157	-0.573472	1.243629	
352	-1.890620	-0.579109	1.248416	
353	-1.890625	-0.584634	1.255051	
354	-1.890515	-0.596504	1.268526	
355	-1.889630	-0.600632	1.274101	
356	-1.889077	-0.606058	1.280896	
357	-1.888938	-0.612237	1.288395	
358	-1.888424	-0.617219	1.294559	
359	-1.887627	-0.624188	1.302516	
360	-1.887061	-0.635127	1.317770	
361	-1.886398	-0.641877	1.325494	
362	-1.885922	-0.647967	1.332630	
363	-1.885186	-0.654109	1.339656	
364	-1.885301	-0.659140	1.347097	
365	-1.885409	-0.663983	1.354486	
366	-1.885196	-0.667961	1.361938	
367	-1.884704	-0.670673	1.367029	
368	-1.884705	-0.674578	1.373179	
369	-1.884494	-0.678924	1.380182	
370	-1.883694	-0.682273	1.386244	
371	-1.883770	-0.684620	1.391304	
372	-1.883045	-0.687592	1.397139	
373	-1.882612	-0.690576	1.401296	
374	-1.883025	-0.693346	1.405050	
375	-1.883400	-0.695344	1.409702	
376	-1.884115	-0.697661	1.414811	
377	-1.885031	-0.699444	1.418511	
378	-1.886327	-0.701169	1.423094	
379	-1.887998	-0.702307	1.428452	
380	-1.889756	-0.704246	1.434014	
381	-1.891590	-0.706627	1.439103	
382	-1.893854	-0.709070	1.445282	
383	-1.896125	-0.712783	1.450233	
384	-1.898827	-0.716244	1.455981	
385	-1.902195	-0.719305	1.461866	
386	-1.905264	-0.724404	1.466543	
387	-1.909613	-0.727679	1.472733	
388	-1.913418	-0.733428	1.478121	
389	-1.917230	-0.740323	1.483418	
390	-1.922130	-0.743652	1.488705	
391	-1.926335	-0.750294	1.493490	
392	-1.931227	-0.756311	1.498573	
393	-1.936452	-0.762365	1.505375	
394	-1.941685	-0.768467	1.510559	
395	-1.947015	-0.774977	1.516200	
396	-1.952900	-0.780248	1.523118	
397	-1.958228	-0.788064	1.529189	
398	-1.968396	-0.800367	1.539668	
399	-1.972289	-0.808882	1.545866	
400	-1.976737	-0.815048	1.550276	
401	-1.980139	-0.825724	1.558034	
402	-1.983304	-0.831619	1.562010	
403	-1.986989	-0.837231	1.566844	
404	-1.990403	-0.847370	1.576514	
405	-1.993330	-0.851461	1.582918	
406	-1.996359	-0.857414	1.588686	
407	-1.999336	-0.864953	1.596886	
408	-2.001510	-0.869443	1.604927	
409	-2.003629	-0.873178	1.610507	
410	-2.005847	-0.876930	1.616253	
411	-2.007693	-0.880831	1.624607	
412	-2.009211	-0.884683	1.632426	
413	-2.010709	-0.887564	1.639159	
414	-2.012001	-0.890408	1.646944	
415	-2.012783	-0.892609	1.654837	
416	-2.014134	-0.895237	1.663407	
417	-2.015678	-0.894394	1.668832	
418	-2.016958	-0.896921	1.678576	
419	-2.018443	-0.899780	1.686171	
420	-2.019751	-0.902003	1.694592	
421	-2.021574	-0.901645	1.700961	
422	-2.022789	-0.904504	1.709347	
423	-2.024288	-0.904035	1.714629	
424	-2.025465	-0.906438	1.721981	
425	-2.026681	-0.907002	1.728283	
426	-2.029015	-0.910009	1.739412	
427	-2.030319	-0.911252	1.744594	
428	-2.031099	-0.914644	1.751380	
429	-2.032470	-0.915171	1.755774	
430	-2.034436	-0.919959	1.761594	
431	-2.035615	-0.924322	1.769394	
432	-2.036994	-0.935313	1.780077	
433	-2.037555	-0.941841	1.785856	
434	-2.038192	-0.947288	1.790512	
435	-2.039649	-0.951877	1.792748	
436	-2.040624	-0.957876	1.798012	
437	-2.041662	-0.964963	1.803787	
438	-2.043423	-0.970189	1.807897	
439	-2.044924	-0.975764	1.813732	
440	-2.045867	-0.982848	1.819174	
441	-2.047325	-0.988877	1.823584	
442	-2.048552	-0.994646	1.829701	
443	-2.049846	-1.000428	1.835653	
444	-2.051022	-1.006739	1.841040	
445	-2.052555	-1.011816	1.846105	
446	-2.053273	-1.018170	1.852331	
447	-2.054719	-1.024285	1.856915	
448	-2.055896	-1.031062	1.861822	
449	-2.057088	-1.037826	1.869550	
450	-2.058421	-1.043868	1.873496	
451	-2.060116	-1.050596	1.880659	
452	-2.061351	-1.055414	1.885031	
453	-2.064153	-1.060482	1.888380	
454	-2.065717	-1.068037	1.896598	
455	-2.067538	-1.074919	1.903635	
456	-2.070624	-1.081504	1.909283	
457	-2.074215	-1.087622	1.917465	
458	-2.078188	-1.094306	1.924314	
459	-2.081785	-1.103736	1.934038	
460	-2.088017	-1.108356	1.940947	
461	-2.092876	-1.116238	1.950828	
462	-2.098157	-1.123959	1.961835	
463	-2.103131	-1.130881	1.972435	
464	-2.107380	-1.137824	1.983671	
465	-2.111808	-1.145132	1.995931	
466	-2.115028	-1.152362	2.008640	
467	-2.118215	-1.158685	2.019453	
468	-2.121432	-1.165998	2.030280	
469	-2.124915	-1.173185	2.040464	
470	-2.127812	-1.178627	2.051980	
471	-2.131350	-1.185168	2.061350	
472	-2.134787	-1.192114	2.073126	
473	-2.137079	-1.198039	2.083672	
474	-2.140315	-1.203081	2.094162	
475	-2.142662	-1.209078	2.103974	
476	-2.144305	-1.214545	2.114026	
477	-2.146477	-1.218359	2.123184	
478	-2.147434	-1.221457	2.132506	
479	-2.147760	-1.223788	2.141181	
480	-2.148174	-1.227428	2.148790	
481	-2.147691	-1.228817	2.157575	
482	-2.145194	-1.230305	2.167458	
483	-2.145040	-1.231984	2.173928	
484	-2.144587	-1.233064	2.182363	
485	-2.140701	-1.233710	2.192134	
486	-2.138228	-1.234435	2.199672	
487	-2.136600	-1.235443	2.206686	
488	-2.128891	-1.238185	2.225824	
489	-2.126086	-1.239499	2.233318	
490	-2.122423	-1.241688	2.244201	
491	-2.119012	-1.244411	2.250463	
492	-2.115033	-1.248310	2.257854	
493	-2.110619	-1.251734	2.267228	
494	-2.107062	-1.256101	2.273426	
495	-2.103896	-1.260748	2.279548	
496	-2.099303	-1.264907	2.290087	
497	-2.091470	-1.275952	2.303027	
498	-2.087156	-1.280146	2.311460	
499	-2.082248	-1.283557	2.319724	
500	-2.078266	-1.289500	2.323397	
501	-2.075406	-1.293149	2.328595	
502	-2.069923	-1.298105	2.335729	
503	-2.066970	-1.302008	2.339180	
504	-2.063006	-1.305149	2.344511	
505	-2.058885	-1.307636	2.351812	
506	-2.056053	-1.311619	2.355674	
507	-2.052415	-1.316371	2.358363	
508	-2.047149	-1.320258	2.364181	
509	-2.044156	-1.323410	2.366398	
510	-2.041371	-1.326288	2.369258	
511	-2.036325	-1.329167	2.374749	
512	-2.032182	-1.334253	2.376674	
513	-2.027822	-1.339760	2.378581	
514	-2.021626	-1.343872	2.384707	
515	-2.018244	-1.347105	2.388370	
516	-2.013274	-1.351465	2.392856	
517	-2.007299	-1.356239	2.399741	
518	-2.002642	-1.360858	2.405352	
519	-1.997976	-1.365194	2.413470	
520	-1.991229	-1.370566	2.423120	
521	-1.987550	-1.374941	2.431285	
522	-1.982656	-1.379380	2.440301	
523	-1.977261	-1.384759	2.450204	
524	-1.972255	-1.390066	2.459948	
525	-1.966182	-1.396553	2.469426	
526	-1.963005	-1.403358	2.476446	
527	-1.957513	-1.408658	2.486317	
528	-1.951518	-1.414186	2.495819	
529	-1.947294	-1.419721	2.503804	
530	-1.943058	-1.424837	2.511837	
531	-1.937861	-1.429183	2.520715	
532	-1.933498	-1.434147	2.528620	
533	-1.929635	-1.436822	2.537873	
534	-1.924767	-1.439705	2.545866	
535	-1.919233	-1.443904	2.553053	
536	-1.914745	-1.447683	2.560112	
537	-1.909281	-1.450307	2.567715	
538	-1.902941	-1.454609	2.573612	
539	-1.900432	-1.456805	2.579505	
540	-1.894542	-1.460284	2.585523	
541	-1.886863	-1.464792	2.591992	
542	-1.882924	-1.467748	2.597423	
543	-1.877015	-1.470519	2.603489	
544	-1.869731	-1.473784	2.609235	
545	-1.863692	-1.476373	2.614673	
546	-1.858840	-1.477843	2.619703	
547	-1.851736	-1.478936	2.626080	
548	-1.843554	-1.480607	2.630233	
549	-1.836576	-1.482222	2.634244	
550	-1.828785	-1.483505	2.638103	
551	-1.820964	-1.483461	2.643314	
552	-1.812069	-1.484582	2.646603	
553	-1.805692	-1.484720	2.650258	
554	-1.795744	-1.483584	2.654656	
555	-1.782295	-1.484643	2.659339	
556	-1.776236	-1.483383	2.663002	
557	-1.766073	-1.482489	2.667961	
558	-1.753533	-1.481909	2.673353	
559	-1.745483	-1.480761	2.677499	
560	-1.736947	-1.478848	2.681988	
561	-1.724519	-1.477933	2.686695	
562	-1.714751	-1.477719	2.690005	
563	-1.696166	-1.475638	2.696848	
564	-1.685311	-1.475210	2.699591	
565	-1.676851	-1.475050	2.701203	
566	-1.667249	-1.474317	2.703377	
567	-1.657052	-1.474416	2.705708	
568	-1.648176	-1.475330	2.706271	
569	-1.640574	-1.475679	2.707078	
570	-1.631704	-1.475697	2.709312	
571	-1.623592	-1.476664	2.710145	
572	-1.616097	-1.478463	2.709362	
573	-1.608235	-1.479962	2.709472	
574	-1.600305	-1.481478	2.710107	
575	-1.594144	-1.482086	2.710308	
576	-1.587640	-1.482874	2.711152	
577	-1.579414	-1.483932	2.713086	
578	-1.568184	-1.486741	2.713338	
579	-1.561299	-1.487283	2.715098	
580	-1.553748	-1.488253	2.716565	
581	-1.548500	-1.489954	2.716265	
582	-1.542136	-1.490078	2.718350	
583	-1.534050	-1.492107	2.719745	
584	-1.529081	-1.493803	2.720990	
585	-1.516237	-1.495928	2.725428	
586	-1.510825	-1.496776	2.728310	
587	-1.505565	-1.497456	2.730176	
588	-1.499041	-1.498236	2.732816	
589	-1.492577	-1.499460	2.733555	
590	-1.479797	-1.500552	2.738666	
591	-1.473715	-1.501282	2.741214	
592	-1.466040	-1.502531	2.743794	
593	-1.460711	-1.502850	2.747197	
594	-1.455143	-1.504088	2.749791	
595	-1.448250	-1.504905	2.752381	
596	-1.441306	-1.505244	2.756058	
597	-1.437321	-1.505121	2.758905	
598	-1.429898	-1.504987	2.762076	
599	-1.422434	-1.504746	2.765349	
600	-1.417716	-1.504253	2.766643	
601	-1.412734	-1.503869	2.767259	
602	-1.403563	-1.502782	2.771704	
603	-1.396356	-1.500750	2.776041	
604	-1.391808	-1.500711	2.775460	
605	-1.382866	-1.499544	2.778431	
606	-1.373849	-1.497777	2.781857	
607	-1.368527	-1.496637	2.782666	
608	-1.359563	-1.495124	2.786204	
609	-1.351256	-1.494204	2.787082	
610	-1.342455	-1.493065	2.789631	
611	-1.334712	-1.491605	2.791690	
612	-1.327746	-1.490618	2.791758	
613	-1.317868	-1.489746	2.792233	
614	-1.310502	-1.488456	2.791734	
615	-1.303417	-1.487139	2.790754	
616	-1.295002	-1.485553	2.790018	
617	-1.287100	-1.484342	2.788966	
618	-1.280373	-1.483632	2.787171	
619	-1.271101	-1.483659	2.784885	
620	-1.264626	-1.483372	2.783391	
621	-1.258846	-1.483482	2.781000	
622	-1.250831	-1.483444	2.779563	
623	-1.243617	-1.483582	2.778059	
624	-1.238496	-1.484263	2.773913	
625	-1.231098	-1.484433	2.772308	
626	-1.223670	-1.484771	2.770521	
627	-1.211157	-1.485190	2.766349	
628	-1.203225	-1.485967	2.764148	
629	-1.197919	-1.487024	2.761677	
630	-1.190797	-1.487929	2.760578	
631	-1.184838	-1.489003	2.758450	
632	-1.178805	-1.490375	2.756314	
633	-1.172009	-1.491898	2.754229	
634	-1.166869	-1.492779	2.752157	
635	-1.161438	-1.493489	2.750694	
636	-1.156436	-1.493891	2.749373	
637	-1.147450	-1.493852	2.745089	
638	-1.143392	-1.493474	2.742767	
639	-1.138503	-1.492326	2.741296	
640	-1.132124	-1.491596	2.738812	
641	-1.125712	-1.490873	2.736814	
642	-1.123354	-1.489773	2.734717	
643	-1.119851	-1.488051	2.733690	
644	-1.113113	-1.487525	2.731314	
645	-1.110356	-1.485569	2.730570	
646	-1.107567	-1.483735	2.729441	
647	-1.100651	-1.481891	2.728684	
648	-1.094728	-1.480352	2.726842	
649	-1.091129	-1.478427	2.725131	
650	-1.086672	-1.475768	2.723897	
651	-1.081387	-1.473254	2.721551	
652	-1.075314	-1.470116	2.720329	
653	-1.071066	-1.466538	2.718634	
654	-1.064256	-1.462995	2.716962	
655	-1.058739	-1.458906	2.715058	
656	-1.053569	-1.454702	2.713304	
657	-1.045322	-1.450973	2.710824	
658	-1.042163	-1.446376	2.709338	
659	-1.037542	-1.441586	2.708065	
660	-1.027818	-1.438840	2.705186	
661	-1.022495	-1.434964	2.703473	
662	-1.018607	-1.430789	2.701962	
663	-1.012553	-1.427080	2.698735	
664	-1.008406	-1.422819	2.695852	
665	-1.004896	-1.418442	2.692720	
666	-1.001492	-1.413793	2.688875	
667	-0.998342	-1.409158	2.685112	
668	-0.992244	-1.404960	2.679998	
669	-0.987670	-1.399860	2.675477	
670	-0.984653	-1.393861	2.672208	
671	-0.977487	-1.389454	2.666683	
672	-0.971312	-1.384154	2.661583	
673	-0.959960	-1.375137	2.649892	
674	-0.952231	-1.371254	2.643842	
675	-0.938839	-1.363838	2.632506	
676	-0.928744	-1.362098	2.625780	
677	-0.926604	-1.357040	2.622834	
678	-0.923386	-1.352291	2.619697	
679	-0.916763	-1.349599	2.613957	
680	-0.910411	-1.345784	2.609647	
681	-0.907236	-1.340357	2.607418	
682	-0.901969	-1.337390	2.603637	
683	-0.896078	-1.333802	2.600904	
684	-0.887945	-1.325620	2.597540	
685	-0.882372	-1.322980	2.594963	
686	-0.881247	-1.317075	2.595496	
687	-0.878102	-1.313100	2.594430	
688	-0.871099	-1.311163	2.592185	
689	-0.869308	-1.304516	2.594557	
690	-0.865926	-1.299764	2.594704	
691	-0.861136	-1.296238	2.593959	
692	-0.858586	-1.291076	2.595275	
693	-0.857806	-1.285374	2.597370	
694	-0.853591	-1.282906	2.596906	
695	-0.851282	-1.278738	2.598543	
696	-0.850163	-1.274313	2.599990	
697	-0.844662	-1.273858	2.598339	
698	-0.843617	-1.269560	2.601039	
699	-0.842362	-1.266755	2.602258	
700	-0.837575	-1.266367	2.601799	
701	-0.836469	-1.262935	2.604306	
702	-0.834738	-1.260334	2.605728	
703	-0.831105	-1.259207	2.606601	
704	-0.829416	-1.255820	2.609921	
705	-0.826914	-1.254169	2.611894	
706	-0.824099	-1.251832	2.614295	
707	-0.821577	-1.248936	2.617214	
708	-0.819318	-1.246259	2.620050	
709	-0.816611	-1.244735	2.621936	
710	-0.814246	-1.241828	2.624676	
711	-0.812331	-1.239235	2.627286	
712	-0.803620	-1.232293	2.635726	
713	-0.798108	-1.232563	2.635580	
714	-0.792406	-1.233322	2.636460	
715	-0.791007	-1.230383	2.640267	
716	-0.785123	-1.231119	2.641198	
717	-0.781427	-1.230758	2.643534	
718	-0.779791	-1.228270	2.647144	
719	-0.774963	-1.228189	2.648941	
720	-0.770807	-1.227860	2.651267	
721	-0.768515	-1.225704	2.654842	
722	-0.762717	-1.227085	2.655249	
723	-0.758131	-1.227382	2.657611	
724	-0.755370	-1.226773	2.660962	
725	-0.752238	-1.226651	2.663031	
726	-0.746032	-1.229202	2.663902	
727	-0.743865	-1.227563	2.668466	
728	-0.740821	-1.226925	2.671343	
729	-0.735067	-1.229099	2.672164	
730	-0.731534	-1.228555	2.676648	
731	-0.729019	-1.227839	2.679325	
732	-0.723465	-1.229527	2.680336	
733	-0.721007	-1.228684	2.684343	
734	-0.717010	-1.229423	2.686741	
735	-0.711946	-1.231491	2.688013	
736	-0.709839	-1.230429	2.691538	
737	-0.706080	-1.231505	2.693407	
738	-0.701769	-1.233175	2.695619	
739	-0.699253	-1.233319	2.698629	
740	-0.694986	-1.236625	2.698554	
741	-0.692734	-1.238373	2.701319	
742	-0.691059	-1.239233	2.704552	
743	-0.689391	-1.241006	2.706600	
744	-0.688966	-1.240734	2.710451	
745	-0.686755	-1.242260	2.712490	
746	-0.685297	-1.243280	2.715697	
747	-0.684068	-1.244179	2.718683	
748	-0.681653	-1.245115	2.721219	
749	-0.679500	-1.246200	2.723862	
750	-0.679334	-1.245809	2.728254	
751	-0.676539	-1.247417	2.730559	
752	-0.673965	-1.249464	2.734656	
753	-0.672757	-1.250232	2.739792	
754	-0.670415	-1.252431	2.743618	
755	-0.667123	-1.255912	2.746941	
756	-0.665767	-1.258143	2.752072	
757	-0.663446	-1.261520	2.756519	
758	-0.659347	-1.266574	2.760343	
759	-0.658452	-1.269416	2.766947	
760	-0.655494	-1.273703	2.771470	
761	-0.652637	-1.277712	2.777260	
762	-0.651080	-1.281312	2.784212	
763	-0.649168	-1.284629	2.789752	
764	-0.646617	-1.288497	2.795300	
765	-0.643646	-1.292588	2.800789	
766	-0.640554	-1.296878	2.806529	
767	-0.638710	-1.300139	2.813359	
768	-0.634941	-1.305036	2.817648	
769	-0.632921	-1.308374	2.823966	
770	-0.632407	-1.309813	2.830897	
771	-0.628064	-1.314507	2.834554	
772	-0.625498	-1.317514	2.840349	
773	-0.623063	-1.319828	2.845476	
774	-0.618193	-1.323730	2.847385	
775	-0.616967	-1.324373	2.853656	
776	-0.615412	-1.324863	2.858700	
777	-0.610305	-1.327027	2.861451	
778	-0.606363	-1.328116	2.865498	
779	-0.602622	-1.328553	2.869471	
780	-0.596246	-1.331837	2.869371	
781	-0.591822	-1.333432	2.871256	
782	-0.587831	-1.335013	2.872535	
783	-0.581736	-1.337656	2.871926	
784	-0.575429	-1.340308	2.872928	
785	-0.570444	-1.342045	2.874491	
786	-0.563221	-1.344010	2.875333	
787	-0.557590	-1.345733	2.876604	
788	-0.545931	-1.349102	2.880376	
789	-0.538359	-1.351131	2.882644	
790	-0.531645	-1.353341	2.885109	
791	-0.523927	-1.355834	2.886041	
792	-0.516147	-1.357996	2.887017	
793	-0.506906	-1.361606	2.887493	
794	-0.500083	-1.363516	2.889784	
795	-0.491594	-1.366206	2.890370	
796	-0.481863	-1.369348	2.890460	
797	-0.474840	-1.370469	2.893236	
798	-0.467025	-1.372369	2.894734	
799	-0.457496	-1.375528	2.895167	
800	-0.450885	-1.376675	2.897978	
801	-0.433604	-1.382210	2.897654	
802	-0.421235	-1.384896	2.899648	
803	-0.408961	-1.387717	2.900095	
804	-0.403348	-1.388789	2.900619	
805	-0.396642	-1.390319	2.899887	
806	-0.393007	-1.389694	2.901179	
807	-0.386212	-1.390247	2.900795	
808	-0.379322	-1.391155	2.900124	
809	-0.373278	-1.390524	2.901081	
810	-0.365754	-1.391435	2.900008	
811	-0.357317	-1.392978	2.899148	
812	-0.350880	-1.392138	2.900254	
813	-0.344286	-1.393119	2.900190	
814	-0.336513	-1.394588	2.899040	
815	-0.330509	-1.394140	2.900137	
816	-0.323356	-1.395007	2.899755	
817	-0.315773	-1.395686	2.898006	
818	-0.311194	-1.394691	2.898520	
819	-0.304756	-1.395607	2.895979	
820	-0.298171	-1.396203	2.893782	
821	-0.292886	-1.395847	2.892630	
822	-0.287994	-1.395784	2.890960	
823	-0.283069	-1.395178	2.889521	
824	-0.277413	-1.393660	2.888161	
825	-0.271732	-1.393270	2.886043	
826	-0.266057	-1.391346	2.884430	
827	-0.261713	-1.388715	2.883243	
828	-0.257322	-1.386561	2.881036	
829	-0.245858	-1.380576	2.877039	
830	-0.239695	-1.377562	2.873809	
831	-0.233953	-1.374281	2.870261	
832	-0.227732	-1.369743	2.866910	
833	-0.221389	-1.365614	2.862673	
834	-0.213672	-1.361801	2.857366	
835	-0.205885	-1.356857	2.852858	
836	-0.197520	-1.351776	2.848247	
837	-0.188540	-1.348499	2.841568	
838	-0.179257	-1.344531	2.835508	
839	-0.170937	-1.340066	2.829549	
840	-0.162412	-1.336472	2.822984	
841	-0.144968	-1.329307	2.809011	
842	-0.137354	-1.325736	2.802519	
843	-0.129954	-1.322672	2.795128	
844	-0.122133	-1.318609	2.789107	
845	-0.116600	-1.316284	2.782067	
846	-0.108550	-1.312992	2.776118	
847	-0.101263	-1.309979	2.769285	
848	-0.096067	-1.308254	2.762931	
849	-0.087845	-1.304908	2.757161	
850	-0.081575	-1.305723	2.747663	
851	-0.075058	-1.305173	2.740838	
852	-0.066405	-1.301732	2.736556	
853	-0.063134	-1.302918	2.728107	
854	-0.056651	-1.304037	2.720716	
855	-0.047814	-1.303195	2.714300	
856	-0.044158	-1.302645	2.707699	
857	-0.039159	-1.301826	2.700830	
858	-0.033108	-1.300727	2.693309	
859	-0.026426	-1.299072	2.686725	
860	-0.020269	-1.297046	2.680694	
861	-0.015356	-1.296936	2.672816	
862	-0.008012	-1.296357	2.667224	
863	-0.000413	-1.297024	2.659991	
864	0.006423	-1.298191	2.653397	
865	0.013508	-1.298994	2.647864	
866	0.020545	-1.301015	2.641115	
867	0.027931	-1.302759	2.635298	
868	0.034368	-1.304410	2.629915	
869	0.040376	-1.306752	2.623031	
870	0.046325	-1.309505	2.615637	
871	0.053441	-1.311229	2.609588	
872	0.057855	-1.313583	2.602211	
873	0.064646	-1.315717	2.595294	
874	0.068831	-1.318200	2.587017	
875	0.080005	-1.320123	2.573159	
876	0.082538	-1.321965	2.564054	
877	0.086975	-1.322825	2.556352	
878	0.089515	-1.324175	2.546901	
879	0.097640	-1.323744	2.532427	
880	0.099218	-1.323204	2.523466	
881	0.100521	-1.322806	2.514713	
882	0.105417	-1.320670	2.508579	
883	0.106081	-1.319577	2.500658	
884	0.107565	-1.319437	2.491777	
885	0.107793	-1.317724	2.483695	
886	0.110986	-1.316271	2.474544	
887	0.112015	-1.314945	2.465854	
888	0.115541	-1.312984	2.457036	
889	0.117637	-1.311141	2.448555	
890	0.119878	-1.309873	2.438901	
891	0.122368	-1.309578	2.428409	
892	0.126074	-1.308481	2.419490	
893	0.128140	-1.307575	2.409854	
894	0.129915	-1.307325	2.398631	
895	0.132379	-1.307427	2.388879	
896	0.136590	-1.308011	2.379037	
897	0.140421	-1.309150	2.370625	
898	0.144755	-1.309425	2.363446	
899	0.147507	-1.308964	2.355899	
900	0.151447	-1.308156	2.348421	
901	0.153492	-1.307134	2.339979	
902	0.157228	-1.305362	2.334214	
903	0.157731	-1.303585	2.326304	
904	0.162473	-1.301650	2.320461	
905	0.165480	-1.299330	2.314556	
906	0.167704	-1.297100	2.308413	
907	0.168810	-1.295748	2.299750	
908	0.173448	-1.293407	2.294273	
909	0.178163	-1.291233	2.288326	
910	0.182675	-1.289786	2.283878	
911	0.186084	-1.288112	2.278435	
912	0.192711	-1.286232	2.277353	
913	0.197145	-1.285740	2.273884	
914	0.200938	-1.283861	2.270574	
915	0.204542	-1.281703	2.266665	
916	0.210627	-1.279558	2.263909	
917	0.212605	-1.277185	2.262064	
918	0.216584	-1.274954	2.258555	
919	0.219570	-1.273810	2.256192	
920	0.223277	-1.271499	2.254793	
921	0.227188	-1.269883	2.252728	
922	0.228733	-1.269077	2.251401	
923	0.234766	-1.267007	2.249474	
924	0.237083	-1.266065	2.248522	
925	0.242330	-1.265157	2.247250	
926	0.243471	-1.264193	2.248078	
927	0.250978	-1.263556	2.246090	
928	0.256474	-1.263602	2.246236	
929	0.255623	-1.262893	2.248971	
930	0.261981	-1.262726	2.248514	
931	0.265730	-1.263346	2.249992	
932	0.268250	-1.263428	2.253339	
933	0.271423	-1.264333	2.254972	
934	0.274373	-1.265064	2.257534	
935	0.278262	-1.265465	2.259621	
936	0.280595	-1.266409	2.261255	
937	0.284115	-1.267402	2.263129	
938	0.287779	-1.267767	2.267486	
939	0.290564	-1.268538	2.271003	
940	0.292141	-1.269289	2.275026	
941	0.295876	-1.269620	2.276900	
942	0.299180	-1.270167	2.279814	
943	0.301466	-1.270880	2.283223	
944	0.303308	-1.270789	2.287573	
945	0.306664	-1.271116	2.291097	
946	0.309395	-1.271621	2.293988	
947	0.311036	-1.271880	2.298189	
948	0.314335	-1.273031	2.300296	
949	0.317133	-1.273719	2.303796	
950	0.324239	-1.275183	2.306805	
951	0.325708	-1.276037	2.310680	
952	0.328861	-1.276400	2.312857	
953	0.331167	-1.276591	2.316609	
954	0.333140	-1.275634	2.320493	
955	0.336382	-1.274969	2.323549	
956	0.339044	-1.274128	2.326270	
957	0.341136	-1.272478	2.330512	
958	0.342790	-1.271408	2.337036	
959	0.342488	-1.269097	2.340526	
960	0.344947	-1.268875	2.345029	
961	0.346360	-1.268601	2.350151	
962	0.346719	-1.267207	2.355311	
963	0.351426	-1.267652	2.356802	
964	0.352729	-1.267730	2.362388	
965	0.353447	-1.267135	2.368046	
966	0.358819	-1.268029	2.369997	
967	0.360282	-1.268412	2.376006	
968	0.363721	-1.268968	2.381269	
969	0.369266	-1.272090	2.384838	
970	0.372807	-1.272768	2.390767	
971	0.374911	-1.273938	2.397972	
972	0.380119	-1.277511	2.403438	
973	0.382637	-1.278825	2.412235	
974	0.383600	-1.277473	2.418670	
975	0.387569	-1.280032	2.424049	
976	0.388715	-1.280838	2.433987	
977	0.392968	-1.282093	2.438262	
978	0.397521	-1.285552	2.445943	
979	0.396154	-1.284013	2.453438	
980	0.398089	-1.284228	2.454451	
981	0.404015	-1.286021	2.460716	
982	0.405235	-1.285888	2.468915	
983	0.407609	-1.286335	2.470846	
984	0.410501	-1.287229	2.476398	
985	0.410721	-1.287210	2.482772	
986	0.411776	-1.287357	2.485071	
987	0.414272	-1.288373	2.491096	
988	0.416757	-1.289301	2.495344	
989	0.419449	-1.290872	2.498018	
990	0.422318	-1.290906	2.504704	
991	0.422731	-1.290691	2.508936	
992	0.424407	-1.291764	2.512671	
993	0.426065	-1.290295	2.519116	
994	0.427821	-1.289889	2.522451	
995	0.430806	-1.290454	2.525104	
996	0.432686	-1.288572	2.530521	
997	0.432955	-1.285622	2.539049	
998	0.435166	-1.285049	2.541740	
999	0.437714	-1.283303	2.548226	
1000	0.440989	-1.281226	2.559940	
1001	0.442047	-1.278647	2.569605	
1002	0.442839	-1.277956	2.577825	
1003	0.443234	-1.278743	2.582960	
1004	0.442487	-1.276947	2.589678	
1005	0.441462	-1.276308	2.594053	
1006	0.441119	-1.274993	2.599572	
1007	0.441236	-1.274078	2.602338	
1008	0.442058	-1.274036	2.605764	
1009	0.442043	-1.273327	2.607998	
1010	0.442893	-1.274073	2.610268	
1011	0.443807	-1.274313	2.612858	
1012	0.443758	-1.273824	2.616263	
1013	0.443713	-1.273594	2.620295	
1014	0.445110	-1.273825	2.620359	
1015	0.447491	-1.275909	2.623775	
1016	0.446167	-1.274825	2.627470	
1017	0.447447	-1.274943	2.628803	
1018	0.449574	-1.276212	2.630774	
1019	0.451610	-1.274417	2.632731	
1020	0.453887	-1.275209	2.633394	
1021	0.452165	-1.270946	2.633663	
1022	0.454922	-1.271490	2.634635	
1023	0.455149	-1.265336	2.632761	
1024	0.458253	-1.259957	2.630402	
1025	0.457533	-1.254708	2.629319	
1026	0.458312	-1.250881	2.628229	
1027	0.461386	-1.248826	2.626501	
1028	0.462376	-1.244709	2.625907	
1029	0.464193	-1.241428	2.626661	
1030	0.466334	-1.238491	2.626632	
1031	0.466057	-1.232346	2.626126	
1032	0.468004	-1.228998	2.626827	
1033	0.471908	-1.227402	2.627538	
1034	0.472107	-1.222415	2.627798	
1035	0.474684	-1.219115	2.626949	
1036	0.478343	-1.217888	2.627920	
1037	0.480424	-1.214382	2.627635	
1038	0.481297	-1.210614	2.628023	
1039	0.485163	-1.209168	2.627552	
1040	0.487350	-1.207223	2.627320	
1041	0.489089	-1.203638	2.625299	
1042	0.490655	-1.200707	2.623224	
1043	0.493255	-1.199662	2.621338	
1044	0.494546	-1.196887	2.618710	
1045	0.495872	-1.195543	2.618132	
1046	0.497896	-1.193667	2.616360	
1047	0.499059	-1.190370	2.616374	
1048	0.501514	-1.189058	2.614810	
1049	0.502590	-1.187369	2.613880	
1050	0.503232	-1.187231	2.615537	
1051	0.504205	-1.185639	2.615046	
1052	0.505207	-1.183474	2.613791	
1053	0.505402	-1.182704	2.615386	
1054	0.506263	-1.180997	2.615129	
1055	0.506757	-1.179409	2.615714	
1056	0.506915	-1.177604	2.616738	
1057	0.507137	-1.175591	2.617837	
1058	0.507228	-1.173724	2.619562	
1059	0.506194	-1.173727	2.624347	
1060	0.506821	-1.173511	2.627270	
1061	0.506514	-1.175316	2.632941	
1062	0.504267	-1.175027	2.638093	
1063	0.504667	-1.175982	2.641940	
1064	0.505503	-1.173851	2.641768	
1065	0.504637	-1.170172	2.641273	
1066	0.507124	-1.171844	2.643815	
1067	0.507057	-1.171915	2.647064	
1068	0.506071	-1.168872	2.648056	
1069	0.507714	-1.170239	2.651587	
1070	0.507923	-1.172180	2.657309	
1071	0.504935	-1.170030	2.662428	
1072	0.505134	-1.167377	2.663322	
1073	0.504395	-1.167238	2.668386	
1074	0.501471	-1.164300	2.672806	
1075	0.501450	-1.162750	2.675913	
1076	0.500985	-1.160065	2.677723	
1077	0.498722	-1.159346	2.684164	
1078	0.497627	-1.158911	2.689788	
1079	0.496618	-1.159892	2.696157	
1080	0.495854	-1.160284	2.701334	
1081	0.493243	-1.159171	2.707314	
1082	0.494831	-1.160108	2.710423	
1083	0.495264	-1.159139	2.712407	
1084	0.492754	-1.156034	2.714911	
1085	0.495493	-1.157579	2.715358	
1086	0.496049	-1.153372	2.710711	
1087	0.493589	-1.149812	2.711076	
1088	0.495760	-1.147262	2.705012	
1089	0.493686	-1.142731	2.702005	
1090	0.490177	-1.142871	2.705987	
1091	0.491243	-1.144757	2.704561	
1092	0.488029	-1.144957	2.706822	
1093	0.485118	-1.144763	2.707940	
1094	0.485509	-1.146473	2.705033	
1095	0.480833	-1.146972	2.708888	
1096	0.480115	-1.148516	2.707622	
1097	0.478891	-1.150397	2.707348	
1098	0.474119	-1.152203	2.713008	
1099	0.474006	-1.154926	2.711878	
1100	0.470477	-1.158211	2.716505	
1101	0.464608	-1.162060	2.720358	
1102	0.460847	-1.161958	2.721111	
1103	0.457356	-1.163141	2.723585	
1104	0.453537	-1.164902	2.727511	
1105	0.449044	-1.165201	2.729932	
1106	0.445008	-1.167392	2.734274	
1107	0.441671	-1.170405	2.739059	
1108	0.437113	-1.171908	2.743570	
1109	0.433094	-1.174969	2.749362	
1110	0.428695	-1.176188	2.752123	
1111	0.425193	-1.181427	2.759080	
1112	0.420689	-1.184465	2.763534	
1113	0.416830	-1.188641	2.768110	
1114	0.411716	-1.190428	2.770626	
1115	0.407041	-1.194413	2.776178	
1116	0.395626	-1.200052	2.784691	
1117	0.391081	-1.203791	2.788523	
1118	0.385809	-1.206934	2.792108	
1119	0.378676	-1.207197	2.793911	
1120	0.374326	-1.212341	2.799436	
1121	0.368214	-1.215561	2.805798	
1122	0.361769	-1.215293	2.805454	
1123	0.357584	-1.220899	2.811879	
1124	0.351801	-1.224998	2.821165	
1125	0.345617	-1.224143	2.821393	
1126	0.341660	-1.227730	2.826273	
1127	0.336641	-1.229496	2.832256	
1128	0.332619	-1.230597	2.833449	
1129	0.329335	-1.233272	2.837630	
1130	0.325357	-1.234324	2.841078	
1131	0.322844	-1.236126	2.842166	
1132	0.320686	-1.239034	2.846977	
1133	0.318107	-1.239855	2.846934	
1134	0.317166	-1.241589	2.845624	
1135	0.315923	-1.244141	2.847712	
1136	0.314852	-1.245759	2.848541	
1137	0.313785	-1.246974	2.848412	
1138	0.313485	-1.249087	2.848328	
1139	0.311953	-1.249563	2.850144	
1140	0.310950	-1.249370	2.848604	
1141	0.310757	-1.251154	2.849251	
1142	0.308759	-1.250213	2.849584	
1143	0.307689	-1.251020	2.851525	
1144	0.306934	-1.252013	2.852095	
1145	0.304702	-1.251826	2.854798	
1146	0.303321	-1.252334	2.857237	
1147	0.301559	-1.253434	2.862734	
1148	0.298607	-1.252569	2.864777	
1149	0.296794	-1.253591	2.868880	
1150	0.295868	-1.256394	2.873834	
1151	0.292114	-1.256478	2.878708	
1152	0.291299	-1.259880	2.883648	
1153	0.289314	-1.262086	2.886896	
1154	0.285901	-1.263384	2.891341	
1155	0.284132	-1.265573	2.892056	
1156	0.281669	-1.268262	2.895153	
1157	0.279214	-1.271060	2.897512	
1158	0.277054	-1.274334	2.900197	
1159	0.274753	-1.277556	2.904075	
1160	0.273020	-1.281033	2.905886	
1161	0.270144	-1.283669	2.907910	
1162	0.267931	-1.287251	2.911339	
1163	0.265935	-1.290708	2.912084	
1164	0.263076	-1.293474	2.915929	
1165	0.261045	-1.297293	2.917325	
1166	0.259083	-1.300562	2.919281	
1167	0.257008	-1.303394	2.921405	
1168	0.256056	-1.307697	2.923889	
1169	0.254737	-1.311630	2.928539	
1170	0.252729	-1.313689	2.930785	
1171	0.251743	-1.317305	2.934284	
1172	0.250764	-1.320465	2.936760	
1173	0.248482	-1.322508	2.939928	
1174	0.246216	-1.324737	2.941870	
1175	0.245030	-1.327929	2.944653	
1176	0.242567	-1.329912	2.949697	
1177	0.239786	-1.331161	2.952027	
1178	0.237998	-1.333312	2.956289	
1179	0.235210	-1.335157	2.961392	
1180	0.233083	-1.336880	2.963362	
1181	0.231287	-1.340329	2.968209	
1182	0.228492	-1.343128	2.974743	
1183	0.225865	-1.346262	2.979532	
1184	0.223300	-1.349874	2.984190	
1185	0.219680	-1.353640	2.988134	
1186	0.215735	-1.357139	2.992503	
1187	0.212941	-1.362667	2.997559	
1188	0.208435	-1.366589	3.003193	
1189	0.203725	-1.370222	3.008080	
1190	0.200764	-1.375981	3.012418	
1191	0.195383	-1.379862	3.018205	
1192	0.190817	-1.384441	3.023717	
1193	0.185640	-1.389686	3.029158	
1194	0.178918	-1.393816	3.036428	
1195	0.174431	-1.399885	3.042232	
1196	0.169328	-1.405440	3.048003	
1197	0.164421	-1.410053	3.053619	
1198	0.160135	-1.415596	3.061181	
1199	0.155526	-1.420509	3.067286	
1200	0.151331	-1.426158	3.073591	
1201	0.146593	-1.430842	3.079675	
1202	0.138813	-1.441861	3.095356	
1203	0.135314	-1.447088	3.102388	
1204	0.132027	-1.452426	3.109894	
1205	0.128845	-1.457551	3.117015	
1206	0.127204	-1.463163	3.125621	
1207	0.124500	-1.467480	3.134178	
1208	0.123075	-1.472466	3.141723	
1209	0.120928	-1.476695	3.149546	
1210	0.119160	-1.481773	3.157977	
1211	0.117289	-1.485906	3.163256	
1212	0.114877	-1.489923	3.170844	
1213	0.112651	-1.497623	3.183458	
1214	0.111979	-1.501258	3.189818	
1215	0.111896	-1.504680	3.194107	
1216	0.112659	-1.508810	3.200165	
1217	0.114291	-1.512566	3.206432	
1218	0.116281	-1.516001	3.212945	
1219	0.119429	-1.519634	3.218176	
1220	0.122394	-1.522949	3.223978	
1221	0.126935	-1.526587	3.230140	
1222	0.131160	-1.529075	3.236142	
1223	0.136859	-1.532241	3.242337	
1224	0.142329	-1.534701	3.249793	
1225	0.148421	-1.536694	3.256257	
1226	0.155374	-1.538861	3.263186	
1227	0.163209	-1.540933	3.271714	
1228	0.170977	-1.542797	3.278760	
1229	0.179925	-1.546105	3.285482	
1230	0.188122	-1.548422	3.294964	
1231	0.196086	-1.550928	3.301327	
1232	0.205814	-1.555110	3.308885	
1233	0.214132	-1.558470	3.315479	
1234	0.222758	-1.562451	3.321237	
1235	0.231365	-1.566229	3.327493	
1236	0.239408	-1.569675	3.332286	
1237	0.247189	-1.573262	3.336900	
1238	0.255339	-1.576421	3.342476	
1239	0.262605	-1.579216	3.348361	
1240	0.269476	-1.582925	3.354114	
1241	0.275590	-1.587180	3.359125	
1242	0.282139	-1.591067	3.365565	
1243	0.287461	-1.595137	3.369702	
1244	0.293208	-1.598773	3.374911	
1245	0.298935	-1.602609	3.380574	
1246	0.304329	-1.606950	3.384668	
1247	0.310936	-1.611198	3.391518	
1248	0.316348	-1.615483	3.396630	
1249	0.322353	-1.620804	3.401350	
1250	0.334028	-1.628698	3.409321	
1251	0.339895	-1.633777	3.414383	
1252	0.346452	-1.638989	3.419962	
1253	0.353883	-1.644279	3.426046	
1254	0.368278	-1.655867	3.439528	
1255	0.375922	-1.661796	3.446503	
1256	0.382222	-1.667051	3.453087	
1257	0.389067	-1.671938	3.459914	
1258	0.396217	-1.676511	3.466867	
1259	0.402573	-1.679938	3.474113	
1260	0.409243	-1.684417	3.479108	
1261	0.416433	-1.688757	3.484239	
1262	0.422922	-1.692916	3.489888	
1263	0.429568	-1.696505	3.494598	
1264	0.435645	-1.699678	3.498706	
1265	0.442602	-1.702232	3.503175	
1266	0.450630	-1.704742	3.507368	
1267	0.459212	-1.708122	3.510340	
1268	0.468660	-1.710375	3.514929	
1269	0.477253	-1.712698	3.518501	
1270	0.487604	-1.714890	3.521938	
1271	0.497569	-1.716536	3.525549	
1272	0.507660	-1.718110	3.528832	
1273	0.520167	-1.719972	3.531739	
1274	0.531672	-1.721157	3.535012	
1275	0.542777	-1.721670	3.537763	
1276	0.555011	-1.723507	3.539086	
1277	0.567469	-1.724072	3.542019	
1278	0.579998	-1.725010	3.544024	
1279	0.591747	-1.724621	3.546970	
1280	0.604584	-1.725207	3.548689	
1281	0.616539	-1.725634	3.550837	
1282	0.628366	-1.726114	3.552351	
1283	0.639883	-1.726784	3.553113	
1284	0.651958	-1.728612	3.553158	
1285	0.664598	-1.729905	3.554378	
1286	0.677713	-1.731221	3.555804	
1287	0.690144	-1.732826	3.556366	
1288	0.701464	-1.734092	3.557062	
1289	0.714356	-1.734757	3.558460	
1290	0.728139	-1.736014	3.558792	
1291	0.740700	-1.735842	3.560110	
1292	0.752843	-1.737087	3.559728	
1293	0.766191	-1.737803	3.560371	
1294	0.777916	-1.739065	3.560454	
1295	0.790126	-1.740278	3.560884	
1296	0.802966	-1.741766	3.560563	
1297	0.814799	-1.741875	3.561581	
1298	0.825702	-1.742008	3.562558	
1299	0.839065	-1.743679	3.562696	
1300	0.850736	-1.744663	3.564095	
1301	0.862823	-1.745966	3.565387	
1302	0.876342	-1.748287	3.566243	
1303	0.887987	-1.748598	3.569896	
1304	0.900455	-1.750175	3.572139	
1305	0.914577	-1.750979	3.576466	
1306	0.926310	-1.752771	3.579442	
1307	0.939640	-1.754805	3.583430	
1308	0.950891	-1.757843	3.587379	
1309	0.961548	-1.759730	3.593162	
1310	0.973992	-1.762313	3.598391	
1311	0.987459	-1.764186	3.604854	
1312	0.998550	-1.766267	3.610907	
1313	1.010453	-1.770066	3.615074	
1314	1.022424	-1.772720	3.620304	
1315	1.031729	-1.775002	3.625271	
1316	1.040895	-1.778373	3.629128	
1317	1.049696	-1.780143	3.633953	
1318	1.067253	-1.783540	3.643022	
1319	1.075367	-1.785080	3.647086	
1320	1.085493	-1.785861	3.651353	
1321	1.093320	-1.787284	3.654824	
1322	1.103366	-1.789126	3.657135	
1323	1.118649	-1.788316	3.660432	
1324	1.127954	-1.789284	3.662596	
1325	1.138420	-1.791212	3.663587	
1326	1.148659	-1.790845	3.666479	
1327	1.158775	-1.791777	3.667388	
1328	1.169616	-1.792586	3.668012	
1329	1.180541	-1.791752	3.668837	
1330	1.191886	-1.792072	3.668585	
1331	1.203111	-1.791020	3.668326	
1332	1.214468	-1.790394	3.667036	
1333	1.227969	-1.788498	3.666319	
1334	1.251916	-1.785213	3.663350	
1335	1.265802	-1.781848	3.662082	
1336	1.277717	-1.778847	3.661021	
1337	1.308089	-1.774079	3.657337	
1338	1.334389	-1.769957	3.653002	
1339	1.349406	-1.765651	3.650833	
1340	1.359927	-1.762690	3.648047	
1341	1.372531	-1.761343	3.643283	
1342	1.383227	-1.759502	3.639438	
1343	1.395029	-1.758529	3.634655	
1344	1.405602	-1.758848	3.628961	
1345	1.423311	-1.754379	3.624880	
1346	1.425806	-1.755650	3.620914	
1347	1.442264	-1.752436	3.615619	
1348	1.446562	-1.751573	3.612607	
1349	1.452554	-1.751770	3.607292	
1350	1.462752	-1.750342	3.602456	
1351	1.472726	-1.746571	3.599258	
1352	1.478744	-1.747674	3.593505	
1353	1.488132	-1.745888	3.588730	
1354	1.497644	-1.743125	3.585271	
1355	1.505951	-1.742544	3.579345	
1356	1.516723	-1.739733	3.574696	
1357	1.526525	-1.737531	3.570088	
1358	1.538121	-1.735564	3.563870	
1359	1.549408	-1.732169	3.560852	
1360	1.559083	-1.730022	3.556766	
1361	1.570947	-1.727675	3.554166	
1362	1.585192	-1.724735	3.549193	
1363	1.594587	-1.720877	3.548617	
1364	1.606899	-1.719326	3.544454	
1365	1.620848	-1.716918	3.540797	
1366	1.632768	-1.714060	3.538085	
1367	1.642860	-1.712754	3.534585	
1368	1.655935	-1.709513	3.530466	
1369	1.664725	-1.707586	3.527369	
1370	1.676347	-1.704654	3.523304	
1371	1.687313	-1.700662	3.520719	
1372	1.696418	-1.698619	3.517395	
1373	1.706565	-1.695686	3.513793	
1374	1.715253	-1.692688	3.510132	
1375	1.723793	-1.689829	3.506354	
1376	1.731752	-1.687400	3.502295	
1377	1.740768	-1.684011	3.497190	
1378	1.748889	-1.681219	3.492181	
1379	1.756301	-1.678146	3.487143	
1380	1.764785	-1.674353	3.481580	
1381	1.774180	-1.668231	3.477102	
1382	1.778993	-1.664483	3.473525	
1383	1.785822	-1.660701	3.466710	
1384	1.795770	-1.654107	3.459481	
1385	1.800650	-1.650255	3.453161	
1386	1.808831	-1.645058	3.444783	
1387	1.816358	-1.638734	3.436732	
1388	1.822711	-1.634732	3.427008	
1389	1.829607	-1.629338	3.417984	
1390	1.835170	-1.623498	3.411683	
1391	1.843320	-1.618328	3.402337	
1392	1.853273	-1.612947	3.391725	
1393	1.859684	-1.606903	3.385147	
1394	1.865189	-1.602917	3.377937	
1395	1.878836	-1.594893	3.363644	
1396	1.891302	-1.584948	3.348493	
1397	1.898004	-1.580050	3.341265	
1398	1.904699	-1.575145	3.333521	
1399	1.910531	-1.572583	3.324593	
1400	1.917342	-1.568278	3.316954	
1401	1.923547	-1.564664	3.309604	
1402	1.929614	-1.561784	3.301091	
1403	1.935452	-1.558660	3.292356	
1404	1.940873	-1.555583	3.283407	
1405	1.946009	-1.551288	3.276871	
1406	1.952656	-1.546008	3.271083	
1407	1.958358	-1.542190	3.263209	
1408	1.965365	-1.537219	3.255247	
1409	1.972074	-1.531305	3.249743	
1410	1.979326	-1.525769	3.241756	
1411	1.987410	-1.519680	3.233418	
1412	1.994534	-1.514129	3.225319	
1413	2.003148	-1.509192	3.215618	
1414	2.013471	-1.502015	3.208215	
1415	2.021324	-1.496273	3.201915	
1416	2.031300	-1.490606	3.195216	
1417	2.041461	-1.484183	3.188718	
1418	2.051310	-1.477276	3.184234	
1419	2.060738	-1.471509	3.177939	
1420	2.071589	-1.465258	3.170836	
1421	2.082101	-1.458795	3.163876	
1422	2.092206	-1.452892	3.156944	
1423	2.099887	-1.447407	3.152079	
1424	2.115702	-1.438496	3.138067	
1425	2.121698	-1.433517	3.133983	
1426	2.127911	-1.430102	3.128042	
1427	2.133830	-1.427263	3.120965	
1428	2.140223	-1.423236	3.113714	
1429	2.145109	-1.419277	3.108641	
1430	2.150341	-1.414568	3.104059	
1431	2.154823	-1.410571	3.099535	
1432	2.159627	-1.407465	3.091695	
1433	2.164782	-1.402706	3.085136	
1434	2.168280	-1.397843	3.081270	
1435	2.172132	-1.392706	3.076388	
1436	2.176584	-1.386995	3.070997	
1437	2.179292	-1.383770	3.062298	
1438	2.182230	-1.379595	3.055055	
1439	2.185271	-1.373840	3.050303	
1440	2.188128	-1.368819	3.043966	
1441	2.192177	-1.363434	3.034814	
1442	2.195174	-1.357832	3.026994	
1443	2.197556	-1.353313	3.019382	
1444	2.201560	-1.347403	3.008761	
1445	2.205023	-1.342510	2.997206	
1446	2.207306	-1.338399	2.990530	
1447	2.209381	-1.334714	2.979279	
1448	2.213514	-1.328786	2.965373	
1449	2.214892	-1.324197	2.961628	
1450	2.215951	-1.320783	2.953785	
1451	2.220610	-1.312410	2.942521	
1452	2.222635	-1.305723	2.934416	
1453	2.221038	-1.303583	2.925523	
1454	2.222454	-1.297439	2.914466	
1455	2.224929	-1.289114	2.906011	
1456	2.225201	-1.284046	2.899160	
1457	2.227294	-1.278179	2.888230	
1458	2.229254	-1.271664	2.878696	
1459	2.230493	-1.265969	2.870665	
1460	2.233438	-1.258228	2.864649	
1461	2.235019	-1.253492	2.853827	
1462	2.237333	-1.248519	2.843506	
1463	2.240545	-1.241629	2.839215	
1464	2.242174	-1.237396	2.827531	
1465	2.246410	-1.230528	2.818370	
1466	2.249751	-1.223667	2.812839	
1467	2.250636	-1.220471	2.801316	
1468	2.255408	-1.213682	2.790020	
1469	2.258230	-1.209525	2.779081	
1470	2.261074	-1.206357	2.767283	
1471	2.270059	-1.195736	2.751674	
1472	2.273788	-1.192501	2.742758	
1473	2.279016	-1.187978	2.736627	
1474	2.284073	-1.184151	2.725904	
1475	2.289529	-1.180545	2.716885	
1476	2.295086	-1.176962	2.707553	
1477	2.300612	-1.173066	2.696767	
1478	2.307146	-1.166508	2.687101	
1479	2.312937	-1.160901	2.680011	
1480	2.317188	-1.156641	2.670361	
1481	2.322637	-1.150111	2.661495	
1482	2.326259	-1.146091	2.653905	
1483	2.330240	-1.141508	2.646420	
1484	2.333840	-1.135992	2.636258	
1485	2.337769	-1.129947	2.631153	
1486	2.340503	-1.125607	2.622354	
1487	2.343246	-1.120476	2.613793	
1488	2.346411	-1.114727	2.607769	
1489	2.347549	-1.111335	2.598862	
1490	2.349553	-1.105453	2.588241	
1491	2.350589	-1.100453	2.579793	
1492	2.351299	-1.095556	2.569600	
1493	2.353064	-1.084359	2.551534	
1494	2.353384	-1.080310	2.541069	
1495	2.353702	-1.074067	2.531860	
1496	2.353913	-1.067766	2.526893	
1497	2.354378	-1.061524	2.518730	
1498	2.351381	-1.058855	2.504731	
1499	2.351521	-1.050416	2.497563	
1500	2.350943	-1.042985	2.491407	
1501	2.350435	-1.034479	2.482127	
1502	2.349999	-1.026083	2.473952	
1503	2.348988	-1.019366	2.464139	
1504	2.347458	-1.013337	2.452739	
1505	2.346278	-1.008164	2.440557	
1506	2.344326	-1.004246	2.427717	
1507	2.343489	-0.998501	2.416058	
1508	2.342847	-0.992435	2.405122	
1509	2.342380	-0.986347	2.395541	
1510	2.341157	-0.980828	2.383393	
1511	2.340583	-0.974752	2.373710	
1512	2.339690	-0.968702	2.364460	
1513	2.336831	-0.965887	2.354613	
1514	2.336572	-0.959364	2.345937	
1515	2.335660	-0.953759	2.338373	
1516	2.333242	-0.951316	2.328519	
1517	2.331745	-0.946357	2.321301	
1518	2.329872	-0.942946	2.314187	
1519	2.328025	-0.939346	2.307320	
1520	2.326878	-0.934111	2.300889	
1521	2.325904	-0.930684	2.295195	
1522	2.325572	-0.927524	2.289855	
1523	2.325836	-0.923159	2.284426	
1524	2.326268	-0.919271	2.279617	
1525	2.326285	-0.916965	2.272969	
1526	2.325703	-0.914735	2.264182	
1527	2.326953	-0.911397	2.258015	
1528	2.327350	-0.908899	2.249744	
1529	2.328716	-0.904779	2.242058	
1530	2.331242	-0.899735	2.233922	
1531	2.334582	-0.893539	2.226070	
1532	2.338494	-0.887119	2.217325	
1533	2.341796	-0.881349	2.207917	
1534	2.344793	-0.876767	2.198777	
1535	2.347330	-0.872259	2.187847	
1536	2.351845	-0.865192	2.178771	
1537	2.355861	-0.860628	2.169957	
1538	2.359409	-0.855703	2.160027	
1539	2.363084	-0.850965	2.150948	
1540	2.366583	-0.846426	2.142011	
1541	2.370277	-0.841491	2.131984	
1542	2.375129	-0.836298	2.125541	
1543	2.378448	-0.832139	2.117425	
1544	2.381580	-0.829659	2.108537	
1545	2.385879	-0.823431	2.101348	
1546	2.389060	-0.818812	2.094277	
1547	2.391911	-0.815302	2.085685	
1548	2.395370	-0.809691	2.078438	
1549	2.397678	-0.805018	2.069898	
1550	2.400663	-0.800138	2.061408	
1551	2.403786	-0.793927	2.053003	
1552	2.405114	-0.789921	2.044060	
1553	2.406830	-0.786016	2.035544	
1554	2.408679	-0.780632	2.027551	
1555	2.410007	-0.775845	2.018990	
1556	2.410871	-0.771408	2.010420	
1557	2.411863	-0.766281	2.002195	
1558	2.412367	-0.762795	1.994106	
1559	2.412932	-0.757445	1.985573	
1560	2.414435	-0.751000	1.977535	
1561	2.414770	-0.746490	1.968696	
1562	2.414998	-0.740531	1.957888	
1563	2.414657	-0.735760	1.948473	
1564	2.415063	-0.723806	1.928108	
1565	2.415709	-0.717759	1.918625	
1566	2.416772	-0.711541	1.909046	
1567	2.418378	-0.704907	1.898563	
1568	2.420669	-0.699033	1.888765	
1569	2.423806	-0.690461	1.879027	
1570	2.425899	-0.685606	1.870258	
1571	2.427563	-0.682803	1.860493	
1572	2.430319	-0.676979	1.850979	
1573	2.431409	-0.673610	1.842331	
1574	2.432714	-0.671074	1.833868	
1575	2.435812	-0.665753	1.826592	
1576	2.436695	-0.664074	1.816862	
1577	2.439063	-0.660559	1.808387	
1578	2.441568	-0.658177	1.801391	
1579	2.446104	-0.652948	1.783585	
1580	2.448626	-0.649611	1.775014	
1581	2.450465	-0.647974	1.766121	
1582	2.453835	-0.644757	1.757703	
1583	2.458347	-0.639688	1.748817	
1584	2.461475	-0.636322	1.738729	
1585	2.464816	-0.633034	1.728474	
1586	2.468980	-0.628545	1.719019	
1587	2.472146	-0.625281	1.707730	
1588	2.476711	-0.619524	1.698254	
1589	2.481357	-0.613850	1.687506	
1590	2.486193	-0.608994	1.677597	
1591	2.489394	-0.606999	1.666080	
1592	2.493528	-0.602526	1.654875	
1593	2.497715	-0.599518	1.645640	
1594	2.501722	-0.595372	1.635562	
1595	2.506472	-0.590203	1.625040	
1596	2.511804	-0.581994	1.616547	
1597	2.516011	-0.577198	1.606267	
1598	2.521098	-0.570730	1.598719	
1599	2.524617	-0.564503	1.589440	
1600	2.529000	-0.558729	1.582206	
1601	2.532215	-0.552380	1.573492	
1602	2.534824	-0.546500	1.566200	
1603	2.537858	-0.539504	1.558110	
1604	2.539605	-0.533246	1.550908	
1605	2.542018	-0.528408	1.546387	
1606	2.543582	-0.521235	1.539832	
1607	2.543797	-0.515864	1.533527	
1608	2.544817	-0.511441	1.527630	
1609	2.545431	-0.505490	1.521425	
1610	2.544619	-0.500748	1.514105	
1611	2.544964	-0.495054	1.508173	
1612	2.543722	-0.491219	1.502014	
1613	2.541834	-0.485940	1.494991	
1614	2.538518	-0.474260	1.480298	
1615	2.535078	-0.468205	1.469820	
1616	2.532180	-0.463078	1.462350	
1617	2.529256	-0.456826	1.453598	
1618	2.526284	-0.450392	1.445324	
1619	2.522211	-0.444391	1.436171	
1620	2.517850	-0.437529	1.427256	
1621	2.514484	-0.431791	1.418797	
1622	2.509799	-0.427495	1.410871	
1623	2.504597	-0.423314	1.401850	
1624	2.501009	-0.418248	1.394110	
1625	2.496933	-0.412326	1.386286	
1626	2.491962	-0.408745	1.378639	
1627	2.484873	-0.407161	1.369390	
1628	2.480868	-0.403804	1.363415	
1629	2.473815	-0.402361	1.354560	
1630	2.469382	-0.399669	1.348307	
1631	2.465202	-0.397644	1.341423	
1632	2.459784	-0.395342	1.332025	
1633	2.456645	-0.393285	1.324304	
1634	2.452660	-0.390438	1.316053	
1635	2.449572	-0.387681	1.308993	
1636	2.445377	-0.386793	1.301822	
1637	2.442018	-0.383580	1.296056	
1638	2.437796	-0.382990	1.289599	
1639	2.434360	-0.379340	1.284749	
1640	2.430306	-0.376525	1.279667	
1641	2.425047	-0.375751	1.274445	
1642	2.420794	-0.372927	1.269628	
1643	2.418009	-0.370924	1.266679	
1644	2.412527	-0.370350	1.262325	
1645	2.409195	-0.368308	1.259756	
1646	2.405290	-0.367961	1.257841	
1647	2.400017	-0.366103	1.254120	
1648	2.397904	-0.362622	1.254575	
1649	2.394537	-0.357999	1.253905	
1650	2.390180	-0.357214	1.252694	
1651	2.385983	-0.354918	1.250996	
1652	2.379023	-0.352702	1.246501	
1653	2.374472	-0.350409	1.244619	
1654	2.370117	-0.347909	1.243392	
1655	2.364186	-0.346212	1.241077	
1656	2.358203	-0.344394	1.238526	
1657	2.352208	-0.340682	1.237265	
1658	2.345484	-0.339532	1.235567	
1659	2.338552	-0.337627	1.233749	
1660	2.331363	-0.336289	1.231888	
1661	2.322167	-0.334934	1.228844	
1662	2.313393	-0.333877	1.226488	
1663	2.305329	-0.332048	1.224801	
1664	2.294653	-0.331246	1.221562	
1665	2.285532	-0.330367	1.219332	
1666	2.277795	-0.329027	1.217705	
1667	2.268210	-0.329673	1.215544	
1668	2.256600	-0.329941	1.210830	
1669	2.248425	-0.329754	1.208908	
1670	2.238692	-0.329034	1.206291	
1671	2.226276	-0.327909	1.202636	
1672	2.216066	-0.327645	1.200840	
1673	2.205582	-0.328222	1.200116	
1674	2.192611	-0.328126	1.198218	
1675	2.180849	-0.327041	1.196215	
1676	2.170408	-0.326305	1.195409	
1677	2.158291	-0.325829	1.194141	
1678	2.147120	-0.324156	1.192919	
1679	2.137882	-0.323083	1.193574	
1680	2.127765	-0.322496	1.193423	
1681	2.117815	-0.320876	1.192614	
1682	2.108890	-0.320528	1.192707	
1683	2.100406	-0.318788	1.192393	
1684	2.092576	-0.316862	1.192149	
1685	2.084658	-0.316120	1.191842	
1686	2.077051	-0.315133	1.190242	
1687	2.070544	-0.313385	1.189673	
1688	2.055973	-0.310538	1.187284	
1689	2.049884	-0.309217	1.187088	
1690	2.043156	-0.307455	1.185556	
1691	2.036297	-0.305509	1.183723	
1692	2.029395	-0.302636	1.181719	
1693	2.023584	-0.298855	1.180225	
1694	2.016738	-0.294181	1.177826	
1695	2.009698	-0.290198	1.175169	
1696	2.002851	-0.286805	1.172020	
1697	1.996755	-0.282008	1.169215	
1698	1.990474	-0.277555	1.165261	
1699	1.984386	-0.273787	1.161474	
1700	1.979142	-0.268891	1.158135	
1701	1.974341	-0.264537	1.154923	
1702	1.968140	-0.260448	1.150515	
1703	1.963367	-0.255711	1.147205	
1704	1.957444	-0.252415	1.141848	
1705	1.951606	-0.248512	1.136553	
1706	1.947619	-0.244462	1.132672	
1707	1.941660	-0.241359	1.127172	
1708	1.936244	-0.237169	1.122170	
1709	1.931641	-0.233947	1.118249	
1710	1.924582	-0.231082	1.113280	
1711	1.918303	-0.226848	1.108602	
1712	1.913348	-0.223521	1.105510	
1713	1.907013	-0.221356	1.101440	
1714	1.899569	-0.217423	1.096605	
1715	1.892392	-0.214102	1.092339	
1716	1.884764	-0.212418	1.088058	
1717	1.877205	-0.208904	1.083716	
1718	1.868800	-0.206067	1.078790	
1719	1.859982	-0.203264	1.074158	
1720	1.851424	-0.199954	1.069932	
1721	1.842272	-0.197959	1.065397	
1722	1.833308	-0.195328	1.061807	
1723	1.822864	-0.192594	1.057337	
1724	1.813015	-0.190425	1.053444	
1725	1.801144	-0.188613	1.048940	
1726	1.790189	-0.186243	1.045092	
1727	1.781396	-0.184788	1.041981	
1728	1.771914	-0.182831	1.039243	
1729	1.753744	-0.178774	1.033677	
1730	1.745170	-0.177139	1.031675	
1731	1.736595	-0.175325	1.030004	
1732	1.728948	-0.173998	1.028379	
1733	1.721011	-0.172752	1.026977	
1734	1.713326	-0.171535	1.025583	
1735	1.706592	-0.169012	1.024164	
1736	1.700328	-0.167911	1.023381	
1737	1.693564	-0.167610	1.021545	
1738	1.687266	-0.166198	1.019437	
1739	1.680461	-0.165407	1.017503	
1740	1.675885	-0.165030	1.017056	
1741	1.669430	-0.163601	1.015782	
1742	1.664868	-0.162312	1.014741	
1743	1.659065	-0.160756	1.013534	
1744	1.654238	-0.159228	1.012359	
1745	1.648721	-0.158021	1.009848	
1746	1.643942	-0.157395	1.008082	
1747	1.637743	-0.155837	1.005503	
1748	1.632919	-0.155657	1.002991	
1749	1.626741	-0.154516	0.999349	
1750	1.620861	-0.151843	0.995995	
1751	1.616412	-0.149956	0.993399	
1752	1.609961	-0.148249	0.989250	
1753	1.603981	-0.145119	0.985478	
1754	1.597601	-0.141273	0.981118	
1755	1.591259	-0.139270	0.976041	
1756	1.585162	-0.134449	0.971242	
1757	1.579412	-0.130950	0.966308	
1758	1.566079	-0.124100	0.954481	
1759	1.560122	-0.120461	0.948618	
1760	1.554209	-0.117219	0.942981	
1761	1.547005	-0.113516	0.936029	
1762	1.541926	-0.110970	0.930489	
1763	1.535171	-0.107510	0.923862	
1764	1.529715	-0.102755	0.918220	
1765	1.524907	-0.098968	0.912788	
1766	1.511100	-0.092256	0.900556	
1767	1.505457	-0.089536	0.894681	
1768	1.499477	-0.084577	0.889422	
1769	1.493528	-0.080027	0.884130	
1770	1.488167	-0.078485	0.878392	
1771	1.483532	-0.074622	0.873596	
1772	1.479488	-0.071526	0.869216	
1773	1.474006	-0.067898	0.864789	
1774	1.469970	-0.066900	0.860593	
1775	1.465167	-0.066068	0.856985	
1776	1.454177	-0.069472	0.847536	
1777	1.449077	-0.071630	0.842919	
1778	1.443008	-0.072538	0.838464	
1779	1.436497	-0.076304	0.833159	
1780	1.430445	-0.080309	0.828426	
1781	1.415771	-0.086938	0.817713	
1782	1.409451	-0.088753	0.813377	
1783	1.400996	-0.090322	0.808743	
1784	1.393772	-0.090755	0.805021	
1785	1.387475	-0.091362	0.801762	
1786	1.380003	-0.092347	0.797974	
1787	1.372733	-0.093350	0.794196	
1788	1.365144	-0.092951	0.790623	
1789	1.352296	-0.092663	0.785488	
1790	1.345372	-0.093259	0.782523	
1791	1.339853	-0.093398	0.780233	
1792	1.333463	-0.092931	0.777890	
1793	1.327723	-0.093817	0.774632	
1794	1.320787	-0.092726	0.771645	
1795	1.316877	-0.092807	0.769367	
1796	1.310896	-0.093063	0.766679	
1797	1.304355	-0.092252	0.764061	
1798	1.299097	-0.091523	0.761391	
1799	1.292892	-0.091164	0.758637	
1800	1.287691	-0.088936	0.756386	
1801	1.282826	-0.087762	0.752982	
1802	1.278532	-0.086502	0.749780	
1803	1.271338	-0.085611	0.746207	
1804	1.268534	-0.085132	0.743333	
1805	1.264805	-0.082350	0.741523	
1806	1.260365	-0.080572	0.739848	
1807	1.255963	-0.079680	0.737195	
1808	1.252147	-0.077632	0.734758	
1809	1.249163	-0.075221	0.732699	
1810	1.244967	-0.073648	0.729198	
1811	1.241446	-0.070598	0.725844	
1812	1.238698	-0.066132	0.722932	
1813	1.233814	-0.063401	0.717739	
1814	1.228434	-0.060166	0.712251	
1815	1.224976	-0.055298	0.707871	
1816	1.222628	-0.052912	0.701595	
1817	1.218777	-0.049240	0.695427	
1818	1.216086	-0.046069	0.689981	
1819	1.214294	-0.043928	0.683793	
1820	1.210960	-0.040483	0.677894	
1821	1.205688	-0.033229	0.674236	
1822	1.203972	-0.032652	0.668068	
1823	1.200204	-0.029156	0.663305	
1824	1.196698	-0.026378	0.658572	
1825	1.193367	-0.026178	0.652731	
1826	1.188635	-0.023726	0.648061	
1827	1.185236	-0.019844	0.644177	
1828	1.181018	-0.020401	0.638473	
1829	1.176522	-0.017588	0.634993	
1830	1.170867	-0.015999	0.631152	
1831	1.165782	-0.017019	0.626024	
1832	1.157895	-0.015477	0.622336	
1833	1.150999	-0.014236	0.618595	
1834	1.144576	-0.015984	0.613461	
1835	1.135580	-0.015855	0.609107	
1836	1.127423	-0.015754	0.605201	
1837	1.121549	-0.016997	0.600803	
1838	1.111925	-0.017919	0.597069	
1839	1.102039	-0.021194	0.593110	
1840	1.094917	-0.023494	0.590442	
1841	1.084938	-0.030213	0.586480	
1842	1.073985	-0.034651	0.584090	
1843	1.066087	-0.036819	0.583227	
1844	1.055440	-0.040282	0.582787	
1845	1.042797	-0.044788	0.582861	
1846	1.032931	-0.047772	0.582850	
1847	1.022810	-0.051601	0.583296	
1848	1.011531	-0.053956	0.584455	
1849	1.002272	-0.057175	0.585457	
1850	0.991772	-0.061589	0.586871	
1851	0.980013	-0.063370	0.588827	
1852	0.969813	-0.068835	0.590077	
1853	0.958715	-0.069574	0.591694	
1854	0.947501	-0.074466	0.592696	
1855	0.938018	-0.078408	0.593453	
1856	0.927260	-0.080762	0.595750	
1857	0.917809	-0.082436	0.597802	
1858	0.908813	-0.086136	0.599766	
1859	0.899707	-0.087699	0.601701	
1860	0.890626	-0.090703	0.603822	
1861	0.883505	-0.093427	0.606136	
1862	0.875322	-0.093122	0.609674	
1863	0.868489	-0.097231	0.611964	
1864	0.861238	-0.098820	0.614614	
1865	0.853801	-0.098136	0.617741	
1866	0.846478	-0.101145	0.620873	
1867	0.839653	-0.103731	0.623853	
1868	0.831149	-0.100766	0.627795	
1869	0.825969	-0.102099	0.631557	
1870	0.821268	-0.107063	0.633354	
1871	0.814085	-0.107347	0.636211	
1872	0.805604	-0.109120	0.640304	
1873	0.801456	-0.114472	0.641738	
1874	0.796586	-0.115226	0.643562	
1875	0.788635	-0.116748	0.647050	
1876	0.784456	-0.119836	0.648846	
1877	0.779311	-0.119153	0.651287	
1878	0.772699	-0.120625	0.654708	
1879	0.767951	-0.121235	0.657147	
1880	0.763192	-0.122846	0.659671	
1881	0.757521	-0.123362	0.663054	
1882	0.752872	-0.123291	0.666652	
1883	0.749534	-0.125254	0.670046	
1884	0.741327	-0.125044	0.677491	
1885	0.736835	-0.126985	0.680929	
1886	0.732157	-0.127645	0.685461	
1887	0.727304	-0.125818	0.689533	
1888	0.723924	-0.127154	0.693089	
1889	0.719531	-0.126143	0.697731	
1890	0.717718	-0.125362	0.702770	
1891	0.714869	-0.126246	0.707608	
1892	0.711204	-0.125001	0.713528	
1893	0.708767	-0.123570	0.720203	
1894	0.705276	-0.123948	0.727431	
1895	0.702640	-0.123982	0.735721	
1896	0.700658	-0.123225	0.744091	
1897	0.697864	-0.124096	0.752518	
1898	0.695218	-0.122127	0.761415	
1899	0.693343	-0.121903	0.769923	
1900	0.690876	-0.123847	0.777651	
1901	0.687857	-0.123472	0.785250	
1902	0.686079	-0.126266	0.792881	
1903	0.682172	-0.125953	0.800312	
1904	0.678955	-0.127407	0.807894	
1905	0.676576	-0.129667	0.816365	
1906	0.673220	-0.132554	0.824222	
1907	0.669487	-0.136041	0.831524	
1908	0.665777	-0.136921	0.840021	
1909	0.663578	-0.143284	0.847662	
1910	0.660419	-0.145698	0.854769	
1911	0.657872	-0.147388	0.863601	
1912	0.655114	-0.151657	0.871357	
1913	0.651735	-0.155309	0.877695	
1914	0.649884	-0.156993	0.886398	
1915	0.649271	-0.160316	0.893886	
1916	0.647937	-0.163744	0.900487	
1917	0.646649	-0.165105	0.907925	
1918	0.646818	-0.167866	0.914997	
1919	0.646307	-0.170858	0.920721	
1920	0.646001	-0.172792	0.927170	
1921	0.646252	-0.175148	0.933282	
1922	0.647047	-0.177054	0.938887	
1923	0.649014	-0.178817	0.945039	
1924	0.650593	-0.182367	0.950630	
1925	0.651483	-0.184761	0.955522	
1926	0.652688	-0.187720	0.960409	
1927	0.653912	-0.189600	0.965822	
1928	0.655784	-0.191586	0.971279	
1929	0.656373	-0.194022	0.976272	
1930	0.657501	-0.195135	0.982663	
1931	0.657996	-0.197901	0.988029	
1932	0.659077	-0.199417	0.993376	
1933	0.661281	-0.200395	0.999754	
1934	0.662648	-0.203234	1.004397	
1935	0.663052	-0.203125	1.009088	
1936	0.664580	-0.203589	1.014685	
1937	0.665387	-0.204173	1.019197	
1938	0.667346	-0.204418	1.029730	
1939	0.667791	-0.203907	1.034010	
1940	0.668755	-0.203596	1.038300	
1941	0.669819	-0.200402	1.048942	
1942	0.669823	-0.198548	1.053609	
1943	0.670360	-0.196031	1.059544	
1944	0.672114	-0.194231	1.064917	
1945	0.672348	-0.191507	1.070792	
1946	0.672292	-0.188791	1.076743	
1947	0.672666	-0.186575	1.082422	
1948	0.670684	-0.178980	1.100459	
1949	0.670386	-0.176795	1.107187	
1950	0.670638	-0.175510	1.114053	
1951	0.670890	-0.173580	1.128278	
1952	0.670786	-0.173450	1.135529	
1953	0.669612	-0.172707	1.142639	
1954	0.669050	-0.172572	1.149207	
1955	0.669090	-0.172717	1.155594	
1956	0.669879	-0.172800	1.162256	
1957	0.669240	-0.174046	1.173244	
1958	0.668911	-0.174349	1.178818	
1959	0.668710	-0.175234	1.183895	
1960	0.669537	-0.175149	1.189561	
1961	0.670157	-0.175588	1.195211	
1962	0.670445	-0.176205	1.200311	
1963	0.670644	-0.176725	1.205212	
1964	0.671807	-0.176429	1.210364	
1965	0.672652	-0.176541	1.215238	
1966	0.673207	-0.177373	1.219576	
1967	0.673628	-0.176696	1.224226	
1968	0.673176	-0.176713	1.228196	
1969	0.673664	-0.176341	1.231864	
1970	0.673409	-0.174992	1.236197	
1971	0.674125	-0.173643	1.239930	
1972	0.674487	-0.172476	1.243118	
1973	0.674044	-0.170761	1.246327	
1974	0.675908	-0.169798	1.249372	
1975	0.675726	-0.168697	1.251750	
1976	0.674289	-0.167523	1.253860	
1977	0.673679	-0.166963	1.255597	
1978	0.673455	-0.165921	1.257753	
1979	0.672991	-0.165726	1.259316	
1980	0.671338	-0.164813	1.260764	
1981	0.669970	-0.163285	1.262606	
1982	0.668753	-0.162363	1.264338	
1983	0.664912	-0.161415	1.267119	
1984	0.662807	-0.159309	1.269206	
1985	0.660664	-0.156585	1.271042	
1986	0.657692	-0.153658	1.273012	
1987	0.654377	-0.151555	1.274075	
1988	0.650550	-0.148557	1.275372	
1989	0.647129	-0.146411	1.276521	
1990	0.643752	-0.145477	1.277266	
1991	0.640151	-0.144338	1.277889	
1992	0.637798	-0.143342	1.278890	
1993	0.635083	-0.143836	1.279690	
1994	0.632212	-0.143332	1.280736	
1995	0.630315	-0.142606	1.282097	
1996	0.628161	-0.142309	1.283641	
1997	0.624953	-0.141287	1.285104	
1998	0.621753	-0.140394	1.286644	
1999	0.617778	-0.140095	1.287482	
2000	0.613477	-0.139412	1.288447	
2001	0.609149	-0.140232	1.288592	
2002	0.604472	-0.139376	1.288989	
2003	0.599919	-0.139065	1.289527	
2004	0.596169	-0.139019	1.289992	
2005	0.591952	-0.138792	1.290523	
2006	0.588054	-0.138214	1.291334	
2007	0.583900	-0.139055	1.291263	
2008	0.579232	-0.139202	1.291136	
2009	0.574014	-0.139158	1.290536	
2010	0.569172	-0.138610	1.290036	
2011	0.563829	-0.137862	1.289626	
2012	0.558302	-0.137316	1.288907	
2013	0.552799	-0.138443	1.287282	
2014	0.547552	-0.137165	1.286236	
2015	0.542628	-0.136178	1.285367	
2016	0.538694	-0.135137	1.284652	
2017	0.534944	-0.132819	1.284564	
2018	0.530668	-0.133421	1.283180	
2019	0.527844	-0.132071	1.282893	
2020	0.524409	-0.131911	1.282510	
2021	0.521585	-0.131504	1.281871	
2022	0.518661	-0.130511	1.281326	
2023	0.513380	-0.130569	1.280071	
2024	0.511196	-0.129901	1.279602	
2025	0.508700	-0.130002	1.279133	
2026	0.505691	-0.130291	1.277858	
2027	0.503291	-0.128442	1.277800	
2028	0.500789	-0.128948	1.277177	
2029	0.498458	-0.127602	1.276348	
2030	0.496187	-0.127368	1.275983	
2031	0.493402	-0.126713	1.275009	
2032	0.490596	-0.125894	1.274190	
2033	0.487487	-0.125929	1.273117	
2034	0.483663	-0.125076	1.271405	
2035	0.480681	-0.124496	1.270496	
2036	0.476782	-0.123859	1.268655	
2037	0.473238	-0.123202	1.267168	
2038	0.469261	-0.122703	1.264853	
2039	0.465882	-0.122765	1.263471	
2040	0.462165	-0.121591	1.261250	
2041	0.459141	-0.121369	1.259503	
2042	0.455897	-0.120974	1.257521	
2043	0.453230	-0.120119	1.256003	
2044	0.446136	-0.118424	1.249910	
2045	0.439372	-0.115159	1.244138	
2046	0.435058	-0.113976	1.240157	
2047	0.432653	-0.112556	1.237673	
2048	0.428988	-0.111386	1.233801	
2049	0.425773	-0.108948	1.230718	
2050	0.422282	-0.108499	1.227262	
2051	0.419168	-0.107093	1.224311	
2052	0.416500	-0.105458	1.222083	
2053	0.413341	-0.104841	1.218819	
2054	0.410915	-0.103022	1.216656	
2055	0.407380	-0.102071	1.213385	
2056	0.403932	-0.101187	1.210216	
2057	0.398157	-0.097940	1.204838	
2058	0.394787	-0.097424	1.201568	
2059	0.392395	-0.095624	1.199498	
2060	0.389058	-0.094265	1.196322	
2061	0.386301	-0.091958	1.193702	
2062	0.381093	-0.087662	1.188972	
2063	0.378508	-0.085577	1.186454	
2064	0.374003	-0.079792	1.181931	
2065	0.372291	-0.077813	1.180313	
2066	0.370660	-0.076171	1.178148	
2067	0.369472	-0.073793	1.176788	
2068	0.367412	-0.073046	1.174191	
2069	0.365676	-0.071967	1.171814	
2070	0.362099	-0.070785	1.167406	
2071	0.360406	-0.070541	1.165151	
2072	0.358510	-0.069576	1.162556	
2073	0.356498	-0.070499	1.159379	
2074	0.354827	-0.070636	1.156092	
2075	0.353987	-0.069695	1.153665	
2076	0.351904	-0.069942	1.149568	
2077	0.351062	-0.068758	1.146214	
2078	0.350156	-0.068213	1.142776	
2079	0.349169	-0.068665	1.138828	
2080	0.348429	-0.067759	1.134985	
2081	0.347724	-0.066192	1.131129	
2082	0.346949	-0.065779	1.126667	
2083	0.346349	-0.064548	1.122151	
2084	0.345753	-0.063201	1.117177	
2085	0.344973	-0.061532	1.111479	
2086	0.345157	-0.059901	1.106555	
2087	0.345156	-0.059752	1.101132	
2088	0.345551	-0.058265	1.095250	
2089	0.346756	-0.056414	1.089682	
2090	0.347130	-0.055101	1.083468	
2091	0.348572	-0.052410	1.077925	
2092	0.352447	-0.048491	1.072939	
2093	0.351172	-0.047847	1.066407	
2094	0.352521	-0.044345	1.061352	
2095	0.356428	-0.042746	1.055039	
2096	0.353962	-0.042382	1.048549	
2097	0.355567	-0.038713	1.042950	
2098	0.355752	-0.037832	1.035114	
2099	0.354900	-0.035743	1.027045	
2100	0.355419	-0.032944	1.019655	
2101	0.355273	-0.032173	1.011407	
2102	0.355018	-0.029875	1.003887	
2103	0.354631	-0.027589	0.997031	
2104	0.354157	-0.026632	0.990388	
2105	0.352768	-0.026577	0.983357	
2106	0.351734	-0.026545	0.976945	
2107	0.350263	-0.027319	0.970854	
2108	0.347799	-0.028378	0.964874	
2109	0.345570	-0.028520	0.960031	
2110	0.342737	-0.029623	0.954438	
2111	0.339718	-0.029408	0.949152	
2112	0.337243	-0.029118	0.944416	
2113	0.333289	-0.030231	0.938793	
2114	0.329854	-0.028741	0.934360	
2115	0.325611	-0.027118	0.929718	
2116	0.323963	-0.027812	0.926155	
2117	0.319167	-0.026047	0.921075	
2118	0.316800	-0.024489	0.917270	
2119	0.312756	-0.024498	0.912077	
2120	0.310637	-0.023478	0.907518	
2121	0.309417	-0.021784	0.903355	
2122	0.305012	-0.024992	0.891330	
2123	0.305027	-0.022326	0.886225	
2124	0.300577	-0.024963	0.871682	
2125	0.301951	-0.022005	0.866301	
2126	0.299558	-0.025333	0.857821	
2127	0.299307	-0.023833	0.850965	
2128	0.300180	-0.020753	0.844827	
2129	0.299820	-0.022264	0.836831	
2130	0.298833	-0.024384	0.827926	
2131	0.300135	-0.022986	0.821941	
2132	0.299014	-0.021480	0.812820	
2133	0.297898	-0.020735	0.797568	
2134	0.298580	-0.021948	0.782396	
2135	0.298730	-0.020191	0.776575	
2136	0.299798	-0.019738	0.770526	
2137	0.299390	-0.021473	0.763620	
2138	0.299978	-0.019251	0.758304	
2139	0.300899	-0.017466	0.752764	
2140	0.301036	-0.016990	0.746515	
2141	0.300887	-0.016406	0.740312	
2142	0.302281	-0.015139	0.734303	
2143	0.303851	-0.012911	0.728690	
2144	0.304965	-0.013025	0.721953	
2145	0.306435	-0.012323	0.716128	
2146	0.307193	-0.009955	0.709641	
2147	0.307388	-0.010823	0.702835	
2148	0.309636	-0.008979	0.696409	
2149	0.316561	-0.002515	0.686342	
2150	0.318885	-0.002538	0.679249	
2151	0.320376	-0.000168	0.672632	
2152	0.324657	0.001521	0.656419	
2153	0.326376	0.003330	0.648121	
2154	0.326914	0.006768	0.640701	
2155	0.328697	0.009157	0.632031	
2156	0.328882	0.009427	0.622281	
2157	0.331000	0.011130	0.613720	
2158	0.332501	0.015243	0.604806	
2159	0.333170	0.015563	0.592967	
2160	0.334556	0.019235	0.583115	
2161	0.339867	0.024343	0.561693	
2162	0.339481	0.025818	0.551074	
2163	0.340363	0.028217	0.540691	
2164	0.340676	0.032088	0.529403	
2165	0.339622	0.032723	0.516283	
2166	0.340253	0.034349	0.505526	
2167	0.340554	0.039201	0.495562	
2168	0.341038	0.039796	0.482906	
2169	0.338989	0.039560	0.470048	
2170	0.338533	0.042169	0.460383	
2171	0.337090	0.043536	0.449546	
2172	0.335983	0.044235	0.438790	
2173	0.336251	0.047471	0.430286	
2174	0.334564	0.050278	0.421787	
2175	0.333949	0.051704	0.412772	
2176	0.331676	0.052395	0.404083	
2177	0.331464	0.055202	0.397551	
2178	0.331509	0.057211	0.390431	
2179	0.331608	0.057344	0.382542	
2180	0.326959	0.060483	0.370515	
2181	0.324558	0.061600	0.364369	
2182	0.320554	0.062275	0.358712	
2183	0.311420	0.063887	0.352987	
2184	0.309815	0.065188	0.347155	
2185	0.304351	0.065499	0.340794	
2186	0.298964	0.066122	0.336112	
2187	0.291775	0.067535	0.330685	
2188	0.285179	0.067926	0.324712	
2189	0.278337	0.069666	0.319663	
2190	0.268980	0.071894	0.314478	
2191	0.261671	0.072650	0.307904	
2192	0.253087	0.073043	0.300567	
2193	0.243160	0.074720	0.294954	
2194	0.233883	0.076810	0.289229	
2195	0.226552	0.077312	0.282746	
2196	0.215871	0.077406	0.275851	
2197	0.206517	0.079208	0.269929	
2198	0.198716	0.080548	0.263610	
2199	0.190099	0.080687	0.256789	
2200	0.181397	0.081190	0.251142	
2201	0.174783	0.082296	0.245322	
2202	0.167351	0.083486	0.239183	
2203	0.158134	0.083296	0.233196	
2204	0.150935	0.083735	0.228270	
2205	0.142688	0.085163	0.223202	
2206	0.134429	0.085429	0.217889	
2207	0.126810	0.085728	0.212308	
2208	0.119425	0.085731	0.206652	
2209	0.112899	0.086608	0.200924	
2210	0.105784	0.086624	0.194908	
2211	0.098299	0.086345	0.189373	
2212	0.091412	0.087237	0.184440	
2213	0.084740	0.087660	0.179057	
2214	0.067899	0.090018	0.169697	
2215	0.059729	0.090787	0.163969	
2216	0.051529	0.091353	0.158266	
2217	0.043656	0.092075	0.152402	
2218	0.035269	0.092896	0.145586	
2219	0.026291	0.092733	0.139035	
2220	0.019107	0.094076	0.132710	
2221	0.011153	0.094536	0.125173	
2222	0.000828	0.095859	0.117843	
2223	-0.007434	0.098095	0.111536	
2224	-0.015582	0.100683	0.104090	
2225	-0.026220	0.102480	0.096373	
2226	-0.034545	0.104471	0.090130	
2227	-0.042966	0.108671	0.083926	
2228	-0.052173	0.111317	0.077137	
2229	-0.061714	0.114221	0.071470	
2230	-0.068208	0.118764	0.065885	
2231	-0.077147	0.121854	0.059756	
2232	-0.086679	0.125875	0.054291	
2233	-0.094099	0.129725	0.049044	
2234	-0.101786	0.134747	0.043664	
2235	-0.119622	0.144238	0.033892	
2236	-0.124178	0.149864	0.029843	
2237	-0.133608	0.153302	0.023993	
2238	-0.141589	0.156873	0.020093	
2239	-0.147093	0.159995	0.016716	
2240	-0.153058	0.161737	0.013371	
2241	-0.159706	0.162834	0.009790	
2242	-0.165080	0.163928	0.006652	
2243	-0.171723	0.164650	0.003224	
2244	-0.178877	0.165659	0.000583	
2245	-0.183978	0.165858	-0.002230	
2246	-0.192833	0.166286	-0.005300	
2247	-0.201397	0.166804	-0.007980	
2248	-0.207494	0.167562	-0.009591	
2249	-0.212574	0.168460	-0.012418	
2250	-0.220701	0.169198	-0.015030	
2251	-0.229113	0.170789	-0.016566	
2252	-0.235784	0.171963	-0.018464	
2253	-0.243198	0.171922	-0.020143	
2254	-0.251124	0.171998	-0.021476	
2255	-0.258925	0.171717	-0.022604	
2256	-0.279024	0.169794	-0.024381	
2257	-0.294024	0.168030	-0.027052	
2258	-0.301468	0.168738	-0.027779	
2259	-0.307815	0.169174	-0.028692	
2260	-0.315246	0.168946	-0.029526	
2261	-0.321975	0.170413	-0.029561	
2262	-0.327998	0.172375	-0.029442	
2263	-0.335347	0.173193	-0.029554	
2264	-0.344191	0.173644	-0.030080	
2265	-0.351883	0.175536	-0.029836	
2266	-0.358181	0.177052	-0.030525	
2267	-0.365076	0.177065	-0.032167	
2268	-0.372658	0.176907	-0.034002	
2269	-0.380646	0.177481	-0.035525	
2270	-0.388287	0.176200	-0.037914	
2271	-0.396612	0.174262	-0.040493	
2272	-0.402760	0.173442	-0.042769	
2273	-0.409983	0.172385	-0.045312	
2274	-0.416972	0.169176	-0.048466	
2275	-0.426097	0.167950	-0.051084	
2276	-0.432887	0.166842	-0.053450	
2277	-0.438729	0.166046	-0.055957	
2278	-0.447040	0.165346	-0.057858	
2279	-0.454194	0.164497	-0.059635	
2280	-0.458641	0.164789	-0.061112	
2281	-0.467426	0.163702	-0.062832	
2282	-0.475694	0.165416	-0.063679	
2283	-0.481987	0.165280	-0.065364	
2284	-0.489738	0.163553	-0.067088	
2285	-0.494884	0.161855	-0.068415	
2286	-0.498706	0.161655	-0.070389	
2287	-0.505130	0.161447	-0.072899	
2288	-0.511532	0.160130	-0.075797	
2289	-0.517647	0.158564	-0.079489	
2290	-0.524044	0.158510	-0.083370	
2291	-0.530488	0.158494	-0.087802	
2292	-0.537119	0.158980	-0.092042	
2293	-0.543312	0.160081	-0.096811	
2294	-0.548592	0.160898	-0.102010	
2295	-0.557133	0.164471	-0.107013	
2296	-0.563819	0.168087	-0.112229	
2297	-0.569530	0.170365	-0.117887	
2298	-0.578271	0.174157	-0.122896	
2299	-0.585297	0.177899	-0.128067	
2300	-0.592062	0.183205	-0.132370	
2301	-0.597445	0.187136	-0.137359	
2302	-0.605303	0.190426	-0.141724	
2303	-0.612007	0.194971	-0.145787	
2304	-0.618563	0.200501	-0.149619	
2305	-0.623858	0.204482	-0.153963	
2306	-0.631774	0.209148	-0.156977	
2307	-0.637424	0.213188	-0.160535	
2308	-0.642886	0.217804	-0.164250	
2309	-0.649826	0.220377	-0.167809	
2310	-0.654002	0.225022	-0.170957	
2311	-0.660340	0.227314	-0.174228	
2312	-0.665195	0.231006	-0.176731	
2313	-0.671272	0.233331	-0.179016	
2314	-0.676816	0.233008	-0.181889	
2315	-0.681978	0.234679	-0.184129	
2316	-0.686687	0.235507	-0.186193	
2317	-0.691474	0.236833	-0.188232	
2318	-0.699738	0.238786	-0.189870	
2319	-0.705150	0.239398	-0.191761	
2320	-0.709508	0.240041	-0.194092	
2321	-0.715190	0.240004	-0.197032	
2322	-0.721371	0.240794	-0.199311	
2323	-0.727082	0.241038	-0.201957	
2324	-0.732320	0.240314	-0.205235	
2325	-0.738780	0.239264	-0.208091	
2326	-0.746045	0.239036	-0.210808	
2327	-0.751320	0.238855	-0.214350	
2328	-0.757516	0.236367	-0.217247	
2329	-0.764537	0.232993	-0.220527	
2330	-0.786133	0.231285	-0.220348	
2331	-0.793157	0.230473	-0.223146	
2332	-0.798894	0.228120	-0.225812	
2333	-0.808436	0.227758	-0.227851	
2334	-0.815644	0.227593	-0.230129	
2335	-0.823085	0.224791	-0.232482	
2336	-0.834137	0.225650	-0.233869	
2337	-0.839412	0.225737	-0.236603	
2338	-0.846195	0.224516	-0.239422	
2339	-0.858850	0.226439	-0.241488	
2340	-0.872473	0.228881	-0.243580	
2341	-0.876895	0.230094	-0.247007	
2342	-0.883759	0.230887	-0.250299	
2343	-0.895006	0.232664	-0.252637	
2344	-0.901034	0.231301	-0.256066	
2345	-0.909227	0.230729	-0.259074	
2346	-0.913082	0.231212	-0.262295	
2347	-0.919756	0.229029	-0.266100	
2348	-0.929879	0.228119	-0.268658	
2349	-0.937462	0.227904	-0.271602	
2350	-0.944009	0.227246	-0.274891	
2351	-0.951397	0.227920	-0.278396	
2352	-0.955592	0.225709	-0.282856	
2353	-0.962381	0.222896	-0.287112	
2354	-0.969443	0.221506	-0.290817	
2355	-0.974815	0.219397	-0.295203	
2356	-0.978355	0.219675	-0.299773	
2357	-0.987617	0.220549	-0.303106	
2358	-0.993925	0.222405	-0.306383	
2359	-1.000393	0.223352	-0.310477	
2360	-1.015180	0.225444	-0.318564	
2361	-1.027082	0.229247	-0.328970	
2362	-1.037358	0.234361	-0.333365	
2363	-1.044662	0.238027	-0.338510	
2364	-1.058137	0.245116	-0.348188	
2365	-1.075657	0.253834	-0.356717	
2366	-1.092044	0.259191	-0.365695	
2367	-1.101946	0.265379	-0.369656	
2368	-1.106763	0.268630	-0.374270	
2369	-1.114696	0.272364	-0.377296	
2370	-1.123665	0.278525	-0.379505	
2371	-1.132027	0.284167	-0.381208	
2372	-1.135551	0.287485	-0.383521	
2373	-1.140254	0.288809	-0.384493	
2374	-1.151112	0.293230	-0.382184	
2375	-1.157362	0.297367	-0.380195	
2376	-1.156392	0.297998	-0.379292	
2377	-1.160379	0.300070	-0.377267	
2378	-1.168963	0.301133	-0.373614	
2379	-1.178546	0.300059	-0.367275	
2380	-1.182171	0.302056	-0.363198	
2381	-1.188290	0.300027	-0.359366	
2382	-1.196615	0.297138	-0.353595	
2383	-1.199630	0.295887	-0.349091	
2384	-1.205471	0.296014	-0.342949	
2385	-1.211802	0.292813	-0.336574	
2386	-1.219110	0.290491	-0.329727	
2387	-1.225166	0.288139	-0.323069	
2388	-1.231182	0.281285	-0.316148	
2389	-1.239780	0.278664	-0.307811	
2390	-1.246808	0.276468	-0.300343	
2391	-1.251837	0.272642	-0.292661	
2392	-1.254990	0.266381	-0.285963	
2393	-1.264073	0.261183	-0.277674	
2394	-1.271499	0.256676	-0.270341	
2395	-1.277112	0.254952	-0.263464	
2396	-1.283318	0.249651	-0.256761	
2397	-1.287927	0.242182	-0.250715	
2398	-1.294905	0.236823	-0.243829	
2399	-1.306110	0.227630	-0.234662	
2400	-1.311324	0.221380	-0.228945	
2401	-1.314146	0.214836	-0.223366	
2402	-1.315735	0.208073	-0.218560	
2403	-1.320960	0.202988	-0.213008	
2404	-1.325420	0.197139	-0.208065	
2405	-1.326771	0.191307	-0.203778	
2406	-1.331005	0.188519	-0.198806	
2407	-1.335295	0.183575	-0.193823	
2408	-1.340328	0.178884	-0.188679	
2409	-1.344293	0.174613	-0.183451	
2410	-1.351286	0.168470	-0.173478	
2411	-1.354061	0.160119	-0.165218	
2412	-1.358922	0.157869	-0.160269	
2413	-1.361002	0.155128	-0.155772	
2414	-1.358591	0.150345	-0.152977	
2415	-1.362877	0.147440	-0.147448	
2416	-1.364023	0.143947	-0.143382	
2417	-1.363561	0.140521	-0.139268	
2418	-1.363689	0.137399	-0.135482	
2419	-1.367961	0.134981	-0.130018	
2420	-1.367485	0.130958	-0.126697	
2421	-1.370554	0.128139	-0.121707	
2422	-1.373396	0.125892	-0.117080	
2423	-1.374080	0.121552	-0.113438	
2424	-1.378454	0.120437	-0.108263	
2425	-1.379643	0.120114	-0.103511	
2426	-1.379900	0.117777	-0.099125	
2427	-1.384809	0.114797	-0.093026	
2428	-1.386891	0.113544	-0.087065	
2429	-1.388664	0.113713	-0.081627	
2430	-1.385760	0.112091	-0.077662	
2431	-1.388050	0.111197	-0.071698	
2432	-1.390108	0.111718	-0.065998	
2433	-1.391812	0.109419	-0.060380	
2434	-1.392995	0.107761	-0.054165	
2435	-1.391005	0.106767	-0.049677	
2436	-1.391320	0.105783	-0.043428	
2437	-1.389865	0.103266	-0.037627	
2438	-1.384450	0.101035	-0.032277	
2439	-1.382178	0.097175	-0.025362	
2440	-1.380150	0.091527	-0.017898	
2441	-1.376150	0.087056	-0.010131	
2442	-1.368533	0.084321	-0.003403	
2443	-1.363669	0.078948	0.004695	
2444	-1.363484	0.072965	0.014889	
2445	-1.356166	0.069374	0.023460	
2446	-1.345112	0.062979	0.029943	
2447	-1.343817	0.054811	0.039531	
2448	-1.336789	0.050499	0.048159	
2449	-1.322437	0.044452	0.053292	
2450	-1.320266	0.034380	0.061732	
2451	-1.318252	0.028321	0.071450	
2452	-1.302974	0.023656	0.077472	
2453	-1.293581	0.016347	0.083988	
2454	-1.292315	0.011224	0.093379	
2455	-1.284694	0.006700	0.100318	
2456	-1.274503	0.003387	0.105472	
2457	-1.272165	-0.001060	0.112569	
2458	-1.268262	-0.003231	0.118860	
2459	-1.258474	-0.006573	0.122892	
2460	-1.250411	-0.009990	0.126118	
2461	-1.247567	-0.010696	0.131364	
2462	-1.245094	-0.010979	0.136175	
2463	-1.236546	-0.012167	0.138920	
2464	-1.228635	-0.012472	0.142478	
2465	-1.225320	-0.011940	0.147803	
2466	-1.222164	-0.012740	0.152739	
2467	-1.214861	-0.014616	0.157362	
2468	-1.208890	-0.012287	0.163359	
2469	-1.204968	-0.010222	0.168448	
2470	-1.200450	-0.011426	0.172735	
2471	-1.196781	-0.009360	0.178105	
2472	-1.194927	-0.006411	0.184314	
2473	-1.189002	-0.006067	0.187778	
2474	-1.185514	-0.006413	0.192164	
2475	-1.182617	-0.004180	0.196820	
2476	-1.176837	-0.004624	0.199449	
2477	-1.174248	-0.005767	0.202704	
2478	-1.170284	-0.005582	0.205635	
2479	-1.166446	-0.003620	0.208586	
2480	-1.164968	-0.003493	0.211658	
2481	-1.160220	-0.003908	0.214615	
2482	-1.156313	-0.002629	0.218455	
2483	-1.150079	-0.005705	0.221163	
2484	-1.149943	-0.003374	0.227957	
2485	-1.147770	-0.000720	0.233834	
2486	-1.140008	-0.002567	0.237344	
2487	-1.136692	-0.004295	0.241773	
2488	-1.138860	-0.001511	0.247301	
2489	-1.134898	-0.002735	0.251351	
2490	-1.130170	-0.001980	0.255285	
2491	-1.127879	-0.001566	0.259508	
2492	-1.126879	-0.002749	0.264322	
2493	-1.122593	0.003276	0.269040	
2494	-1.115813	0.002562	0.271060	
2495	-1.116685	0.003616	0.275306	
2496	-1.116827	0.008365	0.280248	
2497	-1.111279	0.008541	0.281880	
2498	-1.111489	0.009023	0.284879	
2499	-1.114526	0.014293	0.289771	
2500	-1.110517	0.014861	0.290922	
2501	-1.110653	0.014606	0.292936	
2502	-1.112440	0.017089	0.296133	
2503	-1.110485	0.017209	0.297379	
2504	-1.111893	0.016695	0.298888	
2505	-1.114372	0.017793	0.301086	
2506	-1.113093	0.018321	0.302266	
2507	-1.112925	0.017800	0.303149	
2508	-1.114288	0.019215	0.304810	
2509	-1.113616	0.019911	0.306055	
2510	-1.111166	0.021079	0.306543	
2511	-1.112566	0.021709	0.307787	
2512	-1.114604	0.024420	0.310091	
2513	-1.113663	0.026054	0.311610	
2514	-1.114050	0.026463	0.312906	
2515	-1.117793	0.029253	0.316158	
2516	-1.115255	0.031332	0.317644	
2517	-1.113345	0.031631	0.318503	
2518	-1.118585	0.034360	0.322261	
2519	-1.117383	0.036942	0.324438	
2520	-1.115270	0.036880	0.325809	
2521	-1.117996	0.039027	0.329078	
2522	-1.117042	0.040999	0.331407	
2523	-1.114741	0.042455	0.333562	
2524	-1.112752	0.044217	0.335325	
2525	-1.114553	0.045728	0.338228	
2526	-1.110745	0.047115	0.339959	
2527	-1.108263	0.048715	0.341461	
2528	-1.110025	0.050622	0.344140	
2529	-1.109127	0.052488	0.346218	
2530	-1.104330	0.053635	0.346227	
2531	-1.103930	0.054041	0.347070	
2532	-1.105445	0.055945	0.348760	
2533	-1.102256	0.056784	0.348830	
2534	-1.100780	0.056443	0.348567	
2535	-1.103089	0.057164	0.350376	
2536	-1.100300	0.057843	0.350941	
2537	-1.099325	0.057150	0.351064	
2538	-1.099417	0.056730	0.351772	
2539	-1.098720	0.056407	0.352599	
2540	-1.096978	0.056226	0.352686	
2541	-1.095620	0.055218	0.353155	
2542	-1.092843	0.054745	0.352546	
2543	-1.092487	0.054160	0.352505	
2544	-1.091544	0.053641	0.352627	
2545	-1.089729	0.053141	0.352424	
2546	-1.090576	0.051767	0.352475	
2547	-1.089976	0.052540	0.352955	
2548	-1.087336	0.053600	0.352570	
2549	-1.087857	0.053729	0.352877	
2550	-1.087993	0.054780	0.353386	
2551	-1.085200	0.056760	0.353281	
2552	-1.084190	0.056959	0.352998	
2553	-1.083957	0.059090	0.353814	
2554	-1.080554	0.060903	0.353212	
2555	-1.080080	0.061484	0.353108	
2556	-1.079725	0.062987	0.353560	
2557	-1.076636	0.065401	0.352846	
2558	-1.075778	0.065897	0.352391	
2559	-1.076301	0.067278	0.352778	
2560	-1.072871	0.069322	0.352109	
2561	-1.072641	0.069917	0.351727	
2562	-1.072989	0.071342	0.352082	
2563	-1.068821	0.073935	0.351247	
2564	-1.068610	0.075002	0.351136	
2565	-1.067555	0.077183	0.351203	
2566	-1.063386	0.080722	0.349863	
2567	-1.063645	0.082262	0.349819	
2568	-1.060366	0.084277	0.348371	
2569	-1.059954	0.085523	0.347227	
2570	-1.057965	0.086473	0.346229	
2571	-1.058012	0.086756	0.345171	
2572	-1.057526	0.087289	0.344449	
2573	-1.055154	0.087930	0.343191	
2574	-1.054966	0.088387	0.341827	
2575	-1.052657	0.088109	0.340351	
2576	-1.053619	0.088290	0.340036	
2577	-1.051276	0.088353	0.339051	
2578	-1.049556	0.088554	0.337139	
2579	-1.048454	0.089252	0.336572	
2580	-1.045586	0.090039	0.335488	
2581	-1.045274	0.090659	0.334967	
2582	-1.045747	0.091095	0.334907	
2583	-1.043674	0.091846	0.334103	
