0	0.000000	0.000000	0.000000	
1	0.000000	0.000000	0.000000	
2	0.000000	0.000000	0.000000	
3	0.000000	0.000000	0.000000	
4	0.000023	0.001283	0.000713	
5	-0.000355	0.001237	0.000689	
6	-0.000666	0.002178	0.000445	
7	-0.000450	0.001667	0.000063	
8	-0.001099	0.005053	0.000512	
9	-0.000622	0.003773	-0.000217	
10	-0.000605	0.005141	0.000066	
11	-0.000589	0.003784	-0.000379	
12	-0.000662	0.003284	-0.000172	
13	-0.000493	0.003334	-0.000215	
14	-0.001122	0.002167	-0.000759	
15	-0.001205	0.001559	-0.000921	
16	-0.001081	0.000729	-0.001348	
17	-0.001291	-0.000502	-0.002056	
18	-0.000822	-0.000114	-0.001905	
19	-0.001022	-0.000410	-0.002554	
20	-0.001232	0.000300	-0.002439	
21	-0.000901	-0.000216	-0.002623	
22	0.000749	0.000481	-0.002646	
23	0.001085	0.000563	-0.003088	
24	0.000804	-0.000213	-0.003759	
25	0.001577	0.000292	-0.004091	
26	0.001942	0.000031	-0.004843	
27	0.002114	-0.000605	-0.005813	
28	0.003613	-0.000064	-0.006111	
29	0.003230	0.000343	-0.006543	
30	0.002708	-0.000503	-0.007455	
31	0.003887	-0.000502	-0.007635	
32	0.004304	0.000902	-0.007558	
33	0.003741	0.001553	-0.008158	
34	0.004094	0.002131	-0.008357	
35	0.004539	0.002150	-0.008491	
36	0.004480	0.002205	-0.008775	
37	0.005083	0.003331	-0.008487	
38	0.005786	0.004890	-0.008436	
39	0.004987	0.004772	-0.009124	
40	0.005329	0.005394	-0.008908	
41	0.005856	0.005478	-0.009177	
42	0.006108	0.004434	-0.009966	
43	0.006278	0.003362	-0.010546	
44	0.006813	0.002974	-0.010686	
45	0.006974	0.003588	-0.010968	
46	0.007175	0.003521	-0.011390	
47	0.007561	0.003984	-0.011612	
48	0.007478	0.004675	-0.012011	
49	0.007179	0.004267	-0.012360	
50	0.008190	0.004432	-0.012519	
51	0.008390	0.003809	-0.013233	
52	0.007746	0.003270	-0.013508	
53	0.008232	0.004414	-0.013624	
54	0.007935	0.004184	-0.013994	
55	0.008116	0.004046	-0.014418	
56	0.008151	0.004292	-0.014410	
57	0.007983	0.004265	-0.014768	
58	0.007714	0.004347	-0.014918	
59	0.008549	0.005956	-0.014191	
60	0.008128	0.006150	-0.014017	
61	0.007021	0.006756	-0.013713	
62	0.007790	0.007884	-0.013018	
63	0.007959	0.008708	-0.012353	
64	0.007180	0.010023	-0.011695	
65	0.006646	0.010182	-0.011443	
66	0.006508	0.010239	-0.011102	
67	0.006482	0.011903	-0.010239	
68	0.005343	0.011981	-0.010171	
69	0.003445	0.012475	-0.010247	
70	0.002108	0.012589	-0.010464	
71	-0.000176	0.011584	-0.011617	
72	-0.003085	0.011422	-0.012996	
73	-0.006288	0.009169	-0.015910	
74	-0.011577	0.007530	-0.019556	
75	-0.018237	0.006530	-0.023303	
76	-0.023715	0.005919	-0.027617	
77	-0.036804	0.003116	-0.037377	
78	-0.045370	0.002101	-0.042253	
79	-0.054562	0.002338	-0.046502	
80	-0.063396	0.001770	-0.051190	
81	-0.072744	0.001849	-0.055548	
82	-0.084125	0.002425	-0.060164	
83	-0.094942	0.004416	-0.064043	
84	-0.105589	0.006246	-0.067592	
85	-0.117180	0.008492	-0.070848	
86	-0.129397	0.010589	-0.073781	
87	-0.142749	0.013563	-0.076261	
88	-0.155986	0.016686	-0.078564	
89	-0.167873	0.019253	-0.080831	
90	-0.181311	0.021241	-0.083477	
91	-0.193676	0.025300	-0.084929	
92	-0.204692	0.028997	-0.086519	
93	-0.217079	0.031425	-0.088506	
94	-0.228734	0.033237	-0.089844	
95	-0.239519	0.034903	-0.091853	
96	-0.249472	0.037054	-0.093511	
97	-0.259798	0.037039	-0.095286	
98	-0.269338	0.036826	-0.096916	
99	-0.279978	0.036552	-0.097745	
100	-0.288635	0.036658	-0.098305	
101	-0.299022	0.035071	-0.098906	
102	-0.308870	0.034360	-0.098851	
103	-0.317865	0.033179	-0.098668	
104	-0.326358	0.031271	-0.098894	
105	-0.335726	0.028953	-0.099121	
106	-0.345525	0.027825	-0.098393	
107	-0.353554	0.027474	-0.097383	
108	-0.372638	0.023576	-0.095963	
109	-0.382213	0.022931	-0.094275	
110	-0.391546	0.021968	-0.092617	
111	-0.401482	0.020370	-0.090324	
112	-0.413249	0.018985	-0.087698	
113	-0.424454	0.017893	-0.084978	
114	-0.434643	0.015523	-0.082323	
115	-0.445455	0.012168	-0.079167	
116	-0.457456	0.008058	-0.076041	
117	-0.467898	0.005088	-0.071887	
118	-0.475334	0.003012	-0.066242	
119	-0.499125	-0.002633	-0.054203	
120	-0.507047	-0.003622	-0.046752	
121	-0.511963	-0.007830	-0.039825	
122	-0.521504	-0.011612	-0.032923	
123	-0.529137	-0.012682	-0.025966	
124	-0.537088	-0.017096	-0.020509	
125	-0.544466	-0.020910	-0.014558	
126	-0.551763	-0.023097	-0.008791	
127	-0.560027	-0.027638	-0.004434	
128	-0.566854	-0.032089	0.000075	
129	-0.573204	-0.036067	0.004818	
130	-0.581757	-0.040256	0.009097	
131	-0.587705	-0.043339	0.014161	
132	-0.593392	-0.047367	0.019379	
133	-0.599755	-0.051421	0.024387	
134	-0.615047	-0.056402	0.035360	
135	-0.622254	-0.059208	0.041161	
136	-0.630508	-0.061299	0.046648	
137	-0.638591	-0.064142	0.052065	
138	-0.652704	-0.068842	0.063118	
139	-0.661982	-0.069994	0.068783	
140	-0.679823	-0.074018	0.079956	
141	-0.688461	-0.076145	0.085541	
142	-0.697681	-0.076437	0.091692	
143	-0.706758	-0.078151	0.097324	
144	-0.716060	-0.080730	0.102938	
145	-0.723902	-0.083656	0.107980	
146	-0.733653	-0.087565	0.112821	
147	-0.743512	-0.088804	0.118446	
148	-0.751532	-0.092176	0.123304	
149	-0.760538	-0.094876	0.128340	
150	-0.769920	-0.096131	0.134070	
151	-0.784300	-0.102591	0.145032	
152	-0.792375	-0.104737	0.150367	
153	-0.799063	-0.108406	0.155314	
154	-0.803697	-0.112562	0.160115	
155	-0.810374	-0.113948	0.165404	
156	-0.816936	-0.115313	0.171067	
157	-0.821381	-0.118104	0.176606	
158	-0.826139	-0.121888	0.182075	
159	-0.833113	-0.123898	0.188147	
160	-0.838306	-0.126325	0.193988	
161	-0.842389	-0.129862	0.199229	
162	-0.848393	-0.131359	0.204467	
163	-0.855389	-0.132668	0.209770	
164	-0.859852	-0.135205	0.214683	
165	-0.864775	-0.138677	0.219019	
166	-0.871391	-0.140182	0.223905	
167	-0.876292	-0.142516	0.228946	
168	-0.879844	-0.145878	0.233264	
169	-0.885926	-0.147671	0.238587	
170	-0.892767	-0.149234	0.244217	
171	-0.897182	-0.155015	0.249187	
172	-0.902286	-0.159727	0.254160	
173	-0.909376	-0.163020	0.259721	
174	-0.919499	-0.169289	0.271335	
175	-0.925355	-0.173731	0.277408	
176	-0.931574	-0.175637	0.283942	
177	-0.935904	-0.179824	0.290592	
178	-0.940715	-0.183527	0.297360	
179	-0.946196	-0.187151	0.304159	
180	-0.951088	-0.190832	0.310580	
181	-0.955791	-0.194000	0.316863	
182	-0.960300	-0.197423	0.322654	
183	-0.966340	-0.202030	0.328687	
184	-0.970741	-0.203688	0.334745	
185	-0.973204	-0.207911	0.339563	
186	-0.979812	-0.209478	0.345308	
187	-0.986690	-0.211604	0.350927	
188	-0.991584	-0.213741	0.356290	
189	-0.996000	-0.215667	0.361428	
190	-1.003951	-0.216040	0.367476	
191	-1.011172	-0.216902	0.373703	
192	-1.016252	-0.217602	0.380061	
193	-1.021698	-0.219199	0.385983	
194	-1.030825	-0.219533	0.392646	
195	-1.041035	-0.218797	0.399621	
196	-1.049605	-0.220433	0.405370	
197	-1.059324	-0.221211	0.410796	
198	-1.072130	-0.222287	0.416851	
199	-1.082997	-0.222976	0.421661	
200	-1.092519	-0.223753	0.425795	
201	-1.103926	-0.224312	0.430364	
202	-1.116822	-0.224885	0.435542	
203	-1.126118	-0.224610	0.439641	
204	-1.136837	-0.226745	0.443970	
205	-1.157740	-0.229837	0.452366	
206	-1.166226	-0.231452	0.455770	
207	-1.176579	-0.234555	0.460143	
208	-1.185884	-0.237415	0.464366	
209	-1.191952	-0.238432	0.468063	
210	-1.199749	-0.241812	0.471914	
211	-1.209511	-0.244582	0.476961	
212	-1.214761	-0.246140	0.481237	
213	-1.220716	-0.248995	0.485424	
214	-1.229629	-0.253173	0.490594	
215	-1.234757	-0.254354	0.495644	
216	-1.239246	-0.257393	0.500053	
217	-1.246958	-0.260828	0.505955	
218	-1.251359	-0.263337	0.511508	
219	-1.255760	-0.265821	0.517207	
220	-1.261455	-0.269419	0.523145	
221	-1.266771	-0.272018	0.529356	
222	-1.270647	-0.275257	0.534983	
223	-1.275476	-0.279757	0.540982	
224	-1.280166	-0.283504	0.547176	
225	-1.283699	-0.287426	0.553262	
226	-1.288131	-0.291700	0.559818	
227	-1.290546	-0.296058	0.565908	
228	-1.293146	-0.301524	0.571818	
229	-1.297091	-0.307710	0.578068	
230	-1.300354	-0.312341	0.583878	
231	-1.303830	-0.316398	0.589548	
232	-1.307848	-0.321289	0.595562	
233	-1.310239	-0.326464	0.601064	
234	-1.313945	-0.331499	0.607039	
235	-1.319641	-0.335369	0.614063	
236	-1.323352	-0.339713	0.619930	
237	-1.327009	-0.343843	0.625667	
238	-1.331371	-0.347787	0.631638	
239	-1.335650	-0.351375	0.637841	
240	-1.339746	-0.354862	0.643819	
241	-1.345189	-0.359354	0.650021	
242	-1.350343	-0.361765	0.656078	
243	-1.355002	-0.365084	0.661005	
244	-1.361597	-0.369809	0.666575	
245	-1.367184	-0.372888	0.671829	
246	-1.371240	-0.377542	0.676198	
247	-1.376860	-0.382611	0.680309	
248	-1.382783	-0.386509	0.684190	
249	-1.387917	-0.390416	0.687358	
250	-1.393437	-0.395125	0.690016	
251	-1.401364	-0.398061	0.693292	
252	-1.408025	-0.400798	0.696142	
253	-1.415015	-0.404575	0.698344	
254	-1.424314	-0.405830	0.701202	
255	-1.432854	-0.407065	0.703050	
256	-1.451768	-0.410385	0.705972	
257	-1.462914	-0.409664	0.707319	
258	-1.482662	-0.409924	0.708503	
259	-1.494579	-0.409594	0.709685	
260	-1.505637	-0.408529	0.710812	
261	-1.516147	-0.407174	0.711786	
262	-1.526454	-0.406643	0.712894	
263	-1.536716	-0.407249	0.714070	
264	-1.547117	-0.405484	0.715952	
265	-1.556681	-0.404795	0.717041	
266	-1.567865	-0.405184	0.718483	
267	-1.577524	-0.405400	0.720320	
268	-1.586524	-0.405876	0.721627	
269	-1.597746	-0.405983	0.723939	
270	-1.607231	-0.404830	0.726207	
271	-1.616826	-0.405079	0.728462	
272	-1.626915	-0.405851	0.731152	
273	-1.635524	-0.405857	0.733930	
274	-1.644224	-0.406665	0.736700	
275	-1.653566	-0.404330	0.740758	
276	-1.661900	-0.402460	0.745376	
277	-1.670174	-0.399918	0.750559	
278	-1.678076	-0.395555	0.756828	
279	-1.685483	-0.391387	0.763975	
280	-1.692082	-0.386856	0.771545	
281	-1.698175	-0.381548	0.779320	
282	-1.702778	-0.377293	0.787050	
283	-1.706451	-0.373343	0.795029	
284	-1.710147	-0.369631	0.803138	
285	-1.712826	-0.366472	0.810481	
286	-1.715610	-0.365485	0.818210	
287	-1.718353	-0.363250	0.827631	
288	-1.717690	-0.360431	0.835541	
289	-1.718937	-0.360435	0.843131	
290	-1.720073	-0.357920	0.852221	
291	-1.719727	-0.355844	0.860778	
292	-1.720227	-0.354688	0.869798	
293	-1.720794	-0.353200	0.878530	
294	-1.721830	-0.350833	0.888257	
295	-1.722901	-0.348608	0.897522	
296	-1.723678	-0.349098	0.906197	
297	-1.725167	-0.348800	0.915231	
298	-1.726225	-0.349577	0.923947	
299	-1.727443	-0.351001	0.931166	
300	-1.729550	-0.352329	0.938911	
301	-1.731755	-0.354054	0.946540	
302	-1.733935	-0.354312	0.954596	
303	-1.736019	-0.356505	0.961398	
304	-1.738517	-0.359105	0.968507	
305	-1.740698	-0.363601	0.974871	
306	-1.744422	-0.366232	0.981624	
307	-1.748260	-0.367725	0.988578	
308	-1.752522	-0.371233	0.994981	
309	-1.756080	-0.375054	1.000607	
310	-1.759750	-0.378589	1.006525	
311	-1.763497	-0.380318	1.012480	
312	-1.767228	-0.383820	1.017962	
313	-1.771302	-0.387034	1.023674	
314	-1.775427	-0.388803	1.029941	
315	-1.779771	-0.392280	1.035729	
316	-1.784675	-0.396593	1.040816	
317	-1.789559	-0.401240	1.045764	
318	-1.794837	-0.405347	1.051075	
319	-1.800239	-0.409340	1.056155	
320	-1.806196	-0.413696	1.061267	
321	-1.811579	-0.418749	1.065913	
322	-1.816844	-0.423596	1.070241	
323	-1.822638	-0.428630	1.074405	
324	-1.828100	-0.433333	1.078629	
325	-1.833666	-0.437363	1.082664	
326	-1.838404	-0.442806	1.085543	
327	-1.842861	-0.447845	1.088535	
328	-1.847627	-0.452832	1.091897	
329	-1.852463	-0.457604	1.095563	
330	-1.857054	-0.462406	1.100049	
331	-1.861442	-0.468712	1.104309	
332	-1.865713	-0.473056	1.108653	
333	-1.870032	-0.478907	1.114382	
334	-1.873447	-0.486264	1.118896	
335	-1.877604	-0.491059	1.124545	
336	-1.881728	-0.497108	1.130681	
337	-1.884991	-0.503216	1.134856	
338	-1.888550	-0.508855	1.141002	
339	-1.891122	-0.516171	1.146681	
340	-1.893315	-0.522630	1.151195	
341	-1.895785	-0.527774	1.157084	
342	-1.897820	-0.534101	1.164370	
343	-1.898935	-0.540098	1.168227	
344	-1.900853	-0.544958	1.174706	
345	-1.902224	-0.552371	1.182067	
346	-1.903421	-0.557515	1.187467	
347	-1.904879	-0.560982	1.194357	
348	-1.904699	-0.566123	1.200641	
349	-1.904537	-0.573208	1.204787	
350	-1.904893	-0.577400	1.210800	
351	-1.905485	-0.582923	1.218548	
352	-1.905187	-0.588372	1.223423	
353	-1.905386	-0.594120	1.230134	
354	-1.904974	-0.605336	1.242533	
355	-1.904682	-0.610591	1.249236	
356	-1.904201	-0.615757	1.255726	
357	-1.903922	-0.621664	1.262494	
358	-1.903781	-0.626905	1.269344	
359	-1.903149	-0.633960	1.277243	
360	-1.902556	-0.645299	1.292250	
361	-1.902130	-0.652113	1.300204	
362	-1.901697	-0.658517	1.307271	
363	-1.901547	-0.664867	1.315082	
364	-1.901505	-0.670256	1.322325	
365	-1.901442	-0.675100	1.329368	
366	-1.901629	-0.678929	1.337160	
367	-1.901408	-0.682114	1.342891	
368	-1.901418	-0.686114	1.348858	
369	-1.901237	-0.690230	1.355568	
370	-1.900660	-0.693690	1.361766	
371	-1.900455	-0.696389	1.366608	
372	-1.899887	-0.699252	1.372347	
373	-1.899620	-0.702090	1.376571	
374	-1.900171	-0.704616	1.380277	
375	-1.900468	-0.707063	1.384979	
376	-1.901222	-0.709260	1.389887	
377	-1.902225	-0.710749	1.393411	
378	-1.903648	-0.712460	1.398055	
379	-1.905194	-0.714051	1.403418	
380	-1.906963	-0.716034	1.408682	
381	-1.908888	-0.718120	1.413477	
382	-1.911154	-0.720919	1.419754	
383	-1.913669	-0.723831	1.424524	
384	-1.916262	-0.727498	1.429808	
385	-1.919650	-0.731207	1.435768	
386	-1.922871	-0.735731	1.440245	
387	-1.927040	-0.739691	1.446337	
388	-1.931049	-0.745073	1.451653	
389	-1.934945	-0.751326	1.456295	
390	-1.939765	-0.755384	1.461563	
391	-1.944226	-0.761781	1.466699	
392	-1.949165	-0.767160	1.471094	
393	-1.954420	-0.773321	1.477683	
394	-1.959750	-0.778702	1.482227	
395	-1.965196	-0.785413	1.487774	
396	-1.971138	-0.792106	1.495249	
397	-1.976614	-0.798386	1.500446	
398	-1.986822	-0.811997	1.511371	
399	-1.990824	-0.819533	1.516766	
400	-1.995226	-0.826492	1.521125	
401	-1.998752	-0.836048	1.528313	
402	-2.002028	-0.842282	1.532507	
403	-2.005653	-0.849786	1.538003	
404	-2.009227	-0.857837	1.546298	
405	-2.012138	-0.864191	1.553897	
406	-2.015123	-0.870560	1.559744	
407	-2.018354	-0.877592	1.568325	
408	-2.020488	-0.883396	1.576992	
409	-2.022775	-0.886274	1.582068	
410	-2.025096	-0.890888	1.588597	
411	-2.026935	-0.895638	1.597432	
412	-2.028582	-0.898104	1.604040	
413	-2.030207	-0.900460	1.609962	
414	-2.031526	-0.903667	1.617557	
415	-2.032366	-0.907465	1.626416	
416	-2.033834	-0.908419	1.632964	
417	-2.035323	-0.910315	1.640339	
418	-2.036806	-0.912024	1.648992	
419	-2.038452	-0.913383	1.655254	
420	-2.039850	-0.915772	1.663385	
421	-2.041722	-0.916337	1.670303	
422	-2.043100	-0.917991	1.677492	
423	-2.044578	-0.918799	1.683501	
424	-2.045994	-0.920206	1.690102	
425	-2.047118	-0.922102	1.697014	
426	-2.049661	-0.924277	1.707303	
427	-2.051109	-0.925607	1.712562	
428	-2.052015	-0.927722	1.718242	
429	-2.053475	-0.930102	1.723867	
430	-2.055576	-0.933618	1.728773	
431	-2.056878	-0.938180	1.736431	
432	-2.058375	-0.949430	1.747282	
433	-2.059170	-0.955355	1.752826	
434	-2.059846	-0.961018	1.757703	
435	-2.061291	-0.966433	1.760650	
436	-2.062429	-0.972279	1.765871	
437	-2.063622	-0.978936	1.771576	
438	-2.065348	-0.984523	1.775527	
439	-2.066889	-0.990845	1.781991	
440	-2.067951	-0.997118	1.786664	
441	-2.069418	-1.004013	1.791737	
442	-2.070867	-1.009550	1.797805	
443	-2.072310	-1.014945	1.802928	
444	-2.073564	-1.021384	1.808388	
445	-2.075143	-1.027073	1.813811	
446	-2.075945	-1.033846	1.820377	
447	-2.077430	-1.039878	1.824563	
448	-2.078769	-1.046686	1.829776	
449	-2.080128	-1.053157	1.836718	
450	-2.081460	-1.059341	1.840403	
451	-2.083417	-1.065911	1.847665	
452	-2.084826	-1.071460	1.853480	
453	-2.087791	-1.076812	1.857576	
454	-2.089344	-1.085012	1.866535	
455	-2.091469	-1.091134	1.872670	
456	-2.094584	-1.098430	1.879879	
457	-2.098426	-1.104708	1.888174	
458	-2.102517	-1.111985	1.896683	
459	-2.106246	-1.121658	1.907029	
460	-2.112407	-1.126997	1.915519	
461	-2.117440	-1.135104	1.925733	
462	-2.122786	-1.143285	1.937555	
463	-2.127879	-1.150343	1.948654	
464	-2.132154	-1.157640	1.959830	
465	-2.136860	-1.164872	1.971315	
466	-2.140396	-1.171750	1.982784	
467	-2.143590	-1.178411	1.992992	
468	-2.147225	-1.185348	2.002781	
469	-2.150764	-1.192773	2.012717	
470	-2.153471	-1.198510	2.023581	
471	-2.157341	-1.204969	2.032513	
472	-2.161307	-1.211436	2.043969	
473	-2.163991	-1.217454	2.054278	
474	-2.167069	-1.222867	2.064351	
475	-2.169577	-1.228445	2.073950	
476	-2.171329	-1.233978	2.083908	
477	-2.173650	-1.237903	2.092626	
478	-2.174674	-1.241160	2.101907	
479	-2.175082	-1.244083	2.110440	
480	-2.175902	-1.246964	2.117862	
481	-2.175520	-1.248676	2.126513	
482	-2.173104	-1.250351	2.136291	
483	-2.173295	-1.251621	2.142857	
484	-2.172989	-1.252705	2.150908	
485	-2.169164	-1.253799	2.161052	
486	-2.166802	-1.254095	2.168344	
487	-2.165480	-1.254397	2.174614	
488	-2.157585	-1.258035	2.194517	
489	-2.155025	-1.259367	2.201929	
490	-2.150848	-1.262218	2.212742	
491	-2.147404	-1.265215	2.219113	
492	-2.143859	-1.268966	2.226331	
493	-2.138771	-1.273451	2.235117	
494	-2.135471	-1.277570	2.241886	
495	-2.133141	-1.281374	2.248074	
496	-2.128030	-1.286505	2.258733	
497	-2.120744	-1.297067	2.271508	
498	-2.116208	-1.301749	2.279986	
499	-2.111290	-1.305516	2.288469	
500	-2.107958	-1.310926	2.292048	
501	-2.104900	-1.314428	2.297447	
502	-2.099240	-1.319587	2.304416	
503	-2.096615	-1.323300	2.307817	
504	-2.093046	-1.326429	2.313088	
505	-2.088961	-1.328790	2.320140	
506	-2.085763	-1.332855	2.324460	
507	-2.082363	-1.337474	2.327224	
508	-2.076895	-1.341978	2.332744	
509	-2.074177	-1.345057	2.335246	
510	-2.071235	-1.348003	2.338238	
511	-2.066179	-1.351197	2.343625	
512	-2.062008	-1.356384	2.345318	
513	-2.057734	-1.361733	2.347171	
514	-2.051333	-1.366148	2.353175	
515	-2.047858	-1.369512	2.356604	
516	-2.043104	-1.374051	2.361253	
517	-2.036975	-1.378945	2.367970	
518	-2.032531	-1.383711	2.373649	
519	-2.028198	-1.387754	2.381430	
520	-2.021379	-1.393038	2.391386	
521	-2.018127	-1.397383	2.399062	
522	-2.013513	-1.401516	2.408437	
523	-2.008332	-1.407155	2.418065	
524	-2.003764	-1.412181	2.427562	
525	-1.998174	-1.418570	2.436943	
526	-1.994864	-1.425751	2.444139	
527	-1.989717	-1.430716	2.453667	
528	-1.984197	-1.435804	2.463223	
529	-1.979894	-1.441574	2.471640	
530	-1.975791	-1.446772	2.479679	
531	-1.970966	-1.451066	2.488732	
532	-1.966828	-1.456132	2.496506	
533	-1.963174	-1.458973	2.505660	
534	-1.958405	-1.461877	2.513912	
535	-1.953202	-1.466022	2.521503	
536	-1.948925	-1.469707	2.528594	
537	-1.943581	-1.472535	2.535884	
538	-1.937330	-1.476982	2.541746	
539	-1.934765	-1.479624	2.547764	
540	-1.929003	-1.483062	2.553805	
541	-1.921542	-1.487756	2.559945	
542	-1.917593	-1.490951	2.565464	
543	-1.911849	-1.493730	2.571317	
544	-1.904520	-1.497186	2.577086	
545	-1.898518	-1.499877	2.582606	
546	-1.893498	-1.501697	2.587543	
547	-1.886598	-1.502985	2.593500	
548	-1.878457	-1.504950	2.597618	
549	-1.871573	-1.506435	2.601988	
550	-1.863960	-1.507786	2.605448	
551	-1.856194	-1.507939	2.610946	
552	-1.847372	-1.509245	2.613918	
553	-1.841181	-1.509478	2.617574	
554	-1.831320	-1.508487	2.622418	
555	-1.818113	-1.509560	2.627227	
556	-1.811871	-1.508844	2.630847	
557	-1.801990	-1.507730	2.636280	
558	-1.789514	-1.507246	2.641505	
559	-1.781561	-1.506298	2.645948	
560	-1.773002	-1.504492	2.650652	
561	-1.760705	-1.503627	2.655385	
562	-1.751050	-1.503458	2.659078	
563	-1.733164	-1.500746	2.666245	
564	-1.722035	-1.500977	2.669450	
565	-1.713744	-1.500631	2.671323	
566	-1.704197	-1.500012	2.673478	
567	-1.694080	-1.500170	2.675968	
568	-1.685432	-1.501028	2.676218	
569	-1.677719	-1.501618	2.677025	
570	-1.668733	-1.501875	2.679423	
571	-1.660771	-1.502804	2.680403	
572	-1.653317	-1.504712	2.679407	
573	-1.645339	-1.506419	2.679541	
574	-1.637540	-1.507923	2.680294	
575	-1.631269	-1.508828	2.680631	
576	-1.624918	-1.509588	2.681352	
577	-1.616778	-1.510677	2.683225	
578	-1.605497	-1.513764	2.683609	
579	-1.598636	-1.514302	2.685343	
580	-1.591045	-1.515418	2.686846	
581	-1.586040	-1.517029	2.686569	
582	-1.579477	-1.517393	2.688727	
583	-1.571561	-1.519488	2.690116	
584	-1.566705	-1.521191	2.691088	
585	-1.554002	-1.523355	2.695560	
586	-1.548408	-1.524398	2.698441	
587	-1.543066	-1.525265	2.700454	
588	-1.536552	-1.526171	2.703100	
589	-1.530089	-1.527464	2.704124	
590	-1.517417	-1.528647	2.709078	
591	-1.511399	-1.529459	2.711642	
592	-1.503957	-1.530707	2.714274	
593	-1.498493	-1.531324	2.717549	
594	-1.492952	-1.532620	2.720194	
595	-1.485813	-1.533632	2.722955	
596	-1.479033	-1.533976	2.726584	
597	-1.475092	-1.533975	2.729402	
598	-1.468048	-1.533723	2.732543	
599	-1.460983	-1.533348	2.735922	
600	-1.455970	-1.533119	2.737484	
601	-1.451030	-1.532888	2.738052	
602	-1.442296	-1.531680	2.742581	
603	-1.435396	-1.529663	2.746995	
604	-1.430956	-1.529568	2.746389	
605	-1.422211	-1.528455	2.749621	
606	-1.412960	-1.526994	2.752964	
607	-1.407561	-1.525965	2.754113	
608	-1.399088	-1.524327	2.757732	
609	-1.390850	-1.523504	2.758505	
610	-1.382073	-1.522375	2.761128	
611	-1.374272	-1.521317	2.763116	
612	-1.367597	-1.520128	2.763361	
613	-1.357946	-1.519294	2.763890	
614	-1.350646	-1.518140	2.763268	
615	-1.343633	-1.516810	2.762237	
616	-1.335135	-1.515280	2.761599	
617	-1.327283	-1.514098	2.760934	
618	-1.320813	-1.513383	2.758811	
619	-1.311534	-1.513466	2.756609	
620	-1.304638	-1.513489	2.755192	
621	-1.299163	-1.513455	2.752924	
622	-1.291205	-1.513480	2.751640	
623	-1.284018	-1.513791	2.749859	
624	-1.278946	-1.514516	2.745834	
625	-1.271296	-1.514774	2.744336	
626	-1.264016	-1.515147	2.742500	
627	-1.251080	-1.515677	2.738636	
628	-1.243209	-1.516554	2.736512	
629	-1.237809	-1.517745	2.733655	
630	-1.230375	-1.518867	2.732320	
631	-1.224130	-1.519892	2.730786	
632	-1.217769	-1.521508	2.728435	
633	-1.211032	-1.523142	2.726240	
634	-1.205340	-1.524199	2.724183	
635	-1.199803	-1.525145	2.722724	
636	-1.194678	-1.525592	2.721586	
637	-1.185462	-1.525635	2.717190	
638	-1.181405	-1.525481	2.714777	
639	-1.176464	-1.524289	2.713474	
640	-1.169844	-1.523622	2.711135	
641	-1.163263	-1.523071	2.709285	
642	-1.160894	-1.522031	2.707110	
643	-1.157294	-1.520467	2.705894	
644	-1.150548	-1.519683	2.704191	
645	-1.147644	-1.518088	2.703243	
646	-1.144686	-1.516190	2.702309	
647	-1.138144	-1.514400	2.701385	
648	-1.132109	-1.512748	2.699838	
649	-1.128358	-1.510881	2.698182	
650	-1.123472	-1.508620	2.696623	
651	-1.117729	-1.506042	2.694661	
652	-1.112241	-1.502762	2.693404	
653	-1.107730	-1.499263	2.691652	
654	-1.101043	-1.495781	2.689993	
655	-1.094799	-1.492018	2.688193	
656	-1.089703	-1.487870	2.686346	
657	-1.080878	-1.484300	2.684019	
658	-1.078071	-1.479576	2.682585	
659	-1.073488	-1.474824	2.681391	
660	-1.063770	-1.472058	2.678566	
661	-1.058891	-1.468121	2.677095	
662	-1.055322	-1.463981	2.675234	
663	-1.049164	-1.460191	2.672340	
664	-1.044456	-1.456111	2.669362	
665	-1.040415	-1.451801	2.666372	
666	-1.036852	-1.447122	2.662689	
667	-1.033988	-1.442106	2.659176	
668	-1.027747	-1.437957	2.654145	
669	-1.021891	-1.433266	2.649676	
670	-1.018242	-1.427234	2.646639	
671	-1.010856	-1.422607	2.641254	
672	-1.002213	-1.417241	2.636333	
673	-0.988946	-1.408099	2.624815	
674	-0.976389	-1.404049	2.618700	
675	-0.965792	-1.397024	2.607455	
676	-0.960381	-1.395685	2.600279	
677	-0.959219	-1.391096	2.596987	
678	-0.956165	-1.386444	2.593698	
679	-0.948486	-1.383577	2.587969	
680	-0.942165	-1.379783	2.583737	
681	-0.939318	-1.374572	2.581562	
682	-0.933188	-1.371536	2.577948	
683	-0.927244	-1.368165	2.575144	
684	-0.918407	-1.360141	2.571906	
685	-0.913177	-1.357499	2.569436	
686	-0.911855	-1.351534	2.570241	
687	-0.908175	-1.347358	2.569494	
688	-0.901562	-1.345241	2.567599	
689	-0.899773	-1.338545	2.570117	
690	-0.896740	-1.333731	2.570519	
691	-0.892065	-1.330167	2.570081	
692	-0.889235	-1.324991	2.571581	
693	-0.888527	-1.319232	2.573876	
694	-0.884281	-1.316730	2.573607	
695	-0.881826	-1.312558	2.575341	
696	-0.880752	-1.308136	2.577036	
697	-0.875209	-1.307465	2.575763	
698	-0.874103	-1.303074	2.578400	
699	-0.872900	-1.300020	2.580034	
700	-0.868018	-1.299772	2.579646	
701	-0.867361	-1.296139	2.582443	
702	-0.865392	-1.293772	2.583813	
703	-0.861670	-1.292342	2.585153	
704	-0.860248	-1.289264	2.588216	
705	-0.857486	-1.287125	2.590392	
706	-0.855042	-1.284690	2.593175	
707	-0.852457	-1.281923	2.596135	
708	-0.850558	-1.279278	2.599076	
709	-0.846932	-1.277625	2.601030	
710	-0.844935	-1.274707	2.603992	
711	-0.842800	-1.271974	2.606861	
712	-0.834488	-1.265234	2.615474	
713	-0.828994	-1.265323	2.615617	
714	-0.822966	-1.265566	2.616840	
715	-0.821786	-1.262815	2.620828	
716	-0.815745	-1.263833	2.621821	
717	-0.812199	-1.263231	2.624582	
718	-0.810535	-1.260878	2.628263	
719	-0.805856	-1.261090	2.630144	
720	-0.802324	-1.260350	2.632832	
721	-0.799898	-1.258533	2.636199	
722	-0.794499	-1.259607	2.636878	
723	-0.789456	-1.260199	2.639005	
724	-0.787171	-1.258987	2.642397	
725	-0.784070	-1.258862	2.644581	
726	-0.777717	-1.261378	2.645051	
727	-0.775553	-1.259752	2.649573	
728	-0.772550	-1.259139	2.652446	
729	-0.766846	-1.261173	2.653365	
730	-0.763237	-1.260707	2.657971	
731	-0.760717	-1.260180	2.660612	
732	-0.755150	-1.261986	2.661735	
733	-0.752568	-1.261293	2.665967	
734	-0.748904	-1.261757	2.668391	
735	-0.744056	-1.263693	2.669618	
736	-0.741890	-1.262975	2.673292	
737	-0.738222	-1.263786	2.675260	
738	-0.734239	-1.265294	2.677378	
739	-0.731696	-1.266057	2.680291	
740	-0.727088	-1.269574	2.680212	
741	-0.725070	-1.271109	2.683065	
742	-0.723535	-1.272010	2.686273	
743	-0.722341	-1.273200	2.688323	
744	-0.722074	-1.273123	2.692040	
745	-0.719837	-1.274483	2.694253	
746	-0.718401	-1.275598	2.697557	
747	-0.717154	-1.276512	2.700645	
748	-0.714952	-1.277617	2.703199	
749	-0.712610	-1.279004	2.705853	
750	-0.712772	-1.278281	2.710157	
751	-0.709828	-1.280159	2.712652	
752	-0.707566	-1.281722	2.716895	
753	-0.706569	-1.282564	2.722119	
754	-0.704204	-1.284800	2.725994	
755	-0.701081	-1.288134	2.729310	
756	-0.699553	-1.290487	2.734553	
757	-0.697665	-1.293554	2.739060	
758	-0.693638	-1.298750	2.742931	
759	-0.693075	-1.301377	2.749560	
760	-0.690070	-1.305760	2.754133	
761	-0.687536	-1.309726	2.760025	
762	-0.685811	-1.313224	2.766909	
763	-0.684134	-1.316584	2.772494	
764	-0.681625	-1.320343	2.777916	
765	-0.678863	-1.324436	2.783565	
766	-0.675870	-1.328891	2.789304	
767	-0.674064	-1.332099	2.796230	
768	-0.670525	-1.336968	2.800603	
769	-0.668389	-1.340296	2.806881	
770	-0.668065	-1.341874	2.813720	
771	-0.663563	-1.346630	2.817459	
772	-0.660948	-1.349549	2.823260	
773	-0.658645	-1.351869	2.828434	
774	-0.654088	-1.355742	2.830445	
775	-0.652762	-1.356366	2.836763	
776	-0.651146	-1.356820	2.841791	
777	-0.646035	-1.359062	2.844703	
778	-0.642301	-1.359976	2.848831	
779	-0.638332	-1.360609	2.852942	
780	-0.632481	-1.363510	2.853304	
781	-0.627864	-1.365249	2.855189	
782	-0.623556	-1.366924	2.856481	
783	-0.617727	-1.369445	2.856037	
784	-0.611403	-1.372234	2.856965	
785	-0.606466	-1.373973	2.858716	
786	-0.599207	-1.376148	2.859452	
787	-0.593768	-1.377816	2.860714	
788	-0.581868	-1.381207	2.864700	
789	-0.574302	-1.383349	2.867051	
790	-0.567677	-1.385505	2.869757	
791	-0.559893	-1.388079	2.870820	
792	-0.552122	-1.390393	2.871907	
793	-0.543130	-1.393981	2.872429	
794	-0.536056	-1.396067	2.874805	
795	-0.527385	-1.398628	2.875599	
796	-0.517817	-1.401932	2.875686	
797	-0.510736	-1.403187	2.878510	
798	-0.502957	-1.404984	2.880072	
799	-0.493617	-1.408085	2.880600	
800	-0.486512	-1.409554	2.883369	
801	-0.469650	-1.415111	2.883112	
802	-0.457201	-1.417773	2.885146	
803	-0.444915	-1.420702	2.885769	
804	-0.439252	-1.421822	2.886188	
805	-0.432565	-1.423554	2.885342	
806	-0.428543	-1.422933	2.886968	
807	-0.421992	-1.423525	2.886477	
808	-0.415027	-1.424523	2.885770	
809	-0.408621	-1.423904	2.886691	
810	-0.400995	-1.424976	2.885741	
811	-0.392738	-1.426629	2.884563	
812	-0.385669	-1.425978	2.885673	
813	-0.379317	-1.426863	2.885774	
814	-0.371196	-1.428339	2.884690	
815	-0.365082	-1.427729	2.885900	
816	-0.358244	-1.428570	2.885675	
817	-0.350345	-1.429525	2.883933	
818	-0.345269	-1.428491	2.884315	
819	-0.338548	-1.429503	2.881773	
820	-0.332713	-1.430261	2.879850	
821	-0.326971	-1.429823	2.878811	
822	-0.321158	-1.429651	2.877160	
823	-0.315252	-1.429037	2.875661	
824	-0.309424	-1.427508	2.874568	
825	-0.303506	-1.427140	2.872502	
826	-0.297867	-1.425184	2.871105	
827	-0.293231	-1.422530	2.869917	
828	-0.288354	-1.420398	2.867774	
829	-0.276269	-1.414358	2.863917	
830	-0.270384	-1.411442	2.860874	
831	-0.265053	-1.408402	2.857115	
832	-0.259081	-1.403963	2.853798	
833	-0.253238	-1.399799	2.849692	
834	-0.245786	-1.396232	2.844324	
835	-0.238417	-1.391452	2.839710	
836	-0.230120	-1.386351	2.835144	
837	-0.221633	-1.383256	2.828574	
838	-0.212105	-1.379561	2.822368	
839	-0.203816	-1.375219	2.816444	
840	-0.194726	-1.371715	2.809882	
841	-0.177142	-1.365031	2.795710	
842	-0.169630	-1.361701	2.788998	
843	-0.162201	-1.358902	2.781428	
844	-0.154127	-1.355161	2.775036	
845	-0.148220	-1.352981	2.767900	
846	-0.140197	-1.349933	2.761753	
847	-0.132954	-1.347038	2.754978	
848	-0.127872	-1.345448	2.748628	
849	-0.119999	-1.342192	2.743085	
850	-0.114055	-1.343036	2.733861	
851	-0.106364	-1.342689	2.726849	
852	-0.097754	-1.339240	2.722731	
853	-0.094590	-1.340430	2.714817	
854	-0.088224	-1.341742	2.707533	
855	-0.081115	-1.341157	2.701260	
856	-0.076601	-1.340796	2.694463	
857	-0.071366	-1.340087	2.687546	
858	-0.066400	-1.339250	2.680096	
859	-0.060104	-1.337919	2.673162	
860	-0.053531	-1.336039	2.667298	
861	-0.048415	-1.335983	2.659856	
862	-0.041565	-1.335805	2.653819	
863	-0.034512	-1.336629	2.646712	
864	-0.027251	-1.337828	2.640538	
865	-0.020020	-1.338728	2.635238	
866	-0.013543	-1.340800	2.628706	
867	-0.005529	-1.342668	2.622925	
868	0.001538	-1.344414	2.617710	
869	0.007168	-1.346842	2.611012	
870	0.012888	-1.349614	2.603990	
871	0.020684	-1.351411	2.598316	
872	0.026569	-1.353700	2.591817	
873	0.032881	-1.355878	2.584675	
874	0.037776	-1.358433	2.576798	
875	0.050062	-1.360647	2.563206	
876	0.052852	-1.362638	2.554182	
877	0.057624	-1.363648	2.546643	
878	0.060493	-1.365088	2.537408	
879	0.068675	-1.364963	2.522458	
880	0.070096	-1.364531	2.513730	
881	0.072408	-1.364173	2.505247	
882	0.076910	-1.362361	2.498964	
883	0.078829	-1.361351	2.491411	
884	0.080106	-1.361227	2.482722	
885	0.080625	-1.359870	2.474248	
886	0.084074	-1.358661	2.464895	
887	0.085515	-1.357556	2.456079	
888	0.088619	-1.355795	2.446904	
889	0.090747	-1.354103	2.438803	
890	0.093760	-1.352868	2.429584	
891	0.095960	-1.352677	2.419604	
892	0.099543	-1.351720	2.410556	
893	0.101722	-1.350921	2.400551	
894	0.103706	-1.350900	2.388795	
895	0.107221	-1.351218	2.378341	
896	0.110686	-1.352040	2.369089	
897	0.114220	-1.353235	2.361796	
898	0.119059	-1.353666	2.354889	
899	0.122780	-1.353322	2.347815	
900	0.125933	-1.352657	2.339975	
901	0.128366	-1.351698	2.333189	
902	0.132488	-1.349904	2.326698	
903	0.134735	-1.348137	2.319958	
904	0.137656	-1.346543	2.313433	
905	0.140587	-1.344472	2.307563	
906	0.143196	-1.342417	2.301408	
907	0.146440	-1.341005	2.294783	
908	0.150629	-1.338818	2.289127	
909	0.155822	-1.337012	2.282941	
910	0.160518	-1.335951	2.278080	
911	0.166544	-1.334064	2.274918	
912	0.172241	-1.332928	2.271682	
913	0.176529	-1.332575	2.268533	
914	0.182155	-1.330767	2.265182	
915	0.187387	-1.328713	2.261227	
916	0.192562	-1.326910	2.257923	
917	0.194636	-1.324528	2.256259	
918	0.197978	-1.322439	2.253454	
919	0.202219	-1.321089	2.250654	
920	0.205193	-1.318861	2.249350	
921	0.208504	-1.317270	2.247511	
922	0.212673	-1.316283	2.245612	
923	0.216434	-1.314672	2.244297	
924	0.220414	-1.313587	2.242752	
925	0.224360	-1.312825	2.242011	
926	0.228158	-1.311536	2.242388	
927	0.233543	-1.311215	2.241585	
928	0.238175	-1.311211	2.241940	
929	0.240256	-1.310341	2.243691	
930	0.245585	-1.310370	2.244217	
931	0.249606	-1.311022	2.246002	
932	0.252178	-1.311060	2.249452	
933	0.255694	-1.311817	2.251117	
934	0.258443	-1.312452	2.253575	
935	0.260916	-1.312829	2.256232	
936	0.264023	-1.313524	2.257283	
937	0.266660	-1.314424	2.259357	
938	0.268867	-1.314673	2.263551	
939	0.270297	-1.315190	2.267416	
940	0.272814	-1.315707	2.271147	
941	0.275581	-1.316035	2.273925	
942	0.279237	-1.316553	2.277035	
943	0.281660	-1.317082	2.280407	
944	0.283400	-1.316960	2.285295	
945	0.286108	-1.317173	2.288494	
946	0.289823	-1.317439	2.291342	
947	0.292273	-1.317598	2.295425	
948	0.295612	-1.318685	2.297603	
949	0.298337	-1.319165	2.300827	
950	0.305376	-1.320607	2.304206	
951	0.307113	-1.321118	2.307793	
952	0.308797	-1.321110	2.309288	
953	0.311176	-1.320961	2.313107	
954	0.312140	-1.319562	2.316398	
955	0.314762	-1.318542	2.319111	
956	0.317280	-1.317663	2.321297	
957	0.319211	-1.316059	2.326501	
958	0.319956	-1.314133	2.331563	
959	0.320114	-1.311999	2.335762	
960	0.323049	-1.311354	2.339724	
961	0.324716	-1.310894	2.345182	
962	0.325438	-1.309349	2.350498	
963	0.329472	-1.309766	2.352046	
964	0.331331	-1.309659	2.358013	
965	0.331651	-1.308956	2.363547	
966	0.336961	-1.309911	2.365932	
967	0.338857	-1.309889	2.371767	
968	0.342445	-1.310379	2.377164	
969	0.348578	-1.312808	2.380181	
970	0.351882	-1.313839	2.386099	
971	0.353852	-1.314452	2.392950	
972	0.358494	-1.316982	2.397267	
973	0.361100	-1.317924	2.406150	
974	0.361369	-1.317048	2.413437	
975	0.364586	-1.318985	2.418278	
976	0.366122	-1.319219	2.427922	
977	0.369361	-1.320764	2.432819	
978	0.373514	-1.323697	2.440379	
979	0.372152	-1.322142	2.448200	
980	0.374118	-1.322729	2.449815	
981	0.378448	-1.324035	2.455522	
982	0.379107	-1.323321	2.463500	
983	0.381242	-1.324444	2.466375	
984	0.383631	-1.324909	2.471621	
985	0.383619	-1.324438	2.477623	
986	0.384471	-1.324979	2.480622	
987	0.386921	-1.325539	2.486258	
988	0.388854	-1.326226	2.490268	
989	0.390543	-1.327591	2.492782	
990	0.392934	-1.327562	2.499534	
991	0.393738	-1.327348	2.503939	
992	0.394688	-1.328116	2.507348	
993	0.396029	-1.326482	2.513870	
994	0.397738	-1.326025	2.517271	
995	0.400646	-1.326697	2.520209	
996	0.402542	-1.324665	2.525608	
997	0.401126	-1.320947	2.532870	
998	0.402787	-1.320118	2.535517	
999	0.404962	-1.318139	2.541536	
1000	0.407890	-1.316092	2.553797	
1001	0.409055	-1.313311	2.564044	
1002	0.409977	-1.312559	2.572177	
1003	0.410608	-1.313378	2.577675	
1004	0.410435	-1.311792	2.584791	
1005	0.410108	-1.311701	2.590187	
1006	0.409940	-1.310231	2.595338	
1007	0.410148	-1.309806	2.598960	
1008	0.410570	-1.309953	2.602813	
1009	0.410701	-1.309704	2.605819	
1010	0.410831	-1.310380	2.607709	
1011	0.412485	-1.311117	2.610796	
1012	0.412395	-1.310219	2.613711	
1013	0.412761	-1.309956	2.617550	
1014	0.413940	-1.310313	2.617846	
1015	0.416654	-1.313103	2.622488	
1016	0.415726	-1.312017	2.626183	
1017	0.417353	-1.312370	2.627941	
1018	0.419647	-1.313601	2.629909	
1019	0.421786	-1.312273	2.632723	
1020	0.424095	-1.312425	2.632113	
1021	0.422628	-1.308958	2.633624	
1022	0.425098	-1.308527	2.632920	
1023	0.425699	-1.302687	2.631309	
1024	0.428413	-1.296511	2.627569	
1025	0.427786	-1.291027	2.625848	
1026	0.428427	-1.287527	2.625412	
1027	0.431586	-1.285470	2.623586	
1028	0.432472	-1.281343	2.623033	
1029	0.434208	-1.277936	2.623624	
1030	0.436829	-1.274829	2.623426	
1031	0.436758	-1.269274	2.623858	
1032	0.438894	-1.265686	2.624106	
1033	0.442494	-1.264146	2.624980	
1034	0.442797	-1.259262	2.625546	
1035	0.445433	-1.255745	2.624410	
1036	0.449176	-1.254696	2.625435	
1037	0.450928	-1.251147	2.625209	
1038	0.452087	-1.247505	2.625716	
1039	0.455787	-1.245726	2.624737	
1040	0.457973	-1.243659	2.624432	
1041	0.459719	-1.240798	2.623132	
1042	0.461363	-1.238088	2.621378	
1043	0.464082	-1.236575	2.618786	
1044	0.465440	-1.233990	2.616228	
1045	0.466975	-1.232388	2.615140	
1046	0.468903	-1.231108	2.614240	
1047	0.470218	-1.227568	2.613810	
1048	0.472498	-1.226716	2.612940	
1049	0.473524	-1.225202	2.612224	
1050	0.474147	-1.224540	2.613070	
1051	0.475014	-1.223765	2.613618	
1052	0.475802	-1.222232	2.613389	
1053	0.476038	-1.221172	2.614437	
1054	0.476857	-1.219597	2.614266	
1055	0.477527	-1.217660	2.614205	
1056	0.477194	-1.217372	2.617520	
1057	0.477327	-1.215435	2.618681	
1058	0.476919	-1.215652	2.623285	
1059	0.476960	-1.212653	2.623286	
1060	0.478178	-1.211065	2.623693	
1061	0.477818	-1.212956	2.629360	
1062	0.475850	-1.211535	2.632810	
1063	0.476596	-1.211883	2.635407	
1064	0.477327	-1.210165	2.635628	
1065	0.476481	-1.206592	2.635184	
1066	0.478861	-1.207927	2.637242	
1067	0.479465	-1.206726	2.638167	
1068	0.478379	-1.204167	2.639805	
1069	0.480031	-1.205075	2.642735	
1070	0.480057	-1.207236	2.648797	
1071	0.477158	-1.204899	2.653571	
1072	0.477001	-1.203408	2.656266	
1073	0.475911	-1.205173	2.664093	
1074	0.473264	-1.201316	2.667221	
1075	0.473411	-1.199444	2.669561	
1076	0.473125	-1.196235	2.670584	
1077	0.471141	-1.194717	2.675839	
1078	0.470124	-1.193819	2.680539	
1079	0.469296	-1.193638	2.685442	
1080	0.468840	-1.193729	2.689919	
1081	0.466486	-1.191622	2.694213	
1082	0.468008	-1.191937	2.696566	
1083	0.468420	-1.191643	2.699273	
1084	0.465649	-1.189318	2.703319	
1085	0.468656	-1.191105	2.703781	
1086	0.468631	-1.190314	2.704332	
1087	0.466207	-1.187234	2.705243	
1088	0.467836	-1.188339	2.704619	
1089	0.465176	-1.184477	2.702917	
1090	0.461896	-1.184384	2.706303	
1091	0.462841	-1.186723	2.705642	
1092	0.459626	-1.186576	2.707480	
1093	0.456749	-1.186518	2.708493	
1094	0.456854	-1.189004	2.706893	
1095	0.452248	-1.189076	2.710132	
1096	0.451400	-1.190329	2.708493	
1097	0.449946	-1.192027	2.708045	
1098	0.445504	-1.191114	2.709628	
1099	0.445102	-1.194497	2.709581	
1100	0.441628	-1.196414	2.712130	
1101	0.435410	-1.199597	2.715219	
1102	0.431502	-1.201286	2.718505	
1103	0.428085	-1.203270	2.722208	
1104	0.424279	-1.206822	2.728804	
1105	0.419696	-1.207569	2.732218	
1106	0.415867	-1.210191	2.737340	
1107	0.412475	-1.211689	2.739777	
1108	0.407881	-1.213009	2.744418	
1109	0.404004	-1.216023	2.750113	
1110	0.399746	-1.216916	2.752392	
1111	0.395701	-1.219890	2.757101	
1112	0.391346	-1.223253	2.762041	
1113	0.387164	-1.226626	2.766130	
1114	0.382006	-1.227446	2.767161	
1115	0.377818	-1.232178	2.773238	
1116	0.366172	-1.237467	2.782278	
1117	0.361112	-1.240824	2.785719	
1118	0.355759	-1.244427	2.790304	
1119	0.348909	-1.245271	2.792558	
1120	0.343517	-1.247495	2.794464	
1121	0.337427	-1.250950	2.801380	
1122	0.331255	-1.252121	2.803717	
1123	0.327537	-1.258371	2.811129	
1124	0.321685	-1.261712	2.819017	
1125	0.315102	-1.260000	2.817935	
1126	0.310872	-1.262524	2.821251	
1127	0.305562	-1.262630	2.823742	
1128	0.301761	-1.264939	2.827791	
1129	0.298149	-1.266820	2.829987	
1130	0.293618	-1.266139	2.830648	
1131	0.292122	-1.270792	2.835685	
1132	0.289194	-1.271999	2.837880	
1133	0.286695	-1.273002	2.838366	
1134	0.285875	-1.275318	2.838123	
1135	0.284739	-1.277755	2.839965	
1136	0.283389	-1.278860	2.839409	
1137	0.282431	-1.280552	2.840171	
1138	0.282237	-1.282929	2.840387	
1139	0.280679	-1.283095	2.841330	
1140	0.279879	-1.283306	2.839898	
1141	0.279787	-1.285418	2.841605	
1142	0.277714	-1.284287	2.841407	
1143	0.276813	-1.285346	2.843059	
1144	0.275361	-1.285375	2.842629	
1145	0.273317	-1.284925	2.844245	
1146	0.271651	-1.285068	2.846272	
1147	0.270061	-1.286327	2.851329	
1148	0.266889	-1.284950	2.852569	
1149	0.265313	-1.286549	2.856741	
1150	0.264370	-1.289096	2.860943	
1151	0.260770	-1.289293	2.866035	
1152	0.259863	-1.293162	2.871421	
1153	0.257773	-1.295350	2.874768	
1154	0.254497	-1.297155	2.879149	
1155	0.252691	-1.300326	2.882034	
1156	0.250180	-1.302933	2.884886	
1157	0.247764	-1.306043	2.887903	
1158	0.245724	-1.309586	2.890944	
1159	0.243326	-1.312568	2.894318	
1160	0.241277	-1.315784	2.896311	
1161	0.238807	-1.319338	2.899336	
1162	0.236212	-1.322335	2.902160	
1163	0.234812	-1.326917	2.903732	
1164	0.231737	-1.329329	2.907333	
1165	0.229484	-1.332504	2.907799	
1166	0.227975	-1.336563	2.910908	
1167	0.225502	-1.339059	2.913299	
1168	0.224326	-1.343045	2.915184	
1169	0.222844	-1.346459	2.918454	
1170	0.220855	-1.348845	2.921449	
1171	0.219785	-1.352263	2.924223	
1172	0.218546	-1.355401	2.927997	
1173	0.216380	-1.357509	2.930547	
1174	0.213951	-1.359693	2.932921	
1175	0.213031	-1.363362	2.935130	
1176	0.210093	-1.364617	2.940584	
1177	0.207556	-1.366318	2.942366	
1178	0.205831	-1.368733	2.947203	
1179	0.202672	-1.369947	2.951429	
1180	0.200376	-1.372021	2.955271	
1181	0.198300	-1.375065	2.959776	
1182	0.195814	-1.377776	2.964064	
1183	0.193068	-1.381029	2.969328	
1184	0.190352	-1.384763	2.974159	
1185	0.186519	-1.388193	2.978292	
1186	0.182612	-1.391871	2.982438	
1187	0.178905	-1.396700	2.987679	
1188	0.174114	-1.400491	2.993793	
1189	0.170280	-1.405028	2.998277	
1190	0.166409	-1.410063	3.002975	
1191	0.160773	-1.413628	3.008898	
1192	0.156134	-1.418195	3.013438	
1193	0.150395	-1.422924	3.019068	
1194	0.143683	-1.427081	3.025629	
1195	0.138825	-1.432906	3.031282	
1196	0.133624	-1.438291	3.037535	
1197	0.128536	-1.443048	3.043841	
1198	0.124101	-1.448124	3.050913	
1199	0.119478	-1.453152	3.057441	
1200	0.114915	-1.458264	3.063541	
1201	0.110345	-1.463295	3.069766	
1202	0.102903	-1.474365	3.085790	
1203	0.099203	-1.479646	3.092781	
1204	0.095788	-1.484668	3.100330	
1205	0.092700	-1.489789	3.107288	
1206	0.090744	-1.495348	3.115862	
1207	0.088124	-1.499723	3.124545	
1208	0.086745	-1.504706	3.132183	
1209	0.085010	-1.509459	3.140797	
1210	0.083222	-1.514336	3.149213	
1211	0.081237	-1.518756	3.154596	
1212	0.079141	-1.522789	3.162006	
1213	0.076196	-1.530263	3.173787	
1214	0.076100	-1.534394	3.180554	
1215	0.076197	-1.538229	3.184889	
1216	0.077312	-1.542560	3.190763	
1217	0.078866	-1.546445	3.196568	
1218	0.080872	-1.550009	3.203140	
1219	0.083878	-1.553658	3.208325	
1220	0.087072	-1.557183	3.214066	
1221	0.091325	-1.560702	3.220635	
1222	0.095614	-1.563524	3.226349	
1223	0.100896	-1.566759	3.232173	
1224	0.106531	-1.569108	3.239804	
1225	0.112995	-1.571537	3.246363	
1226	0.120292	-1.573971	3.253447	
1227	0.127407	-1.575916	3.261634	
1228	0.135351	-1.577999	3.269132	
1229	0.144281	-1.581365	3.275972	
1230	0.152631	-1.583903	3.285397	
1231	0.160999	-1.586866	3.292078	
1232	0.170054	-1.590621	3.299715	
1233	0.178307	-1.593901	3.306769	
1234	0.186371	-1.597767	3.312646	
1235	0.194840	-1.601668	3.319127	
1236	0.202511	-1.604773	3.324330	
1237	0.210493	-1.608404	3.328980	
1238	0.218235	-1.611422	3.334182	
1239	0.225970	-1.614687	3.340219	
1240	0.232976	-1.618795	3.345778	
1241	0.239082	-1.623103	3.350772	
1242	0.245827	-1.627414	3.357148	
1243	0.251218	-1.631408	3.361352	
1244	0.257031	-1.635174	3.366443	
1245	0.262102	-1.638771	3.371805	
1246	0.267587	-1.643354	3.375856	
1247	0.273660	-1.647356	3.382469	
1248	0.278838	-1.651779	3.387479	
1249	0.284920	-1.657318	3.392349	
1250	0.296530	-1.665247	3.400677	
1251	0.302525	-1.670262	3.405910	
1252	0.308901	-1.675609	3.411501	
1253	0.316229	-1.680976	3.417641	
1254	0.330249	-1.692625	3.430626	
1255	0.337370	-1.698514	3.437502	
1256	0.343571	-1.703945	3.443982	
1257	0.350566	-1.708905	3.450620	
1258	0.356810	-1.713217	3.457663	
1259	0.363241	-1.716657	3.464931	
1260	0.369698	-1.721486	3.469543	
1261	0.376740	-1.725847	3.474988	
1262	0.383039	-1.730049	3.480463	
1263	0.389659	-1.733799	3.485034	
1264	0.395866	-1.737051	3.489202	
1265	0.402863	-1.739590	3.494045	
1266	0.410549	-1.742113	3.498529	
1267	0.419645	-1.745372	3.501944	
1268	0.428799	-1.747810	3.506334	
1269	0.437592	-1.750173	3.510020	
1270	0.447343	-1.752551	3.513632	
1271	0.457373	-1.754295	3.517159	
1272	0.467489	-1.755840	3.520842	
1273	0.479558	-1.757873	3.523457	
1274	0.491056	-1.759315	3.526437	
1275	0.502494	-1.759867	3.529760	
1276	0.514757	-1.761885	3.531236	
1277	0.527438	-1.762511	3.534285	
1278	0.540016	-1.763244	3.536611	
1279	0.552150	-1.763060	3.539588	
1280	0.564995	-1.763511	3.541595	
1281	0.576875	-1.763901	3.543504	
1282	0.588939	-1.764102	3.545304	
1283	0.600408	-1.764933	3.545969	
1284	0.612864	-1.766464	3.546680	
1285	0.625465	-1.767491	3.548460	
1286	0.639120	-1.768713	3.550188	
1287	0.651454	-1.770169	3.551298	
1288	0.663188	-1.771449	3.552230	
1289	0.675773	-1.772125	3.553829	
1290	0.689676	-1.773571	3.554164	
1291	0.702164	-1.773836	3.555435	
1292	0.713754	-1.774716	3.555475	
1293	0.726638	-1.775787	3.556072	
1294	0.738761	-1.777106	3.556317	
1295	0.750583	-1.778099	3.557252	
1296	0.763546	-1.779597	3.557075	
1297	0.774643	-1.779796	3.558245	
1298	0.785676	-1.779879	3.559402	
1299	0.799016	-1.781792	3.559473	
1300	0.811204	-1.782701	3.560946	
1301	0.823454	-1.783931	3.562526	
1302	0.836787	-1.786093	3.563817	
1303	0.848465	-1.786634	3.567246	
1304	0.860482	-1.788618	3.569501	
1305	0.875013	-1.789394	3.573578	
1306	0.886326	-1.791136	3.576814	
1307	0.898918	-1.793525	3.580838	
1308	0.910382	-1.796083	3.585110	
1309	0.920922	-1.797982	3.590966	
1310	0.933169	-1.800845	3.596064	
1311	0.946357	-1.802832	3.602276	
1312	0.957066	-1.804749	3.608722	
1313	0.968880	-1.808850	3.612898	
1314	0.980503	-1.811588	3.618171	
1315	0.989484	-1.813670	3.623460	
1316	0.998692	-1.817124	3.627218	
1317	1.007262	-1.819492	3.631571	
1318	1.023896	-1.822216	3.641660	
1319	1.032240	-1.824533	3.645046	
1320	1.041722	-1.825485	3.649517	
1321	1.049789	-1.826747	3.653148	
1322	1.060260	-1.828697	3.655252	
1323	1.075244	-1.828123	3.658713	
1324	1.083817	-1.829401	3.660904	
1325	1.094513	-1.831208	3.662075	
1326	1.105129	-1.830951	3.664995	
1327	1.115377	-1.832119	3.665741	
1328	1.126218	-1.833845	3.665576	
1329	1.137011	-1.832802	3.666698	
1330	1.148491	-1.833425	3.666223	
1331	1.159713	-1.833166	3.665347	
1332	1.170911	-1.832600	3.664234	
1333	1.184323	-1.831230	3.663064	
1334	1.209011	-1.828977	3.658407	
1335	1.222201	-1.825758	3.658373	
1336	1.233388	-1.822313	3.658273	
1337	1.263791	-1.817320	3.655579	
1338	1.290438	-1.813295	3.650866	
1339	1.305487	-1.809279	3.648821	
1340	1.315458	-1.806350	3.646998	
1341	1.328468	-1.804605	3.642470	
1342	1.340407	-1.802614	3.638641	
1343	1.352704	-1.801689	3.634001	
1344	1.363196	-1.801790	3.628813	
1345	1.379425	-1.798023	3.624720	
1346	1.382791	-1.798649	3.621030	
1347	1.398807	-1.795782	3.616092	
1348	1.403766	-1.794806	3.613109	
1349	1.409688	-1.794870	3.608087	
1350	1.419865	-1.793333	3.603527	
1351	1.428725	-1.790551	3.600099	
1352	1.435289	-1.791496	3.594598	
1353	1.444982	-1.789732	3.589870	
1354	1.454560	-1.787323	3.585910	
1355	1.462724	-1.786882	3.580175	
1356	1.473918	-1.784272	3.575572	
1357	1.482894	-1.782019	3.571565	
1358	1.494345	-1.780785	3.565329	
1359	1.506720	-1.777372	3.561332	
1360	1.517037	-1.775250	3.557755	
1361	1.529154	-1.773310	3.553983	
1362	1.542488	-1.771158	3.549416	
1363	1.552797	-1.767467	3.548592	
1364	1.564267	-1.765854	3.545339	
1365	1.578265	-1.763542	3.541756	
1366	1.589471	-1.760566	3.539699	
1367	1.600650	-1.759623	3.535303	
1368	1.613338	-1.756332	3.531887	
1369	1.621656	-1.754505	3.529257	
1370	1.632852	-1.752101	3.525193	
1371	1.643482	-1.748347	3.523115	
1372	1.652566	-1.746211	3.520444	
1373	1.662315	-1.743690	3.517236	
1374	1.671398	-1.740368	3.513938	
1375	1.679306	-1.738044	3.510379	
1376	1.687370	-1.735657	3.506249	
1377	1.696324	-1.733060	3.500982	
1378	1.704480	-1.730155	3.496143	
1379	1.711909	-1.727770	3.490644	
1380	1.721004	-1.724292	3.484375	
1381	1.730875	-1.718389	3.479252	
1382	1.735809	-1.715393	3.474532	
1383	1.743399	-1.711368	3.467978	
1384	1.752743	-1.704807	3.461282	
1385	1.758352	-1.700964	3.454276	
1386	1.765567	-1.696075	3.446690	
1387	1.773528	-1.690540	3.437435	
1388	1.780334	-1.685816	3.428126	
1389	1.787259	-1.681104	3.418246	
1390	1.793195	-1.675169	3.411897	
1391	1.802183	-1.669918	3.401814	
1392	1.812316	-1.664806	3.391181	
1393	1.818844	-1.659239	3.384425	
1394	1.824696	-1.654641	3.377374	
1395	1.838497	-1.647123	3.363052	
1396	1.850622	-1.637262	3.348832	
1397	1.857922	-1.632446	3.340382	
1398	1.863909	-1.627848	3.333936	
1399	1.870390	-1.624887	3.324661	
1400	1.877189	-1.620748	3.317187	
1401	1.883537	-1.617071	3.309569	
1402	1.889566	-1.614618	3.300897	
1403	1.895541	-1.611366	3.292617	
1404	1.901078	-1.608435	3.283664	
1405	1.906668	-1.603721	3.277323	
1406	1.912772	-1.598746	3.271968	
1407	1.919093	-1.594647	3.263930	
1408	1.926113	-1.589999	3.255925	
1409	1.933260	-1.584011	3.250188	
1410	1.940630	-1.578494	3.242462	
1411	1.948917	-1.572641	3.233883	
1412	1.956478	-1.566902	3.226384	
1413	1.965374	-1.562228	3.216530	
1414	1.975696	-1.555076	3.209144	
1415	1.983800	-1.549333	3.203104	
1416	1.993299	-1.543734	3.196468	
1417	2.003642	-1.537459	3.190396	
1418	2.013561	-1.530499	3.186004	
1419	2.022982	-1.524870	3.179999	
1420	2.033513	-1.518977	3.173138	
1421	2.043455	-1.512710	3.167228	
1422	2.053555	-1.506881	3.160750	
1423	2.061483	-1.501456	3.155653	
1424	2.077262	-1.492238	3.142955	
1425	2.083236	-1.488055	3.138379	
1426	2.089356	-1.484701	3.132540	
1427	2.095610	-1.481665	3.126027	
1428	2.101779	-1.477760	3.119148	
1429	2.107523	-1.473050	3.113458	
1430	2.112401	-1.468665	3.109458	
1431	2.116661	-1.465089	3.104887	
1432	2.121477	-1.461899	3.096493	
1433	2.126798	-1.456938	3.090482	
1434	2.130590	-1.451872	3.086444	
1435	2.134570	-1.446693	3.081510	
1436	2.139227	-1.440852	3.076188	
1437	2.142028	-1.437877	3.067309	
1438	2.145372	-1.433820	3.059647	
1439	2.148269	-1.428689	3.054766	
1440	2.151272	-1.423455	3.048211	
1441	2.155097	-1.418259	3.039730	
1442	2.158242	-1.412900	3.031997	
1443	2.160506	-1.408474	3.024732	
1444	2.164763	-1.402477	3.014048	
1445	2.168205	-1.397808	3.002622	
1446	2.170640	-1.393665	2.995700	
1447	2.172953	-1.389865	2.984513	
1448	2.177097	-1.384369	2.971578	
1449	2.178918	-1.379568	2.966980	
1450	2.179508	-1.376495	2.959662	
1451	2.184673	-1.368072	2.948270	
1452	2.186653	-1.361791	2.940369	
1453	2.185172	-1.359455	2.931123	
1454	2.187017	-1.353128	2.920242	
1455	2.189447	-1.344886	2.911692	
1456	2.189763	-1.340071	2.905294	
1457	2.192122	-1.334292	2.894349	
1458	2.194011	-1.328118	2.885404	
1459	2.195737	-1.322021	2.877193	
1460	2.198209	-1.315048	2.871950	
1461	2.200110	-1.310280	2.860844	
1462	2.202699	-1.305331	2.850433	
1463	2.206097	-1.298470	2.845834	
1464	2.208134	-1.293956	2.834846	
1465	2.212314	-1.287439	2.825713	
1466	2.215394	-1.280937	2.820545	
1467	2.216780	-1.277525	2.808803	
1468	2.221137	-1.271837	2.797362	
1469	2.223982	-1.267728	2.786787	
1470	2.227015	-1.264681	2.774996	
1471	2.236299	-1.254132	2.759047	
1472	2.240428	-1.250903	2.750022	
1473	2.245771	-1.246452	2.743710	
1474	2.251119	-1.242747	2.732899	
1475	2.256771	-1.239393	2.724138	
1476	2.262569	-1.236034	2.714753	
1477	2.267966	-1.232417	2.704378	
1478	2.274587	-1.226093	2.694505	
1479	2.280594	-1.220588	2.687396	
1480	2.284990	-1.216349	2.677896	
1481	2.290573	-1.210230	2.669057	
1482	2.294470	-1.206183	2.661410	
1483	2.298223	-1.201870	2.654085	
1484	2.302257	-1.196541	2.644356	
1485	2.306044	-1.190458	2.638972	
1486	2.308814	-1.186369	2.630575	
1487	2.311735	-1.181597	2.622076	
1488	2.314970	-1.176196	2.616210	
1489	2.316297	-1.172724	2.607038	
1490	2.318620	-1.167431	2.597666	
1491	2.319510	-1.162709	2.589208	
1492	2.320505	-1.158206	2.579863	
1493	2.323010	-1.147213	2.562080	
1494	2.323176	-1.143399	2.551842	
1495	2.323658	-1.137440	2.542449	
1496	2.323982	-1.131023	2.536805	
1497	2.323991	-1.124952	2.528738	
1498	2.321887	-1.121837	2.514911	
1499	2.321851	-1.114082	2.507815	
1500	2.321081	-1.106915	2.501338	
1501	2.321023	-1.098350	2.492120	
1502	2.320943	-1.090241	2.484327	
1503	2.319669	-1.083716	2.474281	
1504	2.318647	-1.077617	2.462493	
1505	2.317473	-1.072730	2.450381	
1506	2.316078	-1.068548	2.437121	
1507	2.315549	-1.062778	2.425090	
1508	2.314512	-1.057541	2.414099	
1509	2.314323	-1.051220	2.403888	
1510	2.313212	-1.045739	2.392123	
1511	2.312444	-1.039546	2.381801	
1512	2.311614	-1.033715	2.372354	
1513	2.309308	-1.030282	2.361768	
1514	2.308960	-1.024170	2.353224	
1515	2.308039	-1.018830	2.345719	
1516	2.306015	-1.016206	2.336387	
1517	2.304175	-1.011667	2.328573	
1518	2.302222	-1.008296	2.321268	
1519	2.300751	-1.004539	2.314348	
1520	2.299794	-0.999400	2.308017	
1521	2.298790	-0.995722	2.301935	
1522	2.298368	-0.993007	2.296595	
1523	2.298661	-0.988746	2.291092	
1524	2.299119	-0.984876	2.286710	
1525	2.299200	-0.982610	2.279864	
1526	2.298620	-0.980556	2.271015	
1527	2.299986	-0.977153	2.264677	
1528	2.300491	-0.974652	2.256155	
1529	2.301988	-0.970763	2.248390	
1530	2.304657	-0.965697	2.240360	
1531	2.308059	-0.959724	2.232615	
1532	2.311941	-0.953809	2.223900	
1533	2.315601	-0.948112	2.214937	
1534	2.318306	-0.943652	2.204892	
1535	2.321620	-0.939088	2.194843	
1536	2.325972	-0.932455	2.185249	
1537	2.329272	-0.928348	2.175570	
1538	2.333003	-0.923630	2.165946	
1539	2.336631	-0.919361	2.156727	
1540	2.340433	-0.915159	2.148168	
1541	2.344125	-0.910411	2.138485	
1542	2.348940	-0.905039	2.131137	
1543	2.352384	-0.901321	2.123290	
1544	2.355505	-0.898846	2.114147	
1545	2.359869	-0.893063	2.107423	
1546	2.363152	-0.888607	2.100298	
1547	2.366323	-0.884860	2.091801	
1548	2.369682	-0.879584	2.084195	
1549	2.372591	-0.874427	2.076312	
1550	2.375871	-0.869234	2.068148	
1551	2.379039	-0.863231	2.059914	
1552	2.381178	-0.858566	2.051587	
1553	2.382896	-0.854724	2.042825	
1554	2.384962	-0.848830	2.034588	
1555	2.385912	-0.844037	2.025183	
1556	2.387463	-0.838584	2.017095	
1557	2.388259	-0.833695	2.008616	
1558	2.388857	-0.829653	1.999951	
1559	2.389522	-0.823974	1.991282	
1560	2.390689	-0.817579	1.982350	
1561	2.391655	-0.811105	1.973880	
1562	2.391959	-0.805046	1.963241	
1563	2.391889	-0.799243	1.953441	
1564	2.392758	-0.785425	1.932774	
1565	2.393601	-0.778584	1.923432	
1566	2.394836	-0.772182	1.913682	
1567	2.396662	-0.764421	1.903171	
1568	2.399590	-0.757262	1.893848	
1569	2.402194	-0.749964	1.883387	
1570	2.405066	-0.743214	1.875133	
1571	2.408006	-0.738037	1.867003	
1572	2.409919	-0.733329	1.856380	
1573	2.411658	-0.729002	1.848064	
1574	2.413010	-0.725747	1.839191	
1575	2.415978	-0.720423	1.831642	
1576	2.417230	-0.718251	1.822284	
1577	2.419800	-0.714915	1.814113	
1578	2.422397	-0.711783	1.806879	
1579	2.427324	-0.705707	1.789048	
1580	2.429818	-0.702301	1.780106	
1581	2.431653	-0.699989	1.771096	
1582	2.435004	-0.696986	1.762419	
1583	2.439364	-0.692216	1.753601	
1584	2.443136	-0.688434	1.743987	
1585	2.446767	-0.685044	1.734057	
1586	2.451464	-0.679770	1.725230	
1587	2.455247	-0.675562	1.714619	
1588	2.459745	-0.671478	1.705086	
1589	2.465380	-0.665603	1.696668	
1590	2.470115	-0.661309	1.686393	
1591	2.474218	-0.658613	1.676215	
1592	2.478777	-0.653920	1.665683	
1593	2.483697	-0.651129	1.657403	
1594	2.487895	-0.645984	1.647025	
1595	2.493927	-0.640087	1.638195	
1596	2.498652	-0.633219	1.629483	
1597	2.503341	-0.628104	1.619440	
1598	2.508535	-0.620948	1.611710	
1599	2.512352	-0.614820	1.602911	
1600	2.516871	-0.609027	1.595755	
1601	2.520470	-0.603017	1.588068	
1602	2.523370	-0.596545	1.580224	
1603	2.526575	-0.590744	1.573474	
1604	2.528634	-0.584556	1.566850	
1605	2.531291	-0.578904	1.562072	
1606	2.533662	-0.571703	1.556817	
1607	2.534050	-0.566571	1.550245	
1608	2.535289	-0.561287	1.544777	
1609	2.535898	-0.556172	1.538644	
1610	2.535627	-0.550898	1.532036	
1611	2.535613	-0.546121	1.526070	
1612	2.534534	-0.541795	1.519099	
1613	2.532879	-0.536503	1.512218	
1614	2.529089	-0.525442	1.495972	
1615	2.526275	-0.518999	1.486832	
1616	2.523283	-0.514410	1.478838	
1617	2.520487	-0.508947	1.470258	
1618	2.517223	-0.503433	1.461580	
1619	2.513428	-0.497129	1.453055	
1620	2.509439	-0.491024	1.444132	
1621	2.506351	-0.484584	1.436233	
1622	2.502316	-0.479230	1.428375	
1623	2.497883	-0.474818	1.420489	
1624	2.493655	-0.470325	1.412093	
1625	2.489459	-0.465608	1.404255	
1626	2.484046	-0.461825	1.395440	
1627	2.479307	-0.459408	1.388329	
1628	2.473948	-0.456746	1.380939	
1629	2.468499	-0.454967	1.373363	
1630	2.463945	-0.451456	1.366865	
1631	2.460341	-0.448355	1.360672	
1632	2.455510	-0.446106	1.351905	
1633	2.452051	-0.443337	1.343972	
1634	2.448308	-0.440809	1.335313	
1635	2.445435	-0.439043	1.328744	
1636	2.442016	-0.437177	1.322324	
1637	2.438313	-0.434124	1.316141	
1638	2.434072	-0.433124	1.309323	
1639	2.430610	-0.429818	1.304220	
1640	2.427703	-0.428055	1.300660	
1641	2.421799	-0.427148	1.294182	
1642	2.418030	-0.424038	1.289790	
1643	2.414716	-0.422206	1.286171	
1644	2.409896	-0.421364	1.282210	
1645	2.406443	-0.419418	1.279573	
1646	2.402393	-0.418741	1.277315	
1647	2.397193	-0.417488	1.273795	
1648	2.394372	-0.414007	1.272942	
1649	2.391284	-0.411107	1.272789	
1650	2.386680	-0.409636	1.270916	
1651	2.382021	-0.407292	1.268605	
1652	2.375994	-0.404894	1.265038	
1653	2.371731	-0.402812	1.263453	
1654	2.367712	-0.400631	1.262191	
1655	2.361998	-0.398512	1.260151	
1656	2.356544	-0.396360	1.258465	
1657	2.350571	-0.392800	1.256535	
1658	2.343777	-0.391720	1.254840	
1659	2.336566	-0.389529	1.252439	
1660	2.329617	-0.388090	1.250702	
1661	2.320805	-0.386453	1.247747	
1662	2.312474	-0.385038	1.245322	
1663	2.304024	-0.383650	1.243143	
1664	2.293621	-0.382682	1.239902	
1665	2.284173	-0.381793	1.237059	
1666	2.276233	-0.380701	1.235411	
1667	2.266536	-0.380752	1.232615	
1668	2.255625	-0.380736	1.228178	
1669	2.246808	-0.380726	1.225457	
1670	2.237339	-0.380263	1.223312	
1671	2.225813	-0.378304	1.219704	
1672	2.215089	-0.378054	1.217232	
1673	2.204398	-0.378394	1.215996	
1674	2.191693	-0.377946	1.214042	
1675	2.179708	-0.375761	1.211704	
1676	2.168997	-0.375363	1.210697	
1677	2.157267	-0.374385	1.209407	
1678	2.145895	-0.371930	1.207778	
1679	2.136551	-0.370986	1.208187	
1680	2.126668	-0.370264	1.208428	
1681	2.117596	-0.368434	1.208249	
1682	2.108365	-0.367701	1.207795	
1683	2.099817	-0.365962	1.207217	
1684	2.092198	-0.363380	1.206890	
1685	2.084072	-0.362772	1.206124	
1686	2.076653	-0.361278	1.204638	
1687	2.070443	-0.359280	1.203866	
1688	2.056386	-0.356761	1.201876	
1689	2.050041	-0.355201	1.201296	
1690	2.043697	-0.353730	1.200091	
1691	2.037494	-0.351149	1.198673	
1692	2.030876	-0.348276	1.196907	
1693	2.025146	-0.344060	1.195240	
1694	2.018164	-0.340262	1.192788	
1695	2.011617	-0.335939	1.190321	
1696	2.005363	-0.332186	1.187397	
1697	1.999533	-0.327123	1.184541	
1698	1.993762	-0.322686	1.180997	
1699	1.988378	-0.318480	1.177434	
1700	1.983008	-0.313896	1.173851	
1701	1.977628	-0.309437	1.169859	
1702	1.972119	-0.305049	1.165898	
1703	1.967071	-0.300670	1.161945	
1704	1.961742	-0.296669	1.157104	
1705	1.956355	-0.292737	1.152145	
1706	1.952093	-0.288739	1.147783	
1707	1.946908	-0.285757	1.142776	
1708	1.941361	-0.281514	1.137829	
1709	1.936641	-0.278381	1.133568	
1710	1.930757	-0.275503	1.129308	
1711	1.924578	-0.270967	1.124718	
1712	1.919607	-0.267621	1.121331	
1713	1.913471	-0.265360	1.117392	
1714	1.906224	-0.261138	1.112805	
1715	1.899502	-0.258381	1.108596	
1716	1.892221	-0.255911	1.104167	
1717	1.884605	-0.252566	1.099680	
1718	1.877080	-0.249765	1.095213	
1719	1.868429	-0.246833	1.090377	
1720	1.860067	-0.243256	1.085890	
1721	1.851631	-0.240697	1.081545	
1722	1.842668	-0.238006	1.077461	
1723	1.832762	-0.235051	1.072997	
1724	1.823386	-0.232479	1.068968	
1725	1.812206	-0.230497	1.064560	
1726	1.802015	-0.227101	1.060806	
1727	1.793532	-0.225151	1.057690	
1728	1.783909	-0.222725	1.054472	
1729	1.766758	-0.218242	1.049215	
1730	1.758551	-0.216728	1.047432	
1731	1.749641	-0.214788	1.045102	
1732	1.742154	-0.213236	1.043420	
1733	1.734824	-0.212209	1.042222	
1734	1.727629	-0.211102	1.040987	
1735	1.721279	-0.208792	1.039574	
1736	1.715066	-0.207661	1.038415	
1737	1.708671	-0.207948	1.036813	
1738	1.702620	-0.206495	1.034818	
1739	1.697207	-0.205822	1.033367	
1740	1.691880	-0.205393	1.032423	
1741	1.686325	-0.204300	1.031456	
1742	1.681796	-0.203002	1.030573	
1743	1.676668	-0.201633	1.029263	
1744	1.672294	-0.200149	1.028071	
1745	1.666998	-0.199343	1.026027	
1746	1.662089	-0.198465	1.023705	
1747	1.656256	-0.196692	1.020888	
1748	1.651474	-0.196651	1.018353	
1749	1.645874	-0.195498	1.015114	
1750	1.640249	-0.192667	1.011542	
1751	1.635605	-0.191017	1.008482	
1752	1.630153	-0.189084	1.004835	
1753	1.624121	-0.185811	1.000712	
1754	1.618069	-0.182012	0.996315	
1755	1.612127	-0.179804	0.991363	
1756	1.606159	-0.174698	0.986388	
1757	1.600458	-0.170954	0.981016	
1758	1.587881	-0.163568	0.969302	
1759	1.581455	-0.159948	0.963117	
1760	1.575746	-0.156356	0.957078	
1761	1.569364	-0.152221	0.950511	
1762	1.564006	-0.148749	0.944325	
1763	1.558033	-0.145516	0.938105	
1764	1.552415	-0.140377	0.931970	
1765	1.547593	-0.136529	0.926183	
1766	1.534808	-0.129103	0.914101	
1767	1.529556	-0.126217	0.908360	
1768	1.524215	-0.121271	0.902992	
1769	1.518584	-0.116876	0.897554	
1770	1.513622	-0.114198	0.892101	
1771	1.509495	-0.110504	0.887392	
1772	1.505633	-0.106931	0.882935	
1773	1.500783	-0.103849	0.878421	
1774	1.496059	-0.102029	0.873927	
1775	1.491656	-0.101315	0.870110	
1776	1.480892	-0.104632	0.860308	
1777	1.475171	-0.105846	0.855261	
1778	1.468813	-0.108310	0.850237	
1779	1.462216	-0.112114	0.844500	
1780	1.454327	-0.114734	0.838906	
1781	1.439417	-0.121814	0.827641	
1782	1.431639	-0.123413	0.822597	
1783	1.423921	-0.124980	0.818093	
1784	1.416651	-0.125274	0.814064	
1785	1.409116	-0.125745	0.810312	
1786	1.401489	-0.127027	0.806194	
1787	1.394917	-0.128250	0.802489	
1788	1.387565	-0.127971	0.798768	
1789	1.374325	-0.127846	0.792852	
1790	1.367662	-0.128679	0.789873	
1791	1.361111	-0.128765	0.787096	
1792	1.355297	-0.128513	0.784544	
1793	1.349048	-0.129525	0.781071	
1794	1.342126	-0.128482	0.778044	
1795	1.337572	-0.128768	0.775164	
1796	1.331677	-0.129039	0.772238	
1797	1.325177	-0.128037	0.769562	
1798	1.319303	-0.127052	0.766727	
1799	1.314113	-0.126739	0.764031	
1800	1.309067	-0.124466	0.761683	
1801	1.304241	-0.123095	0.758123	
1802	1.299623	-0.121670	0.754860	
1803	1.293284	-0.120662	0.751287	
1804	1.290190	-0.119943	0.748243	
1805	1.285773	-0.117075	0.746238	
1806	1.282004	-0.115183	0.744526	
1807	1.277864	-0.114518	0.741651	
1808	1.273408	-0.111746	0.739192	
1809	1.269919	-0.109017	0.736903	
1810	1.265411	-0.107512	0.733281	
1811	1.261106	-0.103908	0.729871	
1812	1.258422	-0.099468	0.726910	
1813	1.254128	-0.096429	0.721768	
1814	1.249119	-0.092974	0.716339	
1815	1.245428	-0.087119	0.711804	
1816	1.242670	-0.084394	0.705676	
1817	1.238773	-0.080855	0.699453	
1818	1.235729	-0.075811	0.694461	
1819	1.233532	-0.073720	0.688235	
1820	1.231055	-0.070026	0.682597	
1821	1.226007	-0.065254	0.677922	
1822	1.224079	-0.063191	0.672307	
1823	1.219821	-0.058740	0.667595	
1824	1.216308	-0.056800	0.662406	
1825	1.213115	-0.056111	0.656597	
1826	1.208251	-0.053689	0.651827	
1827	1.205416	-0.051642	0.647044	
1828	1.200644	-0.050439	0.641819	
1829	1.195438	-0.047601	0.638211	
1830	1.190523	-0.047741	0.633399	
1831	1.185405	-0.047351	0.628601	
1832	1.178416	-0.046553	0.624503	
1833	1.170992	-0.044993	0.620644	
1834	1.164429	-0.045456	0.615685	
1835	1.156010	-0.045018	0.611256	
1836	1.147696	-0.044297	0.607302	
1837	1.141528	-0.045279	0.602838	
1838	1.132558	-0.046396	0.598662	
1839	1.123322	-0.048207	0.595017	
1840	1.115839	-0.051412	0.591616	
1841	1.106541	-0.056675	0.587885	
1842	1.095704	-0.060216	0.585286	
1843	1.087207	-0.063952	0.583879	
1844	1.076588	-0.066062	0.583483	
1845	1.064663	-0.068676	0.583622	
1846	1.054538	-0.073130	0.583196	
1847	1.043831	-0.076841	0.583348	
1848	1.033072	-0.079037	0.584337	
1849	1.023854	-0.082200	0.585194	
1850	1.013279	-0.085430	0.586287	
1851	1.002085	-0.088673	0.587895	
1852	0.992479	-0.092099	0.589077	
1853	0.982484	-0.094832	0.590415	
1854	0.973063	-0.098839	0.591235	
1855	0.964674	-0.103684	0.591590	
1856	0.955740	-0.105938	0.593541	
1857	0.947075	-0.108253	0.595413	
1858	0.939592	-0.110353	0.597168	
1859	0.930855	-0.113800	0.598762	
1860	0.922455	-0.116197	0.600670	
1861	0.916100	-0.118577	0.602642	
1862	0.907609	-0.118855	0.605978	
1863	0.901273	-0.121435	0.608074	
1864	0.894235	-0.123016	0.610486	
1865	0.886559	-0.124301	0.613462	
1866	0.879643	-0.126367	0.616320	
1867	0.872497	-0.128470	0.618921	
1868	0.865261	-0.127592	0.622706	
1869	0.860255	-0.128572	0.626294	
1870	0.855127	-0.133300	0.627829	
1871	0.847944	-0.134467	0.630363	
1872	0.839534	-0.134965	0.634341	
1873	0.834778	-0.140168	0.635591	
1874	0.829284	-0.142137	0.637164	
1875	0.821413	-0.143542	0.640419	
1876	0.816976	-0.147392	0.642134	
1877	0.812173	-0.148864	0.644264	
1878	0.804971	-0.149782	0.647554	
1879	0.800491	-0.151681	0.649810	
1880	0.795769	-0.153881	0.652068	
1881	0.790044	-0.154768	0.655235	
1882	0.784814	-0.155658	0.658616	
1883	0.781251	-0.157069	0.661757	
1884	0.772783	-0.157981	0.668893	
1885	0.767869	-0.158734	0.672195	
1886	0.762529	-0.157787	0.676689	
1887	0.757935	-0.158380	0.680532	
1888	0.753996	-0.159226	0.683892	
1889	0.749328	-0.158390	0.688408	
1890	0.747174	-0.157332	0.693370	
1891	0.743999	-0.158253	0.698035	
1892	0.740232	-0.157884	0.703718	
1893	0.737360	-0.157005	0.710183	
1894	0.733777	-0.156999	0.717377	
1895	0.730633	-0.155775	0.725532	
1896	0.729590	-0.156158	0.733649	
1897	0.726368	-0.156967	0.741781	
1898	0.723918	-0.155638	0.750565	
1899	0.721715	-0.155139	0.759006	
1900	0.719419	-0.156519	0.766597	
1901	0.716502	-0.156871	0.774091	
1902	0.713401	-0.157424	0.781567	
1903	0.710145	-0.158884	0.788952	
1904	0.707079	-0.160984	0.796307	
1905	0.703875	-0.161953	0.804603	
1906	0.700612	-0.164773	0.812421	
1907	0.697366	-0.168900	0.819549	
1908	0.693846	-0.170881	0.828004	
1909	0.691307	-0.174932	0.835678	
1910	0.688800	-0.179709	0.842509	
1911	0.686228	-0.180661	0.851599	
1912	0.683320	-0.184714	0.859200	
1913	0.679994	-0.188432	0.865482	
1914	0.678331	-0.190016	0.874160	
1915	0.677675	-0.193513	0.881536	
1916	0.676226	-0.196744	0.888102	
1917	0.674925	-0.198267	0.895524	
1918	0.674790	-0.200820	0.902611	
1919	0.674220	-0.203927	0.908256	
1920	0.673969	-0.205742	0.914744	
1921	0.674124	-0.208160	0.920767	
1922	0.675112	-0.211145	0.926207	
1923	0.676643	-0.213395	0.932314	
1924	0.677919	-0.216469	0.937974	
1925	0.678971	-0.219639	0.942852	
1926	0.679627	-0.222112	0.947776	
1927	0.680606	-0.223993	0.953213	
1928	0.682345	-0.226242	0.958682	
1929	0.682946	-0.229221	0.963552	
1930	0.684082	-0.230048	0.970059	
1931	0.684315	-0.232903	0.975417	
1932	0.685267	-0.234221	0.980807	
1933	0.687535	-0.235549	0.987228	
1934	0.688693	-0.238142	0.991879	
1935	0.689577	-0.238808	0.996479	
1936	0.690784	-0.238928	1.002162	
1937	0.691412	-0.240016	1.006587	
1938	0.693237	-0.239525	1.017190	
1939	0.693686	-0.239576	1.021441	
1940	0.694363	-0.238840	1.025709	
1941	0.695022	-0.235807	1.036345	
1942	0.694858	-0.233714	1.041079	
1943	0.695093	-0.231109	1.046977	
1944	0.696213	-0.229077	1.052437	
1945	0.696053	-0.226475	1.058228	
1946	0.696170	-0.223702	1.064209	
1947	0.696207	-0.221505	1.069973	
1948	0.693717	-0.213273	1.088245	
1949	0.693805	-0.210989	1.095112	
1950	0.693782	-0.209490	1.102013	
1951	0.693141	-0.207598	1.116307	
1952	0.692233	-0.206800	1.123445	
1953	0.691319	-0.206004	1.130511	
1954	0.690345	-0.205822	1.136994	
1955	0.689116	-0.206382	1.143191	
1956	0.689997	-0.205884	1.149796	
1957	0.688907	-0.207142	1.160691	
1958	0.689156	-0.207192	1.166337	
1959	0.689305	-0.207670	1.171445	
1960	0.689728	-0.207411	1.177080	
1961	0.690602	-0.207178	1.182810	
1962	0.690427	-0.207630	1.187830	
1963	0.690559	-0.208024	1.192738	
1964	0.691865	-0.207661	1.197978	
1965	0.692676	-0.207644	1.202927	
1966	0.692673	-0.208335	1.207239	
1967	0.693222	-0.208290	1.211797	
1968	0.693033	-0.207885	1.215764	
1969	0.692822	-0.207802	1.219328	
1970	0.693189	-0.206365	1.223660	
1971	0.694170	-0.204578	1.227411	
1972	0.694242	-0.203667	1.230401	
1973	0.694284	-0.202013	1.233570	
1974	0.695754	-0.201111	1.236634	
1975	0.695682	-0.200019	1.238831	
1976	0.694532	-0.198746	1.240932	
1977	0.694308	-0.198271	1.242548	
1978	0.694564	-0.197328	1.244783	
1979	0.694227	-0.196779	1.246317	
1980	0.693034	-0.195928	1.247714	
1981	0.691890	-0.194648	1.249498	
1982	0.690866	-0.193951	1.251151	
1983	0.686502	-0.193097	1.253666	
1984	0.684653	-0.191111	1.255693	
1985	0.682387	-0.188573	1.257356	
1986	0.679319	-0.185660	1.258965	
1987	0.676327	-0.183315	1.260064	
1988	0.672892	-0.180250	1.261223	
1989	0.669687	-0.177908	1.262358	
1990	0.666123	-0.176579	1.262980	
1991	0.662436	-0.174474	1.263808	
1992	0.659866	-0.173164	1.264949	
1993	0.656292	-0.172442	1.265557	
1994	0.652145	-0.170801	1.266424	
1995	0.648437	-0.169579	1.267254	
1996	0.644080	-0.168167	1.268024	
1997	0.639425	-0.166977	1.268876	
1998	0.635020	-0.166013	1.269905	
1999	0.630035	-0.165277	1.270319	
2000	0.625349	-0.164371	1.271070	
2001	0.620368	-0.164706	1.270990	
2002	0.615334	-0.164328	1.270929	
2003	0.610857	-0.163840	1.271363	
2004	0.606728	-0.164518	1.271374	
2005	0.602147	-0.164724	1.271450	
2006	0.597632	-0.164698	1.271639	
2007	0.593747	-0.165220	1.271580	
2008	0.589347	-0.165455	1.271305	
2009	0.584687	-0.165239	1.270770	
2010	0.580482	-0.164495	1.270250	
2011	0.575860	-0.163073	1.269874	
2012	0.571419	-0.161776	1.269640	
2013	0.566700	-0.161883	1.268344	
2014	0.562182	-0.160176	1.267547	
2015	0.557867	-0.158734	1.266968	
2016	0.553900	-0.157527	1.265920	
2017	0.550284	-0.154755	1.265732	
2018	0.545953	-0.155332	1.263986	
2019	0.542687	-0.153416	1.263146	
2020	0.539267	-0.153780	1.262602	
2021	0.536208	-0.152733	1.261562	
2022	0.533173	-0.152043	1.260740	
2023	0.527387	-0.151642	1.258707	
2024	0.524754	-0.152125	1.257925	
2025	0.522398	-0.151877	1.257615	
2026	0.519476	-0.152185	1.256299	
2027	0.517195	-0.150322	1.256336	
2028	0.514333	-0.150393	1.255216	
2029	0.511319	-0.148899	1.253820	
2030	0.508486	-0.148582	1.253055	
2031	0.504690	-0.147897	1.251278	
2032	0.500992	-0.146747	1.249753	
2033	0.497297	-0.146319	1.248211	
2034	0.493442	-0.145527	1.246599	
2035	0.489732	-0.144846	1.245057	
2036	0.485611	-0.143811	1.242967	
2037	0.481688	-0.143280	1.241172	
2038	0.476835	-0.142614	1.238235	
2039	0.472279	-0.142294	1.235954	
2040	0.468008	-0.141564	1.233454	
2041	0.464434	-0.141023	1.231283	
2042	0.461149	-0.140547	1.229381	
2043	0.457824	-0.139482	1.227344	
2044	0.450853	-0.137594	1.221337	
2045	0.446032	-0.134905	1.216958	
2046	0.443411	-0.133884	1.214310	
2047	0.440537	-0.132316	1.211527	
2048	0.437047	-0.131207	1.207795	
2049	0.433617	-0.128296	1.204375	
2050	0.430188	-0.127509	1.200922	
2051	0.427103	-0.125996	1.197989	
2052	0.424386	-0.124045	1.195779	
2053	0.420803	-0.123066	1.192128	
2054	0.418215	-0.120954	1.189903	
2055	0.414996	-0.119427	1.186906	
2056	0.411263	-0.117935	1.183520	
2057	0.405421	-0.114234	1.178133	
2058	0.402396	-0.113127	1.175210	
2059	0.399733	-0.111113	1.172898	
2060	0.396478	-0.109436	1.169767	
2061	0.393415	-0.107087	1.167023	
2062	0.387960	-0.102941	1.162123	
2063	0.385116	-0.100372	1.159349	
2064	0.380698	-0.094731	1.154964	
2065	0.378579	-0.092607	1.152916	
2066	0.376588	-0.090785	1.150548	
2067	0.374880	-0.088368	1.148906	
2068	0.372716	-0.087531	1.146235	
2069	0.370556	-0.086124	1.143626	
2070	0.366918	-0.084942	1.139518	
2071	0.364689	-0.084544	1.136889	
2072	0.362918	-0.083518	1.134479	
2073	0.360582	-0.084052	1.131237	
2074	0.358521	-0.084102	1.128072	
2075	0.357440	-0.082890	1.125517	
2076	0.355482	-0.083211	1.121637	
2077	0.354155	-0.081551	1.118060	
2078	0.353515	-0.080741	1.114746	
2079	0.352314	-0.080980	1.110675	
2080	0.351822	-0.079897	1.106783	
2081	0.351068	-0.078068	1.102910	
2082	0.350118	-0.077390	1.098348	
2083	0.350013	-0.075916	1.093973	
2084	0.349744	-0.074409	1.088995	
2085	0.349256	-0.072814	1.083625	
2086	0.349623	-0.071083	1.078762	
2087	0.349873	-0.071273	1.073572	
2088	0.350354	-0.070167	1.067700	
2089	0.351007	-0.068795	1.061796	
2090	0.352129	-0.068452	1.055961	
2091	0.353194	-0.066689	1.050421	
2092	0.354350	-0.063351	1.046056	
2093	0.355892	-0.062776	1.039388	
2094	0.356163	-0.059581	1.034197	
2095	0.357496	-0.057465	1.028359	
2096	0.357885	-0.056611	1.020814	
2097	0.358160	-0.052874	1.014748	
2098	0.359248	-0.051481	1.007162	
2099	0.358904	-0.049562	0.999331	
2100	0.359384	-0.047014	0.992038	
2101	0.359349	-0.046656	0.983768	
2102	0.358788	-0.044967	0.976065	
2103	0.358411	-0.042664	0.969213	
2104	0.357934	-0.041855	0.962422	
2105	0.356540	-0.041874	0.955508	
2106	0.355082	-0.040847	0.949042	
2107	0.353426	-0.041374	0.942914	
2108	0.350898	-0.042393	0.936861	
2109	0.348743	-0.042312	0.932209	
2110	0.345736	-0.043234	0.926626	
2111	0.342865	-0.042617	0.921574	
2112	0.340196	-0.041963	0.916930	
2113	0.336411	-0.042972	0.911448	
2114	0.333270	-0.041838	0.906994	
2115	0.329897	-0.040322	0.902738	
2116	0.327525	-0.040825	0.898871	
2117	0.324168	-0.039470	0.894559	
2118	0.321195	-0.037454	0.890568	
2119	0.317532	-0.037343	0.885427	
2120	0.314521	-0.036047	0.880764	
2121	0.312441	-0.033983	0.876823	
2122	0.308088	-0.036507	0.864802	
2123	0.306654	-0.034190	0.859761	
2124	0.303137	-0.036977	0.845420	
2125	0.301885	-0.034690	0.839575	
2126	0.300945	-0.037128	0.831464	
2127	0.300518	-0.036839	0.824501	
2128	0.299818	-0.034122	0.818508	
2129	0.300009	-0.035617	0.810446	
2130	0.299077	-0.037500	0.801779	
2131	0.297495	-0.035913	0.794763	
2132	0.298460	-0.035780	0.787161	
2133	0.298999	-0.035885	0.772847	
2134	0.300192	-0.037540	0.758010	
2135	0.299648	-0.036229	0.751995	
2136	0.300553	-0.035617	0.746036	
2137	0.300411	-0.037217	0.739401	
2138	0.301020	-0.036621	0.734092	
2139	0.301812	-0.035030	0.728582	
2140	0.301934	-0.035475	0.722344	
2141	0.302548	-0.035448	0.716079	
2142	0.304433	-0.034258	0.710128	
2143	0.305632	-0.031977	0.704747	
2144	0.307726	-0.032114	0.698654	
2145	0.308798	-0.031052	0.692672	
2146	0.310702	-0.028124	0.686980	
2147	0.312491	-0.028219	0.680705	
2148	0.315400	-0.027284	0.674424	
2149	0.322047	-0.020593	0.664255	
2150	0.325948	-0.021829	0.657516	
2151	0.327941	-0.018890	0.651387	
2152	0.334851	-0.015893	0.636963	
2153	0.337050	-0.014365	0.628903	
2154	0.338885	-0.011104	0.621912	
2155	0.341197	-0.008803	0.613713	
2156	0.342978	-0.008542	0.604575	
2157	0.344445	-0.006199	0.596076	
2158	0.345423	-0.003166	0.587127	
2159	0.347273	-0.002703	0.575674	
2160	0.349036	-0.000915	0.565494	
2161	0.354812	0.003441	0.544453	
2162	0.355973	0.005280	0.534131	
2163	0.356391	0.008658	0.524187	
2164	0.357016	0.011802	0.512822	
2165	0.357827	0.012767	0.500015	
2166	0.357906	0.014877	0.489621	
2167	0.358650	0.019303	0.479609	
2168	0.358811	0.019511	0.467171	
2169	0.358222	0.021085	0.454589	
2170	0.358114	0.021919	0.444610	
2171	0.356537	0.024190	0.434181	
2172	0.357124	0.025292	0.423466	
2173	0.357575	0.027606	0.414666	
2174	0.357075	0.030951	0.406526	
2175	0.356248	0.031940	0.397351	
2176	0.355300	0.032810	0.388714	
2177	0.355319	0.035688	0.382252	
2178	0.355028	0.037828	0.375238	
2179	0.355320	0.036854	0.367200	
2180	0.352227	0.041021	0.355237	
2181	0.350077	0.041924	0.348981	
2182	0.345721	0.042944	0.343086	
2183	0.335940	0.044220	0.337213	
2184	0.333497	0.045880	0.331226	
2185	0.329767	0.046719	0.324805	
2186	0.324154	0.049475	0.320222	
2187	0.318391	0.050880	0.314899	
2188	0.311521	0.051850	0.308613	
2189	0.304328	0.054359	0.303369	
2190	0.294931	0.056147	0.298233	
2191	0.286665	0.056942	0.291477	
2192	0.278450	0.057638	0.283887	
2193	0.268995	0.060554	0.278300	
2194	0.259613	0.062489	0.272438	
2195	0.250453	0.063241	0.265615	
2196	0.240880	0.063922	0.258636	
2197	0.232199	0.065732	0.252688	
2198	0.224379	0.066874	0.246175	
2199	0.215994	0.066694	0.239080	
2200	0.208155	0.067263	0.233158	
2201	0.201639	0.068533	0.227206	
2202	0.194893	0.069882	0.220908	
2203	0.185954	0.069193	0.214711	
2204	0.178230	0.069713	0.209736	
2205	0.170963	0.071058	0.204684	
2206	0.162809	0.072003	0.199239	
2207	0.155828	0.072479	0.193649	
2208	0.148505	0.072118	0.187719	
2209	0.141927	0.073050	0.181975	
2210	0.135004	0.073024	0.175808	
2211	0.127770	0.072330	0.169996	
2212	0.120730	0.072644	0.164840	
2213	0.113149	0.071912	0.159168	
2214	0.094605	0.074286	0.149179	
2215	0.087307	0.073782	0.142917	
2216	0.078779	0.074852	0.136926	
2217	0.071093	0.075893	0.130988	
2218	0.063087	0.075688	0.123690	
2219	0.053773	0.074813	0.116923	
2220	0.046623	0.076931	0.110511	
2221	0.039106	0.076685	0.102671	
2222	0.029706	0.077665	0.095082	
2223	0.021072	0.081199	0.088937	
2224	0.013152	0.083965	0.081348	
2225	0.002668	0.085649	0.073417	
2226	-0.005163	0.087983	0.067076	
2227	-0.013520	0.092709	0.060798	
2228	-0.023464	0.095075	0.053729	
2229	-0.032310	0.097743	0.047708	
2230	-0.039347	0.103052	0.042379	
2231	-0.047975	0.105862	0.035866	
2232	-0.057144	0.109704	0.030229	
2233	-0.065283	0.114711	0.025084	
2234	-0.073068	0.120034	0.019650	
2235	-0.090464	0.130355	0.009821	
2236	-0.095853	0.138060	0.006185	
2237	-0.104993	0.140935	-0.000063	
2238	-0.113068	0.144049	-0.004263	
2239	-0.118595	0.148010	-0.007488	
2240	-0.124772	0.150017	-0.010983	
2241	-0.131380	0.150860	-0.014783	
2242	-0.137081	0.152568	-0.017921	
2243	-0.143061	0.152464	-0.021682	
2244	-0.149753	0.152433	-0.024645	
2245	-0.155198	0.152992	-0.027414	
2246	-0.164919	0.152803	-0.030848	
2247	-0.173533	0.152402	-0.033776	
2248	-0.178723	0.154521	-0.035411	
2249	-0.184975	0.155893	-0.038073	
2250	-0.193657	0.156637	-0.040837	
2251	-0.200868	0.158861	-0.042410	
2252	-0.208956	0.160100	-0.044394	
2253	-0.217136	0.160080	-0.046184	
2254	-0.224162	0.159925	-0.047750	
2255	-0.231063	0.159584	-0.049159	
2256	-0.250649	0.157373	-0.051640	
2257	-0.265482	0.155910	-0.054505	
2258	-0.272688	0.156088	-0.055668	
2259	-0.280015	0.156505	-0.056755	
2260	-0.286880	0.156540	-0.057512	
2261	-0.293562	0.157822	-0.057691	
2262	-0.300252	0.160244	-0.057530	
2263	-0.307723	0.161810	-0.057495	
2264	-0.316439	0.162550	-0.058120	
2265	-0.323700	0.164850	-0.058032	
2266	-0.329770	0.167586	-0.058463	
2267	-0.337002	0.168208	-0.060107	
2268	-0.344672	0.167648	-0.062114	
2269	-0.352411	0.168737	-0.063896	
2270	-0.359019	0.167957	-0.066637	
2271	-0.366552	0.166279	-0.069238	
2272	-0.373154	0.164890	-0.071769	
2273	-0.379799	0.163757	-0.074519	
2274	-0.386407	0.160336	-0.077743	
2275	-0.394681	0.158745	-0.080698	
2276	-0.402375	0.157476	-0.083241	
2277	-0.408306	0.156004	-0.086102	
2278	-0.417473	0.155108	-0.088092	
2279	-0.424218	0.154425	-0.090079	
2280	-0.429351	0.155232	-0.091446	
2281	-0.437676	0.154456	-0.093368	
2282	-0.445110	0.156503	-0.094125	
2283	-0.451613	0.156685	-0.095862	
2284	-0.459625	0.154569	-0.097810	
2285	-0.465221	0.152706	-0.099346	
2286	-0.468904	0.152260	-0.101417	
2287	-0.475479	0.152414	-0.103946	
2288	-0.482019	0.151540	-0.106905	
2289	-0.487832	0.149779	-0.110920	
2290	-0.493546	0.149679	-0.114933	
2291	-0.499513	0.149803	-0.119576	
2292	-0.507155	0.150191	-0.123921	
2293	-0.512765	0.151025	-0.129001	
2294	-0.518144	0.152047	-0.134261	
2295	-0.525520	0.156129	-0.139377	
2296	-0.532604	0.160500	-0.144431	
2297	-0.538488	0.163708	-0.150043	
2298	-0.546544	0.167338	-0.155479	
2299	-0.553888	0.170944	-0.160690	
2300	-0.559525	0.175270	-0.165462	
2301	-0.565152	0.180908	-0.170146	
2302	-0.572696	0.183778	-0.174863	
2303	-0.579165	0.187126	-0.179504	
2304	-0.585449	0.192931	-0.183465	
2305	-0.590531	0.197904	-0.187614	
2306	-0.598325	0.202039	-0.191147	
2307	-0.602980	0.206476	-0.195270	
2308	-0.609200	0.212058	-0.199095	
2309	-0.616082	0.214821	-0.203370	
2310	-0.620707	0.218318	-0.207338	
2311	-0.627762	0.221874	-0.210993	
2312	-0.631328	0.225515	-0.214145	
2313	-0.638249	0.227523	-0.216970	
2314	-0.643231	0.228731	-0.219867	
2315	-0.648724	0.230199	-0.222333	
2316	-0.653968	0.232373	-0.224055	
2317	-0.659123	0.234295	-0.225928	
2318	-0.667801	0.236928	-0.227505	
2319	-0.673231	0.237782	-0.229440	
2320	-0.678123	0.237831	-0.231887	
2321	-0.684688	0.238434	-0.234321	
2322	-0.690045	0.238934	-0.236543	
2323	-0.695231	0.238443	-0.239605	
2324	-0.701231	0.238221	-0.242671	
2325	-0.708143	0.237359	-0.245337	
2326	-0.714207	0.236973	-0.248485	
2327	-0.720192	0.236797	-0.251810	
2328	-0.727035	0.234165	-0.254689	
2329	-0.734334	0.231261	-0.257756	
2330	-0.755581	0.228871	-0.258111	
2331	-0.763336	0.228008	-0.260648	
2332	-0.769346	0.225774	-0.263338	
2333	-0.778456	0.225194	-0.265787	
2334	-0.786380	0.224793	-0.267960	
2335	-0.793969	0.222196	-0.270390	
2336	-0.804371	0.223084	-0.272147	
2337	-0.810216	0.222811	-0.274974	
2338	-0.817054	0.222260	-0.277938	
2339	-0.829126	0.224484	-0.280439	
2340	-0.842991	0.227840	-0.282673	
2341	-0.847772	0.227449	-0.286665	
2342	-0.855408	0.228395	-0.289966	
2343	-0.866740	0.230367	-0.292501	
2344	-0.872622	0.228948	-0.296161	
2345	-0.881325	0.228558	-0.299006	
2346	-0.885067	0.228919	-0.302363	
2347	-0.891423	0.226901	-0.306420	
2348	-0.901218	0.226840	-0.308950	
2349	-0.908664	0.227339	-0.311911	
2350	-0.915123	0.226469	-0.315364	
2351	-0.922563	0.226863	-0.319059	
2352	-0.926383	0.224426	-0.323681	
2353	-0.932971	0.222234	-0.327794	
2354	-0.940099	0.220436	-0.331663	
2355	-0.945300	0.218703	-0.336130	
2356	-0.949292	0.219202	-0.340608	
2357	-0.958304	0.220057	-0.344223	
2358	-0.964631	0.222013	-0.347687	
2359	-0.970973	0.223119	-0.352007	
2360	-0.985114	0.225315	-0.360500	
2361	-0.997115	0.229181	-0.371054	
2362	-1.007687	0.235095	-0.375424	
2363	-1.014448	0.238423	-0.380926	
2364	-1.028036	0.245739	-0.390610	
2365	-1.045221	0.254539	-0.399612	
2366	-1.062362	0.260698	-0.408556	
2367	-1.071406	0.266021	-0.413166	
2368	-1.076050	0.269387	-0.417876	
2369	-1.084024	0.273330	-0.421102	
2370	-1.092720	0.279501	-0.423672	
2371	-1.101094	0.284667	-0.425674	
2372	-1.103817	0.286911	-0.428828	
2373	-1.107197	0.288321	-0.430281	
2374	-1.118342	0.293309	-0.428055	
2375	-1.125237	0.297135	-0.426019	
2376	-1.123638	0.297699	-0.425472	
2377	-1.127697	0.300212	-0.423335	
2378	-1.135993	0.301452	-0.419822	
2379	-1.144882	0.300997	-0.413950	
2380	-1.147936	0.303413	-0.410467	
2381	-1.154381	0.300949	-0.406833	
2382	-1.163085	0.298423	-0.401323	
2383	-1.165092	0.297825	-0.397348	
2384	-1.170886	0.297879	-0.391469	
2385	-1.179189	0.293745	-0.384527	
2386	-1.186799	0.291173	-0.377727	
2387	-1.193303	0.288863	-0.371180	
2388	-1.199457	0.281791	-0.364648	
2389	-1.207938	0.279572	-0.356534	
2390	-1.215515	0.277094	-0.349067	
2391	-1.220543	0.273309	-0.341451	
2392	-1.223061	0.267073	-0.335410	
2393	-1.232915	0.261877	-0.327059	
2394	-1.240675	0.258125	-0.319719	
2395	-1.246356	0.255733	-0.313243	
2396	-1.252302	0.250617	-0.306799	
2397	-1.256930	0.243966	-0.300774	
2398	-1.264014	0.237726	-0.294364	
2399	-1.276612	0.228059	-0.284818	
2400	-1.282991	0.222510	-0.278508	
2401	-1.285530	0.215905	-0.273195	
2402	-1.287252	0.209053	-0.268386	
2403	-1.292727	0.204214	-0.262879	
2404	-1.297701	0.198811	-0.257811	
2405	-1.299179	0.193012	-0.253595	
2406	-1.303802	0.190237	-0.248720	
2407	-1.307708	0.185393	-0.243978	
2408	-1.312735	0.181259	-0.238878	
2409	-1.317249	0.177390	-0.233566	
2410	-1.324510	0.171299	-0.223661	
2411	-1.327866	0.162865	-0.215351	
2412	-1.332624	0.160887	-0.210609	
2413	-1.334868	0.157852	-0.206115	
2414	-1.333035	0.153018	-0.203048	
2415	-1.337041	0.150078	-0.197818	
2416	-1.338789	0.146635	-0.193508	
2417	-1.338266	0.142629	-0.189512	
2418	-1.338832	0.139442	-0.185550	
2419	-1.343141	0.137439	-0.180240	
2420	-1.342782	0.133525	-0.176889	
2421	-1.345706	0.131004	-0.171990	
2422	-1.348465	0.128605	-0.167483	
2423	-1.349091	0.124661	-0.163992	
2424	-1.353235	0.123665	-0.158980	
2425	-1.354670	0.123229	-0.154284	
2426	-1.354865	0.121097	-0.150057	
2427	-1.359729	0.118537	-0.143882	
2428	-1.361908	0.116930	-0.138263	
2429	-1.364008	0.117178	-0.132660	
2430	-1.361186	0.115446	-0.128689	
2431	-1.363420	0.114390	-0.122925	
2432	-1.365689	0.115106	-0.117120	
2433	-1.367538	0.112802	-0.111630	
2434	-1.368458	0.111033	-0.105720	
2435	-1.366914	0.109968	-0.100986	
2436	-1.367121	0.109263	-0.094877	
2437	-1.365772	0.106877	-0.089016	
2438	-1.360490	0.104247	-0.083735	
2439	-1.358172	0.100496	-0.076872	
2440	-1.356053	0.095284	-0.069467	
2441	-1.351956	0.090463	-0.061828	
2442	-1.344728	0.087261	-0.054907	
2443	-1.339823	0.081912	-0.046866	
2444	-1.339920	0.076332	-0.036516	
2445	-1.332652	0.072393	-0.028005	
2446	-1.321926	0.065685	-0.021407	
2447	-1.320835	0.057775	-0.011723	
2448	-1.313953	0.052755	-0.003123	
2449	-1.299982	0.046143	0.002180	
2450	-1.298013	0.036404	0.010775	
2451	-1.296110	0.031000	0.020777	
2452	-1.281186	0.025516	0.026899	
2453	-1.272098	0.018151	0.033633	
2454	-1.270830	0.013292	0.042946	
2455	-1.263294	0.008307	0.049897	
2456	-1.253360	0.004763	0.055296	
2457	-1.251033	0.000537	0.062260	
2458	-1.247231	-0.001763	0.068624	
2459	-1.237775	-0.005493	0.072767	
2460	-1.229726	-0.009119	0.075988	
2461	-1.227059	-0.009984	0.081330	
2462	-1.224707	-0.009941	0.086314	
2463	-1.216074	-0.011051	0.089117	
2464	-1.208421	-0.011706	0.092933	
2465	-1.205084	-0.011214	0.098201	
2466	-1.202121	-0.011560	0.103428	
2467	-1.194984	-0.013719	0.108114	
2468	-1.189019	-0.011649	0.114234	
2469	-1.185486	-0.009774	0.119495	
2470	-1.180801	-0.010324	0.123886	
2471	-1.177179	-0.008459	0.129281	
2472	-1.175682	-0.005938	0.135664	
2473	-1.169730	-0.005140	0.139145	
2474	-1.166168	-0.005181	0.143552	
2475	-1.163257	-0.003068	0.148291	
2476	-1.157376	-0.003153	0.151020	
2477	-1.154791	-0.004537	0.154095	
2478	-1.150947	-0.004411	0.157197	
2479	-1.147034	-0.002493	0.160155	
2480	-1.145775	-0.002793	0.163195	
2481	-1.140973	-0.002923	0.166270	
2482	-1.136940	-0.001947	0.170045	
2483	-1.130649	-0.005824	0.172587	
2484	-1.130726	-0.004523	0.179302	
2485	-1.128778	-0.001969	0.185269	
2486	-1.120805	-0.004484	0.188614	
2487	-1.117739	-0.006542	0.193120	
2488	-1.120193	-0.003387	0.198819	
2489	-1.116239	-0.005054	0.202678	
2490	-1.111870	-0.004862	0.206727	
2491	-1.109577	-0.004381	0.210956	
2492	-1.108680	-0.005342	0.215809	
2493	-1.104548	0.000197	0.220612	
2494	-1.097704	-0.000938	0.222619	
2495	-1.098755	0.000377	0.226942	
2496	-1.098989	0.005058	0.231933	
2497	-1.093359	0.005119	0.233651	
2498	-1.093989	0.005359	0.236644	
2499	-1.096722	0.011173	0.241546	
2500	-1.092856	0.011380	0.242759	
2501	-1.093197	0.011192	0.244711	
2502	-1.094718	0.013979	0.247889	
2503	-1.092829	0.013817	0.249027	
2504	-1.094289	0.013633	0.250591	
2505	-1.096742	0.014936	0.252798	
2506	-1.095650	0.015067	0.253866	
2507	-1.095502	0.014691	0.254760	
2508	-1.097040	0.015958	0.256448	
2509	-1.096526	0.016211	0.257674	
2510	-1.094390	0.017039	0.258280	
2511	-1.095788	0.017822	0.259491	
2512	-1.097705	0.020726	0.261840	
2513	-1.096892	0.022160	0.263368	
2514	-1.097370	0.022741	0.264666	
2515	-1.101007	0.025559	0.267900	
2516	-1.098700	0.027348	0.269431	
2517	-1.096779	0.027659	0.270325	
2518	-1.101814	0.030575	0.273957	
2519	-1.100776	0.033096	0.276204	
2520	-1.098732	0.032899	0.277528	
2521	-1.101455	0.035183	0.280834	
2522	-1.100628	0.037092	0.283159	
2523	-1.098366	0.038461	0.285310	
2524	-1.096486	0.040131	0.287164	
2525	-1.098189	0.041803	0.290095	
2526	-1.094381	0.043064	0.291846	
2527	-1.091980	0.044527	0.293382	
2528	-1.093610	0.046660	0.296017	
2529	-1.092853	0.048322	0.298105	
2530	-1.088104	0.049423	0.298279	
2531	-1.087627	0.049899	0.299021	
2532	-1.089165	0.051834	0.300679	
2533	-1.085994	0.052641	0.300872	
2534	-1.084524	0.052303	0.300610	
2535	-1.086887	0.052918	0.302342	
2536	-1.084080	0.053477	0.302929	
2537	-1.083138	0.052649	0.303024	
2538	-1.083189	0.052355	0.303798	
2539	-1.082440	0.052045	0.304541	
2540	-1.080685	0.051860	0.304580	
2541	-1.079204	0.050812	0.305027	
2542	-1.076537	0.050051	0.304378	
2543	-1.076289	0.049468	0.304357	
2544	-1.075368	0.048833	0.304429	
2545	-1.073382	0.048153	0.304099	
2546	-1.074362	0.046924	0.304231	
2547	-1.073927	0.047462	0.304703	
2548	-1.071230	0.048529	0.304323	
2549	-1.071727	0.048527	0.304554	
2550	-1.071851	0.049680	0.305091	
2551	-1.069122	0.051659	0.305081	
2552	-1.068174	0.051670	0.304767	
2553	-1.067894	0.053724	0.305560	
2554	-1.064618	0.055514	0.305106	
2555	-1.063975	0.056259	0.304966	
2556	-1.063572	0.057846	0.305437	
2557	-1.060567	0.060196	0.304878	
2558	-1.059772	0.060488	0.304346	
2559	-1.060272	0.061961	0.304740	
2560	-1.056877	0.064068	0.304196	
2561	-1.056601	0.064608	0.303784	
2562	-1.057092	0.065957	0.304152	
2563	-1.052957	0.068549	0.303441	
2564	-1.052578	0.069715	0.303308	
2565	-1.051456	0.071779	0.303298	
2566	-1.047277	0.075514	0.302245	
2567	-1.047514	0.076780	0.302130	
2568	-1.044442	0.078825	0.300776	
2569	-1.043958	0.080194	0.299691	
2570	-1.041990	0.081089	0.298706	
2571	-1.042130	0.081376	0.297708	
2572	-1.041525	0.081882	0.296887	
2573	-1.039232	0.082469	0.295751	
2574	-1.038873	0.082983	0.294309	
2575	-1.036741	0.082604	0.292925	
2576	-1.037540	0.082763	0.292497	
2577	-1.035340	0.082704	0.291503	
2578	-1.033514	0.082884	0.289617	
2579	-1.032440	0.083433	0.289013	
2580	-1.029452	0.084138	0.287969	
2581	-1.029243	0.084751	0.287477	
2582	-1.029598	0.085280	0.287369	
2583	-1.027708	0.085902	0.286614	
