0	0.000000	0.000000	0.000000	
1	0.000000	0.000000	0.000000	
2	0.000000	0.000000	0.000000	
3	0.000000	0.000000	0.000000	
4	0.001050	0.001975	0.001853	
5	0.000694	0.002162	0.002056	
6	0.000412	0.002954	0.001997	
7	0.000881	0.002670	0.001797	
8	0.000437	0.005742	0.002392	
9	0.000907	0.004775	0.001789	
10	0.000981	0.006124	0.002184	
11	0.000993	0.004950	0.001840	
12	0.000967	0.004623	0.002109	
13	0.001261	0.004919	0.002193	
14	0.000648	0.003782	0.001706	
15	0.000756	0.003289	0.001616	
16	0.000990	0.002467	0.001266	
17	0.000867	0.000968	0.000555	
18	0.001379	0.001289	0.000798	
19	0.001114	0.000782	0.000167	
20	0.000950	0.001556	0.000394	
21	0.001443	0.001099	0.000231	
22	0.003017	0.002010	0.000304	
23	0.003353	0.002037	-0.000090	
24	0.003242	0.001238	-0.000736	
25	0.004144	0.001642	-0.001050	
26	0.004568	0.001637	-0.001679	
27	0.004577	0.000672	-0.002643	
28	0.006242	0.001259	-0.002894	
29	0.005944	0.001680	-0.003323	
30	0.005421	0.000647	-0.004146	
31	0.006759	0.001086	-0.004333	
32	0.007103	0.002343	-0.004177	
33	0.006572	0.002966	-0.004766	
34	0.007012	0.003526	-0.004941	
35	0.007466	0.003734	-0.004994	
36	0.007229	0.003996	-0.005214	
37	0.007926	0.004953	-0.004952	
38	0.008848	0.006433	-0.004903	
39	0.007946	0.006336	-0.005552	
40	0.008426	0.006848	-0.005301	
41	0.009048	0.007016	-0.005537	
42	0.009302	0.006105	-0.006320	
43	0.009436	0.004876	-0.006918	
44	0.009978	0.004647	-0.006967	
45	0.010303	0.005224	-0.007247	
46	0.010451	0.005135	-0.007681	
47	0.010874	0.005581	-0.007859	
48	0.010894	0.006312	-0.008204	
49	0.010525	0.005910	-0.008534	
50	0.011531	0.006080	-0.008693	
51	0.011776	0.005383	-0.009406	
52	0.011083	0.005083	-0.009616	
53	0.011593	0.006210	-0.009717	
54	0.011390	0.005783	-0.010083	
55	0.011424	0.005692	-0.010516	
56	0.011603	0.005980	-0.010470	
57	0.011343	0.006073	-0.010801	
58	0.011254	0.006180	-0.010931	
59	0.012099	0.007630	-0.010200	
60	0.011613	0.007939	-0.009987	
61	0.010516	0.008547	-0.009644	
62	0.011355	0.009641	-0.008935	
63	0.011642	0.010646	-0.008268	
64	0.010700	0.011803	-0.007606	
65	0.010282	0.011909	-0.007310	
66	0.010297	0.012062	-0.006968	
67	0.010291	0.013635	-0.006116	
68	0.009188	0.013759	-0.005997	
69	0.007283	0.014479	-0.006039	
70	0.005897	0.014485	-0.006176	
71	0.003364	0.013568	-0.007336	
72	0.000619	0.013395	-0.008723	
73	-0.002380	0.010993	-0.011654	
74	-0.007761	0.009518	-0.015351	
75	-0.014505	0.008562	-0.019029	
76	-0.019850	0.007925	-0.023317	
77	-0.032825	0.005151	-0.032963	
78	-0.041530	0.004169	-0.037854	
79	-0.050594	0.004364	-0.042066	
80	-0.059423	0.004112	-0.046706	
81	-0.068599	0.003707	-0.051096	
82	-0.079897	0.004575	-0.055600	
83	-0.090784	0.006524	-0.059473	
84	-0.101480	0.008066	-0.063016	
85	-0.113098	0.010511	-0.066208	
86	-0.125236	0.012546	-0.069130	
87	-0.138548	0.015655	-0.071560	
88	-0.151501	0.018337	-0.073908	
89	-0.163436	0.021009	-0.076069	
90	-0.177129	0.022842	-0.078700	
91	-0.189076	0.026800	-0.080165	
92	-0.200572	0.030322	-0.081784	
93	-0.213084	0.032504	-0.083780	
94	-0.224810	0.034368	-0.085079	
95	-0.235518	0.035947	-0.087050	
96	-0.245751	0.038498	-0.088573	
97	-0.255775	0.038651	-0.090326	
98	-0.265809	0.038164	-0.091936	
99	-0.275929	0.037951	-0.092627	
100	-0.284713	0.038134	-0.093189	
101	-0.295199	0.036326	-0.093742	
102	-0.305277	0.035699	-0.093606	
103	-0.314296	0.034482	-0.093400	
104	-0.322736	0.032671	-0.093557	
105	-0.331741	0.030410	-0.093781	
106	-0.341744	0.029383	-0.092973	
107	-0.349691	0.028845	-0.091920	
108	-0.368837	0.025230	-0.090405	
109	-0.377995	0.024444	-0.088678	
110	-0.387077	0.023686	-0.086949	
111	-0.396921	0.022274	-0.084538	
112	-0.408408	0.021190	-0.081877	
113	-0.419322	0.020533	-0.079097	
114	-0.429809	0.018099	-0.076443	
115	-0.440424	0.014380	-0.073356	
116	-0.452560	0.010386	-0.070203	
117	-0.462773	0.007298	-0.066005	
118	-0.470206	0.005336	-0.060226	
119	-0.494061	-0.000975	-0.048236	
120	-0.502234	-0.001411	-0.040527	
121	-0.507055	-0.005526	-0.033491	
122	-0.516464	-0.009277	-0.026510	
123	-0.524065	-0.010240	-0.019535	
124	-0.532090	-0.014713	-0.014052	
125	-0.539597	-0.018632	-0.008025	
126	-0.546962	-0.020937	-0.002180	
127	-0.555038	-0.025651	0.002099	
128	-0.562072	-0.029812	0.006861	
129	-0.567987	-0.033512	0.011607	
130	-0.576637	-0.037806	0.015914	
131	-0.582830	-0.040560	0.021138	
132	-0.588726	-0.044677	0.026401	
133	-0.594831	-0.048442	0.031511	
134	-0.609951	-0.053379	0.042654	
135	-0.617307	-0.056213	0.048397	
136	-0.625492	-0.058025	0.053993	
137	-0.633563	-0.060767	0.059423	
138	-0.647831	-0.065370	0.070508	
139	-0.656603	-0.066332	0.076249	
140	-0.674318	-0.070323	0.087513	
141	-0.682847	-0.072340	0.093177	
142	-0.691987	-0.072393	0.099326	
143	-0.701023	-0.074156	0.105055	
144	-0.710026	-0.076427	0.110722	
145	-0.717939	-0.079244	0.115836	
146	-0.727561	-0.083566	0.120658	
147	-0.737491	-0.084409	0.126352	
148	-0.745431	-0.088008	0.131347	
149	-0.754341	-0.090528	0.136368	
150	-0.763589	-0.092057	0.142184	
151	-0.778326	-0.098455	0.153169	
152	-0.785995	-0.100541	0.158526	
153	-0.792565	-0.104268	0.163612	
154	-0.797132	-0.108366	0.168415	
155	-0.803528	-0.109642	0.173734	
156	-0.810192	-0.110953	0.179429	
157	-0.814465	-0.113686	0.184975	
158	-0.819391	-0.117495	0.190496	
159	-0.826293	-0.119446	0.196582	
160	-0.831225	-0.121839	0.202431	
161	-0.835409	-0.124977	0.207767	
162	-0.841434	-0.126344	0.213036	
163	-0.848073	-0.127719	0.218277	
164	-0.852685	-0.129739	0.223290	
165	-0.857335	-0.133261	0.227673	
166	-0.863996	-0.134573	0.232599	
167	-0.869077	-0.136680	0.237685	
168	-0.872466	-0.140131	0.242050	
169	-0.878426	-0.142074	0.247400	
170	-0.885260	-0.143597	0.253066	
171	-0.889346	-0.149199	0.258102	
172	-0.894473	-0.154168	0.263105	
173	-0.901479	-0.157729	0.268602	
174	-0.911407	-0.163977	0.280316	
175	-0.917495	-0.168646	0.286371	
176	-0.923421	-0.170492	0.292977	
177	-0.927956	-0.174316	0.299723	
178	-0.932568	-0.178099	0.306454	
179	-0.937816	-0.182152	0.313311	
180	-0.942828	-0.185795	0.319848	
181	-0.947650	-0.188755	0.326116	
182	-0.952125	-0.192291	0.332043	
183	-0.958294	-0.197164	0.338240	
184	-0.962718	-0.198622	0.344376	
185	-0.965164	-0.202691	0.349235	
186	-0.971352	-0.204280	0.355014	
187	-0.978193	-0.206708	0.360629	
188	-0.983084	-0.208630	0.366017	
189	-0.987387	-0.210616	0.371227	
190	-0.995584	-0.211011	0.377331	
191	-1.002737	-0.211852	0.383521	
192	-1.007603	-0.212578	0.389823	
193	-1.013192	-0.214162	0.395732	
194	-1.022216	-0.214625	0.402468	
195	-1.032308	-0.214111	0.409392	
196	-1.040686	-0.215659	0.415382	
197	-1.050480	-0.215903	0.420826	
198	-1.063426	-0.217219	0.426799	
199	-1.074243	-0.217218	0.431870	
200	-1.083495	-0.217684	0.436192	
201	-1.094708	-0.218480	0.440796	
202	-1.107512	-0.218738	0.446090	
203	-1.116301	-0.218093	0.450035	
204	-1.126920	-0.220091	0.454306	
205	-1.147184	-0.222954	0.462766	
206	-1.154634	-0.223895	0.466334	
207	-1.165609	-0.227522	0.470871	
208	-1.174817	-0.230093	0.475265	
209	-1.180741	-0.230904	0.478990	
210	-1.188621	-0.234109	0.483049	
211	-1.198349	-0.237081	0.488260	
212	-1.203727	-0.238503	0.492607	
213	-1.209557	-0.241240	0.496714	
214	-1.218487	-0.245325	0.502150	
215	-1.223579	-0.246434	0.507245	
216	-1.227907	-0.249492	0.511864	
217	-1.235622	-0.253139	0.517684	
218	-1.240028	-0.255641	0.523522	
219	-1.244629	-0.257588	0.529304	
220	-1.250093	-0.261345	0.535262	
221	-1.255289	-0.263825	0.541447	
222	-1.259562	-0.267004	0.547348	
223	-1.263955	-0.271492	0.553288	
224	-1.268745	-0.275134	0.559608	
225	-1.272326	-0.279047	0.565700	
226	-1.276678	-0.283151	0.572355	
227	-1.278991	-0.287321	0.578514	
228	-1.281420	-0.292975	0.584432	
229	-1.285388	-0.299249	0.590673	
230	-1.288895	-0.303634	0.596737	
231	-1.292220	-0.307693	0.602342	
232	-1.296110	-0.312639	0.608365	
233	-1.298564	-0.317912	0.613893	
234	-1.302099	-0.322863	0.619823	
235	-1.307817	-0.326568	0.626967	
236	-1.311604	-0.330747	0.632903	
237	-1.315243	-0.335126	0.638613	
238	-1.319301	-0.338767	0.644646	
239	-1.323508	-0.341985	0.650883	
240	-1.327716	-0.345407	0.657008	
241	-1.333095	-0.349746	0.663328	
242	-1.338274	-0.352019	0.669429	
243	-1.343042	-0.355446	0.674456	
244	-1.349476	-0.360387	0.680051	
245	-1.355149	-0.362866	0.685716	
246	-1.359241	-0.367588	0.690135	
247	-1.364767	-0.372662	0.694272	
248	-1.370518	-0.376490	0.698322	
249	-1.375768	-0.380466	0.701524	
250	-1.381225	-0.385189	0.704452	
251	-1.388957	-0.388012	0.707689	
252	-1.395714	-0.390336	0.710838	
253	-1.402779	-0.394247	0.712988	
254	-1.412321	-0.396209	0.715995	
255	-1.420837	-0.397626	0.718053	
256	-1.439665	-0.401009	0.721187	
257	-1.450732	-0.400692	0.722647	
258	-1.470480	-0.400938	0.723902	
259	-1.482368	-0.401017	0.725294	
260	-1.493264	-0.399886	0.726406	
261	-1.504000	-0.398917	0.727537	
262	-1.513909	-0.398504	0.728453	
263	-1.523769	-0.399141	0.729616	
264	-1.534927	-0.398152	0.731632	
265	-1.544176	-0.397154	0.732805	
266	-1.555568	-0.398135	0.734224	
267	-1.564716	-0.398023	0.736008	
268	-1.574276	-0.399287	0.737630	
269	-1.585094	-0.398871	0.739799	
270	-1.595292	-0.397658	0.742642	
271	-1.604835	-0.398106	0.744931	
272	-1.614904	-0.399000	0.747850	
273	-1.623610	-0.399696	0.751002	
274	-1.632205	-0.400363	0.753825	
275	-1.641902	-0.398014	0.758303	
276	-1.650005	-0.396505	0.762928	
277	-1.658657	-0.393898	0.768436	
278	-1.666659	-0.389413	0.775122	
279	-1.674139	-0.385339	0.782073	
280	-1.680651	-0.380666	0.789807	
281	-1.686625	-0.375239	0.798023	
282	-1.691329	-0.370858	0.805509	
283	-1.695209	-0.366864	0.813677	
284	-1.698602	-0.363077	0.821932	
285	-1.701249	-0.360021	0.829175	
286	-1.704061	-0.359162	0.837063	
287	-1.706954	-0.356470	0.846860	
288	-1.706280	-0.353354	0.854824	
289	-1.707549	-0.353301	0.862450	
290	-1.708460	-0.350786	0.871280	
291	-1.708204	-0.348588	0.880164	
292	-1.708490	-0.347289	0.888939	
293	-1.709086	-0.345742	0.897812	
294	-1.710059	-0.342887	0.907647	
295	-1.711064	-0.340434	0.917186	
296	-1.711745	-0.340841	0.925848	
297	-1.713197	-0.340320	0.935178	
298	-1.713967	-0.340568	0.943946	
299	-1.715024	-0.342243	0.950911	
300	-1.717181	-0.343781	0.958661	
301	-1.719429	-0.345144	0.966560	
302	-1.721607	-0.344870	0.975022	
303	-1.723587	-0.347694	0.981568	
304	-1.726085	-0.349658	0.989243	
305	-1.728354	-0.353761	0.995988	
306	-1.731816	-0.356907	1.002154	
307	-1.735650	-0.357807	1.009568	
308	-1.739877	-0.361623	1.016013	
309	-1.743357	-0.365207	1.021757	
310	-1.746903	-0.368365	1.027715	
311	-1.750710	-0.370690	1.033809	
312	-1.754461	-0.373086	1.039447	
313	-1.758269	-0.376608	1.044843	
314	-1.762068	-0.379071	1.050997	
315	-1.766358	-0.382483	1.056922	
316	-1.771064	-0.386206	1.062061	
317	-1.776113	-0.390492	1.067237	
318	-1.781472	-0.394639	1.072754	
319	-1.786623	-0.398815	1.077757	
320	-1.792696	-0.403362	1.083083	
321	-1.798416	-0.408672	1.088239	
322	-1.803843	-0.413568	1.092961	
323	-1.809442	-0.418687	1.097089	
324	-1.814824	-0.423374	1.101298	
325	-1.820329	-0.427046	1.105184	
326	-1.825189	-0.432335	1.108378	
327	-1.829415	-0.437579	1.111282	
328	-1.834301	-0.443563	1.115052	
329	-1.838916	-0.447680	1.118524	
330	-1.843644	-0.452526	1.123161	
331	-1.847921	-0.458649	1.127375	
332	-1.852073	-0.463572	1.131707	
333	-1.856379	-0.469973	1.137559	
334	-1.859636	-0.476288	1.142004	
335	-1.863920	-0.481683	1.147983	
336	-1.868115	-0.487700	1.154418	
337	-1.871187	-0.493658	1.158547	
338	-1.875081	-0.499522	1.165215	
339	-1.877405	-0.506709	1.170770	
340	-1.879377	-0.513103	1.175403	
341	-1.881766	-0.518241	1.181539	
342	-1.883937	-0.524683	1.189247	
343	-1.884956	-0.530598	1.193451	
344	-1.886839	-0.535701	1.200028	
345	-1.888078	-0.542705	1.207090	
346	-1.889146	-0.548055	1.212585	
347	-1.890584	-0.550785	1.219900	
348	-1.890713	-0.557080	1.227088	
349	-1.890084	-0.563562	1.230385	
350	-1.890229	-0.567710	1.236433	
351	-1.890635	-0.573020	1.244029	
352	-1.890196	-0.578863	1.249041	
353	-1.890795	-0.584785	1.256416	
354	-1.889716	-0.595248	1.268234	
355	-1.889356	-0.600539	1.274999	
356	-1.889055	-0.606336	1.282265	
357	-1.888371	-0.611381	1.288360	
358	-1.888435	-0.616955	1.295819	
359	-1.887320	-0.623437	1.303056	
360	-1.887073	-0.634594	1.318844	
361	-1.885856	-0.641219	1.325599	
362	-1.885142	-0.647523	1.332656	
363	-1.885148	-0.653590	1.340617	
364	-1.884646	-0.658648	1.347218	
365	-1.884774	-0.663493	1.354684	
366	-1.884892	-0.667424	1.362533	
367	-1.884446	-0.670347	1.367823	
368	-1.884721	-0.674096	1.374265	
369	-1.884267	-0.678520	1.381040	
370	-1.883459	-0.681696	1.386935	
371	-1.883084	-0.684591	1.391678	
372	-1.882839	-0.687078	1.397843	
373	-1.882339	-0.689996	1.402040	
374	-1.882898	-0.692487	1.405907	
375	-1.883038	-0.694946	1.410357	
376	-1.883780	-0.697272	1.415514	
377	-1.884907	-0.698719	1.419432	
378	-1.886187	-0.700264	1.423894	
379	-1.887753	-0.701721	1.429251	
380	-1.889513	-0.703727	1.434832	
381	-1.891242	-0.705973	1.439719	
382	-1.893336	-0.709002	1.446043	
383	-1.895925	-0.711963	1.451095	
384	-1.898524	-0.715355	1.456477	
385	-1.901763	-0.719093	1.462563	
386	-1.904870	-0.724148	1.467344	
387	-1.909238	-0.727370	1.473714	
388	-1.912898	-0.733532	1.478788	
389	-1.917126	-0.738902	1.484217	
390	-1.921591	-0.743708	1.489493	
391	-1.925796	-0.750771	1.494435	
392	-1.930866	-0.756163	1.499540	
393	-1.936072	-0.762025	1.506196	
394	-1.941473	-0.767301	1.511279	
395	-1.946730	-0.773945	1.516744	
396	-1.952477	-0.780053	1.523779	
397	-1.957976	-0.786732	1.529598	
398	-1.968080	-0.800179	1.540684	
399	-1.972007	-0.807654	1.546421	
400	-1.976439	-0.814087	1.550894	
401	-1.979930	-0.823442	1.558249	
402	-1.983050	-0.830019	1.562716	
403	-1.986585	-0.837587	1.568003	
404	-1.990283	-0.844142	1.576144	
405	-1.992931	-0.852620	1.584704	
406	-1.995916	-0.858222	1.589977	
407	-1.999042	-0.864619	1.598151	
408	-2.001075	-0.870430	1.606464	
409	-2.003348	-0.871405	1.610411	
410	-2.005755	-0.874699	1.616220	
411	-2.007345	-0.881205	1.626034	
412	-2.008941	-0.883524	1.633057	
413	-2.010517	-0.883950	1.637473	
414	-2.011750	-0.888842	1.647095	
415	-2.012524	-0.893186	1.657095	
416	-2.013908	-0.894553	1.664426	
417	-2.015230	-0.896338	1.672129	
418	-2.016655	-0.895473	1.678683	
419	-2.018148	-0.899169	1.687270	
420	-2.019521	-0.900757	1.695175	
421	-2.021217	-0.901594	1.702494	
422	-2.022504	-0.903421	1.710010	
423	-2.023840	-0.904525	1.716316	
424	-2.025129	-0.906007	1.723132	
425	-2.026304	-0.907127	1.729843	
426	-2.028734	-0.909641	1.740712	
427	-2.030025	-0.910675	1.745510	
428	-2.030849	-0.912541	1.751278	
429	-2.032200	-0.915060	1.757325	
430	-2.034191	-0.918897	1.762412	
431	-2.035322	-0.923744	1.770489	
432	-2.036707	-0.934384	1.780933	
433	-2.037462	-0.939968	1.786167	
434	-2.037957	-0.945756	1.790909	
435	-2.039311	-0.951200	1.793570	
436	-2.040325	-0.957229	1.799052	
437	-2.041475	-0.963649	1.804650	
438	-2.043196	-0.968868	1.808575	
439	-2.044597	-0.975201	1.814937	
440	-2.045641	-0.981302	1.819629	
441	-2.046991	-0.988512	1.825100	
442	-2.048339	-0.993708	1.830971	
443	-2.049494	-0.999724	1.836709	
444	-2.050756	-1.005298	1.841157	
445	-2.052238	-1.011229	1.847425	
446	-2.052846	-1.018196	1.854360	
447	-2.054409	-1.023422	1.857700	
448	-2.055587	-1.030493	1.863344	
449	-2.056738	-1.036840	1.870047	
450	-2.058037	-1.042967	1.874085	
451	-2.059786	-1.049807	1.881794	
452	-2.061070	-1.054883	1.886572	
453	-2.063802	-1.059628	1.888988	
454	-2.065458	-1.067209	1.897710	
455	-2.067339	-1.073742	1.903978	
456	-2.070490	-1.080091	1.909135	
457	-2.074082	-1.086349	1.917112	
458	-2.078013	-1.093118	1.924775	
459	-2.081641	-1.102394	1.933758	
460	-2.087596	-1.107594	1.941910	
461	-2.092466	-1.115373	1.951675	
462	-2.097894	-1.122808	1.962267	
463	-2.102920	-1.129633	1.972957	
464	-2.107187	-1.136610	1.983802	
465	-2.111602	-1.143938	1.997004	
466	-2.114733	-1.151192	2.009115	
467	-2.117934	-1.157726	2.019794	
468	-2.121468	-1.164561	2.030187	
469	-2.124607	-1.172120	2.041330	
470	-2.127190	-1.177971	2.053129	
471	-2.130963	-1.184242	2.062182	
472	-2.134540	-1.190965	2.073628	
473	-2.137039	-1.196802	2.084290	
474	-2.140277	-1.201918	2.094419	
475	-2.142367	-1.207756	2.104756	
476	-2.143782	-1.213437	2.115288	
477	-2.146353	-1.217199	2.123716	
478	-2.147271	-1.220274	2.133254	
479	-2.147705	-1.222367	2.142164	
480	-2.148016	-1.226199	2.149677	
481	-2.147527	-1.227687	2.158302	
482	-2.145123	-1.229251	2.168265	
483	-2.144882	-1.230750	2.174774	
484	-2.144447	-1.231581	2.183072	
485	-2.140487	-1.232866	2.193038	
486	-2.138089	-1.233200	2.200614	
487	-2.136431	-1.234009	2.207287	
488	-2.128675	-1.237186	2.226318	
489	-2.126079	-1.238290	2.233842	
490	-2.122218	-1.239932	2.245105	
491	-2.119274	-1.242657	2.251354	
492	-2.114909	-1.246557	2.258714	
493	-2.110864	-1.250118	2.268176	
494	-2.107116	-1.254647	2.274298	
495	-2.103925	-1.259161	2.280257	
496	-2.099162	-1.263566	2.290717	
497	-2.091239	-1.274470	2.303891	
498	-2.087113	-1.278714	2.312124	
499	-2.082098	-1.282294	2.320511	
500	-2.078397	-1.288074	2.324214	
501	-2.075148	-1.291691	2.329829	
502	-2.069644	-1.296645	2.336534	
503	-2.067167	-1.300601	2.339769	
504	-2.063210	-1.303700	2.345469	
505	-2.058839	-1.305897	2.352547	
506	-2.056084	-1.310158	2.356709	
507	-2.052305	-1.314639	2.359354	
508	-2.047002	-1.318820	2.364953	
509	-2.044253	-1.322031	2.367319	
510	-2.041167	-1.324887	2.370005	
511	-2.036386	-1.327848	2.375517	
512	-2.032152	-1.333048	2.377572	
513	-2.027912	-1.338199	2.379512	
514	-2.021316	-1.342630	2.385649	
515	-2.018252	-1.345692	2.389380	
516	-2.013359	-1.350132	2.393765	
517	-2.007158	-1.354870	2.400799	
518	-2.002504	-1.359596	2.406365	
519	-1.997988	-1.363742	2.414834	
520	-1.991381	-1.368825	2.424684	
521	-1.987525	-1.373164	2.432070	
522	-1.982731	-1.377418	2.441732	
523	-1.977564	-1.382962	2.451476	
524	-1.972604	-1.388177	2.461287	
525	-1.966733	-1.394468	2.470739	
526	-1.962884	-1.401914	2.477480	
527	-1.957353	-1.407071	2.487490	
528	-1.951436	-1.412306	2.496881	
529	-1.947261	-1.418110	2.505061	
530	-1.942997	-1.423217	2.513161	
531	-1.937998	-1.427238	2.521903	
532	-1.933400	-1.432538	2.529849	
533	-1.929377	-1.435584	2.538865	
534	-1.924630	-1.438278	2.547071	
535	-1.919152	-1.442453	2.554394	
536	-1.914625	-1.446160	2.561445	
537	-1.909244	-1.448747	2.568841	
538	-1.902760	-1.453344	2.574243	
539	-1.900250	-1.455473	2.580784	
540	-1.894304	-1.458843	2.586879	
541	-1.886672	-1.463577	2.592931	
542	-1.882565	-1.466629	2.598434	
543	-1.876862	-1.469066	2.604552	
544	-1.869531	-1.472280	2.610321	
545	-1.863591	-1.474688	2.615712	
546	-1.858500	-1.476570	2.621042	
547	-1.851528	-1.477713	2.627097	
548	-1.843358	-1.479333	2.631429	
549	-1.836291	-1.480877	2.635527	
550	-1.828597	-1.482092	2.639274	
551	-1.820666	-1.482181	2.644372	
552	-1.811831	-1.483328	2.647611	
553	-1.805618	-1.483090	2.651308	
554	-1.795734	-1.481921	2.655908	
555	-1.782241	-1.483049	2.660413	
556	-1.775955	-1.482240	2.663936	
557	-1.765945	-1.480971	2.669046	
558	-1.753366	-1.480503	2.674299	
559	-1.745448	-1.479120	2.678662	
560	-1.736776	-1.477414	2.683017	
561	-1.724205	-1.476698	2.687605	
562	-1.714458	-1.476436	2.690924	
563	-1.696281	-1.473747	2.698021	
564	-1.685151	-1.473709	2.700936	
565	-1.676839	-1.473452	2.702360	
566	-1.667036	-1.472872	2.704545	
567	-1.657056	-1.472733	2.706828	
568	-1.648205	-1.473661	2.707044	
569	-1.640446	-1.474220	2.707985	
570	-1.631579	-1.474201	2.710283	
571	-1.623456	-1.475229	2.711114	
572	-1.615935	-1.477010	2.710167	
573	-1.607984	-1.478621	2.710379	
574	-1.600151	-1.480037	2.711028	
575	-1.593956	-1.480709	2.711525	
576	-1.587734	-1.481212	2.712149	
577	-1.579434	-1.482316	2.714307	
578	-1.568104	-1.485316	2.714486	
579	-1.561057	-1.485975	2.716294	
580	-1.553616	-1.486901	2.717824	
581	-1.548408	-1.488465	2.717360	
582	-1.542075	-1.488627	2.719414	
583	-1.533664	-1.490994	2.720958	
584	-1.529075	-1.492298	2.721960	
585	-1.516190	-1.494417	2.726609	
586	-1.510885	-1.495225	2.729331	
587	-1.505492	-1.495986	2.731298	
588	-1.498879	-1.496848	2.733829	
589	-1.492378	-1.498126	2.734697	
590	-1.479621	-1.499183	2.739829	
591	-1.473626	-1.499851	2.742192	
592	-1.466229	-1.500800	2.744918	
593	-1.460566	-1.501466	2.748395	
594	-1.455200	-1.502553	2.750749	
595	-1.448114	-1.503573	2.753307	
596	-1.441173	-1.503842	2.757040	
597	-1.437043	-1.503799	2.759907	
598	-1.430043	-1.503524	2.762724	
599	-1.422558	-1.503242	2.766139	
600	-1.417588	-1.502769	2.767622	
601	-1.412525	-1.502476	2.768262	
602	-1.403605	-1.501280	2.772657	
603	-1.396248	-1.499299	2.777046	
604	-1.391754	-1.499252	2.776111	
605	-1.382887	-1.498081	2.779456	
606	-1.373566	-1.496485	2.782681	
607	-1.368283	-1.495315	2.783673	
608	-1.359738	-1.493507	2.787402	
609	-1.351055	-1.492875	2.788059	
610	-1.342366	-1.491573	2.790697	
611	-1.334660	-1.490267	2.792727	
612	-1.327673	-1.489159	2.792775	
613	-1.317950	-1.488235	2.793386	
614	-1.310505	-1.486988	2.792831	
615	-1.303516	-1.485531	2.791626	
616	-1.294882	-1.484160	2.791091	
617	-1.286976	-1.482928	2.790411	
618	-1.280493	-1.482154	2.788091	
619	-1.271342	-1.482109	2.785987	
620	-1.264458	-1.482090	2.783922	
621	-1.258677	-1.482115	2.782138	
622	-1.250897	-1.482030	2.780588	
623	-1.243481	-1.482305	2.778973	
624	-1.238564	-1.482877	2.774848	
625	-1.231170	-1.482998	2.773443	
626	-1.223558	-1.483406	2.771559	
627	-1.211098	-1.483671	2.767545	
628	-1.203110	-1.484725	2.765025	
629	-1.197946	-1.485775	2.762483	
630	-1.190739	-1.486561	2.761617	
631	-1.184741	-1.487622	2.759441	
632	-1.178709	-1.489035	2.757328	
633	-1.171861	-1.490556	2.755107	
634	-1.166721	-1.491416	2.753016	
635	-1.161545	-1.492217	2.751472	
636	-1.156223	-1.492593	2.750461	
637	-1.147397	-1.492661	2.745874	
638	-1.142963	-1.492249	2.743822	
639	-1.138430	-1.491016	2.742253	
640	-1.132100	-1.490311	2.739768	
641	-1.125368	-1.489609	2.737910	
642	-1.123154	-1.488318	2.735889	
643	-1.119483	-1.486959	2.734606	
644	-1.112993	-1.486351	2.732243	
645	-1.109955	-1.484560	2.731403	
646	-1.107145	-1.482619	2.730510	
647	-1.100245	-1.480731	2.729748	
648	-1.094448	-1.479173	2.727869	
649	-1.090631	-1.477218	2.726325	
650	-1.086067	-1.474801	2.724801	
651	-1.080684	-1.472320	2.722539	
652	-1.075006	-1.469010	2.721241	
653	-1.070771	-1.465343	2.719629	
654	-1.064136	-1.461707	2.717947	
655	-1.057947	-1.457958	2.716063	
656	-1.053015	-1.453739	2.714056	
657	-1.044371	-1.450053	2.711766	
658	-1.041848	-1.445213	2.710190	
659	-1.036980	-1.440434	2.709091	
660	-1.027192	-1.437796	2.706110	
661	-1.022460	-1.433768	2.704395	
662	-1.018495	-1.429597	2.702820	
663	-1.013029	-1.425687	2.699553	
664	-1.007984	-1.421764	2.696771	
665	-1.004211	-1.417548	2.693545	
666	-1.001022	-1.412759	2.689789	
667	-0.998323	-1.407889	2.686004	
668	-0.992674	-1.403618	2.680855	
669	-0.987163	-1.398873	2.676308	
670	-0.984214	-1.392842	2.673018	
671	-0.977491	-1.388236	2.667580	
672	-0.971208	-1.382953	2.662508	
673	-0.959791	-1.373860	2.650729	
674	-0.952159	-1.370050	2.644874	
675	-0.938878	-1.362616	2.633526	
676	-0.928241	-1.360976	2.626451	
677	-0.926187	-1.356191	2.623391	
678	-0.922910	-1.351569	2.620148	
679	-0.916353	-1.348541	2.614615	
680	-0.910341	-1.344520	2.610558	
681	-0.907071	-1.339375	2.608101	
682	-0.901659	-1.336359	2.604367	
683	-0.895993	-1.332717	2.601641	
684	-0.887646	-1.324551	2.598347	
685	-0.882259	-1.321832	2.595831	
686	-0.881013	-1.315993	2.596299	
687	-0.877761	-1.312119	2.595206	
688	-0.871036	-1.309925	2.593046	
689	-0.869140	-1.303409	2.595346	
690	-0.865827	-1.298658	2.595604	
691	-0.861036	-1.295142	2.594862	
692	-0.858508	-1.289925	2.596185	
693	-0.857612	-1.284312	2.598189	
694	-0.853701	-1.281641	2.597862	
695	-0.851123	-1.277582	2.599372	
696	-0.849980	-1.273358	2.600766	
697	-0.844487	-1.272806	2.599190	
698	-0.843371	-1.268533	2.601769	
699	-0.842257	-1.265496	2.603226	
700	-0.837512	-1.265140	2.602818	
701	-0.836489	-1.261572	2.605278	
702	-0.834763	-1.259329	2.606684	
703	-0.830965	-1.257864	2.607710	
704	-0.829380	-1.254912	2.610639	
705	-0.826851	-1.252936	2.612645	
706	-0.824029	-1.250597	2.615359	
707	-0.821543	-1.247740	2.618043	
708	-0.819378	-1.245209	2.620856	
709	-0.816618	-1.243560	2.622754	
710	-0.813999	-1.240682	2.625400	
711	-0.812228	-1.238014	2.628140	
712	-0.803534	-1.231262	2.636503	
713	-0.798070	-1.231752	2.636210	
714	-0.792162	-1.232131	2.637282	
715	-0.790954	-1.229087	2.641257	
716	-0.785019	-1.230186	2.641915	
717	-0.781397	-1.229514	2.644527	
718	-0.779529	-1.227258	2.647945	
719	-0.774681	-1.227355	2.649672	
720	-0.770701	-1.226626	2.652135	
721	-0.768132	-1.224865	2.655613	
722	-0.762625	-1.225745	2.656219	
723	-0.758008	-1.226303	2.658427	
724	-0.755176	-1.225598	2.661934	
725	-0.752219	-1.225438	2.663937	
726	-0.746162	-1.227780	2.664790	
727	-0.743940	-1.226203	2.669368	
728	-0.740446	-1.226071	2.672142	
729	-0.735207	-1.227638	2.673088	
730	-0.731390	-1.227426	2.677508	
731	-0.728572	-1.226932	2.680243	
732	-0.723464	-1.228153	2.681195	
733	-0.720559	-1.227610	2.685324	
734	-0.716939	-1.227897	2.687770	
735	-0.711893	-1.230014	2.688962	
736	-0.709270	-1.229493	2.692561	
737	-0.705992	-1.229920	2.694238	
738	-0.701669	-1.231823	2.696477	
739	-0.699059	-1.232279	2.699455	
740	-0.694431	-1.235827	2.699305	
741	-0.692504	-1.237536	2.702149	
742	-0.690907	-1.238133	2.705356	
743	-0.689637	-1.239325	2.707466	
744	-0.688822	-1.239739	2.711272	
745	-0.686836	-1.240879	2.713346	
746	-0.685080	-1.242160	2.716665	
747	-0.683744	-1.243073	2.719638	
748	-0.681594	-1.243869	2.722097	
749	-0.678949	-1.245606	2.724635	
750	-0.679192	-1.244606	2.729018	
751	-0.676108	-1.246883	2.731239	
752	-0.674101	-1.247915	2.735488	
753	-0.672585	-1.249340	2.740526	
754	-0.670349	-1.251337	2.744399	
755	-0.667146	-1.254569	2.747811	
756	-0.665583	-1.257152	2.752762	
757	-0.663343	-1.260327	2.757318	
758	-0.659234	-1.265545	2.761122	
759	-0.658247	-1.268140	2.767872	
760	-0.655320	-1.272546	2.772278	
761	-0.652651	-1.276658	2.778059	
762	-0.650810	-1.280085	2.784997	
763	-0.649017	-1.283568	2.790729	
764	-0.646479	-1.287331	2.796045	
765	-0.643678	-1.291543	2.801589	
766	-0.640512	-1.295727	2.807272	
767	-0.638687	-1.299116	2.814244	
768	-0.634876	-1.303961	2.818582	
769	-0.632832	-1.307137	2.824768	
770	-0.632347	-1.308607	2.831697	
771	-0.627966	-1.313360	2.835262	
772	-0.625383	-1.316317	2.841098	
773	-0.622838	-1.318623	2.846221	
774	-0.618105	-1.322645	2.848200	
775	-0.616870	-1.323289	2.854442	
776	-0.615119	-1.323796	2.859450	
777	-0.609992	-1.325970	2.862166	
778	-0.606159	-1.326954	2.866296	
779	-0.602244	-1.327554	2.870180	
780	-0.596235	-1.330545	2.870351	
781	-0.591756	-1.332254	2.872204	
782	-0.587599	-1.333958	2.873454	
783	-0.581597	-1.336454	2.872888	
784	-0.575250	-1.339256	2.873730	
785	-0.570293	-1.340816	2.875520	
786	-0.562947	-1.342882	2.876254	
787	-0.557340	-1.344738	2.877381	
788	-0.545708	-1.347964	2.881208	
789	-0.538381	-1.349849	2.883563	
790	-0.531705	-1.352112	2.885982	
791	-0.523740	-1.354660	2.886940	
792	-0.515944	-1.356921	2.887944	
793	-0.506738	-1.360488	2.888277	
794	-0.499906	-1.362402	2.890702	
795	-0.491223	-1.364938	2.891368	
796	-0.481803	-1.368143	2.891309	
797	-0.474539	-1.369370	2.894270	
798	-0.466605	-1.371228	2.895679	
799	-0.457276	-1.374358	2.895955	
800	-0.450328	-1.375642	2.899011	
801	-0.433437	-1.381022	2.898630	
802	-0.421122	-1.383581	2.900673	
803	-0.408889	-1.386509	2.901044	
804	-0.403307	-1.387592	2.901603	
805	-0.396559	-1.389206	2.900583	
806	-0.392699	-1.388590	2.902249	
807	-0.386196	-1.389073	2.901788	
808	-0.379212	-1.390006	2.901010	
809	-0.373059	-1.389307	2.902133	
810	-0.365516	-1.390289	2.901155	
811	-0.357357	-1.391731	2.900173	
812	-0.350749	-1.390996	2.901233	
813	-0.344415	-1.391922	2.901219	
814	-0.336300	-1.393489	2.900098	
815	-0.330269	-1.392892	2.901064	
816	-0.323411	-1.393746	2.900701	
817	-0.315836	-1.394605	2.899001	
818	-0.311039	-1.393562	2.899407	
819	-0.304455	-1.394484	2.896798	
820	-0.298208	-1.395120	2.894827	
821	-0.292797	-1.394802	2.893509	
822	-0.288108	-1.394815	2.891855	
823	-0.283065	-1.394134	2.890370	
824	-0.277730	-1.392711	2.889144	
825	-0.271907	-1.392252	2.886935	
826	-0.266203	-1.390275	2.885420	
827	-0.261700	-1.387557	2.884200	
828	-0.257534	-1.385522	2.881949	
829	-0.245630	-1.379430	2.877869	
830	-0.239692	-1.376472	2.874767	
831	-0.234071	-1.373288	2.871023	
832	-0.227563	-1.368730	2.867629	
833	-0.221292	-1.364514	2.863350	
834	-0.213303	-1.360766	2.857968	
835	-0.205836	-1.355936	2.853570	
836	-0.196845	-1.350726	2.848868	
837	-0.188433	-1.347547	2.842368	
838	-0.179109	-1.343636	2.836253	
839	-0.170403	-1.339133	2.830094	
840	-0.161571	-1.335442	2.823715	
841	-0.144791	-1.328328	2.809767	
842	-0.137196	-1.324763	2.803432	
843	-0.129313	-1.321834	2.795758	
844	-0.121489	-1.317800	2.789679	
845	-0.115888	-1.315549	2.782461	
846	-0.107800	-1.312101	2.776665	
847	-0.100872	-1.308906	2.770198	
848	-0.095616	-1.307278	2.763827	
849	-0.087899	-1.303894	2.758138	
850	-0.081540	-1.304713	2.748636	
851	-0.074324	-1.304199	2.741700	
852	-0.065935	-1.300688	2.737535	
853	-0.062236	-1.301942	2.728943	
854	-0.056538	-1.303030	2.721622	
855	-0.048694	-1.302156	2.715357	
856	-0.044224	-1.301696	2.708510	
857	-0.038973	-1.300888	2.701585	
858	-0.033086	-1.299819	2.694088	
859	-0.026039	-1.298181	2.687538	
860	-0.020083	-1.296161	2.681544	
861	-0.014263	-1.295913	2.674116	
862	-0.008122	-1.295622	2.667637	
863	-0.000650	-1.296249	2.660379	
864	0.006506	-1.297301	2.654265	
865	0.014292	-1.298051	2.648925	
866	0.020606	-1.300087	2.641997	
867	0.028086	-1.301821	2.636197	
868	0.035064	-1.303545	2.630776	
869	0.040710	-1.305848	2.623770	
870	0.045372	-1.308678	2.616134	
871	0.052816	-1.310420	2.610138	
872	0.058734	-1.312616	2.603458	
873	0.064697	-1.314778	2.596072	
874	0.068475	-1.317292	2.587739	
875	0.079712	-1.319288	2.573804	
876	0.083012	-1.321158	2.564814	
877	0.086895	-1.322065	2.557061	
878	0.090211	-1.323228	2.548020	
879	0.098255	-1.322861	2.533283	
880	0.099555	-1.322332	2.524460	
881	0.101008	-1.321953	2.515687	
882	0.105663	-1.319863	2.509442	
883	0.107112	-1.318810	2.501775	
884	0.107768	-1.318650	2.492603	
885	0.107635	-1.316970	2.484113	
886	0.111355	-1.315498	2.475474	
887	0.112234	-1.314207	2.466780	
888	0.115121	-1.312171	2.457828	
889	0.116667	-1.310354	2.449654	
890	0.120073	-1.309157	2.439874	
891	0.122697	-1.308820	2.429575	
892	0.126217	-1.307803	2.420405	
893	0.127934	-1.306796	2.410794	
894	0.130682	-1.306623	2.399338	
895	0.134013	-1.306688	2.389357	
896	0.136421	-1.307267	2.379765	
897	0.140476	-1.308438	2.371461	
898	0.145271	-1.308662	2.364322	
899	0.148795	-1.308151	2.357217	
900	0.151875	-1.307436	2.348891	
901	0.152902	-1.306401	2.340735	
902	0.155879	-1.304619	2.334414	
903	0.159323	-1.302664	2.328026	
904	0.161617	-1.301070	2.320540	
905	0.163541	-1.298785	2.314141	
906	0.166726	-1.296479	2.308647	
907	0.168946	-1.294991	2.301120	
908	0.173675	-1.292660	2.295731	
909	0.177689	-1.290571	2.289092	
910	0.182231	-1.289208	2.285098	
911	0.187056	-1.287323	2.280909	
912	0.191072	-1.285951	2.277457	
913	0.196778	-1.285360	2.275283	
914	0.200353	-1.283494	2.271581	
915	0.204486	-1.281357	2.267762	
916	0.209886	-1.279201	2.265136	
917	0.213145	-1.276797	2.263319	
918	0.214278	-1.274817	2.260261	
919	0.220402	-1.273338	2.257460	
920	0.223629	-1.271156	2.256364	
921	0.225836	-1.269701	2.254389	
922	0.229963	-1.268605	2.252524	
923	0.233969	-1.266823	2.251346	
924	0.237463	-1.265736	2.249765	
925	0.241706	-1.264991	2.249012	
926	0.245620	-1.263716	2.248960	
927	0.251209	-1.263376	2.247685	
928	0.254614	-1.263436	2.248606	
929	0.256835	-1.262550	2.250034	
930	0.260942	-1.262525	2.250223	
931	0.265023	-1.263174	2.251859	
932	0.267672	-1.263295	2.255227	
933	0.271819	-1.264072	2.256132	
934	0.274548	-1.264861	2.259016	
935	0.277532	-1.265324	2.261284	
936	0.280939	-1.266199	2.262538	
937	0.284475	-1.267207	2.264610	
938	0.287998	-1.267564	2.268723	
939	0.290585	-1.268440	2.272445	
940	0.292833	-1.269076	2.275974	
941	0.295937	-1.269451	2.278584	
942	0.299286	-1.270056	2.281546	
943	0.301630	-1.270658	2.284175	
944	0.303638	-1.270690	2.289045	
945	0.306858	-1.270914	2.291788	
946	0.310237	-1.271407	2.295197	
947	0.311564	-1.271571	2.299050	
948	0.314345	-1.272641	2.300941	
949	0.317740	-1.273325	2.304065	
950	0.323979	-1.274893	2.307403	
951	0.325365	-1.275699	2.310994	
952	0.328613	-1.276084	2.313255	
953	0.331254	-1.276153	2.317768	
954	0.331879	-1.275338	2.321036	
955	0.335191	-1.274671	2.324234	
956	0.338191	-1.273794	2.326588	
957	0.340665	-1.272290	2.331924	
958	0.342283	-1.270706	2.336751	
959	0.341442	-1.268686	2.341665	
960	0.344711	-1.268331	2.344900	
961	0.346374	-1.268103	2.350527	
962	0.347151	-1.266561	2.355444	
963	0.351172	-1.267267	2.357115	
964	0.352701	-1.267112	2.363149	
965	0.353143	-1.266466	2.367864	
966	0.358580	-1.267623	2.370361	
967	0.360459	-1.267615	2.375944	
968	0.363464	-1.268321	2.381454	
969	0.369536	-1.271176	2.384938	
970	0.372523	-1.272368	2.391106	
971	0.374808	-1.273181	2.398023	
972	0.380090	-1.276666	2.403573	
973	0.382863	-1.278205	2.412622	
974	0.383770	-1.276778	2.418581	
975	0.387627	-1.279485	2.424306	
976	0.389089	-1.280219	2.434088	
977	0.393032	-1.281130	2.438044	
978	0.397865	-1.284532	2.445831	
979	0.396532	-1.283469	2.454264	
980	0.398295	-1.283441	2.454694	
981	0.404355	-1.285315	2.460808	
982	0.405134	-1.284948	2.469043	
983	0.407567	-1.285621	2.471021	
984	0.410522	-1.286715	2.476983	
985	0.410850	-1.286522	2.483084	
986	0.411911	-1.286901	2.485734	
987	0.414007	-1.287455	2.491115	
988	0.416482	-1.288562	2.495580	
989	0.419096	-1.289997	2.498098	
990	0.421795	-1.289978	2.504433	
991	0.422510	-1.289920	2.509030	
992	0.424275	-1.291113	2.513228	
993	0.425383	-1.289348	2.518807	
994	0.427791	-1.289194	2.522794	
995	0.430522	-1.289882	2.525446	
996	0.432280	-1.287831	2.530471	
997	0.432852	-1.284920	2.539194	
998	0.435430	-1.284513	2.542235	
999	0.437340	-1.282632	2.548042	
1000	0.440511	-1.280510	2.559605	
1001	0.442007	-1.278001	2.569877	
1002	0.442842	-1.277204	2.578173	
1003	0.443211	-1.278093	2.583282	
1004	0.442437	-1.276359	2.589963	
1005	0.441366	-1.275639	2.594467	
1006	0.441126	-1.274214	2.599845	
1007	0.441627	-1.273476	2.602742	
1008	0.442038	-1.273389	2.606272	
1009	0.442078	-1.272914	2.609262	
1010	0.443024	-1.273362	2.610511	
1011	0.444100	-1.273877	2.613605	
1012	0.443820	-1.273220	2.616901	
1013	0.443783	-1.272468	2.619814	
1014	0.445434	-1.273092	2.620589	
1015	0.447640	-1.275476	2.624661	
1016	0.446392	-1.274196	2.627995	
1017	0.447730	-1.274475	2.629519	
1018	0.449967	-1.275806	2.631513	
1019	0.452106	-1.273992	2.633546	
1020	0.454176	-1.274326	2.633323	
1021	0.452576	-1.270524	2.634329	
1022	0.455152	-1.270462	2.634274	
1023	0.455590	-1.264761	2.633201	
1024	0.458602	-1.259654	2.631474	
1025	0.458011	-1.254494	2.630348	
1026	0.458726	-1.250465	2.628971	
1027	0.461811	-1.248319	2.627087	
1028	0.462451	-1.244414	2.626911	
1029	0.464259	-1.241137	2.627600	
1030	0.467024	-1.237904	2.627254	
1031	0.466276	-1.231940	2.626975	
1032	0.468571	-1.228287	2.627110	
1033	0.471730	-1.226937	2.628053	
1034	0.472281	-1.221797	2.628232	
1035	0.475303	-1.218805	2.627839	
1036	0.479100	-1.217500	2.628684	
1037	0.480797	-1.213823	2.628008	
1038	0.481902	-1.210161	2.628717	
1039	0.485588	-1.208558	2.628041	
1040	0.487817	-1.206547	2.627716	
1041	0.489528	-1.203310	2.625957	
1042	0.491081	-1.200295	2.624140	
1043	0.493672	-1.198907	2.621658	
1044	0.494928	-1.196643	2.619805	
1045	0.496395	-1.194901	2.618490	
1046	0.498369	-1.193341	2.617244	
1047	0.499769	-1.189337	2.616092	
1048	0.502038	-1.188607	2.615461	
1049	0.502932	-1.187210	2.615203	
1050	0.503645	-1.187251	2.616997	
1051	0.504912	-1.184743	2.614980	
1052	0.505809	-1.182975	2.614404	
1053	0.506052	-1.181960	2.615592	
1054	0.506725	-1.180787	2.616241	
1055	0.507214	-1.179470	2.617151	
1056	0.507460	-1.177368	2.617723	
1057	0.507365	-1.175494	2.619346	
1058	0.507480	-1.174023	2.621485	
1059	0.506641	-1.173603	2.625519	
1060	0.507397	-1.173457	2.628389	
1061	0.507010	-1.175112	2.633977	
1062	0.504850	-1.174731	2.638903	
1063	0.505373	-1.175682	2.642612	
1064	0.506154	-1.173418	2.642329	
1065	0.504935	-1.169991	2.642518	
1066	0.507774	-1.170945	2.643735	
1067	0.507801	-1.171518	2.647438	
1068	0.506588	-1.168833	2.649154	
1069	0.508176	-1.169712	2.652297	
1070	0.509419	-1.168567	2.653138	
1071	0.506853	-1.164926	2.655926	
1072	0.509192	-1.156467	2.647772	
1073	0.508667	-1.156196	2.652173	
1074	0.506447	-1.150049	2.652052	
1075	0.507128	-1.145886	2.651146	
1076	0.505992	-1.145744	2.656585	
1077	0.504097	-1.143205	2.660299	
1078	0.502922	-1.142290	2.665009	
1079	0.502196	-1.140896	2.668019	
1080	0.501310	-1.141392	2.673075	
1081	0.498390	-1.139978	2.678766	
1082	0.499684	-1.139949	2.680644	
1083	0.499720	-1.140429	2.684560	
1084	0.496922	-1.137847	2.688100	
1085	0.499800	-1.138880	2.687668	
1086	0.499781	-1.138807	2.689009	
1087	0.497070	-1.136384	2.691212	
1088	0.498722	-1.137949	2.691022	
1089	0.496038	-1.136256	2.692424	
1090	0.492554	-1.136234	2.696000	
1091	0.493414	-1.138547	2.695424	
1092	0.490208	-1.137920	2.696542	
1093	0.487215	-1.137426	2.697262	
1094	0.487552	-1.139942	2.695572	
1095	0.482743	-1.139693	2.698498	
1096	0.481955	-1.141360	2.697523	
1097	0.480654	-1.143816	2.698076	
1098	0.476210	-1.141919	2.698285	
1099	0.476090	-1.144302	2.696770	
1100	0.472300	-1.148148	2.702147	
1101	0.466165	-1.152069	2.706001	
1102	0.462296	-1.155813	2.712072	
1103	0.458631	-1.159004	2.717556	
1104	0.454876	-1.159699	2.719795	
1105	0.450296	-1.159943	2.722172	
1106	0.446183	-1.162019	2.726396	
1107	0.442680	-1.163011	2.728150	
1108	0.437984	-1.164002	2.731959	
1109	0.433848	-1.166577	2.736760	
1110	0.429514	-1.168058	2.739627	
1111	0.425179	-1.172008	2.746099	
1112	0.420878	-1.177062	2.752806	
1113	0.416646	-1.181432	2.758153	
1114	0.411503	-1.183020	2.760260	
1115	0.407534	-1.188682	2.766754	
1116	0.395552	-1.196070	2.779715	
1117	0.391418	-1.200933	2.784386	
1118	0.385659	-1.203266	2.787542	
1119	0.379210	-1.205018	2.791014	
1120	0.374396	-1.208637	2.794271	
1121	0.368692	-1.214368	2.804733	
1122	0.362070	-1.214074	2.804546	
1123	0.357360	-1.217083	2.806909	
1124	0.351673	-1.221840	2.816769	
1125	0.345743	-1.222070	2.819187	
1126	0.341530	-1.224957	2.823043	
1127	0.336726	-1.226665	2.828597	
1128	0.333130	-1.229213	2.832192	
1129	0.329480	-1.231240	2.835204	
1130	0.325381	-1.231590	2.837358	
1131	0.322959	-1.233919	2.839759	
1132	0.320517	-1.236334	2.843796	
1133	0.318188	-1.237791	2.844618	
1134	0.317185	-1.239324	2.843542	
1135	0.316039	-1.242033	2.846002	
1136	0.315141	-1.244119	2.846521	
1137	0.314252	-1.245814	2.848105	
1138	0.313629	-1.247339	2.847291	
1139	0.312081	-1.247586	2.848018	
1140	0.311085	-1.247599	2.847275	
1141	0.310881	-1.249633	2.848580	
1142	0.308826	-1.248482	2.848436	
1143	0.308085	-1.249808	2.850645	
1144	0.306936	-1.250387	2.851613	
1145	0.305373	-1.250950	2.854451	
1146	0.303636	-1.250931	2.856081	
1147	0.301709	-1.251786	2.861550	
1148	0.299101	-1.251893	2.864913	
1149	0.297157	-1.252612	2.868436	
1150	0.296040	-1.254983	2.873002	
1151	0.292234	-1.254977	2.877921	
1152	0.290937	-1.257444	2.881767	
1153	0.289538	-1.260715	2.885994	
1154	0.286259	-1.262993	2.891748	
1155	0.284569	-1.265320	2.893183	
1156	0.281822	-1.267071	2.894680	
1157	0.279064	-1.269533	2.897036	
1158	0.277445	-1.274073	2.900724	
1159	0.274789	-1.276187	2.903535	
1160	0.272779	-1.279259	2.904974	
1161	0.270175	-1.282650	2.908103	
1162	0.267988	-1.286293	2.911671	
1163	0.266455	-1.290296	2.912358	
1164	0.263260	-1.292599	2.916052	
1165	0.260670	-1.295351	2.915552	
1166	0.259428	-1.299795	2.919076	
1167	0.257297	-1.302787	2.922384	
1168	0.256034	-1.306725	2.924664	
1169	0.254789	-1.310410	2.927766	
1170	0.253080	-1.313115	2.931005	
1171	0.251782	-1.316247	2.934340	
1172	0.250718	-1.319271	2.936697	
1173	0.248596	-1.321596	2.939777	
1174	0.246002	-1.323502	2.942760	
1175	0.245049	-1.326742	2.943842	
1176	0.242477	-1.328595	2.949884	
1177	0.239598	-1.329769	2.951970	
1178	0.238043	-1.332156	2.955682	
1179	0.235056	-1.333292	2.959233	
1180	0.232574	-1.335173	2.964055	
1181	0.230622	-1.338271	2.968428	
1182	0.228488	-1.341981	2.974515	
1183	0.226020	-1.345310	2.979086	
1184	0.223704	-1.349138	2.983057	
1185	0.219460	-1.352255	2.988341	
1186	0.216061	-1.356302	2.991678	
1187	0.212325	-1.360961	2.998186	
1188	0.207567	-1.364666	3.004074	
1189	0.204091	-1.369454	3.007559	
1190	0.200179	-1.374404	3.013096	
1191	0.194809	-1.378199	3.018971	
1192	0.190803	-1.383359	3.023050	
1193	0.185134	-1.388239	3.029399	
1194	0.178512	-1.392418	3.035668	
1195	0.174220	-1.398657	3.041424	
1196	0.168816	-1.403930	3.047892	
1197	0.164169	-1.408931	3.054020	
1198	0.159703	-1.414173	3.060576	
1199	0.155272	-1.419332	3.067162	
1200	0.150857	-1.424609	3.073548	
1201	0.146403	-1.429776	3.079700	
1202	0.138459	-1.440332	3.094909	
1203	0.134989	-1.445715	3.102510	
1204	0.131536	-1.451122	3.109878	
1205	0.128670	-1.456435	3.117039	
1206	0.126682	-1.461839	3.125633	
1207	0.123980	-1.465958	3.134121	
1208	0.122378	-1.470790	3.141119	
1209	0.120627	-1.475632	3.149454	
1210	0.119254	-1.480715	3.158530	
1211	0.117091	-1.484929	3.164135	
1212	0.114841	-1.488774	3.171391	
1213	0.112239	-1.496221	3.183530	
1214	0.111589	-1.499902	3.189893	
1215	0.111732	-1.503510	3.194404	
1216	0.112995	-1.508003	3.201297	
1217	0.114854	-1.511841	3.207326	
1218	0.116544	-1.515097	3.213789	
1219	0.119429	-1.518619	3.219029	
1220	0.122794	-1.522112	3.224863	
1221	0.127324	-1.525641	3.231102	
1222	0.131339	-1.528027	3.236789	
1223	0.136182	-1.530876	3.242768	
1224	0.141702	-1.533141	3.250121	
1225	0.148121	-1.535428	3.256436	
1226	0.155635	-1.537820	3.263676	
1227	0.162664	-1.539592	3.271930	
1228	0.170804	-1.541672	3.279184	
1229	0.179081	-1.544534	3.285779	
1230	0.188177	-1.547452	3.295604	
1231	0.196348	-1.550003	3.302266	
1232	0.205716	-1.553859	3.309555	
1233	0.213788	-1.556953	3.315842	
1234	0.222086	-1.560903	3.321508	
1235	0.230927	-1.564759	3.327890	
1236	0.238969	-1.568340	3.332542	
1237	0.246980	-1.571736	3.337705	
1238	0.254855	-1.574897	3.343033	
1239	0.262004	-1.577561	3.348805	
1240	0.268644	-1.581200	3.354548	
1241	0.275393	-1.585708	3.359708	
1242	0.281626	-1.589469	3.366125	
1243	0.286751	-1.593488	3.369973	
1244	0.292734	-1.597304	3.375460	
1245	0.298552	-1.601113	3.381038	
1246	0.303582	-1.605354	3.385012	
1247	0.310327	-1.609638	3.391994	
1248	0.315966	-1.614022	3.397149	
1249	0.322153	-1.619358	3.401947	
1250	0.333184	-1.627179	3.409811	
1251	0.339414	-1.632214	3.415127	
1252	0.345722	-1.637456	3.420932	
1253	0.353391	-1.642793	3.426952	
1254	0.368320	-1.654380	3.440525	
1255	0.375878	-1.660612	3.447206	
1256	0.381741	-1.665559	3.454208	
1257	0.389385	-1.670868	3.460599	
1258	0.395647	-1.674940	3.468082	
1259	0.402030	-1.678315	3.475548	
1260	0.408814	-1.683074	3.480174	
1261	0.416022	-1.687418	3.485136	
1262	0.422607	-1.691371	3.491115	
1263	0.429309	-1.695125	3.495834	
1264	0.435673	-1.698142	3.499810	
1265	0.442441	-1.700867	3.504363	
1266	0.449818	-1.703466	3.508229	
1267	0.459296	-1.706521	3.511811	
1268	0.468521	-1.709109	3.515948	
1269	0.477860	-1.711342	3.519810	
1270	0.487311	-1.713748	3.522933	
1271	0.497580	-1.715135	3.526879	
1272	0.507858	-1.716558	3.530606	
1273	0.520059	-1.718568	3.532741	
1274	0.531294	-1.719673	3.535954	
1275	0.542700	-1.720296	3.538916	
1276	0.554795	-1.722024	3.540424	
1277	0.567418	-1.722691	3.543220	
1278	0.579601	-1.723552	3.545372	
1279	0.591180	-1.723209	3.548533	
1280	0.604221	-1.723604	3.550223	
1281	0.615530	-1.723946	3.552585	
1282	0.627898	-1.724445	3.553645	
1283	0.639433	-1.725100	3.554653	
1284	0.651676	-1.726834	3.554605	
1285	0.664375	-1.727983	3.556001	
1286	0.677553	-1.729185	3.557596	
1287	0.689805	-1.730717	3.558261	
1288	0.701465	-1.732055	3.558815	
1289	0.714554	-1.732805	3.560064	
1290	0.727889	-1.734158	3.560494	
1291	0.741236	-1.733966	3.561889	
1292	0.752142	-1.735199	3.561480	
1293	0.765374	-1.736114	3.562002	
1294	0.777343	-1.737472	3.561966	
1295	0.789217	-1.738916	3.562195	
1296	0.802321	-1.740082	3.562259	
1297	0.814368	-1.740003	3.563402	
1298	0.823595	-1.741043	3.563730	
1299	0.837183	-1.742664	3.563931	
1300	0.849689	-1.743135	3.565723	
1301	0.861745	-1.744497	3.566908	
1302	0.876301	-1.746076	3.568268	
1303	0.887268	-1.746950	3.571506	
1304	0.899060	-1.748934	3.573576	
1305	0.913861	-1.749665	3.577559	
1306	0.926376	-1.750737	3.580926	
1307	0.939394	-1.753106	3.584903	
1308	0.951144	-1.755745	3.588982	
1309	0.960228	-1.758163	3.595065	
1310	0.973742	-1.760462	3.599991	
1311	0.987288	-1.762647	3.606165	
1312	0.997671	-1.764839	3.612506	
1313	1.010020	-1.768486	3.616391	
1314	1.021865	-1.771138	3.621712	
1315	1.030369	-1.773480	3.627022	
1316	1.040272	-1.776548	3.630744	
1317	1.048868	-1.778643	3.635517	
1318	1.066373	-1.781917	3.644694	
1319	1.074552	-1.783706	3.648476	
1320	1.084099	-1.784651	3.652821	
1321	1.092342	-1.785941	3.656230	
1322	1.102594	-1.787567	3.658731	
1323	1.117526	-1.787110	3.661693	
1324	1.126887	-1.788045	3.663919	
1325	1.137513	-1.789806	3.665129	
1326	1.147834	-1.789581	3.667916	
1327	1.157842	-1.790312	3.669076	
1328	1.168726	-1.791421	3.669331	
1329	1.179538	-1.790547	3.670257	
1330	1.190864	-1.791199	3.669665	
1331	1.202152	-1.790507	3.668816	
1332	1.213391	-1.789738	3.667836	
1333	1.226316	-1.786945	3.668698	
1334	1.250765	-1.784180	3.664489	
1335	1.264452	-1.780690	3.663824	
1336	1.275897	-1.777238	3.663568	
1337	1.306243	-1.772477	3.660196	
1338	1.333264	-1.769248	3.653957	
1339	1.348185	-1.765136	3.651457	
1340	1.358407	-1.761681	3.649573	
1341	1.370991	-1.760521	3.644572	
1342	1.381718	-1.758772	3.640825	
1343	1.393709	-1.757585	3.636130	
1344	1.404201	-1.757876	3.630579	
1345	1.421573	-1.753602	3.626485	
1346	1.424091	-1.754668	3.622467	
1347	1.440268	-1.751792	3.617151	
1348	1.444918	-1.750717	3.614334	
1349	1.451361	-1.750749	3.608809	
1350	1.461592	-1.749164	3.604148	
1351	1.471323	-1.745737	3.600800	
1352	1.477813	-1.746525	3.595121	
1353	1.487174	-1.744756	3.590283	
1354	1.496243	-1.742265	3.586745	
1355	1.504879	-1.741498	3.580769	
1356	1.515870	-1.738952	3.575602	
1357	1.525013	-1.736363	3.572208	
1358	1.536756	-1.734325	3.566341	
1359	1.548325	-1.731410	3.561945	
1360	1.557654	-1.729002	3.558941	
1361	1.569715	-1.726815	3.555712	
1362	1.583763	-1.723968	3.551011	
1363	1.594133	-1.720343	3.549216	
1364	1.605742	-1.718809	3.545821	
1365	1.619549	-1.716072	3.542589	
1366	1.631606	-1.713247	3.539794	
1367	1.641994	-1.712225	3.535430	
1368	1.654674	-1.708764	3.532178	
1369	1.663846	-1.706648	3.528865	
1370	1.675115	-1.703927	3.524645	
1371	1.686053	-1.699799	3.522667	
1372	1.695745	-1.697411	3.519099	
1373	1.705556	-1.694866	3.515376	
1374	1.714510	-1.691504	3.511716	
1375	1.722978	-1.689014	3.507884	
1376	1.730917	-1.686334	3.504001	
1377	1.739506	-1.683308	3.498944	
1378	1.747914	-1.680515	3.494122	
1379	1.755037	-1.677546	3.489175	
1380	1.763326	-1.673634	3.483704	
1381	1.773016	-1.667375	3.479043	
1382	1.778022	-1.663835	3.475064	
1383	1.784603	-1.660381	3.468229	
1384	1.794281	-1.653367	3.461703	
1385	1.799218	-1.649901	3.454756	
1386	1.807078	-1.644462	3.446869	
1387	1.815461	-1.638139	3.438159	
1388	1.821107	-1.634232	3.428862	
1389	1.828437	-1.628629	3.419663	
1390	1.833648	-1.622993	3.413639	
1391	1.841814	-1.617835	3.404451	
1392	1.851662	-1.612673	3.393657	
1393	1.858289	-1.606355	3.386877	
1394	1.864171	-1.602250	3.380110	
1395	1.877398	-1.594213	3.366202	
1396	1.889365	-1.584578	3.351243	
1397	1.896380	-1.579540	3.343375	
1398	1.902361	-1.574746	3.336622	
1399	1.908765	-1.572115	3.327250	
1400	1.915524	-1.567679	3.319607	
1401	1.921750	-1.564089	3.312432	
1402	1.928366	-1.561143	3.303097	
1403	1.933912	-1.558242	3.294579	
1404	1.939779	-1.554920	3.285602	
1405	1.944939	-1.550457	3.278977	
1406	1.950854	-1.545534	3.273725	
1407	1.956905	-1.541630	3.265768	
1408	1.963846	-1.536822	3.257716	
1409	1.970834	-1.530781	3.251746	
1410	1.978056	-1.525416	3.243938	
1411	1.986258	-1.519320	3.235251	
1412	1.993568	-1.513639	3.227105	
1413	2.002556	-1.508927	3.217556	
1414	2.012245	-1.501825	3.210268	
1415	2.020500	-1.496016	3.204126	
1416	2.030238	-1.490152	3.197669	
1417	2.040450	-1.483530	3.191010	
1418	2.050136	-1.477071	3.186590	
1419	2.059457	-1.471098	3.180410	
1420	2.070541	-1.464888	3.173054	
1421	2.080705	-1.458303	3.166441	
1422	2.090669	-1.452682	3.159497	
1423	2.098842	-1.447053	3.154370	
1424	2.114360	-1.438008	3.140839	
1425	2.120547	-1.433095	3.136150	
1426	2.126487	-1.429980	3.130699	
1427	2.132905	-1.426926	3.122944	
1428	2.139215	-1.422856	3.115907	
1429	2.144346	-1.418564	3.110403	
1430	2.148836	-1.414550	3.106957	
1431	2.153369	-1.410699	3.102025	
1432	2.158288	-1.407561	3.093997	
1433	2.163595	-1.402691	3.087169	
1434	2.167606	-1.397201	3.083000	
1435	2.171432	-1.392049	3.078195	
1436	2.175820	-1.386511	3.072522	
1437	2.178285	-1.383493	3.064399	
1438	2.181343	-1.379069	3.057163	
1439	2.184239	-1.373578	3.052595	
1440	2.187190	-1.368361	3.046075	
1441	2.191116	-1.363029	3.036951	
1442	2.194080	-1.357900	3.029400	
1443	2.196455	-1.353077	3.021991	
1444	2.200381	-1.347319	3.011347	
1445	2.204148	-1.342240	2.999264	
1446	2.206361	-1.338036	2.992878	
1447	2.208444	-1.334442	2.981460	
1448	2.212705	-1.328496	2.967113	
1449	2.214124	-1.323900	2.963552	
1450	2.214941	-1.320915	2.956168	
1451	2.219627	-1.312246	2.944702	
1452	2.221645	-1.305549	2.936631	
1453	2.220008	-1.303643	2.927350	
1454	2.221762	-1.297300	2.916269	
1455	2.224220	-1.288969	2.907959	
1456	2.224648	-1.283582	2.900613	
1457	2.226463	-1.278098	2.890068	
1458	2.227964	-1.272106	2.881050	
1459	2.229897	-1.265580	2.872299	
1460	2.232388	-1.258158	2.867074	
1461	2.234090	-1.253686	2.856254	
1462	2.236667	-1.248407	2.845366	
1463	2.240051	-1.241336	2.841050	
1464	2.241579	-1.237242	2.829344	
1465	2.245931	-1.230305	2.819969	
1466	2.248847	-1.223645	2.814813	
1467	2.249876	-1.220432	2.803180	
1468	2.254585	-1.213781	2.791884	
1469	2.257206	-1.209579	2.780972	
1470	2.260010	-1.206649	2.769393	
1471	2.269243	-1.195904	2.753363	
1472	2.273036	-1.192505	2.744578	
1473	2.278218	-1.188158	2.738048	
1474	2.283390	-1.184173	2.727275	
1475	2.288973	-1.180532	2.718414	
1476	2.294509	-1.177040	2.708776	
1477	2.299972	-1.173189	2.698455	
1478	2.306293	-1.166662	2.688549	
1479	2.312266	-1.161080	2.681786	
1480	2.316566	-1.156788	2.672061	
1481	2.322153	-1.150325	2.663136	
1482	2.325657	-1.146353	2.655702	
1483	2.329595	-1.141816	2.647899	
1484	2.333389	-1.136103	2.637993	
1485	2.337334	-1.129764	2.632861	
1486	2.339996	-1.125856	2.624129	
1487	2.342670	-1.120508	2.615285	
1488	2.345946	-1.115031	2.609760	
1489	2.347064	-1.111357	2.600705	
1490	2.349305	-1.105898	2.590623	
1491	2.350049	-1.100527	2.581585	
1492	2.350840	-1.095484	2.571389	
1493	2.352827	-1.084629	2.553693	
1494	2.352973	-1.080642	2.542831	
1495	2.353322	-1.074255	2.533728	
1496	2.353719	-1.067847	2.528720	
1497	2.353847	-1.061915	2.521195	
1498	2.351178	-1.059023	2.506782	
1499	2.351064	-1.050731	2.499560	
1500	2.350700	-1.043074	2.493391	
1501	2.350408	-1.034421	2.483771	
1502	2.349559	-1.026449	2.476284	
1503	2.348407	-1.019633	2.466424	
1504	2.347271	-1.013536	2.454735	
1505	2.345950	-1.008675	2.442517	
1506	2.343999	-1.004819	2.429893	
1507	2.343180	-0.998821	2.417640	
1508	2.342465	-0.992596	2.406483	
1509	2.342170	-0.986506	2.396422	
1510	2.340623	-0.980841	2.384016	
1511	2.339652	-0.974877	2.374640	
1512	2.338597	-0.969242	2.365462	
1513	2.336104	-0.966106	2.355425	
1514	2.335741	-0.959396	2.346585	
1515	2.334921	-0.953894	2.339188	
1516	2.332793	-0.950841	2.328747	
1517	2.330690	-0.946440	2.321468	
1518	2.328672	-0.943067	2.314238	
1519	2.327200	-0.939248	2.307848	
1520	2.326229	-0.933861	2.301589	
1521	2.325161	-0.930192	2.295361	
1522	2.324685	-0.927188	2.289986	
1523	2.325021	-0.923020	2.284897	
1524	2.325552	-0.918885	2.280139	
1525	2.325456	-0.916842	2.273477	
1526	2.324931	-0.914444	2.264726	
1527	2.326170	-0.911157	2.258559	
1528	2.326617	-0.908500	2.250365	
1529	2.328001	-0.904478	2.242632	
1530	2.330506	-0.899603	2.234623	
1531	2.333927	-0.893414	2.227028	
1532	2.337597	-0.887255	2.218008	
1533	2.341324	-0.881450	2.209215	
1534	2.343997	-0.876997	2.199576	
1535	2.347340	-0.872322	2.189641	
1536	2.351563	-0.865327	2.180055	
1537	2.355435	-0.860972	2.171080	
1538	2.359272	-0.855534	2.161488	
1539	2.363125	-0.851143	2.153207	
1540	2.366773	-0.846583	2.144272	
1541	2.370427	-0.841638	2.133994	
1542	2.375066	-0.836585	2.127179	
1543	2.378451	-0.832652	2.119572	
1544	2.381651	-0.830010	2.110574	
1545	2.385823	-0.824113	2.103634	
1546	2.389241	-0.819410	2.096747	
1547	2.392180	-0.815868	2.088168	
1548	2.395251	-0.810694	2.080492	
1549	2.397468	-0.805585	2.071669	
1550	2.400906	-0.800239	2.063787	
1551	2.403963	-0.793812	2.054930	
1552	2.405682	-0.789498	2.046659	
1553	2.406967	-0.785969	2.037635	
1554	2.408459	-0.781131	2.029294	
1555	2.409762	-0.776289	2.020457	
1556	2.410873	-0.771476	2.012061	
1557	2.411956	-0.766132	2.004012	
1558	2.412389	-0.762745	1.995785	
1559	2.412351	-0.758448	1.986662	
1560	2.414294	-0.750885	1.978861	
1561	2.414741	-0.746155	1.970195	
1562	2.414827	-0.740338	1.959150	
1563	2.414715	-0.734917	1.949727	
1564	2.415004	-0.723078	1.929074	
1565	2.415796	-0.717149	1.919912	
1566	2.416639	-0.711598	1.910385	
1567	2.418165	-0.704854	1.899629	
1568	2.420580	-0.699096	1.889783	
1569	2.423459	-0.691012	1.880009	
1570	2.425826	-0.686013	1.871528	
1571	2.427817	-0.682180	1.861829	
1572	2.430305	-0.677474	1.852352	
1573	2.431682	-0.673768	1.844118	
1574	2.433002	-0.670831	1.835420	
1575	2.436216	-0.665577	1.828610	
1576	2.436457	-0.664435	1.817708	
1577	2.439679	-0.660888	1.810729	
1578	2.441938	-0.658437	1.803299	
1579	2.446247	-0.653062	1.784845	
1580	2.448811	-0.649682	1.776376	
1581	2.450707	-0.647933	1.767488	
1582	2.454113	-0.644485	1.759118	
1583	2.458380	-0.640185	1.749963	
1584	2.461259	-0.637208	1.739608	
1585	2.465667	-0.633006	1.731003	
1586	2.468378	-0.629142	1.719331	
1587	2.472939	-0.623910	1.709438	
1588	2.477132	-0.619759	1.699624	
1589	2.480950	-0.615100	1.688376	
1590	2.485275	-0.610814	1.677764	
1591	2.488808	-0.607965	1.666864	
1592	2.493614	-0.602521	1.655944	
1593	2.497810	-0.599668	1.646719	
1594	2.501740	-0.595364	1.636468	
1595	2.506617	-0.590007	1.626151	
1596	2.511201	-0.583333	1.617124	
1597	2.515618	-0.578485	1.607535	
1598	2.520832	-0.571518	1.599559	
1599	2.524682	-0.564489	1.590121	
1600	2.528647	-0.559015	1.582662	
1601	2.532126	-0.552060	1.574001	
1602	2.534764	-0.546261	1.566845	
1603	2.538218	-0.540213	1.560117	
1604	2.539848	-0.534144	1.552842	
1605	2.541984	-0.528568	1.547133	
1606	2.543582	-0.521306	1.540520	
1607	2.544121	-0.516420	1.535007	
1608	2.544624	-0.511775	1.528399	
1609	2.545629	-0.505807	1.522872	
1610	2.544830	-0.500964	1.515390	
1611	2.545372	-0.496287	1.510392	
1612	2.543705	-0.491348	1.502716	
1613	2.542078	-0.486130	1.496423	
1614	2.538567	-0.474467	1.481231	
1615	2.535336	-0.468564	1.471316	
1616	2.532090	-0.463683	1.463394	
1617	2.529607	-0.456593	1.454948	
1618	2.526056	-0.451046	1.446048	
1619	2.521620	-0.444844	1.436698	
1620	2.518332	-0.437597	1.428419	
1621	2.514573	-0.432146	1.419940	
1622	2.510310	-0.427996	1.412391	
1623	2.505486	-0.423363	1.403456	
1624	2.501507	-0.418322	1.395708	
1625	2.496473	-0.412630	1.386673	
1626	2.492241	-0.409327	1.379663	
1627	2.485755	-0.406850	1.371018	
1628	2.480653	-0.403884	1.363993	
1629	2.475265	-0.401196	1.356507	
1630	2.469793	-0.399191	1.349434	
1631	2.465564	-0.397191	1.342306	
1632	2.460945	-0.394628	1.333769	
1633	2.456907	-0.392951	1.325499	
1634	2.453262	-0.389741	1.317247	
1635	2.450302	-0.387789	1.310501	
1636	2.445888	-0.386645	1.303112	
1637	2.442527	-0.383014	1.297483	
1638	2.438359	-0.382040	1.290899	
1639	2.434336	-0.379203	1.285633	
1640	2.430765	-0.377195	1.280900	
1641	2.424956	-0.376052	1.274937	
1642	2.421059	-0.373119	1.270529	
1643	2.417875	-0.371024	1.266981	
1644	2.412499	-0.370258	1.262782	
1645	2.409341	-0.368349	1.260375	
1646	2.405457	-0.367743	1.258526	
1647	2.400477	-0.365645	1.255136	
1648	2.398148	-0.362219	1.255428	
1649	2.394792	-0.357732	1.254667	
1650	2.390262	-0.356942	1.253172	
1651	2.386172	-0.354557	1.251637	
1652	2.379385	-0.352407	1.247378	
1653	2.374630	-0.349919	1.245255	
1654	2.370541	-0.347858	1.244390	
1655	2.364512	-0.346129	1.241954	
1656	2.358528	-0.344285	1.239442	
1657	2.352517	-0.340496	1.238274	
1658	2.345851	-0.339510	1.236527	
1659	2.338603	-0.337502	1.234397	
1660	2.331470	-0.336432	1.232705	
1661	2.322576	-0.334920	1.230059	
1662	2.314010	-0.333743	1.227847	
1663	2.305712	-0.332059	1.225898	
1664	2.294910	-0.331483	1.222407	
1665	2.285985	-0.330668	1.220635	
1666	2.278090	-0.329155	1.218688	
1667	2.268687	-0.329775	1.216710	
1668	2.256913	-0.330018	1.211835	
1669	2.248663	-0.329687	1.209744	
1670	2.239172	-0.329354	1.207495	
1671	2.226729	-0.328048	1.203641	
1672	2.216304	-0.327949	1.201878	
1673	2.206069	-0.328463	1.201406	
1674	2.193062	-0.328126	1.199273	
1675	2.181273	-0.327417	1.197406	
1676	2.170950	-0.326631	1.196715	
1677	2.158470	-0.326026	1.194906	
1678	2.147528	-0.323987	1.193856	
1679	2.138008	-0.323490	1.194309	
1680	2.127889	-0.322732	1.194037	
1681	2.118055	-0.321005	1.193394	
1682	2.109267	-0.320959	1.193643	
1683	2.100828	-0.318881	1.193283	
1684	2.093027	-0.317192	1.193174	
1685	2.084939	-0.316514	1.192617	
1686	2.077520	-0.315372	1.191129	
1687	2.070928	-0.313460	1.190513	
1688	2.056597	-0.310810	1.188409	
1689	2.050452	-0.309189	1.188183	
1690	2.043467	-0.307856	1.186425	
1691	2.036617	-0.305672	1.184507	
1692	2.029716	-0.302938	1.182621	
1693	2.023884	-0.298513	1.180935	
1694	2.016769	-0.294816	1.178409	
1695	2.010098	-0.290705	1.176144	
1696	2.002981	-0.287132	1.172680	
1697	1.997293	-0.281906	1.170131	
1698	1.990985	-0.277862	1.166245	
1699	1.984638	-0.273838	1.162263	
1700	1.979346	-0.269561	1.158905	
1701	1.974859	-0.264723	1.155948	
1702	1.968442	-0.260749	1.151437	
1703	1.963780	-0.256048	1.148049	
1704	1.957606	-0.252768	1.142564	
1705	1.951845	-0.248897	1.137278	
1706	1.947854	-0.245012	1.133558	
1707	1.941833	-0.241676	1.127969	
1708	1.936725	-0.237436	1.123205	
1709	1.931852	-0.234442	1.118989	
1710	1.925004	-0.231356	1.114146	
1711	1.918712	-0.227158	1.109569	
1712	1.913712	-0.223410	1.106245	
1713	1.907453	-0.221616	1.102334	
1714	1.899879	-0.217834	1.097499	
1715	1.892771	-0.214910	1.093375	
1716	1.884934	-0.212239	1.088600	
1717	1.877568	-0.209182	1.084551	
1718	1.869434	-0.206555	1.079828	
1719	1.860455	-0.203606	1.075047	
1720	1.851779	-0.200404	1.070827	
1721	1.842837	-0.198268	1.066283	
1722	1.833803	-0.195633	1.062542	
1723	1.823279	-0.192822	1.058068	
1724	1.813382	-0.191022	1.054288	
1725	1.801821	-0.189156	1.049951	
1726	1.790577	-0.186897	1.045909	
1727	1.782022	-0.185395	1.042994	
1728	1.772487	-0.183311	1.040155	
1729	1.754518	-0.179231	1.034656	
1730	1.745510	-0.177529	1.032354	
1731	1.737080	-0.175627	1.030610	
1732	1.728907	-0.174083	1.028657	
1733	1.721411	-0.173359	1.027812	
1734	1.714059	-0.172125	1.026623	
1735	1.707453	-0.169506	1.025263	
1736	1.700693	-0.168169	1.023909	
1737	1.693826	-0.167837	1.021978	
1738	1.687725	-0.166542	1.020113	
1739	1.681112	-0.165849	1.018396	
1740	1.676494	-0.165341	1.017948	
1741	1.669621	-0.163752	1.016182	
1742	1.665360	-0.162571	1.015501	
1743	1.659484	-0.160789	1.014073	
1744	1.654864	-0.159632	1.013220	
1745	1.648990	-0.158166	1.010505	
1746	1.644232	-0.157565	1.008504	
1747	1.637936	-0.155892	1.005914	
1748	1.633265	-0.155899	1.003424	
1749	1.627362	-0.154750	1.000124	
1750	1.621659	-0.152091	0.996872	
1751	1.616615	-0.150232	0.993852	
1752	1.610854	-0.148641	0.990182	
1753	1.604668	-0.145411	0.986319	
1754	1.598102	-0.141570	0.981716	
1755	1.591947	-0.139633	0.976875	
1756	1.585610	-0.134640	0.971840	
1757	1.580120	-0.131330	0.967134	
1758	1.566665	-0.124121	0.954987	
1759	1.560897	-0.120830	0.949443	
1760	1.554664	-0.117297	0.943328	
1761	1.548039	-0.113744	0.937153	
1762	1.542118	-0.110915	0.930573	
1763	1.536178	-0.107729	0.924818	
1764	1.530698	-0.102948	0.919205	
1765	1.525592	-0.099357	0.913388	
1766	1.512454	-0.093006	0.901437	
1767	1.506611	-0.090104	0.895478	
1768	1.500131	-0.084657	0.890057	
1769	1.494233	-0.080321	0.884730	
1770	1.489097	-0.078362	0.879168	
1771	1.483803	-0.074650	0.874268	
1772	1.480053	-0.071290	0.869973	
1773	1.474697	-0.068607	0.865302	
1774	1.470831	-0.068241	0.861155	
1775	1.465797	-0.066644	0.857561	
1776	1.454875	-0.071510	0.847963	
1777	1.449243	-0.071859	0.843272	
1778	1.443660	-0.073568	0.838906	
1779	1.437319	-0.077598	0.833724	
1780	1.430882	-0.080371	0.828965	
1781	1.416552	-0.087319	0.818314	
1782	1.409791	-0.089184	0.813835	
1783	1.401961	-0.090624	0.809507	
1784	1.394166	-0.090946	0.805425	
1785	1.387090	-0.091386	0.801843	
1786	1.379947	-0.092602	0.798225	
1787	1.372658	-0.093604	0.794425	
1788	1.365685	-0.093246	0.791066	
1789	1.353370	-0.092990	0.786196	
1790	1.345886	-0.093445	0.782909	
1791	1.340045	-0.093810	0.780498	
1792	1.333500	-0.093041	0.778173	
1793	1.328620	-0.094203	0.775292	
1794	1.322272	-0.093164	0.772566	
1795	1.318159	-0.093257	0.770121	
1796	1.311584	-0.093351	0.767217	
1797	1.305267	-0.092679	0.764584	
1798	1.299495	-0.091908	0.761828	
1799	1.293952	-0.091673	0.759197	
1800	1.288159	-0.089240	0.756768	
1801	1.284229	-0.088179	0.753608	
1802	1.278475	-0.086930	0.750139	
1803	1.272424	-0.085981	0.746836	
1804	1.269300	-0.085555	0.743826	
1805	1.265021	-0.082867	0.741827	
1806	1.261019	-0.081029	0.740312	
1807	1.256886	-0.080071	0.737578	
1808	1.253098	-0.078300	0.735178	
1809	1.249146	-0.075280	0.733093	
1810	1.245255	-0.073885	0.729604	
1811	1.242284	-0.070498	0.726450	
1812	1.238468	-0.067047	0.723119	
1813	1.234513	-0.064575	0.717967	
1814	1.229262	-0.060934	0.712655	
1815	1.225808	-0.057059	0.707837	
1816	1.223107	-0.052868	0.702117	
1817	1.219392	-0.049862	0.695832	
1818	1.216154	-0.044841	0.690858	
1819	1.214725	-0.042727	0.684830	
1820	1.211440	-0.038940	0.679053	
1821	1.206852	-0.035154	0.674192	
1822	1.204526	-0.033725	0.668298	
1823	1.200475	-0.027190	0.664674	
1824	1.197135	-0.025766	0.659323	
1825	1.194369	-0.026268	0.653242	
1826	1.188525	-0.021821	0.649268	
1827	1.186983	-0.021513	0.644298	
1828	1.181430	-0.019387	0.639598	
1829	1.177662	-0.018031	0.635558	
1830	1.172698	-0.017560	0.631289	
1831	1.166072	-0.016434	0.626839	
1832	1.159888	-0.017106	0.622491	
1833	1.152748	-0.015231	0.619069	
1834	1.145515	-0.016201	0.614012	
1835	1.136517	-0.016445	0.609547	
1836	1.128587	-0.016266	0.605678	
1837	1.122460	-0.017241	0.601523	
1838	1.112588	-0.018019	0.597620	
1839	1.102866	-0.020390	0.594028	
1840	1.095078	-0.024476	0.590597	
1841	1.085337	-0.031241	0.586631	
1842	1.074939	-0.033841	0.584618	
1843	1.065316	-0.039232	0.583081	
1844	1.055745	-0.041711	0.582978	
1845	1.044425	-0.042928	0.583575	
1846	1.032176	-0.050150	0.582771	
1847	1.023091	-0.051375	0.583652	
1848	1.011479	-0.054519	0.584573	
1849	1.002435	-0.057557	0.585644	
1850	0.992220	-0.060793	0.587030	
1851	0.980423	-0.064283	0.588964	
1852	0.969964	-0.068422	0.590235	
1853	0.958772	-0.070365	0.591939	
1854	0.947808	-0.074630	0.592972	
1855	0.938218	-0.079658	0.593686	
1856	0.927392	-0.081630	0.596012	
1857	0.918177	-0.083623	0.598109	
1858	0.909095	-0.086782	0.600062	
1859	0.899731	-0.090034	0.602036	
1860	0.890894	-0.090731	0.604054	
1861	0.883906	-0.094394	0.606353	
1862	0.875671	-0.093817	0.609823	
1863	0.868723	-0.096296	0.612180	
1864	0.861900	-0.097635	0.614810	
1865	0.854227	-0.098726	0.617938	
1866	0.846835	-0.100832	0.621113	
1867	0.840086	-0.103864	0.624026	
1868	0.831622	-0.101760	0.628155	
1869	0.826465	-0.102716	0.631832	
1870	0.821534	-0.107543	0.633586	
1871	0.814498	-0.107887	0.636436	
1872	0.805961	-0.109138	0.640573	
1873	0.801844	-0.114840	0.641966	
1874	0.797037	-0.115705	0.643787	
1875	0.788911	-0.117208	0.647285	
1876	0.784839	-0.119229	0.649167	
1877	0.779927	-0.121104	0.651552	
1878	0.772997	-0.120600	0.654904	
1879	0.768626	-0.123449	0.657387	
1880	0.763780	-0.124609	0.659843	
1881	0.758119	-0.124529	0.663288	
1882	0.753567	-0.124279	0.666874	
1883	0.750134	-0.127067	0.670235	
1884	0.741522	-0.125408	0.677711	
1885	0.736954	-0.126313	0.681195	
1886	0.732302	-0.127598	0.685686	
1887	0.728089	-0.128000	0.689690	
1888	0.724507	-0.128752	0.693274	
1889	0.719751	-0.125385	0.698044	
1890	0.717879	-0.124987	0.703000	
1891	0.715088	-0.126587	0.707797	
1892	0.711684	-0.125882	0.713682	
1893	0.709276	-0.125060	0.720394	
1894	0.705811	-0.125211	0.727623	
1895	0.702963	-0.124317	0.735960	
1896	0.700947	-0.123087	0.744305	
1897	0.697958	-0.123786	0.752717	
1898	0.695418	-0.121943	0.761609	
1899	0.693697	-0.122281	0.770175	
1900	0.691584	-0.124637	0.777900	
1901	0.688020	-0.123730	0.785420	
1902	0.684804	-0.123888	0.792994	
1903	0.682810	-0.126982	0.800500	
1904	0.679144	-0.127573	0.808032	
1905	0.676624	-0.129294	0.816562	
1906	0.673385	-0.132641	0.824371	
1907	0.669837	-0.136429	0.831649	
1908	0.666320	-0.137992	0.840193	
1909	0.663767	-0.142666	0.847915	
1910	0.660779	-0.146055	0.854914	
1911	0.658216	-0.148267	0.863782	
1912	0.655440	-0.151907	0.871549	
1913	0.652003	-0.155759	0.877894	
1914	0.650121	-0.157314	0.886606	
1915	0.649636	-0.160866	0.894074	
1916	0.648319	-0.164166	0.900658	
1917	0.647123	-0.165213	0.908147	
1918	0.646946	-0.167599	0.915226	
1919	0.646589	-0.169854	0.921033	
1920	0.646198	-0.172476	0.927378	
1921	0.646471	-0.174523	0.933563	
1922	0.647305	-0.176376	0.939112	
1923	0.649390	-0.179159	0.945234	
1924	0.650927	-0.182734	0.950843	
1925	0.651976	-0.185281	0.955764	
1926	0.653230	-0.188075	0.960631	
1927	0.654184	-0.189943	0.966049	
1928	0.655921	-0.191626	0.971489	
1929	0.656627	-0.194500	0.976449	
1930	0.657917	-0.195311	0.982895	
1931	0.658274	-0.198351	0.988235	
1932	0.659277	-0.199617	0.993625	
1933	0.661751	-0.201183	0.999912	
1934	0.662932	-0.202977	1.004678	
1935	0.663421	-0.203418	1.009286	
1936	0.664979	-0.203999	1.014901	
1937	0.665580	-0.204626	1.019423	
1938	0.667609	-0.204485	1.029964	
1939	0.668068	-0.204040	1.034273	
1940	0.668885	-0.203881	1.038515	
1941	0.670046	-0.200652	1.049185	
1942	0.670236	-0.198891	1.053869	
1943	0.670642	-0.196264	1.059767	
1944	0.672388	-0.194443	1.065152	
1945	0.672526	-0.191745	1.071003	
1946	0.672489	-0.189004	1.076929	
1947	0.672898	-0.186879	1.082568	
1948	0.670848	-0.179641	1.100645	
1949	0.670536	-0.176828	1.107386	
1950	0.670948	-0.175803	1.114276	
1951	0.671365	-0.174394	1.128505	
1952	0.671175	-0.173661	1.135727	
1953	0.669678	-0.172866	1.142863	
1954	0.669515	-0.172965	1.149436	
1955	0.669286	-0.172960	1.155797	
1956	0.669966	-0.172855	1.162455	
1957	0.669365	-0.173996	1.173440	
1958	0.669266	-0.174786	1.179019	
1959	0.668920	-0.175414	1.184100	
1960	0.669829	-0.175327	1.189771	
1961	0.670536	-0.175899	1.195443	
1962	0.670892	-0.176389	1.200540	
1963	0.670676	-0.176890	1.205364	
1964	0.671988	-0.176474	1.210559	
1965	0.672901	-0.176759	1.215469	
1966	0.673402	-0.177598	1.219769	
1967	0.673821	-0.176948	1.224449	
1968	0.673466	-0.176843	1.228427	
1969	0.673836	-0.176607	1.232076	
1970	0.673603	-0.175325	1.236399	
1971	0.674304	-0.173801	1.240138	
1972	0.674714	-0.172471	1.243311	
1973	0.674248	-0.170851	1.246514	
1974	0.676046	-0.169983	1.249575	
1975	0.675959	-0.168850	1.251956	
1976	0.674481	-0.167758	1.254082	
1977	0.673956	-0.166997	1.255814	
1978	0.673660	-0.166077	1.257964	
1979	0.673174	-0.165727	1.259518	
1980	0.671581	-0.164611	1.260981	
1981	0.670218	-0.163403	1.262799	
1982	0.669008	-0.162505	1.264550	
1983	0.665041	-0.161525	1.267269	
1984	0.663027	-0.159117	1.269415	
1985	0.660837	-0.156798	1.271239	
1986	0.657937	-0.153746	1.273243	
1987	0.654594	-0.151717	1.274289	
1988	0.650661	-0.148619	1.275537	
1989	0.647314	-0.146533	1.276711	
1990	0.643927	-0.145375	1.277447	
1991	0.640474	-0.144506	1.278118	
1992	0.638149	-0.143727	1.279141	
1993	0.635210	-0.143851	1.279874	
1994	0.632339	-0.143389	1.280892	
1995	0.630646	-0.142711	1.282338	
1996	0.628216	-0.142339	1.283773	
1997	0.625165	-0.141603	1.285274	
1998	0.622077	-0.140720	1.286872	
1999	0.618056	-0.140128	1.287705	
2000	0.613718	-0.139560	1.288638	
2001	0.609238	-0.140181	1.288769	
2002	0.604782	-0.139596	1.289209	
2003	0.600333	-0.139146	1.289792	
2004	0.596429	-0.139023	1.290203	
2005	0.592292	-0.138906	1.290762	
2006	0.588159	-0.138439	1.291436	
2007	0.584275	-0.139215	1.291492	
2008	0.579662	-0.139379	1.291385	
2009	0.574252	-0.139387	1.290696	
2010	0.569332	-0.138799	1.290146	
2011	0.564078	-0.137980	1.289802	
2012	0.558572	-0.137420	1.289096	
2013	0.553047	-0.138514	1.287442	
2014	0.547834	-0.137177	1.286449	
2015	0.542795	-0.136205	1.285509	
2016	0.538918	-0.135168	1.284855	
2017	0.535150	-0.133007	1.284724	
2018	0.530888	-0.133502	1.283343	
2019	0.527994	-0.132226	1.283001	
2020	0.524653	-0.131951	1.282720	
2021	0.521855	-0.131598	1.282077	
2022	0.518878	-0.130619	1.281501	
2023	0.513554	-0.130731	1.280196	
2024	0.511364	-0.130051	1.279736	
2025	0.508993	-0.130111	1.279355	
2026	0.505847	-0.130407	1.277966	
2027	0.503511	-0.128502	1.277971	
2028	0.500963	-0.129006	1.277276	
2029	0.498563	-0.127656	1.276416	
2030	0.496311	-0.127568	1.276060	
2031	0.493451	-0.126744	1.275035	
2032	0.490717	-0.125937	1.274278	
2033	0.487676	-0.125967	1.273273	
2034	0.483855	-0.125140	1.271552	
2035	0.480869	-0.124562	1.270631	
2036	0.476998	-0.123867	1.268792	
2037	0.473402	-0.123290	1.267248	
2038	0.469432	-0.122747	1.264949	
2039	0.466181	-0.122721	1.263645	
2040	0.462292	-0.121740	1.261335	
2041	0.459282	-0.121429	1.259605	
2042	0.456130	-0.121068	1.257656	
2043	0.453430	-0.120224	1.256104	
2044	0.446319	-0.118432	1.249991	
2045	0.439571	-0.115252	1.244229	
2046	0.435197	-0.114053	1.240213	
2047	0.432717	-0.112495	1.237654	
2048	0.429258	-0.111478	1.234001	
2049	0.425963	-0.108974	1.230842	
2050	0.422584	-0.108620	1.227449	
2051	0.419464	-0.107132	1.224480	
2052	0.416691	-0.105488	1.222212	
2053	0.413406	-0.104909	1.218870	
2054	0.411039	-0.103014	1.216729	
2055	0.407557	-0.102198	1.213481	
2056	0.404021	-0.101252	1.210298	
2057	0.398275	-0.097944	1.204917	
2058	0.395261	-0.097488	1.201853	
2059	0.392446	-0.095976	1.199471	
2060	0.389462	-0.094173	1.196548	
2061	0.386580	-0.092227	1.193851	
2062	0.381292	-0.087859	1.189053	
2063	0.378659	-0.085438	1.186550	
2064	0.374498	-0.080019	1.182223	
2065	0.371936	-0.077876	1.180048	
2066	0.370512	-0.076148	1.178001	
2067	0.369727	-0.073953	1.176866	
2068	0.367387	-0.073184	1.174097	
2069	0.365654	-0.072091	1.171761	
2070	0.361902	-0.070889	1.167253	
2071	0.360376	-0.070704	1.165092	
2072	0.358441	-0.069818	1.162475	
2073	0.356693	-0.070610	1.159441	
2074	0.354974	-0.070802	1.156131	
2075	0.353948	-0.069792	1.153571	
2076	0.351995	-0.070011	1.149590	
2077	0.351143	-0.068861	1.146210	
2078	0.350209	-0.068304	1.142808	
2079	0.349425	-0.068759	1.138956	
2080	0.348494	-0.067831	1.135032	
2081	0.348087	-0.066329	1.131309	
2082	0.346720	-0.065847	1.126501	
2083	0.346598	-0.064497	1.122165	
2084	0.345944	-0.063085	1.117092	
2085	0.345367	-0.061629	1.111733	
2086	0.345192	-0.059964	1.106530	
2087	0.345565	-0.059923	1.101439	
2088	0.345740	-0.058233	1.095277	
2089	0.346660	-0.056436	1.089467	
2090	0.347344	-0.055417	1.083525	
2091	0.348696	-0.052771	1.078020	
2092	0.352464	-0.048829	1.072891	
2093	0.351472	-0.048084	1.066496	
2094	0.352661	-0.044470	1.061321	
2095	0.356498	-0.042963	1.055040	
2096	0.353979	-0.042366	1.048519	
2097	0.355180	-0.039057	1.042734	
2098	0.355803	-0.037977	1.035055	
2099	0.354756	-0.035964	1.026976	
2100	0.355257	-0.033180	1.019465	
2101	0.355239	-0.032566	1.011372	
2102	0.355054	-0.030272	1.003900	
2103	0.354767	-0.027910	0.997111	
2104	0.354305	-0.026815	0.990406	
2105	0.353055	-0.026744	0.983635	
2106	0.352154	-0.026839	0.977243	
2107	0.349699	-0.027475	0.970611	
2108	0.348316	-0.028676	0.965032	
2109	0.345514	-0.028591	0.959999	
2110	0.342972	-0.029693	0.954349	
2111	0.339491	-0.029872	0.948999	
2112	0.337115	-0.029261	0.944356	
2113	0.332433	-0.030410	0.938546	
2114	0.329634	-0.029062	0.934035	
2115	0.325431	-0.027402	0.929569	
2116	0.323589	-0.028039	0.925688	
2117	0.319383	-0.026483	0.921083	
2118	0.316702	-0.024898	0.917360	
2119	0.313189	-0.025027	0.912294	
2120	0.310456	-0.024183	0.907475	
2121	0.310183	-0.022111	0.903615	
2122	0.304757	-0.024941	0.891130	
2123	0.304711	-0.022221	0.886108	
2124	0.300992	-0.025039	0.871798	
2125	0.302578	-0.022091	0.866611	
2126	0.299871	-0.025011	0.858121	
2127	0.300579	-0.024449	0.851728	
2128	0.301130	-0.021804	0.845266	
2129	0.300727	-0.023145	0.837402	
2130	0.299158	-0.024409	0.828115	
2131	0.299135	-0.022439	0.821110	
2132	0.300821	-0.023235	0.814022	
2133	0.299813	-0.022333	0.798556	
2134	0.299915	-0.023379	0.783036	
2135	0.299157	-0.020273	0.776651	
2136	0.299980	-0.020173	0.770600	
2137	0.299496	-0.021389	0.763669	
2138	0.299947	-0.018974	0.758322	
2139	0.300754	-0.017451	0.752659	
2140	0.301072	-0.017424	0.746521	
2141	0.301216	-0.017340	0.740161	
2142	0.302314	-0.015444	0.734268	
2143	0.303651	-0.013361	0.728545	
2144	0.305201	-0.013156	0.722077	
2145	0.306354	-0.012280	0.716084	
2146	0.307173	-0.009660	0.709735	
2147	0.309130	-0.009689	0.703884	
2148	0.310301	-0.009367	0.696650	
2149	0.315786	-0.003740	0.685697	
2150	0.319429	-0.003364	0.679335	
2151	0.320770	-0.000978	0.672688	
2152	0.325360	0.001289	0.656694	
2153	0.326543	0.002698	0.648135	
2154	0.327408	0.006187	0.640961	
2155	0.329057	0.009388	0.632366	
2156	0.330214	0.010236	0.623147	
2157	0.331180	0.011894	0.614044	
2158	0.332844	0.015736	0.605097	
2159	0.333563	0.015917	0.593333	
2160	0.334863	0.018455	0.583079	
2161	0.340216	0.024079	0.561890	
2162	0.339900	0.024589	0.550974	
2163	0.340879	0.027304	0.540709	
2164	0.341094	0.030969	0.529343	
2165	0.340121	0.030414	0.515854	
2166	0.340236	0.034524	0.505846	
2167	0.340714	0.038697	0.495675	
2168	0.341323	0.039755	0.483141	
2169	0.339441	0.040393	0.470504	
2170	0.338878	0.042105	0.460592	
2171	0.337750	0.044441	0.450060	
2172	0.336485	0.044074	0.438988	
2173	0.336576	0.047433	0.430442	
2174	0.335309	0.049656	0.421861	
2175	0.334553	0.051237	0.412928	
2176	0.332391	0.052362	0.404421	
2177	0.331282	0.054647	0.397616	
2178	0.331534	0.057017	0.390625	
2179	0.331555	0.056819	0.382696	
2180	0.327132	0.060195	0.370643	
2181	0.324858	0.060847	0.364557	
2182	0.320073	0.061974	0.358657	
2183	0.312076	0.063348	0.353226	
2184	0.309793	0.064813	0.347374	
2185	0.304797	0.064646	0.340948	
2186	0.298156	0.065455	0.336130	
2187	0.292664	0.066540	0.330965	
2188	0.286157	0.067235	0.324974	
2189	0.278186	0.069193	0.319770	
2190	0.269564	0.071141	0.314649	
2191	0.262553	0.071971	0.308188	
2192	0.254250	0.072400	0.300855	
2193	0.244036	0.074126	0.295228	
2194	0.234091	0.076410	0.289359	
2195	0.225952	0.076964	0.282607	
2196	0.216082	0.076890	0.275919	
2197	0.206959	0.078466	0.270087	
2198	0.199223	0.080024	0.263726	
2199	0.190044	0.079703	0.256956	
2200	0.181476	0.080534	0.251192	
2201	0.175092	0.081790	0.245440	
2202	0.167605	0.083006	0.239302	
2203	0.158438	0.083028	0.233306	
2204	0.151293	0.083272	0.228331	
2205	0.142748	0.084762	0.223315	
2206	0.134828	0.084921	0.217976	
2207	0.127180	0.085250	0.212472	
2208	0.119758	0.085377	0.206779	
2209	0.113168	0.086102	0.200999	
2210	0.106128	0.086136	0.194957	
2211	0.099057	0.085972	0.189558	
2212	0.091821	0.086766	0.184575	
2213	0.085010	0.087351	0.179244	
2214	0.068227	0.089834	0.169923	
2215	0.060084	0.089828	0.163973	
2216	0.051842	0.091242	0.158492	
2217	0.043889	0.091809	0.152583	
2218	0.035544	0.092740	0.145796	
2219	0.026245	0.092653	0.139290	
2220	0.019392	0.093905	0.132929	
2221	0.011520	0.094094	0.125288	
2222	0.001184	0.095892	0.118140	
2223	-0.007196	0.097833	0.111728	
2224	-0.015268	0.100463	0.104276	
2225	-0.025816	0.101849	0.096463	
2226	-0.033959	0.104375	0.090271	
2227	-0.042714	0.108244	0.084075	
2228	-0.051938	0.111027	0.077325	
2229	-0.061433	0.114062	0.071582	
2230	-0.067806	0.118892	0.066062	
2231	-0.077096	0.121551	0.059892	
2232	-0.086863	0.125451	0.054422	
2233	-0.093628	0.129281	0.049118	
2234	-0.101318	0.134363	0.043694	
2235	-0.119123	0.143532	0.033917	
2236	-0.123986	0.149092	0.029879	
2237	-0.133464	0.152830	0.024077	
2238	-0.141450	0.156554	0.020248	
2239	-0.147013	0.159234	0.016825	
2240	-0.152769	0.161069	0.013454	
2241	-0.159434	0.162394	0.009959	
2242	-0.164892	0.163417	0.006814	
2243	-0.171479	0.163884	0.003339	
2244	-0.178802	0.165491	0.000826	
2245	-0.183584	0.165787	-0.002029	
2246	-0.192531	0.165790	-0.005170	
2247	-0.201344	0.166363	-0.007885	
2248	-0.207468	0.167009	-0.009489	
2249	-0.212229	0.168322	-0.012296	
2250	-0.220684	0.168758	-0.014926	
2251	-0.228934	0.170383	-0.016480	
2252	-0.235823	0.171348	-0.018372	
2253	-0.243035	0.171487	-0.019982	
2254	-0.251174	0.171681	-0.021258	
2255	-0.258383	0.171545	-0.022418	
2256	-0.278779	0.169530	-0.024193	
2257	-0.293619	0.167765	-0.026859	
2258	-0.301270	0.168205	-0.027679	
2259	-0.307336	0.168549	-0.028641	
2260	-0.314980	0.168451	-0.029372	
2261	-0.321651	0.169672	-0.029498	
2262	-0.327496	0.171783	-0.029419	
2263	-0.335094	0.172753	-0.029381	
2264	-0.343910	0.173126	-0.029952	
2265	-0.351274	0.174956	-0.029833	
2266	-0.357660	0.176871	-0.030322	
2267	-0.364559	0.176377	-0.032045	
2268	-0.371774	0.176204	-0.033950	
2269	-0.380236	0.176774	-0.035450	
2270	-0.388083	0.175532	-0.037846	
2271	-0.396286	0.173845	-0.040329	
2272	-0.402367	0.173156	-0.042606	
2273	-0.410009	0.171761	-0.045064	
2274	-0.416533	0.168835	-0.048291	
2275	-0.425611	0.167593	-0.050904	
2276	-0.432634	0.166569	-0.053240	
2277	-0.438379	0.165840	-0.055717	
2278	-0.447025	0.165195	-0.057590	
2279	-0.454144	0.164187	-0.059418	
2280	-0.458607	0.164729	-0.060919	
2281	-0.467793	0.163524	-0.062593	
2282	-0.475660	0.165174	-0.063527	
2283	-0.481738	0.164803	-0.065256	
2284	-0.489721	0.162985	-0.066981	
2285	-0.494975	0.161487	-0.068157	
2286	-0.498782	0.161390	-0.070206	
2287	-0.504992	0.160825	-0.072711	
2288	-0.511421	0.159902	-0.075572	
2289	-0.517365	0.158174	-0.079339	
2290	-0.523675	0.158043	-0.083246	
2291	-0.530200	0.157992	-0.087701	
2292	-0.536732	0.158484	-0.091915	
2293	-0.542667	0.159475	-0.096745	
2294	-0.548256	0.160481	-0.101865	
2295	-0.556688	0.163626	-0.106938	
2296	-0.563322	0.167661	-0.112115	
2297	-0.569299	0.171103	-0.117352	
2298	-0.577950	0.173562	-0.122838	
2299	-0.585383	0.177950	-0.127657	
2300	-0.591462	0.182338	-0.132233	
2301	-0.596999	0.188010	-0.136796	
2302	-0.604714	0.190274	-0.141495	
2303	-0.611370	0.194936	-0.145618	
2304	-0.618176	0.198883	-0.149817	
2305	-0.623274	0.203629	-0.154014	
2306	-0.631119	0.208653	-0.156904	
2307	-0.637033	0.212047	-0.160617	
2308	-0.643071	0.217638	-0.163863	
2309	-0.649372	0.220229	-0.167625	
2310	-0.654131	0.224357	-0.170804	
2311	-0.660069	0.227570	-0.173845	
2312	-0.664749	0.230472	-0.176602	
2313	-0.670996	0.232664	-0.178918	
2314	-0.676571	0.232372	-0.181679	
2315	-0.681689	0.234484	-0.183826	
2316	-0.686205	0.235470	-0.185961	
2317	-0.691021	0.236528	-0.188028	
2318	-0.699469	0.238067	-0.189754	
2319	-0.704875	0.239417	-0.191435	
2320	-0.709414	0.239656	-0.193862	
2321	-0.715274	0.239506	-0.196809	
2322	-0.721340	0.240206	-0.199063	
2323	-0.727033	0.240618	-0.201650	
2324	-0.732367	0.240209	-0.204846	
2325	-0.738593	0.239042	-0.207831	
2326	-0.745628	0.238694	-0.210600	
2327	-0.750881	0.238914	-0.214080	
2328	-0.756942	0.236021	-0.217112	
2329	-0.764199	0.232541	-0.220331	
2330	-0.785671	0.231052	-0.220166	
2331	-0.793105	0.230218	-0.222808	
2332	-0.798409	0.227714	-0.225614	
2333	-0.807739	0.227294	-0.227798	
2334	-0.815325	0.226807	-0.230057	
2335	-0.822714	0.224376	-0.232291	
2336	-0.833856	0.224944	-0.233710	
2337	-0.839251	0.225680	-0.236258	
2338	-0.846035	0.224446	-0.239053	
2339	-0.858562	0.226255	-0.241282	
2340	-0.872393	0.228955	-0.243169	
2341	-0.876369	0.229983	-0.246787	
2342	-0.883962	0.230288	-0.249973	
2343	-0.894964	0.232209	-0.252398	
2344	-0.900845	0.231027	-0.255767	
2345	-0.909153	0.230298	-0.258773	
2346	-0.913260	0.230694	-0.261940	
2347	-0.919867	0.228531	-0.265800	
2348	-0.929443	0.227842	-0.268414	
2349	-0.937452	0.227878	-0.271155	
2350	-0.944146	0.227186	-0.274440	
2351	-0.951240	0.227962	-0.277988	
2352	-0.955611	0.225130	-0.282605	
2353	-0.962158	0.223014	-0.286724	
2354	-0.969191	0.221307	-0.290525	
2355	-0.974920	0.218993	-0.294805	
2356	-0.978504	0.219970	-0.299187	
2357	-0.987493	0.220717	-0.302594	
2358	-0.994039	0.222328	-0.305950	
2359	-1.000430	0.223532	-0.310008	
2360	-1.015146	0.225233	-0.318177	
2361	-1.026960	0.229280	-0.328570	
2362	-1.037383	0.234362	-0.332933	
2363	-1.044311	0.237846	-0.338203	
2364	-1.058064	0.245416	-0.347682	
2365	-1.075215	0.253332	-0.356644	
2366	-1.091945	0.259026	-0.365353	
2367	-1.101861	0.265003	-0.369314	
2368	-1.106629	0.268454	-0.373942	
2369	-1.114392	0.271998	-0.377089	
2370	-1.123188	0.278271	-0.379246	
2371	-1.131767	0.283861	-0.380986	
2372	-1.135233	0.287068	-0.383381	
2373	-1.140034	0.288332	-0.384313	
2374	-1.150943	0.293038	-0.381906	
2375	-1.157044	0.297281	-0.379927	
2376	-1.155942	0.297734	-0.379180	
2377	-1.159894	0.299662	-0.377240	
2378	-1.168577	0.301434	-0.373165	
2379	-1.178235	0.300373	-0.366929	
2380	-1.182188	0.302110	-0.362695	
2381	-1.188440	0.300250	-0.358818	
2382	-1.196476	0.296999	-0.353216	
2383	-1.199172	0.295905	-0.348833	
2384	-1.205175	0.296181	-0.342597	
2385	-1.211262	0.293317	-0.336229	
2386	-1.218992	0.290692	-0.329202	
2387	-1.225007	0.288397	-0.322633	
2388	-1.231329	0.281449	-0.315516	
2389	-1.239794	0.278746	-0.307347	
2390	-1.246992	0.276507	-0.299721	
2391	-1.251633	0.272507	-0.292217	
2392	-1.254915	0.266126	-0.285562	
2393	-1.263968	0.261139	-0.277201	
2394	-1.271379	0.256699	-0.269888	
2395	-1.277080	0.254913	-0.263015	
2396	-1.282817	0.249591	-0.256542	
2397	-1.287663	0.242158	-0.250443	
2398	-1.294455	0.236783	-0.243590	
2399	-1.305597	0.227788	-0.234371	
2400	-1.311190	0.221481	-0.228475	
2401	-1.314062	0.214704	-0.222918	
2402	-1.315638	0.208080	-0.218119	
2403	-1.320843	0.202840	-0.212528	
2404	-1.325179	0.196967	-0.207689	
2405	-1.326612	0.191244	-0.203337	
2406	-1.330819	0.188498	-0.198382	
2407	-1.335039	0.183600	-0.193396	
2408	-1.340205	0.178875	-0.188239	
2409	-1.343951	0.174409	-0.183197	
2410	-1.351027	0.168189	-0.173141	
2411	-1.353929	0.159927	-0.164854	
2412	-1.358635	0.157827	-0.159905	
2413	-1.360688	0.154982	-0.155412	
2414	-1.358526	0.150397	-0.152532	
2415	-1.362495	0.147007	-0.147241	
2416	-1.363843	0.143889	-0.143001	
2417	-1.363085	0.140186	-0.139020	
2418	-1.363338	0.137289	-0.135114	
2419	-1.367649	0.134873	-0.129630	
2420	-1.366899	0.130695	-0.126488	
2421	-1.370294	0.127922	-0.121373	
2422	-1.372988	0.125692	-0.116740	
2423	-1.373863	0.121604	-0.113045	
2424	-1.378152	0.120240	-0.107961	
2425	-1.379330	0.120178	-0.103161	
2426	-1.379622	0.117674	-0.098785	
2427	-1.384590	0.114834	-0.092487	
2428	-1.386606	0.113819	-0.086563	
2429	-1.388334	0.113722	-0.081260	
2430	-1.385425	0.112115	-0.077292	
2431	-1.387760	0.111115	-0.071436	
2432	-1.389880	0.111584	-0.065642	
2433	-1.391528	0.109315	-0.060014	
2434	-1.392679	0.107487	-0.053944	
2435	-1.390731	0.106403	-0.049371	
2436	-1.391166	0.105664	-0.043050	
2437	-1.389505	0.103112	-0.037357	
2438	-1.384164	0.100874	-0.031988	
2439	-1.381858	0.096963	-0.025071	
2440	-1.379823	0.091311	-0.017604	
2441	-1.375844	0.086996	-0.009785	
2442	-1.368173	0.084007	-0.003088	
2443	-1.363336	0.078667	0.004976	
2444	-1.363234	0.072629	0.015166	
2445	-1.355818	0.069134	0.023754	
2446	-1.344925	0.062697	0.030307	
2447	-1.343566	0.054685	0.039934	
2448	-1.336374	0.050518	0.048523	
2449	-1.322196	0.044334	0.053660	
2450	-1.319929	0.034317	0.062059	
2451	-1.318049	0.028235	0.071826	
2452	-1.302617	0.023363	0.077749	
2453	-1.293391	0.016650	0.084445	
2454	-1.292146	0.011109	0.093793	
2455	-1.284414	0.006359	0.100667	
2456	-1.274273	0.003316	0.105936	
2457	-1.271931	-0.001065	0.112939	
2458	-1.267987	-0.003390	0.119239	
2459	-1.258128	-0.006835	0.123192	
2460	-1.250162	-0.010290	0.126481	
2461	-1.247354	-0.011077	0.131660	
2462	-1.245062	-0.011094	0.136639	
2463	-1.236321	-0.012493	0.139284	
2464	-1.228434	-0.012385	0.142957	
2465	-1.225150	-0.012082	0.148184	
2466	-1.221951	-0.012909	0.153158	
2467	-1.214714	-0.014872	0.157765	
2468	-1.208682	-0.012342	0.163826	
2469	-1.204859	-0.010761	0.168768	
2470	-1.200337	-0.011425	0.173226	
2471	-1.196685	-0.009408	0.178543	
2472	-1.194729	-0.006781	0.184701	
2473	-1.188878	-0.006088	0.188214	
2474	-1.185362	-0.006560	0.192588	
2475	-1.182543	-0.004802	0.197160	
2476	-1.176504	-0.004523	0.199855	
2477	-1.174106	-0.005828	0.203117	
2478	-1.170071	-0.005980	0.205968	
2479	-1.166304	-0.003904	0.208972	
2480	-1.164880	-0.003829	0.212050	
2481	-1.159949	-0.003738	0.215064	
2482	-1.156040	-0.002801	0.218820	
2483	-1.149983	-0.005956	0.221584	
2484	-1.149714	-0.003527	0.228327	
2485	-1.147496	-0.000954	0.234178	
2486	-1.139769	-0.002756	0.237709	
2487	-1.136522	-0.004509	0.242151	
2488	-1.138579	-0.001517	0.247678	
2489	-1.134578	-0.002693	0.251722	
2490	-1.129958	-0.002268	0.255641	
2491	-1.127673	-0.001801	0.259858	
2492	-1.126597	-0.002791	0.264689	
2493	-1.122361	0.003211	0.269426	
2494	-1.115566	0.002428	0.271443	
2495	-1.116508	0.003481	0.275712	
2496	-1.116483	0.008560	0.280702	
2497	-1.110934	0.008755	0.282317	
2498	-1.111361	0.008781	0.285269	
2499	-1.114219	0.014301	0.290123	
2500	-1.110359	0.014762	0.291349	
2501	-1.110485	0.014574	0.293339	
2502	-1.112189	0.017145	0.296576	
2503	-1.110221	0.017240	0.297782	
2504	-1.111625	0.016623	0.299267	
2505	-1.114076	0.017630	0.301435	
2506	-1.112847	0.018301	0.302665	
2507	-1.112611	0.017962	0.303568	
2508	-1.114029	0.019215	0.305209	
2509	-1.113337	0.019867	0.306453	
2510	-1.110873	0.020961	0.306919	
2511	-1.112291	0.021439	0.308141	
2512	-1.114359	0.024123	0.310454	
2513	-1.113377	0.025915	0.311988	
2514	-1.113791	0.026424	0.313294	
2515	-1.117615	0.029133	0.316573	
2516	-1.115064	0.031133	0.318030	
2517	-1.113115	0.031496	0.318890	
2518	-1.118345	0.034295	0.322645	
2519	-1.117207	0.036801	0.324846	
2520	-1.115051	0.036891	0.326228	
2521	-1.117744	0.039065	0.329498	
2522	-1.116887	0.040934	0.331805	
2523	-1.114490	0.042409	0.333933	
2524	-1.112539	0.044234	0.335746	
2525	-1.114355	0.045678	0.338622	
2526	-1.110449	0.047054	0.340341	
2527	-1.108068	0.048609	0.341871	
2528	-1.109677	0.050601	0.344521	
2529	-1.108850	0.052408	0.346587	
2530	-1.104056	0.053619	0.346634	
2531	-1.103715	0.053956	0.347442	
2532	-1.105227	0.055820	0.349134	
2533	-1.102007	0.056631	0.349186	
2534	-1.100592	0.056292	0.348932	
2535	-1.102899	0.056987	0.350722	
2536	-1.100000	0.057763	0.351288	
2537	-1.099077	0.057077	0.351419	
2538	-1.099112	0.056709	0.352134	
2539	-1.098470	0.056256	0.352936	
2540	-1.096713	0.056152	0.353053	
2541	-1.095327	0.055081	0.353501	
2542	-1.092569	0.054744	0.352924	
2543	-1.092398	0.054080	0.352915	
2544	-1.091280	0.053683	0.353028	
2545	-1.089488	0.053208	0.352835	
2546	-1.090342	0.051875	0.352920	
2547	-1.089665	0.052514	0.353339	
2548	-1.087002	0.053628	0.352961	
2549	-1.087565	0.053725	0.353268	
2550	-1.087785	0.054772	0.353776	
2551	-1.084906	0.056747	0.353641	
2552	-1.084102	0.057077	0.353464	
2553	-1.083640	0.059000	0.354139	
2554	-1.080355	0.060851	0.353590	
2555	-1.079714	0.061627	0.353512	
2556	-1.079470	0.063006	0.353951	
2557	-1.076382	0.065381	0.353232	
2558	-1.075433	0.065866	0.352739	
2559	-1.075983	0.067262	0.353130	
2560	-1.072667	0.069298	0.352511	
2561	-1.072376	0.069869	0.352111	
2562	-1.072713	0.071256	0.352437	
2563	-1.068509	0.073885	0.351578	
2564	-1.068395	0.074941	0.351503	
2565	-1.067175	0.077195	0.351548	
2566	-1.063083	0.080796	0.350271	
2567	-1.063304	0.082223	0.350182	
2568	-1.060140	0.084188	0.348765	
2569	-1.059744	0.085404	0.347612	
2570	-1.057789	0.086502	0.346671	
2571	-1.057750	0.086711	0.345578	
2572	-1.057226	0.087340	0.344867	
2573	-1.054965	0.087812	0.343575	
2574	-1.054745	0.088364	0.342251	
2575	-1.052454	0.088078	0.340756	
2576	-1.053376	0.088250	0.340423	
2577	-1.051142	0.088309	0.339478	
2578	-1.049289	0.088527	0.337543	
2579	-1.048231	0.089262	0.337006	
2580	-1.045397	0.089833	0.335836	
2581	-1.045006	0.090454	0.335284	
2582	-1.045439	0.090945	0.335259	
2583	-1.043368	0.091696	0.334455	
