0	0.000000	0.000000	0.000000	
1	0.000000	0.000000	0.000000	
2	0.000000	0.000000	0.000000	
3	0.000000	0.000000	0.000000	
4	0.000023	0.001283	0.000713	
5	-0.000355	0.001237	0.000690	
6	-0.000666	0.002177	0.000444	
7	-0.000450	0.001667	0.000063	
8	-0.001098	0.005053	0.000511	
9	-0.000621	0.003774	-0.000217	
10	-0.000607	0.005138	0.000065	
11	-0.000591	0.003783	-0.000380	
12	-0.000660	0.003281	-0.000174	
13	-0.000494	0.003336	-0.000215	
14	-0.001122	0.002166	-0.000761	
15	-0.001210	0.001562	-0.000921	
16	-0.001080	0.000728	-0.001349	
17	-0.001292	-0.000503	-0.002056	
18	-0.000821	-0.000113	-0.001906	
19	-0.001024	-0.000411	-0.002554	
20	-0.001232	0.000299	-0.002440	
21	-0.000901	-0.000217	-0.002624	
22	0.000750	0.000481	-0.002646	
23	0.001084	0.000569	-0.003088	
24	0.000802	-0.000211	-0.003759	
25	0.001575	0.000293	-0.004091	
26	0.001943	0.000028	-0.004844	
27	0.002117	-0.000604	-0.005813	
28	0.003612	-0.000072	-0.006112	
29	0.003232	0.000340	-0.006543	
30	0.002704	-0.000505	-0.007455	
31	0.003888	-0.000504	-0.007634	
32	0.004303	0.000901	-0.007558	
33	0.003742	0.001554	-0.008158	
34	0.004096	0.002127	-0.008356	
35	0.004540	0.002147	-0.008491	
36	0.004479	0.002201	-0.008774	
37	0.005083	0.003330	-0.008485	
38	0.005785	0.004892	-0.008434	
39	0.004988	0.004772	-0.009124	
40	0.005329	0.005392	-0.008907	
41	0.005855	0.005475	-0.009175	
42	0.006104	0.004434	-0.009965	
43	0.006279	0.003361	-0.010546	
44	0.006810	0.002972	-0.010685	
45	0.006971	0.003584	-0.010967	
46	0.007173	0.003521	-0.011389	
47	0.007557	0.003983	-0.011611	
48	0.007474	0.004673	-0.012011	
49	0.007177	0.004266	-0.012358	
50	0.008188	0.004431	-0.012517	
51	0.008388	0.003806	-0.013232	
52	0.007745	0.003272	-0.013507	
53	0.008230	0.004415	-0.013623	
54	0.007936	0.004179	-0.013994	
55	0.008117	0.004043	-0.014417	
56	0.008151	0.004290	-0.014408	
57	0.007983	0.004263	-0.014767	
58	0.007713	0.004345	-0.014915	
59	0.008547	0.005955	-0.014190	
60	0.008125	0.006149	-0.014016	
61	0.007018	0.006757	-0.013711	
62	0.007788	0.007885	-0.013016	
63	0.007958	0.008707	-0.012351	
64	0.007180	0.010019	-0.011694	
65	0.006645	0.010180	-0.011441	
66	0.006506	0.010239	-0.011100	
67	0.006480	0.011900	-0.010237	
68	0.005346	0.011977	-0.010170	
69	0.003446	0.012479	-0.010243	
70	0.002107	0.012583	-0.010464	
71	-0.000178	0.011583	-0.011616	
72	-0.003078	0.011419	-0.012994	
73	-0.006293	0.009170	-0.015909	
74	-0.011582	0.007531	-0.019556	
75	-0.018242	0.006533	-0.023302	
76	-0.023718	0.005914	-0.027617	
77	-0.036808	0.003115	-0.037375	
78	-0.045377	0.002107	-0.042252	
79	-0.054561	0.002343	-0.046501	
80	-0.063397	0.001771	-0.051189	
81	-0.072751	0.001846	-0.055547	
82	-0.084124	0.002424	-0.060162	
83	-0.094943	0.004416	-0.064042	
84	-0.105591	0.006244	-0.067592	
85	-0.117174	0.008493	-0.070847	
86	-0.129392	0.010596	-0.073777	
87	-0.142746	0.013563	-0.076259	
88	-0.155978	0.016693	-0.078561	
89	-0.167867	0.019256	-0.080830	
90	-0.181312	0.021241	-0.083476	
91	-0.193682	0.025289	-0.084929	
92	-0.204694	0.028993	-0.086517	
93	-0.217083	0.031415	-0.088506	
94	-0.228735	0.033227	-0.089844	
95	-0.239528	0.034890	-0.091850	
96	-0.249489	0.037040	-0.093510	
97	-0.259794	0.037041	-0.095284	
98	-0.269351	0.036821	-0.096913	
99	-0.279977	0.036545	-0.097745	
100	-0.288648	0.036644	-0.098304	
101	-0.299024	0.035064	-0.098903	
102	-0.308873	0.034345	-0.098849	
103	-0.317867	0.033163	-0.098667	
104	-0.326369	0.031261	-0.098891	
105	-0.335730	0.028946	-0.099119	
106	-0.345524	0.027822	-0.098388	
107	-0.353556	0.027472	-0.097379	
108	-0.372649	0.023588	-0.095958	
109	-0.382214	0.022932	-0.094270	
110	-0.391554	0.021973	-0.092612	
111	-0.401484	0.020372	-0.090321	
112	-0.413254	0.018973	-0.087698	
113	-0.424459	0.017887	-0.084976	
114	-0.434651	0.015507	-0.082323	
115	-0.445465	0.012159	-0.079164	
116	-0.457466	0.008051	-0.076040	
117	-0.467891	0.005079	-0.071885	
118	-0.475344	0.003016	-0.066235	
119	-0.499119	-0.002637	-0.054198	
120	-0.507037	-0.003624	-0.046750	
121	-0.511964	-0.007839	-0.039825	
122	-0.521502	-0.011609	-0.032916	
123	-0.529142	-0.012684	-0.025961	
124	-0.537095	-0.017095	-0.020505	
125	-0.544460	-0.020911	-0.014553	
126	-0.551771	-0.023104	-0.008786	
127	-0.560040	-0.027655	-0.004430	
128	-0.566859	-0.032100	0.000079	
129	-0.573209	-0.036074	0.004824	
130	-0.581756	-0.040262	0.009100	
131	-0.587708	-0.043348	0.014165	
132	-0.593400	-0.047369	0.019386	
133	-0.599763	-0.051426	0.024393	
134	-0.615055	-0.056408	0.035364	
135	-0.622261	-0.059219	0.041165	
136	-0.630500	-0.061310	0.046650	
137	-0.638589	-0.064147	0.052068	
138	-0.652706	-0.068838	0.063123	
139	-0.661983	-0.070002	0.068788	
140	-0.679831	-0.074032	0.079960	
141	-0.688463	-0.076152	0.085544	
142	-0.697677	-0.076447	0.091696	
143	-0.706767	-0.078153	0.097329	
144	-0.716068	-0.080737	0.102943	
145	-0.723895	-0.083669	0.107982	
146	-0.733652	-0.087568	0.112825	
147	-0.743512	-0.088801	0.118451	
148	-0.751536	-0.092193	0.123308	
149	-0.760537	-0.094879	0.128344	
150	-0.769924	-0.096138	0.134074	
151	-0.784314	-0.102598	0.145037	
152	-0.792386	-0.104743	0.150372	
153	-0.799073	-0.108418	0.155318	
154	-0.803686	-0.112569	0.160119	
155	-0.810374	-0.113956	0.165410	
156	-0.816937	-0.115323	0.171073	
157	-0.821382	-0.118112	0.176612	
158	-0.826133	-0.121886	0.182080	
159	-0.833117	-0.123892	0.188150	
160	-0.838300	-0.126319	0.193990	
161	-0.842400	-0.129870	0.199233	
162	-0.848389	-0.131363	0.204476	
163	-0.855396	-0.132667	0.209777	
164	-0.859860	-0.135211	0.214689	
165	-0.864769	-0.138678	0.219025	
166	-0.871386	-0.140183	0.223908	
167	-0.876290	-0.142529	0.228947	
168	-0.879840	-0.145883	0.233268	
169	-0.885934	-0.147681	0.238591	
170	-0.892761	-0.149234	0.244219	
171	-0.897174	-0.155018	0.249191	
172	-0.902293	-0.159730	0.254169	
173	-0.909377	-0.163019	0.259722	
174	-0.919486	-0.169298	0.271338	
175	-0.925360	-0.173737	0.277414	
176	-0.931579	-0.175635	0.283946	
177	-0.935894	-0.179827	0.290600	
178	-0.940714	-0.183522	0.297366	
179	-0.946195	-0.187148	0.304161	
180	-0.951087	-0.190840	0.310589	
181	-0.955785	-0.194003	0.316868	
182	-0.960291	-0.197427	0.322659	
183	-0.966341	-0.202035	0.328695	
184	-0.970734	-0.203693	0.334752	
185	-0.973205	-0.207910	0.339570	
186	-0.979813	-0.209480	0.345313	
187	-0.986682	-0.211604	0.350934	
188	-0.991577	-0.213744	0.356297	
189	-0.996003	-0.215662	0.361431	
190	-1.003954	-0.216037	0.367482	
191	-1.011173	-0.216895	0.373708	
192	-1.016251	-0.217606	0.380066	
193	-1.021697	-0.219196	0.385988	
194	-1.030823	-0.219531	0.392654	
195	-1.041029	-0.218807	0.399626	
196	-1.049602	-0.220437	0.405377	
197	-1.059327	-0.221203	0.410802	
198	-1.072133	-0.222287	0.416856	
199	-1.083003	-0.222983	0.421667	
200	-1.092513	-0.223762	0.425799	
201	-1.103926	-0.224317	0.430371	
202	-1.116820	-0.224891	0.435548	
203	-1.126114	-0.224609	0.439648	
204	-1.136837	-0.226741	0.443978	
205	-1.157731	-0.229841	0.452371	
206	-1.166221	-0.231448	0.455778	
207	-1.176605	-0.234568	0.460150	
208	-1.185888	-0.237416	0.464375	
209	-1.191952	-0.238429	0.468072	
210	-1.199760	-0.241811	0.471929	
211	-1.209507	-0.244595	0.476973	
212	-1.214751	-0.246147	0.481244	
213	-1.220718	-0.248993	0.485436	
214	-1.229628	-0.253170	0.490602	
215	-1.234745	-0.254348	0.495652	
216	-1.239239	-0.257391	0.500058	
217	-1.246958	-0.260830	0.505965	
218	-1.251358	-0.263336	0.511519	
219	-1.255758	-0.265814	0.517220	
220	-1.261458	-0.269425	0.523155	
221	-1.266768	-0.272028	0.529364	
222	-1.270645	-0.275256	0.534992	
223	-1.275474	-0.279758	0.540987	
224	-1.280164	-0.283503	0.547187	
225	-1.283701	-0.287434	0.553272	
226	-1.288127	-0.291709	0.559825	
227	-1.290551	-0.296062	0.565921	
228	-1.293152	-0.301528	0.571832	
229	-1.297096	-0.307727	0.578079	
230	-1.300340	-0.312321	0.583887	
231	-1.303812	-0.316381	0.589555	
232	-1.307841	-0.321285	0.595567	
233	-1.310231	-0.326467	0.601071	
234	-1.313952	-0.331511	0.607049	
235	-1.319641	-0.335378	0.614070	
236	-1.323345	-0.339706	0.619940	
237	-1.327009	-0.343853	0.625675	
238	-1.331372	-0.347790	0.631648	
239	-1.335649	-0.351382	0.637849	
240	-1.339740	-0.354850	0.643828	
241	-1.345186	-0.359353	0.650030	
242	-1.350341	-0.361771	0.656084	
243	-1.355000	-0.365089	0.661011	
244	-1.361598	-0.369816	0.666585	
245	-1.367187	-0.372887	0.671843	
246	-1.371238	-0.377546	0.676208	
247	-1.376853	-0.382611	0.680319	
248	-1.382779	-0.386510	0.684198	
249	-1.387920	-0.390421	0.687371	
250	-1.393434	-0.395127	0.690027	
251	-1.401359	-0.398055	0.693301	
252	-1.408024	-0.400798	0.696153	
253	-1.415013	-0.404575	0.698354	
254	-1.424306	-0.405813	0.701212	
255	-1.432844	-0.407056	0.703057	
256	-1.451772	-0.410388	0.705987	
257	-1.462911	-0.409665	0.707327	
258	-1.482650	-0.409904	0.708513	
259	-1.494571	-0.409600	0.709695	
260	-1.505633	-0.408520	0.710824	
261	-1.516155	-0.407179	0.711802	
262	-1.526452	-0.406652	0.712904	
263	-1.536709	-0.407251	0.714077	
264	-1.547116	-0.405484	0.715962	
265	-1.556683	-0.404806	0.717052	
266	-1.567854	-0.405180	0.718486	
267	-1.577515	-0.405395	0.720327	
268	-1.586522	-0.405879	0.721637	
269	-1.597735	-0.405969	0.723949	
270	-1.607231	-0.404838	0.726216	
271	-1.616796	-0.405028	0.728455	
272	-1.626911	-0.405849	0.731160	
273	-1.635526	-0.405866	0.733942	
274	-1.644226	-0.406669	0.736716	
275	-1.653563	-0.404325	0.740770	
276	-1.661887	-0.402440	0.745380	
277	-1.670172	-0.399935	0.750570	
278	-1.678066	-0.395562	0.756834	
279	-1.685475	-0.391390	0.763981	
280	-1.692081	-0.386869	0.771554	
281	-1.698174	-0.381559	0.779334	
282	-1.702773	-0.377301	0.787058	
283	-1.706442	-0.373346	0.795034	
284	-1.710141	-0.369636	0.803147	
285	-1.712811	-0.366478	0.810487	
286	-1.715612	-0.365492	0.818223	
287	-1.718344	-0.363254	0.827639	
288	-1.717679	-0.360430	0.835546	
289	-1.718938	-0.360435	0.843144	
290	-1.720066	-0.357915	0.852230	
291	-1.719719	-0.355834	0.860787	
292	-1.720228	-0.354694	0.869810	
293	-1.720806	-0.353214	0.878551	
294	-1.721828	-0.350837	0.888271	
295	-1.722893	-0.348605	0.897529	
296	-1.723659	-0.349094	0.906198	
297	-1.725163	-0.348812	0.915240	
298	-1.726215	-0.349579	0.923952	
299	-1.727435	-0.351008	0.931175	
300	-1.729548	-0.352327	0.938924	
301	-1.731750	-0.354062	0.946550	
302	-1.733929	-0.354316	0.954605	
303	-1.736010	-0.356502	0.961405	
304	-1.738514	-0.359105	0.968518	
305	-1.740692	-0.363605	0.974878	
306	-1.744417	-0.366230	0.981633	
307	-1.748258	-0.367727	0.988590	
308	-1.752513	-0.371235	0.994988	
309	-1.756077	-0.375061	1.000620	
310	-1.759748	-0.378593	1.006534	
311	-1.763491	-0.380315	1.012488	
312	-1.767224	-0.383816	1.017974	
313	-1.771292	-0.387040	1.023676	
314	-1.775419	-0.388803	1.029950	
315	-1.779765	-0.392284	1.035738	
316	-1.784662	-0.396590	1.040823	
317	-1.789552	-0.401244	1.045772	
318	-1.794830	-0.405354	1.051083	
319	-1.800232	-0.409343	1.056164	
320	-1.806191	-0.413702	1.061273	
321	-1.811572	-0.418756	1.065918	
322	-1.816845	-0.423622	1.070249	
323	-1.822632	-0.428636	1.074413	
324	-1.828096	-0.433340	1.078636	
325	-1.833664	-0.437368	1.082676	
326	-1.838400	-0.442803	1.085556	
327	-1.842851	-0.447841	1.088540	
328	-1.847621	-0.452834	1.091901	
329	-1.852454	-0.457610	1.095561	
330	-1.857046	-0.462412	1.100052	
331	-1.861442	-0.468726	1.104321	
332	-1.865704	-0.473071	1.108650	
333	-1.870032	-0.478910	1.114401	
334	-1.873444	-0.486278	1.118901	
335	-1.877597	-0.491053	1.124553	
336	-1.881722	-0.497115	1.130691	
337	-1.884988	-0.503224	1.134864	
338	-1.888537	-0.508824	1.141002	
339	-1.891112	-0.516167	1.146684	
340	-1.893309	-0.522620	1.151206	
341	-1.895772	-0.527761	1.157085	
342	-1.897813	-0.534105	1.164368	
343	-1.898922	-0.540088	1.168226	
344	-1.900850	-0.544965	1.174712	
345	-1.902220	-0.552373	1.182070	
346	-1.903416	-0.557519	1.187470	
347	-1.904874	-0.560979	1.194368	
348	-1.904686	-0.566122	1.200636	
349	-1.904531	-0.573213	1.204790	
350	-1.904881	-0.577394	1.210792	
351	-1.905484	-0.582914	1.218570	
352	-1.905182	-0.588382	1.223436	
353	-1.905385	-0.594136	1.230147	
354	-1.904969	-0.605341	1.242546	
355	-1.904678	-0.610613	1.249252	
356	-1.904191	-0.615767	1.255723	
357	-1.903914	-0.621665	1.262494	
358	-1.903773	-0.626914	1.269345	
359	-1.903145	-0.633972	1.277261	
360	-1.902553	-0.645298	1.292261	
361	-1.902123	-0.652117	1.300212	
362	-1.901695	-0.658513	1.307286	
363	-1.901544	-0.664876	1.315094	
364	-1.901497	-0.670256	1.322326	
365	-1.901435	-0.675097	1.329373	
366	-1.901626	-0.678933	1.337178	
367	-1.901404	-0.682111	1.342901	
368	-1.901409	-0.686113	1.348862	
369	-1.901228	-0.690236	1.355574	
370	-1.900647	-0.693692	1.361769	
371	-1.900445	-0.696398	1.366615	
372	-1.899876	-0.699256	1.372347	
373	-1.899607	-0.702105	1.376570	
374	-1.900166	-0.704622	1.380284	
375	-1.900464	-0.707069	1.384985	
376	-1.901219	-0.709263	1.389903	
377	-1.902214	-0.710750	1.393405	
378	-1.903647	-0.712461	1.398066	
379	-1.905191	-0.714046	1.403426	
380	-1.906956	-0.716039	1.408688	
381	-1.908876	-0.718119	1.413468	
382	-1.911152	-0.720917	1.419754	
383	-1.913666	-0.723823	1.424521	
384	-1.916257	-0.727493	1.429820	
385	-1.919643	-0.731216	1.435784	
386	-1.922866	-0.735741	1.440258	
387	-1.927035	-0.739696	1.446351	
388	-1.931045	-0.745072	1.451669	
389	-1.934937	-0.751333	1.456298	
390	-1.939762	-0.755371	1.461563	
391	-1.944224	-0.761794	1.466715	
392	-1.949165	-0.767143	1.471105	
393	-1.954412	-0.773316	1.477669	
394	-1.959747	-0.778691	1.482224	
395	-1.965183	-0.785430	1.487787	
396	-1.971129	-0.792099	1.495242	
397	-1.976611	-0.798379	1.500441	
398	-1.986820	-0.811979	1.511364	
399	-1.990819	-0.819532	1.516790	
400	-1.995223	-0.826494	1.521144	
401	-1.998752	-0.836053	1.528351	
402	-2.002014	-0.842299	1.532517	
403	-2.005643	-0.849782	1.538008	
404	-2.009228	-0.857832	1.546317	
405	-2.012140	-0.864203	1.553921	
406	-2.015129	-0.870547	1.559756	
407	-2.018351	-0.877598	1.568326	
408	-2.020483	-0.883396	1.577003	
409	-2.022774	-0.886268	1.582079	
410	-2.025091	-0.890893	1.588611	
411	-2.026924	-0.895639	1.597429	
412	-2.028579	-0.898090	1.604034	
413	-2.030193	-0.900467	1.609981	
414	-2.031514	-0.903666	1.617567	
415	-2.032359	-0.907484	1.626437	
416	-2.033826	-0.908428	1.632975	
417	-2.035313	-0.910320	1.640358	
418	-2.036801	-0.912021	1.648996	
419	-2.038441	-0.913403	1.655281	
420	-2.039845	-0.915775	1.663393	
421	-2.041711	-0.916371	1.670343	
422	-2.043098	-0.917997	1.677522	
423	-2.044576	-0.918798	1.683512	
424	-2.045988	-0.920202	1.690092	
425	-2.047115	-0.922092	1.697010	
426	-2.049660	-0.924270	1.707310	
427	-2.051102	-0.925611	1.712571	
428	-2.052011	-0.927728	1.718261	
429	-2.053468	-0.930105	1.723873	
430	-2.055560	-0.933620	1.728756	
431	-2.056875	-0.938189	1.736457	
432	-2.058367	-0.949439	1.747295	
433	-2.059166	-0.955343	1.752818	
434	-2.059843	-0.961012	1.757716	
435	-2.061283	-0.966449	1.760657	
436	-2.062422	-0.972282	1.765881	
437	-2.063619	-0.978941	1.771594	
438	-2.065350	-0.984513	1.775547	
439	-2.066889	-0.990849	1.782005	
440	-2.067945	-0.997135	1.786706	
441	-2.069416	-1.004009	1.791753	
442	-2.070861	-1.009552	1.797809	
443	-2.072301	-1.014948	1.802929	
444	-2.073555	-1.021386	1.808374	
445	-2.075140	-1.027078	1.813818	
446	-2.075941	-1.033841	1.820365	
447	-2.077413	-1.039902	1.824573	
448	-2.078768	-1.046693	1.829813	
449	-2.080124	-1.053164	1.836737	
450	-2.081451	-1.059345	1.840404	
451	-2.083415	-1.065911	1.847677	
452	-2.084818	-1.071456	1.853467	
453	-2.087791	-1.076810	1.857576	
454	-2.089342	-1.085007	1.866528	
455	-2.091462	-1.091133	1.872675	
456	-2.094575	-1.098432	1.879883	
457	-2.098423	-1.104715	1.888196	
458	-2.102514	-1.111996	1.896707	
459	-2.106233	-1.121671	1.907042	
460	-2.112413	-1.126989	1.915544	
461	-2.117425	-1.135109	1.925722	
462	-2.122770	-1.143280	1.937522	
463	-2.127867	-1.150344	1.948672	
464	-2.132138	-1.157647	1.959823	
465	-2.136837	-1.164896	1.971318	
466	-2.140395	-1.171752	1.982786	
467	-2.143581	-1.178421	1.992988	
468	-2.147213	-1.185353	2.002770	
469	-2.150761	-1.192767	2.012713	
470	-2.153467	-1.198501	2.023582	
471	-2.157344	-1.204954	2.032519	
472	-2.161304	-1.211438	2.043974	
473	-2.163982	-1.217453	2.054265	
474	-2.167056	-1.222882	2.064368	
475	-2.169577	-1.228433	2.073936	
476	-2.171330	-1.233964	2.083903	
477	-2.173648	-1.237897	2.092621	
478	-2.174677	-1.241145	2.101919	
479	-2.175069	-1.244090	2.110441	
480	-2.175910	-1.246938	2.117867	
481	-2.175510	-1.248683	2.126515	
482	-2.173105	-1.250336	2.136297	
483	-2.173287	-1.251633	2.142861	
484	-2.172991	-1.252698	2.150904	
485	-2.169163	-1.253791	2.161064	
486	-2.166802	-1.254088	2.168361	
487	-2.165487	-1.254378	2.174632	
488	-2.157572	-1.258047	2.194532	
489	-2.155010	-1.259388	2.201945	
490	-2.150848	-1.262210	2.212738	
491	-2.147402	-1.265205	2.219111	
492	-2.143857	-1.268964	2.226326	
493	-2.138769	-1.273444	2.235130	
494	-2.135475	-1.277560	2.241885	
495	-2.133147	-1.281353	2.248072	
496	-2.128028	-1.286502	2.258732	
497	-2.120756	-1.297041	2.271515	
498	-2.116196	-1.301757	2.279984	
499	-2.111284	-1.305514	2.288463	
500	-2.107960	-1.310918	2.292054	
501	-2.104903	-1.314416	2.297440	
502	-2.099239	-1.319587	2.304416	
503	-2.096600	-1.323317	2.307816	
504	-2.093028	-1.326442	2.313079	
505	-2.088957	-1.328782	2.320148	
506	-2.085764	-1.332851	2.324451	
507	-2.082348	-1.337487	2.327227	
508	-2.076897	-1.341985	2.332738	
509	-2.074183	-1.345049	2.335234	
510	-2.071234	-1.348010	2.338238	
511	-2.066172	-1.351199	2.343633	
512	-2.062005	-1.356387	2.345315	
513	-2.057739	-1.361726	2.347159	
514	-2.051348	-1.366121	2.353165	
515	-2.047856	-1.369513	2.356596	
516	-2.043096	-1.374055	2.361250	
517	-2.036954	-1.378962	2.367982	
518	-2.032524	-1.383715	2.373646	
519	-2.028199	-1.387752	2.381429	
520	-2.021374	-1.393038	2.391382	
521	-2.018121	-1.397386	2.399055	
522	-2.013508	-1.401515	2.408442	
523	-2.008326	-1.407156	2.418065	
524	-2.003759	-1.412177	2.427564	
525	-1.998172	-1.418567	2.436933	
526	-1.994852	-1.425758	2.444136	
527	-1.989709	-1.430717	2.453672	
528	-1.984185	-1.435815	2.463223	
529	-1.979895	-1.441566	2.471631	
530	-1.975779	-1.446781	2.479670	
531	-1.970975	-1.451048	2.488746	
532	-1.966824	-1.456133	2.496491	
533	-1.963174	-1.458962	2.505656	
534	-1.958401	-1.461873	2.513914	
535	-1.953190	-1.466027	2.521504	
536	-1.948914	-1.469714	2.528583	
537	-1.943579	-1.472533	2.535888	
538	-1.937319	-1.476987	2.541739	
539	-1.934759	-1.479620	2.547771	
540	-1.929001	-1.483055	2.553802	
541	-1.921520	-1.487774	2.559927	
542	-1.917587	-1.490957	2.565451	
543	-1.911843	-1.493732	2.571299	
544	-1.904509	-1.497192	2.577069	
545	-1.898517	-1.499869	2.582595	
546	-1.893492	-1.501696	2.587547	
547	-1.886602	-1.502973	2.593500	
548	-1.878445	-1.504960	2.597608	
549	-1.871579	-1.506417	2.601987	
550	-1.863951	-1.507786	2.605439	
551	-1.856191	-1.507934	2.610934	
552	-1.847362	-1.509252	2.613913	
553	-1.841173	-1.509478	2.617569	
554	-1.831317	-1.508488	2.622412	
555	-1.818110	-1.509556	2.627225	
556	-1.811876	-1.508834	2.630847	
557	-1.801987	-1.507728	2.636275	
558	-1.789511	-1.507243	2.641500	
559	-1.781554	-1.506300	2.645941	
560	-1.772995	-1.504493	2.650643	
561	-1.760698	-1.503634	2.655374	
562	-1.751046	-1.503456	2.659070	
563	-1.733154	-1.500755	2.666238	
564	-1.722026	-1.500980	2.669446	
565	-1.713740	-1.500628	2.671312	
566	-1.704196	-1.500010	2.673473	
567	-1.694072	-1.500171	2.675961	
568	-1.685425	-1.501031	2.676209	
569	-1.677712	-1.501622	2.677017	
570	-1.668723	-1.501880	2.679417	
571	-1.660765	-1.502805	2.680398	
572	-1.653309	-1.504713	2.679406	
573	-1.645334	-1.506422	2.679534	
574	-1.637531	-1.507924	2.680287	
575	-1.631261	-1.508831	2.680621	
576	-1.624909	-1.509591	2.681348	
577	-1.616775	-1.510676	2.683213	
578	-1.605490	-1.513765	2.683599	
579	-1.598624	-1.514308	2.685333	
580	-1.591046	-1.515414	2.686847	
581	-1.586042	-1.517023	2.686571	
582	-1.579475	-1.517397	2.688713	
583	-1.571551	-1.519498	2.690107	
584	-1.566701	-1.521193	2.691082	
585	-1.553985	-1.523369	2.695549	
586	-1.548400	-1.524400	2.698431	
587	-1.543056	-1.525272	2.700444	
588	-1.536538	-1.526181	2.703091	
589	-1.530082	-1.527471	2.704111	
590	-1.517407	-1.528659	2.709064	
591	-1.511400	-1.529461	2.711615	
592	-1.503945	-1.530709	2.714268	
593	-1.498491	-1.531324	2.717538	
594	-1.492921	-1.532647	2.720169	
595	-1.485802	-1.533638	2.722945	
596	-1.479019	-1.533988	2.726567	
597	-1.475084	-1.533983	2.729384	
598	-1.468040	-1.533726	2.732529	
599	-1.460973	-1.533355	2.735906	
600	-1.455959	-1.533127	2.737473	
601	-1.451031	-1.532876	2.738062	
602	-1.442292	-1.531680	2.742568	
603	-1.435385	-1.529669	2.746984	
604	-1.430932	-1.529581	2.746386	
605	-1.422196	-1.528466	2.749611	
606	-1.412952	-1.527002	2.752944	
607	-1.407562	-1.525964	2.754106	
608	-1.399081	-1.524325	2.757727	
609	-1.390842	-1.523509	2.758497	
610	-1.382048	-1.522385	2.761123	
611	-1.374254	-1.521327	2.763106	
612	-1.367589	-1.520130	2.763355	
613	-1.357936	-1.519299	2.763883	
614	-1.350636	-1.518144	2.763258	
615	-1.343635	-1.516807	2.762225	
616	-1.335138	-1.515283	2.761576	
617	-1.327285	-1.514096	2.760923	
618	-1.320813	-1.513388	2.758790	
619	-1.311517	-1.513475	2.756600	
620	-1.304636	-1.513494	2.755165	
621	-1.299156	-1.513461	2.752913	
622	-1.291196	-1.513486	2.751632	
623	-1.284017	-1.513795	2.749839	
624	-1.278938	-1.514516	2.745825	
625	-1.271281	-1.514782	2.744326	
626	-1.264004	-1.515143	2.742517	
627	-1.251061	-1.515686	2.738630	
628	-1.243221	-1.516549	2.736499	
629	-1.237812	-1.517741	2.733655	
630	-1.230376	-1.518857	2.732324	
631	-1.224134	-1.519897	2.730759	
632	-1.217772	-1.521506	2.728428	
633	-1.211037	-1.523134	2.726237	
634	-1.205340	-1.524202	2.724167	
635	-1.199798	-1.525151	2.722705	
636	-1.194668	-1.525598	2.721571	
637	-1.185456	-1.525640	2.717171	
638	-1.181395	-1.525481	2.714769	
639	-1.176459	-1.524292	2.713461	
640	-1.169843	-1.523628	2.711116	
641	-1.163255	-1.523071	2.709278	
642	-1.160897	-1.522032	2.707090	
643	-1.157292	-1.520468	2.705882	
644	-1.150548	-1.519687	2.704173	
645	-1.147636	-1.518095	2.703224	
646	-1.144682	-1.516191	2.702299	
647	-1.138142	-1.514402	2.701377	
648	-1.132115	-1.512748	2.699827	
649	-1.128361	-1.510880	2.698165	
650	-1.123472	-1.508616	2.696610	
651	-1.117724	-1.506039	2.694651	
652	-1.112234	-1.502763	2.693392	
653	-1.107744	-1.499263	2.691638	
654	-1.101038	-1.495786	2.689981	
655	-1.094797	-1.492020	2.688181	
656	-1.089705	-1.487870	2.686334	
657	-1.080876	-1.484298	2.684010	
658	-1.078079	-1.479571	2.682578	
659	-1.073486	-1.474832	2.681373	
660	-1.063767	-1.472057	2.678555	
661	-1.058897	-1.468117	2.677085	
662	-1.055318	-1.463981	2.675225	
663	-1.049153	-1.460193	2.672328	
664	-1.044456	-1.456114	2.669350	
665	-1.040421	-1.451796	2.666364	
666	-1.036852	-1.447118	2.662683	
667	-1.033982	-1.442105	2.659168	
668	-1.027743	-1.437954	2.654140	
669	-1.021913	-1.433260	2.649674	
670	-1.018232	-1.427234	2.646627	
671	-1.010857	-1.422604	2.641247	
672	-1.002216	-1.417240	2.636322	
673	-0.988950	-1.408098	2.624804	
674	-0.976360	-1.404047	2.618684	
675	-0.965744	-1.397032	2.607439	
676	-0.960330	-1.395695	2.600262	
677	-0.959190	-1.391102	2.596972	
678	-0.956159	-1.386441	2.593692	
679	-0.948513	-1.383579	2.587955	
680	-0.942173	-1.379786	2.583727	
681	-0.939310	-1.374570	2.581548	
682	-0.933188	-1.371535	2.577937	
683	-0.927249	-1.368161	2.575135	
684	-0.918403	-1.360134	2.571900	
685	-0.913167	-1.357493	2.569427	
686	-0.911848	-1.351531	2.570230	
687	-0.908184	-1.347356	2.569483	
688	-0.901552	-1.345240	2.567590	
689	-0.899771	-1.338542	2.570105	
690	-0.896749	-1.333726	2.570514	
691	-0.892070	-1.330164	2.570071	
692	-0.889246	-1.324987	2.571573	
693	-0.888534	-1.319227	2.573866	
694	-0.884280	-1.316726	2.573597	
695	-0.881834	-1.312555	2.575334	
696	-0.880754	-1.308135	2.577026	
697	-0.875203	-1.307461	2.575750	
698	-0.874101	-1.303072	2.578388	
699	-0.872903	-1.300019	2.580022	
700	-0.868019	-1.299768	2.579636	
701	-0.867360	-1.296138	2.582431	
702	-0.865386	-1.293771	2.583803	
703	-0.861670	-1.292336	2.585146	
704	-0.860242	-1.289270	2.588201	
705	-0.857475	-1.287125	2.590381	
706	-0.855033	-1.284689	2.593162	
707	-0.852451	-1.281925	2.596121	
708	-0.850544	-1.279282	2.599061	
709	-0.846930	-1.277624	2.601022	
710	-0.844918	-1.274708	2.603977	
711	-0.842813	-1.271973	2.606850	
712	-0.834486	-1.265237	2.615458	
713	-0.828997	-1.265322	2.615603	
714	-0.822962	-1.265565	2.616821	
715	-0.821785	-1.262818	2.620815	
716	-0.815742	-1.263835	2.621812	
717	-0.812191	-1.263233	2.624569	
718	-0.810525	-1.260878	2.628249	
719	-0.805855	-1.261091	2.630118	
720	-0.802323	-1.260350	2.632811	
721	-0.799891	-1.258534	2.636182	
722	-0.794494	-1.259608	2.636862	
723	-0.789443	-1.260197	2.639001	
724	-0.787175	-1.258986	2.642379	
725	-0.784036	-1.258862	2.644571	
726	-0.777723	-1.261376	2.645040	
727	-0.775543	-1.259749	2.649562	
728	-0.772551	-1.259137	2.652431	
729	-0.766848	-1.261170	2.653360	
730	-0.763241	-1.260702	2.657956	
731	-0.760707	-1.260181	2.660596	
732	-0.755141	-1.261984	2.661726	
733	-0.752559	-1.261293	2.665953	
734	-0.748899	-1.261755	2.668379	
735	-0.744046	-1.263693	2.669603	
736	-0.741886	-1.262972	2.673275	
737	-0.738221	-1.263784	2.675244	
738	-0.734231	-1.265292	2.677368	
739	-0.731689	-1.266058	2.680280	
740	-0.727087	-1.269572	2.680194	
741	-0.725064	-1.271112	2.683046	
742	-0.723532	-1.272010	2.686255	
743	-0.722331	-1.273202	2.688311	
744	-0.722070	-1.273121	2.692025	
745	-0.719836	-1.274484	2.694238	
746	-0.718402	-1.275598	2.697538	
747	-0.717152	-1.276511	2.700628	
748	-0.714950	-1.277617	2.703182	
749	-0.712618	-1.278999	2.705838	
750	-0.712765	-1.278285	2.710151	
751	-0.709821	-1.280160	2.712636	
752	-0.707563	-1.281721	2.716877	
753	-0.706563	-1.282565	2.722108	
754	-0.704208	-1.284801	2.725976	
755	-0.701083	-1.288135	2.729295	
756	-0.699562	-1.290486	2.734534	
757	-0.697668	-1.293558	2.739038	
758	-0.693645	-1.298751	2.742916	
759	-0.693078	-1.301379	2.749546	
760	-0.690064	-1.305762	2.754118	
761	-0.687533	-1.309728	2.760008	
762	-0.685802	-1.313228	2.766894	
763	-0.684128	-1.316586	2.772472	
764	-0.681613	-1.320344	2.777897	
765	-0.678864	-1.324437	2.783549	
766	-0.675871	-1.328892	2.789289	
767	-0.674052	-1.332099	2.796213	
768	-0.670516	-1.336969	2.800585	
769	-0.668380	-1.340301	2.806860	
770	-0.668062	-1.341872	2.813704	
771	-0.663557	-1.346631	2.817441	
772	-0.660942	-1.349550	2.823246	
773	-0.658633	-1.351870	2.828419	
774	-0.654078	-1.355744	2.830423	
775	-0.652750	-1.356370	2.836748	
776	-0.651133	-1.356823	2.841774	
777	-0.646026	-1.359068	2.844687	
778	-0.642285	-1.359979	2.848818	
779	-0.638329	-1.360610	2.852923	
780	-0.632476	-1.363509	2.853289	
781	-0.627856	-1.365252	2.855169	
782	-0.623553	-1.366924	2.856464	
783	-0.617713	-1.369449	2.856021	
784	-0.611396	-1.372235	2.856950	
785	-0.606455	-1.373979	2.858696	
786	-0.599196	-1.376150	2.859434	
787	-0.593765	-1.377819	2.860693	
788	-0.581850	-1.381215	2.864684	
789	-0.574297	-1.383349	2.867034	
790	-0.567665	-1.385508	2.869743	
791	-0.559889	-1.388082	2.870803	
792	-0.552109	-1.390398	2.871886	
793	-0.543128	-1.393980	2.872416	
794	-0.536047	-1.396072	2.874785	
795	-0.527378	-1.398631	2.875580	
796	-0.517810	-1.401935	2.875665	
797	-0.510727	-1.403190	2.878489	
798	-0.502949	-1.404987	2.880054	
799	-0.493610	-1.408087	2.880581	
800	-0.486506	-1.409556	2.883350	
801	-0.469656	-1.415114	2.883094	
802	-0.457205	-1.417773	2.885131	
803	-0.444905	-1.420702	2.885753	
804	-0.439245	-1.421825	2.886168	
805	-0.432567	-1.423553	2.885325	
806	-0.428528	-1.422935	2.886947	
807	-0.421990	-1.423526	2.886459	
808	-0.415027	-1.424520	2.885755	
809	-0.408607	-1.423906	2.886672	
810	-0.400987	-1.424979	2.885718	
811	-0.392728	-1.426628	2.884550	
812	-0.385674	-1.425976	2.885657	
813	-0.379313	-1.426861	2.885757	
814	-0.371192	-1.428340	2.884673	
815	-0.365089	-1.427728	2.885886	
816	-0.358240	-1.428572	2.885657	
817	-0.350335	-1.429525	2.883916	
818	-0.345286	-1.428484	2.884310	
819	-0.338555	-1.429501	2.881758	
820	-0.332708	-1.430261	2.879834	
821	-0.326969	-1.429820	2.878797	
822	-0.321177	-1.429653	2.877145	
823	-0.315243	-1.429032	2.875650	
824	-0.309404	-1.427504	2.874553	
825	-0.303493	-1.427140	2.872488	
826	-0.297861	-1.425185	2.871089	
827	-0.293229	-1.422531	2.869897	
828	-0.288348	-1.420394	2.867764	
829	-0.276282	-1.414350	2.863911	
830	-0.270397	-1.411436	2.860866	
831	-0.265025	-1.408398	2.857098	
832	-0.259075	-1.403959	2.853785	
833	-0.253226	-1.399793	2.849681	
834	-0.245785	-1.396230	2.844306	
835	-0.238417	-1.391448	2.839696	
836	-0.230121	-1.386347	2.835131	
837	-0.221632	-1.383251	2.828563	
838	-0.212107	-1.379556	2.822355	
839	-0.203814	-1.375216	2.816430	
840	-0.194732	-1.371720	2.809857	
841	-0.177148	-1.365028	2.795695	
842	-0.169624	-1.361700	2.788976	
843	-0.162205	-1.358899	2.781412	
844	-0.154125	-1.355160	2.775014	
845	-0.148218	-1.352981	2.767875	
846	-0.140185	-1.349929	2.761731	
847	-0.132949	-1.347032	2.754963	
848	-0.127867	-1.345446	2.748607	
849	-0.119995	-1.342189	2.743060	
850	-0.114066	-1.343037	2.733840	
851	-0.106389	-1.342685	2.726833	
852	-0.097764	-1.339236	2.722716	
853	-0.094608	-1.340428	2.714796	
854	-0.088243	-1.341747	2.707491	
855	-0.081109	-1.341156	2.701229	
856	-0.076601	-1.340795	2.694433	
857	-0.071365	-1.340090	2.687509	
858	-0.066414	-1.339248	2.680069	
859	-0.060095	-1.337911	2.673143	
860	-0.053499	-1.336034	2.667279	
861	-0.048409	-1.335978	2.659836	
862	-0.041562	-1.335798	2.653801	
863	-0.034503	-1.336625	2.646693	
864	-0.027239	-1.337816	2.640529	
865	-0.020018	-1.338721	2.635218	
866	-0.013555	-1.340794	2.628691	
867	-0.005538	-1.342660	2.622910	
868	0.001516	-1.344407	2.617696	
869	0.007158	-1.346834	2.610998	
870	0.012888	-1.349613	2.603958	
871	0.020668	-1.351400	2.598306	
872	0.026559	-1.353692	2.591800	
873	0.032868	-1.355871	2.584649	
874	0.037756	-1.358425	2.576781	
875	0.050057	-1.360637	2.563189	
876	0.052852	-1.362633	2.554152	
877	0.057619	-1.363640	2.546623	
878	0.060486	-1.365074	2.537388	
879	0.068638	-1.364955	2.522442	
880	0.070083	-1.364527	2.513705	
881	0.072396	-1.364162	2.505228	
882	0.076901	-1.362354	2.498941	
883	0.078825	-1.361343	2.491384	
884	0.080117	-1.361217	2.482703	
885	0.080597	-1.359857	2.474235	
886	0.084047	-1.358649	2.464863	
887	0.085501	-1.357544	2.456045	
888	0.088616	-1.355784	2.446882	
889	0.090737	-1.354091	2.438788	
890	0.093768	-1.352861	2.429578	
891	0.095935	-1.352665	2.419581	
892	0.099542	-1.351709	2.410528	
893	0.101710	-1.350905	2.400518	
894	0.103711	-1.350886	2.388783	
895	0.107242	-1.351198	2.378310	
896	0.110657	-1.352027	2.369053	
897	0.114196	-1.353219	2.361785	
898	0.119062	-1.353653	2.354879	
899	0.122818	-1.353312	2.347759	
900	0.125906	-1.352644	2.339942	
901	0.128352	-1.351688	2.333154	
902	0.132472	-1.349875	2.326708	
903	0.134716	-1.348125	2.319974	
904	0.137652	-1.346534	2.313398	
905	0.140582	-1.344466	2.307552	
906	0.143197	-1.342398	2.301405	
907	0.146429	-1.340995	2.294757	
908	0.150571	-1.338807	2.289055	
909	0.155849	-1.336976	2.282988	
910	0.160530	-1.335927	2.278042	
911	0.166519	-1.334044	2.274909	
912	0.172172	-1.332896	2.271746	
913	0.176547	-1.332561	2.268481	
914	0.182165	-1.330746	2.265139	
915	0.187374	-1.328698	2.261208	
916	0.192532	-1.326903	2.257922	
917	0.194621	-1.324513	2.256243	
918	0.197982	-1.322421	2.253437	
919	0.202272	-1.321067	2.250628	
920	0.205182	-1.318843	2.249310	
921	0.208493	-1.317259	2.247488	
922	0.212653	-1.316264	2.245584	
923	0.216420	-1.314649	2.244285	
924	0.220428	-1.313572	2.242718	
925	0.224359	-1.312807	2.241973	
926	0.228156	-1.311507	2.242350	
927	0.233574	-1.311197	2.241562	
928	0.238165	-1.311196	2.241930	
929	0.240249	-1.310321	2.243686	
930	0.245585	-1.310353	2.244203	
931	0.249621	-1.311003	2.245978	
932	0.252182	-1.311043	2.249428	
933	0.255682	-1.311797	2.251079	
934	0.258478	-1.312433	2.253547	
935	0.260926	-1.312802	2.256200	
936	0.264017	-1.313502	2.257246	
937	0.266699	-1.314397	2.259329	
938	0.268818	-1.314658	2.263519	
939	0.270325	-1.315178	2.267402	
940	0.272790	-1.315687	2.271120	
941	0.275566	-1.316015	2.273892	
942	0.279212	-1.316534	2.277003	
943	0.281669	-1.317068	2.280379	
944	0.283346	-1.316926	2.285249	
945	0.286082	-1.317156	2.288451	
946	0.289782	-1.317411	2.291308	
947	0.292296	-1.317581	2.295399	
948	0.295590	-1.318669	2.297557	
949	0.298309	-1.319155	2.300791	
950	0.305415	-1.320612	2.304193	
951	0.307091	-1.321086	2.307706	
952	0.308761	-1.321107	2.309293	
953	0.311245	-1.320974	2.313099	
954	0.312180	-1.319568	2.316381	
955	0.314758	-1.318536	2.319087	
956	0.317264	-1.317630	2.321258	
957	0.319203	-1.316041	2.326428	
958	0.319919	-1.314091	2.331470	
959	0.320035	-1.311971	2.335699	
960	0.323055	-1.311365	2.339716	
961	0.324733	-1.310903	2.345166	
962	0.325486	-1.309363	2.350506	
963	0.329400	-1.309750	2.351961	
964	0.331247	-1.309598	2.357895	
965	0.331589	-1.308931	2.363475	
966	0.336953	-1.309881	2.365862	
967	0.338850	-1.309851	2.371695	
968	0.342442	-1.310356	2.377106	
969	0.348670	-1.312814	2.380169	
970	0.351859	-1.313864	2.386086	
971	0.353501	-1.314193	2.392520	
972	0.358299	-1.316748	2.396875	
973	0.360905	-1.317737	2.405810	
974	0.361401	-1.317018	2.413432	
975	0.364544	-1.318952	2.418259	
976	0.366034	-1.319139	2.427795	
977	0.369420	-1.320730	2.432756	
978	0.373712	-1.323889	2.440715	
979	0.372067	-1.322107	2.448194	
980	0.374161	-1.322715	2.449810	
981	0.378358	-1.323965	2.455412	
982	0.379029	-1.323240	2.463352	
983	0.381116	-1.324359	2.466239	
984	0.383567	-1.324826	2.471464	
985	0.383600	-1.324376	2.477514	
986	0.384523	-1.324970	2.480605	
987	0.386782	-1.325318	2.485838	
988	0.388761	-1.326311	2.490450	
989	0.390498	-1.327539	2.492653	
990	0.392939	-1.327523	2.499473	
991	0.393651	-1.327288	2.503823	
992	0.394602	-1.328072	2.507266	
993	0.396033	-1.326452	2.513797	
994	0.397718	-1.326001	2.517224	
995	0.400600	-1.326658	2.520160	
996	0.402524	-1.324643	2.525562	
997	0.401085	-1.320917	2.532811	
998	0.402729	-1.320080	2.535433	
999	0.404963	-1.318117	2.541493	
1000	0.407797	-1.316059	2.553719	
1001	0.409005	-1.313289	2.563982	
1002	0.409943	-1.312540	2.572132	
1003	0.410620	-1.313355	2.577636	
1004	0.410439	-1.311813	2.584812	
1005	0.410096	-1.311624	2.590028	
1006	0.409861	-1.310216	2.595295	
1007	0.410120	-1.309747	2.598838	
1008	0.410311	-1.309686	2.602281	
1009	0.410972	-1.309955	2.606226	
1010	0.410839	-1.310212	2.607392	
1011	0.412406	-1.310985	2.610550	
1012	0.412409	-1.310205	2.613647	
1013	0.412798	-1.309968	2.617526	
1014	0.413986	-1.310331	2.617840	
1015	0.416560	-1.313049	2.622359	
1016	0.415879	-1.312398	2.626875	
1017	0.417397	-1.312441	2.628047	
1018	0.419609	-1.313596	2.629888	
1019	0.421824	-1.312299	2.632767	
1020	0.424131	-1.312531	2.632289	
1021	0.422661	-1.308955	2.633615	
1022	0.425104	-1.308404	2.632689	
1023	0.425694	-1.302718	2.631351	
1024	0.428430	-1.296482	2.627502	
1025	0.427804	-1.291038	2.625859	
1026	0.428456	-1.287590	2.625515	
1027	0.431576	-1.285328	2.623321	
1028	0.432476	-1.281413	2.623143	
1029	0.434203	-1.277961	2.623663	
1030	0.436834	-1.274845	2.623450	
1031	0.436771	-1.269214	2.623763	
1032	0.438897	-1.265632	2.623999	
1033	0.442516	-1.264112	2.624905	
1034	0.442805	-1.259239	2.625502	
1035	0.445446	-1.255772	2.624452	
1036	0.449187	-1.254667	2.625375	
1037	0.450945	-1.251136	2.625177	
1038	0.452103	-1.247509	2.625703	
1039	0.455789	-1.245738	2.624754	
1040	0.457986	-1.243634	2.624383	
1041	0.459738	-1.240775	2.623076	
1042	0.461371	-1.238110	2.621395	
1043	0.464096	-1.236608	2.618821	
1044	0.465452	-1.234010	2.616252	
1045	0.466996	-1.232358	2.615077	
1046	0.468917	-1.231059	2.614141	
1047	0.470236	-1.227572	2.613796	
1048	0.472507	-1.226718	2.612932	
1049	0.473556	-1.225163	2.612148	
1050	0.474171	-1.224509	2.613005	
1051	0.475034	-1.223748	2.613579	
1052	0.475823	-1.222220	2.613355	
1053	0.475927	-1.221580	2.615067	
1054	0.476941	-1.219439	2.613976	
1055	0.477560	-1.217640	2.614135	
1056	0.477241	-1.217282	2.617366	
1057	0.477416	-1.215254	2.618383	
1058	0.477027	-1.215361	2.622814	
1059	0.477035	-1.212504	2.623024	
1060	0.478104	-1.211271	2.623999	
1061	0.477837	-1.212905	2.629263	
1062	0.475877	-1.211535	2.632781	
1063	0.476609	-1.211893	2.635401	
1064	0.477347	-1.210129	2.635563	
1065	0.476485	-1.206655	2.635251	
1066	0.478868	-1.207963	2.637266	
1067	0.479435	-1.206894	2.638396	
1068	0.478357	-1.204298	2.639989	
1069	0.480022	-1.205168	2.642852	
1070	0.480208	-1.206870	2.648210	
1071	0.477174	-1.204869	2.653514	
1072	0.477023	-1.203381	2.656207	
1073	0.475943	-1.205121	2.663994	
1074	0.473201	-1.201562	2.667604	
1075	0.473494	-1.199295	2.669285	
1076	0.473188	-1.196036	2.670262	
1077	0.471130	-1.194822	2.675979	
1078	0.470122	-1.193917	2.680664	
1079	0.469310	-1.193687	2.685492	
1080	0.468838	-1.193919	2.690159	
1081	0.466507	-1.191829	2.694461	
1082	0.468010	-1.192182	2.696898	
1083	0.468351	-1.192306	2.700252	
1084	0.465586	-1.189996	2.704320	
1085	0.468618	-1.191717	2.704658	
1086	0.468590	-1.191149	2.705523	
1087	0.466222	-1.187293	2.705310	
1088	0.467842	-1.188046	2.704229	
1089	0.465110	-1.184852	2.703530	
1090	0.461870	-1.184576	2.706618	
1091	0.462799	-1.186928	2.706002	
1092	0.459642	-1.186771	2.707726	
1093	0.456734	-1.186803	2.708915	
1094	0.456875	-1.188950	2.706809	
1095	0.452235	-1.189336	2.710521	
1096	0.451398	-1.190350	2.708530	
1097	0.449944	-1.192230	2.708328	
1098	0.445527	-1.191032	2.709495	
1099	0.445093	-1.194724	2.709913	
1100	0.441633	-1.196455	2.712207	
1101	0.435440	-1.200201	2.716065	
1102	0.431488	-1.200875	2.717945	
1103	0.428113	-1.203695	2.722805	
1104	0.424322	-1.207278	2.729450	
1105	0.419722	-1.207989	2.732848	
1106	0.415860	-1.209941	2.736979	
1107	0.412479	-1.211663	2.739720	
1108	0.408000	-1.213827	2.745564	
1109	0.404030	-1.216138	2.750263	
1110	0.399847	-1.217465	2.753127	
1111	0.395766	-1.220386	2.757851	
1112	0.391339	-1.223149	2.761877	
1113	0.387213	-1.226852	2.766436	
1114	0.382035	-1.227560	2.767313	
1115	0.377774	-1.231987	2.772954	
1116	0.366180	-1.237483	2.782300	
1117	0.361034	-1.240305	2.784863	
1118	0.355737	-1.244378	2.790260	
1119	0.348965	-1.245531	2.792994	
1120	0.343421	-1.247203	2.794040	
1121	0.337516	-1.251320	2.802000	
1122	0.331348	-1.252379	2.804085	
1123	0.327579	-1.258422	2.811138	
1124	0.321801	-1.262038	2.819518	
1125	0.315042	-1.259747	2.817523	
1126	0.310898	-1.262510	2.821178	
1127	0.305702	-1.263068	2.824519	
1128	0.301800	-1.265011	2.827850	
1129	0.298207	-1.266965	2.830286	
1130	0.293944	-1.266942	2.831872	
1131	0.292180	-1.270937	2.835951	
1132	0.289330	-1.272301	2.838350	
1133	0.286770	-1.273160	2.838649	
1134	0.285948	-1.275461	2.838353	
1135	0.284840	-1.277966	2.840264	
1136	0.283472	-1.279024	2.839643	
1137	0.282445	-1.280549	2.840127	
1138	0.282391	-1.283249	2.840911	
1139	0.280734	-1.283120	2.841322	
1140	0.279958	-1.283454	2.840142	
1141	0.279795	-1.285383	2.841547	
1142	0.277737	-1.284305	2.841429	
1143	0.276865	-1.285419	2.843118	
1144	0.275388	-1.285391	2.842646	
1145	0.273331	-1.284948	2.844275	
1146	0.271683	-1.285112	2.846334	
1147	0.270050	-1.286288	2.851267	
1148	0.266916	-1.284945	2.852520	
1149	0.265416	-1.286710	2.856934	
1150	0.264381	-1.289093	2.860897	
1151	0.260809	-1.289439	2.866463	
1152	0.259939	-1.293277	2.871443	
1153	0.257928	-1.295617	2.875089	
1154	0.254521	-1.297189	2.879208	
1155	0.252711	-1.300323	2.881951	
1156	0.250244	-1.303015	2.885004	
1157	0.247786	-1.306044	2.887861	
1158	0.245742	-1.309577	2.890908	
1159	0.243371	-1.312612	2.894300	
1160	0.241315	-1.315820	2.896313	
1161	0.238838	-1.319365	2.899329	
1162	0.236248	-1.322372	2.902194	
1163	0.234859	-1.326961	2.903740	
1164	0.231757	-1.329337	2.907332	
1165	0.229527	-1.332549	2.907832	
1166	0.228026	-1.336614	2.910941	
1167	0.225533	-1.339088	2.913307	
1168	0.224365	-1.343066	2.915183	
1169	0.222881	-1.346485	2.918491	
1170	0.220896	-1.348881	2.921479	
1171	0.219836	-1.352312	2.924251	
1172	0.218582	-1.355428	2.927984	
1173	0.216427	-1.357541	2.930567	
1174	0.214004	-1.359739	2.932980	
1175	0.213086	-1.363401	2.935144	
1176	0.210141	-1.364643	2.940594	
1177	0.207611	-1.366359	2.942366	
1178	0.205888	-1.368771	2.947203	
1179	0.202759	-1.370034	2.951423	
1180	0.200428	-1.372053	2.955311	
1181	0.198360	-1.375103	2.959791	
1182	0.195875	-1.377820	2.964120	
1183	0.193120	-1.381064	2.969347	
1184	0.190403	-1.384798	2.974169	
1185	0.186553	-1.388209	2.978282	
1186	0.182667	-1.391912	2.982428	
1187	0.178952	-1.396732	2.987688	
1188	0.174172	-1.400546	2.993826	
1189	0.170333	-1.405071	2.998263	
1190	0.166480	-1.410109	3.002969	
1191	0.160828	-1.413662	3.008905	
1192	0.156175	-1.418214	3.013437	
1193	0.150444	-1.422961	3.019062	
1194	0.143747	-1.427129	3.025631	
1195	0.138885	-1.432947	3.031248	
1196	0.133672	-1.438321	3.037549	
1197	0.128601	-1.443087	3.043847	
1198	0.124160	-1.448164	3.050899	
1199	0.119525	-1.453174	3.057396	
1200	0.114978	-1.458292	3.063525	
1201	0.110412	-1.463337	3.069749	
1202	0.102961	-1.474405	3.085762	
1203	0.099232	-1.479661	3.092747	
1204	0.095796	-1.484668	3.100297	
1205	0.092800	-1.489851	3.107334	
1206	0.090745	-1.495354	3.115856	
1207	0.088166	-1.499745	3.124530	
1208	0.086779	-1.504734	3.132141	
1209	0.085049	-1.509481	3.140782	
1210	0.083255	-1.514357	3.149174	
1211	0.081280	-1.518777	3.154556	
1212	0.079197	-1.522822	3.162018	
1213	0.076207	-1.530282	3.173744	
1214	0.076128	-1.534403	3.180530	
1215	0.076245	-1.538262	3.184876	
1216	0.077372	-1.542587	3.190739	
1217	0.078898	-1.546448	3.196529	
1218	0.080925	-1.550035	3.203131	
1219	0.083888	-1.553673	3.208300	
1220	0.087087	-1.557201	3.214024	
1221	0.091333	-1.560697	3.220582	
1222	0.095643	-1.563520	3.226342	
1223	0.100913	-1.566756	3.232151	
1224	0.106583	-1.569120	3.239784	
1225	0.112979	-1.571534	3.246295	
1226	0.120291	-1.573971	3.253385	
1227	0.127419	-1.575937	3.261582	
1228	0.135362	-1.578015	3.269080	
1229	0.144303	-1.581389	3.275913	
1230	0.152666	-1.583917	3.285361	
1231	0.161017	-1.586870	3.292037	
1232	0.170100	-1.590641	3.299656	
1233	0.178314	-1.593893	3.306727	
1234	0.186416	-1.597781	3.312625	
1235	0.194882	-1.601674	3.319083	
1236	0.202538	-1.604771	3.324302	
1237	0.210523	-1.608393	3.328969	
1238	0.218268	-1.611422	3.334155	
1239	0.226046	-1.614724	3.340212	
1240	0.232977	-1.618785	3.345734	
1241	0.239143	-1.623124	3.350748	
1242	0.245830	-1.627393	3.357109	
1243	0.251230	-1.631403	3.361306	
1244	0.256992	-1.635127	3.366376	
1245	0.262118	-1.638759	3.371783	
1246	0.267605	-1.643337	3.375837	
1247	0.273675	-1.647345	3.382435	
1248	0.278855	-1.651776	3.387444	
1249	0.284961	-1.657319	3.392335	
1250	0.296511	-1.665223	3.400662	
1251	0.302490	-1.670231	3.405877	
1252	0.308908	-1.675621	3.411446	
1253	0.316280	-1.680982	3.417606	
1254	0.330266	-1.692619	3.430603	
1255	0.337389	-1.698501	3.437485	
1256	0.343600	-1.703935	3.443946	
1257	0.350609	-1.708912	3.450585	
1258	0.356841	-1.713202	3.457645	
1259	0.363252	-1.716652	3.464890	
1260	0.369731	-1.721477	3.469514	
1261	0.376768	-1.725824	3.474970	
1262	0.383089	-1.730041	3.480434	
1263	0.389705	-1.733800	3.484998	
1264	0.395892	-1.737026	3.489183	
1265	0.402887	-1.739572	3.494018	
1266	0.410560	-1.742108	3.498490	
1267	0.419670	-1.745366	3.501908	
1268	0.428828	-1.747800	3.506296	
1269	0.437594	-1.750173	3.509979	
1270	0.447379	-1.752536	3.513603	
1271	0.457398	-1.754276	3.517128	
1272	0.467515	-1.755827	3.520809	
1273	0.479598	-1.757845	3.523439	
1274	0.491064	-1.759293	3.526406	
1275	0.502532	-1.759849	3.529727	
1276	0.514783	-1.761820	3.531254	
1277	0.527454	-1.762489	3.534260	
1278	0.540034	-1.763238	3.536569	
1279	0.552181	-1.763043	3.539555	
1280	0.565007	-1.763490	3.541569	
1281	0.576904	-1.763906	3.543454	
1282	0.588930	-1.764102	3.545269	
1283	0.600439	-1.764900	3.545953	
1284	0.612847	-1.766462	3.546638	
1285	0.625475	-1.767479	3.548418	
1286	0.639110	-1.768714	3.550145	
1287	0.651472	-1.770159	3.551258	
1288	0.663185	-1.771446	3.552191	
1289	0.675791	-1.772098	3.553802	
1290	0.689716	-1.773532	3.554145	
1291	0.702167	-1.773827	3.555396	
1292	0.713789	-1.774705	3.555432	
1293	0.726632	-1.775777	3.556035	
1294	0.738765	-1.777101	3.556283	
1295	0.750566	-1.778081	3.557230	
1296	0.763550	-1.779579	3.557039	
1297	0.774665	-1.779782	3.558211	
1298	0.785679	-1.779850	3.559381	
1299	0.799056	-1.781768	3.559432	
1300	0.811177	-1.782713	3.560880	
1301	0.823508	-1.783888	3.562498	
1302	0.836814	-1.786061	3.563776	
1303	0.848521	-1.786601	3.567209	
1304	0.860497	-1.788573	3.569479	
1305	0.875011	-1.789368	3.573549	
1306	0.886363	-1.791106	3.576780	
1307	0.898935	-1.793473	3.580830	
1308	0.910433	-1.796026	3.585091	
1309	0.920935	-1.797970	3.590918	
1310	0.933211	-1.800809	3.596026	
1311	0.946385	-1.802802	3.602235	
1312	0.957060	-1.804744	3.608680	
1313	0.968876	-1.808820	3.612871	
1314	0.980540	-1.811554	3.618130	
1315	0.989483	-1.813652	3.623410	
1316	0.998713	-1.817114	3.627159	
1317	1.007251	-1.819436	3.631566	
1318	1.023891	-1.822240	3.641587	
1319	1.032219	-1.824530	3.645008	
1320	1.041714	-1.825456	3.649486	
1321	1.049809	-1.826720	3.653116	
1322	1.060286	-1.828676	3.655213	
1323	1.075274	-1.828102	3.658669	
1324	1.083842	-1.829381	3.660857	
1325	1.094499	-1.831200	3.662029	
1326	1.105150	-1.830938	3.664940	
1327	1.115417	-1.832043	3.665755	
1328	1.126229	-1.833826	3.665552	
1329	1.136967	-1.832783	3.666694	
1330	1.148499	-1.833390	3.666205	
1331	1.159754	-1.833125	3.665321	
1332	1.170923	-1.832568	3.664203	
1333	1.184333	-1.831163	3.663056	
1334	1.209057	-1.828899	3.658425	
1335	1.222171	-1.825697	3.658382	
1336	1.233407	-1.822259	3.658254	
1337	1.263781	-1.817285	3.655558	
1338	1.290421	-1.813253	3.650856	
1339	1.305506	-1.809224	3.648791	
1340	1.315455	-1.806292	3.646979	
1341	1.328456	-1.804557	3.642454	
1342	1.340403	-1.802567	3.638618	
1343	1.352678	-1.801641	3.633990	
1344	1.363220	-1.801724	3.628786	
1345	1.379399	-1.797991	3.624705	
1346	1.382770	-1.798618	3.621016	
1347	1.398822	-1.795719	3.616070	
1348	1.403778	-1.794749	3.613064	
1349	1.409683	-1.794813	3.608068	
1350	1.419874	-1.793278	3.603495	
1351	1.428736	-1.790478	3.600078	
1352	1.435251	-1.791448	3.594585	
1353	1.445000	-1.789675	3.589831	
1354	1.454555	-1.787283	3.585877	
1355	1.462738	-1.786793	3.580186	
1356	1.473912	-1.784227	3.575545	
1357	1.482895	-1.781955	3.571548	
1358	1.494343	-1.780744	3.565297	
1359	1.506697	-1.777331	3.561313	
1360	1.517025	-1.775189	3.557755	
1361	1.529185	-1.773238	3.553950	
1362	1.542500	-1.771103	3.549375	
1363	1.552794	-1.767399	3.548584	
1364	1.564284	-1.765786	3.545309	
1365	1.578237	-1.763516	3.541735	
1366	1.589487	-1.760471	3.539696	
1367	1.600668	-1.759565	3.535275	
1368	1.613317	-1.756285	3.531880	
1369	1.621642	-1.754441	3.529250	
1370	1.632845	-1.752042	3.525205	
1371	1.643489	-1.748290	3.523097	
1372	1.652576	-1.746138	3.520421	
1373	1.662330	-1.743633	3.517207	
1374	1.671416	-1.740299	3.513904	
1375	1.679313	-1.738003	3.510342	
1376	1.687372	-1.735591	3.506224	
1377	1.696306	-1.733012	3.500953	
1378	1.704485	-1.730086	3.496128	
1379	1.711907	-1.727727	3.490622	
1380	1.720998	-1.724246	3.484350	
1381	1.730825	-1.718356	3.479267	
1382	1.735792	-1.715338	3.474521	
1383	1.743354	-1.711323	3.467999	
1384	1.752700	-1.704769	3.461256	
1385	1.758327	-1.700898	3.454304	
1386	1.765623	-1.695996	3.446634	
1387	1.773554	-1.690452	3.437446	
1388	1.780354	-1.685753	3.428094	
1389	1.787259	-1.680984	3.418280	
1390	1.793187	-1.675101	3.411905	
1391	1.802183	-1.669860	3.401783	
1392	1.812312	-1.664714	3.391203	
1393	1.818878	-1.659154	3.384398	
1394	1.824676	-1.654562	3.377423	
1395	1.838509	-1.647050	3.363041	
1396	1.850601	-1.637186	3.348864	
1397	1.857918	-1.632376	3.340377	
1398	1.863901	-1.627770	3.333920	
1399	1.870362	-1.624810	3.324693	
1400	1.877192	-1.620653	3.317210	
1401	1.883533	-1.616982	3.309598	
1402	1.889588	-1.614513	3.300913	
1403	1.895527	-1.611307	3.292618	
1404	1.901072	-1.608349	3.283677	
1405	1.906660	-1.603651	3.277322	
1406	1.912779	-1.598640	3.271972	
1407	1.919100	-1.594551	3.263937	
1408	1.926122	-1.589920	3.255915	
1409	1.933258	-1.583910	3.250165	
1410	1.940600	-1.578407	3.242486	
1411	1.948895	-1.572553	3.233903	
1412	1.956461	-1.566827	3.226393	
1413	1.965372	-1.562124	3.216569	
1414	1.975701	-1.554985	3.209121	
1415	1.983793	-1.549241	3.203132	
1416	1.993294	-1.543655	3.196469	
1417	2.003638	-1.537387	3.190382	
1418	2.013546	-1.530427	3.186015	
1419	2.022991	-1.524776	3.179979	
1420	2.033492	-1.518903	3.173165	
1421	2.043449	-1.512631	3.167230	
1422	2.053552	-1.506777	3.160780	
1423	2.061473	-1.501344	3.155667	
1424	2.077247	-1.492153	3.142970	
1425	2.083236	-1.487950	3.138386	
1426	2.089363	-1.484591	3.132561	
1427	2.095601	-1.481570	3.126046	
1428	2.101760	-1.477686	3.119150	
1429	2.107495	-1.472979	3.113487	
1430	2.112371	-1.468582	3.109497	
1431	2.116651	-1.464988	3.104912	
1432	2.121435	-1.461833	3.096565	
1433	2.126815	-1.456804	3.090569	
1434	2.130580	-1.451787	3.086489	
1435	2.134552	-1.446600	3.081565	
1436	2.139218	-1.440771	3.076149	
1437	2.142016	-1.437784	3.067303	
1438	2.145360	-1.433730	3.059659	
1439	2.148254	-1.428599	3.054793	
1440	2.151268	-1.423350	3.048189	
1441	2.155086	-1.418154	3.039759	
1442	2.158225	-1.412795	3.032027	
1443	2.160497	-1.408360	3.024787	
1444	2.164725	-1.402406	3.014068	
1445	2.168186	-1.397712	3.002647	
1446	2.170610	-1.393579	2.995706	
1447	2.172936	-1.389774	2.984536	
1448	2.177092	-1.384251	2.971606	
1449	2.178899	-1.379464	2.967043	
1450	2.179491	-1.376399	2.959684	
1451	2.184667	-1.367969	2.948299	
1452	2.186624	-1.361704	2.940400	
1453	2.185155	-1.359352	2.931121	
1454	2.187001	-1.353033	2.920253	
1455	2.189425	-1.344795	2.911732	
1456	2.189761	-1.339961	2.905329	
1457	2.192124	-1.334173	2.894374	
1458	2.193999	-1.328023	2.885418	
1459	2.195721	-1.321938	2.877236	
1460	2.198196	-1.314949	2.871952	
1461	2.200098	-1.310181	2.860882	
1462	2.202677	-1.305239	2.850452	
1463	2.206079	-1.298370	2.845845	
1464	2.208117	-1.293858	2.834871	
1465	2.212306	-1.287344	2.825729	
1466	2.215384	-1.280825	2.820562	
1467	2.216764	-1.277434	2.808754	
1468	2.221122	-1.271737	2.797358	
1469	2.223969	-1.267633	2.786806	
1470	2.226995	-1.264591	2.775024	
1471	2.236286	-1.254044	2.759078	
1472	2.240407	-1.250831	2.750033	
1473	2.245767	-1.246344	2.743716	
1474	2.251098	-1.242654	2.732912	
1475	2.256761	-1.239294	2.724168	
1476	2.262564	-1.235940	2.714783	
1477	2.267949	-1.232322	2.704390	
1478	2.274570	-1.225986	2.694532	
1479	2.280582	-1.220490	2.687396	
1480	2.284972	-1.216253	2.677917	
1481	2.290545	-1.210152	2.669110	
1482	2.294448	-1.206098	2.661420	
1483	2.298200	-1.201789	2.654113	
1484	2.302238	-1.196444	2.644364	
1485	2.306027	-1.190371	2.638996	
1486	2.308799	-1.186279	2.630592	
1487	2.311730	-1.181511	2.622114	
1488	2.314946	-1.176099	2.616203	
1489	2.316290	-1.172619	2.607073	
1490	2.318608	-1.167331	2.597690	
1491	2.319498	-1.162630	2.589257	
1492	2.320486	-1.158099	2.579861	
1493	2.322999	-1.147104	2.562067	
1494	2.323159	-1.143309	2.551861	
1495	2.323642	-1.137339	2.542467	
1496	2.323958	-1.130934	2.536836	
1497	2.323983	-1.124853	2.528786	
1498	2.321851	-1.121730	2.514928	
1499	2.321834	-1.113979	2.507833	
1500	2.321065	-1.106819	2.501355	
1501	2.321006	-1.098261	2.492163	
1502	2.320913	-1.090140	2.484331	
1503	2.319641	-1.083608	2.474299	
1504	2.318619	-1.077513	2.462502	
1505	2.317450	-1.072622	2.450380	
1506	2.316062	-1.068445	2.437128	
1507	2.315520	-1.062676	2.425073	
1508	2.314485	-1.057441	2.414121	
1509	2.314319	-1.051100	2.403915	
1510	2.313179	-1.045637	2.392125	
1511	2.312421	-1.039448	2.381816	
1512	2.311596	-1.033597	2.372377	
1513	2.309305	-1.030137	2.361800	
1514	2.308944	-1.024054	2.353241	
1515	2.308025	-1.018702	2.345767	
1516	2.306000	-1.016107	2.336405	
1517	2.304172	-1.011549	2.328605	
1518	2.302199	-1.008205	2.321310	
1519	2.300718	-1.004442	2.314370	
1520	2.299767	-0.999294	2.308021	
1521	2.298781	-0.995597	2.301950	
1522	2.298343	-0.992895	2.296615	
1523	2.298636	-0.988638	2.291110	
1524	2.299102	-0.984786	2.286749	
1525	2.299183	-0.982496	2.279911	
1526	2.298598	-0.980463	2.271059	
1527	2.299975	-0.977049	2.264714	
1528	2.300461	-0.974546	2.256151	
1529	2.301960	-0.970660	2.248407	
1530	2.304650	-0.965583	2.240433	
1531	2.308033	-0.959624	2.232629	
1532	2.311914	-0.953702	2.223921	
1533	2.315566	-0.948012	2.214939	
1534	2.318271	-0.943549	2.204874	
1535	2.321590	-0.938977	2.194831	
1536	2.325931	-0.932359	2.185248	
1537	2.329233	-0.928220	2.175574	
1538	2.332962	-0.923522	2.165956	
1539	2.336605	-0.919248	2.156749	
1540	2.340401	-0.915063	2.148190	
1541	2.344098	-0.910276	2.138504	
1542	2.348907	-0.904937	2.131167	
1543	2.352355	-0.901192	2.123312	
1544	2.355469	-0.898734	2.114170	
1545	2.359848	-0.892949	2.107447	
1546	2.363130	-0.888504	2.100345	
1547	2.366288	-0.884764	2.091815	
1548	2.369669	-0.879470	2.084250	
1549	2.372578	-0.874321	2.076373	
1550	2.375859	-0.869127	2.068181	
1551	2.379023	-0.863121	2.059956	
1552	2.381195	-0.858434	2.051687	
1553	2.382904	-0.854612	2.042901	
1554	2.384953	-0.848734	2.034652	
1555	2.385904	-0.843939	2.025233	
1556	2.387454	-0.838490	2.017194	
1557	2.388252	-0.833610	2.008694	
1558	2.388837	-0.829568	1.999986	
1559	2.389507	-0.823877	1.991340	
1560	2.390675	-0.817509	1.982425	
1561	2.391647	-0.811030	1.973973	
1562	2.391953	-0.804958	1.963303	
1563	2.391880	-0.799153	1.953508	
1564	2.392758	-0.785326	1.932825	
1565	2.393596	-0.778474	1.923518	
1566	2.394835	-0.772075	1.913770	
1567	2.396659	-0.764331	1.903264	
1568	2.399590	-0.757173	1.893950	
1569	2.402172	-0.749872	1.883440	
1570	2.405062	-0.743131	1.875222	
1571	2.407658	-0.738319	1.866669	
1572	2.409757	-0.733555	1.856345	
1573	2.411582	-0.729023	1.848096	
1574	2.412959	-0.725694	1.839200	
1575	2.415953	-0.720335	1.831686	
1576	2.417184	-0.718220	1.822310	
1577	2.419765	-0.714920	1.814205	
1578	2.422376	-0.711745	1.806949	
1579	2.427297	-0.705668	1.789080	
1580	2.429798	-0.702231	1.780161	
1581	2.431635	-0.699942	1.771204	
1582	2.434978	-0.696941	1.762478	
1583	2.439327	-0.692153	1.753616	
1584	2.443124	-0.688363	1.744030	
1585	2.446738	-0.684998	1.734113	
1586	2.451477	-0.679694	1.725371	
1587	2.455235	-0.675517	1.714690	
1588	2.459733	-0.671441	1.705182	
1589	2.465362	-0.665557	1.696732	
1590	2.470089	-0.661324	1.686496	
1591	2.474214	-0.658594	1.676361	
1592	2.478761	-0.653877	1.665772	
1593	2.483685	-0.651103	1.657521	
1594	2.487865	-0.645961	1.647098	
1595	2.493902	-0.640049	1.638248	
1596	2.498621	-0.633180	1.629550	
1597	2.503316	-0.628051	1.619503	
1598	2.508513	-0.620937	1.611809	
1599	2.512326	-0.614755	1.602956	
1600	2.516861	-0.608977	1.595823	
1601	2.520470	-0.602962	1.588180	
1602	2.523357	-0.596476	1.580316	
1603	2.526555	-0.590689	1.573533	
1604	2.528619	-0.584462	1.566918	
1605	2.531279	-0.578885	1.562185	
1606	2.533651	-0.571579	1.556863	
1607	2.534027	-0.566506	1.550330	
1608	2.535261	-0.561206	1.544834	
1609	2.535892	-0.556181	1.538802	
1610	2.535612	-0.550860	1.532127	
1611	2.535599	-0.546067	1.526175	
1612	2.534493	-0.541739	1.519131	
1613	2.532835	-0.536476	1.512280	
1614	2.529052	-0.525417	1.496038	
1615	2.526259	-0.518985	1.486941	
1616	2.523302	-0.514376	1.478982	
1617	2.520463	-0.508911	1.470341	
1618	2.517262	-0.503276	1.461699	
1619	2.513390	-0.497055	1.453069	
1620	2.509397	-0.490953	1.444147	
1621	2.506349	-0.484555	1.436370	
1622	2.502301	-0.479159	1.428445	
1623	2.497874	-0.474746	1.420594	
1624	2.493615	-0.470229	1.412096	
1625	2.489464	-0.465548	1.404356	
1626	2.484033	-0.461779	1.395525	
1627	2.479288	-0.459356	1.388396	
1628	2.473938	-0.456701	1.381032	
1629	2.468478	-0.454920	1.373434	
1630	2.463923	-0.451426	1.366939	
1631	2.460309	-0.448306	1.360728	
1632	2.455479	-0.446064	1.351965	
1633	2.452031	-0.443314	1.344050	
1634	2.448285	-0.440733	1.335378	
1635	2.445421	-0.438997	1.328812	
1636	2.441976	-0.437098	1.322360	
1637	2.438284	-0.434047	1.316170	
1638	2.434054	-0.433104	1.309409	
1639	2.430589	-0.429766	1.304275	
1640	2.427699	-0.428029	1.300745	
1641	2.421785	-0.427105	1.294265	
1642	2.417995	-0.424009	1.289826	
1643	2.414702	-0.422149	1.286230	
1644	2.409894	-0.421294	1.282299	
1645	2.406430	-0.419341	1.279637	
1646	2.402389	-0.418674	1.277369	
1647	2.397175	-0.417418	1.273874	
1648	2.394350	-0.413949	1.273008	
1649	2.391266	-0.411056	1.272865	
1650	2.386650	-0.409606	1.270962	
1651	2.382002	-0.407235	1.268670	
1652	2.375994	-0.404863	1.265140	
1653	2.371713	-0.402773	1.263512	
1654	2.367697	-0.400608	1.262268	
1655	2.362006	-0.398469	1.260249	
1656	2.356535	-0.396307	1.258536	
1657	2.350562	-0.392749	1.256635	
1658	2.343753	-0.391691	1.254918	
1659	2.336533	-0.389489	1.252498	
1660	2.329611	-0.388028	1.250798	
1661	2.320786	-0.386405	1.247819	
1662	2.312460	-0.384970	1.245389	
1663	2.304020	-0.383600	1.243224	
1664	2.293618	-0.382627	1.239987	
1665	2.284156	-0.381749	1.237122	
1666	2.276221	-0.380667	1.235477	
1667	2.266520	-0.380703	1.232685	
1668	2.255623	-0.380703	1.228264	
1669	2.246810	-0.380689	1.225558	
1670	2.237342	-0.380211	1.223413	
1671	2.225803	-0.378257	1.219786	
1672	2.215089	-0.378024	1.217332	
1673	2.204401	-0.378333	1.216084	
1674	2.191694	-0.377898	1.214123	
1675	2.179704	-0.375708	1.211777	
1676	2.168991	-0.375306	1.210779	
1677	2.157276	-0.374331	1.209501	
1678	2.145896	-0.371872	1.207859	
1679	2.136538	-0.370943	1.208259	
1680	2.126677	-0.370213	1.208517	
1681	2.117590	-0.368395	1.208321	
1682	2.108352	-0.367664	1.207855	
1683	2.099814	-0.365937	1.207302	
1684	2.092182	-0.363338	1.206965	
1685	2.084064	-0.362740	1.206190	
1686	2.076642	-0.361233	1.204699	
1687	2.070421	-0.359246	1.203929	
1688	2.056392	-0.356745	1.201975	
1689	2.050049	-0.355176	1.201390	
1690	2.043695	-0.353698	1.200171	
1691	2.037474	-0.351123	1.198739	
1692	2.030875	-0.348246	1.196990	
1693	2.025150	-0.344027	1.195330	
1694	2.018159	-0.340227	1.192868	
1695	2.011627	-0.335901	1.190421	
1696	2.005375	-0.332145	1.187492	
1697	1.999521	-0.327066	1.184608	
1698	1.993745	-0.322649	1.181056	
1699	1.988380	-0.318421	1.177505	
1700	1.982988	-0.313858	1.173907	
1701	1.977633	-0.309396	1.169943	
1702	1.972120	-0.305015	1.165975	
1703	1.967067	-0.300626	1.162015	
1704	1.961722	-0.296622	1.157153	
1705	1.956337	-0.292714	1.152204	
1706	1.952069	-0.288699	1.147840	
1707	1.946900	-0.285725	1.142843	
1708	1.941365	-0.281476	1.137902	
1709	1.936634	-0.278344	1.133639	
1710	1.930774	-0.275443	1.129389	
1711	1.924591	-0.270954	1.124801	
1712	1.919626	-0.267577	1.121416	
1713	1.913469	-0.265322	1.117458	
1714	1.906225	-0.261115	1.112873	
1715	1.899498	-0.258332	1.108661	
1716	1.892224	-0.255877	1.104236	
1717	1.884618	-0.252524	1.099765	
1718	1.877079	-0.249727	1.095286	
1719	1.868412	-0.246797	1.090436	
1720	1.860078	-0.243232	1.085973	
1721	1.851629	-0.240655	1.081616	
1722	1.842684	-0.237981	1.077546	
1723	1.832746	-0.234993	1.073048	
1724	1.823387	-0.232427	1.069033	
1725	1.812202	-0.230456	1.064622	
1726	1.802005	-0.227057	1.060877	
1727	1.793583	-0.225114	1.057798	
1728	1.783910	-0.222694	1.054547	
1729	1.766792	-0.218222	1.049314	
1730	1.758576	-0.216696	1.047520	
1731	1.749673	-0.214764	1.045197	
1732	1.742167	-0.213193	1.043494	
1733	1.734838	-0.212169	1.042305	
1734	1.727662	-0.211062	1.041071	
1735	1.721297	-0.208779	1.039654	
1736	1.715069	-0.207642	1.038489	
1737	1.708656	-0.207924	1.036877	
1738	1.702626	-0.206470	1.034893	
1739	1.697227	-0.205803	1.033436	
1740	1.691875	-0.205383	1.032488	
1741	1.686340	-0.204287	1.031530	
1742	1.681798	-0.202982	1.030631	
1743	1.676682	-0.201612	1.029324	
1744	1.672324	-0.200144	1.028153	
1745	1.667021	-0.199322	1.026100	
1746	1.662082	-0.198452	1.023767	
1747	1.656259	-0.196662	1.020949	
1748	1.651481	-0.196599	1.018420	
1749	1.645888	-0.195463	1.015191	
1750	1.640234	-0.192629	1.011603	
1751	1.635633	-0.190984	1.008563	
1752	1.630162	-0.189052	1.004899	
1753	1.624132	-0.185800	1.000784	
1754	1.618112	-0.182010	0.996408	
1755	1.612157	-0.179798	0.991455	
1756	1.606144	-0.174645	0.986444	
1757	1.600458	-0.170924	0.981076	
1758	1.587922	-0.163534	0.969385	
1759	1.581463	-0.159915	0.963181	
1760	1.575774	-0.156341	0.957151	
1761	1.569389	-0.152180	0.950584	
1762	1.564022	-0.148741	0.944408	
1763	1.558102	-0.145511	0.938208	
1764	1.552452	-0.140359	0.932055	
1765	1.547647	-0.136515	0.926281	
1766	1.534784	-0.129047	0.914148	
1767	1.529530	-0.126183	0.908418	
1768	1.524240	-0.121247	0.903062	
1769	1.518582	-0.116846	0.897612	
1770	1.513625	-0.114192	0.892162	
1771	1.509510	-0.110497	0.887460	
1772	1.505602	-0.106901	0.882979	
1773	1.500800	-0.103817	0.878478	
1774	1.496069	-0.102000	0.873983	
1775	1.491676	-0.101292	0.870184	
1776	1.480878	-0.104578	0.860349	
1777	1.475224	-0.105824	0.855336	
1778	1.468836	-0.108289	0.850309	
1779	1.462202	-0.112073	0.844549	
1780	1.454347	-0.114685	0.838957	
1781	1.439421	-0.121789	0.827690	
1782	1.431647	-0.123380	0.822651	
1783	1.423957	-0.124941	0.818165	
1784	1.416700	-0.125246	0.814132	
1785	1.409143	-0.125716	0.810366	
1786	1.401571	-0.127024	0.806268	
1787	1.394946	-0.128225	0.802545	
1788	1.387606	-0.127934	0.798840	
1789	1.374355	-0.127796	0.792906	
1790	1.367725	-0.128643	0.789950	
1791	1.361103	-0.128728	0.787146	
1792	1.355320	-0.128480	0.784617	
1793	1.349130	-0.129491	0.781156	
1794	1.342145	-0.128450	0.778100	
1795	1.337590	-0.128733	0.775223	
1796	1.331718	-0.128989	0.772301	
1797	1.325273	-0.127985	0.769627	
1798	1.319321	-0.127014	0.766781	
1799	1.314150	-0.126684	0.764081	
1800	1.309087	-0.124434	0.761739	
1801	1.304248	-0.123059	0.758164	
1802	1.299666	-0.121646	0.754922	
1803	1.293227	-0.120614	0.751317	
1804	1.290182	-0.119901	0.748288	
1805	1.285824	-0.117029	0.746299	
1806	1.282049	-0.115149	0.744579	
1807	1.277912	-0.114483	0.741705	
1808	1.273464	-0.111719	0.739262	
1809	1.269932	-0.108978	0.736963	
1810	1.265384	-0.107478	0.733324	
1811	1.261093	-0.103876	0.729914	
1812	1.258441	-0.099432	0.726962	
1813	1.254115	-0.096405	0.721798	
1814	1.249110	-0.092948	0.716383	
1815	1.245445	-0.087090	0.711855	
1816	1.242661	-0.084374	0.705723	
1817	1.238764	-0.080830	0.699497	
1818	1.235719	-0.075790	0.694508	
1819	1.233513	-0.073701	0.688284	
1820	1.231095	-0.069999	0.682649	
1821	1.225998	-0.065217	0.677951	
1822	1.224052	-0.063162	0.672341	
1823	1.219898	-0.058720	0.667656	
1824	1.216318	-0.056768	0.662447	
1825	1.213089	-0.056084	0.656632	
1826	1.208289	-0.053664	0.651871	
1827	1.205429	-0.051620	0.647074	
1828	1.200553	-0.050420	0.641839	
1829	1.195439	-0.047568	0.638248	
1830	1.190487	-0.047726	0.633427	
1831	1.185380	-0.047334	0.628638	
1832	1.178381	-0.046526	0.624529	
1833	1.170996	-0.044976	0.620687	
1834	1.164407	-0.045456	0.615714	
1835	1.156007	-0.045010	0.611297	
1836	1.147706	-0.044287	0.607342	
1837	1.141553	-0.045251	0.602885	
1838	1.132587	-0.046382	0.598711	
1839	1.123305	-0.048192	0.595051	
1840	1.115866	-0.051402	0.591660	
1841	1.106579	-0.056650	0.587933	
1842	1.095778	-0.060196	0.585333	
1843	1.087251	-0.063944	0.583932	
1844	1.076605	-0.066061	0.583524	
1845	1.064713	-0.068653	0.583669	
1846	1.054569	-0.073123	0.583236	
1847	1.043847	-0.076838	0.583378	
1848	1.033103	-0.079019	0.584373	
1849	1.023862	-0.082208	0.585235	
1850	1.013324	-0.085427	0.586329	
1851	1.002125	-0.088658	0.587939	
1852	0.992499	-0.092094	0.589118	
1853	0.982496	-0.094815	0.590452	
1854	0.973106	-0.098830	0.591276	
1855	0.964709	-0.103671	0.591627	
1856	0.955701	-0.105933	0.593574	
1857	0.947052	-0.108246	0.595449	
1858	0.939613	-0.110354	0.597208	
1859	0.930885	-0.113800	0.598797	
1860	0.922441	-0.116186	0.600703	
1861	0.916113	-0.118562	0.602683	
1862	0.907638	-0.118845	0.606014	
1863	0.901275	-0.121408	0.608116	
1864	0.894242	-0.123013	0.610524	
1865	0.886552	-0.124295	0.613504	
1866	0.879651	-0.126365	0.616360	
1867	0.872522	-0.128462	0.618962	
1868	0.865282	-0.127583	0.622740	
1869	0.860268	-0.128579	0.626326	
1870	0.855131	-0.133276	0.627870	
1871	0.847933	-0.134452	0.630396	
1872	0.839540	-0.134945	0.634381	
1873	0.834818	-0.140192	0.635632	
1874	0.829294	-0.142107	0.637205	
1875	0.821405	-0.143522	0.640457	
1876	0.817038	-0.147375	0.642178	
1877	0.812181	-0.148826	0.644303	
1878	0.804993	-0.149789	0.647594	
1879	0.800526	-0.151681	0.649851	
1880	0.795795	-0.153840	0.652119	
1881	0.790063	-0.154762	0.655271	
1882	0.784826	-0.155654	0.658651	
1883	0.781243	-0.157063	0.661789	
1884	0.772793	-0.157991	0.668925	
1885	0.767861	-0.158730	0.672231	
1886	0.762507	-0.157789	0.676720	
1887	0.757954	-0.158391	0.680566	
1888	0.754025	-0.159170	0.683944	
1889	0.749342	-0.158363	0.688449	
1890	0.747221	-0.157286	0.693428	
1891	0.744018	-0.158226	0.698082	
1892	0.740263	-0.157835	0.703775	
1893	0.737358	-0.156995	0.710223	
1894	0.733799	-0.156989	0.717419	
1895	0.730657	-0.155754	0.725580	
1896	0.729607	-0.156124	0.733701	
1897	0.726405	-0.156973	0.741819	
1898	0.723931	-0.155617	0.750605	
1899	0.721725	-0.155107	0.759050	
1900	0.719434	-0.156489	0.766639	
1901	0.716506	-0.156854	0.774127	
1902	0.713412	-0.157422	0.781602	
1903	0.710147	-0.158882	0.788989	
1904	0.707075	-0.160989	0.796338	
1905	0.703876	-0.161962	0.804632	
1906	0.700676	-0.164753	0.812468	
1907	0.697376	-0.168893	0.819581	
1908	0.693849	-0.170860	0.828041	
1909	0.691319	-0.174922	0.835713	
1910	0.688836	-0.179713	0.842547	
1911	0.686241	-0.180651	0.851635	
1912	0.683344	-0.184716	0.859239	
1913	0.680012	-0.188393	0.865527	
1914	0.678360	-0.190001	0.874203	
1915	0.677700	-0.193483	0.881578	
1916	0.676245	-0.196727	0.888143	
1917	0.674960	-0.198225	0.895579	
1918	0.674823	-0.200824	0.902653	
1919	0.674228	-0.203917	0.908295	
1920	0.673984	-0.205732	0.914785	
1921	0.674131	-0.208142	0.920805	
1922	0.675138	-0.211132	0.926249	
1923	0.676662	-0.213387	0.932353	
1924	0.677933	-0.216486	0.938002	
1925	0.678980	-0.219609	0.942895	
1926	0.679650	-0.222100	0.947815	
1927	0.680632	-0.223959	0.953259	
1928	0.682367	-0.226216	0.958723	
1929	0.682954	-0.229203	0.963589	
1930	0.684089	-0.230030	0.970100	
1931	0.684315	-0.232873	0.975460	
1932	0.685296	-0.234180	0.980856	
1933	0.687563	-0.235512	0.987276	
1934	0.688712	-0.238096	0.991932	
1935	0.689593	-0.238790	0.996521	
1936	0.690818	-0.238895	1.002211	
1937	0.691443	-0.239987	1.006633	
1938	0.693247	-0.239489	1.017236	
1939	0.693695	-0.239555	1.021482	
1940	0.694391	-0.238812	1.025758	
1941	0.695058	-0.235789	1.036389	
1942	0.694897	-0.233677	1.041128	
1943	0.695134	-0.231075	1.047026	
1944	0.696233	-0.229052	1.052481	
1945	0.696069	-0.226463	1.058265	
1946	0.696198	-0.223685	1.064247	
1947	0.696229	-0.221502	1.070007	
1948	0.693771	-0.213250	1.088292	
1949	0.693858	-0.210947	1.095162	
1950	0.693811	-0.209446	1.102065	
1951	0.693179	-0.207561	1.116351	
1952	0.692248	-0.206772	1.123490	
1953	0.691350	-0.205969	1.130561	
1954	0.690356	-0.205795	1.137037	
1955	0.689074	-0.206361	1.143229	
1956	0.690044	-0.205842	1.149848	
1957	0.688925	-0.207122	1.160731	
1958	0.689146	-0.207165	1.166379	
1959	0.689295	-0.207646	1.171486	
1960	0.689753	-0.207387	1.177126	
1961	0.690656	-0.207160	1.182857	
1962	0.690421	-0.207620	1.187871	
1963	0.690584	-0.207987	1.192785	
1964	0.691884	-0.207636	1.198021	
1965	0.692729	-0.207658	1.202964	
1966	0.692692	-0.208320	1.207285	
1967	0.693237	-0.208283	1.211838	
1968	0.693053	-0.207864	1.215806	
1969	0.692821	-0.207786	1.219369	
1970	0.693180	-0.206363	1.223689	
1971	0.694159	-0.204562	1.227443	
1972	0.694222	-0.203657	1.230434	
1973	0.694271	-0.201984	1.233609	
1974	0.695751	-0.201073	1.236682	
1975	0.695662	-0.199979	1.238867	
1976	0.694541	-0.198735	1.240970	
1977	0.694304	-0.198221	1.242596	
1978	0.694555	-0.197281	1.244830	
1979	0.694203	-0.196762	1.246349	
1980	0.693013	-0.195904	1.247750	
1981	0.691900	-0.194613	1.249542	
1982	0.690865	-0.193908	1.251193	
1983	0.686526	-0.193036	1.253722	
1984	0.684647	-0.191076	1.255733	
1985	0.682397	-0.188541	1.257399	
1986	0.679315	-0.185626	1.259001	
1987	0.676346	-0.183279	1.260110	
1988	0.672895	-0.180207	1.261263	
1989	0.669706	-0.177873	1.262409	
1990	0.666144	-0.176537	1.263033	
1991	0.662459	-0.174415	1.263863	
1992	0.659876	-0.173154	1.264987	
1993	0.656311	-0.172462	1.265597	
1994	0.652163	-0.170771	1.266472	
1995	0.648441	-0.169550	1.267293	
1996	0.644069	-0.168129	1.268047	
1997	0.639430	-0.166932	1.268919	
1998	0.635041	-0.165973	1.269953	
1999	0.630042	-0.165242	1.270361	
2000	0.625353	-0.164337	1.271111	
2001	0.620366	-0.164677	1.271026	
2002	0.615325	-0.164340	1.270955	
2003	0.610860	-0.163846	1.271393	
2004	0.606728	-0.164479	1.271410	
2005	0.602149	-0.164689	1.271489	
2006	0.597619	-0.164683	1.271661	
2007	0.593741	-0.165246	1.271599	
2008	0.589358	-0.165401	1.271350	
2009	0.584692	-0.165195	1.270812	
2010	0.580479	-0.164474	1.270286	
2011	0.575862	-0.163035	1.269917	
2012	0.571415	-0.161736	1.269676	
2013	0.566698	-0.161853	1.268382	
2014	0.562181	-0.160140	1.267585	
2015	0.557866	-0.158710	1.267013	
2016	0.553890	-0.157529	1.265945	
2017	0.550276	-0.154736	1.265767	
2018	0.545953	-0.155308	1.264018	
2019	0.542696	-0.153354	1.263201	
2020	0.539257	-0.153804	1.262624	
2021	0.536194	-0.152761	1.261579	
2022	0.533164	-0.152036	1.260765	
2023	0.527392	-0.151584	1.258756	
2024	0.524755	-0.152104	1.257960	
2025	0.522391	-0.151833	1.257647	
2026	0.519474	-0.152141	1.256336	
2027	0.517190	-0.150312	1.256365	
2028	0.514322	-0.150370	1.255246	
2029	0.511326	-0.148849	1.253865	
2030	0.508493	-0.148517	1.253106	
2031	0.504685	-0.147844	1.251311	
2032	0.500979	-0.146694	1.249784	
2033	0.497298	-0.146282	1.248257	
2034	0.493446	-0.145483	1.246649	
2035	0.489752	-0.144829	1.245103	
2036	0.485624	-0.143792	1.243014	
2037	0.481678	-0.143290	1.241190	
2038	0.476853	-0.142581	1.238293	
2039	0.472283	-0.142290	1.235991	
2040	0.468001	-0.141538	1.233486	
2041	0.464417	-0.140996	1.231299	
2042	0.461147	-0.140490	1.229414	
2043	0.457819	-0.139413	1.227374	
2044	0.450845	-0.137534	1.221363	
2045	0.446035	-0.134851	1.216999	
2046	0.443420	-0.133839	1.214354	
2047	0.440558	-0.132277	1.211580	
2048	0.437068	-0.131159	1.207850	
2049	0.433627	-0.128249	1.204423	
2050	0.430205	-0.127471	1.200977	
2051	0.427100	-0.125984	1.198018	
2052	0.424387	-0.124063	1.195820	
2053	0.420848	-0.123069	1.192218	
2054	0.418244	-0.120947	1.189973	
2055	0.415012	-0.119394	1.186958	
2056	0.411265	-0.117878	1.183560	
2057	0.405438	-0.114228	1.178187	
2058	0.402407	-0.113101	1.175257	
2059	0.399747	-0.111084	1.172945	
2060	0.396492	-0.109443	1.169816	
2061	0.393414	-0.107109	1.167056	
2062	0.387972	-0.102904	1.162170	
2063	0.385132	-0.100341	1.159407	
2064	0.380713	-0.094686	1.155020	
2065	0.378596	-0.092614	1.152971	
2066	0.376612	-0.090755	1.150614	
2067	0.374892	-0.088339	1.148953	
2068	0.372715	-0.087536	1.146269	
2069	0.370561	-0.086117	1.143664	
2070	0.366924	-0.084959	1.139557	
2071	0.364707	-0.084543	1.136940	
2072	0.362930	-0.083505	1.134525	
2073	0.360594	-0.084040	1.131283	
2074	0.358532	-0.084099	1.128118	
2075	0.357458	-0.082877	1.125574	
2076	0.355488	-0.083174	1.121682	
2077	0.354156	-0.081514	1.118104	
2078	0.353518	-0.080712	1.114787	
2079	0.352336	-0.080952	1.110732	
2080	0.351830	-0.079858	1.106828	
2081	0.351061	-0.078041	1.102939	
2082	0.350107	-0.077393	1.098378	
2083	0.350000	-0.075904	1.093998	
2084	0.349728	-0.074402	1.089022	
2085	0.349261	-0.072794	1.083663	
2086	0.349614	-0.071073	1.078794	
2087	0.349874	-0.071259	1.073617	
2088	0.350372	-0.070157	1.067752	
2089	0.351001	-0.068737	1.061815	
2090	0.352118	-0.068445	1.055985	
2091	0.353215	-0.066679	1.050468	
2092	0.354352	-0.063296	1.046080	
2093	0.355881	-0.062732	1.039410	
2094	0.356162	-0.059535	1.034233	
2095	0.357515	-0.057448	1.028397	
2096	0.357852	-0.056545	1.020817	
2097	0.358158	-0.052842	1.014783	
2098	0.359232	-0.051431	1.007180	
2099	0.358916	-0.049498	0.999378	
2100	0.359385	-0.046999	0.992072	
2101	0.359342	-0.046627	0.983792	
2102	0.358786	-0.044926	0.976099	
2103	0.358414	-0.042636	0.969249	
2104	0.357953	-0.041842	0.962473	
2105	0.356544	-0.041841	0.955547	
2106	0.355025	-0.041440	0.948937	
2107	0.353439	-0.041424	0.942934	
2108	0.350913	-0.042367	0.936899	
2109	0.348752	-0.042274	0.932247	
2110	0.345748	-0.043180	0.926667	
2111	0.342856	-0.042597	0.921600	
2112	0.340161	-0.041943	0.916932	
2113	0.336425	-0.042901	0.911497	
2114	0.333273	-0.041804	0.907023	
2115	0.329899	-0.040312	0.902758	
2116	0.327510	-0.040781	0.898894	
2117	0.324171	-0.039390	0.894595	
2118	0.321181	-0.037435	0.890597	
2119	0.317484	-0.037250	0.885454	
2120	0.314478	-0.036055	0.880767	
2121	0.312406	-0.033937	0.876845	
2122	0.308016	-0.036432	0.864794	
2123	0.306595	-0.034160	0.859761	
2124	0.303113	-0.036932	0.845437	
2125	0.301893	-0.034653	0.839606	
2126	0.300967	-0.037099	0.831510	
2127	0.300585	-0.036167	0.824676	
2128	0.299833	-0.034020	0.818557	
2129	0.300039	-0.035578	0.810497	
2130	0.299059	-0.037459	0.801807	
2131	0.297485	-0.035868	0.794797	
2132	0.298448	-0.035751	0.787193	
2133	0.298984	-0.035858	0.772877	
2134	0.300158	-0.037522	0.758037	
2135	0.299728	-0.036248	0.752038	
2136	0.300508	-0.035536	0.746078	
2137	0.300415	-0.037188	0.739433	
2138	0.300925	-0.036566	0.734128	
2139	0.301782	-0.034997	0.728611	
2140	0.301903	-0.035420	0.722380	
2141	0.302545	-0.035411	0.716117	
2142	0.304414	-0.034195	0.710169	
2143	0.305636	-0.031940	0.704785	
2144	0.307710	-0.032081	0.698681	
2145	0.308792	-0.031032	0.692702	
2146	0.310702	-0.028086	0.687024	
2147	0.312490	-0.028198	0.680741	
2148	0.315492	-0.027246	0.674481	
2149	0.322106	-0.020564	0.664300	
2150	0.325899	-0.021815	0.657544	
2151	0.327926	-0.018860	0.651417	
2152	0.334878	-0.015873	0.637006	
2153	0.337059	-0.014365	0.628931	
2154	0.338879	-0.011092	0.621944	
2155	0.341208	-0.008779	0.613746	
2156	0.342992	-0.008510	0.604610	
2157	0.344424	-0.006181	0.596107	
2158	0.345468	-0.003154	0.587161	
2159	0.347280	-0.002704	0.575701	
2160	0.349059	-0.000896	0.565523	
2161	0.354816	0.003460	0.544485	
2162	0.355978	0.005291	0.534164	
2163	0.356420	0.008679	0.524222	
2164	0.357006	0.011803	0.512847	
2165	0.357788	0.012762	0.500042	
2166	0.357927	0.014852	0.489644	
2167	0.358605	0.019326	0.479645	
2168	0.358869	0.019557	0.467210	
2169	0.358248	0.021075	0.454617	
2170	0.358100	0.021894	0.444633	
2171	0.356556	0.024208	0.434210	
2172	0.357177	0.025343	0.423502	
2173	0.357583	0.027608	0.414687	
2174	0.357006	0.030945	0.406553	
2175	0.356247	0.031930	0.397374	
2176	0.355365	0.032851	0.388753	
2177	0.355293	0.035656	0.382270	
2178	0.354963	0.037828	0.375265	
2179	0.355323	0.036825	0.367220	
2180	0.352127	0.040987	0.355260	
2181	0.350091	0.041939	0.349022	
2182	0.345719	0.042953	0.343118	
2183	0.335995	0.044262	0.337249	
2184	0.333543	0.045868	0.331256	
2185	0.329768	0.046741	0.324838	
2186	0.324172	0.049469	0.320249	
2187	0.318470	0.050880	0.314920	
2188	0.311514	0.051838	0.308637	
2189	0.304301	0.054331	0.303394	
2190	0.294917	0.056159	0.298261	
2191	0.286689	0.056943	0.291508	
2192	0.278457	0.057673	0.283922	
2193	0.269010	0.060588	0.278330	
2194	0.259646	0.062521	0.272468	
2195	0.250470	0.063296	0.265650	
2196	0.240880	0.063955	0.258668	
2197	0.232213	0.065744	0.252717	
2198	0.224380	0.066888	0.246200	
2199	0.216152	0.066716	0.239098	
2200	0.208214	0.067272	0.233181	
2201	0.201689	0.068572	0.227238	
2202	0.194942	0.069901	0.220939	
2203	0.185994	0.069214	0.214745	
2204	0.178311	0.069753	0.209767	
2205	0.171004	0.071090	0.204717	
2206	0.162818	0.072018	0.199268	
2207	0.155852	0.072520	0.193681	
2208	0.148581	0.072150	0.187742	
2209	0.141934	0.073094	0.182008	
2210	0.134998	0.073084	0.175846	
2211	0.127766	0.072354	0.170031	
2212	0.120717	0.072655	0.164870	
2213	0.113153	0.071948	0.159201	
2214	0.094588	0.074329	0.149211	
2215	0.087305	0.073831	0.142951	
2216	0.078752	0.074890	0.136957	
2217	0.071136	0.075860	0.130997	
2218	0.063059	0.075733	0.123724	
2219	0.053813	0.074832	0.116953	
2220	0.046652	0.076986	0.110546	
2221	0.039136	0.076733	0.102702	
2222	0.029715	0.077677	0.095107	
2223	0.021113	0.081218	0.088970	
2224	0.013202	0.084001	0.081379	
2225	0.002699	0.085672	0.073446	
2226	-0.005144	0.088029	0.067113	
2227	-0.013523	0.092735	0.060823	
2228	-0.023441	0.095093	0.053755	
2229	-0.032286	0.097751	0.047726	
2230	-0.039293	0.103085	0.042406	
2231	-0.047935	0.105901	0.035895	
2232	-0.057125	0.109740	0.030254	
2233	-0.065267	0.114748	0.025116	
2234	-0.073000	0.120070	0.019679	
2235	-0.090391	0.130378	0.009843	
2236	-0.095819	0.138089	0.006202	
2237	-0.104957	0.140967	-0.000045	
2238	-0.113050	0.144113	-0.004233	
2239	-0.118605	0.148046	-0.007466	
2240	-0.124764	0.149990	-0.010976	
2241	-0.131356	0.150887	-0.014765	
2242	-0.137051	0.152590	-0.017900	
2243	-0.143026	0.152461	-0.021665	
2244	-0.149714	0.152447	-0.024624	
2245	-0.155171	0.153013	-0.027396	
2246	-0.164897	0.152823	-0.030826	
2247	-0.173503	0.152417	-0.033754	
2248	-0.178674	0.154549	-0.035386	
2249	-0.184919	0.155925	-0.038050	
2250	-0.193624	0.156674	-0.040811	
2251	-0.200879	0.158890	-0.042382	
2252	-0.208911	0.160113	-0.044377	
2253	-0.217111	0.160104	-0.046162	
2254	-0.224113	0.159951	-0.047725	
2255	-0.231017	0.159607	-0.049137	
2256	-0.250581	0.157412	-0.051609	
2257	-0.265454	0.155932	-0.054480	
2258	-0.272646	0.156111	-0.055645	
2259	-0.279963	0.156521	-0.056739	
2260	-0.286842	0.156559	-0.057494	
2261	-0.293499	0.157854	-0.057667	
2262	-0.300204	0.160261	-0.057512	
2263	-0.307680	0.161829	-0.057467	
2264	-0.316415	0.162590	-0.058090	
2265	-0.323674	0.164886	-0.058007	
2266	-0.329759	0.167599	-0.058440	
2267	-0.336941	0.168236	-0.060086	
2268	-0.344645	0.167670	-0.062091	
2269	-0.352424	0.168767	-0.063867	
2270	-0.358975	0.167968	-0.066625	
2271	-0.366541	0.166298	-0.069215	
2272	-0.373096	0.164896	-0.071755	
2273	-0.379750	0.163769	-0.074508	
2274	-0.386397	0.160375	-0.077716	
2275	-0.394665	0.158754	-0.080682	
2276	-0.402339	0.157496	-0.083224	
2277	-0.408266	0.156048	-0.086079	
2278	-0.417462	0.155130	-0.088074	
2279	-0.424209	0.154464	-0.090054	
2280	-0.429345	0.155276	-0.091415	
2281	-0.437654	0.154506	-0.093337	
2282	-0.445085	0.156520	-0.094106	
2283	-0.451562	0.156705	-0.095850	
2284	-0.459627	0.154589	-0.097785	
2285	-0.465169	0.152743	-0.099325	
2286	-0.468889	0.152287	-0.101398	
2287	-0.475482	0.152427	-0.103923	
2288	-0.481975	0.151593	-0.106874	
2289	-0.487808	0.149822	-0.110889	
2290	-0.493482	0.149699	-0.114921	
2291	-0.499483	0.149819	-0.119563	
2292	-0.507111	0.150208	-0.123907	
2293	-0.512769	0.151040	-0.128986	
2294	-0.518104	0.152084	-0.134241	
2295	-0.525514	0.156148	-0.139362	
2296	-0.532593	0.160534	-0.144406	
2297	-0.538450	0.163731	-0.150031	
2298	-0.546486	0.167346	-0.155463	
2299	-0.553849	0.170973	-0.160670	
2300	-0.559484	0.175309	-0.165443	
2301	-0.565106	0.180940	-0.170120	
2302	-0.572594	0.183772	-0.174861	
2303	-0.579137	0.187146	-0.179486	
2304	-0.585413	0.192945	-0.183453	
2305	-0.590487	0.197907	-0.187606	
2306	-0.598287	0.202071	-0.191126	
2307	-0.602906	0.206515	-0.195260	
2308	-0.609128	0.212076	-0.199077	
2309	-0.616051	0.214794	-0.203346	
2310	-0.620702	0.218301	-0.207324	
2311	-0.627654	0.221851	-0.210991	
2312	-0.631273	0.225499	-0.214150	
2313	-0.638220	0.227531	-0.216952	
2314	-0.643204	0.228751	-0.219849	
2315	-0.648706	0.230234	-0.222309	
2316	-0.653947	0.232415	-0.224024	
2317	-0.659189	0.234313	-0.225915	
2318	-0.667741	0.236953	-0.227473	
2319	-0.673201	0.237795	-0.229425	
2320	-0.678075	0.237857	-0.231864	
2321	-0.684657	0.238447	-0.234304	
2322	-0.690004	0.238936	-0.236537	
2323	-0.695187	0.238456	-0.239580	
2324	-0.701267	0.238241	-0.242636	
2325	-0.708052	0.237378	-0.245333	
2326	-0.714169	0.236951	-0.248474	
2327	-0.720095	0.236812	-0.251808	
2328	-0.726985	0.234208	-0.254662	
2329	-0.734309	0.231264	-0.257743	
2330	-0.755591	0.228903	-0.258081	
2331	-0.763257	0.227995	-0.260668	
2332	-0.769311	0.225807	-0.263321	
2333	-0.778392	0.225224	-0.265772	
2334	-0.786406	0.224838	-0.267931	
2335	-0.793890	0.222229	-0.270384	
2336	-0.804328	0.223126	-0.272129	
2337	-0.810187	0.222847	-0.274952	
2338	-0.817028	0.222282	-0.277922	
2339	-0.829109	0.224537	-0.280411	
2340	-0.842921	0.227874	-0.282662	
2341	-0.847742	0.227494	-0.286636	
2342	-0.855361	0.228424	-0.289951	
2343	-0.866687	0.230394	-0.292488	
2344	-0.872581	0.228992	-0.296136	
2345	-0.881291	0.228579	-0.298992	
2346	-0.885049	0.228918	-0.302346	
2347	-0.891370	0.226954	-0.306394	
2348	-0.901146	0.226882	-0.308941	
2349	-0.908599	0.227367	-0.311896	
2350	-0.915094	0.226494	-0.315350	
2351	-0.922527	0.226890	-0.319046	
2352	-0.926324	0.224461	-0.323675	
2353	-0.932919	0.222261	-0.327782	
2354	-0.940058	0.220464	-0.331648	
2355	-0.945204	0.218741	-0.336118	
2356	-0.949215	0.219219	-0.340603	
2357	-0.958238	0.220102	-0.344207	
2358	-0.964595	0.222020	-0.347678	
2359	-0.970905	0.223154	-0.351993	
2360	-0.985112	0.225345	-0.360471	
2361	-0.997065	0.229208	-0.371040	
2362	-1.007649	0.235133	-0.375404	
2363	-1.014377	0.238450	-0.380921	
2364	-1.027990	0.245750	-0.390600	
2365	-1.045180	0.254557	-0.399597	
2366	-1.062296	0.260723	-0.408553	
2367	-1.071381	0.266009	-0.413162	
2368	-1.076001	0.269364	-0.417885	
2369	-1.083984	0.273362	-0.421097	
2370	-1.092698	0.279544	-0.423645	
2371	-1.101035	0.284709	-0.425666	
2372	-1.103780	0.286935	-0.428820	
2373	-1.107162	0.288343	-0.430274	
2374	-1.118319	0.293331	-0.428038	
2375	-1.125203	0.297160	-0.426011	
2376	-1.123597	0.297731	-0.425457	
2377	-1.127683	0.300234	-0.423320	
2378	-1.136003	0.301474	-0.419797	
2379	-1.144835	0.301028	-0.413940	
2380	-1.147871	0.303412	-0.410466	
2381	-1.154377	0.300981	-0.406811	
2382	-1.163041	0.298469	-0.401314	
2383	-1.165105	0.297833	-0.397331	
2384	-1.170839	0.297947	-0.391459	
2385	-1.179159	0.293780	-0.384505	
2386	-1.186841	0.291227	-0.377685	
2387	-1.193228	0.288900	-0.371186	
2388	-1.199358	0.281807	-0.364661	
2389	-1.207946	0.279571	-0.356508	
2390	-1.215511	0.277134	-0.349030	
2391	-1.220511	0.273324	-0.341437	
2392	-1.222979	0.267171	-0.335402	
2393	-1.232870	0.261902	-0.327047	
2394	-1.240668	0.258196	-0.319677	
2395	-1.246344	0.255814	-0.313211	
2396	-1.252272	0.250675	-0.306772	
2397	-1.256904	0.243985	-0.300762	
2398	-1.264019	0.237821	-0.294323	
2399	-1.276597	0.228126	-0.284799	
2400	-1.282936	0.222532	-0.278508	
2401	-1.285450	0.215932	-0.273196	
2402	-1.287229	0.209081	-0.268370	
2403	-1.292644	0.204256	-0.262888	
2404	-1.297653	0.198836	-0.257809	
2405	-1.299120	0.193057	-0.253590	
2406	-1.303766	0.190267	-0.248713	
2407	-1.307678	0.185444	-0.243967	
2408	-1.312708	0.181267	-0.238874	
2409	-1.317236	0.177423	-0.233541	
2410	-1.324469	0.171348	-0.223644	
2411	-1.327821	0.162868	-0.215354	
2412	-1.332567	0.160923	-0.210603	
2413	-1.334794	0.157891	-0.206111	
2414	-1.333007	0.153071	-0.203029	
2415	-1.337006	0.150097	-0.197812	
2416	-1.338740	0.146686	-0.193502	
2417	-1.338237	0.142658	-0.189497	
2418	-1.338785	0.139475	-0.185537	
2419	-1.343100	0.137460	-0.180243	
2420	-1.342729	0.133551	-0.176890	
2421	-1.345653	0.131000	-0.171994	
2422	-1.348430	0.128644	-0.167468	
2423	-1.349038	0.124708	-0.163983	
2424	-1.353181	0.123700	-0.158975	
2425	-1.354635	0.123241	-0.154278	
2426	-1.354790	0.121121	-0.150060	
2427	-1.359678	0.118585	-0.143868	
2428	-1.361839	0.116961	-0.138261	
2429	-1.363957	0.117224	-0.132652	
2430	-1.361139	0.115483	-0.128679	
2431	-1.363367	0.114420	-0.122924	
2432	-1.365646	0.115142	-0.117113	
2433	-1.367484	0.112839	-0.111622	
2434	-1.368424	0.111078	-0.105705	
2435	-1.366868	0.110015	-0.100974	
2436	-1.367064	0.109304	-0.094874	
2437	-1.365726	0.106897	-0.089007	
2438	-1.360465	0.104273	-0.083719	
2439	-1.358131	0.100533	-0.076860	
2440	-1.356014	0.095312	-0.069463	
2441	-1.351918	0.090496	-0.061815	
2442	-1.344682	0.087286	-0.054907	
2443	-1.339785	0.081933	-0.046863	
2444	-1.339872	0.076358	-0.036515	
2445	-1.332609	0.072420	-0.028001	
2446	-1.321871	0.065715	-0.021402	
2447	-1.320791	0.057814	-0.011719	
2448	-1.313919	0.052792	-0.003113	
2449	-1.299921	0.046172	0.002176	
2450	-1.297988	0.036437	0.010788	
2451	-1.296068	0.031036	0.020779	
2452	-1.281141	0.025552	0.026901	
2453	-1.272047	0.018176	0.033633	
2454	-1.270785	0.013296	0.042948	
2455	-1.263269	0.008341	0.049906	
2456	-1.253294	0.004769	0.055290	
2457	-1.250992	0.000545	0.062256	
2458	-1.247194	-0.001742	0.068629	
2459	-1.237736	-0.005470	0.072772	
2460	-1.229658	-0.009092	0.075986	
2461	-1.227022	-0.009958	0.081333	
2462	-1.224658	-0.009895	0.086321	
2463	-1.216037	-0.011017	0.089132	
2464	-1.208382	-0.011670	0.092940	
2465	-1.205047	-0.011197	0.098208	
2466	-1.202078	-0.011529	0.103431	
2467	-1.194937	-0.013702	0.108114	
2468	-1.188993	-0.011639	0.114238	
2469	-1.185448	-0.009744	0.119502	
2470	-1.180785	-0.010303	0.123902	
2471	-1.177136	-0.008428	0.129285	
2472	-1.175660	-0.005908	0.135679	
2473	-1.169702	-0.005105	0.139156	
2474	-1.166113	-0.005137	0.143554	
2475	-1.163229	-0.003050	0.148294	
2476	-1.157345	-0.003131	0.151022	
2477	-1.154750	-0.004506	0.154102	
2478	-1.150921	-0.004379	0.157209	
2479	-1.147002	-0.002472	0.160161	
2480	-1.145736	-0.002771	0.163199	
2481	-1.140953	-0.002899	0.166282	
2482	-1.136902	-0.001911	0.170049	
2483	-1.130613	-0.005797	0.172593	
2484	-1.130708	-0.004503	0.179313	
2485	-1.128747	-0.001950	0.185275	
2486	-1.120778	-0.004466	0.188622	
2487	-1.117710	-0.006511	0.193138	
2488	-1.120178	-0.003356	0.198833	
2489	-1.116185	-0.004997	0.202689	
2490	-1.111824	-0.004828	0.206734	
2491	-1.109535	-0.004354	0.210960	
2492	-1.108642	-0.005296	0.215822	
2493	-1.104487	0.000227	0.220613	
2494	-1.097670	-0.000909	0.222628	
2495	-1.098723	0.000412	0.226950	
2496	-1.098956	0.005104	0.231946	
2497	-1.093332	0.005162	0.233665	
2498	-1.093956	0.005389	0.236649	
2499	-1.096692	0.011209	0.241554	
2500	-1.092821	0.011413	0.242767	
2501	-1.093153	0.011212	0.244707	
2502	-1.094677	0.014018	0.247898	
2503	-1.092797	0.013856	0.249037	
2504	-1.094259	0.013661	0.250597	
2505	-1.096693	0.014993	0.252806	
2506	-1.095609	0.015122	0.253880	
2507	-1.095465	0.014725	0.254765	
2508	-1.096991	0.015975	0.256456	
2509	-1.096499	0.016224	0.257681	
2510	-1.094355	0.017080	0.258292	
2511	-1.095754	0.017853	0.259498	
2512	-1.097670	0.020760	0.261846	
2513	-1.096865	0.022212	0.263380	
2514	-1.097335	0.022785	0.264673	
2515	-1.100982	0.025598	0.267910	
2516	-1.098665	0.027388	0.269438	
2517	-1.096736	0.027707	0.270335	
2518	-1.101780	0.030617	0.273966	
2519	-1.100746	0.033129	0.276210	
2520	-1.098701	0.032938	0.277540	
2521	-1.101419	0.035227	0.280844	
2522	-1.100594	0.037129	0.283168	
2523	-1.098333	0.038504	0.285319	
2524	-1.096455	0.040168	0.287174	
2525	-1.098153	0.041849	0.290109	
2526	-1.094346	0.043093	0.291852	
2527	-1.091941	0.044572	0.293390	
2528	-1.093585	0.046685	0.296021	
2529	-1.092817	0.048368	0.298117	
2530	-1.088078	0.049461	0.298293	
2531	-1.087590	0.049938	0.299028	
2532	-1.089132	0.051876	0.300690	
2533	-1.085952	0.052698	0.300887	
2534	-1.084483	0.052347	0.300618	
2535	-1.086839	0.052948	0.302342	
2536	-1.084040	0.053531	0.302941	
2537	-1.083102	0.052684	0.303031	
2538	-1.083162	0.052387	0.303803	
2539	-1.082412	0.052075	0.304546	
2540	-1.080657	0.051892	0.304586	
2541	-1.079173	0.050838	0.305031	
2542	-1.076502	0.050080	0.304381	
2543	-1.076229	0.049504	0.304354	
2544	-1.075339	0.048875	0.304436	
2545	-1.073336	0.048198	0.304106	
2546	-1.074327	0.046961	0.304238	
2547	-1.073895	0.047500	0.304712	
2548	-1.071172	0.048547	0.304322	
2549	-1.071690	0.048570	0.304562	
2550	-1.071806	0.049721	0.305097	
2551	-1.069078	0.051710	0.305092	
2552	-1.068134	0.051713	0.304775	
2553	-1.067873	0.053789	0.305578	
2554	-1.064582	0.055574	0.305121	
2555	-1.063928	0.056296	0.304971	
2556	-1.063529	0.057886	0.305444	
2557	-1.060522	0.060242	0.304883	
2558	-1.059734	0.060531	0.304354	
2559	-1.060232	0.062006	0.304748	
2560	-1.056829	0.064114	0.304203	
2561	-1.056577	0.064661	0.303797	
2562	-1.057050	0.065996	0.304154	
2563	-1.052908	0.068595	0.303446	
2564	-1.052552	0.069763	0.303317	
2565	-1.051423	0.071820	0.303303	
2566	-1.047242	0.075562	0.302254	
2567	-1.047474	0.076816	0.302138	
2568	-1.044411	0.078870	0.300785	
2569	-1.043916	0.080239	0.299696	
2570	-1.041944	0.081126	0.298708	
2571	-1.042086	0.081418	0.297713	
2572	-1.041489	0.081927	0.296898	
2573	-1.039191	0.082510	0.295756	
2574	-1.038848	0.083021	0.294316	
2575	-1.036713	0.082643	0.292933	
2576	-1.037506	0.082807	0.292505	
2577	-1.035306	0.082739	0.291508	
2578	-1.033477	0.082929	0.289624	
2579	-1.032402	0.083474	0.289020	
2580	-1.029408	0.084179	0.287972	
2581	-1.029200	0.084802	0.287485	
2582	-1.029556	0.085327	0.287378	
2583	-1.027660	0.085932	0.286613	
