0	0.000000	0.000000	0.000000	
1	0.000000	0.000000	0.000000	
2	0.000000	0.000000	0.000000	
3	0.000000	0.000000	0.000000	
4	-0.004283	-0.001152	0.000793	
5	-0.003494	-0.000782	-0.000089	
6	-0.003619	-0.000600	0.000264	
7	-0.005053	-0.000848	0.000105	
8	-0.007093	-0.000288	0.000167	
9	-0.007170	-0.001508	0.000740	
10	-0.008176	-0.000599	0.001431	
11	-0.008150	-0.000452	0.000640	
12	-0.010584	-0.000189	0.001229	
13	-0.010576	-0.001293	0.000628	
14	-0.013672	-0.002376	0.001374	
15	-0.012850	-0.000585	0.000277	
16	-0.014880	0.000634	-0.001145	
17	-0.016449	0.000651	-0.000128	
18	-0.017962	0.000375	-0.000557	
19	-0.020910	0.001647	-0.000915	
20	-0.023968	0.000727	-0.000563	
21	-0.029593	0.001550	-0.001009	
22	-0.028970	0.002490	-0.002705	
23	-0.037412	0.001035	-0.003329	
24	-0.038512	-0.000197	-0.004103	
25	-0.044731	0.001166	-0.003237	
26	-0.050422	0.001873	-0.005461	
27	-0.055275	0.000112	-0.005745	
28	-0.061371	-0.000150	-0.008500	
29	-0.070946	0.000579	-0.006512	
30	-0.077383	-0.000191	-0.008341	
31	-0.084239	-0.000404	-0.010662	
32	-0.089703	-0.000045	-0.010933	
33	-0.118082	0.000598	-0.011281	
34	-0.121474	-0.000190	-0.013946	
35	-0.127097	-0.001083	-0.015727	
36	-0.137939	0.000963	-0.014491	
37	-0.149837	0.001477	-0.013754	
38	-0.152935	0.002171	-0.017132	
39	-0.162955	0.003800	-0.016437	
40	-0.173309	0.004902	-0.014707	
41	-0.186681	0.003498	-0.012487	
42	-0.193435	0.003093	-0.009129	
43	-0.199723	0.003778	-0.011235	
44	-0.208150	0.001748	-0.007529	
45	-0.214150	0.001083	-0.007443	
46	-0.217151	0.002896	-0.007761	
47	-0.221657	0.003146	-0.006657	
48	-0.228989	0.002022	-0.005860	
49	-0.243229	0.002272	-0.000947	
50	-0.241652	0.002438	-0.003954	
51	-0.245586	0.002052	-0.004684	
52	-0.247537	0.004387	-0.007922	
53	-0.260650	0.005905	-0.002149	
54	-0.262911	0.005149	-0.002444	
55	-0.282911	0.004735	0.006707	
56	-0.287743	0.007438	0.007293	
57	-0.297096	0.008058	0.010078	
58	-0.311232	0.005751	0.015759	
59	-0.314292	0.007495	0.013819	
60	-0.321121	0.009003	0.013586	
61	-0.344868	0.008436	0.023900	
62	-0.353516	0.009633	0.025043	
63	-0.366044	0.008486	0.029595	
64	-0.379811	0.008723	0.033313	
65	-0.390490	0.007432	0.035259	
66	-0.400786	0.005023	0.037523	
67	-0.411903	0.005226	0.036818	
68	-0.421423	0.004966	0.041298	
69	-0.430344	0.003170	0.040936	
70	-0.437511	0.002537	0.037862	
71	-0.453512	-0.002581	0.040782	
72	-0.463537	-0.004096	0.042445	
73	-0.465707	-0.005818	0.039293	
74	-0.467134	-0.009469	0.036500	
75	-0.465044	-0.012626	0.028385	
76	-0.465502	-0.013053	0.021571	
77	-0.463835	-0.014371	0.014367	
78	-0.470756	-0.017460	0.012186	
79	-0.474180	-0.020260	0.008447	
80	-0.486280	-0.019450	0.011428	
81	-0.494582	-0.019562	0.010938	
82	-0.502378	-0.021631	0.007802	
83	-0.514974	-0.020483	0.008036	
84	-0.528555	-0.021403	0.008401	
85	-0.543170	-0.022154	0.012436	
86	-0.553244	-0.021013	0.012102	
87	-0.566248	-0.021292	0.012395	
88	-0.575533	-0.021528	0.012538	
89	-0.582916	-0.019659	0.011288	
90	-0.597515	-0.018342	0.014305	
91	-0.612677	-0.020442	0.019491	
92	-0.617471	-0.019443	0.016071	
93	-0.624717	-0.017100	0.015626	
94	-0.637821	-0.018416	0.022174	
95	-0.647979	-0.017821	0.021745	
96	-0.653455	-0.015141	0.023634	
97	-0.667988	-0.014486	0.027707	
98	-0.673599	-0.015844	0.030828	
99	-0.681964	-0.015357	0.034866	
100	-0.690459	-0.013701	0.040872	
101	-0.694053	-0.012219	0.042500	
102	-0.704736	-0.011700	0.049119	
103	-0.717287	-0.009922	0.061918	
104	-0.720192	-0.009717	0.063697	
105	-0.726576	-0.010311	0.068736	
106	-0.726930	-0.007020	0.065050	
107	-0.736661	-0.006040	0.073497	
108	-0.738208	-0.005959	0.074566	
109	-0.746164	-0.005351	0.082945	
110	-0.752383	-0.004052	0.089635	
111	-0.760487	-0.004545	0.097487	
112	-0.764615	-0.004473	0.101707	
113	-0.775127	-0.004238	0.113986	
114	-0.776071	-0.004226	0.115839	
115	-0.786280	-0.006763	0.127859	
116	-0.794015	-0.009772	0.138318	
117	-0.799563	-0.008250	0.142500	
118	-0.805875	-0.007841	0.149522	
119	-0.812723	-0.009079	0.157785	
120	-0.822092	-0.008604	0.175551	
121	-0.823587	-0.010123	0.176336	
122	-0.829257	-0.014062	0.182689	
123	-0.838594	-0.015055	0.198647	
124	-0.842942	-0.014878	0.203661	
125	-0.847772	-0.016041	0.210999	
126	-0.857334	-0.016929	0.227940	
127	-0.862751	-0.016823	0.233759	
128	-0.866705	-0.017145	0.240442	
129	-0.875429	-0.016968	0.258531	
130	-0.879023	-0.017496	0.262607	
131	-0.879417	-0.017197	0.260341	
132	-0.889674	-0.017361	0.279447	
133	-0.898549	-0.019755	0.295833	
134	-0.901941	-0.020112	0.299750	
135	-0.908902	-0.020167	0.311858	
136	-0.914253	-0.020505	0.321062	
137	-0.919949	-0.019666	0.325783	
138	-0.925994	-0.017557	0.331025	
139	-0.935268	-0.018254	0.345340	
140	-0.940804	-0.019530	0.350807	
141	-0.949941	-0.019516	0.365520	
142	-0.955241	-0.021786	0.375533	
143	-0.961590	-0.023375	0.383405	
144	-0.967259	-0.022661	0.390186	
145	-0.973155	-0.022851	0.399559	
146	-0.983369	-0.022044	0.420515	
147	-0.984683	-0.021738	0.423882	
148	-0.989100	-0.022572	0.434906	
149	-0.992723	-0.022296	0.443629	
150	-0.996031	-0.022807	0.453351	
151	-0.999164	-0.024120	0.464144	
152	-1.002887	-0.023126	0.472646	
153	-1.007313	-0.022396	0.484962	
154	-1.009010	-0.021455	0.492559	
155	-1.013671	-0.022530	0.507468	
156	-1.015988	-0.023293	0.518324	
157	-1.018919	-0.023538	0.534702	
158	-1.019466	-0.022839	0.542392	
159	-1.020728	-0.024384	0.557906	
160	-1.020494	-0.024772	0.568534	
161	-1.020630	-0.023066	0.579628	
162	-1.021664	-0.024357	0.592746	
163	-1.021896	-0.025817	0.604646	
164	-1.022898	-0.027049	0.622647	
165	-1.022112	-0.027780	0.633921	
166	-1.021076	-0.029697	0.644362	
167	-1.020570	-0.029889	0.656809	
168	-1.020579	-0.027794	0.671242	
169	-1.022537	-0.029812	0.688419	
170	-1.021504	-0.032642	0.697623	
171	-1.021006	-0.033910	0.710596	
172	-1.021393	-0.035538	0.724587	
173	-1.022466	-0.037254	0.737207	
174	-1.022002	-0.038185	0.749153	
175	-1.023395	-0.038505	0.763797	
176	-1.022283	-0.036028	0.770827	
177	-1.021022	-0.035584	0.778047	
178	-1.020801	-0.038088	0.791691	
179	-1.020012	-0.040519	0.804706	
180	-1.017857	-0.041156	0.815473	
181	-1.018201	-0.041410	0.829434	
182	-1.019926	-0.041936	0.845682	
183	-1.017751	-0.041613	0.856227	
184	-1.016207	-0.041864	0.871609	
185	-1.016371	-0.041575	0.889840	
186	-1.013263	-0.041646	0.898213	
187	-1.010927	-0.045210	0.913636	
188	-1.008785	-0.047935	0.931305	
189	-1.006529	-0.046914	0.945990	
190	-1.005271	-0.049168	0.962393	
191	-1.001656	-0.055254	0.977363	
192	-1.001667	-0.055770	0.995562	
193	-1.001939	-0.051742	1.011771	
194	-1.000782	-0.051517	1.024647	
195	-0.998884	-0.055074	1.041529	
196	-0.997069	-0.058463	1.053475	
197	-0.995951	-0.062056	1.070287	
198	-0.993951	-0.063160	1.085846	
199	-0.993855	-0.061738	1.099712	
200	-0.993267	-0.062320	1.118391	
201	-0.990380	-0.062943	1.128809	
202	-0.988170	-0.064917	1.146079	
203	-0.986298	-0.064351	1.158550	
204	-0.983439	-0.063455	1.170227	
205	-0.980009	-0.063333	1.183742	
206	-0.975540	-0.066352	1.197342	
207	-0.971371	-0.068564	1.210028	
208	-0.966835	-0.070435	1.222945	
209	-0.961224	-0.071178	1.234142	
210	-0.956227	-0.069362	1.247927	
211	-0.949013	-0.072490	1.259499	
212	-0.942610	-0.076312	1.273932	
213	-0.935570	-0.076409	1.286222	
214	-0.927719	-0.075872	1.296551	
215	-0.918497	-0.080427	1.308372	
216	-0.909568	-0.083423	1.325101	
217	-0.901118	-0.083220	1.334339	
218	-0.891001	-0.085892	1.344712	
219	-0.880502	-0.090757	1.356385	
220	-0.870844	-0.091926	1.368401	
221	-0.861646	-0.093816	1.382871	
222	-0.850971	-0.096732	1.392400	
223	-0.840238	-0.099769	1.403195	
224	-0.829748	-0.102353	1.411347	
225	-0.819451	-0.106336	1.422769	
226	-0.807434	-0.112399	1.431308	
227	-0.795954	-0.118269	1.444947	
228	-0.785331	-0.122353	1.452558	
229	-0.774496	-0.126390	1.459425	
230	-0.765288	-0.127481	1.466869	
231	-0.755833	-0.130443	1.475195	
232	-0.746247	-0.133323	1.482533	
233	-0.736359	-0.137146	1.489432	
234	-0.726310	-0.140503	1.496636	
235	-0.716886	-0.143171	1.505163	
236	-0.706963	-0.147438	1.511550	
237	-0.696148	-0.153326	1.519362	
238	-0.685467	-0.158736	1.526775	
239	-0.675342	-0.163520	1.535418	
240	-0.666120	-0.164566	1.544046	
241	-0.656367	-0.167157	1.552448	
242	-0.645444	-0.173279	1.560274	
243	-0.634176	-0.179749	1.568360	
244	-0.623970	-0.182418	1.576380	
245	-0.613663	-0.185457	1.585343	
246	-0.604225	-0.185639	1.595282	
247	-0.594934	-0.187366	1.603811	
248	-0.584940	-0.189678	1.611439	
249	-0.575291	-0.191683	1.620390	
250	-0.565264	-0.194772	1.629166	
251	-0.556769	-0.193849	1.639725	
252	-0.549217	-0.190770	1.649606	
253	-0.539492	-0.194348	1.658395	
254	-0.528624	-0.201240	1.667328	
255	-0.517454	-0.206117	1.675847	
256	-0.508095	-0.205776	1.684618	
257	-0.497778	-0.210880	1.693475	
258	-0.487347	-0.214684	1.699930	
259	-0.477401	-0.216284	1.708214	
260	-0.467843	-0.215854	1.715123	
261	-0.458344	-0.216102	1.722411	
262	-0.447573	-0.217507	1.728069	
263	-0.437270	-0.217151	1.734113	
264	-0.426043	-0.218933	1.740362	
265	-0.414045	-0.221267	1.744716	
266	-0.402813	-0.220296	1.748793	
267	-0.391511	-0.219720	1.754969	
268	-0.379618	-0.219543	1.757307	
269	-0.354251	-0.224267	1.767834	
270	-0.339922	-0.228067	1.771259	
271	-0.328021	-0.226157	1.774853	
272	-0.315422	-0.226914	1.779432	
273	-0.302171	-0.228101	1.783107	
274	-0.289302	-0.228055	1.785861	
275	-0.275839	-0.229929	1.789721	
276	-0.262292	-0.231372	1.793164	
277	-0.248710	-0.233169	1.796665	
278	-0.234773	-0.234909	1.800585	
279	-0.220774	-0.237455	1.803874	
280	-0.207642	-0.238299	1.806571	
281	-0.195797	-0.237303	1.811175	
282	-0.183501	-0.238612	1.813699	
283	-0.170942	-0.240726	1.819133	
284	-0.159366	-0.241832	1.823341	
285	-0.148842	-0.241789	1.827351	
286	-0.139318	-0.241419	1.831493	
287	-0.130422	-0.241292	1.835459	
288	-0.121875	-0.241162	1.841979	
289	-0.113547	-0.241563	1.847885	
290	-0.105970	-0.240639	1.854929	
291	-0.097921	-0.241608	1.860701	
292	-0.090934	-0.241854	1.867579	
293	-0.084813	-0.241058	1.874815	
294	-0.079118	-0.241066	1.881851	
295	-0.073251	-0.241244	1.888370	
296	-0.068362	-0.240769	1.895941	
297	-0.063468	-0.240112	1.903923	
298	-0.058402	-0.240169	1.912100	
299	-0.053395	-0.241015	1.920459	
300	-0.048751	-0.241311	1.929671	
301	-0.044782	-0.241121	1.939551	
302	-0.040565	-0.241460	1.949514	
303	-0.036651	-0.241692	1.959747	
304	-0.032990	-0.241589	1.971138	
305	-0.029370	-0.241527	1.982623	
306	-0.026088	-0.242242	1.994158	
307	-0.023455	-0.242318	2.005792	
308	-0.021515	-0.242003	2.016781	
309	-0.019842	-0.241462	2.028695	
310	-0.017624	-0.242223	2.039434	
311	-0.015265	-0.241979	2.063332	
312	-0.014651	-0.241762	2.074004	
313	-0.014604	-0.240613	2.086569	
314	-0.014134	-0.240832	2.097845	
315	-0.013928	-0.241068	2.110038	
316	-0.014192	-0.240407	2.121548	
317	-0.014819	-0.239853	2.133051	
318	-0.015512	-0.239980	2.143069	
319	-0.016679	-0.240086	2.153316	
320	-0.018762	-0.238948	2.163926	
321	-0.020345	-0.239254	2.173281	
322	-0.022250	-0.238113	2.181832	
323	-0.024153	-0.237487	2.190920	
324	-0.025456	-0.238328	2.199875	
325	-0.027350	-0.237959	2.207008	
326	-0.029255	-0.238381	2.216517	
327	-0.029702	-0.241101	2.222828	
328	-0.031233	-0.241919	2.231755	
329	-0.033051	-0.242218	2.239624	
330	-0.034700	-0.242856	2.249383	
331	-0.036465	-0.243361	2.257748	
332	-0.038481	-0.243636	2.267149	
333	-0.040649	-0.243530	2.275133	
334	-0.042637	-0.244500	2.283875	
335	-0.044031	-0.246394	2.291742	
336	-0.045648	-0.248772	2.299248	
337	-0.047377	-0.250382	2.305519	
338	-0.049757	-0.250347	2.311030	
339	-0.052084	-0.250696	2.316099	
340	-0.054193	-0.251109	2.320890	
341	-0.056243	-0.251438	2.326576	
342	-0.058126	-0.251709	2.331383	
343	-0.059140	-0.253323	2.336883	
344	-0.060982	-0.253186	2.342382	
345	-0.062577	-0.253016	2.347450	
346	-0.064852	-0.251667	2.351990	
347	-0.065355	-0.253862	2.357807	
348	-0.066959	-0.253507	2.363597	
349	-0.068891	-0.252102	2.372394	
350	-0.068976	-0.252748	2.376837	
351	-0.069538	-0.252334	2.381553	
352	-0.069852	-0.251362	2.385826	
353	-0.069513	-0.251911	2.390676	
354	-0.070011	-0.250494	2.395421	
355	-0.069664	-0.250366	2.400056	
356	-0.069310	-0.250854	2.405701	
357	-0.069578	-0.249491	2.411107	
358	-0.070197	-0.247705	2.416586	
359	-0.070319	-0.246445	2.422724	
360	-0.070393	-0.246317	2.429180	
361	-0.070383	-0.246510	2.435757	
362	-0.070196	-0.247421	2.442926	
363	-0.070556	-0.246729	2.450145	
364	-0.071095	-0.245831	2.457162	
365	-0.071181	-0.246710	2.464998	
366	-0.071146	-0.247625	2.472282	
367	-0.071311	-0.248143	2.479911	
368	-0.072083	-0.247848	2.487324	
369	-0.072259	-0.248240	2.495213	
370	-0.072303	-0.247960	2.502434	
371	-0.072530	-0.247442	2.509465	
372	-0.072659	-0.247240	2.516775	
373	-0.072842	-0.246559	2.524125	
374	-0.072597	-0.246117	2.531091	
375	-0.071607	-0.247414	2.538512	
376	-0.069339	-0.248481	2.551667	
377	-0.067424	-0.249661	2.558162	
378	-0.065586	-0.250124	2.563834	
379	-0.062858	-0.251201	2.569191	
380	-0.060525	-0.252187	2.574272	
381	-0.058320	-0.252596	2.579053	
382	-0.055708	-0.253595	2.583524	
383	-0.052921	-0.254235	2.587368	
384	-0.050469	-0.253817	2.589926	
385	-0.047497	-0.254447	2.592066	
386	-0.043869	-0.256572	2.594233	
387	-0.040906	-0.257825	2.595216	
388	-0.038351	-0.257954	2.596217	
389	-0.034538	-0.261040	2.597411	
390	-0.031430	-0.261381	2.598761	
391	-0.028672	-0.261192	2.599211	
392	-0.026617	-0.259682	2.599896	
393	-0.024674	-0.257849	2.600855	
394	-0.021424	-0.258255	2.601425	
395	-0.017730	-0.258500	2.601585	
396	-0.014928	-0.257663	2.601651	
397	-0.012064	-0.255798	2.601060	
398	-0.007575	-0.257417	2.599623	
399	-0.003330	-0.258412	2.600025	
400	0.000969	-0.258820	2.600609	
401	0.006440	-0.259387	2.600723	
402	0.011000	-0.258889	2.602307	
403	0.015911	-0.259367	2.601351	
404	0.021273	-0.259865	2.602810	
405	0.027134	-0.261572	2.605347	
406	0.032275	-0.262500	2.607370	
407	0.037537	-0.263110	2.610255	
408	0.044149	-0.266662	2.612920	
409	0.050276	-0.269774	2.617382	
410	0.053715	-0.268534	2.619066	
411	0.058860	-0.268359	2.625396	
412	0.065062	-0.269776	2.632178	
413	0.069822	-0.267690	2.635696	
414	0.072912	-0.261946	2.641294	
415	0.079165	-0.261947	2.646947	
416	0.085442	-0.263525	2.648592	
417	0.087640	-0.260288	2.648015	
418	0.095320	-0.263290	2.653625	
419	0.102680	-0.265946	2.653626	
420	0.106521	-0.261467	2.654625	
421	0.115206	-0.254889	2.656583	
422	0.122247	-0.253888	2.656493	
423	0.127918	-0.250838	2.654835	
424	0.135785	-0.251549	2.652388	
425	0.144714	-0.251572	2.651642	
426	0.150568	-0.247905	2.647191	
427	0.160289	-0.246071	2.643862	
428	0.170914	-0.244949	2.642333	
429	0.179144	-0.241125	2.635672	
430	0.188582	-0.236771	2.632271	
431	0.200544	-0.235369	2.627641	
432	0.211840	-0.233965	2.622021	
433	0.221931	-0.229154	2.613617	
434	0.235055	-0.228172	2.608372	
435	0.250938	-0.231993	2.601337	
436	0.268382	-0.237489	2.592772	
437	0.281656	-0.238629	2.584683	
438	0.289106	-0.233156	2.573756	
439	0.295147	-0.224534	2.565398	
440	0.302937	-0.217600	2.557838	
441	0.316557	-0.218482	2.549029	
442	0.342091	-0.222503	2.531590	
443	0.352374	-0.221677	2.520772	
444	0.362185	-0.219045	2.512611	
445	0.372412	-0.219157	2.503637	
446	0.380243	-0.216134	2.495854	
447	0.387958	-0.214154	2.488549	
448	0.395974	-0.212306	2.480524	
449	0.402747	-0.207947	2.474884	
450	0.412461	-0.207530	2.469187	
451	0.422426	-0.207715	2.462734	
452	0.430342	-0.204227	2.456368	
453	0.440216	-0.203548	2.450814	
454	0.450615	-0.202522	2.445616	
455	0.459177	-0.199308	2.439006	
456	0.468547	-0.196476	2.434210	
457	0.480522	-0.197723	2.431510	
458	0.493321	-0.200130	2.425048	
459	0.501706	-0.196109	2.421264	
460	0.512894	-0.194212	2.418279	
461	0.524150	-0.195112	2.412602	
462	0.533328	-0.193062	2.406386	
463	0.541133	-0.189488	2.403402	
464	0.549023	-0.185483	2.400323	
465	0.561789	-0.186308	2.397688	
466	0.573030	-0.184639	2.395025	
467	0.583083	-0.181111	2.394353	
468	0.592515	-0.179512	2.393083	
469	0.602005	-0.176022	2.392995	
470	0.612763	-0.174320	2.390831	
471	0.623116	-0.174548	2.387720	
472	0.633246	-0.174390	2.383785	
473	0.638985	-0.172958	2.376330	
474	0.647258	-0.170955	2.374088	
475	0.657229	-0.170585	2.371491	
476	0.665520	-0.170542	2.363498	
477	0.678175	-0.169760	2.366667	
478	0.685317	-0.167105	2.365476	
479	0.695779	-0.165007	2.367421	
480	0.703302	-0.166830	2.361590	
481	0.713259	-0.166483	2.362861	
482	0.721865	-0.164391	2.361648	
483	0.726782	-0.163944	2.357052	
484	0.735919	-0.166946	2.352713	
485	0.745292	-0.170080	2.350323	
486	0.751079	-0.166933	2.347497	
487	0.750578	-0.164330	2.339847	
488	0.755441	-0.163710	2.335602	
489	0.759567	-0.162889	2.327347	
490	0.764993	-0.162000	2.322866	
491	0.765375	-0.162451	2.311426	
492	0.767480	-0.161612	2.300392	
493	0.768834	-0.156945	2.293210	
494	0.768756	-0.153898	2.282655	
495	0.767620	-0.154110	2.275487	
496	0.770770	-0.151008	2.269159	
497	0.769400	-0.149789	2.258259	
498	0.770324	-0.148633	2.251797	
499	0.770333	-0.147165	2.241509	
500	0.771137	-0.145470	2.230902	
501	0.774628	-0.143198	2.224907	
502	0.776550	-0.143218	2.212041	
503	0.775418	-0.140059	2.201569	
504	0.771557	-0.138250	2.188679	
505	0.771381	-0.140996	2.179799	
506	0.771560	-0.141937	2.168486	
507	0.764052	-0.139539	2.158927	
508	0.767607	-0.138249	2.149313	
509	0.772014	-0.139389	2.134455	
510	0.774877	-0.143139	2.122145	
511	0.771530	-0.143788	2.109241	
512	0.776514	-0.142265	2.098105	
513	0.777957	-0.143691	2.086510	
514	0.783231	-0.145813	2.074143	
515	0.786232	-0.145000	2.060626	
516	0.781901	-0.142635	2.061796	
517	0.796176	-0.142919	2.040962	
518	0.787063	-0.145539	2.045106	
519	0.780004	-0.147351	2.045338	
520	0.777565	-0.145160	2.037755	
521	0.779445	-0.141647	2.031202	
522	0.769018	-0.140467	2.036954	
523	0.785766	-0.140719	2.015393	
524	0.785371	-0.140007	2.010402	
525	0.793144	-0.136488	1.997396	
526	0.794272	-0.137011	1.988307	
527	0.796928	-0.136347	1.983536	
528	0.810032	-0.134354	1.962969	
529	0.806640	-0.134641	1.961259	
530	0.814730	-0.133371	1.946097	
531	0.815179	-0.132153	1.938058	
532	0.813706	-0.131116	1.932971	
533	0.821090	-0.129475	1.917700	
534	0.826519	-0.131527	1.902816	
535	0.824030	-0.130620	1.898969	
536	0.831857	-0.129153	1.881958	
537	0.831905	-0.128911	1.873688	
538	0.830051	-0.128507	1.865879	
539	0.832981	-0.129674	1.851459	
540	0.833804	-0.131505	1.842094	
541	0.836241	-0.129456	1.829048	
542	0.837198	-0.126827	1.823764	
543	0.837731	-0.127653	1.813658	
544	0.840350	-0.126225	1.801768	
545	0.841730	-0.126965	1.795243	
546	0.843777	-0.128716	1.783391	
547	0.840629	-0.128814	1.779866	
548	0.841737	-0.128057	1.773444	
549	0.841206	-0.130450	1.766805	
550	0.841616	-0.130472	1.758879	
551	0.844651	-0.131765	1.750777	
552	0.843290	-0.131684	1.748328	
553	0.843857	-0.130043	1.741338	
554	0.844332	-0.132794	1.733463	
555	0.844180	-0.135343	1.724862	
556	0.843511	-0.132646	1.720793	
557	0.841554	-0.130075	1.714860	
558	0.840965	-0.132616	1.709650	
559	0.839668	-0.132563	1.706455	
560	0.842800	-0.131622	1.698258	
561	0.841308	-0.132970	1.695282	
562	0.843219	-0.132996	1.686060	
563	0.843558	-0.130944	1.680322	
564	0.846823	-0.128373	1.668964	
565	0.847555	-0.127579	1.662382	
566	0.848932	-0.127082	1.655982	
567	0.851189	-0.124870	1.647274	
568	0.853197	-0.123234	1.636858	
569	0.852043	-0.125764	1.627015	
570	0.850763	-0.127040	1.618603	
571	0.850714	-0.122892	1.609993	
572	0.850099	-0.122203	1.600697	
573	0.847410	-0.123556	1.593837	
574	0.846128	-0.120389	1.584293	
575	0.845306	-0.116911	1.577024	
576	0.843827	-0.118566	1.567456	
577	0.842938	-0.117948	1.557945	
578	0.842388	-0.115116	1.548777	
579	0.841820	-0.114113	1.538584	
580	0.840282	-0.114267	1.529239	
581	0.838886	-0.112063	1.518187	
582	0.838701	-0.108766	1.508748	
583	0.836700	-0.109288	1.497400	
584	0.835376	-0.108421	1.486056	
585	0.834966	-0.105160	1.475065	
586	0.833568	-0.104513	1.465412	
587	0.830840	-0.106635	1.438072	
588	0.828940	-0.107967	1.428218	
589	0.826606	-0.109665	1.416705	
590	0.825394	-0.107346	1.405366	
591	0.824230	-0.104931	1.391527	
592	0.822405	-0.104833	1.379042	
593	0.820900	-0.104795	1.367153	
594	0.818290	-0.103765	1.358075	
595	0.816486	-0.105198	1.345128	
596	0.813719	-0.106963	1.334657	
597	0.812026	-0.106808	1.320999	
598	0.808964	-0.108805	1.310898	
599	0.806896	-0.109001	1.299544	
600	0.803881	-0.109057	1.289285	
601	0.801868	-0.109026	1.276702	
602	0.798432	-0.109363	1.267708	
603	0.795126	-0.110003	1.259525	
604	0.792259	-0.109033	1.250839	
605	0.789794	-0.106613	1.243153	
606	0.787609	-0.106023	1.230462	
607	0.784528	-0.107481	1.221713	
608	0.782881	-0.104647	1.212645	
609	0.780839	-0.100861	1.204405	
610	0.779447	-0.100039	1.190768	
611	0.776521	-0.100462	1.181600	
612	0.774363	-0.098390	1.174160	
613	0.772482	-0.096087	1.161173	
614	0.771098	-0.094719	1.152745	
615	0.769593	-0.091940	1.141727	
616	0.767655	-0.090323	1.130876	
617	0.766525	-0.088481	1.117973	
618	0.765343	-0.087668	1.102717	
619	0.762446	-0.088573	1.093786	
620	0.760751	-0.087928	1.083408	
621	0.758813	-0.085913	1.072640	
622	0.756496	-0.086474	1.061908	
623	0.753528	-0.087317	1.050703	
624	0.750742	-0.085702	1.040735	
625	0.748800	-0.083597	1.031435	
626	0.745991	-0.083345	1.021290	
627	0.742201	-0.085186	1.011657	
628	0.739607	-0.084422	1.005462	
629	0.735729	-0.084317	0.995901	
630	0.731753	-0.085337	0.987497	
631	0.728005	-0.084210	0.981766	
632	0.723989	-0.085160	0.971339	
633	0.718805	-0.086785	0.963473	
634	0.714781	-0.086717	0.957928	
635	0.711352	-0.085053	0.948705	
636	0.706889	-0.085382	0.941547	
637	0.703563	-0.083799	0.933759	
638	0.698448	-0.081741	0.927804	
639	0.694331	-0.080465	0.921874	
640	0.689284	-0.079334	0.915379	
641	0.683900	-0.078166	0.910480	
642	0.679228	-0.076585	0.903931	
643	0.673548	-0.075569	0.898846	
644	0.668576	-0.073581	0.892624	
645	0.662156	-0.071999	0.888807	
646	0.654824	-0.072423	0.883166	
647	0.648104	-0.071729	0.878698	
648	0.640959	-0.068954	0.874020	
649	0.626925	-0.062000	0.865230	
650	0.609476	-0.062056	0.855000	
651	0.600098	-0.062841	0.849252	
652	0.589840	-0.065934	0.844778	
653	0.579545	-0.065720	0.841458	
654	0.570080	-0.063421	0.835559	
655	0.559288	-0.063962	0.831532	
656	0.548716	-0.064250	0.827943	
657	0.537489	-0.065588	0.823273	
658	0.525727	-0.068318	0.820193	
659	0.514924	-0.069459	0.816546	
660	0.502873	-0.071945	0.812608	
661	0.491050	-0.075274	0.810872	
662	0.480375	-0.074781	0.807544	
663	0.470211	-0.071809	0.801734	
664	0.459650	-0.072389	0.798980	
665	0.448549	-0.074504	0.795423	
666	0.437906	-0.077439	0.793910	
667	0.426878	-0.081538	0.790742	
668	0.415938	-0.082896	0.787620	
669	0.406310	-0.082516	0.784997	
670	0.396787	-0.082820	0.781119	
671	0.387191	-0.085462	0.777211	
672	0.378262	-0.085968	0.773433	
673	0.369466	-0.087022	0.769536	
674	0.360790	-0.088964	0.767000	
675	0.351677	-0.093266	0.763527	
676	0.342987	-0.096351	0.761529	
677	0.334798	-0.098284	0.758418	
678	0.325937	-0.100304	0.754363	
679	0.318138	-0.100215	0.749423	
680	0.310113	-0.101500	0.745861	
681	0.301919	-0.105132	0.741474	
682	0.293994	-0.107898	0.737197	
683	0.285699	-0.109056	0.732865	
684	0.277991	-0.109788	0.727144	
685	0.269456	-0.113391	0.721721	
686	0.261319	-0.116892	0.716053	
687	0.253012	-0.118603	0.710515	
688	0.244697	-0.120294	0.704913	
689	0.236839	-0.121714	0.698152	
690	0.227991	-0.126040	0.692088	
691	0.219322	-0.129783	0.685613	
692	0.211506	-0.130313	0.678333	
693	0.204076	-0.129605	0.670132	
694	0.197046	-0.128869	0.662695	
695	0.189354	-0.131243	0.655057	
696	0.181316	-0.134627	0.647995	
697	0.172397	-0.139111	0.641285	
698	0.164103	-0.143157	0.635059	
699	0.155466	-0.146323	0.628324	
700	0.147328	-0.148652	0.622167	
701	0.139371	-0.149881	0.615834	
702	0.132222	-0.150974	0.611053	
703	0.123412	-0.157235	0.606663	
704	0.115042	-0.161489	0.602307	
705	0.107823	-0.161498	0.598206	
706	0.100057	-0.164974	0.594378	
707	0.091837	-0.169380	0.591333	
708	0.085566	-0.166678	0.588183	
709	0.078772	-0.167821	0.584798	
710	0.070258	-0.175772	0.582978	
711	0.062375	-0.178179	0.580520	
712	0.057394	-0.174810	0.579674	
713	0.049064	-0.182292	0.579041	
714	0.040301	-0.189119	0.578689	
715	0.033587	-0.190907	0.580723	
716	0.027152	-0.192545	0.583404	
717	0.019813	-0.197190	0.586293	
718	0.012092	-0.200427	0.588253	
719	0.004660	-0.202805	0.591964	
720	-0.002209	-0.203677	0.596619	
721	-0.010023	-0.206095	0.600883	
722	-0.017660	-0.207401	0.606304	
723	-0.025896	-0.209777	0.611560	
724	-0.034505	-0.212423	0.617202	
725	-0.042573	-0.213761	0.623219	
726	-0.051725	-0.215943	0.629096	
727	-0.060477	-0.218357	0.635705	
728	-0.069203	-0.220981	0.642752	
729	-0.077865	-0.222211	0.649481	
730	-0.087141	-0.224799	0.655818	
731	-0.097167	-0.229053	0.662392	
732	-0.106793	-0.232347	0.670481	
733	-0.115911	-0.236022	0.679538	
734	-0.124770	-0.239496	0.688022	
735	-0.133378	-0.243824	0.696950	
736	-0.141643	-0.247114	0.705488	
737	-0.150095	-0.250726	0.714139	
738	-0.157883	-0.253692	0.722888	
739	-0.164905	-0.256382	0.731423	
740	-0.172047	-0.260756	0.739949	
741	-0.178202	-0.264414	0.748952	
742	-0.183031	-0.265484	0.757154	
743	-0.187979	-0.267440	0.764129	
744	-0.193152	-0.270113	0.770553	
745	-0.197939	-0.271992	0.776834	
746	-0.203169	-0.275065	0.782587	
747	-0.208143	-0.278715	0.788519	
748	-0.212386	-0.281620	0.794171	
749	-0.216436	-0.284434	0.799391	
750	-0.220205	-0.286610	0.804043	
751	-0.223754	-0.289313	0.808344	
752	-0.227430	-0.291290	0.812061	
753	-0.230999	-0.293377	0.815604	
754	-0.235051	-0.294812	0.818892	
755	-0.239290	-0.297585	0.822506	
756	-0.244103	-0.300686	0.825468	
757	-0.248966	-0.302443	0.829025	
758	-0.254453	-0.305479	0.832531	
759	-0.260786	-0.310370	0.835601	
760	-0.267127	-0.313881	0.838293	
761	-0.273895	-0.317560	0.840535	
762	-0.281169	-0.321565	0.842762	
763	-0.288888	-0.325422	0.844947	
764	-0.296601	-0.329431	0.847139	
765	-0.304339	-0.333006	0.849399	
766	-0.312798	-0.337043	0.851288	
767	-0.321073	-0.340706	0.853423	
768	-0.329431	-0.344966	0.855500	
769	-0.337825	-0.349266	0.857630	
770	-0.346267	-0.353078	0.859320	
771	-0.354580	-0.355615	0.861043	
772	-0.363066	-0.358675	0.862841	
773	-0.371113	-0.361076	0.864940	
774	-0.379454	-0.362617	0.866392	
775	-0.388011	-0.364557	0.867900	
776	-0.396462	-0.367781	0.869210	
777	-0.404751	-0.371161	0.870339	
778	-0.412628	-0.373428	0.871937	
779	-0.420293	-0.376035	0.873339	
780	-0.428032	-0.378423	0.874299	
781	-0.435258	-0.379760	0.875460	
782	-0.442445	-0.381427	0.876828	
783	-0.449105	-0.382660	0.878142	
784	-0.455468	-0.383263	0.879279	
785	-0.461835	-0.384152	0.880536	
786	-0.467625	-0.386115	0.881622	
787	-0.472775	-0.386992	0.883262	
788	-0.478086	-0.387043	0.884316	
789	-0.483190	-0.387211	0.885768	
790	-0.487980	-0.387483	0.886913	
791	-0.492190	-0.387113	0.888278	
792	-0.496036	-0.386307	0.889517	
793	-0.499339	-0.385187	0.890852	
794	-0.502566	-0.384185	0.892115	
795	-0.505675	-0.383080	0.893742	
796	-0.508051	-0.381943	0.895362	
797	-0.510911	-0.380426	0.896600	
798	-0.513518	-0.378624	0.897904	
799	-0.515833	-0.376628	0.899415	
800	-0.517817	-0.374922	0.901424	
801	-0.519867	-0.372830	0.903260	
802	-0.520699	-0.372493	0.905807	
803	-0.521776	-0.371731	0.907825	
804	-0.522769	-0.370036	0.909993	
805	-0.524004	-0.368466	0.911700	
806	-0.524580	-0.365386	0.913693	
807	-0.525719	-0.362964	0.915936	
808	-0.525940	-0.359257	0.918345	
809	-0.526695	-0.356870	0.920495	
810	-0.527745	-0.353034	0.922560	
811	-0.528475	-0.349554	0.924780	
812	-0.528665	-0.346991	0.927782	
813	-0.529234	-0.344145	0.930641	
814	-0.529996	-0.341118	0.933321	
815	-0.530184	-0.336868	0.936673	
816	-0.530954	-0.333426	0.939527	
817	-0.531540	-0.329806	0.943243	
818	-0.531702	-0.327865	0.947528	
819	-0.532286	-0.325446	0.951781	
820	-0.531711	-0.323437	0.957337	
821	-0.531949	-0.320857	0.962265	
822	-0.532513	-0.318820	0.967271	
823	-0.532876	-0.317906	0.973129	
824	-0.533220	-0.315497	0.979110	
825	-0.533671	-0.314229	0.985179	
826	-0.534262	-0.311035	0.991027	
827	-0.534541	-0.307261	0.996574	
828	-0.535270	-0.304047	1.002754	
829	-0.535866	-0.300657	1.008603	
830	-0.535724	-0.295676	1.015363	
831	-0.536388	-0.291565	1.021774	
832	-0.537308	-0.288243	1.028554	
833	-0.538090	-0.283112	1.035071	
834	-0.539401	-0.280486	1.041204	
835	-0.540195	-0.276899	1.047845	
836	-0.541333	-0.274337	1.054182	
837	-0.541756	-0.269508	1.060173	
838	-0.542216	-0.267036	1.066582	
839	-0.544436	-0.264553	1.071142	
840	-0.545830	-0.262528	1.076522	
841	-0.547241	-0.260376	1.081553	
842	-0.548275	-0.256973	1.086753	
843	-0.549026	-0.252099	1.091581	
844	-0.549125	-0.248927	1.096724	
845	-0.550328	-0.246651	1.101210	
846	-0.551219	-0.241926	1.104769	
847	-0.552101	-0.238505	1.108794	
848	-0.552909	-0.233088	1.112306	
849	-0.553734	-0.229407	1.115899	
850	-0.554721	-0.226568	1.119792	
851	-0.554430	-0.221355	1.123654	
852	-0.555385	-0.217550	1.126584	
853	-0.555721	-0.214961	1.130046	
854	-0.555483	-0.211667	1.133495	
855	-0.555983	-0.208827	1.136286	
856	-0.557045	-0.207816	1.139102	
857	-0.558191	-0.205561	1.141455	
858	-0.557889	-0.199588	1.143392	
859	-0.558555	-0.194797	1.144830	
860	-0.558892	-0.191497	1.147289	
861	-0.559040	-0.187527	1.149207	
862	-0.559139	-0.181343	1.150369	
863	-0.559000	-0.177998	1.152119	
864	-0.559967	-0.176910	1.153797	
865	-0.561168	-0.175490	1.154905	
866	-0.561001	-0.172794	1.156536	
867	-0.561614	-0.169032	1.157281	
868	-0.561048	-0.165686	1.158332	
869	-0.562014	-0.163109	1.158796	
870	-0.562986	-0.161304	1.159523	
871	-0.564115	-0.158187	1.160144	
872	-0.564536	-0.156203	1.161527	
873	-0.565252	-0.154932	1.162697	
874	-0.566763	-0.155100	1.164183	
875	-0.567502	-0.154211	1.165524	
876	-0.568398	-0.153978	1.166923	
877	-0.569441	-0.154163	1.168062	
878	-0.570273	-0.153174	1.169172	
879	-0.570916	-0.154098	1.170510	
880	-0.571931	-0.153967	1.171812	
881	-0.571408	-0.149993	1.172441	
