0	0.000000	0.000000	0.000000	
1	0.000000	0.000000	0.000000	
2	0.000000	0.000000	0.000000	
3	0.000000	0.000000	0.000000	
4	0.000023	0.001284	0.000713	
5	-0.000354	0.001237	0.000689	
6	-0.000666	0.002178	0.000445	
7	-0.000449	0.001668	0.000064	
8	-0.001099	0.005051	0.000512	
9	-0.000622	0.003774	-0.000217	
10	-0.000604	0.005140	0.000066	
11	-0.000587	0.003784	-0.000379	
12	-0.000657	0.003282	-0.000173	
13	-0.000491	0.003334	-0.000215	
14	-0.001121	0.002167	-0.000760	
15	-0.001206	0.001560	-0.000921	
16	-0.001080	0.000727	-0.001348	
17	-0.001289	-0.000501	-0.002055	
18	-0.000821	-0.000114	-0.001906	
19	-0.001023	-0.000411	-0.002553	
20	-0.001229	0.000300	-0.002439	
21	-0.000900	-0.000216	-0.002622	
22	0.000751	0.000481	-0.002645	
23	0.001085	0.000567	-0.003086	
24	0.000807	-0.000213	-0.003758	
25	0.001579	0.000294	-0.004089	
26	0.001945	0.000031	-0.004843	
27	0.002110	-0.000606	-0.005812	
28	0.003612	-0.000066	-0.006109	
29	0.003230	0.000341	-0.006542	
30	0.002709	-0.000504	-0.007454	
31	0.003888	-0.000503	-0.007634	
32	0.004305	0.000899	-0.007556	
33	0.003740	0.001553	-0.008157	
34	0.004095	0.002130	-0.008355	
35	0.004542	0.002148	-0.008490	
36	0.004480	0.002205	-0.008773	
37	0.005085	0.003332	-0.008485	
38	0.005789	0.004889	-0.008434	
39	0.004984	0.004774	-0.009123	
40	0.005331	0.005394	-0.008906	
41	0.005855	0.005477	-0.009174	
42	0.006106	0.004433	-0.009964	
43	0.006277	0.003359	-0.010545	
44	0.006811	0.002977	-0.010683	
45	0.006974	0.003586	-0.010966	
46	0.007176	0.003521	-0.011388	
47	0.007559	0.003984	-0.011611	
48	0.007477	0.004673	-0.012009	
49	0.007179	0.004267	-0.012357	
50	0.008190	0.004431	-0.012516	
51	0.008390	0.003808	-0.013230	
52	0.007740	0.003270	-0.013506	
53	0.008233	0.004414	-0.013621	
54	0.007934	0.004179	-0.013993	
55	0.008116	0.004043	-0.014415	
56	0.008153	0.004290	-0.014407	
57	0.007983	0.004263	-0.014765	
58	0.007713	0.004351	-0.014913	
59	0.008549	0.005956	-0.014188	
60	0.008126	0.006153	-0.014013	
61	0.007020	0.006756	-0.013710	
62	0.007789	0.007883	-0.013015	
63	0.007959	0.008708	-0.012350	
64	0.007181	0.010021	-0.011692	
65	0.006645	0.010181	-0.011439	
66	0.006509	0.010239	-0.011098	
67	0.006480	0.011897	-0.010237	
68	0.005348	0.011981	-0.010169	
69	0.003446	0.012473	-0.010243	
70	0.002111	0.012586	-0.010461	
71	-0.000180	0.011580	-0.011615	
72	-0.003084	0.011419	-0.012994	
73	-0.006287	0.009167	-0.015908	
74	-0.011579	0.007530	-0.019554	
75	-0.018237	0.006527	-0.023301	
76	-0.023714	0.005919	-0.027615	
77	-0.036804	0.003117	-0.037374	
78	-0.045373	0.002108	-0.042251	
79	-0.054561	0.002340	-0.046501	
80	-0.063394	0.001771	-0.051188	
81	-0.072756	0.001849	-0.055545	
82	-0.084115	0.002425	-0.060162	
83	-0.094937	0.004417	-0.064041	
84	-0.105587	0.006250	-0.067591	
85	-0.117171	0.008494	-0.070846	
86	-0.129399	0.010591	-0.073778	
87	-0.142748	0.013561	-0.076260	
88	-0.155991	0.016684	-0.078562	
89	-0.167869	0.019249	-0.080828	
90	-0.181309	0.021240	-0.083476	
91	-0.193682	0.025281	-0.084929	
92	-0.204702	0.028989	-0.086520	
93	-0.217077	0.031409	-0.088509	
94	-0.228731	0.033229	-0.089846	
95	-0.239528	0.034885	-0.091852	
96	-0.249488	0.037040	-0.093511	
97	-0.259779	0.037041	-0.095286	
98	-0.269357	0.036823	-0.096915	
99	-0.279979	0.036543	-0.097744	
100	-0.288642	0.036650	-0.098304	
101	-0.299014	0.035079	-0.098902	
102	-0.308871	0.034357	-0.098848	
103	-0.317868	0.033172	-0.098666	
104	-0.326371	0.031266	-0.098891	
105	-0.335729	0.028945	-0.099120	
106	-0.345527	0.027830	-0.098387	
107	-0.353563	0.027471	-0.097381	
108	-0.372641	0.023582	-0.095961	
109	-0.382210	0.022919	-0.094275	
110	-0.391534	0.021980	-0.092613	
111	-0.401476	0.020376	-0.090322	
112	-0.413251	0.018966	-0.087700	
113	-0.424454	0.017896	-0.084976	
114	-0.434651	0.015504	-0.082325	
115	-0.445461	0.012160	-0.079165	
116	-0.457461	0.008049	-0.076040	
117	-0.467898	0.005082	-0.071885	
118	-0.475345	0.003015	-0.066236	
119	-0.499116	-0.002649	-0.054203	
120	-0.507038	-0.003624	-0.046751	
121	-0.511971	-0.007834	-0.039824	
122	-0.521494	-0.011614	-0.032917	
123	-0.529136	-0.012689	-0.025963	
124	-0.537090	-0.017095	-0.020507	
125	-0.544461	-0.020913	-0.014555	
126	-0.551774	-0.023105	-0.008788	
127	-0.560040	-0.027652	-0.004431	
128	-0.566860	-0.032100	0.000077	
129	-0.573202	-0.036075	0.004821	
130	-0.581757	-0.040265	0.009098	
131	-0.587708	-0.043346	0.014165	
132	-0.593392	-0.047371	0.019383	
133	-0.599747	-0.051416	0.024389	
134	-0.615046	-0.056408	0.035362	
135	-0.622259	-0.059219	0.041164	
136	-0.630498	-0.061301	0.046649	
137	-0.638587	-0.064149	0.052067	
138	-0.652706	-0.068848	0.063120	
139	-0.661986	-0.069999	0.068786	
140	-0.679826	-0.074024	0.079960	
141	-0.688466	-0.076152	0.085543	
142	-0.697673	-0.076445	0.091694	
143	-0.706759	-0.078153	0.097328	
144	-0.716069	-0.080736	0.102940	
145	-0.723896	-0.083665	0.107981	
146	-0.733649	-0.087572	0.112824	
147	-0.743509	-0.088807	0.118447	
148	-0.751527	-0.092189	0.123306	
149	-0.760527	-0.094875	0.128340	
150	-0.769914	-0.096136	0.134071	
151	-0.784316	-0.102604	0.145034	
152	-0.792377	-0.104741	0.150368	
153	-0.799051	-0.108418	0.155315	
154	-0.803669	-0.112576	0.160113	
155	-0.810360	-0.113956	0.165404	
156	-0.816936	-0.115324	0.171068	
157	-0.821352	-0.118112	0.176612	
158	-0.826139	-0.121892	0.182079	
159	-0.833109	-0.123902	0.188150	
160	-0.838293	-0.126324	0.193987	
161	-0.842392	-0.129865	0.199230	
162	-0.848394	-0.131373	0.204471	
163	-0.855394	-0.132671	0.209772	
164	-0.859860	-0.135216	0.214686	
165	-0.864779	-0.138683	0.219020	
166	-0.871382	-0.140193	0.223904	
167	-0.876277	-0.142528	0.228944	
168	-0.879855	-0.145897	0.233265	
169	-0.885932	-0.147681	0.238589	
170	-0.892755	-0.149230	0.244215	
171	-0.897176	-0.155016	0.249187	
172	-0.902276	-0.159732	0.254161	
173	-0.909376	-0.163030	0.259722	
174	-0.919493	-0.169299	0.271336	
175	-0.925358	-0.173748	0.277412	
176	-0.931577	-0.175645	0.283945	
177	-0.935901	-0.179834	0.290596	
178	-0.940704	-0.183533	0.297364	
179	-0.946194	-0.187156	0.304160	
180	-0.951083	-0.190837	0.310584	
181	-0.955786	-0.194002	0.316864	
182	-0.960294	-0.197425	0.322654	
183	-0.966340	-0.202046	0.328690	
184	-0.970733	-0.203690	0.334749	
185	-0.973200	-0.207918	0.339567	
186	-0.979815	-0.209482	0.345310	
187	-0.986681	-0.211611	0.350933	
188	-0.991574	-0.213748	0.356293	
189	-0.995997	-0.215671	0.361428	
190	-1.003952	-0.216049	0.367478	
191	-1.011168	-0.216912	0.373703	
192	-1.016247	-0.217612	0.380061	
193	-1.021702	-0.219203	0.385986	
194	-1.030815	-0.219537	0.392651	
195	-1.041042	-0.218804	0.399619	
196	-1.049603	-0.220437	0.405372	
197	-1.059330	-0.221211	0.410798	
198	-1.072128	-0.222294	0.416852	
199	-1.082999	-0.222982	0.421663	
200	-1.092514	-0.223765	0.425794	
201	-1.103929	-0.224319	0.430368	
202	-1.116824	-0.224893	0.435544	
203	-1.126112	-0.224618	0.439642	
204	-1.136829	-0.226746	0.443971	
205	-1.157733	-0.229842	0.452366	
206	-1.166220	-0.231453	0.455771	
207	-1.176589	-0.234575	0.460145	
208	-1.185884	-0.237429	0.464368	
209	-1.191950	-0.238434	0.468067	
210	-1.199759	-0.241820	0.471923	
211	-1.209517	-0.244596	0.476974	
212	-1.214751	-0.246146	0.481240	
213	-1.220722	-0.249001	0.485431	
214	-1.229627	-0.253173	0.490595	
215	-1.234747	-0.254353	0.495647	
216	-1.239242	-0.257397	0.500050	
217	-1.246960	-0.260830	0.505962	
218	-1.251357	-0.263340	0.511512	
219	-1.255749	-0.265828	0.517210	
220	-1.261455	-0.269427	0.523150	
221	-1.266771	-0.272031	0.529360	
222	-1.270643	-0.275258	0.534985	
223	-1.275473	-0.279759	0.540982	
224	-1.280161	-0.283507	0.547180	
225	-1.283696	-0.287443	0.553261	
226	-1.288127	-0.291711	0.559821	
227	-1.290547	-0.296060	0.565913	
228	-1.293146	-0.301537	0.571825	
229	-1.297091	-0.307725	0.578074	
230	-1.300339	-0.312330	0.583879	
231	-1.303818	-0.316383	0.589553	
232	-1.307842	-0.321289	0.595562	
233	-1.310226	-0.326464	0.601066	
234	-1.313946	-0.331513	0.607041	
235	-1.319638	-0.335375	0.614064	
236	-1.323347	-0.339712	0.619934	
237	-1.327004	-0.343853	0.625671	
238	-1.331367	-0.347789	0.631641	
239	-1.335648	-0.351384	0.637844	
240	-1.339738	-0.354858	0.643820	
241	-1.345186	-0.359365	0.650022	
242	-1.350338	-0.361775	0.656078	
243	-1.354997	-0.365100	0.661004	
244	-1.361598	-0.369819	0.666579	
245	-1.367183	-0.372890	0.671834	
246	-1.371237	-0.377545	0.676201	
247	-1.376853	-0.382612	0.680311	
248	-1.382777	-0.386510	0.684193	
249	-1.387906	-0.390417	0.687357	
250	-1.393430	-0.395136	0.690015	
251	-1.401359	-0.398066	0.693292	
252	-1.408018	-0.400802	0.696142	
253	-1.415012	-0.404578	0.698349	
254	-1.424307	-0.405841	0.701205	
255	-1.432862	-0.407097	0.703051	
256	-1.451779	-0.410408	0.705983	
257	-1.462914	-0.409658	0.707328	
258	-1.482659	-0.409945	0.708509	
259	-1.494576	-0.409621	0.709689	
260	-1.505640	-0.408549	0.710818	
261	-1.516138	-0.407173	0.711785	
262	-1.526458	-0.406657	0.712901	
263	-1.536713	-0.407274	0.714072	
264	-1.547122	-0.405498	0.715957	
265	-1.556681	-0.404806	0.717043	
266	-1.567847	-0.405177	0.718479	
267	-1.577513	-0.405400	0.720322	
268	-1.586525	-0.405886	0.721633	
269	-1.597733	-0.405977	0.723937	
270	-1.607228	-0.404834	0.726212	
271	-1.616809	-0.405052	0.728454	
272	-1.626914	-0.405869	0.731155	
273	-1.635519	-0.405857	0.733933	
274	-1.644218	-0.406656	0.736706	
275	-1.653569	-0.404348	0.740765	
276	-1.661886	-0.402450	0.745373	
277	-1.670178	-0.399939	0.750570	
278	-1.678064	-0.395562	0.756825	
279	-1.685481	-0.391393	0.763978	
280	-1.692087	-0.386869	0.771551	
281	-1.698186	-0.381562	0.779334	
282	-1.702770	-0.377307	0.787053	
283	-1.706444	-0.373345	0.795029	
284	-1.710147	-0.369636	0.803144	
285	-1.712814	-0.366475	0.810484	
286	-1.715601	-0.365490	0.818213	
287	-1.718345	-0.363253	0.827629	
288	-1.717683	-0.360435	0.835542	
289	-1.718932	-0.360430	0.843136	
290	-1.720062	-0.357910	0.852219	
291	-1.719731	-0.355852	0.860786	
292	-1.720228	-0.354692	0.869804	
293	-1.720824	-0.353230	0.878555	
294	-1.721822	-0.350842	0.888260	
295	-1.722891	-0.348610	0.897522	
296	-1.723667	-0.349103	0.906195	
297	-1.725165	-0.348810	0.915236	
298	-1.726219	-0.349584	0.923948	
299	-1.727440	-0.351011	0.931173	
300	-1.729546	-0.352334	0.938918	
301	-1.731755	-0.354061	0.946547	
302	-1.733935	-0.354320	0.954604	
303	-1.736020	-0.356512	0.961405	
304	-1.738513	-0.359110	0.968510	
305	-1.740695	-0.363610	0.974874	
306	-1.744427	-0.366239	0.981632	
307	-1.748257	-0.367734	0.988580	
308	-1.752519	-0.371241	0.994987	
309	-1.756079	-0.375068	1.000611	
310	-1.759748	-0.378598	1.006528	
311	-1.763493	-0.380319	1.012482	
312	-1.767227	-0.383823	1.017969	
313	-1.771294	-0.387041	1.023674	
314	-1.775422	-0.388806	1.029945	
315	-1.779769	-0.392291	1.035732	
316	-1.784668	-0.396595	1.040821	
317	-1.789554	-0.401249	1.045765	
318	-1.794836	-0.405361	1.051084	
319	-1.800236	-0.409339	1.056162	
320	-1.806195	-0.413699	1.061274	
321	-1.811571	-0.418759	1.065912	
322	-1.816848	-0.423618	1.070247	
323	-1.822632	-0.428632	1.074408	
324	-1.828094	-0.433337	1.078630	
325	-1.833662	-0.437370	1.082667	
326	-1.838407	-0.442818	1.085550	
327	-1.842857	-0.447840	1.088541	
328	-1.847631	-0.452839	1.091906	
329	-1.852465	-0.457626	1.095568	
330	-1.857049	-0.462404	1.100047	
331	-1.861438	-0.468721	1.104310	
332	-1.865709	-0.473072	1.108648	
333	-1.870032	-0.478915	1.114395	
334	-1.873441	-0.486270	1.118895	
335	-1.877603	-0.491072	1.124554	
336	-1.881730	-0.497115	1.130694	
337	-1.884990	-0.503244	1.134866	
338	-1.888523	-0.508812	1.140981	
339	-1.891124	-0.516167	1.146695	
340	-1.893317	-0.522629	1.151203	
341	-1.895779	-0.527764	1.157079	
342	-1.897819	-0.534104	1.164363	
343	-1.898926	-0.540093	1.168222	
344	-1.900852	-0.544963	1.174706	
345	-1.902225	-0.552378	1.182073	
346	-1.903416	-0.557522	1.187466	
347	-1.904875	-0.560988	1.194359	
348	-1.904689	-0.566124	1.200636	
349	-1.904532	-0.573208	1.204787	
350	-1.904887	-0.577400	1.210798	
351	-1.905484	-0.582915	1.218561	
352	-1.905186	-0.588382	1.223433	
353	-1.905377	-0.594111	1.230124	
354	-1.904962	-0.605323	1.242517	
355	-1.904680	-0.610607	1.249242	
356	-1.904189	-0.615767	1.255706	
357	-1.903926	-0.621667	1.262512	
358	-1.903783	-0.626910	1.269353	
359	-1.903147	-0.633964	1.277255	
360	-1.902556	-0.645311	1.292261	
361	-1.902125	-0.652118	1.300202	
362	-1.901698	-0.658508	1.307279	
363	-1.901545	-0.664870	1.315087	
364	-1.901500	-0.670256	1.322326	
365	-1.901438	-0.675110	1.329373	
366	-1.901628	-0.678940	1.337164	
367	-1.901402	-0.682112	1.342894	
368	-1.901404	-0.686114	1.348849	
369	-1.901229	-0.690234	1.355568	
370	-1.900648	-0.693701	1.361763	
371	-1.900446	-0.696393	1.366608	
372	-1.899879	-0.699257	1.372343	
373	-1.899610	-0.702101	1.376566	
374	-1.900166	-0.704618	1.380275	
375	-1.900465	-0.707061	1.384985	
376	-1.901223	-0.709251	1.389901	
377	-1.902226	-0.710760	1.393431	
378	-1.903642	-0.712458	1.398051	
379	-1.905192	-0.714045	1.403421	
380	-1.906951	-0.716038	1.408675	
381	-1.908877	-0.718117	1.413465	
382	-1.911155	-0.720922	1.419760	
383	-1.913665	-0.723845	1.424534	
384	-1.916254	-0.727513	1.429801	
385	-1.919643	-0.731229	1.435771	
386	-1.922866	-0.735754	1.440265	
387	-1.927030	-0.739705	1.446335	
388	-1.931046	-0.745080	1.451663	
389	-1.934941	-0.751329	1.456295	
390	-1.939765	-0.755379	1.461582	
391	-1.944231	-0.761786	1.466719	
392	-1.949170	-0.767154	1.471111	
393	-1.954429	-0.773319	1.477698	
394	-1.959743	-0.778710	1.482210	
395	-1.965198	-0.785409	1.487778	
396	-1.971136	-0.792098	1.495244	
397	-1.976618	-0.798384	1.500455	
398	-1.986817	-0.811977	1.511343	
399	-1.990833	-0.819502	1.516766	
400	-1.995238	-0.826503	1.521161	
401	-1.998748	-0.836057	1.528316	
402	-2.002027	-0.842292	1.532518	
403	-2.005651	-0.849769	1.537997	
404	-2.009232	-0.857822	1.546305	
405	-2.012139	-0.864212	1.553917	
406	-2.015142	-0.870545	1.559774	
407	-2.018363	-0.877567	1.568317	
408	-2.020490	-0.883389	1.576998	
409	-2.022778	-0.886272	1.582081	
410	-2.025099	-0.890887	1.588611	
411	-2.026929	-0.895643	1.597426	
412	-2.028584	-0.898104	1.604039	
413	-2.030199	-0.900461	1.609954	
414	-2.031526	-0.903664	1.617574	
415	-2.032363	-0.907484	1.626433	
416	-2.033831	-0.908428	1.632973	
417	-2.035317	-0.910333	1.640364	
418	-2.036807	-0.912018	1.648983	
419	-2.038450	-0.913395	1.655270	
420	-2.039847	-0.915795	1.663410	
421	-2.041713	-0.916373	1.670345	
422	-2.043101	-0.918006	1.677521	
423	-2.044580	-0.918806	1.683507	
424	-2.045991	-0.920203	1.690087	
425	-2.047120	-0.922092	1.697019	
426	-2.049664	-0.924273	1.707307	
427	-2.051105	-0.925624	1.712572	
428	-2.052013	-0.927733	1.718256	
429	-2.053473	-0.930113	1.723878	
430	-2.055568	-0.933615	1.728750	
431	-2.056867	-0.938222	1.736452	
432	-2.058366	-0.949452	1.747282	
433	-2.059173	-0.955338	1.752810	
434	-2.059848	-0.961018	1.757717	
435	-2.061290	-0.966447	1.760659	
436	-2.062428	-0.972281	1.765881	
437	-2.063625	-0.978937	1.771598	
438	-2.065357	-0.984520	1.775555	
439	-2.066892	-0.990829	1.781975	
440	-2.067951	-0.997130	1.786696	
441	-2.069415	-1.004009	1.791734	
442	-2.070870	-1.009562	1.797833	
443	-2.072304	-1.014955	1.802927	
444	-2.073561	-1.021381	1.808376	
445	-2.075142	-1.027093	1.813815	
446	-2.075944	-1.033853	1.820372	
447	-2.077423	-1.039890	1.824566	
448	-2.078773	-1.046686	1.829803	
449	-2.080120	-1.053177	1.836722	
450	-2.081457	-1.059349	1.840415	
451	-2.083419	-1.065907	1.847664	
452	-2.084817	-1.071470	1.853468	
453	-2.087791	-1.076828	1.857601	
454	-2.089341	-1.085021	1.866536	
455	-2.091469	-1.091148	1.872705	
456	-2.094579	-1.098437	1.879864	
457	-2.098429	-1.104711	1.888177	
458	-2.102516	-1.111994	1.896699	
459	-2.106252	-1.121664	1.907081	
460	-2.112424	-1.126990	1.915541	
461	-2.117434	-1.135109	1.925740	
462	-2.122779	-1.143289	1.937532	
463	-2.127877	-1.150337	1.948622	
464	-2.132163	-1.157630	1.959847	
465	-2.136854	-1.164877	1.971315	
466	-2.140404	-1.171738	1.982778	
467	-2.143588	-1.178427	1.992980	
468	-2.147222	-1.185354	2.002763	
469	-2.150767	-1.192768	2.012715	
470	-2.153482	-1.198500	2.023594	
471	-2.157337	-1.204972	2.032510	
472	-2.161309	-1.211428	2.043959	
473	-2.163986	-1.217461	2.054272	
474	-2.167070	-1.222874	2.064368	
475	-2.169582	-1.228435	2.073938	
476	-2.171330	-1.233977	2.083895	
477	-2.173653	-1.237904	2.092607	
478	-2.174683	-1.241144	2.101918	
479	-2.175084	-1.244080	2.110440	
480	-2.175901	-1.246970	2.117860	
481	-2.175519	-1.248677	2.126503	
482	-2.173109	-1.250348	2.136291	
483	-2.173308	-1.251605	2.142869	
484	-2.173000	-1.252700	2.150926	
485	-2.169170	-1.253792	2.161055	
486	-2.166810	-1.254083	2.168355	
487	-2.165494	-1.254378	2.174627	
488	-2.157584	-1.258038	2.194509	
489	-2.155031	-1.259355	2.201923	
490	-2.150865	-1.262196	2.212762	
491	-2.147403	-1.265213	2.219118	
492	-2.143859	-1.268969	2.226343	
493	-2.138782	-1.273434	2.235128	
494	-2.135479	-1.277565	2.241892	
495	-2.133147	-1.281358	2.248085	
496	-2.128028	-1.286514	2.258738	
497	-2.120760	-1.297055	2.271516	
498	-2.116207	-1.301751	2.279989	
499	-2.111299	-1.305511	2.288473	
500	-2.107970	-1.310921	2.292058	
501	-2.104912	-1.314418	2.297458	
502	-2.099240	-1.319588	2.304417	
503	-2.096625	-1.323284	2.307808	
504	-2.093053	-1.326420	2.313080	
505	-2.088968	-1.328775	2.320149	
506	-2.085772	-1.332840	2.324474	
507	-2.082351	-1.337494	2.327250	
508	-2.076920	-1.341958	2.332735	
509	-2.074177	-1.345067	2.335257	
510	-2.071230	-1.348014	2.338238	
511	-2.066170	-1.351210	2.343628	
512	-2.062009	-1.356385	2.345331	
513	-2.057733	-1.361738	2.347178	
514	-2.051339	-1.366144	2.353179	
515	-2.047854	-1.369520	2.356607	
516	-2.043112	-1.374042	2.361248	
517	-2.036982	-1.378937	2.367981	
518	-2.032529	-1.383713	2.373641	
519	-2.028201	-1.387753	2.381433	
520	-2.021382	-1.393037	2.391400	
521	-2.018131	-1.397382	2.399065	
522	-2.013510	-1.401518	2.408442	
523	-2.008333	-1.407147	2.418064	
524	-2.003804	-1.412148	2.427562	
525	-1.998187	-1.418559	2.436949	
526	-1.994856	-1.425762	2.444150	
527	-1.989712	-1.430721	2.453679	
528	-1.984202	-1.435799	2.463224	
529	-1.979902	-1.441564	2.471654	
530	-1.975795	-1.446767	2.479681	
531	-1.970977	-1.451053	2.488753	
532	-1.966832	-1.456127	2.496510	
533	-1.963178	-1.458972	2.505659	
534	-1.958409	-1.461878	2.513900	
535	-1.953211	-1.466011	2.521507	
536	-1.948932	-1.469701	2.528601	
537	-1.943576	-1.472545	2.535878	
538	-1.937340	-1.476976	2.541743	
539	-1.934774	-1.479617	2.547765	
540	-1.929004	-1.483070	2.553809	
541	-1.921546	-1.487752	2.559954	
542	-1.917606	-1.490947	2.565448	
543	-1.911855	-1.493732	2.571316	
544	-1.904525	-1.497192	2.577082	
545	-1.898517	-1.499889	2.582605	
546	-1.893499	-1.501703	2.587537	
547	-1.886616	-1.502973	2.593503	
548	-1.878465	-1.504948	2.597616	
549	-1.871581	-1.506425	2.601991	
550	-1.863971	-1.507775	2.605451	
551	-1.856198	-1.507940	2.610949	
552	-1.847382	-1.509239	2.613925	
553	-1.841191	-1.509473	2.617571	
554	-1.831325	-1.508494	2.622411	
555	-1.818125	-1.509553	2.627234	
556	-1.811885	-1.508837	2.630852	
557	-1.801996	-1.507731	2.636282	
558	-1.789527	-1.507241	2.641498	
559	-1.781570	-1.506295	2.645948	
560	-1.773010	-1.504490	2.650651	
561	-1.760707	-1.503636	2.655391	
562	-1.751061	-1.503456	2.659080	
563	-1.733174	-1.500748	2.666237	
564	-1.722038	-1.500979	2.669447	
565	-1.713748	-1.500631	2.671316	
566	-1.704202	-1.500014	2.673481	
567	-1.694087	-1.500169	2.675971	
568	-1.685435	-1.501029	2.676228	
569	-1.677725	-1.501619	2.677027	
570	-1.668742	-1.501872	2.679420	
571	-1.660779	-1.502803	2.680398	
572	-1.653328	-1.504712	2.679408	
573	-1.645349	-1.506415	2.679544	
574	-1.637546	-1.507918	2.680302	
575	-1.631278	-1.508823	2.680635	
576	-1.624919	-1.509592	2.681358	
577	-1.616785	-1.510680	2.683217	
578	-1.605505	-1.513763	2.683611	
579	-1.598647	-1.514298	2.685339	
580	-1.591059	-1.515413	2.686843	
581	-1.586058	-1.517022	2.686570	
582	-1.579487	-1.517395	2.688723	
583	-1.571565	-1.519494	2.690115	
584	-1.566712	-1.521191	2.691091	
585	-1.554008	-1.523355	2.695555	
586	-1.548414	-1.524397	2.698447	
587	-1.543066	-1.525275	2.700459	
588	-1.536557	-1.526178	2.703093	
589	-1.530093	-1.527476	2.704122	
590	-1.517404	-1.528672	2.709066	
591	-1.511394	-1.529472	2.711648	
592	-1.503968	-1.530698	2.714281	
593	-1.498526	-1.531298	2.717551	
594	-1.492971	-1.532620	2.720175	
595	-1.485826	-1.533631	2.722948	
596	-1.479038	-1.533982	2.726580	
597	-1.475105	-1.533976	2.729396	
598	-1.468079	-1.533705	2.732541	
599	-1.460993	-1.533357	2.735907	
600	-1.455977	-1.533117	2.737490	
601	-1.451055	-1.532873	2.738056	
602	-1.442319	-1.531668	2.742576	
603	-1.435402	-1.529661	2.747001	
604	-1.430967	-1.529569	2.746387	
605	-1.422225	-1.528450	2.749640	
606	-1.412962	-1.526996	2.752970	
607	-1.407578	-1.525957	2.754115	
608	-1.399105	-1.524322	2.757726	
609	-1.390861	-1.523506	2.758501	
610	-1.382086	-1.522373	2.761128	
611	-1.374285	-1.521316	2.763115	
612	-1.367615	-1.520126	2.763355	
613	-1.357963	-1.519287	2.763894	
614	-1.350651	-1.518142	2.763265	
615	-1.343647	-1.516799	2.762245	
616	-1.335153	-1.515275	2.761601	
617	-1.327300	-1.514090	2.760937	
618	-1.320831	-1.513386	2.758801	
619	-1.311547	-1.513468	2.756602	
620	-1.304658	-1.513487	2.755182	
621	-1.299181	-1.513452	2.752922	
622	-1.291219	-1.513482	2.751637	
623	-1.284038	-1.513795	2.749849	
624	-1.278955	-1.514514	2.745831	
625	-1.271297	-1.514783	2.744330	
626	-1.264026	-1.515156	2.742482	
627	-1.251089	-1.515680	2.738636	
628	-1.243226	-1.516546	2.736521	
629	-1.237833	-1.517735	2.733662	
630	-1.230394	-1.518866	2.732319	
631	-1.224145	-1.519905	2.730756	
632	-1.217785	-1.521500	2.728440	
633	-1.211048	-1.523133	2.726248	
634	-1.205358	-1.524198	2.724185	
635	-1.199813	-1.525150	2.722718	
636	-1.194679	-1.525598	2.721577	
637	-1.185471	-1.525644	2.717180	
638	-1.181416	-1.525483	2.714767	
639	-1.176476	-1.524293	2.713471	
640	-1.169857	-1.523627	2.711135	
641	-1.163265	-1.523075	2.709287	
642	-1.160924	-1.522026	2.707103	
643	-1.157306	-1.520473	2.705888	
644	-1.150564	-1.519685	2.704191	
645	-1.147656	-1.518087	2.703247	
646	-1.144711	-1.516188	2.702310	
647	-1.138154	-1.514402	2.701384	
648	-1.132124	-1.512749	2.699832	
649	-1.128386	-1.510876	2.698186	
650	-1.123482	-1.508619	2.696625	
651	-1.117750	-1.506042	2.694660	
652	-1.112255	-1.502759	2.693407	
653	-1.107750	-1.499262	2.691652	
654	-1.101056	-1.495781	2.689994	
655	-1.094824	-1.492015	2.688197	
656	-1.089718	-1.487871	2.686346	
657	-1.080891	-1.484306	2.684012	
658	-1.078093	-1.479570	2.682592	
659	-1.073509	-1.474826	2.681385	
660	-1.063794	-1.472053	2.678572	
661	-1.058908	-1.468129	2.677084	
662	-1.055335	-1.463984	2.675234	
663	-1.049176	-1.460195	2.672332	
664	-1.044462	-1.456121	2.669353	
665	-1.040433	-1.451799	2.666373	
666	-1.036874	-1.447119	2.662691	
667	-1.034009	-1.442108	2.659175	
668	-1.027748	-1.437955	2.654149	
669	-1.021912	-1.433261	2.649676	
670	-1.018254	-1.427232	2.646638	
671	-1.010886	-1.422610	2.641249	
672	-1.002234	-1.417245	2.636329	
673	-0.989017	-1.408102	2.624815	
674	-0.976397	-1.404051	2.618694	
675	-0.965823	-1.397027	2.607456	
676	-0.960414	-1.395691	2.600273	
677	-0.959229	-1.391097	2.596983	
678	-0.956189	-1.386438	2.593697	
679	-0.948498	-1.383582	2.587966	
680	-0.942182	-1.379787	2.583734	
681	-0.939317	-1.374574	2.581554	
682	-0.933208	-1.371542	2.577941	
683	-0.927256	-1.368166	2.575140	
684	-0.918423	-1.360137	2.571907	
685	-0.913196	-1.357500	2.569436	
686	-0.911861	-1.351538	2.570237	
687	-0.908180	-1.347360	2.569491	
688	-0.901564	-1.345240	2.567594	
689	-0.899789	-1.338530	2.570118	
690	-0.896751	-1.333728	2.570520	
691	-0.892067	-1.330167	2.570076	
692	-0.889230	-1.324993	2.571577	
693	-0.888540	-1.319230	2.573875	
694	-0.884289	-1.316732	2.573602	
695	-0.881838	-1.312557	2.575343	
696	-0.880762	-1.308136	2.577035	
697	-0.875206	-1.307467	2.575758	
698	-0.874109	-1.303079	2.578397	
699	-0.872911	-1.300018	2.580033	
700	-0.868026	-1.299777	2.579642	
701	-0.867367	-1.296148	2.582435	
702	-0.865404	-1.293766	2.583819	
703	-0.861680	-1.292337	2.585157	
704	-0.860256	-1.289265	2.588213	
705	-0.857498	-1.287127	2.590388	
706	-0.855052	-1.284687	2.593173	
707	-0.852465	-1.281923	2.596133	
708	-0.850563	-1.279277	2.599072	
709	-0.846940	-1.277629	2.601020	
710	-0.844925	-1.274714	2.603990	
711	-0.842814	-1.271974	2.606860	
712	-0.834496	-1.265242	2.615471	
713	-0.828991	-1.265328	2.615612	
714	-0.822976	-1.265569	2.616834	
715	-0.821791	-1.262821	2.620820	
716	-0.815759	-1.263832	2.621820	
717	-0.812216	-1.263233	2.624578	
718	-0.810548	-1.260879	2.628260	
719	-0.805867	-1.261096	2.630134	
720	-0.802330	-1.260351	2.632831	
721	-0.799910	-1.258532	2.636198	
722	-0.794509	-1.259610	2.636875	
723	-0.789472	-1.260198	2.639000	
724	-0.787189	-1.258989	2.642390	
725	-0.784080	-1.258863	2.644581	
726	-0.777732	-1.261377	2.645048	
727	-0.775568	-1.259752	2.649563	
728	-0.772567	-1.259140	2.652433	
729	-0.766858	-1.261174	2.653367	
730	-0.763256	-1.260705	2.657963	
731	-0.760722	-1.260182	2.660604	
732	-0.755160	-1.261986	2.661732	
733	-0.752571	-1.261296	2.665966	
734	-0.748915	-1.261758	2.668385	
735	-0.744065	-1.263693	2.669618	
736	-0.741901	-1.262976	2.673286	
737	-0.738231	-1.263786	2.675252	
738	-0.734238	-1.265297	2.677376	
739	-0.731708	-1.266059	2.680292	
740	-0.727108	-1.269575	2.680201	
741	-0.725083	-1.271111	2.683060	
742	-0.723539	-1.272014	2.686265	
743	-0.722349	-1.273204	2.688319	
744	-0.722084	-1.273125	2.692036	
745	-0.719841	-1.274487	2.694250	
746	-0.718414	-1.275601	2.697551	
747	-0.717172	-1.276510	2.700639	
748	-0.714958	-1.277621	2.703198	
749	-0.712629	-1.279001	2.705849	
750	-0.712792	-1.278283	2.710148	
751	-0.709840	-1.280160	2.712646	
752	-0.707583	-1.281722	2.716886	
753	-0.706582	-1.282568	2.722115	
754	-0.704213	-1.284801	2.725986	
755	-0.701090	-1.288136	2.729307	
756	-0.699568	-1.290486	2.734546	
757	-0.697676	-1.293557	2.739054	
758	-0.693659	-1.298750	2.742927	
759	-0.693091	-1.301376	2.749561	
760	-0.690080	-1.305761	2.754134	
761	-0.687535	-1.309728	2.760025	
762	-0.685825	-1.313226	2.766903	
763	-0.684142	-1.316586	2.772487	
764	-0.681629	-1.320345	2.777910	
765	-0.678874	-1.324439	2.783566	
766	-0.675879	-1.328892	2.789300	
767	-0.674074	-1.332098	2.796226	
768	-0.670539	-1.336969	2.800598	
769	-0.668400	-1.340296	2.806878	
770	-0.668076	-1.341876	2.813716	
771	-0.663578	-1.346630	2.817452	
772	-0.660958	-1.349551	2.823256	
773	-0.658654	-1.351871	2.828432	
774	-0.654093	-1.355743	2.830440	
775	-0.652767	-1.356368	2.836763	
776	-0.651156	-1.356821	2.841787	
777	-0.646040	-1.359068	2.844700	
778	-0.642317	-1.359977	2.848830	
779	-0.638347	-1.360610	2.852936	
780	-0.632499	-1.363510	2.853299	
781	-0.627889	-1.365251	2.855181	
782	-0.623568	-1.366926	2.856476	
783	-0.617739	-1.369446	2.856036	
784	-0.611416	-1.372235	2.856961	
785	-0.606482	-1.373974	2.858712	
786	-0.599221	-1.376147	2.859454	
787	-0.593786	-1.377815	2.860710	
788	-0.581881	-1.381210	2.864698	
789	-0.574317	-1.383351	2.867048	
790	-0.567689	-1.385507	2.869753	
791	-0.559907	-1.388080	2.870818	
792	-0.552128	-1.390397	2.871901	
793	-0.543146	-1.393981	2.872426	
794	-0.536068	-1.396071	2.874801	
795	-0.527399	-1.398631	2.875594	
796	-0.517830	-1.401936	2.875678	
797	-0.510750	-1.403189	2.878505	
798	-0.502977	-1.404984	2.880069	
799	-0.493635	-1.408085	2.880596	
800	-0.486525	-1.409555	2.883367	
801	-0.469663	-1.415115	2.883107	
802	-0.457214	-1.417775	2.885143	
803	-0.444920	-1.420704	2.885765	
804	-0.439271	-1.421823	2.886182	
805	-0.432584	-1.423553	2.885343	
806	-0.428548	-1.422934	2.886964	
807	-0.422013	-1.423528	2.886471	
808	-0.415045	-1.424521	2.885773	
809	-0.408632	-1.423908	2.886685	
810	-0.401002	-1.424978	2.885738	
811	-0.392748	-1.426633	2.884560	
812	-0.385696	-1.425979	2.885675	
813	-0.379339	-1.426866	2.885767	
814	-0.371202	-1.428345	2.884682	
815	-0.365102	-1.427730	2.885899	
816	-0.358256	-1.428575	2.885672	
817	-0.350342	-1.429529	2.883928	
818	-0.345298	-1.428489	2.884320	
819	-0.338577	-1.429505	2.881772	
820	-0.332728	-1.430263	2.879849	
821	-0.326985	-1.429825	2.878811	
822	-0.321184	-1.429658	2.877154	
823	-0.315274	-1.429041	2.875658	
824	-0.309449	-1.427512	2.874563	
825	-0.303527	-1.427146	2.872498	
826	-0.297865	-1.425190	2.871098	
827	-0.293234	-1.422536	2.869907	
828	-0.288373	-1.420404	2.867769	
829	-0.276270	-1.414349	2.863926	
830	-0.270397	-1.411439	2.860876	
831	-0.265048	-1.408408	2.857105	
832	-0.259099	-1.403955	2.853810	
833	-0.253253	-1.399802	2.849689	
834	-0.245792	-1.396230	2.844326	
835	-0.238440	-1.391454	2.839708	
836	-0.230135	-1.386352	2.835145	
837	-0.221641	-1.383256	2.828573	
838	-0.212131	-1.379560	2.822374	
839	-0.203837	-1.375218	2.816447	
840	-0.194758	-1.371720	2.809876	
841	-0.177179	-1.365039	2.795702	
842	-0.169643	-1.361706	2.788990	
843	-0.162225	-1.358905	2.781426	
844	-0.154141	-1.355162	2.775035	
845	-0.148235	-1.352986	2.767895	
846	-0.140201	-1.349937	2.761747	
847	-0.132962	-1.347043	2.754972	
848	-0.127885	-1.345454	2.748620	
849	-0.120002	-1.342184	2.743096	
850	-0.114059	-1.343030	2.733872	
851	-0.106380	-1.342691	2.726852	
852	-0.097768	-1.339243	2.722732	
853	-0.094583	-1.340437	2.714812	
854	-0.088223	-1.341748	2.707522	
855	-0.081128	-1.341159	2.701262	
856	-0.076596	-1.340791	2.694476	
857	-0.071386	-1.340092	2.687539	
858	-0.066374	-1.339252	2.680091	
859	-0.060095	-1.337922	2.673160	
860	-0.053531	-1.336037	2.667308	
861	-0.048425	-1.335983	2.659862	
862	-0.041574	-1.335809	2.653815	
863	-0.034522	-1.336634	2.646709	
864	-0.027257	-1.337829	2.640540	
865	-0.020028	-1.338728	2.635245	
866	-0.013558	-1.340803	2.628705	
867	-0.005565	-1.342668	2.622938	
868	0.001516	-1.344419	2.617702	
869	0.007156	-1.346849	2.611003	
870	0.012892	-1.349617	2.603985	
871	0.020639	-1.351417	2.598315	
872	0.026530	-1.353708	2.591815	
873	0.032855	-1.355885	2.584668	
874	0.037745	-1.358439	2.576796	
875	0.050044	-1.360652	2.563210	
876	0.052832	-1.362639	2.554172	
877	0.057610	-1.363650	2.546634	
878	0.060497	-1.365091	2.537399	
879	0.068608	-1.364973	2.522456	
880	0.070067	-1.364536	2.513721	
881	0.072386	-1.364177	2.505243	
882	0.076886	-1.362367	2.498962	
883	0.078833	-1.361358	2.491418	
884	0.080091	-1.361227	2.482717	
885	0.080622	-1.359871	2.474250	
886	0.084060	-1.358665	2.464890	
887	0.085521	-1.357560	2.456079	
888	0.088609	-1.355798	2.446909	
889	0.090638	-1.354109	2.438836	
890	0.093776	-1.352878	2.429584	
891	0.095943	-1.352676	2.419609	
892	0.099514	-1.351726	2.410546	
893	0.101710	-1.350926	2.400564	
894	0.103689	-1.350905	2.388797	
895	0.107216	-1.351216	2.378334	
896	0.110692	-1.352048	2.369080	
897	0.114191	-1.353237	2.361803	
898	0.119100	-1.353665	2.354885	
899	0.122805	-1.353324	2.347829	
900	0.125926	-1.352666	2.339967	
901	0.128370	-1.351701	2.333184	
902	0.132484	-1.349906	2.326719	
903	0.134748	-1.348141	2.319977	
904	0.137641	-1.346557	2.313407	
905	0.140613	-1.344485	2.307528	
906	0.143194	-1.342418	2.301384	
907	0.146417	-1.341005	2.294801	
908	0.150634	-1.338825	2.289102	
909	0.155807	-1.337013	2.282985	
910	0.160516	-1.335953	2.278052	
911	0.166518	-1.334063	2.274951	
912	0.172171	-1.332920	2.271769	
913	0.176548	-1.332589	2.268476	
914	0.182154	-1.330774	2.265143	
915	0.187422	-1.328722	2.261211	
916	0.192536	-1.326918	2.257935	
917	0.194598	-1.324533	2.256263	
918	0.197989	-1.322441	2.253455	
919	0.202220	-1.321097	2.250662	
920	0.205195	-1.318857	2.249336	
921	0.208505	-1.317274	2.247511	
922	0.212667	-1.316286	2.245607	
923	0.216426	-1.314675	2.244300	
924	0.220415	-1.313593	2.242751	
925	0.224360	-1.312823	2.242020	
926	0.228141	-1.311536	2.242393	
927	0.233544	-1.311221	2.241586	
928	0.238163	-1.311212	2.241939	
929	0.240261	-1.310346	2.243700	
930	0.245586	-1.310373	2.244211	
931	0.249604	-1.311018	2.245997	
932	0.252162	-1.311058	2.249440	
933	0.255679	-1.311824	2.251118	
934	0.258461	-1.312455	2.253567	
935	0.260930	-1.312824	2.256225	
936	0.264003	-1.313526	2.257279	
937	0.266655	-1.314429	2.259365	
938	0.268846	-1.314677	2.263542	
939	0.270302	-1.315192	2.267405	
940	0.272826	-1.315714	2.271135	
941	0.275566	-1.316036	2.273921	
942	0.279233	-1.316558	2.277043	
943	0.281661	-1.317088	2.280412	
944	0.283357	-1.316954	2.285280	
945	0.286122	-1.317190	2.288503	
946	0.289818	-1.317453	2.291354	
947	0.292255	-1.317593	2.295397	
948	0.295545	-1.318675	2.297536	
949	0.298327	-1.319173	2.300797	
950	0.305399	-1.320622	2.304176	
951	0.307106	-1.321126	2.307738	
952	0.308763	-1.321119	2.309292	
953	0.311182	-1.320965	2.313077	
954	0.312160	-1.319565	2.316369	
955	0.314732	-1.318533	2.319067	
956	0.317240	-1.317655	2.321260	
957	0.319241	-1.316055	2.326440	
958	0.319959	-1.314138	2.331542	
959	0.320088	-1.312025	2.335765	
960	0.323040	-1.311399	2.339766	
961	0.324743	-1.310934	2.345209	
962	0.325473	-1.309391	2.350526	
963	0.329398	-1.309764	2.351975	
964	0.331240	-1.309598	2.357875	
965	0.331596	-1.308934	2.363461	
966	0.336842	-1.309855	2.365798	
967	0.338756	-1.309824	2.371599	
968	0.342396	-1.310346	2.377065	
969	0.348688	-1.312864	2.380210	
970	0.351892	-1.313892	2.386095	
971	0.353474	-1.314213	2.392510	
972	0.358321	-1.316765	2.396843	
973	0.360889	-1.317773	2.405832	
974	0.361392	-1.317032	2.413408	
975	0.364574	-1.319044	2.418395	
976	0.366047	-1.319189	2.427856	
977	0.369356	-1.320778	2.432788	
978	0.373628	-1.323875	2.440673	
979	0.372152	-1.322008	2.447993	
980	0.374098	-1.322658	2.449663	
981	0.378360	-1.323961	2.455380	
982	0.379091	-1.323352	2.463533	
983	0.381256	-1.324469	2.466368	
984	0.383615	-1.324891	2.471544	
985	0.383560	-1.324370	2.477425	
986	0.384501	-1.324931	2.480489	
987	0.386854	-1.325493	2.486156	
988	0.388761	-1.326210	2.490223	
989	0.390503	-1.327576	2.492728	
990	0.392943	-1.327555	2.499475	
991	0.393661	-1.327297	2.503801	
992	0.394568	-1.328072	2.507247	
993	0.395949	-1.326447	2.513774	
994	0.397693	-1.326004	2.517190	
995	0.400570	-1.326674	2.520135	
996	0.402492	-1.324662	2.525561	
997	0.401072	-1.320942	2.532822	
998	0.402719	-1.320108	2.535454	
999	0.404957	-1.318145	2.541508	
1000	0.407759	-1.316064	2.553689	
1001	0.408950	-1.313300	2.563974	
1002	0.409927	-1.312556	2.572124	
1003	0.410585	-1.313351	2.577604	
1004	0.410452	-1.311828	2.584814	
1005	0.410121	-1.311740	2.590220	
1006	0.409993	-1.310276	2.595371	
1007	0.410265	-1.309891	2.599079	
1008	0.410529	-1.309906	2.602664	
1009	0.410618	-1.309677	2.605715	
1010	0.410841	-1.310304	2.607536	
1011	0.412434	-1.311063	2.610659	
1012	0.412397	-1.310278	2.613748	
1013	0.412741	-1.309914	2.617456	
1014	0.413934	-1.310384	2.617919	
1015	0.416588	-1.313079	2.622388	
1016	0.415729	-1.312086	2.626271	
1017	0.417364	-1.312462	2.628043	
1018	0.419660	-1.313695	2.630048	
1019	0.421807	-1.312347	2.632829	
1020	0.424126	-1.312497	2.632196	
1021	0.422650	-1.308948	2.633567	
1022	0.425117	-1.308545	2.632914	
1023	0.425699	-1.302727	2.631349	
1024	0.428410	-1.296509	2.627514	
1025	0.427810	-1.291103	2.625937	
1026	0.428471	-1.287648	2.625582	
1027	0.431578	-1.285366	2.623381	
1028	0.432474	-1.281422	2.623123	
1029	0.434204	-1.277998	2.623704	
1030	0.436840	-1.274890	2.623492	
1031	0.436762	-1.269266	2.623828	
1032	0.438900	-1.265662	2.624023	
1033	0.442503	-1.264102	2.624872	
1034	0.442803	-1.259247	2.625492	
1035	0.445447	-1.255817	2.624500	
1036	0.449187	-1.254691	2.625402	
1037	0.450943	-1.251170	2.625212	
1038	0.452107	-1.247529	2.625716	
1039	0.455800	-1.245756	2.624756	
1040	0.457987	-1.243612	2.624331	
1041	0.459748	-1.240809	2.623112	
1042	0.461371	-1.238127	2.621396	
1043	0.464102	-1.236618	2.618814	
1044	0.465458	-1.233974	2.616162	
1045	0.466979	-1.232394	2.615120	
1046	0.468917	-1.231087	2.614170	
1047	0.470242	-1.227592	2.613809	
1048	0.472511	-1.226722	2.612926	
1049	0.473555	-1.225164	2.612135	
1050	0.474169	-1.224528	2.613021	
1051	0.475043	-1.223728	2.613530	
1052	0.475838	-1.222211	2.613306	
1053	0.475915	-1.221597	2.615094	
1054	0.476933	-1.219481	2.614025	
1055	0.477491	-1.217897	2.614531	
1056	0.477297	-1.217007	2.616986	
1057	0.477275	-1.215611	2.618952	
1058	0.477013	-1.215455	2.622951	
1059	0.476978	-1.212672	2.623285	
1060	0.478196	-1.211045	2.623636	
1061	0.477875	-1.212862	2.629175	
1062	0.475911	-1.211416	2.632594	
1063	0.476646	-1.211814	2.635280	
1064	0.477438	-1.209905	2.635191	
1065	0.476538	-1.206534	2.635043	
1066	0.478917	-1.207856	2.637087	
1067	0.479516	-1.206666	2.638027	
1068	0.478439	-1.204098	2.639647	
1069	0.480100	-1.204956	2.642512	
1070	0.480238	-1.206760	2.648039	
1071	0.477254	-1.204628	2.653117	
1072	0.477074	-1.203223	2.655945	
1073	0.475955	-1.205086	2.663932	
1074	0.473302	-1.201260	2.667107	
1075	0.473431	-1.199424	2.669499	
1076	0.473052	-1.196649	2.671183	
1077	0.471064	-1.195074	2.676371	
1078	0.470106	-1.194086	2.680891	
1079	0.469318	-1.193712	2.685505	
1080	0.468926	-1.193543	2.689564	
1081	0.466537	-1.191560	2.694057	
1082	0.468071	-1.191895	2.696423	
1083	0.468448	-1.191619	2.699194	
1084	0.465683	-1.189305	2.703250	
1085	0.468726	-1.190847	2.703334	
1086	0.468742	-1.189864	2.703578	
1087	0.466279	-1.187086	2.704947	
1088	0.467902	-1.187582	2.703506	
1089	0.465270	-1.183996	2.702143	
1090	0.461951	-1.184313	2.706110	
1091	0.462868	-1.186628	2.705458	
1092	0.459696	-1.186307	2.706979	
1093	0.456795	-1.186298	2.708110	
1094	0.456912	-1.188750	2.706444	
1095	0.452288	-1.188974	2.709919	
1096	0.451438	-1.190206	2.708246	
1097	0.449974	-1.191942	2.707874	
1098	0.445564	-1.190782	2.709066	
1099	0.445146	-1.194276	2.709189	
1100	0.441678	-1.196251	2.711807	
1101	0.435448	-1.199727	2.715339	
1102	0.431518	-1.200905	2.717910	
1103	0.428129	-1.203143	2.721935	
1104	0.424298	-1.206692	2.728557	
1105	0.419716	-1.207432	2.731952	
1106	0.415836	-1.209402	2.736134	
1107	0.412535	-1.211742	2.739719	
1108	0.407938	-1.213349	2.744830	
1109	0.403990	-1.215624	2.749441	
1110	0.399849	-1.217547	2.753256	
1111	0.395781	-1.220339	2.757712	
1112	0.391312	-1.222922	2.761457	
1113	0.387167	-1.226559	2.765947	
1114	0.381985	-1.227283	2.766841	
1115	0.377748	-1.231829	2.772666	
1116	0.366156	-1.237347	2.782029	
1117	0.361011	-1.240255	2.784745	
1118	0.355720	-1.244358	2.790164	
1119	0.348934	-1.245399	2.792725	
1120	0.343379	-1.247072	2.793788	
1121	0.337483	-1.251230	2.801814	
1122	0.331326	-1.252336	2.803984	
1123	0.327604	-1.258554	2.811304	
1124	0.321742	-1.261884	2.819182	
1125	0.315096	-1.259996	2.817886	
1126	0.310838	-1.262441	2.821093	
1127	0.305659	-1.263018	2.824398	
1128	0.301798	-1.265030	2.827812	
1129	0.298152	-1.266863	2.830051	
1130	0.293675	-1.266288	2.830807	
1131	0.292115	-1.270787	2.835650	
1132	0.289227	-1.272063	2.837909	
1133	0.286687	-1.272987	2.838308	
1134	0.285876	-1.275328	2.838074	
1135	0.284749	-1.277772	2.839939	
1136	0.283387	-1.278864	2.839355	
1137	0.282414	-1.280520	2.840060	
1138	0.282238	-1.282952	2.840333	
1139	0.280680	-1.283092	2.841240	
1140	0.279857	-1.283254	2.839744	
1141	0.279759	-1.285369	2.841500	
1142	0.277677	-1.284248	2.841273	
1143	0.276795	-1.285303	2.842943	
1144	0.275373	-1.285393	2.842629	
1145	0.273300	-1.284908	2.844180	
1146	0.271678	-1.285095	2.846164	
1147	0.270038	-1.286280	2.851240	
1148	0.266851	-1.284857	2.852374	
1149	0.265248	-1.286415	2.856452	
1150	0.264348	-1.289056	2.860818	
1151	0.260746	-1.289261	2.865902	
1152	0.259876	-1.293203	2.871418	
1153	0.257829	-1.295479	2.874862	
1154	0.254479	-1.297149	2.879124	
1155	0.252661	-1.300281	2.881889	
1156	0.250194	-1.302967	2.884909	
1157	0.247735	-1.306001	2.887813	
1158	0.245700	-1.309561	2.890858	
1159	0.243317	-1.312560	2.894247	
1160	0.241268	-1.315790	2.896240	
1161	0.238778	-1.319321	2.899251	
1162	0.236168	-1.322309	2.902114	
1163	0.234791	-1.326910	2.903675	
1164	0.231707	-1.329311	2.907306	
1165	0.229477	-1.332511	2.907750	
1166	0.227950	-1.336556	2.910868	
1167	0.225495	-1.339074	2.913271	
1168	0.224314	-1.343047	2.915150	
1169	0.222814	-1.346441	2.918378	
1170	0.220821	-1.348832	2.921398	
1171	0.219761	-1.352258	2.924189	
1172	0.218541	-1.355399	2.927958	
1173	0.216381	-1.357517	2.930492	
1174	0.213951	-1.359702	2.932886	
1175	0.213023	-1.363356	2.935059	
1176	0.210082	-1.364608	2.940543	
1177	0.207558	-1.366329	2.942290	
1178	0.205819	-1.368730	2.947135	
1179	0.202662	-1.369949	2.951387	
1180	0.200354	-1.372002	2.955228	
1181	0.198285	-1.375071	2.959720	
1182	0.195785	-1.377754	2.964039	
1183	0.193054	-1.381034	2.969264	
1184	0.190335	-1.384753	2.974161	
1185	0.186486	-1.388176	2.978211	
1186	0.182592	-1.391866	2.982390	
1187	0.178885	-1.396697	2.987643	
1188	0.174090	-1.400486	2.993756	
1189	0.170242	-1.405018	2.998184	
1190	0.166376	-1.410046	3.002916	
1191	0.160727	-1.413604	3.008839	
1192	0.156101	-1.418188	3.013392	
1193	0.150367	-1.422929	3.019000	
1194	0.143640	-1.427060	3.025560	
1195	0.138783	-1.432881	3.031190	
1196	0.133583	-1.438273	3.037460	
1197	0.128512	-1.443042	3.043752	
1198	0.124053	-1.448100	3.050799	
1199	0.119440	-1.453131	3.057341	
1200	0.114889	-1.458259	3.063482	
1201	0.110332	-1.463301	3.069706	
1202	0.102890	-1.474371	3.085729	
1203	0.099167	-1.479626	3.092669	
1204	0.095759	-1.484665	3.100269	
1205	0.092689	-1.489804	3.107257	
1206	0.090689	-1.495329	3.115795	
1207	0.088098	-1.499725	3.124493	
1208	0.086714	-1.504709	3.132105	
1209	0.084996	-1.509470	3.140765	
1210	0.083194	-1.514335	3.149158	
1211	0.081211	-1.518759	3.154536	
1212	0.079121	-1.522798	3.161970	
1213	0.076175	-1.530269	3.173747	
1214	0.076079	-1.534397	3.180527	
1215	0.076172	-1.538237	3.184845	
1216	0.077302	-1.542573	3.190723	
1217	0.078830	-1.546450	3.196525	
1218	0.080838	-1.550010	3.203109	
1219	0.083845	-1.553670	3.208276	
1220	0.087036	-1.557190	3.214001	
1221	0.091297	-1.560705	3.220605	
1222	0.095591	-1.563526	3.226332	
1223	0.100857	-1.566759	3.232131	
1224	0.106492	-1.569113	3.239753	
1225	0.112941	-1.571531	3.246319	
1226	0.120241	-1.573964	3.253403	
1227	0.127392	-1.575910	3.261608	
1228	0.135321	-1.578006	3.269093	
1229	0.144249	-1.581391	3.275919	
1230	0.152600	-1.583914	3.285351	
1231	0.160957	-1.586865	3.292032	
1232	0.170034	-1.590642	3.299666	
1233	0.178260	-1.593899	3.306725	
1234	0.186328	-1.597767	3.312624	
1235	0.194802	-1.601668	3.319087	
1236	0.202454	-1.604768	3.324279	
1237	0.210464	-1.608408	3.328964	
1238	0.218134	-1.611407	3.334127	
1239	0.225931	-1.614719	3.340157	
1240	0.232898	-1.618793	3.345698	
1241	0.239036	-1.623104	3.350706	
1242	0.245778	-1.627407	3.357120	
1243	0.251144	-1.631399	3.361310	
1244	0.256996	-1.635193	3.366398	
1245	0.262039	-1.638763	3.371782	
1246	0.267551	-1.643347	3.375841	
1247	0.273612	-1.647355	3.382422	
1248	0.278812	-1.651782	3.387470	
1249	0.284913	-1.657325	3.392342	
1250	0.296452	-1.665251	3.400651	
1251	0.302445	-1.670249	3.405908	
1252	0.308839	-1.675616	3.411469	
1253	0.316177	-1.680976	3.417624	
1254	0.330212	-1.692627	3.430613	
1255	0.337321	-1.698502	3.437518	
1256	0.343544	-1.703953	3.443972	
1257	0.350534	-1.708908	3.450611	
1258	0.356784	-1.713207	3.457677	
1259	0.363176	-1.716652	3.464930	
1260	0.369663	-1.721493	3.469538	
1261	0.376710	-1.725839	3.474992	
1262	0.382996	-1.730070	3.480436	
1263	0.389620	-1.733798	3.485028	
1264	0.395809	-1.737046	3.489197	
1265	0.402817	-1.739594	3.494035	
1266	0.410484	-1.742108	3.498525	
1267	0.419578	-1.745353	3.501951	
1268	0.428759	-1.747816	3.506315	
1269	0.437525	-1.750195	3.509990	
1270	0.447318	-1.752554	3.513623	
1271	0.457307	-1.754303	3.517140	
1272	0.467448	-1.755829	3.520850	
1273	0.479521	-1.757863	3.523463	
1274	0.490990	-1.759305	3.526442	
1275	0.502457	-1.759863	3.529760	
1276	0.514688	-1.761861	3.531255	
1277	0.527395	-1.762511	3.534283	
1278	0.539957	-1.763245	3.536613	
1279	0.552107	-1.763055	3.539595	
1280	0.564954	-1.763519	3.541582	
1281	0.576853	-1.763903	3.543502	
1282	0.588883	-1.764121	3.545294	
1283	0.600342	-1.764957	3.545953	
1284	0.612817	-1.766491	3.546661	
1285	0.625430	-1.767493	3.548464	
1286	0.639039	-1.768725	3.550189	
1287	0.651412	-1.770176	3.551301	
1288	0.663081	-1.771464	3.552239	
1289	0.675722	-1.772130	3.553838	
1290	0.689639	-1.773576	3.554168	
1291	0.702102	-1.773862	3.555422	
1292	0.713717	-1.774733	3.555467	
1293	0.726587	-1.775799	3.556072	
1294	0.738705	-1.777137	3.556306	
1295	0.750493	-1.778103	3.557269	
1296	0.763451	-1.779628	3.557067	
1297	0.774570	-1.779827	3.558237	
1298	0.785597	-1.779891	3.559412	
1299	0.798973	-1.781796	3.559482	
1300	0.811091	-1.782752	3.560926	
1301	0.823450	-1.783943	3.562512	
1302	0.836724	-1.786104	3.563814	
1303	0.848444	-1.786636	3.567249	
1304	0.860445	-1.788616	3.569504	
1305	0.874965	-1.789396	3.573585	
1306	0.886320	-1.791137	3.576807	
1307	0.898881	-1.793511	3.580861	
1308	0.910352	-1.796071	3.585130	
1309	0.920881	-1.798002	3.590961	
1310	0.933130	-1.800843	3.596082	
1311	0.946313	-1.802845	3.602283	
1312	0.956991	-1.804784	3.608719	
1313	0.968795	-1.808850	3.612932	
1314	0.980449	-1.811601	3.618180	
1315	0.989430	-1.813678	3.623468	
1316	0.998634	-1.817139	3.627228	
1317	1.007172	-1.819489	3.631599	
1318	1.023828	-1.822256	3.641656	
1319	1.032182	-1.824555	3.645051	
1320	1.041658	-1.825478	3.649548	
1321	1.049721	-1.826756	3.653178	
1322	1.060181	-1.828702	3.655282	
1323	1.075173	-1.828132	3.658740	
1324	1.083784	-1.829393	3.660925	
1325	1.094419	-1.831246	3.662091	
1326	1.105095	-1.830956	3.665000	
1327	1.115333	-1.832123	3.665773	
1328	1.126150	-1.833867	3.665602	
1329	1.136945	-1.832815	3.666731	
1330	1.148438	-1.833443	3.666237	
1331	1.159669	-1.833159	3.665387	
1332	1.170849	-1.832599	3.664262	
1333	1.184293	-1.831192	3.663095	
1334	1.209010	-1.828953	3.658459	
1335	1.222140	-1.825750	3.658418	
1336	1.233365	-1.822306	3.658299	
1337	1.263743	-1.817319	3.655605	
1338	1.290398	-1.813278	3.650928	
1339	1.305445	-1.809264	3.648866	
1340	1.315426	-1.806325	3.647050	
1341	1.328396	-1.804597	3.642528	
1342	1.340377	-1.802597	3.638688	
1343	1.352640	-1.801688	3.634044	
1344	1.363159	-1.801774	3.628853	
1345	1.379396	-1.798015	3.624756	
1346	1.382738	-1.798659	3.621079	
1347	1.398761	-1.795773	3.616141	
1348	1.403709	-1.794804	3.613141	
1349	1.409652	-1.794846	3.608151	
1350	1.419806	-1.793337	3.603567	
1351	1.428641	-1.790554	3.600150	
1352	1.435215	-1.791499	3.594656	
1353	1.444955	-1.789719	3.589906	
1354	1.454523	-1.787315	3.585955	
1355	1.462686	-1.786879	3.580213	
1356	1.473907	-1.784267	3.575590	
1357	1.482860	-1.782016	3.571601	
1358	1.494292	-1.780780	3.565374	
1359	1.506669	-1.777366	3.561390	
1360	1.516988	-1.775249	3.557805	
1361	1.529120	-1.773294	3.554028	
1362	1.542446	-1.771142	3.549471	
1363	1.552749	-1.767476	3.548611	
1364	1.564231	-1.765851	3.545366	
1365	1.578202	-1.763575	3.541790	
1366	1.589430	-1.760554	3.539739	
1367	1.600596	-1.759628	3.535346	
1368	1.613292	-1.756336	3.531935	
1369	1.621610	-1.754492	3.529316	
1370	1.632802	-1.752124	3.525245	
1371	1.643419	-1.748353	3.523179	
1372	1.652525	-1.746200	3.520507	
1373	1.662245	-1.743715	3.517302	
1374	1.671383	-1.740359	3.513982	
1375	1.679270	-1.738066	3.510408	
1376	1.687326	-1.735654	3.506284	
1377	1.696254	-1.733077	3.501053	
1378	1.704455	-1.730146	3.496183	
1379	1.711877	-1.727783	3.490664	
1380	1.720953	-1.724274	3.484456	
1381	1.730812	-1.718405	3.479297	
1382	1.735718	-1.715439	3.474578	
1383	1.743314	-1.711398	3.468060	
1384	1.752659	-1.704845	3.461350	
1385	1.758325	-1.700940	3.454350	
1386	1.765526	-1.696069	3.446754	
1387	1.773490	-1.690521	3.437518	
1388	1.780269	-1.685817	3.428223	
1389	1.787219	-1.681100	3.418295	
1390	1.793131	-1.675176	3.411983	
1391	1.802112	-1.669890	3.401935	
1392	1.812303	-1.664811	3.391226	
1393	1.818830	-1.659199	3.384516	
1394	1.824614	-1.654627	3.377496	
1395	1.838472	-1.647106	3.363109	
1396	1.850549	-1.637286	3.348898	
1397	1.857894	-1.632456	3.340395	
1398	1.863862	-1.627842	3.334033	
1399	1.870348	-1.624897	3.324717	
1400	1.877167	-1.620759	3.317228	
1401	1.883481	-1.617075	3.309675	
1402	1.889542	-1.614596	3.300977	
1403	1.895484	-1.611373	3.292687	
1404	1.901040	-1.608422	3.283724	
1405	1.906622	-1.603734	3.277349	
1406	1.912734	-1.598737	3.272026	
1407	1.919066	-1.594665	3.263965	
1408	1.926099	-1.589997	3.255959	
1409	1.933222	-1.584013	3.250223	
1410	1.940593	-1.578499	3.242517	
1411	1.948876	-1.572653	3.233942	
1412	1.956438	-1.566915	3.226446	
1413	1.965326	-1.562225	3.216640	
1414	1.975673	-1.555075	3.209202	
1415	1.983751	-1.549323	3.203197	
1416	1.993261	-1.543752	3.196539	
1417	2.003604	-1.537476	3.190444	
1418	2.013525	-1.530506	3.186067	
1419	2.022939	-1.524869	3.180075	
1420	2.033473	-1.518982	3.173210	
1421	2.043421	-1.512721	3.167304	
1422	2.053512	-1.506886	3.160842	
1423	2.061440	-1.501462	3.155729	
1424	2.077218	-1.492254	3.143015	
1425	2.083189	-1.488099	3.138417	
1426	2.089323	-1.484713	3.132617	
1427	2.095583	-1.481684	3.126078	
1428	2.101748	-1.477771	3.119205	
1429	2.107483	-1.473065	3.113529	
1430	2.112354	-1.468674	3.109540	
1431	2.116616	-1.465091	3.105015	
1432	2.121411	-1.461925	3.096622	
1433	2.126757	-1.456942	3.090592	
1434	2.130539	-1.451890	3.086544	
1435	2.134522	-1.446718	3.081607	
1436	2.139182	-1.440890	3.076267	
1437	2.141998	-1.437895	3.067370	
1438	2.145350	-1.433826	3.059722	
1439	2.148244	-1.428698	3.054849	
1440	2.151229	-1.423474	3.048301	
1441	2.155070	-1.418268	3.039809	
1442	2.158210	-1.412911	3.032105	
1443	2.160463	-1.408483	3.024863	
1444	2.164699	-1.402511	3.014201	
1445	2.168146	-1.397846	3.002750	
1446	2.170595	-1.393694	2.995807	
1447	2.172918	-1.389881	2.984594	
1448	2.177053	-1.384376	2.971703	
1449	2.178874	-1.379580	2.967105	
1450	2.179471	-1.376519	2.959740	
1451	2.184654	-1.368073	2.948368	
1452	2.186604	-1.361824	2.940479	
1453	2.185121	-1.359483	2.931200	
1454	2.186971	-1.353163	2.920344	
1455	2.189420	-1.344883	2.911782	
1456	2.189732	-1.340105	2.905385	
1457	2.192098	-1.334296	2.894457	
1458	2.193986	-1.328136	2.885471	
1459	2.195702	-1.322046	2.877273	
1460	2.198172	-1.315075	2.871992	
1461	2.200098	-1.310281	2.860952	
1462	2.202661	-1.305357	2.850532	
1463	2.206072	-1.298484	2.845942	
1464	2.208106	-1.293973	2.834940	
1465	2.212287	-1.287459	2.825811	
1466	2.215379	-1.280931	2.820657	
1467	2.216755	-1.277545	2.808842	
1468	2.221110	-1.271848	2.797442	
1469	2.223953	-1.267751	2.786892	
1470	2.226989	-1.264705	2.775103	
1471	2.236273	-1.254162	2.759180	
1472	2.240405	-1.250944	2.750134	
1473	2.245758	-1.246468	2.743798	
1474	2.251095	-1.242777	2.733003	
1475	2.256746	-1.239415	2.724216	
1476	2.262550	-1.236058	2.714846	
1477	2.267943	-1.232442	2.704465	
1478	2.274558	-1.226126	2.694584	
1479	2.280580	-1.220606	2.687478	
1480	2.284967	-1.216376	2.677997	
1481	2.290542	-1.210273	2.669179	
1482	2.294457	-1.206218	2.661553	
1483	2.298204	-1.201901	2.654189	
1484	2.302238	-1.196558	2.644464	
1485	2.306024	-1.190504	2.639080	
1486	2.308797	-1.186399	2.630656	
1487	2.311729	-1.181622	2.622177	
1488	2.314948	-1.176229	2.616335	
1489	2.316288	-1.172737	2.607166	
1490	2.318597	-1.167479	2.597693	
1491	2.319502	-1.162772	2.589378	
1492	2.320482	-1.158240	2.579914	
1493	2.322985	-1.147241	2.562143	
1494	2.323158	-1.143446	2.551934	
1495	2.323652	-1.137461	2.542549	
1496	2.323966	-1.131054	2.536913	
1497	2.323994	-1.124978	2.528864	
1498	2.321851	-1.121867	2.514997	
1499	2.321850	-1.114120	2.507905	
1500	2.321062	-1.106939	2.501390	
1501	2.321015	-1.098378	2.492197	
1502	2.320940	-1.090245	2.484405	
1503	2.319666	-1.083735	2.474390	
1504	2.318635	-1.077651	2.462550	
1505	2.317459	-1.072744	2.450435	
1506	2.316077	-1.068563	2.437196	
1507	2.315540	-1.062806	2.425154	
1508	2.314514	-1.057568	2.414193	
1509	2.314329	-1.051237	2.403976	
1510	2.313194	-1.045777	2.392198	
1511	2.312441	-1.039598	2.381908	
1512	2.311622	-1.033743	2.372472	
1513	2.309312	-1.030295	2.361836	
1514	2.308961	-1.024196	2.353323	
1515	2.308035	-1.018847	2.345817	
1516	2.306023	-1.016253	2.336503	
1517	2.304179	-1.011691	2.328659	
1518	2.302223	-1.008339	2.321393	
1519	2.300757	-1.004570	2.314463	
1520	2.299803	-0.999413	2.308111	
1521	2.298809	-0.995727	2.302021	
1522	2.298377	-0.993033	2.296682	
1523	2.298662	-0.988754	2.291186	
1524	2.299126	-0.984908	2.286832	
1525	2.299205	-0.982636	2.279988	
1526	2.298632	-0.980589	2.271132	
1527	2.299992	-0.977183	2.264771	
1528	2.300494	-0.974678	2.256222	
1529	2.301987	-0.970787	2.248477	
1530	2.304659	-0.965729	2.240446	
1531	2.308061	-0.959761	2.232714	
1532	2.311939	-0.953833	2.223983	
1533	2.315618	-0.948108	2.215028	
1534	2.318306	-0.943684	2.204976	
1535	2.321623	-0.939107	2.194923	
1536	2.325963	-0.932499	2.185334	
1537	2.329278	-0.928377	2.175658	
1538	2.333006	-0.923672	2.166034	
1539	2.336636	-0.919405	2.156826	
1540	2.340438	-0.915209	2.148266	
1541	2.344129	-0.910461	2.138611	
1542	2.348955	-0.905070	2.131246	
1543	2.352403	-0.901337	2.123394	
1544	2.355517	-0.898877	2.114247	
1545	2.359882	-0.893115	2.107542	
1546	2.363153	-0.888657	2.100390	
1547	2.366318	-0.884902	2.091859	
1548	2.369693	-0.879635	2.084297	
1549	2.372603	-0.874449	2.076406	
1550	2.375895	-0.869267	2.068258	
1551	2.379050	-0.863262	2.060007	
1552	2.381189	-0.858598	2.051699	
1553	2.382912	-0.854767	2.042943	
1554	2.384980	-0.848872	2.034708	
1555	2.385912	-0.844089	2.025265	
1556	2.387476	-0.838627	2.017223	
1557	2.388276	-0.833759	2.008738	
1558	2.388878	-0.829689	2.000053	
1559	2.389540	-0.824019	1.991411	
1560	2.390706	-0.817640	1.982460	
1561	2.391657	-0.811195	1.974010	
1562	2.391981	-0.805107	1.963346	
1563	2.391917	-0.799287	1.953560	
1564	2.392791	-0.785437	1.932865	
1565	2.393630	-0.778609	1.923556	
1566	2.394872	-0.772218	1.913823	
1567	2.396701	-0.764436	1.903308	
1568	2.399621	-0.757293	1.894003	
1569	2.402208	-0.750007	1.883481	
1570	2.405085	-0.743295	1.875267	
1571	2.408039	-0.738089	1.867128	
1572	2.409946	-0.733374	1.856525	
1573	2.411692	-0.729046	1.848204	
1574	2.413061	-0.725777	1.839342	
1575	2.416018	-0.720438	1.831763	
1576	2.417247	-0.718326	1.822421	
1577	2.419813	-0.715031	1.814261	
1578	2.422436	-0.711853	1.807041	
1579	2.427343	-0.705793	1.789145	
1580	2.429863	-0.702326	1.780220	
1581	2.431685	-0.700020	1.771215	
1582	2.435030	-0.697038	1.762515	
1583	2.439394	-0.692238	1.753680	
1584	2.443185	-0.688451	1.744099	
1585	2.446798	-0.685113	1.734176	
1586	2.451508	-0.679817	1.725397	
1587	2.455290	-0.675601	1.714750	
1588	2.459787	-0.671534	1.705239	
1589	2.465402	-0.665654	1.696761	
1590	2.470142	-0.661389	1.686543	
1591	2.474262	-0.658682	1.676403	
1592	2.478809	-0.653961	1.665798	
1593	2.483749	-0.651201	1.657550	
1594	2.487920	-0.646055	1.647131	
1595	2.493945	-0.640125	1.638273	
1596	2.498683	-0.633256	1.629591	
1597	2.503376	-0.628141	1.619547	
1598	2.508574	-0.621004	1.611836	
1599	2.512383	-0.614888	1.603008	
1600	2.516913	-0.609065	1.595846	
1601	2.520532	-0.603071	1.588231	
1602	2.523430	-0.596570	1.580365	
1603	2.526626	-0.590804	1.573594	
1604	2.528700	-0.584592	1.566993	
1605	2.531358	-0.578926	1.562254	
1606	2.533708	-0.571681	1.556897	
1607	2.534099	-0.566599	1.550359	
1608	2.535323	-0.561355	1.544905	
1609	2.535943	-0.556264	1.538787	
1610	2.535665	-0.551006	1.532166	
1611	2.535659	-0.546191	1.526233	
1612	2.534596	-0.541804	1.519260	
1613	2.532928	-0.536576	1.512387	
1614	2.529153	-0.525510	1.496150	
1615	2.526328	-0.519087	1.486988	
1616	2.523383	-0.514459	1.479022	
1617	2.520544	-0.509002	1.470398	
1618	2.517302	-0.503475	1.461761	
1619	2.513483	-0.497169	1.453166	
1620	2.509478	-0.491079	1.444225	
1621	2.506421	-0.484627	1.436384	
1622	2.502380	-0.479233	1.428515	
1623	2.497942	-0.474837	1.420625	
1624	2.493721	-0.470344	1.412210	
1625	2.489538	-0.465616	1.404397	
1626	2.484111	-0.461884	1.395585	
1627	2.479381	-0.459465	1.388475	
1628	2.474015	-0.456800	1.381076	
1629	2.468572	-0.455047	1.373507	
1630	2.464003	-0.451515	1.366980	
1631	2.460398	-0.448439	1.360788	
1632	2.455559	-0.446162	1.352014	
1633	2.452117	-0.443408	1.344110	
1634	2.448358	-0.440834	1.335409	
1635	2.445489	-0.439111	1.328860	
1636	2.442060	-0.437219	1.322443	
1637	2.438375	-0.434178	1.316294	
1638	2.434140	-0.433195	1.309480	
1639	2.430685	-0.429846	1.304346	
1640	2.427773	-0.428113	1.300781	
1641	2.421860	-0.427193	1.294299	
1642	2.418097	-0.424111	1.289926	
1643	2.414788	-0.422257	1.286305	
1644	2.409983	-0.421412	1.282346	
1645	2.406509	-0.419444	1.279686	
1646	2.402476	-0.418785	1.277434	
1647	2.397254	-0.417534	1.273908	
1648	2.394432	-0.414042	1.273052	
1649	2.391378	-0.411154	1.272952	
1650	2.386754	-0.409718	1.271044	
1651	2.382085	-0.407325	1.268716	
1652	2.376069	-0.404954	1.265173	
1653	2.371797	-0.402874	1.263562	
1654	2.367775	-0.400697	1.262297	
1655	2.362091	-0.398593	1.260315	
1656	2.356613	-0.396410	1.258573	
1657	2.350649	-0.392853	1.256678	
1658	2.343844	-0.391797	1.254970	
1659	2.336620	-0.389609	1.252549	
1660	2.329692	-0.388141	1.250841	
1661	2.320883	-0.386496	1.247872	
1662	2.312552	-0.385077	1.245445	
1663	2.304110	-0.383717	1.243285	
1664	2.293713	-0.382729	1.240052	
1665	2.284233	-0.381850	1.237180	
1666	2.276316	-0.380753	1.235567	
1667	2.266610	-0.380817	1.232758	
1668	2.255701	-0.380792	1.228328	
1669	2.246892	-0.380793	1.225621	
1670	2.237418	-0.380320	1.223445	
1671	2.225884	-0.378374	1.219837	
1672	2.215169	-0.378131	1.217377	
1673	2.204478	-0.378440	1.216127	
1674	2.191774	-0.378005	1.214166	
1675	2.179782	-0.375814	1.211818	
1676	2.169073	-0.375400	1.210823	
1677	2.157378	-0.374416	1.209558	
1678	2.145998	-0.371972	1.207919	
1679	2.136639	-0.371054	1.208327	
1680	2.126772	-0.370313	1.208578	
1681	2.117681	-0.368464	1.208366	
1682	2.108454	-0.367771	1.207918	
1683	2.099890	-0.366028	1.207335	
1684	2.092262	-0.363436	1.207002	
1685	2.084161	-0.362835	1.206246	
1686	2.076721	-0.361315	1.204743	
1687	2.070518	-0.359329	1.203977	
1688	2.056463	-0.356823	1.201999	
1689	2.050137	-0.355258	1.201429	
1690	2.043788	-0.353772	1.200212	
1691	2.037581	-0.351213	1.198808	
1692	2.030961	-0.348312	1.197020	
1693	2.025257	-0.344109	1.195393	
1694	2.018262	-0.340315	1.192921	
1695	2.011712	-0.335972	1.190459	
1696	2.005453	-0.332230	1.187521	
1697	1.999622	-0.327150	1.184666	
1698	1.993844	-0.322731	1.181110	
1699	1.988472	-0.318519	1.177549	
1700	1.983091	-0.313934	1.173960	
1701	1.977722	-0.309465	1.169972	
1702	1.972216	-0.305089	1.166014	
1703	1.967156	-0.300712	1.162052	
1704	1.961827	-0.296693	1.157213	
1705	1.956418	-0.292804	1.152234	
1706	1.952155	-0.288785	1.147874	
1707	1.946978	-0.285808	1.142875	
1708	1.941462	-0.281554	1.137940	
1709	1.936730	-0.278446	1.133687	
1710	1.930871	-0.275541	1.129435	
1711	1.924671	-0.271028	1.124835	
1712	1.919716	-0.267674	1.121460	
1713	1.913575	-0.265411	1.117501	
1714	1.906319	-0.261199	1.112906	
1715	1.899591	-0.258426	1.108698	
1716	1.892313	-0.255977	1.104278	
1717	1.884714	-0.252614	1.099813	
1718	1.877208	-0.249798	1.095339	
1719	1.868487	-0.246874	1.090461	
1720	1.860181	-0.243312	1.086020	
1721	1.851734	-0.240740	1.081658	
1722	1.842773	-0.238050	1.077576	
1723	1.832852	-0.235078	1.073098	
1724	1.823497	-0.232508	1.069083	
1725	1.812298	-0.230530	1.064654	
1726	1.802102	-0.227134	1.060908	
1727	1.793684	-0.225212	1.057839	
1728	1.784003	-0.222777	1.054579	
1729	1.766881	-0.218288	1.049338	
1730	1.758657	-0.216754	1.047537	
1731	1.749786	-0.214834	1.045240	
1732	1.742282	-0.213285	1.043556	
1733	1.734924	-0.212252	1.042338	
1734	1.727745	-0.211140	1.041109	
1735	1.721396	-0.208845	1.039687	
1736	1.715170	-0.207718	1.038526	
1737	1.708763	-0.207983	1.036909	
1738	1.702734	-0.206544	1.034937	
1739	1.697331	-0.205883	1.033486	
1740	1.691969	-0.205459	1.032527	
1741	1.686445	-0.204359	1.031570	
1742	1.681888	-0.203046	1.030671	
1743	1.676756	-0.201663	1.029360	
1744	1.672390	-0.200205	1.028172	
1745	1.667081	-0.199361	1.026108	
1746	1.662177	-0.198515	1.023805	
1747	1.656338	-0.196727	1.020966	
1748	1.651575	-0.196691	1.018450	
1749	1.645978	-0.195535	1.015212	
1750	1.640329	-0.192690	1.011615	
1751	1.635742	-0.191049	1.008592	
1752	1.630275	-0.189131	1.004942	
1753	1.624262	-0.185883	1.000834	
1754	1.618248	-0.182069	0.996454	
1755	1.612251	-0.179864	0.991481	
1756	1.606301	-0.174762	0.986510	
1757	1.600569	-0.171007	0.981126	
1758	1.588025	-0.163606	0.969407	
1759	1.581594	-0.159990	0.963220	
1760	1.575895	-0.156424	0.957196	
1761	1.569494	-0.152268	0.950622	
1762	1.564142	-0.148809	0.944440	
1763	1.558164	-0.145574	0.938216	
1764	1.552567	-0.140439	0.932082	
1765	1.547734	-0.136557	0.926285	
1766	1.534898	-0.129100	0.914165	
1767	1.529644	-0.126239	0.908422	
1768	1.524333	-0.121300	0.903064	
1769	1.518670	-0.116888	0.897618	
1770	1.513724	-0.114249	0.892188	
1771	1.509650	-0.110561	0.887489	
1772	1.505714	-0.106962	0.883000	
1773	1.500910	-0.103882	0.878499	
1774	1.496243	-0.102090	0.874048	
1775	1.491749	-0.101342	0.870179	
1776	1.481015	-0.104655	0.860379	
1777	1.475327	-0.105883	0.855355	
1778	1.468925	-0.108345	0.850319	
1779	1.462337	-0.112144	0.844586	
1780	1.454489	-0.114761	0.838996	
1781	1.439552	-0.121858	0.827722	
1782	1.431737	-0.123455	0.822675	
1783	1.424062	-0.125019	0.818191	
1784	1.416819	-0.125323	0.814158	
1785	1.409317	-0.125793	0.810410	
1786	1.401592	-0.127069	0.806268	
1787	1.395019	-0.128292	0.802561	
1788	1.387705	-0.128003	0.798858	
1789	1.374457	-0.127878	0.792929	
1790	1.367801	-0.128730	0.789960	
1791	1.361217	-0.128792	0.787165	
1792	1.355412	-0.128555	0.784638	
1793	1.349254	-0.129556	0.781170	
1794	1.342233	-0.128522	0.778119	
1795	1.337656	-0.128813	0.775224	
1796	1.331740	-0.129057	0.772294	
1797	1.325281	-0.128057	0.769623	
1798	1.319388	-0.127090	0.766786	
1799	1.314229	-0.126751	0.764096	
1800	1.309196	-0.124508	0.761765	
1801	1.304404	-0.123127	0.758204	
1802	1.299696	-0.121708	0.754928	
1803	1.293379	-0.120690	0.751344	
1804	1.290289	-0.119968	0.748298	
1805	1.285880	-0.117107	0.746293	
1806	1.282131	-0.115214	0.744593	
1807	1.277970	-0.114547	0.741709	
1808	1.273512	-0.111777	0.739256	
1809	1.270016	-0.109048	0.736971	
1810	1.265496	-0.107536	0.733346	
1811	1.261171	-0.103932	0.729925	
1812	1.258482	-0.099494	0.726963	
1813	1.254213	-0.096463	0.721819	
1814	1.249170	-0.093006	0.716388	
1815	1.245539	-0.087149	0.711872	
1816	1.242745	-0.084428	0.705743	
1817	1.238887	-0.080887	0.699521	
1818	1.235838	-0.075855	0.694539	
1819	1.233657	-0.073761	0.688312	
1820	1.231153	-0.070059	0.682649	
1821	1.226156	-0.065276	0.677972	
1822	1.224195	-0.063218	0.672364	
1823	1.219935	-0.058768	0.667659	
1824	1.216381	-0.056828	0.662461	
1825	1.213175	-0.056144	0.656640	
1826	1.208369	-0.053728	0.651895	
1827	1.205531	-0.051676	0.647100	
1828	1.200763	-0.050484	0.641873	
1829	1.195555	-0.047614	0.638266	
1830	1.190647	-0.047790	0.633457	
1831	1.185553	-0.047382	0.628666	
1832	1.178541	-0.046577	0.624558	
1833	1.171133	-0.045031	0.620713	
1834	1.164540	-0.045512	0.615745	
1835	1.156145	-0.045058	0.611327	
1836	1.147838	-0.044339	0.607371	
1837	1.141644	-0.045305	0.602904	
1838	1.132753	-0.046432	0.598737	
1839	1.123462	-0.048237	0.595078	
1840	1.115961	-0.051463	0.591675	
1841	1.106704	-0.056703	0.587952	
1842	1.095920	-0.060252	0.585360	
1843	1.087337	-0.063991	0.583942	
1844	1.076753	-0.066102	0.583542	
1845	1.064822	-0.068704	0.583692	
1846	1.054666	-0.073164	0.583249	
1847	1.043939	-0.076877	0.583390	
1848	1.033188	-0.079066	0.584382	
1849	1.023957	-0.082246	0.585247	
1850	1.013403	-0.085477	0.586336	
1851	1.002206	-0.088705	0.587953	
1852	0.992594	-0.092136	0.589132	
1853	0.982605	-0.094858	0.590471	
1854	0.973196	-0.098868	0.591296	
1855	0.964801	-0.103727	0.591642	
1856	0.955886	-0.105976	0.593590	
1857	0.947198	-0.108301	0.595455	
1858	0.939734	-0.110406	0.597218	
1859	0.930979	-0.113849	0.598804	
1860	0.922539	-0.116228	0.600710	
1861	0.916234	-0.118607	0.602692	
1862	0.907794	-0.118888	0.606030	
1863	0.901424	-0.121461	0.608124	
1864	0.894383	-0.123066	0.610531	
1865	0.886676	-0.124331	0.613513	
1866	0.879785	-0.126394	0.616374	
1867	0.872625	-0.128515	0.618966	
1868	0.865405	-0.127631	0.622750	
1869	0.860401	-0.128613	0.626341	
1870	0.855285	-0.133347	0.627877	
1871	0.848056	-0.134476	0.630408	
1872	0.839649	-0.134992	0.634388	
1873	0.834936	-0.140231	0.635637	
1874	0.829415	-0.142179	0.637203	
1875	0.821522	-0.143583	0.640464	
1876	0.817101	-0.147408	0.642180	
1877	0.812276	-0.148892	0.644301	
1878	0.805098	-0.149835	0.647597	
1879	0.800636	-0.151709	0.649859	
1880	0.795888	-0.153891	0.652121	
1881	0.790166	-0.154800	0.655281	
1882	0.784941	-0.155701	0.658653	
1883	0.781351	-0.157104	0.661793	
1884	0.772918	-0.158038	0.668931	
1885	0.767974	-0.158759	0.672244	
1886	0.762652	-0.157823	0.676732	
1887	0.758056	-0.158435	0.680573	
1888	0.754127	-0.159234	0.683944	
1889	0.749478	-0.158378	0.688465	
1890	0.747312	-0.157341	0.693424	
1891	0.744152	-0.158263	0.698096	
1892	0.740402	-0.157858	0.703787	
1893	0.737458	-0.157043	0.710225	
1894	0.733920	-0.157027	0.717423	
1895	0.730735	-0.155778	0.725577	
1896	0.729734	-0.156169	0.733705	
1897	0.726503	-0.156991	0.741826	
1898	0.724007	-0.155673	0.750596	
1899	0.721843	-0.155147	0.759054	
1900	0.719560	-0.156549	0.766642	
1901	0.716644	-0.156909	0.774128	
1902	0.713537	-0.157438	0.781617	
1903	0.710245	-0.158956	0.788980	
1904	0.707178	-0.161058	0.796326	
1905	0.703996	-0.162027	0.804631	
1906	0.700779	-0.164809	0.812464	
1907	0.697491	-0.168940	0.819585	
1908	0.693973	-0.170914	0.828043	
1909	0.691431	-0.174963	0.835715	
1910	0.688955	-0.179748	0.842551	
1911	0.686347	-0.180679	0.851640	
1912	0.683454	-0.184754	0.859238	
1913	0.680129	-0.188432	0.865529	
1914	0.678481	-0.190052	0.874207	
1915	0.677816	-0.193524	0.881581	
1916	0.676358	-0.196764	0.888145	
1917	0.675062	-0.198256	0.895578	
1918	0.674928	-0.200881	0.902643	
1919	0.674341	-0.203965	0.908295	
1920	0.674093	-0.205760	0.914787	
1921	0.674240	-0.208180	0.920806	
1922	0.675234	-0.211178	0.926248	
1923	0.676779	-0.213389	0.932367	
1924	0.678028	-0.216470	0.938019	
1925	0.679098	-0.219625	0.942901	
1926	0.679740	-0.222141	0.947812	
1927	0.680701	-0.224011	0.953254	
1928	0.682461	-0.226264	0.958724	
1929	0.683051	-0.229238	0.963593	
1930	0.684190	-0.230072	0.970097	
1931	0.684426	-0.232913	0.975464	
1932	0.685406	-0.234217	0.980858	
1933	0.687677	-0.235551	0.987277	
1934	0.688791	-0.238153	0.991923	
1935	0.689686	-0.238827	0.996520	
1936	0.690904	-0.238932	1.002210	
1937	0.691504	-0.240041	1.006625	
1938	0.693338	-0.239530	1.017238	
1939	0.693789	-0.239591	1.021483	
1940	0.694454	-0.238857	1.025755	
1941	0.695137	-0.235822	1.036390	
1942	0.694983	-0.233723	1.041127	
1943	0.695208	-0.231126	1.047019	
1944	0.696324	-0.229083	1.052485	
1945	0.696151	-0.226499	1.058269	
1946	0.696285	-0.223712	1.064252	
1947	0.696304	-0.221525	1.070013	
1948	0.693821	-0.213290	1.088285	
1949	0.693925	-0.210987	1.095160	
1950	0.693889	-0.209486	1.102062	
1951	0.693239	-0.207614	1.116345	
1952	0.692326	-0.206790	1.123495	
1953	0.691418	-0.205993	1.130560	
1954	0.690472	-0.205817	1.137044	
1955	0.689167	-0.206394	1.143229	
1956	0.690104	-0.205889	1.149841	
1957	0.688998	-0.207131	1.160737	
1958	0.689295	-0.207191	1.166387	
1959	0.689398	-0.207664	1.171495	
1960	0.689837	-0.207443	1.177120	
1961	0.690766	-0.207194	1.182858	
1962	0.690549	-0.207643	1.187879	
1963	0.690673	-0.208029	1.192787	
1964	0.691974	-0.207680	1.198024	
1965	0.692793	-0.207666	1.202972	
1966	0.692804	-0.208350	1.207291	
1967	0.693320	-0.208305	1.211839	
1968	0.693109	-0.207898	1.215802	
1969	0.692887	-0.207812	1.219368	
1970	0.693256	-0.206384	1.223690	
1971	0.694249	-0.204603	1.227440	
1972	0.694337	-0.203691	1.230437	
1973	0.694355	-0.202042	1.233601	
1974	0.695829	-0.201124	1.236672	
1975	0.695739	-0.200034	1.238859	
1976	0.694588	-0.198799	1.240953	
1977	0.694370	-0.198266	1.242586	
1978	0.694683	-0.197325	1.244833	
1979	0.694313	-0.196787	1.246358	
1980	0.693118	-0.195939	1.247752	
1981	0.691974	-0.194674	1.249533	
1982	0.690935	-0.193974	1.251182	
1983	0.686615	-0.193077	1.253718	
1984	0.684738	-0.191131	1.255726	
1985	0.682477	-0.188568	1.257398	
1986	0.679404	-0.185665	1.258997	
1987	0.676436	-0.183307	1.260110	
1988	0.672979	-0.180268	1.261255	
1989	0.669778	-0.177914	1.262397	
1990	0.666223	-0.176582	1.263022	
1991	0.662547	-0.174431	1.263861	
1992	0.659963	-0.173192	1.264984	
1993	0.656392	-0.172489	1.265587	
1994	0.652253	-0.170798	1.266469	
1995	0.648525	-0.169587	1.267284	
1996	0.644171	-0.168163	1.268050	
1997	0.639480	-0.166955	1.268890	
1998	0.635101	-0.165997	1.269932	
1999	0.630118	-0.165270	1.270351	
2000	0.625428	-0.164352	1.271107	
2001	0.620450	-0.164704	1.271019	
2002	0.615420	-0.164334	1.270962	
2003	0.610940	-0.163882	1.271389	
2004	0.606811	-0.164518	1.271405	
2005	0.602231	-0.164716	1.271483	
2006	0.597711	-0.164719	1.271663	
2007	0.593827	-0.165264	1.271599	
2008	0.589431	-0.165440	1.271340	
2009	0.584769	-0.165235	1.270801	
2010	0.580569	-0.164513	1.270283	
2011	0.575948	-0.163052	1.269914	
2012	0.571496	-0.161768	1.269675	
2013	0.566791	-0.161877	1.268384	
2014	0.562262	-0.160165	1.267577	
2015	0.557949	-0.158726	1.267000	
2016	0.553972	-0.157543	1.265941	
2017	0.550369	-0.154755	1.265762	
2018	0.546041	-0.155325	1.264011	
2019	0.542787	-0.153395	1.263194	
2020	0.539362	-0.153772	1.262643	
2021	0.536289	-0.152776	1.261583	
2022	0.533259	-0.152036	1.260771	
2023	0.527472	-0.151617	1.258745	
2024	0.524842	-0.152129	1.257957	
2025	0.522483	-0.151868	1.257643	
2026	0.519570	-0.152178	1.256336	
2027	0.517297	-0.150327	1.256383	
2028	0.514408	-0.150403	1.255237	
2029	0.511410	-0.148881	1.253859	
2030	0.508584	-0.148554	1.253091	
2031	0.504763	-0.147866	1.251300	
2032	0.501076	-0.146735	1.249786	
2033	0.497391	-0.146339	1.248254	
2034	0.493519	-0.145506	1.246635	
2035	0.489858	-0.144880	1.245113	
2036	0.485696	-0.143815	1.243010	
2037	0.481776	-0.143271	1.241199	
2038	0.476968	-0.142611	1.238308	
2039	0.472382	-0.142344	1.236000	
2040	0.468104	-0.141530	1.233496	
2041	0.464522	-0.141024	1.231314	
2042	0.461225	-0.140523	1.229397	
2043	0.457911	-0.139468	1.227378	
2044	0.450949	-0.137585	1.221380	
2045	0.446136	-0.134902	1.217007	
2046	0.443497	-0.133888	1.214338	
2047	0.440648	-0.132306	1.211579	
2048	0.437160	-0.131198	1.207851	
2049	0.433708	-0.128295	1.204407	
2050	0.430316	-0.127511	1.200998	
2051	0.427177	-0.126029	1.198004	
2052	0.424489	-0.124060	1.195827	
2053	0.420937	-0.123113	1.192215	
2054	0.418337	-0.120999	1.189972	
2055	0.415114	-0.119440	1.186967	
2056	0.411358	-0.117944	1.183558	
2057	0.405532	-0.114268	1.178193	
2058	0.402512	-0.113120	1.175267	
2059	0.399850	-0.111112	1.172950	
2060	0.396591	-0.109470	1.169821	
2061	0.393517	-0.107111	1.167067	
2062	0.388060	-0.102975	1.162164	
2063	0.385222	-0.100393	1.159395	
2064	0.380792	-0.094729	1.155001	
2065	0.378687	-0.092615	1.152962	
2066	0.376692	-0.090788	1.150593	
2067	0.375002	-0.088367	1.148959	
2068	0.372809	-0.087521	1.146266	
2069	0.370670	-0.086151	1.143672	
2070	0.367033	-0.084969	1.139569	
2071	0.364815	-0.084549	1.136948	
2072	0.363032	-0.083529	1.134531	
2073	0.360696	-0.084085	1.131296	
2074	0.358623	-0.084116	1.128113	
2075	0.357548	-0.082930	1.125568	
2076	0.355588	-0.083228	1.121683	
2077	0.354258	-0.081566	1.118103	
2078	0.353611	-0.080758	1.114779	
2079	0.352437	-0.081002	1.110734	
2080	0.351914	-0.079901	1.106813	
2081	0.351148	-0.078054	1.102919	
2082	0.350199	-0.077418	1.098370	
2083	0.350092	-0.075941	1.093979	
2084	0.349815	-0.074415	1.089002	
2085	0.349350	-0.072837	1.083653	
2086	0.349722	-0.071097	1.078796	
2087	0.349963	-0.071297	1.073601	
2088	0.350484	-0.070186	1.067761	
2089	0.351111	-0.068762	1.061807	
2090	0.352243	-0.068497	1.056010	
2091	0.353327	-0.066723	1.050478	
2092	0.354456	-0.063350	1.046101	
2093	0.356016	-0.062795	1.039436	
2094	0.356265	-0.059577	1.034230	
2095	0.357631	-0.057497	1.028396	
2096	0.357990	-0.056616	1.020849	
2097	0.358268	-0.052885	1.014788	
2098	0.359365	-0.051490	1.007197	
2099	0.359026	-0.049576	0.999371	
2100	0.359497	-0.047028	0.992070	
2101	0.359454	-0.046666	0.983793	
2102	0.358900	-0.044972	0.976102	
2103	0.358523	-0.042685	0.969243	
2104	0.358054	-0.041898	0.962459	
2105	0.356643	-0.041892	0.955539	
2106	0.355126	-0.041506	0.948930	
2107	0.353540	-0.041418	0.942940	
2108	0.351019	-0.042465	0.936884	
2109	0.348868	-0.042366	0.932233	
2110	0.345858	-0.043269	0.926655	
2111	0.342955	-0.042659	0.921578	
2112	0.340293	-0.042006	0.916942	
2113	0.336528	-0.042983	0.911477	
2114	0.333378	-0.041855	0.907014	
2115	0.330020	-0.040294	0.902775	
2116	0.327631	-0.040843	0.898887	
2117	0.324274	-0.039434	0.894592	
2118	0.321296	-0.037437	0.890592	
2119	0.317651	-0.037329	0.885467	
2120	0.314615	-0.036077	0.880784	
2121	0.312546	-0.034015	0.876847	
2122	0.308197	-0.036488	0.864815	
2123	0.306741	-0.034191	0.859770	
2124	0.303238	-0.036986	0.845439	
2125	0.301982	-0.034689	0.839597	
2126	0.301073	-0.037154	0.831488	
2127	0.300643	-0.036214	0.824656	
2128	0.299942	-0.034055	0.818550	
2129	0.300210	-0.035619	0.810508	
2130	0.299226	-0.037505	0.801818	
2131	0.297625	-0.035931	0.794791	
2132	0.298572	-0.035807	0.787199	
2133	0.299149	-0.035904	0.772879	
2134	0.300308	-0.037551	0.758044	
2135	0.299859	-0.036265	0.752026	
2136	0.300679	-0.035578	0.746083	
2137	0.300548	-0.037213	0.739440	
2138	0.301172	-0.036636	0.734112	
2139	0.301983	-0.035029	0.728617	
2140	0.302052	-0.035456	0.722374	
2141	0.302711	-0.035470	0.716110	
2142	0.304554	-0.034290	0.710159	
2143	0.305803	-0.031963	0.704792	
2144	0.307847	-0.032129	0.698683	
2145	0.308974	-0.031049	0.692702	
2146	0.310840	-0.028118	0.687003	
2147	0.312645	-0.028222	0.680740	
2148	0.315565	-0.027277	0.674469	
2149	0.322216	-0.020587	0.664292	
2150	0.325988	-0.021855	0.657534	
2151	0.328029	-0.018895	0.651414	
2152	0.335056	-0.015899	0.636992	
2153	0.337139	-0.014376	0.628931	
2154	0.339022	-0.011095	0.621936	
2155	0.341351	-0.008825	0.613736	
2156	0.343109	-0.008556	0.604600	
2157	0.344571	-0.006203	0.596101	
2158	0.345523	-0.003209	0.587146	
2159	0.347389	-0.002752	0.575691	
2160	0.349165	-0.000938	0.565510	
2161	0.354939	0.003421	0.544472	
2162	0.356120	0.005256	0.534155	
2163	0.356513	0.008639	0.524209	
2164	0.357135	0.011774	0.512831	
2165	0.357934	0.012766	0.500038	
2166	0.358067	0.014821	0.489637	
2167	0.358725	0.019272	0.479631	
2168	0.358951	0.019530	0.467196	
2169	0.358353	0.021045	0.454608	
2170	0.358211	0.021883	0.444623	
2171	0.356695	0.024189	0.434200	
2172	0.357247	0.025290	0.423484	
2173	0.357723	0.027587	0.414676	
2174	0.357124	0.030931	0.406549	
2175	0.356358	0.031912	0.397367	
2176	0.355601	0.032828	0.388746	
2177	0.355448	0.035637	0.382260	
2178	0.355204	0.037806	0.375263	
2179	0.355490	0.036824	0.367225	
2180	0.352456	0.041004	0.355272	
2181	0.350240	0.041879	0.349002	
2182	0.345900	0.042929	0.343115	
2183	0.336115	0.044195	0.337229	
2184	0.333604	0.045833	0.331234	
2185	0.329889	0.046709	0.324828	
2186	0.324264	0.049429	0.320231	
2187	0.318570	0.050846	0.314908	
2188	0.311608	0.051806	0.308624	
2189	0.304404	0.054313	0.303385	
2190	0.295090	0.056115	0.298250	
2191	0.286812	0.056911	0.291492	
2192	0.278468	0.057618	0.283900	
2193	0.269152	0.060530	0.278301	
2194	0.259763	0.062484	0.272451	
2195	0.250575	0.063231	0.265627	
2196	0.240971	0.063934	0.258657	
2197	0.232301	0.065707	0.252696	
2198	0.224454	0.066857	0.246181	
2199	0.216200	0.066690	0.239082	
2200	0.208293	0.067246	0.233173	
2201	0.201765	0.068540	0.227224	
2202	0.195060	0.069877	0.220922	
2203	0.186053	0.069195	0.214721	
2204	0.178407	0.069739	0.209750	
2205	0.171094	0.071071	0.204694	
2206	0.162920	0.072007	0.199255	
2207	0.155959	0.072482	0.193660	
2208	0.148687	0.072112	0.187723	
2209	0.142090	0.073050	0.181986	
2210	0.135119	0.073034	0.175815	
2211	0.127907	0.072313	0.170010	
2212	0.120836	0.072633	0.164849	
2213	0.113285	0.071916	0.159181	
2214	0.094739	0.074300	0.149194	
2215	0.087446	0.073795	0.142930	
2216	0.078882	0.074849	0.136936	
2217	0.071250	0.075849	0.130988	
2218	0.063194	0.075706	0.123697	
2219	0.053933	0.074812	0.116927	
2220	0.046744	0.076943	0.110513	
2221	0.039244	0.076714	0.102686	
2222	0.029827	0.077671	0.095092	
2223	0.021195	0.081218	0.088953	
2224	0.013290	0.083973	0.081357	
2225	0.002821	0.085665	0.073430	
2226	-0.005042	0.088022	0.067096	
2227	-0.013396	0.092691	0.060793	
2228	-0.023373	0.095086	0.053735	
2229	-0.032177	0.097758	0.047714	
2230	-0.039191	0.103069	0.042383	
2231	-0.047861	0.105877	0.035874	
2232	-0.057004	0.109726	0.030238	
2233	-0.065139	0.114645	0.025068	
2234	-0.072952	0.120069	0.019663	
2235	-0.090316	0.130369	0.009830	
2236	-0.095987	0.138055	0.006175	
2237	-0.104813	0.140909	-0.000074	
2238	-0.112905	0.144063	-0.004264	
2239	-0.118470	0.148033	-0.007492	
2240	-0.124684	0.150039	-0.010981	
2241	-0.131268	0.150902	-0.014781	
2242	-0.136991	0.152572	-0.017928	
2243	-0.142952	0.152472	-0.021675	
2244	-0.149620	0.152420	-0.024650	
2245	-0.155048	0.152984	-0.027425	
2246	-0.164810	0.152815	-0.030848	
2247	-0.173386	0.152403	-0.033779	
2248	-0.178596	0.154531	-0.035410	
2249	-0.184841	0.155905	-0.038077	
2250	-0.193503	0.156678	-0.040835	
2251	-0.200780	0.158877	-0.042409	
2252	-0.208810	0.160126	-0.044383	
2253	-0.216986	0.160043	-0.046200	
2254	-0.224018	0.159971	-0.047744	
2255	-0.230915	0.159611	-0.049154	
2256	-0.250514	0.157426	-0.051625	
2257	-0.265310	0.155925	-0.054507	
2258	-0.272561	0.156116	-0.055667	
2259	-0.279914	0.156519	-0.056759	
2260	-0.286792	0.156544	-0.057515	
2261	-0.293435	0.157863	-0.057688	
2262	-0.300156	0.160252	-0.057545	
2263	-0.307596	0.161805	-0.057508	
2264	-0.316325	0.162567	-0.058125	
2265	-0.323575	0.164882	-0.058034	
2266	-0.329686	0.167587	-0.058472	
2267	-0.336882	0.168221	-0.060114	
2268	-0.344541	0.167658	-0.062123	
2269	-0.352304	0.168744	-0.063901	
2270	-0.358925	0.167968	-0.066644	
2271	-0.366448	0.166299	-0.069242	
2272	-0.373029	0.164878	-0.071783	
2273	-0.379696	0.163759	-0.074534	
2274	-0.386271	0.160361	-0.077750	
2275	-0.394563	0.158751	-0.080705	
2276	-0.402255	0.157490	-0.083247	
2277	-0.408174	0.156047	-0.086107	
2278	-0.417374	0.155115	-0.088106	
2279	-0.424103	0.154444	-0.090095	
2280	-0.429205	0.155238	-0.091459	
2281	-0.437563	0.154473	-0.093371	
2282	-0.444990	0.156487	-0.094151	
2283	-0.451457	0.156699	-0.095885	
2284	-0.459517	0.154577	-0.097828	
2285	-0.465089	0.152730	-0.099360	
2286	-0.468755	0.152297	-0.101424	
2287	-0.475307	0.152423	-0.103959	
2288	-0.481762	0.151576	-0.106929	
2289	-0.487623	0.149823	-0.110934	
2290	-0.493335	0.149672	-0.114966	
2291	-0.499394	0.149824	-0.119582	
2292	-0.507005	0.150216	-0.123936	
2293	-0.512552	0.151017	-0.129027	
2294	-0.517986	0.152084	-0.134275	
2295	-0.525376	0.156150	-0.139402	
2296	-0.532435	0.160512	-0.144458	
2297	-0.538311	0.163747	-0.150065	
2298	-0.546379	0.167353	-0.155490	
2299	-0.553782	0.170968	-0.160703	
2300	-0.559411	0.175312	-0.165468	
2301	-0.564950	0.180928	-0.170168	
2302	-0.572475	0.183743	-0.174904	
2303	-0.578990	0.187152	-0.179515	
2304	-0.585371	0.192944	-0.183482	
2305	-0.590388	0.197984	-0.187614	
2306	-0.598146	0.202044	-0.191182	
2307	-0.602782	0.206511	-0.195304	
2308	-0.608999	0.212064	-0.199130	
2309	-0.615931	0.214867	-0.203388	
2310	-0.620609	0.218333	-0.207371	
2311	-0.627547	0.221881	-0.211034	
2312	-0.631245	0.225513	-0.214166	
2313	-0.638024	0.227531	-0.217006	
2314	-0.643142	0.228728	-0.219903	
2315	-0.648576	0.230222	-0.222373	
2316	-0.653838	0.232426	-0.224078	
2317	-0.659082	0.234366	-0.225925	
2318	-0.667644	0.236943	-0.227526	
2319	-0.673057	0.237803	-0.229479	
2320	-0.677990	0.237853	-0.231913	
2321	-0.684496	0.238444	-0.234360	
2322	-0.689916	0.238930	-0.236578	
2323	-0.695089	0.238486	-0.239619	
2324	-0.701097	0.238241	-0.242691	
2325	-0.707945	0.237336	-0.245391	
2326	-0.714058	0.236912	-0.248536	
2327	-0.719962	0.236821	-0.251858	
2328	-0.726848	0.234187	-0.254720	
2329	-0.734156	0.231292	-0.257786	
2330	-0.755493	0.228892	-0.258127	
2331	-0.763156	0.227975	-0.260723	
2332	-0.769187	0.225785	-0.263376	
2333	-0.778256	0.225181	-0.265840	
2334	-0.786279	0.224811	-0.267987	
2335	-0.793817	0.222240	-0.270421	
2336	-0.804212	0.223133	-0.272180	
2337	-0.810064	0.222847	-0.275008	
2338	-0.816900	0.222292	-0.277972	
2339	-0.829000	0.224492	-0.280476	
2340	-0.842863	0.227879	-0.282696	
2341	-0.847630	0.227487	-0.286700	
2342	-0.855227	0.228450	-0.290004	
2343	-0.866560	0.230392	-0.292549	
2344	-0.872417	0.228955	-0.296211	
2345	-0.881186	0.228565	-0.299052	
2346	-0.884924	0.228912	-0.302412	
2347	-0.891202	0.226930	-0.306470	
2348	-0.900993	0.226888	-0.309001	
2349	-0.908452	0.227383	-0.311956	
2350	-0.914983	0.226506	-0.315398	
2351	-0.922360	0.226899	-0.319108	
2352	-0.926221	0.224453	-0.323732	
2353	-0.932791	0.222271	-0.327838	
2354	-0.939941	0.220466	-0.331698	
2355	-0.945132	0.218726	-0.336173	
2356	-0.949119	0.219231	-0.340649	
2357	-0.958150	0.220092	-0.344262	
2358	-0.964479	0.222039	-0.347725	
2359	-0.970796	0.223149	-0.352050	
2360	-0.984946	0.225353	-0.360540	
2361	-0.996945	0.229212	-0.371096	
2362	-1.007520	0.235158	-0.375454	
2363	-1.014266	0.238463	-0.380976	
2364	-1.027864	0.245803	-0.390652	
2365	-1.045077	0.254530	-0.399665	
2366	-1.062213	0.260709	-0.408602	
2367	-1.071193	0.266010	-0.413245	
2368	-1.075872	0.269426	-0.417928	
2369	-1.083858	0.273336	-0.421161	
2370	-1.092559	0.279551	-0.423733	
2371	-1.100935	0.284693	-0.425719	
2372	-1.103642	0.286918	-0.428893	
2373	-1.107028	0.288355	-0.430340	
2374	-1.118216	0.293314	-0.428107	
2375	-1.125051	0.297166	-0.426086	
2376	-1.123477	0.297755	-0.425515	
2377	-1.127566	0.300255	-0.423380	
2378	-1.135813	0.301479	-0.419882	
2379	-1.144706	0.301046	-0.414009	
2380	-1.147785	0.303409	-0.410506	
2381	-1.154187	0.300984	-0.406900	
2382	-1.162861	0.298468	-0.401405	
2383	-1.165064	0.297839	-0.397365	
2384	-1.170671	0.297949	-0.391535	
2385	-1.179098	0.293830	-0.384526	
2386	-1.186668	0.291197	-0.377774	
2387	-1.193102	0.288921	-0.371251	
2388	-1.199265	0.281789	-0.364705	
2389	-1.207817	0.279597	-0.356581	
2390	-1.215377	0.277131	-0.349110	
2391	-1.220398	0.273362	-0.341496	
2392	-1.222835	0.267178	-0.335493	
2393	-1.232753	0.261954	-0.327102	
2394	-1.240514	0.258230	-0.319766	
2395	-1.246227	0.255851	-0.313272	
2396	-1.252121	0.250755	-0.306836	
2397	-1.256741	0.244044	-0.300837	
2398	-1.263880	0.237822	-0.294395	
2399	-1.276425	0.228153	-0.284879	
2400	-1.282787	0.222572	-0.278586	
2401	-1.285339	0.215970	-0.273259	
2402	-1.287121	0.209131	-0.268432	
2403	-1.292572	0.204280	-0.262938	
2404	-1.297513	0.198871	-0.257878	
2405	-1.299007	0.193055	-0.253662	
2406	-1.303634	0.190304	-0.248784	
2407	-1.307551	0.185438	-0.244051	
2408	-1.312646	0.181324	-0.238906	
2409	-1.317067	0.177432	-0.233650	
2410	-1.324345	0.171374	-0.223718	
2411	-1.327682	0.162904	-0.215423	
2412	-1.332433	0.160932	-0.210688	
2413	-1.334646	0.157909	-0.206192	
2414	-1.332859	0.153062	-0.203121	
2415	-1.336884	0.150125	-0.197886	
2416	-1.338591	0.146687	-0.193587	
2417	-1.338099	0.142685	-0.189577	
2418	-1.338647	0.139500	-0.185619	
2419	-1.342989	0.137490	-0.180300	
2420	-1.342600	0.133557	-0.176960	
2421	-1.345499	0.131027	-0.172078	
2422	-1.348300	0.128625	-0.167550	
2423	-1.348935	0.124715	-0.164045	
2424	-1.353065	0.123696	-0.159045	
2425	-1.354501	0.123267	-0.154346	
2426	-1.354670	0.121150	-0.150120	
2427	-1.359555	0.118589	-0.143949	
2428	-1.361717	0.116973	-0.138333	
2429	-1.363838	0.117213	-0.132732	
2430	-1.361007	0.115499	-0.128761	
2431	-1.363235	0.114435	-0.123003	
2432	-1.365521	0.115161	-0.117190	
2433	-1.367355	0.112861	-0.111698	
2434	-1.368276	0.111073	-0.105790	
2435	-1.366756	0.110009	-0.101051	
2436	-1.366940	0.109309	-0.094953	
2437	-1.365613	0.106929	-0.089081	
2438	-1.360344	0.104288	-0.083796	
2439	-1.358014	0.100565	-0.076927	
2440	-1.355903	0.095305	-0.069539	
2441	-1.351787	0.090524	-0.061889	
2442	-1.344557	0.087277	-0.054988	
2443	-1.339651	0.081960	-0.046937	
2444	-1.339744	0.076360	-0.036588	
2445	-1.332500	0.072422	-0.028074	
2446	-1.321757	0.065730	-0.021478	
2447	-1.320632	0.057836	-0.011809	
2448	-1.313802	0.052796	-0.003191	
2449	-1.299818	0.046193	0.002109	
2450	-1.297875	0.036469	0.010722	
2451	-1.295950	0.031049	0.020708	
2452	-1.281036	0.025554	0.026833	
2453	-1.271933	0.018199	0.033566	
2454	-1.270673	0.013311	0.042871	
2455	-1.263153	0.008356	0.049836	
2456	-1.253190	0.004815	0.055224	
2457	-1.250894	0.000559	0.062201	
2458	-1.247079	-0.001720	0.068563	
2459	-1.237620	-0.005429	0.072705	
2460	-1.229588	-0.009067	0.075926	
2461	-1.226918	-0.009957	0.081267	
2462	-1.224574	-0.009876	0.086265	
2463	-1.215926	-0.010991	0.089067	
2464	-1.208270	-0.011656	0.092872	
2465	-1.204942	-0.011195	0.098144	
2466	-1.201959	-0.011539	0.103361	
2467	-1.194808	-0.013696	0.108049	
2468	-1.188878	-0.011632	0.114179	
2469	-1.185323	-0.009746	0.119428	
2470	-1.180687	-0.010296	0.123835	
2471	-1.177033	-0.008417	0.129227	
2472	-1.175560	-0.005894	0.135605	
2473	-1.169616	-0.005099	0.139096	
2474	-1.166010	-0.005116	0.143487	
2475	-1.163136	-0.003027	0.148228	
2476	-1.157238	-0.003101	0.150954	
2477	-1.154655	-0.004476	0.154034	
2478	-1.150795	-0.004365	0.157139	
2479	-1.146889	-0.002456	0.160091	
2480	-1.145632	-0.002752	0.163129	
2481	-1.140835	-0.002880	0.166210	
2482	-1.136787	-0.001875	0.169991	
2483	-1.130506	-0.005787	0.172525	
2484	-1.130601	-0.004467	0.179245	
2485	-1.128645	-0.001915	0.185212	
2486	-1.120673	-0.004464	0.188552	
2487	-1.117603	-0.006503	0.193051	
2488	-1.120036	-0.003352	0.198752	
2489	-1.116070	-0.004995	0.202618	
2490	-1.111715	-0.004812	0.206668	
2491	-1.109430	-0.004308	0.210901	
2492	-1.108530	-0.005276	0.215752	
2493	-1.104387	0.000232	0.220547	
2494	-1.097549	-0.000869	0.222560	
2495	-1.098598	0.000415	0.226879	
2496	-1.098850	0.005124	0.231879	
2497	-1.093214	0.005187	0.233595	
2498	-1.093853	0.005404	0.236576	
2499	-1.096574	0.011228	0.241480	
2500	-1.092727	0.011439	0.242696	
2501	-1.093059	0.011257	0.244646	
2502	-1.094584	0.014039	0.247830	
2503	-1.092687	0.013863	0.248964	
2504	-1.094150	0.013696	0.250530	
2505	-1.096588	0.015015	0.252744	
2506	-1.095514	0.015116	0.253806	
2507	-1.095358	0.014742	0.254703	
2508	-1.096883	0.016006	0.256390	
2509	-1.096383	0.016259	0.257613	
2510	-1.094224	0.017119	0.258225	
2511	-1.095653	0.017861	0.259437	
2512	-1.097552	0.020817	0.261784	
2513	-1.096767	0.022223	0.263309	
2514	-1.097230	0.022797	0.264604	
2515	-1.100872	0.025622	0.267839	
2516	-1.098546	0.027403	0.269366	
2517	-1.096634	0.027716	0.270266	
2518	-1.101665	0.030632	0.273893	
2519	-1.100648	0.033141	0.276146	
2520	-1.098593	0.032948	0.277469	
2521	-1.101310	0.035250	0.280777	
2522	-1.100483	0.037159	0.283100	
2523	-1.098218	0.038526	0.285249	
2524	-1.096344	0.040189	0.287106	
2525	-1.098038	0.041859	0.290037	
2526	-1.094249	0.043104	0.291775	
2527	-1.091837	0.044588	0.293327	
2528	-1.093467	0.046707	0.295958	
2529	-1.092702	0.048380	0.298044	
2530	-1.087950	0.049483	0.298218	
2531	-1.087484	0.049966	0.298963	
2532	-1.089027	0.051882	0.300616	
2533	-1.085852	0.052711	0.300815	
2534	-1.084376	0.052367	0.300550	
2535	-1.086752	0.052970	0.302279	
2536	-1.083940	0.053553	0.302877	
2537	-1.082985	0.052711	0.302960	
2538	-1.083049	0.052410	0.303736	
2539	-1.082318	0.052095	0.304478	
2540	-1.080538	0.051900	0.304515	
2541	-1.079057	0.050866	0.304963	
2542	-1.076387	0.050092	0.304313	
2543	-1.076111	0.049529	0.304287	
2544	-1.075224	0.048878	0.304358	
2545	-1.073240	0.048210	0.304040	
2546	-1.074219	0.046977	0.304169	
2547	-1.073787	0.047507	0.304640	
2548	-1.071085	0.048565	0.304253	
2549	-1.071579	0.048576	0.304491	
2550	-1.071700	0.049739	0.305025	
2551	-1.068985	0.051725	0.305025	
2552	-1.068010	0.051726	0.304702	
2553	-1.067752	0.053802	0.305507	
2554	-1.064455	0.055591	0.305051	
2555	-1.063823	0.056323	0.304907	
2556	-1.063415	0.057906	0.305373	
2557	-1.060409	0.060257	0.304819	
2558	-1.059616	0.060548	0.304282	
2559	-1.060114	0.062016	0.304676	
2560	-1.056709	0.064127	0.304131	
2561	-1.056449	0.064658	0.303720	
2562	-1.056935	0.066002	0.304084	
2563	-1.052802	0.068613	0.303378	
2564	-1.052439	0.069774	0.303250	
2565	-1.051301	0.071833	0.303228	
2566	-1.047127	0.075569	0.302179	
2567	-1.047376	0.076838	0.302068	
2568	-1.044305	0.078881	0.300712	
2569	-1.043804	0.080253	0.299626	
2570	-1.041839	0.081131	0.298629	
2571	-1.041977	0.081427	0.297639	
2572	-1.041364	0.081934	0.296822	
2573	-1.039073	0.082522	0.295680	
2574	-1.038739	0.083028	0.294241	
2575	-1.036578	0.082654	0.292860	
2576	-1.037389	0.082822	0.292434	
2577	-1.035194	0.082748	0.291435	
2578	-1.033375	0.082952	0.289556	
2579	-1.032290	0.083497	0.288948	
2580	-1.029310	0.084207	0.287903	
2581	-1.029101	0.084800	0.287408	
2582	-1.029433	0.085339	0.287308	
2583	-1.027557	0.085948	0.286540	
