0	0.000000	0.000000	0.000000	
1	0.000000	0.000000	0.000000	
2	0.000000	0.000000	0.000000	
3	0.000000	0.000000	0.000000	
4	0.000023	0.001283	0.000713	
5	-0.000354	0.001236	0.000689	
6	-0.000666	0.002177	0.000445	
7	-0.000450	0.001668	0.000063	
8	-0.001101	0.005053	0.000510	
9	-0.000618	0.003771	-0.000217	
10	-0.000605	0.005138	0.000065	
11	-0.000586	0.003781	-0.000380	
12	-0.000656	0.003280	-0.000174	
13	-0.000494	0.003337	-0.000216	
14	-0.001122	0.002165	-0.000761	
15	-0.001209	0.001563	-0.000921	
16	-0.001080	0.000732	-0.001348	
17	-0.001291	-0.000503	-0.002057	
18	-0.000822	-0.000114	-0.001907	
19	-0.001021	-0.000411	-0.002554	
20	-0.001231	0.000299	-0.002440	
21	-0.000894	-0.000212	-0.002624	
22	0.000749	0.000480	-0.002647	
23	0.001084	0.000566	-0.003088	
24	0.000805	-0.000213	-0.003760	
25	0.001580	0.000291	-0.004092	
26	0.001942	0.000029	-0.004844	
27	0.002113	-0.000605	-0.005814	
28	0.003612	-0.000065	-0.006111	
29	0.003229	0.000348	-0.006543	
30	0.002703	-0.000504	-0.007456	
31	0.003886	-0.000500	-0.007635	
32	0.004301	0.000904	-0.007558	
33	0.003742	0.001554	-0.008158	
34	0.004098	0.002127	-0.008357	
35	0.004544	0.002149	-0.008491	
36	0.004483	0.002202	-0.008774	
37	0.005086	0.003327	-0.008487	
38	0.005785	0.004895	-0.008435	
39	0.004988	0.004773	-0.009125	
40	0.005329	0.005394	-0.008908	
41	0.005856	0.005477	-0.009176	
42	0.006107	0.004435	-0.009966	
43	0.006275	0.003362	-0.010546	
44	0.006812	0.002975	-0.010686	
45	0.006974	0.003586	-0.010968	
46	0.007175	0.003521	-0.011389	
47	0.007558	0.003983	-0.011613	
48	0.007478	0.004674	-0.012011	
49	0.007178	0.004269	-0.012359	
50	0.008193	0.004434	-0.012517	
51	0.008389	0.003808	-0.013233	
52	0.007739	0.003269	-0.013507	
53	0.008238	0.004417	-0.013624	
54	0.007935	0.004180	-0.013995	
55	0.008117	0.004043	-0.014417	
56	0.008154	0.004292	-0.014409	
57	0.007981	0.004263	-0.014767	
58	0.007711	0.004355	-0.014914	
59	0.008546	0.005955	-0.014191	
60	0.008127	0.006152	-0.014016	
61	0.007020	0.006758	-0.013712	
62	0.007789	0.007884	-0.013016	
63	0.007959	0.008709	-0.012352	
64	0.007180	0.010023	-0.011694	
65	0.006645	0.010183	-0.011442	
66	0.006508	0.010241	-0.011101	
67	0.006481	0.011903	-0.010238	
68	0.005347	0.011978	-0.010172	
69	0.003442	0.012474	-0.010246	
70	0.002111	0.012590	-0.010464	
71	-0.000176	0.011585	-0.011617	
72	-0.003079	0.011420	-0.012995	
73	-0.006291	0.009170	-0.015909	
74	-0.011580	0.007529	-0.019556	
75	-0.018238	0.006530	-0.023302	
76	-0.023716	0.005920	-0.027618	
77	-0.036806	0.003118	-0.037376	
78	-0.045372	0.002106	-0.042253	
79	-0.054557	0.002343	-0.046502	
80	-0.063394	0.001773	-0.051190	
81	-0.072753	0.001845	-0.055549	
82	-0.084116	0.002418	-0.060163	
83	-0.094945	0.004422	-0.064043	
84	-0.105586	0.006251	-0.067592	
85	-0.117168	0.008497	-0.070847	
86	-0.129396	0.010592	-0.073780	
87	-0.142750	0.013571	-0.076261	
88	-0.155982	0.016687	-0.078563	
89	-0.167857	0.019252	-0.080831	
90	-0.181302	0.021242	-0.083477	
91	-0.193679	0.025306	-0.084928	
92	-0.204690	0.029012	-0.086516	
93	-0.217069	0.031424	-0.088506	
94	-0.228724	0.033242	-0.089844	
95	-0.239521	0.034896	-0.091853	
96	-0.249478	0.037042	-0.093512	
97	-0.259784	0.037050	-0.095286	
98	-0.269350	0.036827	-0.096915	
99	-0.279980	0.036561	-0.097744	
100	-0.288636	0.036661	-0.098303	
101	-0.299013	0.035078	-0.098904	
102	-0.308867	0.034365	-0.098848	
103	-0.317864	0.033170	-0.098670	
104	-0.326360	0.031274	-0.098892	
105	-0.335725	0.028955	-0.099119	
106	-0.345524	0.027833	-0.098389	
107	-0.353556	0.027474	-0.097382	
108	-0.372654	0.023578	-0.095958	
109	-0.382206	0.022948	-0.094271	
110	-0.391547	0.021988	-0.092611	
111	-0.401484	0.020377	-0.090322	
112	-0.413242	0.018983	-0.087700	
113	-0.424448	0.017898	-0.084976	
114	-0.434647	0.015508	-0.082325	
115	-0.445468	0.012162	-0.079166	
116	-0.457463	0.008056	-0.076042	
117	-0.467893	0.005084	-0.071887	
118	-0.475344	0.003016	-0.066238	
119	-0.499113	-0.002642	-0.054203	
120	-0.507035	-0.003617	-0.046751	
121	-0.511964	-0.007833	-0.039825	
122	-0.521498	-0.011611	-0.032920	
123	-0.529136	-0.012681	-0.025964	
124	-0.537086	-0.017098	-0.020508	
125	-0.544472	-0.020909	-0.014555	
126	-0.551763	-0.023098	-0.008789	
127	-0.560028	-0.027643	-0.004432	
128	-0.566855	-0.032095	0.000077	
129	-0.573204	-0.036068	0.004819	
130	-0.581758	-0.040254	0.009100	
131	-0.587703	-0.043337	0.014162	
132	-0.593394	-0.047369	0.019380	
133	-0.599749	-0.051416	0.024391	
134	-0.615045	-0.056400	0.035360	
135	-0.622262	-0.059212	0.041163	
136	-0.630512	-0.061302	0.046649	
137	-0.638588	-0.064143	0.052067	
138	-0.652703	-0.068841	0.063120	
139	-0.661981	-0.069997	0.068782	
140	-0.679820	-0.074018	0.079958	
141	-0.688452	-0.076151	0.085541	
142	-0.697672	-0.076437	0.091692	
143	-0.706755	-0.078150	0.097326	
144	-0.716064	-0.080730	0.102939	
145	-0.723895	-0.083661	0.107981	
146	-0.733648	-0.087571	0.112822	
147	-0.743505	-0.088801	0.118446	
148	-0.751528	-0.092191	0.123305	
149	-0.760529	-0.094877	0.128339	
150	-0.769917	-0.096126	0.134071	
151	-0.784306	-0.102591	0.145031	
152	-0.792361	-0.104733	0.150366	
153	-0.799061	-0.108402	0.155315	
154	-0.803682	-0.112572	0.160114	
155	-0.810374	-0.113949	0.165406	
156	-0.816937	-0.115313	0.171070	
157	-0.821381	-0.118097	0.176609	
158	-0.826132	-0.121882	0.182077	
159	-0.833109	-0.123896	0.188148	
160	-0.838301	-0.126320	0.193985	
161	-0.842396	-0.129859	0.199229	
162	-0.848395	-0.131365	0.204472	
163	-0.855390	-0.132666	0.209772	
164	-0.859859	-0.135197	0.214683	
165	-0.864765	-0.138674	0.219018	
166	-0.871382	-0.140180	0.223904	
167	-0.876284	-0.142523	0.228945	
168	-0.879840	-0.145876	0.233264	
169	-0.885921	-0.147673	0.238588	
170	-0.892756	-0.149237	0.244217	
171	-0.897181	-0.155009	0.249186	
172	-0.902279	-0.159725	0.254161	
173	-0.909375	-0.163017	0.259721	
174	-0.919482	-0.169293	0.271337	
175	-0.925356	-0.173731	0.277409	
176	-0.931574	-0.175634	0.283942	
177	-0.935894	-0.179825	0.290595	
178	-0.940712	-0.183525	0.297363	
179	-0.946198	-0.187150	0.304159	
180	-0.951085	-0.190836	0.310581	
181	-0.955790	-0.193998	0.316865	
182	-0.960295	-0.197423	0.322656	
183	-0.966340	-0.202027	0.328688	
184	-0.970732	-0.203696	0.334748	
185	-0.973201	-0.207907	0.339567	
186	-0.979809	-0.209476	0.345311	
187	-0.986680	-0.211600	0.350932	
188	-0.991581	-0.213746	0.356292	
189	-0.995992	-0.215668	0.361428	
190	-1.003951	-0.216043	0.367477	
191	-1.011170	-0.216902	0.373703	
192	-1.016250	-0.217604	0.380063	
193	-1.021690	-0.219196	0.385985	
194	-1.030815	-0.219530	0.392649	
195	-1.041039	-0.218801	0.399620	
196	-1.049603	-0.220432	0.405371	
197	-1.059331	-0.221208	0.410797	
198	-1.072130	-0.222293	0.416852	
199	-1.082999	-0.222982	0.421661	
200	-1.092512	-0.223765	0.425791	
201	-1.103921	-0.224313	0.430366	
202	-1.116816	-0.224889	0.435542	
203	-1.126108	-0.224616	0.439640	
204	-1.136835	-0.226742	0.443970	
205	-1.157742	-0.229838	0.452369	
206	-1.166221	-0.231451	0.455769	
207	-1.176601	-0.234564	0.460149	
208	-1.185880	-0.237418	0.464368	
209	-1.191950	-0.238430	0.468066	
210	-1.199758	-0.241817	0.471920	
211	-1.209512	-0.244595	0.476970	
212	-1.214754	-0.246144	0.481240	
213	-1.220720	-0.248995	0.485428	
214	-1.229630	-0.253178	0.490598	
215	-1.234743	-0.254349	0.495647	
216	-1.239235	-0.257399	0.500051	
217	-1.246965	-0.260827	0.505965	
218	-1.251361	-0.263349	0.511513	
219	-1.255756	-0.265827	0.517213	
220	-1.261465	-0.269426	0.523154	
221	-1.266764	-0.272035	0.529359	
222	-1.270640	-0.275260	0.534985	
223	-1.275478	-0.279763	0.540987	
224	-1.280171	-0.283502	0.547184	
225	-1.283702	-0.287431	0.553268	
226	-1.288130	-0.291708	0.559823	
227	-1.290556	-0.296067	0.565918	
228	-1.293151	-0.301527	0.571830	
229	-1.297101	-0.307725	0.578078	
230	-1.300338	-0.312323	0.583881	
231	-1.303816	-0.316377	0.589552	
232	-1.307843	-0.321286	0.595560	
233	-1.310232	-0.326461	0.601068	
234	-1.313949	-0.331516	0.607040	
235	-1.319639	-0.335375	0.614064	
236	-1.323346	-0.339719	0.619932	
237	-1.327009	-0.343855	0.625671	
238	-1.331364	-0.347781	0.631640	
239	-1.335651	-0.351384	0.637846	
240	-1.339741	-0.354856	0.643822	
241	-1.345184	-0.359349	0.650025	
242	-1.350345	-0.361767	0.656082	
243	-1.355000	-0.365093	0.661004	
244	-1.361593	-0.369812	0.666578	
245	-1.367182	-0.372885	0.671837	
246	-1.371240	-0.377547	0.676205	
247	-1.376857	-0.382612	0.680316	
248	-1.382771	-0.386501	0.684191	
249	-1.387910	-0.390417	0.687362	
250	-1.393437	-0.395134	0.690022	
251	-1.401358	-0.398062	0.693293	
252	-1.408022	-0.400801	0.696146	
253	-1.415012	-0.404576	0.698348	
254	-1.424313	-0.405831	0.701210	
255	-1.432850	-0.407049	0.703058	
256	-1.451763	-0.410391	0.705975	
257	-1.462917	-0.409663	0.707326	
258	-1.482655	-0.409912	0.708509	
259	-1.494575	-0.409597	0.709692	
260	-1.505636	-0.408531	0.710820	
261	-1.516140	-0.407170	0.711788	
262	-1.526451	-0.406636	0.712901	
263	-1.536712	-0.407276	0.714071	
264	-1.547125	-0.405501	0.715959	
265	-1.556677	-0.404796	0.717042	
266	-1.567863	-0.405190	0.718488	
267	-1.577522	-0.405409	0.720327	
268	-1.586524	-0.405881	0.721634	
269	-1.597743	-0.405986	0.723946	
270	-1.607233	-0.404845	0.726214	
271	-1.616813	-0.405050	0.728458	
272	-1.626925	-0.405882	0.731162	
273	-1.635517	-0.405864	0.733935	
274	-1.644222	-0.406666	0.736708	
275	-1.653573	-0.404343	0.740772	
276	-1.661891	-0.402458	0.745376	
277	-1.670175	-0.399931	0.750571	
278	-1.678063	-0.395553	0.756832	
279	-1.685484	-0.391386	0.763984	
280	-1.692085	-0.386867	0.771555	
281	-1.698174	-0.381546	0.779329	
282	-1.702770	-0.377301	0.787053	
283	-1.706439	-0.373339	0.795028	
284	-1.710150	-0.369636	0.803148	
285	-1.712810	-0.366475	0.810481	
286	-1.715604	-0.365489	0.818215	
287	-1.718350	-0.363254	0.827637	
288	-1.717694	-0.360436	0.835551	
289	-1.718936	-0.360433	0.843142	
290	-1.720084	-0.357929	0.852233	
291	-1.719727	-0.355845	0.860788	
292	-1.720228	-0.354692	0.869805	
293	-1.720811	-0.353219	0.878548	
294	-1.721834	-0.350841	0.888271	
295	-1.722890	-0.348608	0.897523	
296	-1.723659	-0.349094	0.906193	
297	-1.725164	-0.348814	0.915239	
298	-1.726218	-0.349583	0.923950	
299	-1.727437	-0.351011	0.931173	
300	-1.729548	-0.352333	0.938920	
301	-1.731753	-0.354059	0.946549	
302	-1.733934	-0.354319	0.954606	
303	-1.736020	-0.356507	0.961408	
304	-1.738515	-0.359108	0.968515	
305	-1.740697	-0.363611	0.974879	
306	-1.744422	-0.366235	0.981632	
307	-1.748256	-0.367733	0.988584	
308	-1.752514	-0.371236	0.994988	
309	-1.756079	-0.375063	1.000617	
310	-1.759753	-0.378595	1.006535	
311	-1.763493	-0.380318	1.012487	
312	-1.767225	-0.383822	1.017971	
313	-1.771292	-0.387043	1.023674	
314	-1.775425	-0.388811	1.029951	
315	-1.779770	-0.392284	1.035740	
316	-1.784667	-0.396594	1.040824	
317	-1.789554	-0.401246	1.045770	
318	-1.794837	-0.405367	1.051087	
319	-1.800236	-0.409346	1.056164	
320	-1.806193	-0.413707	1.061273	
321	-1.811570	-0.418757	1.065916	
322	-1.816845	-0.423609	1.070252	
323	-1.822637	-0.428633	1.074417	
324	-1.828094	-0.433337	1.078635	
325	-1.833662	-0.437367	1.082672	
326	-1.838404	-0.442817	1.085554	
327	-1.842859	-0.447840	1.088548	
328	-1.847628	-0.452843	1.091904	
329	-1.852451	-0.457612	1.095559	
330	-1.857046	-0.462406	1.100058	
331	-1.861441	-0.468722	1.104319	
332	-1.865702	-0.473060	1.108654	
333	-1.870036	-0.478918	1.114403	
334	-1.873436	-0.486278	1.118897	
335	-1.877604	-0.491066	1.124559	
336	-1.881721	-0.497114	1.130697	
337	-1.884993	-0.503230	1.134877	
338	-1.888532	-0.508831	1.140991	
339	-1.891108	-0.516152	1.146689	
340	-1.893311	-0.522626	1.151206	
341	-1.895782	-0.527771	1.157083	
342	-1.897808	-0.534099	1.164357	
343	-1.898930	-0.540120	1.168229	
344	-1.900851	-0.544984	1.174707	
345	-1.902214	-0.552368	1.182065	
346	-1.903408	-0.557518	1.187467	
347	-1.904874	-0.561001	1.194364	
348	-1.904684	-0.566123	1.200637	
349	-1.904534	-0.573218	1.204806	
350	-1.904885	-0.577412	1.210792	
351	-1.905481	-0.582924	1.218568	
352	-1.905185	-0.588372	1.223435	
353	-1.905377	-0.594117	1.230138	
354	-1.904967	-0.605333	1.242533	
355	-1.904675	-0.610610	1.249241	
356	-1.904183	-0.615775	1.255711	
357	-1.903917	-0.621665	1.262495	
358	-1.903776	-0.626916	1.269351	
359	-1.903145	-0.633969	1.277262	
360	-1.902549	-0.645300	1.292259	
361	-1.902121	-0.652119	1.300209	
362	-1.901694	-0.658512	1.307280	
363	-1.901541	-0.664872	1.315094	
364	-1.901495	-0.670260	1.322323	
365	-1.901436	-0.675110	1.329376	
366	-1.901621	-0.678938	1.337163	
367	-1.901398	-0.682111	1.342892	
368	-1.901396	-0.686125	1.348846	
369	-1.901229	-0.690232	1.355575	
370	-1.900644	-0.693702	1.361766	
371	-1.900440	-0.696400	1.366610	
372	-1.899875	-0.699263	1.372346	
373	-1.899607	-0.702106	1.376572	
374	-1.900165	-0.704626	1.380284	
375	-1.900462	-0.707061	1.384987	
376	-1.901220	-0.709260	1.389903	
377	-1.902210	-0.710763	1.393414	
378	-1.903640	-0.712474	1.398066	
379	-1.905188	-0.714052	1.403426	
380	-1.906954	-0.716037	1.408686	
381	-1.908871	-0.718134	1.413477	
382	-1.911148	-0.720926	1.419752	
383	-1.913663	-0.723835	1.424526	
384	-1.916259	-0.727510	1.429824	
385	-1.919636	-0.731237	1.435781	
386	-1.922861	-0.735751	1.440264	
387	-1.927036	-0.739696	1.446354	
388	-1.931047	-0.745077	1.451668	
389	-1.934935	-0.751335	1.456302	
390	-1.939760	-0.755383	1.461574	
391	-1.944221	-0.761789	1.466713	
392	-1.949160	-0.767147	1.471097	
393	-1.954415	-0.773327	1.477674	
394	-1.959740	-0.778708	1.482219	
395	-1.965186	-0.785429	1.487781	
396	-1.971132	-0.792108	1.495248	
397	-1.976604	-0.798388	1.500438	
398	-1.986823	-0.811985	1.511366	
399	-1.990808	-0.819532	1.516768	
400	-1.995224	-0.826514	1.521167	
401	-1.998747	-0.836071	1.528357	
402	-2.002017	-0.842307	1.532527	
403	-2.005645	-0.849788	1.538010	
404	-2.009220	-0.857845	1.546307	
405	-2.012135	-0.864211	1.553924	
406	-2.015121	-0.870570	1.559755	
407	-2.018349	-0.877586	1.568321	
408	-2.020480	-0.883386	1.576996	
409	-2.022769	-0.886280	1.582077	
410	-2.025092	-0.890894	1.588617	
411	-2.026923	-0.895645	1.597423	
412	-2.028577	-0.898109	1.604047	
413	-2.030196	-0.900471	1.609976	
414	-2.031519	-0.903678	1.617590	
415	-2.032358	-0.907488	1.626432	
416	-2.033825	-0.908428	1.632978	
417	-2.035311	-0.910319	1.640356	
418	-2.036798	-0.912031	1.649001	
419	-2.038444	-0.913403	1.655282	
420	-2.039846	-0.915774	1.663398	
421	-2.041707	-0.916375	1.670328	
422	-2.043097	-0.918000	1.677516	
423	-2.044574	-0.918802	1.683513	
424	-2.045982	-0.920215	1.690096	
425	-2.047112	-0.922109	1.697031	
426	-2.049655	-0.924285	1.707317	
427	-2.051096	-0.925624	1.712573	
428	-2.052005	-0.927735	1.718250	
429	-2.053456	-0.930118	1.723866	
430	-2.055555	-0.933621	1.728740	
431	-2.056864	-0.938208	1.736450	
432	-2.058358	-0.949459	1.747293	
433	-2.059161	-0.955357	1.752827	
434	-2.059838	-0.961021	1.757714	
435	-2.061278	-0.966458	1.760663	
436	-2.062415	-0.972300	1.765882	
437	-2.063612	-0.978950	1.771584	
438	-2.065342	-0.984548	1.775561	
439	-2.066885	-0.990844	1.781994	
440	-2.067943	-0.997138	1.786701	
441	-2.069408	-1.004021	1.791748	
442	-2.070858	-1.009582	1.797848	
443	-2.072297	-1.014958	1.802940	
444	-2.073551	-1.021399	1.808394	
445	-2.075130	-1.027107	1.813841	
446	-2.075935	-1.033862	1.820381	
447	-2.077409	-1.039907	1.824571	
448	-2.078765	-1.046704	1.829821	
449	-2.080119	-1.053170	1.836736	
450	-2.081444	-1.059361	1.840426	
451	-2.083399	-1.065917	1.847640	
452	-2.084811	-1.071468	1.853451	
453	-2.087782	-1.076817	1.857584	
454	-2.089332	-1.085021	1.866525	
455	-2.091458	-1.091143	1.872673	
456	-2.094567	-1.098456	1.879913	
457	-2.098414	-1.104728	1.888204	
458	-2.102502	-1.112007	1.896709	
459	-2.106226	-1.121686	1.907062	
460	-2.112391	-1.127004	1.915509	
461	-2.117416	-1.135128	1.925722	
462	-2.122772	-1.143291	1.937523	
463	-2.127862	-1.150377	1.948708	
464	-2.132131	-1.157680	1.959856	
465	-2.136850	-1.164874	1.971311	
466	-2.140389	-1.171760	1.982801	
467	-2.143572	-1.178434	1.992972	
468	-2.147205	-1.185368	2.002769	
469	-2.150747	-1.192788	2.012718	
470	-2.153462	-1.198513	2.023582	
471	-2.157326	-1.204985	2.032506	
472	-2.161286	-1.211452	2.043969	
473	-2.163974	-1.217462	2.054259	
474	-2.167051	-1.222886	2.064369	
475	-2.169560	-1.228459	2.073938	
476	-2.171310	-1.233988	2.083900	
477	-2.173636	-1.237918	2.092624	
478	-2.174662	-1.241170	2.101921	
479	-2.175056	-1.244110	2.110441	
480	-2.175891	-1.246959	2.117856	
481	-2.175490	-1.248711	2.126515	
482	-2.173088	-1.250360	2.136291	
483	-2.173285	-1.251625	2.142848	
484	-2.172978	-1.252709	2.150906	
485	-2.169151	-1.253803	2.161065	
486	-2.166786	-1.254107	2.168361	
487	-2.165460	-1.254414	2.174621	
488	-2.157561	-1.258061	2.194523	
489	-2.154991	-1.259410	2.201942	
490	-2.150837	-1.262232	2.212746	
491	-2.147390	-1.265226	2.219121	
492	-2.143840	-1.268983	2.226336	
493	-2.138729	-1.273499	2.235125	
494	-2.135447	-1.277597	2.241906	
495	-2.133123	-1.281378	2.248078	
496	-2.128019	-1.286508	2.258738	
497	-2.120730	-1.297078	2.271511	
498	-2.116191	-1.301764	2.279986	
499	-2.111270	-1.305537	2.288485	
500	-2.107945	-1.310936	2.292055	
501	-2.104874	-1.314449	2.297449	
502	-2.099214	-1.319610	2.304431	
503	-2.096601	-1.323312	2.307814	
504	-2.093025	-1.326452	2.313089	
505	-2.088939	-1.328814	2.320163	
506	-2.085747	-1.332865	2.324464	
507	-2.082341	-1.337497	2.327234	
508	-2.076880	-1.341991	2.332740	
509	-2.074167	-1.345059	2.335247	
510	-2.071205	-1.348034	2.338253	
511	-2.066153	-1.351219	2.343630	
512	-2.061985	-1.356404	2.345324	
513	-2.057708	-1.361757	2.347171	
514	-2.051336	-1.366131	2.353172	
515	-2.047846	-1.369521	2.356596	
516	-2.043092	-1.374057	2.361252	
517	-2.036952	-1.378968	2.367990	
518	-2.032509	-1.383722	2.373651	
519	-2.028185	-1.387765	2.381435	
520	-2.021364	-1.393048	2.391387	
521	-2.018110	-1.397394	2.399059	
522	-2.013486	-1.401539	2.408435	
523	-2.008311	-1.407166	2.418075	
524	-2.003739	-1.412201	2.427561	
525	-1.998153	-1.418588	2.436949	
526	-1.994844	-1.425765	2.444140	
527	-1.989696	-1.430733	2.453682	
528	-1.984172	-1.435824	2.463230	
529	-1.979870	-1.441592	2.471632	
530	-1.975763	-1.446797	2.479683	
531	-1.970962	-1.451060	2.488749	
532	-1.966807	-1.456148	2.496502	
533	-1.963151	-1.458987	2.505666	
534	-1.958381	-1.461894	2.513920	
535	-1.953172	-1.466045	2.521511	
536	-1.948900	-1.469726	2.528600	
537	-1.943562	-1.472548	2.535888	
538	-1.937308	-1.476997	2.541742	
539	-1.934744	-1.479637	2.547773	
540	-1.928988	-1.483063	2.553811	
541	-1.921510	-1.487780	2.559939	
542	-1.917568	-1.490971	2.565464	
543	-1.911823	-1.493747	2.571316	
544	-1.904491	-1.497201	2.577089	
545	-1.898497	-1.499891	2.582605	
546	-1.893469	-1.501712	2.587541	
547	-1.886575	-1.502996	2.593513	
548	-1.878427	-1.504974	2.597616	
549	-1.871549	-1.506444	2.601995	
550	-1.863937	-1.507794	2.605453	
551	-1.856168	-1.507951	2.610949	
552	-1.847344	-1.509264	2.613925	
553	-1.841155	-1.509489	2.617579	
554	-1.831292	-1.508505	2.622423	
555	-1.818090	-1.509570	2.627232	
556	-1.811843	-1.508859	2.630859	
557	-1.801970	-1.507734	2.636283	
558	-1.789494	-1.507255	2.641509	
559	-1.781543	-1.506304	2.645952	
560	-1.772987	-1.504493	2.650656	
561	-1.760690	-1.503632	2.655392	
562	-1.751032	-1.503465	2.659085	
563	-1.733149	-1.500750	2.666245	
564	-1.722012	-1.500987	2.669463	
565	-1.713721	-1.500643	2.671321	
566	-1.704175	-1.500023	2.673492	
567	-1.694052	-1.500187	2.675966	
568	-1.685403	-1.501043	2.676224	
569	-1.677690	-1.501633	2.677032	
570	-1.668713	-1.501884	2.679430	
571	-1.660743	-1.502815	2.680411	
572	-1.653291	-1.504723	2.679420	
573	-1.645321	-1.506426	2.679544	
574	-1.637514	-1.507931	2.680300	
575	-1.631246	-1.508833	2.680632	
576	-1.624897	-1.509594	2.681361	
577	-1.616760	-1.510679	2.683221	
578	-1.605475	-1.513773	2.683612	
579	-1.598609	-1.514313	2.685344	
580	-1.591031	-1.515420	2.686854	
581	-1.586018	-1.517039	2.686575	
582	-1.579456	-1.517405	2.688723	
583	-1.571531	-1.519506	2.690115	
584	-1.566683	-1.521199	2.691102	
585	-1.553971	-1.523369	2.695567	
586	-1.548388	-1.524403	2.698446	
587	-1.543046	-1.525273	2.700460	
588	-1.536517	-1.526193	2.703101	
589	-1.530064	-1.527478	2.704120	
590	-1.517389	-1.528661	2.709074	
591	-1.511367	-1.529477	2.711641	
592	-1.503922	-1.530717	2.714277	
593	-1.498471	-1.531331	2.717554	
594	-1.492915	-1.532639	2.720191	
595	-1.485789	-1.533635	2.722967	
596	-1.479006	-1.533985	2.726583	
597	-1.475064	-1.533998	2.729383	
598	-1.468040	-1.533706	2.732557	
599	-1.460956	-1.533354	2.735931	
600	-1.455950	-1.533118	2.737502	
601	-1.451009	-1.532886	2.738070	
602	-1.442263	-1.531686	2.742591	
603	-1.435383	-1.529659	2.746998	
604	-1.430924	-1.529582	2.746380	
605	-1.422183	-1.528458	2.749644	
606	-1.412939	-1.526995	2.752969	
607	-1.407543	-1.525963	2.754125	
608	-1.399063	-1.524328	2.757735	
609	-1.390825	-1.523510	2.758502	
610	-1.382038	-1.522384	2.761137	
611	-1.374250	-1.521325	2.763116	
612	-1.367577	-1.520131	2.763364	
613	-1.357926	-1.519293	2.763899	
614	-1.350622	-1.518144	2.763274	
615	-1.343611	-1.516811	2.762246	
616	-1.335116	-1.515282	2.761600	
617	-1.327270	-1.514098	2.760934	
618	-1.320796	-1.513385	2.758813	
619	-1.311509	-1.513470	2.756613	
620	-1.304622	-1.513490	2.755184	
621	-1.299137	-1.513458	2.752933	
622	-1.291162	-1.513491	2.751648	
623	-1.283990	-1.513793	2.749864	
624	-1.278922	-1.514518	2.745830	
625	-1.271274	-1.514775	2.744339	
626	-1.263993	-1.515161	2.742484	
627	-1.251046	-1.515677	2.738654	
628	-1.243188	-1.516554	2.736522	
629	-1.237786	-1.517747	2.733660	
630	-1.230361	-1.518859	2.732334	
631	-1.224112	-1.519890	2.730793	
632	-1.217760	-1.521501	2.728446	
633	-1.211020	-1.523137	2.726241	
634	-1.205333	-1.524196	2.724188	
635	-1.199782	-1.525141	2.722727	
636	-1.194656	-1.525590	2.721591	
637	-1.185432	-1.525646	2.717183	
638	-1.181375	-1.525480	2.714777	
639	-1.176444	-1.524289	2.713481	
640	-1.169822	-1.523627	2.711136	
641	-1.163234	-1.523068	2.709297	
642	-1.160874	-1.522028	2.707113	
643	-1.157266	-1.520469	2.705897	
644	-1.150520	-1.519687	2.704194	
645	-1.147613	-1.518090	2.703244	
646	-1.144660	-1.516188	2.702312	
647	-1.138125	-1.514397	2.701394	
648	-1.132100	-1.512745	2.699843	
649	-1.128335	-1.510882	2.698178	
650	-1.123452	-1.508612	2.696631	
651	-1.117710	-1.506038	2.694667	
652	-1.112210	-1.502764	2.693408	
653	-1.107717	-1.499263	2.691657	
654	-1.101014	-1.495788	2.689994	
655	-1.094780	-1.492021	2.688194	
656	-1.089683	-1.487871	2.686345	
657	-1.080857	-1.484298	2.684026	
658	-1.078061	-1.479574	2.682590	
659	-1.073484	-1.474825	2.681396	
660	-1.063754	-1.472055	2.678578	
661	-1.058877	-1.468116	2.677102	
662	-1.055302	-1.463983	2.675239	
663	-1.049135	-1.460192	2.672340	
664	-1.044433	-1.456108	2.669369	
665	-1.040396	-1.451792	2.666378	
666	-1.036836	-1.447118	2.662697	
667	-1.033978	-1.442100	2.659191	
668	-1.027726	-1.437950	2.654155	
669	-1.021881	-1.433262	2.649688	
670	-1.018201	-1.427233	2.646645	
671	-1.010830	-1.422598	2.641264	
672	-1.002153	-1.417239	2.636343	
673	-0.988971	-1.408105	2.624823	
674	-0.976307	-1.404047	2.618697	
675	-0.965735	-1.397028	2.607457	
676	-0.960309	-1.395696	2.600274	
677	-0.959175	-1.391101	2.596988	
678	-0.956141	-1.386428	2.593711	
679	-0.948491	-1.383579	2.587973	
680	-0.942155	-1.379781	2.583744	
681	-0.939301	-1.374567	2.581564	
682	-0.933169	-1.371531	2.577955	
683	-0.927240	-1.368162	2.575150	
684	-0.918408	-1.360134	2.571918	
685	-0.913154	-1.357492	2.569442	
686	-0.911834	-1.351527	2.570246	
687	-0.908165	-1.347356	2.569499	
688	-0.901536	-1.345242	2.567603	
689	-0.899753	-1.338541	2.570120	
690	-0.896725	-1.333723	2.570527	
691	-0.892037	-1.330161	2.570086	
692	-0.889234	-1.324984	2.571588	
693	-0.888517	-1.319226	2.573884	
694	-0.884256	-1.316727	2.573612	
695	-0.881812	-1.312556	2.575349	
696	-0.880730	-1.308132	2.577041	
697	-0.875175	-1.307460	2.575765	
698	-0.874090	-1.303071	2.578404	
699	-0.872869	-1.300018	2.580036	
700	-0.868003	-1.299766	2.579653	
701	-0.867338	-1.296142	2.582443	
702	-0.865364	-1.293770	2.583816	
703	-0.861646	-1.292337	2.585156	
704	-0.860223	-1.289267	2.588215	
705	-0.857460	-1.287122	2.590394	
706	-0.855015	-1.284690	2.593174	
707	-0.852442	-1.281922	2.596136	
708	-0.850537	-1.279280	2.599073	
709	-0.846911	-1.277624	2.601034	
710	-0.844894	-1.274710	2.603994	
711	-0.842793	-1.271964	2.606872	
712	-0.834463	-1.265236	2.615472	
713	-0.828956	-1.265323	2.615614	
714	-0.822938	-1.265564	2.616836	
715	-0.821751	-1.262818	2.620824	
716	-0.815718	-1.263835	2.621820	
717	-0.812191	-1.263227	2.624588	
718	-0.810515	-1.260874	2.628265	
719	-0.805830	-1.261090	2.630139	
720	-0.802299	-1.260347	2.632832	
721	-0.799871	-1.258534	2.636203	
722	-0.794475	-1.259606	2.636874	
723	-0.789423	-1.260198	2.639003	
724	-0.787154	-1.258988	2.642395	
725	-0.784037	-1.258861	2.644585	
726	-0.777692	-1.261373	2.645052	
727	-0.775529	-1.259750	2.649573	
728	-0.772528	-1.259135	2.652447	
729	-0.766821	-1.261170	2.653370	
730	-0.763215	-1.260701	2.657976	
731	-0.760695	-1.260177	2.660611	
732	-0.755115	-1.261982	2.661739	
733	-0.752544	-1.261290	2.665970	
734	-0.748873	-1.261753	2.668396	
735	-0.744029	-1.263691	2.669621	
736	-0.741862	-1.262972	2.673289	
737	-0.738193	-1.263783	2.675265	
738	-0.734213	-1.265288	2.677384	
739	-0.731678	-1.266054	2.680305	
740	-0.727067	-1.269569	2.680215	
741	-0.725046	-1.271108	2.683061	
742	-0.723505	-1.272006	2.686277	
743	-0.722317	-1.273193	2.688315	
744	-0.722050	-1.273118	2.692046	
745	-0.719827	-1.274479	2.694255	
746	-0.718383	-1.275591	2.697554	
747	-0.717139	-1.276504	2.700642	
748	-0.714929	-1.277613	2.703203	
749	-0.712589	-1.278999	2.705860	
750	-0.712746	-1.278284	2.710161	
751	-0.709806	-1.280154	2.712657	
752	-0.707545	-1.281713	2.716891	
753	-0.706549	-1.282557	2.722118	
754	-0.704184	-1.284794	2.725992	
755	-0.701056	-1.288130	2.729321	
756	-0.699544	-1.290482	2.734552	
757	-0.697645	-1.293554	2.739058	
758	-0.693617	-1.298748	2.742934	
759	-0.693048	-1.301374	2.749571	
760	-0.690044	-1.305758	2.754139	
761	-0.687520	-1.309721	2.760025	
762	-0.685787	-1.313223	2.766915	
763	-0.684114	-1.316582	2.772487	
764	-0.681581	-1.320341	2.777919	
765	-0.678842	-1.324431	2.783566	
766	-0.675849	-1.328887	2.789310	
767	-0.674029	-1.332094	2.796229	
768	-0.670495	-1.336963	2.800599	
769	-0.668348	-1.340298	2.806885	
770	-0.668041	-1.341866	2.813723	
771	-0.663535	-1.346627	2.817460	
772	-0.660919	-1.349543	2.823268	
773	-0.658618	-1.351861	2.828432	
774	-0.654044	-1.355739	2.830438	
775	-0.652730	-1.356362	2.836771	
776	-0.651118	-1.356812	2.841794	
777	-0.646003	-1.359059	2.844703	
778	-0.642264	-1.359971	2.848837	
779	-0.638300	-1.360603	2.852942	
780	-0.632451	-1.363502	2.853308	
781	-0.627824	-1.365247	2.855195	
782	-0.623534	-1.366922	2.856475	
783	-0.617692	-1.369443	2.856036	
784	-0.611368	-1.372230	2.856969	
785	-0.606437	-1.373968	2.858708	
786	-0.599178	-1.376138	2.859455	
787	-0.593734	-1.377811	2.860712	
788	-0.581831	-1.381200	2.864705	
789	-0.574281	-1.383337	2.867053	
790	-0.567647	-1.385500	2.869759	
791	-0.559871	-1.388072	2.870823	
792	-0.552092	-1.390387	2.871904	
793	-0.543101	-1.393975	2.872433	
794	-0.536015	-1.396063	2.874808	
795	-0.527357	-1.398626	2.875598	
796	-0.517787	-1.401921	2.875689	
797	-0.510712	-1.403176	2.878515	
798	-0.502926	-1.404977	2.880073	
799	-0.493593	-1.408076	2.880599	
800	-0.486483	-1.409548	2.883368	
801	-0.469627	-1.415106	2.883110	
802	-0.457172	-1.417763	2.885152	
803	-0.444885	-1.420695	2.885773	
804	-0.439213	-1.421816	2.886191	
805	-0.432530	-1.423545	2.885348	
806	-0.428505	-1.422925	2.886968	
807	-0.421964	-1.423517	2.886482	
808	-0.415009	-1.424508	2.885779	
809	-0.408584	-1.423895	2.886694	
810	-0.400957	-1.424971	2.885736	
811	-0.392719	-1.426616	2.884570	
812	-0.385650	-1.425962	2.885683	
813	-0.379290	-1.426853	2.885779	
814	-0.371167	-1.428328	2.884697	
815	-0.365079	-1.427720	2.885902	
816	-0.358224	-1.428557	2.885684	
817	-0.350313	-1.429513	2.883941	
818	-0.345254	-1.428477	2.884326	
819	-0.338520	-1.429487	2.881780	
820	-0.332673	-1.430245	2.879858	
821	-0.326938	-1.429807	2.878822	
822	-0.321141	-1.429636	2.877169	
823	-0.315229	-1.429025	2.875664	
824	-0.309366	-1.427490	2.874574	
825	-0.303476	-1.427127	2.872510	
826	-0.297843	-1.425175	2.871106	
827	-0.293206	-1.422525	2.869911	
828	-0.288345	-1.420388	2.867781	
829	-0.276247	-1.414337	2.863932	
830	-0.270371	-1.411436	2.860873	
831	-0.265032	-1.408390	2.857120	
832	-0.259068	-1.403948	2.853806	
833	-0.253207	-1.399783	2.849702	
834	-0.245767	-1.396214	2.844334	
835	-0.238407	-1.391441	2.839714	
836	-0.230124	-1.386335	2.835154	
837	-0.221617	-1.383233	2.828591	
838	-0.212093	-1.379540	2.822384	
839	-0.203784	-1.375199	2.816456	
840	-0.194707	-1.371700	2.809886	
841	-0.177116	-1.365010	2.795723	
842	-0.169611	-1.361686	2.789005	
843	-0.162182	-1.358882	2.781441	
844	-0.154080	-1.355141	2.775043	
845	-0.148205	-1.352960	2.767913	
846	-0.140134	-1.349910	2.761759	
847	-0.132925	-1.347016	2.754989	
848	-0.127832	-1.345435	2.748627	
849	-0.119956	-1.342171	2.743089	
850	-0.114055	-1.343028	2.733860	
851	-0.106339	-1.342665	2.726863	
852	-0.097725	-1.339231	2.722718	
853	-0.094555	-1.340431	2.714789	
854	-0.088204	-1.341735	2.707513	
855	-0.081100	-1.341139	2.701265	
856	-0.076583	-1.340779	2.694470	
857	-0.071348	-1.340076	2.687540	
858	-0.066339	-1.339232	2.680089	
859	-0.060056	-1.337898	2.673170	
860	-0.053488	-1.336026	2.667294	
861	-0.048344	-1.335970	2.659844	
862	-0.041533	-1.335779	2.653836	
863	-0.034468	-1.336606	2.646729	
864	-0.027190	-1.337802	2.640557	
865	-0.019956	-1.338706	2.635250	
866	-0.013509	-1.340775	2.628717	
867	-0.005534	-1.342657	2.622932	
868	0.001584	-1.344396	2.617704	
869	0.007258	-1.346819	2.611017	
870	0.012937	-1.349587	2.604013	
871	0.020716	-1.351384	2.598338	
872	0.026608	-1.353678	2.591829	
873	0.032937	-1.355857	2.584681	
874	0.037833	-1.358407	2.576810	
875	0.050112	-1.360620	2.563220	
876	0.052873	-1.362614	2.554189	
877	0.057647	-1.363627	2.546652	
878	0.060505	-1.365060	2.537427	
879	0.068682	-1.364943	2.522468	
880	0.070114	-1.364516	2.513719	
881	0.072410	-1.364154	2.505253	
882	0.076926	-1.362339	2.498971	
883	0.078859	-1.361330	2.491416	
884	0.080148	-1.361203	2.482735	
885	0.080667	-1.359841	2.474264	
886	0.084095	-1.358632	2.464907	
887	0.085532	-1.357531	2.456086	
888	0.088654	-1.355774	2.446909	
889	0.090792	-1.354074	2.438812	
890	0.093761	-1.352850	2.429573	
891	0.095978	-1.352651	2.419619	
892	0.099550	-1.351692	2.410560	
893	0.101732	-1.350894	2.400558	
894	0.103774	-1.350883	2.388786	
895	0.107256	-1.351185	2.378294	
896	0.110733	-1.352024	2.369083	
897	0.114240	-1.353210	2.361806	
898	0.119066	-1.353636	2.354873	
899	0.122846	-1.353295	2.347794	
900	0.125982	-1.352646	2.339957	
901	0.128400	-1.351676	2.333189	
902	0.132483	-1.349878	2.326731	
903	0.134746	-1.348105	2.320011	
904	0.137692	-1.346522	2.313437	
905	0.140657	-1.344451	2.307563	
906	0.143225	-1.342381	2.301432	
907	0.146465	-1.340983	2.294771	
908	0.150679	-1.338789	2.289121	
909	0.155814	-1.336964	2.283017	
910	0.160571	-1.335908	2.278071	
911	0.166575	-1.334026	2.274931	
912	0.172223	-1.332877	2.271767	
913	0.176586	-1.332546	2.268534	
914	0.182236	-1.330746	2.265112	
915	0.187407	-1.328686	2.261242	
916	0.192557	-1.326886	2.257951	
917	0.194666	-1.324506	2.256250	
918	0.198039	-1.322413	2.253453	
919	0.202287	-1.321066	2.250633	
920	0.205248	-1.318821	2.249343	
921	0.208517	-1.317247	2.247526	
922	0.212722	-1.316259	2.245626	
923	0.216466	-1.314640	2.244309	
924	0.220484	-1.313561	2.242769	
925	0.224428	-1.312796	2.242014	
926	0.228119	-1.311495	2.242386	
927	0.233644	-1.311184	2.241595	
928	0.238233	-1.311181	2.241969	
929	0.240273	-1.310309	2.243708	
930	0.245600	-1.310344	2.244239	
931	0.249641	-1.310986	2.246009	
932	0.252240	-1.311033	2.249469	
933	0.255721	-1.311780	2.251109	
934	0.258503	-1.312418	2.253587	
935	0.260992	-1.312790	2.256238	
936	0.264057	-1.313496	2.257279	
937	0.266751	-1.314393	2.259368	
938	0.268870	-1.314629	2.263570	
939	0.270381	-1.315154	2.267424	
940	0.272833	-1.315665	2.271152	
941	0.275629	-1.316007	2.273935	
942	0.279263	-1.316520	2.277036	
943	0.281682	-1.317046	2.280401	
944	0.283406	-1.316914	2.285259	
945	0.286113	-1.317137	2.288481	
946	0.289870	-1.317414	2.291352	
947	0.292313	-1.317571	2.295438	
948	0.295613	-1.318652	2.297568	
949	0.298370	-1.319144	2.300798	
950	0.305491	-1.320602	2.304208	
951	0.307210	-1.321107	2.307769	
952	0.308830	-1.321093	2.309309	
953	0.311195	-1.320941	2.313101	
954	0.312215	-1.319540	2.316385	
955	0.314805	-1.318496	2.319081	
956	0.317339	-1.317634	2.321275	
957	0.319276	-1.316029	2.326437	
958	0.319973	-1.314089	2.331500	
959	0.320107	-1.311970	2.335740	
960	0.323082	-1.311358	2.339736	
961	0.324776	-1.310900	2.345197	
962	0.325519	-1.309354	2.350503	
963	0.329443	-1.309734	2.351940	
964	0.331343	-1.309596	2.357918	
965	0.331661	-1.308923	2.363471	
966	0.336999	-1.309874	2.365880	
967	0.338774	-1.309809	2.371615	
968	0.342408	-1.310308	2.377043	
969	0.348738	-1.312827	2.380224	
970	0.351849	-1.313827	2.386048	
971	0.353546	-1.314179	2.392483	
972	0.358279	-1.316721	2.396842	
973	0.360888	-1.317724	2.405820	
974	0.361437	-1.317038	2.413486	
975	0.364565	-1.319007	2.418397	
976	0.366130	-1.319213	2.427967	
977	0.369410	-1.320798	2.432903	
978	0.373710	-1.323911	2.440773	
979	0.372319	-1.322237	2.448426	
980	0.374077	-1.322780	2.449946	
981	0.378436	-1.323959	2.455427	
982	0.379118	-1.323285	2.463432	
983	0.381258	-1.324415	2.466354	
984	0.383491	-1.324828	2.471489	
985	0.383550	-1.324368	2.477515	
986	0.384475	-1.324946	2.480591	
987	0.386909	-1.325501	2.486216	
988	0.388875	-1.326225	2.490281	
989	0.390461	-1.327531	2.492670	
990	0.392975	-1.327531	2.499489	
991	0.393712	-1.327305	2.503864	
992	0.394641	-1.328076	2.507301	
993	0.396037	-1.326459	2.513850	
994	0.397781	-1.326010	2.517269	
995	0.400639	-1.326667	2.520193	
996	0.402537	-1.324645	2.525575	
997	0.401170	-1.320938	2.532873	
998	0.402792	-1.320095	2.535501	
999	0.405032	-1.318144	2.541575	
1000	0.407843	-1.316062	2.553758	
1001	0.409024	-1.313306	2.564038	
1002	0.410006	-1.312561	2.572185	
1003	0.410672	-1.313385	2.577711	
1004	0.410553	-1.311860	2.584905	
1005	0.410176	-1.311670	2.590134	
1006	0.409960	-1.310238	2.595375	
1007	0.410239	-1.309892	2.599132	
1008	0.410670	-1.310021	2.602967	
1009	0.410467	-1.309427	2.605317	
1010	0.411012	-1.310390	2.607751	
1011	0.412665	-1.311275	2.611074	
1012	0.412374	-1.310191	2.613646	
1013	0.412817	-1.309880	2.617452	
1014	0.413955	-1.310301	2.617820	
1015	0.416630	-1.313041	2.622347	
1016	0.415814	-1.312087	2.626338	
1017	0.417460	-1.312507	2.628186	
1018	0.419677	-1.313694	2.630086	
1019	0.421857	-1.312205	2.632640	
1020	0.424112	-1.312415	2.632108	
1021	0.422677	-1.308954	2.633623	
1022	0.425126	-1.308450	2.632798	
1023	0.425714	-1.302749	2.631429	
1024	0.428445	-1.296512	2.627563	
1025	0.427825	-1.291049	2.625913	
1026	0.428471	-1.287604	2.625547	
1027	0.431609	-1.285401	2.623461	
1028	0.432501	-1.281461	2.623244	
1029	0.434237	-1.278021	2.623775	
1030	0.436861	-1.274884	2.623535	
1031	0.436778	-1.269224	2.623793	
1032	0.438920	-1.265615	2.623991	
1033	0.442533	-1.264088	2.624886	
1034	0.442820	-1.259267	2.625559	
1035	0.445446	-1.255801	2.624550	
1036	0.449201	-1.254675	2.625429	
1037	0.450961	-1.251140	2.625207	
1038	0.452126	-1.247481	2.625675	
1039	0.455806	-1.245743	2.624780	
1040	0.457997	-1.243607	2.624371	
1041	0.459759	-1.240777	2.623095	
1042	0.461400	-1.238035	2.621287	
1043	0.464112	-1.236552	2.618753	
1044	0.465477	-1.233977	2.616213	
1045	0.467010	-1.232367	2.615113	
1046	0.468925	-1.231086	2.614213	
1047	0.470256	-1.227583	2.613832	
1048	0.472522	-1.226747	2.612991	
1049	0.473558	-1.225194	2.612216	
1050	0.474182	-1.224550	2.613085	
1051	0.475051	-1.223710	2.613545	
1052	0.475842	-1.222202	2.613339	
1053	0.475957	-1.221526	2.615007	
1054	0.476948	-1.219462	2.614027	
1055	0.477589	-1.217582	2.614071	
1056	0.477270	-1.217213	2.617277	
1057	0.477385	-1.215327	2.618525	
1058	0.476977	-1.215544	2.623119	
1059	0.476991	-1.212648	2.623279	
1060	0.478123	-1.211267	2.624021	
1061	0.477816	-1.213043	2.629496	
1062	0.475860	-1.211616	2.632928	
1063	0.476599	-1.211956	2.635524	
1064	0.477301	-1.210278	2.635823	
1065	0.476498	-1.206677	2.635301	
1066	0.478855	-1.208033	2.637395	
1067	0.479475	-1.206777	2.638243	
1068	0.478376	-1.204251	2.639941	
1069	0.480070	-1.205095	2.642743	
1070	0.480099	-1.207217	2.648757	
1071	0.477210	-1.204857	2.653498	
1072	0.477024	-1.203404	2.656269	
1073	0.475964	-1.205108	2.663976	
1074	0.473165	-1.201699	2.667838	
1075	0.473460	-1.199450	2.669567	
1076	0.472978	-1.196941	2.671675	
1077	0.471017	-1.195283	2.676743	
1078	0.470050	-1.194318	2.681301	
1079	0.469293	-1.193790	2.685693	
1080	0.468811	-1.194044	2.690398	
1081	0.466463	-1.191929	2.694682	
1082	0.467997	-1.192294	2.697110	
1083	0.468392	-1.192072	2.699903	
1084	0.465613	-1.189785	2.704028	
1085	0.468637	-1.191531	2.704421	
1086	0.468580	-1.191076	2.705467	
1087	0.466203	-1.187418	2.705532	
1088	0.467826	-1.188526	2.704929	
1089	0.465130	-1.185042	2.703791	
1090	0.461852	-1.184854	2.707057	
1091	0.462843	-1.186689	2.705627	
1092	0.459641	-1.186753	2.707745	
1093	0.456736	-1.186779	2.708921	
1094	0.456878	-1.189041	2.706959	
1095	0.452239	-1.189290	2.710495	
1096	0.451394	-1.190515	2.708804	
1097	0.449939	-1.192332	2.708517	
1098	0.445520	-1.191161	2.709728	
1099	0.445102	-1.194740	2.709961	
1100	0.441645	-1.196406	2.712155	
1101	0.435433	-1.199961	2.715746	
1102	0.431510	-1.201112	2.718296	
1103	0.428116	-1.203301	2.722247	
1104	0.424319	-1.207042	2.729127	
1105	0.419719	-1.207811	2.732605	
1106	0.415915	-1.210551	2.737892	
1107	0.412493	-1.211633	2.739707	
1108	0.408001	-1.213805	2.745567	
1109	0.404040	-1.216105	2.750221	
1110	0.399845	-1.217429	2.753104	
1111	0.395780	-1.220363	2.757826	
1112	0.391346	-1.223099	2.761818	
1113	0.387201	-1.226757	2.766325	
1114	0.382078	-1.227752	2.767639	
1115	0.377788	-1.231984	2.772992	
1116	0.366157	-1.237287	2.781997	
1117	0.361010	-1.240206	2.784757	
1118	0.355701	-1.244100	2.789811	
1119	0.348955	-1.245447	2.792892	
1120	0.343429	-1.247187	2.794019	
1121	0.337558	-1.251407	2.802136	
1122	0.331340	-1.252292	2.803950	
1123	0.327593	-1.258408	2.811102	
1124	0.321853	-1.262160	2.819714	
1125	0.315058	-1.259755	2.817534	
1126	0.310908	-1.262503	2.821172	
1127	0.305677	-1.262969	2.824375	
1128	0.301783	-1.264933	2.827724	
1129	0.298221	-1.266977	2.830327	
1130	0.293978	-1.266995	2.831938	
1131	0.292177	-1.270910	2.835927	
1132	0.289342	-1.272287	2.838322	
1133	0.286783	-1.273144	2.838611	
1134	0.285957	-1.275433	2.838273	
1135	0.284833	-1.277913	2.840187	
1136	0.283482	-1.279012	2.839615	
1137	0.282466	-1.280567	2.840158	
1138	0.282387	-1.283207	2.840851	
1139	0.280735	-1.283106	2.841311	
1140	0.279964	-1.283418	2.840072	
1141	0.279820	-1.285419	2.841594	
1142	0.277726	-1.284259	2.841346	
1143	0.276884	-1.285409	2.843103	
1144	0.275410	-1.285412	2.842703	
1145	0.273318	-1.284901	2.844212	
1146	0.271687	-1.285054	2.846228	
1147	0.270063	-1.286270	2.851242	
1148	0.266916	-1.284915	2.852495	
1149	0.265312	-1.286476	2.856596	
1150	0.264435	-1.289159	2.861007	
1151	0.260763	-1.289231	2.866119	
1152	0.259975	-1.293293	2.871426	
1153	0.257905	-1.295532	2.874937	
1154	0.254527	-1.297154	2.879216	
1155	0.252735	-1.300346	2.882012	
1156	0.250275	-1.303033	2.885013	
1157	0.247800	-1.306028	2.887835	
1158	0.245759	-1.309566	2.890894	
1159	0.243390	-1.312610	2.894302	
1160	0.241337	-1.315819	2.896337	
1161	0.238856	-1.319369	2.899337	
1162	0.236265	-1.322378	2.902200	
1163	0.234870	-1.326955	2.903769	
1164	0.231765	-1.329329	2.907339	
1165	0.229543	-1.332538	2.907833	
1166	0.228038	-1.336607	2.910921	
1167	0.225555	-1.339084	2.913301	
1168	0.224376	-1.343065	2.915187	
1169	0.222883	-1.346477	2.918449	
1170	0.220908	-1.348880	2.921475	
1171	0.219839	-1.352294	2.924257	
1172	0.218593	-1.355420	2.927999	
1173	0.216433	-1.357538	2.930553	
1174	0.214013	-1.359731	2.932960	
1175	0.213094	-1.363385	2.935121	
1176	0.210152	-1.364646	2.940556	
1177	0.207641	-1.366371	2.942371	
1178	0.205896	-1.368772	2.947229	
1179	0.202755	-1.370004	2.951396	
1180	0.200428	-1.372050	2.955313	
1181	0.198375	-1.375098	2.959797	
1182	0.195873	-1.377798	2.964125	
1183	0.193155	-1.381104	2.969339	
1184	0.190428	-1.384799	2.974208	
1185	0.186597	-1.388239	2.978324	
1186	0.182696	-1.391925	2.982453	
1187	0.178984	-1.396750	2.987730	
1188	0.174177	-1.400527	2.993796	
1189	0.170342	-1.405062	2.998284	
1190	0.166496	-1.410107	3.002995	
1191	0.160832	-1.413663	3.008892	
1192	0.156193	-1.418221	3.013441	
1193	0.150445	-1.422958	3.019063	
1194	0.143760	-1.427121	3.025631	
1195	0.138887	-1.432922	3.031255	
1196	0.133691	-1.438322	3.037526	
1197	0.128607	-1.443078	3.043845	
1198	0.124184	-1.448169	3.050918	
1199	0.119534	-1.453171	3.057415	
1200	0.114999	-1.458302	3.063544	
1201	0.110449	-1.463350	3.069780	
1202	0.102983	-1.474406	3.085772	
1203	0.099258	-1.479664	3.092763	
1204	0.095823	-1.484683	3.100308	
1205	0.092793	-1.489829	3.107309	
1206	0.090782	-1.495361	3.115849	
1207	0.088173	-1.499743	3.124527	
1208	0.086803	-1.504735	3.132148	
1209	0.085065	-1.509471	3.140783	
1210	0.083288	-1.514355	3.149212	
1211	0.081304	-1.518773	3.154569	
1212	0.079211	-1.522820	3.162024	
1213	0.076234	-1.530282	3.173759	
1214	0.076160	-1.534412	3.180539	
1215	0.076255	-1.538249	3.184875	
1216	0.077397	-1.542589	3.190764	
1217	0.078906	-1.546445	3.196524	
1218	0.080939	-1.550031	3.203146	
1219	0.083906	-1.553671	3.208303	
1220	0.087138	-1.557213	3.214054	
1221	0.091363	-1.560701	3.220593	
1222	0.095672	-1.563532	3.226351	
1223	0.100929	-1.566752	3.232151	
1224	0.106599	-1.569120	3.239788	
1225	0.113014	-1.571534	3.246327	
1226	0.120324	-1.573970	3.253410	
1227	0.127432	-1.575928	3.261584	
1228	0.135391	-1.578026	3.269074	
1229	0.144333	-1.581390	3.275927	
1230	0.152680	-1.583921	3.285347	
1231	0.161042	-1.586865	3.292048	
1232	0.170127	-1.590641	3.299670	
1233	0.178334	-1.593901	3.306714	
1234	0.186436	-1.597768	3.312636	
1235	0.194916	-1.601681	3.319093	
1236	0.202558	-1.604767	3.324314	
1237	0.210545	-1.608392	3.328981	
1238	0.218282	-1.611431	3.334149	
1239	0.226050	-1.614706	3.340215	
1240	0.233023	-1.618801	3.345723	
1241	0.239138	-1.623110	3.350727	
1242	0.245860	-1.627401	3.357115	
1243	0.251253	-1.631410	3.361299	
1244	0.256992	-1.635109	3.366339	
1245	0.262119	-1.638760	3.371773	
1246	0.267659	-1.643346	3.375832	
1247	0.273734	-1.647358	3.382470	
1248	0.278906	-1.651790	3.387451	
1249	0.285063	-1.657333	3.392391	
1250	0.296538	-1.665229	3.400660	
1251	0.302516	-1.670227	3.405892	
1252	0.308938	-1.675625	3.411471	
1253	0.316280	-1.680981	3.417605	
1254	0.330310	-1.692622	3.430607	
1255	0.337440	-1.698496	3.437512	
1256	0.343648	-1.703934	3.443972	
1257	0.350643	-1.708901	3.450599	
1258	0.356882	-1.713196	3.457662	
1259	0.363263	-1.716643	3.464904	
1260	0.369757	-1.721479	3.469519	
1261	0.376812	-1.725828	3.474983	
1262	0.383115	-1.730040	3.480446	
1263	0.389730	-1.733799	3.484997	
1264	0.395941	-1.737032	3.489191	
1265	0.402924	-1.739580	3.494021	
1266	0.410597	-1.742088	3.498521	
1267	0.419667	-1.745367	3.501908	
1268	0.428853	-1.747797	3.506305	
1269	0.437644	-1.750177	3.509973	
1270	0.447425	-1.752517	3.513632	
1271	0.457437	-1.754269	3.517148	
1272	0.467550	-1.755819	3.520830	
1273	0.479650	-1.757848	3.523444	
1274	0.491103	-1.759292	3.526413	
1275	0.502558	-1.759840	3.529745	
1276	0.514816	-1.761842	3.531238	
1277	0.527495	-1.762485	3.534266	
1278	0.540077	-1.763228	3.536584	
1279	0.552209	-1.763021	3.539584	
1280	0.565044	-1.763475	3.541586	
1281	0.576961	-1.763893	3.543474	
1282	0.588987	-1.764097	3.545277	
1283	0.600434	-1.764897	3.545965	
1284	0.612883	-1.766458	3.546643	
1285	0.625531	-1.767458	3.548430	
1286	0.639115	-1.768720	3.550147	
1287	0.651465	-1.770145	3.551283	
1288	0.663207	-1.771425	3.552214	
1289	0.675833	-1.772092	3.553812	
1290	0.689750	-1.773530	3.554156	
1291	0.702173	-1.773818	3.555412	
1292	0.713802	-1.774725	3.555434	
1293	0.726672	-1.775773	3.556046	
1294	0.738777	-1.777099	3.556294	
1295	0.750608	-1.778073	3.557238	
1296	0.763565	-1.779631	3.557001	
1297	0.774706	-1.779769	3.558223	
1298	0.785714	-1.779862	3.559389	
1299	0.799097	-1.781770	3.559436	
1300	0.811242	-1.782697	3.560892	
1301	0.823523	-1.783891	3.562500	
1302	0.836854	-1.786051	3.563778	
1303	0.848549	-1.786599	3.567215	
1304	0.860542	-1.788565	3.569485	
1305	0.875029	-1.789353	3.573572	
1306	0.886424	-1.791077	3.576790	
1307	0.898991	-1.793454	3.580840	
1308	0.910486	-1.796014	3.585099	
1309	0.920985	-1.797952	3.590932	
1310	0.933233	-1.800786	3.596048	
1311	0.946419	-1.802800	3.602245	
1312	0.957099	-1.804728	3.608693	
1313	0.968880	-1.808815	3.612870	
1314	0.980575	-1.811544	3.618126	
1315	0.989547	-1.813622	3.623422	
1316	0.998752	-1.817092	3.627162	
1317	1.007286	-1.819405	3.631588	
1318	1.023938	-1.822204	3.641593	
1319	1.032269	-1.824502	3.645010	
1320	1.041744	-1.825424	3.649515	
1321	1.049839	-1.826697	3.653126	
1322	1.060303	-1.828652	3.655231	
1323	1.075299	-1.828098	3.658673	
1324	1.083869	-1.829384	3.660851	
1325	1.094546	-1.831173	3.662043	
1326	1.105194	-1.830909	3.664965	
1327	1.115427	-1.832043	3.665750	
1328	1.126258	-1.833796	3.665571	
1329	1.137021	-1.832771	3.666692	
1330	1.148518	-1.833377	3.666203	
1331	1.159765	-1.833102	3.665347	
1332	1.170964	-1.832538	3.664218	
1333	1.184383	-1.831156	3.663047	
1334	1.209095	-1.828873	3.658441	
1335	1.222230	-1.825663	3.658390	
1336	1.233457	-1.822222	3.658272	
1337	1.263809	-1.817262	3.655564	
1338	1.290460	-1.813224	3.650874	
1339	1.305562	-1.809188	3.648806	
1340	1.315504	-1.806266	3.647000	
1341	1.328480	-1.804520	3.642477	
1342	1.340450	-1.802523	3.638632	
1343	1.352740	-1.801600	3.633994	
1344	1.363258	-1.801692	3.628800	
1345	1.379442	-1.797954	3.624721	
1346	1.382837	-1.798570	3.621022	
1347	1.398868	-1.795681	3.616080	
1348	1.403827	-1.794721	3.613083	
1349	1.409709	-1.794800	3.608064	
1350	1.419918	-1.793249	3.603505	
1351	1.428744	-1.790456	3.600095	
1352	1.435320	-1.791412	3.594590	
1353	1.445020	-1.789645	3.589853	
1354	1.454601	-1.787232	3.585903	
1355	1.462777	-1.786776	3.580176	
1356	1.473952	-1.784199	3.575558	
1357	1.482949	-1.781932	3.571558	
1358	1.494393	-1.780702	3.565314	
1359	1.506762	-1.777281	3.561336	
1360	1.517046	-1.775155	3.557781	
1361	1.529222	-1.773215	3.553961	
1362	1.542514	-1.771080	3.549411	
1363	1.552818	-1.767370	3.548602	
1364	1.564312	-1.765762	3.545319	
1365	1.578297	-1.763468	3.541755	
1366	1.589523	-1.760442	3.539688	
1367	1.600690	-1.759528	3.535295	
1368	1.613353	-1.756241	3.531913	
1369	1.621646	-1.754412	3.529294	
1370	1.632874	-1.752018	3.525225	
1371	1.643518	-1.748238	3.523137	
1372	1.652586	-1.746102	3.520449	
1373	1.662354	-1.743586	3.517258	
1374	1.671463	-1.740221	3.513965	
1375	1.679357	-1.737971	3.510356	
1376	1.687402	-1.735533	3.506261	
1377	1.696331	-1.732960	3.501000	
1378	1.704506	-1.730049	3.496164	
1379	1.711919	-1.727677	3.490665	
1380	1.721019	-1.724216	3.484370	
1381	1.730865	-1.718302	3.479283	
1382	1.735829	-1.715289	3.474543	
1383	1.743374	-1.711286	3.468023	
1384	1.752711	-1.704710	3.461349	
1385	1.758394	-1.700834	3.454307	
1386	1.765591	-1.695962	3.446715	
1387	1.773566	-1.690422	3.437468	
1388	1.780361	-1.685727	3.428103	
1389	1.787284	-1.680959	3.418277	
1390	1.793219	-1.675065	3.411910	
1391	1.802204	-1.669806	3.401842	
1392	1.812366	-1.664692	3.391203	
1393	1.818899	-1.659093	3.384465	
1394	1.824693	-1.654539	3.377419	
1395	1.838549	-1.647003	3.363044	
1396	1.850637	-1.637140	3.348883	
1397	1.857966	-1.632340	3.340341	
1398	1.863929	-1.627728	3.333972	
1399	1.870402	-1.624746	3.324730	
1400	1.877223	-1.620624	3.317202	
1401	1.883560	-1.616940	3.309616	
1402	1.889593	-1.614479	3.300949	
1403	1.895549	-1.611247	3.292645	
1404	1.901102	-1.608280	3.283702	
1405	1.906678	-1.603608	3.277339	
1406	1.912799	-1.598586	3.271999	
1407	1.919122	-1.594514	3.263954	
1408	1.926155	-1.589864	3.255944	
1409	1.933270	-1.583888	3.250194	
1410	1.940630	-1.578389	3.242495	
1411	1.948926	-1.572511	3.233922	
1412	1.956485	-1.566772	3.226431	
1413	1.965396	-1.562094	3.216577	
1414	1.975723	-1.554951	3.209158	
1415	1.983820	-1.549194	3.203147	
1416	1.993327	-1.543602	3.196499	
1417	2.003674	-1.537332	3.190407	
1418	2.013586	-1.530370	3.186026	
1419	2.023014	-1.524718	3.180033	
1420	2.033535	-1.518835	3.173175	
1421	2.043488	-1.512557	3.167278	
1422	2.053564	-1.506740	3.160823	
1423	2.061500	-1.501302	3.155678	
1424	2.077273	-1.492095	3.143010	
1425	2.083251	-1.487944	3.138397	
1426	2.089392	-1.484555	3.132559	
1427	2.095642	-1.481515	3.126063	
1428	2.101819	-1.477603	3.119182	
1429	2.107531	-1.472903	3.113548	
1430	2.112401	-1.468524	3.109550	
1431	2.116673	-1.464930	3.104970	
1432	2.121465	-1.461771	3.096607	
1433	2.126842	-1.456758	3.090546	
1434	2.130596	-1.451738	3.086484	
1435	2.134588	-1.446559	3.081574	
1436	2.139261	-1.440708	3.076157	
1437	2.142045	-1.437755	3.067298	
1438	2.145399	-1.433677	3.059660	
1439	2.148293	-1.428545	3.054797	
1440	2.151302	-1.423306	3.048217	
1441	2.155115	-1.418105	3.039787	
1442	2.158267	-1.412743	3.032020	
1443	2.160545	-1.408305	3.024796	
1444	2.164772	-1.402339	3.014124	
1445	2.168224	-1.397653	3.002653	
1446	2.170666	-1.393507	2.995754	
1447	2.172958	-1.389733	2.984546	
1448	2.177140	-1.384187	2.971673	
1449	2.178946	-1.379406	2.967067	
1450	2.179526	-1.376338	2.959685	
1451	2.184717	-1.367905	2.948335	
1452	2.186662	-1.361652	2.940425	
1453	2.185189	-1.359299	2.931119	
1454	2.187027	-1.352983	2.920316	
1455	2.189477	-1.344713	2.911747	
1456	2.189799	-1.339922	2.905334	
1457	2.192154	-1.334126	2.894417	
1458	2.194037	-1.327951	2.885440	
1459	2.195743	-1.321890	2.877268	
1460	2.198228	-1.314894	2.871970	
1461	2.200129	-1.310130	2.860921	
1462	2.202708	-1.305194	2.850470	
1463	2.206107	-1.298330	2.845896	
1464	2.208155	-1.293793	2.834902	
1465	2.212353	-1.287261	2.825738	
1466	2.215415	-1.280757	2.820607	
1467	2.216790	-1.277388	2.808806	
1468	2.221155	-1.271687	2.797377	
1469	2.224003	-1.267570	2.786819	
1470	2.227031	-1.264514	2.775060	
1471	2.236339	-1.253965	2.759119	
1472	2.240442	-1.250783	2.750063	
1473	2.245801	-1.246296	2.743746	
1474	2.251139	-1.242584	2.732934	
1475	2.256795	-1.239233	2.724186	
1476	2.262596	-1.235886	2.714805	
1477	2.267979	-1.232271	2.704434	
1478	2.274601	-1.225938	2.694538	
1479	2.280615	-1.220434	2.687422	
1480	2.285015	-1.216192	2.677946	
1481	2.290577	-1.210092	2.669116	
1482	2.294484	-1.206032	2.661455	
1483	2.298239	-1.201721	2.654136	
1484	2.302275	-1.196383	2.644403	
1485	2.306071	-1.190314	2.639036	
1486	2.308835	-1.186242	2.630634	
1487	2.311768	-1.181465	2.622159	
1488	2.314983	-1.176054	2.616251	
1489	2.316318	-1.172552	2.607062	
1490	2.318644	-1.167280	2.597711	
1491	2.319530	-1.162586	2.589314	
1492	2.320521	-1.158063	2.579930	
1493	2.323024	-1.147066	2.562102	
1494	2.323204	-1.143250	2.551888	
1495	2.323676	-1.137286	2.542495	
1496	2.324003	-1.130867	2.536881	
1497	2.324011	-1.124808	2.528805	
1498	2.321890	-1.121677	2.514950	
1499	2.321864	-1.113935	2.507876	
1500	2.321095	-1.106760	2.501375	
1501	2.321026	-1.098197	2.492140	
1502	2.320955	-1.090058	2.484318	
1503	2.319683	-1.083564	2.474344	
1504	2.318659	-1.077452	2.462531	
1505	2.317493	-1.072558	2.450416	
1506	2.316103	-1.068379	2.437147	
1507	2.315566	-1.062618	2.425124	
1508	2.314532	-1.057375	2.414164	
1509	2.314354	-1.051038	2.403938	
1510	2.313211	-1.045599	2.392156	
1511	2.312461	-1.039403	2.381858	
1512	2.311634	-1.033556	2.372398	
1513	2.309336	-1.030091	2.361812	
1514	2.308979	-1.024000	2.353280	
1515	2.308048	-1.018653	2.345766	
1516	2.306037	-1.016043	2.336427	
1517	2.304204	-1.011477	2.328613	
1518	2.302246	-1.008137	2.321340	
1519	2.300763	-1.004373	2.314395	
1520	2.299798	-0.999244	2.308038	
1521	2.298816	-0.995541	2.301967	
1522	2.298376	-0.992844	2.296626	
1523	2.298675	-0.988567	2.291137	
1524	2.299138	-0.984715	2.286758	
1525	2.299219	-0.982450	2.279951	
1526	2.298633	-0.980404	2.271075	
1527	2.299998	-0.976995	2.264716	
1528	2.300505	-0.974480	2.256166	
1529	2.301999	-0.970596	2.248429	
1530	2.304678	-0.965520	2.240408	
1531	2.308072	-0.959546	2.232648	
1532	2.311953	-0.953647	2.223938	
1533	2.315605	-0.947951	2.214971	
1534	2.318308	-0.943501	2.204918	
1535	2.321626	-0.938924	2.194847	
1536	2.325956	-0.932323	2.185272	
1537	2.329268	-0.928174	2.175599	
1538	2.333005	-0.923462	2.165972	
1539	2.336647	-0.919190	2.156784	
1540	2.340442	-0.915001	2.148211	
1541	2.344133	-0.910240	2.138546	
1542	2.348956	-0.904862	2.131190	
1543	2.352390	-0.901135	2.123348	
1544	2.355512	-0.898679	2.114192	
1545	2.359873	-0.892910	2.107460	
1546	2.363161	-0.888446	2.100342	
1547	2.366319	-0.884707	2.091835	
1548	2.369697	-0.879423	2.084262	
1549	2.372616	-0.874250	2.076374	
1550	2.375898	-0.869065	2.068205	
1551	2.379049	-0.863071	2.059973	
1552	2.381224	-0.858398	2.051699	
1553	2.382914	-0.854558	2.042892	
1554	2.385005	-0.848690	2.034681	
1555	2.385932	-0.843893	2.025231	
1556	2.387486	-0.838439	2.017200	
1557	2.388279	-0.833549	2.008681	
1558	2.388862	-0.829529	2.000000	
1559	2.389534	-0.823826	1.991341	
1560	2.390716	-0.817432	1.982439	
1561	2.391675	-0.810993	1.973981	
1562	2.391987	-0.804879	1.963291	
1563	2.391904	-0.799103	1.953498	
1564	2.392778	-0.785276	1.932827	
1565	2.393619	-0.778436	1.923512	
1566	2.394868	-0.772019	1.913771	
1567	2.396695	-0.764268	1.903258	
1568	2.399606	-0.757148	1.893963	
1569	2.402208	-0.749829	1.883488	
1570	2.405091	-0.743067	1.875248	
1571	2.408029	-0.737899	1.867100	
1572	2.409925	-0.733208	1.856467	
1573	2.411678	-0.728853	1.848155	
1574	2.413012	-0.725620	1.839249	
1575	2.415998	-0.720252	1.831694	
1576	2.417218	-0.718142	1.822328	
1577	2.419800	-0.714816	1.814172	
1578	2.422404	-0.711658	1.806923	
1579	2.427330	-0.705560	1.789074	
1580	2.429828	-0.702192	1.780186	
1581	2.431651	-0.699884	1.771170	
1582	2.435010	-0.696846	1.762461	
1583	2.439357	-0.692096	1.753626	
1584	2.443165	-0.688287	1.744050	
1585	2.446763	-0.684960	1.734115	
1586	2.451519	-0.679637	1.725420	
1587	2.455269	-0.675447	1.714711	
1588	2.459762	-0.671370	1.705173	
1589	2.465389	-0.665463	1.696698	
1590	2.470110	-0.661275	1.686490	
1591	2.474268	-0.658513	1.676414	
1592	2.478795	-0.653776	1.665763	
1593	2.483704	-0.651027	1.657488	
1594	2.487890	-0.645879	1.647083	
1595	2.493934	-0.639967	1.638242	
1596	2.498652	-0.633103	1.629539	
1597	2.503348	-0.627975	1.619500	
1598	2.508547	-0.620860	1.611823	
1599	2.512358	-0.614676	1.602971	
1600	2.516879	-0.608919	1.595807	
1601	2.520470	-0.602934	1.588131	
1602	2.523394	-0.596425	1.580343	
1603	2.526578	-0.590600	1.573503	
1604	2.528643	-0.584421	1.566903	
1605	2.531302	-0.578785	1.562161	
1606	2.533672	-0.571501	1.556813	
1607	2.534052	-0.566447	1.550323	
1608	2.535288	-0.561134	1.544816	
1609	2.535884	-0.556136	1.538741	
1610	2.535636	-0.550830	1.532163	
1611	2.535613	-0.546014	1.526176	
1612	2.534532	-0.541670	1.519167	
1613	2.532860	-0.536384	1.512271	
1614	2.529078	-0.525352	1.496047	
1615	2.526283	-0.518914	1.486938	
1616	2.523340	-0.514305	1.479009	
1617	2.520500	-0.508831	1.470366	
1618	2.517237	-0.503318	1.461653	
1619	2.513427	-0.496987	1.453113	
1620	2.509427	-0.490901	1.444149	
1621	2.506338	-0.484460	1.436292	
1622	2.502308	-0.479114	1.428440	
1623	2.497883	-0.474706	1.420588	
1624	2.493635	-0.470173	1.412112	
1625	2.489487	-0.465482	1.404365	
1626	2.484038	-0.461738	1.395490	
1627	2.479315	-0.459305	1.388422	
1628	2.473956	-0.456656	1.381028	
1629	2.468476	-0.454854	1.373406	
1630	2.463934	-0.451348	1.366910	
1631	2.460335	-0.448232	1.360720	
1632	2.455510	-0.445973	1.351969	
1633	2.452051	-0.443239	1.344051	
1634	2.448308	-0.440687	1.335380	
1635	2.445424	-0.438969	1.328785	
1636	2.441992	-0.437044	1.322352	
1637	2.438314	-0.434027	1.316203	
1638	2.434063	-0.433037	1.309385	
1639	2.430608	-0.429712	1.304276	
1640	2.427713	-0.427972	1.300737	
1641	2.421807	-0.427062	1.294266	
1642	2.418004	-0.423967	1.289823	
1643	2.414709	-0.422110	1.286221	
1644	2.409915	-0.421262	1.282300	
1645	2.406450	-0.419310	1.279644	
1646	2.402408	-0.418624	1.277376	
1647	2.397192	-0.417381	1.273864	
1648	2.394375	-0.413906	1.273018	
1649	2.391313	-0.411011	1.272896	
1650	2.386683	-0.409557	1.270979	
1651	2.382015	-0.407218	1.268677	
1652	2.375999	-0.404797	1.265121	
1653	2.371726	-0.402719	1.263505	
1654	2.367722	-0.400547	1.262271	
1655	2.361992	-0.398413	1.260208	
1656	2.356544	-0.396236	1.258522	
1657	2.350575	-0.392703	1.256619	
1658	2.343772	-0.391640	1.254915	
1659	2.336554	-0.389457	1.252501	
1660	2.329628	-0.387977	1.250791	
1661	2.320806	-0.386355	1.247818	
1662	2.312479	-0.384948	1.245401	
1663	2.304021	-0.383536	1.243205	
1664	2.293621	-0.382581	1.239975	
1665	2.284158	-0.381711	1.237120	
1666	2.276225	-0.380628	1.235461	
1667	2.266533	-0.380657	1.232675	
1668	2.255628	-0.380648	1.228250	
1669	2.246820	-0.380635	1.225544	
1670	2.237353	-0.380155	1.223401	
1671	2.225817	-0.378212	1.219777	
1672	2.215097	-0.377995	1.217321	
1673	2.204410	-0.378297	1.216072	
1674	2.191700	-0.377865	1.214120	
1675	2.179719	-0.375676	1.211777	
1676	2.168985	-0.375268	1.210754	
1677	2.157272	-0.374290	1.209473	
1678	2.145889	-0.371823	1.207822	
1679	2.136541	-0.370907	1.208243	
1680	2.126662	-0.370170	1.208482	
1681	2.117597	-0.368371	1.208307	
1682	2.108360	-0.367621	1.207845	
1683	2.099806	-0.365889	1.207267	
1684	2.092183	-0.363307	1.206941	
1685	2.084066	-0.362707	1.206172	
1686	2.076648	-0.361212	1.204689	
1687	2.070431	-0.359218	1.203914	
1688	2.056398	-0.356720	1.201962	
1689	2.050057	-0.355142	1.201376	
1690	2.043704	-0.353661	1.200157	
1691	2.037479	-0.351078	1.198721	
1692	2.030874	-0.348214	1.196967	
1693	2.025156	-0.343993	1.195317	
1694	2.018168	-0.340194	1.192856	
1695	2.011626	-0.335864	1.190402	
1696	2.005368	-0.332120	1.187471	
1697	1.999534	-0.327045	1.184609	
1698	1.993753	-0.322631	1.181056	
1699	1.988378	-0.318397	1.177495	
1700	1.982998	-0.313824	1.173914	
1701	1.977631	-0.309363	1.169929	
1702	1.972115	-0.304979	1.165956	
1703	1.967072	-0.300601	1.162010	
1704	1.961720	-0.296591	1.157142	
1705	1.956333	-0.292687	1.152186	
1706	1.952073	-0.288680	1.147827	
1707	1.946916	-0.285696	1.142838	
1708	1.941366	-0.281445	1.137890	
1709	1.936649	-0.278316	1.133638	
1710	1.930768	-0.275422	1.129375	
1711	1.924572	-0.270914	1.124776	
1712	1.919625	-0.267548	1.121403	
1713	1.913448	-0.265284	1.117429	
1714	1.906233	-0.261089	1.112871	
1715	1.899494	-0.258287	1.108644	
1716	1.892220	-0.255857	1.104230	
1717	1.884618	-0.252497	1.099757	
1718	1.877086	-0.249693	1.095278	
1719	1.868398	-0.246755	1.090411	
1720	1.860058	-0.243194	1.085946	
1721	1.851638	-0.240641	1.081612	
1722	1.842676	-0.237954	1.077529	
1723	1.832750	-0.234963	1.073040	
1724	1.823379	-0.232394	1.069017	
1725	1.812202	-0.230433	1.064612	
1726	1.801994	-0.227033	1.060855	
1727	1.793566	-0.225100	1.057775	
1728	1.783895	-0.222661	1.054522	
1729	1.766778	-0.218191	1.049284	
1730	1.758562	-0.216667	1.047499	
1731	1.749663	-0.214743	1.045181	
1732	1.742155	-0.213183	1.043478	
1733	1.734835	-0.212133	1.042285	
1734	1.727623	-0.211032	1.041037	
1735	1.721286	-0.208748	1.039633	
1736	1.715066	-0.207608	1.038470	
1737	1.708648	-0.207911	1.036859	
1738	1.702618	-0.206445	1.034875	
1739	1.697224	-0.205784	1.033424	
1740	1.691866	-0.205359	1.032475	
1741	1.686332	-0.204264	1.031512	
1742	1.681791	-0.202973	1.030626	
1743	1.676679	-0.201617	1.029321	
1744	1.672303	-0.200126	1.028129	
1745	1.667003	-0.199310	1.026075	
1746	1.662065	-0.198439	1.023748	
1747	1.656247	-0.196640	1.020934	
1748	1.651480	-0.196588	1.018415	
1749	1.645880	-0.195436	1.015172	
1750	1.640224	-0.192615	1.011580	
1751	1.635629	-0.190970	1.008550	
1752	1.630149	-0.189044	1.004883	
1753	1.624123	-0.185761	1.000764	
1754	1.618105	-0.181989	0.996385	
1755	1.612131	-0.179780	0.991424	
1756	1.606150	-0.174626	0.986425	
1757	1.600509	-0.170916	0.981091	
1758	1.587906	-0.163526	0.969367	
1759	1.581442	-0.159894	0.963153	
1760	1.575745	-0.156332	0.957135	
1761	1.569378	-0.152171	0.950572	
1762	1.564020	-0.148725	0.944395	
1763	1.558075	-0.145489	0.938191	
1764	1.552476	-0.140351	0.932059	
1765	1.547619	-0.136475	0.926248	
1766	1.534798	-0.129049	0.914149	
1767	1.529551	-0.126173	0.908414	
1768	1.524237	-0.121240	0.903051	
1769	1.518564	-0.116832	0.897591	
1770	1.513607	-0.114173	0.892154	
1771	1.509464	-0.110486	0.887427	
1772	1.505583	-0.106883	0.882957	
1773	1.500762	-0.103817	0.878462	
1774	1.496072	-0.102000	0.873976	
1775	1.491661	-0.101285	0.870162	
1776	1.480875	-0.104573	0.860341	
1777	1.475186	-0.105810	0.855313	
1778	1.468838	-0.108292	0.850302	
1779	1.462235	-0.112067	0.844557	
1780	1.454352	-0.114685	0.838958	
1781	1.439401	-0.121769	0.827678	
1782	1.431627	-0.123362	0.822632	
1783	1.423944	-0.124933	0.818152	
1784	1.416664	-0.125235	0.814113	
1785	1.409128	-0.125703	0.810355	
1786	1.401561	-0.126995	0.806257	
1787	1.394900	-0.128201	0.802522	
1788	1.387601	-0.127912	0.798830	
1789	1.374322	-0.127797	0.792894	
1790	1.367691	-0.128627	0.789925	
1791	1.361060	-0.128718	0.787122	
1792	1.355289	-0.128470	0.784590	
1793	1.349062	-0.129491	0.781120	
1794	1.342133	-0.128452	0.778086	
1795	1.337552	-0.128728	0.775202	
1796	1.331699	-0.128986	0.772292	
1797	1.325242	-0.127984	0.769621	
1798	1.319313	-0.127013	0.766768	
1799	1.314120	-0.126681	0.764065	
1800	1.309062	-0.124425	0.761721	
1801	1.304223	-0.123057	0.758149	
1802	1.299603	-0.121640	0.754898	
1803	1.293264	-0.120625	0.751310	
1804	1.290174	-0.119892	0.748272	
1805	1.285793	-0.117029	0.746278	
1806	1.282021	-0.115142	0.744561	
1807	1.277884	-0.114476	0.741689	
1808	1.273442	-0.111716	0.739248	
1809	1.269912	-0.108977	0.736946	
1810	1.265352	-0.107471	0.733306	
1811	1.261057	-0.103875	0.729897	
1812	1.258407	-0.099429	0.726945	
1813	1.254094	-0.096399	0.721790	
1814	1.249096	-0.092939	0.716372	
1815	1.245389	-0.087081	0.711836	
1816	1.242622	-0.084371	0.705705	
1817	1.238749	-0.080827	0.699479	
1818	1.235697	-0.075784	0.694488	
1819	1.233484	-0.073696	0.688260	
1820	1.231078	-0.070001	0.682638	
1821	1.225990	-0.065214	0.677940	
1822	1.224020	-0.063167	0.672328	
1823	1.219868	-0.058718	0.667644	
1824	1.216284	-0.056769	0.662432	
1825	1.213062	-0.056081	0.656617	
1826	1.208282	-0.053661	0.651861	
1827	1.205433	-0.051618	0.647072	
1828	1.200546	-0.050430	0.641831	
1829	1.195427	-0.047577	0.638240	
1830	1.190489	-0.047735	0.633425	
1831	1.185359	-0.047342	0.628623	
1832	1.178370	-0.046524	0.624520	
1833	1.171009	-0.044980	0.620683	
1834	1.164422	-0.045459	0.615713	
1835	1.155980	-0.045006	0.611288	
1836	1.147689	-0.044290	0.607331	
1837	1.141527	-0.045255	0.602875	
1838	1.132578	-0.046385	0.598704	
1839	1.123292	-0.048203	0.595044	
1840	1.115813	-0.051417	0.591642	
1841	1.106548	-0.056668	0.587920	
1842	1.095742	-0.060204	0.585320	
1843	1.087208	-0.063950	0.583916	
1844	1.076577	-0.066065	0.583513	
1845	1.064655	-0.068667	0.583656	
1846	1.054529	-0.073133	0.583224	
1847	1.043853	-0.076849	0.583376	
1848	1.033070	-0.079028	0.584361	
1849	1.023831	-0.082216	0.585220	
1850	1.013288	-0.085436	0.586316	
1851	1.002062	-0.088677	0.587925	
1852	0.992510	-0.092097	0.589109	
1853	0.982497	-0.094818	0.590445	
1854	0.973072	-0.098845	0.591266	
1855	0.964696	-0.103673	0.591619	
1856	0.955697	-0.105942	0.593568	
1857	0.947044	-0.108247	0.595438	
1858	0.939603	-0.110356	0.597197	
1859	0.930858	-0.113826	0.598784	
1860	0.922412	-0.116202	0.600695	
1861	0.916098	-0.118567	0.602674	
1862	0.907610	-0.118853	0.606009	
1863	0.901255	-0.121421	0.608107	
1864	0.894239	-0.123027	0.610516	
1865	0.886554	-0.124303	0.613496	
1866	0.879651	-0.126380	0.616349	
1867	0.872522	-0.128482	0.618951	
1868	0.865274	-0.127590	0.622735	
1869	0.860263	-0.128601	0.626319	
1870	0.855142	-0.133299	0.627860	
1871	0.847936	-0.134459	0.630392	
1872	0.839536	-0.134954	0.634371	
1873	0.834787	-0.140184	0.635623	
1874	0.829284	-0.142122	0.637196	
1875	0.821414	-0.143558	0.640448	
1876	0.816995	-0.147417	0.642163	
1877	0.812165	-0.148859	0.644291	
1878	0.804989	-0.149807	0.647582	
1879	0.800518	-0.151698	0.649841	
1880	0.795774	-0.153863	0.652108	
1881	0.790035	-0.154783	0.655263	
1882	0.784808	-0.155670	0.658643	
1883	0.781225	-0.157058	0.661785	
1884	0.772780	-0.157973	0.668926	
1885	0.767870	-0.158741	0.672226	
1886	0.762526	-0.157809	0.676713	
1887	0.757929	-0.158426	0.680552	
1888	0.754002	-0.159218	0.683928	
1889	0.749335	-0.158373	0.688442	
1890	0.747198	-0.157324	0.693409	
1891	0.744005	-0.158233	0.698076	
1892	0.740235	-0.157858	0.703765	
1893	0.737352	-0.157010	0.710212	
1894	0.733800	-0.157000	0.717413	
1895	0.730630	-0.155754	0.725575	
1896	0.729614	-0.156147	0.733691	
1897	0.726392	-0.156969	0.741818	
1898	0.723899	-0.155637	0.750594	
1899	0.721710	-0.155130	0.759041	
1900	0.719410	-0.156521	0.766624	
1901	0.716502	-0.156879	0.774118	
1902	0.713392	-0.157432	0.781596	
1903	0.710137	-0.158904	0.788978	
1904	0.707065	-0.161022	0.796325	
1905	0.703849	-0.161969	0.804625	
1906	0.700650	-0.164768	0.812459	
1907	0.697364	-0.168921	0.819570	
1908	0.693833	-0.170871	0.828036	
1909	0.691292	-0.174958	0.835699	
1910	0.688807	-0.179737	0.842536	
1911	0.686218	-0.180652	0.851632	
1912	0.683322	-0.184725	0.859235	
1913	0.680001	-0.188435	0.865512	
1914	0.678332	-0.190009	0.874197	
1915	0.677692	-0.193496	0.881574	
1916	0.676223	-0.196743	0.888135	
1917	0.674949	-0.198240	0.895569	
1918	0.674811	-0.200844	0.902641	
1919	0.674209	-0.203931	0.908288	
1920	0.673965	-0.205745	0.914776	
1921	0.674125	-0.208161	0.920799	
1922	0.675132	-0.211150	0.926239	
1923	0.676638	-0.213400	0.932348	
1924	0.677904	-0.216471	0.938001	
1925	0.678959	-0.219640	0.942883	
1926	0.679641	-0.222121	0.947805	
1927	0.680614	-0.223986	0.953250	
1928	0.682351	-0.226242	0.958713	
1929	0.682941	-0.229219	0.963583	
1930	0.684078	-0.230053	0.970091	
1931	0.684313	-0.232902	0.975451	
1932	0.685287	-0.234205	0.980847	
1933	0.687542	-0.235538	0.987265	
1934	0.688711	-0.238115	0.991926	
1935	0.689590	-0.238810	0.996514	
1936	0.690807	-0.238906	1.002209	
1937	0.691425	-0.240011	1.006622	
1938	0.693230	-0.239504	1.017227	
1939	0.693682	-0.239567	1.021476	
1940	0.694378	-0.238819	1.025753	
1941	0.695042	-0.235800	1.036384	
1942	0.694876	-0.233687	1.041123	
1943	0.695106	-0.231093	1.047015	
1944	0.696210	-0.229068	1.052473	
1945	0.696054	-0.226474	1.058261	
1946	0.696183	-0.223680	1.064249	
1947	0.696217	-0.221509	1.070005	
1948	0.693733	-0.213264	1.088283	
1949	0.693825	-0.210968	1.095152	
1950	0.693784	-0.209466	1.102054	
1951	0.693141	-0.207588	1.116340	
1952	0.692217	-0.206779	1.123485	
1953	0.691318	-0.205982	1.130554	
1954	0.690355	-0.205804	1.137033	
1955	0.689089	-0.206376	1.143224	
1956	0.690021	-0.205860	1.149836	
1957	0.688890	-0.207140	1.160720	
1958	0.689127	-0.207192	1.166367	
1959	0.689282	-0.207668	1.171475	
1960	0.689736	-0.207410	1.177116	
1961	0.690587	-0.207195	1.182836	
1962	0.690409	-0.207639	1.187859	
1963	0.690559	-0.208012	1.192773	
1964	0.691844	-0.207654	1.198008	
1965	0.692674	-0.207670	1.202953	
1966	0.692651	-0.208332	1.207274	
1967	0.693205	-0.208282	1.211832	
1968	0.693020	-0.207899	1.215791	
1969	0.692806	-0.207813	1.219356	
1970	0.693165	-0.206369	1.223683	
1971	0.694130	-0.204582	1.227431	
1972	0.694244	-0.203659	1.230433	
1973	0.694270	-0.202008	1.233600	
1974	0.695745	-0.201102	1.236673	
1975	0.695660	-0.200009	1.238855	
1976	0.694504	-0.198765	1.240957	
1977	0.694286	-0.198249	1.242582	
1978	0.694536	-0.197305	1.244818	
1979	0.694196	-0.196772	1.246344	
1980	0.693021	-0.195915	1.247747	
1981	0.691891	-0.194645	1.249533	
1982	0.690867	-0.193933	1.251191	
1983	0.686511	-0.193050	1.253714	
1984	0.684641	-0.191109	1.255721	
1985	0.682384	-0.188573	1.257388	
1986	0.679310	-0.185647	1.258995	
1987	0.676326	-0.183287	1.260102	
1988	0.672878	-0.180248	1.261250	
1989	0.669683	-0.177886	1.262396	
1990	0.666123	-0.176551	1.263020	
1991	0.662436	-0.174427	1.263851	
1992	0.659862	-0.173159	1.264981	
1993	0.656295	-0.172482	1.265586	
1994	0.652149	-0.170798	1.266464	
1995	0.648431	-0.169574	1.267284	
1996	0.644058	-0.168151	1.268039	
1997	0.639418	-0.166966	1.268908	
1998	0.635023	-0.166004	1.269941	
1999	0.630037	-0.165252	1.270359	
2000	0.625347	-0.164361	1.271101	
2001	0.620360	-0.164707	1.271016	
2002	0.615326	-0.164336	1.270957	
2003	0.610863	-0.163827	1.271401	
2004	0.606726	-0.164505	1.271405	
2005	0.602143	-0.164701	1.271484	
2006	0.597620	-0.164694	1.271660	
2007	0.593736	-0.165225	1.271604	
2008	0.589346	-0.165434	1.271343	
2009	0.584689	-0.165218	1.270810	
2010	0.580477	-0.164490	1.270282	
2011	0.575858	-0.163070	1.269909	
2012	0.571410	-0.161763	1.269666	
2013	0.566693	-0.161870	1.268374	
2014	0.562170	-0.160168	1.267575	
2015	0.557861	-0.158716	1.267003	
2016	0.553885	-0.157549	1.265941	
2017	0.550280	-0.154747	1.265766	
2018	0.545944	-0.155327	1.264010	
2019	0.542689	-0.153389	1.263188	
2020	0.539248	-0.153771	1.262622	
2021	0.536197	-0.152764	1.261583	
2022	0.533162	-0.152045	1.260763	
2023	0.527386	-0.151620	1.258743	
2024	0.524752	-0.152122	1.257955	
2025	0.522393	-0.151870	1.257645	
2026	0.519466	-0.152183	1.256325	
2027	0.517190	-0.150319	1.256367	
2028	0.514319	-0.150398	1.255241	
2029	0.511309	-0.148889	1.253850	
2030	0.508469	-0.148556	1.253068	
2031	0.504675	-0.147897	1.251298	
2032	0.500983	-0.146734	1.249781	
2033	0.497305	-0.146309	1.248259	
2034	0.493439	-0.145520	1.246634	
2035	0.489755	-0.144836	1.245103	
2036	0.485615	-0.143814	1.243002	
2037	0.481676	-0.143257	1.241190	
2038	0.476843	-0.142585	1.238273	
2039	0.472272	-0.142282	1.235977	
2040	0.467984	-0.141542	1.233457	
2041	0.464422	-0.141007	1.231298	
2042	0.461135	-0.140522	1.229399	
2043	0.457803	-0.139462	1.227352	
2044	0.450843	-0.137578	1.221355	
2045	0.446033	-0.134876	1.216988	
2046	0.443407	-0.133871	1.214335	
2047	0.440543	-0.132299	1.211561	
2048	0.437053	-0.131206	1.207832	
2049	0.433613	-0.128285	1.204402	
2050	0.430191	-0.127465	1.200956	
2051	0.427098	-0.125976	1.198010	
2052	0.424384	-0.124041	1.195808	
2053	0.420814	-0.123081	1.192173	
2054	0.418223	-0.120960	1.189944	
2055	0.414988	-0.119431	1.186934	
2056	0.411262	-0.117928	1.183552	
2057	0.405427	-0.114228	1.178171	
2058	0.402386	-0.113131	1.175231	
2059	0.399734	-0.111135	1.172931	
2060	0.396482	-0.109473	1.169804	
2061	0.393410	-0.107131	1.167047	
2062	0.387964	-0.102949	1.162152	
2063	0.385120	-0.100388	1.159386	
2064	0.380700	-0.094751	1.154995	
2065	0.378575	-0.092635	1.152948	
2066	0.376581	-0.090783	1.150571	
2067	0.374868	-0.088367	1.148926	
2068	0.372696	-0.087533	1.146243	
2069	0.370539	-0.086122	1.143633	
2070	0.366900	-0.084957	1.139520	
2071	0.364688	-0.084561	1.136916	
2072	0.362917	-0.083527	1.134506	
2073	0.360579	-0.084071	1.131270	
2074	0.358520	-0.084116	1.128098	
2075	0.357444	-0.082909	1.125546	
2076	0.355486	-0.083225	1.121668	
2077	0.354156	-0.081565	1.118085	
2078	0.353504	-0.080740	1.114757	
2079	0.352319	-0.080997	1.110705	
2080	0.351812	-0.079901	1.106794	
2081	0.351039	-0.078063	1.102903	
2082	0.350103	-0.077418	1.098356	
2083	0.350016	-0.075938	1.093992	
2084	0.349745	-0.074434	1.089021	
2085	0.349256	-0.072835	1.083651	
2086	0.349631	-0.071099	1.078787	
2087	0.349877	-0.071272	1.073608	
2088	0.350376	-0.070192	1.067750	
2089	0.350972	-0.068761	1.061781	
2090	0.352114	-0.068472	1.055971	
2091	0.353192	-0.066699	1.050443	
2092	0.354353	-0.063372	1.046080	
2093	0.355903	-0.062795	1.039408	
2094	0.356164	-0.059584	1.034226	
2095	0.357504	-0.057476	1.028384	
2096	0.357895	-0.056631	1.020853	
2097	0.358167	-0.052907	1.014781	
2098	0.359236	-0.051477	1.007174	
2099	0.358905	-0.049584	0.999350	
2100	0.359394	-0.047035	0.992068	
2101	0.359355	-0.046670	0.983797	
2102	0.358805	-0.045007	0.976094	
2103	0.358418	-0.042695	0.969237	
2104	0.357948	-0.041878	0.962455	
2105	0.356553	-0.041898	0.955537	
2106	0.355026	-0.041492	0.948931	
2107	0.353425	-0.041444	0.942918	
2108	0.350916	-0.042450	0.936885	
2109	0.348752	-0.042349	0.932231	
2110	0.345745	-0.043275	0.926651	
2111	0.342849	-0.042666	0.921581	
2112	0.340171	-0.042020	0.916924	
2113	0.336397	-0.042937	0.911463	
2114	0.333266	-0.041879	0.906996	
2115	0.329870	-0.040324	0.902738	
2116	0.327525	-0.040806	0.898895	
2117	0.324152	-0.039473	0.894575	
2118	0.321182	-0.037454	0.890581	
2119	0.317541	-0.037343	0.885451	
2120	0.314514	-0.036102	0.880778	
2121	0.312430	-0.034009	0.876849	
2122	0.308061	-0.036531	0.864806	
2123	0.306626	-0.034223	0.859763	
2124	0.303144	-0.037000	0.845431	
2125	0.301883	-0.034714	0.839597	
2126	0.300958	-0.037179	0.831487	
2127	0.300639	-0.036235	0.824665	
2128	0.299825	-0.034089	0.818542	
2129	0.300040	-0.035645	0.810472	
2130	0.299081	-0.037513	0.801798	
2131	0.297474	-0.035943	0.794784	
2132	0.298442	-0.035820	0.787174	
2133	0.299006	-0.035915	0.772859	
2134	0.300144	-0.037578	0.758019	
2135	0.299725	-0.036280	0.752021	
2136	0.300519	-0.035621	0.746058	
2137	0.300411	-0.037242	0.739414	
2138	0.301005	-0.036611	0.734120	
2139	0.301798	-0.035031	0.728594	
2140	0.301925	-0.035467	0.722360	
2141	0.302556	-0.035504	0.716092	
2142	0.304385	-0.034288	0.710140	
2143	0.305650	-0.031974	0.704772	
2144	0.307713	-0.032136	0.698662	
2145	0.308791	-0.031079	0.692686	
2146	0.310681	-0.028157	0.686989	
2147	0.312494	-0.028256	0.680717	
2148	0.315349	-0.027353	0.674428	
2149	0.322093	-0.020596	0.664281	
2150	0.325921	-0.021852	0.657533	
2151	0.327946	-0.018911	0.651408	
2152	0.334857	-0.015906	0.636985	
2153	0.337047	-0.014392	0.628916	
2154	0.338878	-0.011139	0.621926	
2155	0.341177	-0.008838	0.613728	
2156	0.342969	-0.008563	0.604590	
2157	0.344431	-0.006221	0.596090	
2158	0.345398	-0.003184	0.587139	
2159	0.347238	-0.002728	0.575688	
2160	0.349038	-0.000954	0.565510	
2161	0.354818	0.003406	0.544469	
2162	0.355958	0.005219	0.534142	
2163	0.356432	0.008646	0.524209	
2164	0.356997	0.011766	0.512833	
2165	0.357806	0.012741	0.500031	
2166	0.357945	0.014822	0.489634	
2167	0.358617	0.019288	0.479631	
2168	0.358836	0.019506	0.467193	
2169	0.358257	0.021082	0.454611	
2170	0.358147	0.021867	0.444622	
2171	0.356545	0.024155	0.434194	
2172	0.357135	0.025274	0.423485	
2173	0.357587	0.027585	0.414678	
2174	0.357065	0.030921	0.406542	
2175	0.356211	0.031905	0.397364	
2176	0.355304	0.032804	0.388735	
2177	0.355279	0.035630	0.382262	
2178	0.355035	0.037812	0.375260	
2179	0.355338	0.036824	0.367216	
2180	0.352372	0.041022	0.355274	
2181	0.350123	0.041887	0.348998	
2182	0.345756	0.042905	0.343105	
2183	0.336020	0.044212	0.337240	
2184	0.333530	0.045836	0.331242	
2185	0.329785	0.046712	0.324828	
2186	0.324175	0.049436	0.320234	
2187	0.318522	0.050850	0.314911	
2188	0.311544	0.051779	0.308615	
2189	0.304353	0.054322	0.303385	
2190	0.294950	0.056127	0.298249	
2191	0.286705	0.056910	0.291491	
2192	0.278441	0.057605	0.283903	
2193	0.269007	0.060513	0.278304	
2194	0.259625	0.062455	0.272449	
2195	0.250476	0.063224	0.265630	
2196	0.240889	0.063892	0.258649	
2197	0.232199	0.065692	0.252698	
2198	0.224378	0.066840	0.246184	
2199	0.216060	0.066672	0.239087	
2200	0.208166	0.067226	0.233168	
2201	0.201671	0.068500	0.227221	
2202	0.194920	0.069849	0.220919	
2203	0.185973	0.069174	0.214726	
2204	0.178231	0.069694	0.209756	
2205	0.170967	0.071027	0.204696	
2206	0.162808	0.071970	0.199251	
2207	0.155806	0.072449	0.193660	
2208	0.148538	0.072065	0.187720	
2209	0.141903	0.073024	0.181983	
2210	0.134999	0.072997	0.175818	
2211	0.127736	0.072290	0.170011	
2212	0.120729	0.072603	0.164851	
2213	0.113073	0.071887	0.159181	
2214	0.094580	0.074275	0.149192	
2215	0.087321	0.073775	0.142933	
2216	0.078779	0.074832	0.136938	
2217	0.071118	0.075838	0.130989	
2218	0.063118	0.075661	0.123698	
2219	0.053804	0.074769	0.116937	
2220	0.046637	0.076916	0.110519	
2221	0.039105	0.076672	0.102687	
2222	0.029694	0.077633	0.095095	
2223	0.021029	0.081170	0.088958	
2224	0.013140	0.083954	0.081365	
2225	0.002664	0.085620	0.073431	
2226	-0.005149	0.087931	0.067077	
2227	-0.013546	0.092685	0.060811	
2228	-0.023491	0.095021	0.053728	
2229	-0.032303	0.097721	0.047719	
2230	-0.039373	0.103049	0.042397	
2231	-0.047989	0.105857	0.035886	
2232	-0.057160	0.109690	0.030242	
2233	-0.065266	0.114676	0.025090	
2234	-0.073047	0.120019	0.019665	
2235	-0.090430	0.130315	0.009825	
2236	-0.095858	0.138037	0.006196	
2237	-0.104976	0.140922	-0.000053	
2238	-0.113059	0.144061	-0.004245	
2239	-0.118626	0.148004	-0.007478	
2240	-0.124808	0.149960	-0.010988	
2241	-0.131373	0.150845	-0.014778	
2242	-0.137102	0.152549	-0.017917	
2243	-0.143085	0.152420	-0.021682	
2244	-0.149755	0.152386	-0.024644	
2245	-0.155257	0.152958	-0.027409	
2246	-0.164947	0.152765	-0.030843	
2247	-0.173541	0.152371	-0.033768	
2248	-0.178733	0.154502	-0.035400	
2249	-0.184980	0.155869	-0.038064	
2250	-0.193661	0.156632	-0.040821	
2251	-0.200905	0.158843	-0.042401	
2252	-0.208946	0.160112	-0.044379	
2253	-0.217147	0.160073	-0.046174	
2254	-0.224157	0.159902	-0.047736	
2255	-0.231049	0.159571	-0.049152	
2256	-0.250669	0.157372	-0.051622	
2257	-0.265473	0.155906	-0.054490	
2258	-0.272637	0.156080	-0.055652	
2259	-0.280059	0.156460	-0.056755	
2260	-0.286922	0.156499	-0.057505	
2261	-0.293513	0.157812	-0.057676	
2262	-0.300252	0.160194	-0.057528	
2263	-0.307737	0.161773	-0.057484	
2264	-0.316459	0.162530	-0.058106	
2265	-0.323727	0.164823	-0.058017	
2266	-0.329764	0.167564	-0.058455	
2267	-0.336991	0.168203	-0.060094	
2268	-0.344639	0.167636	-0.062106	
2269	-0.352439	0.168712	-0.063880	
2270	-0.359014	0.167930	-0.066630	
2271	-0.366592	0.166261	-0.069223	
2272	-0.373151	0.164855	-0.071755	
2273	-0.379795	0.163729	-0.074506	
2274	-0.386394	0.160350	-0.077722	
2275	-0.394696	0.158718	-0.080688	
2276	-0.402396	0.157477	-0.083224	
2277	-0.408314	0.155986	-0.086090	
2278	-0.417501	0.155063	-0.088085	
2279	-0.424232	0.154403	-0.090069	
2280	-0.429382	0.155188	-0.091439	
2281	-0.437676	0.154412	-0.093362	
2282	-0.445134	0.156472	-0.094111	
2283	-0.451612	0.156680	-0.095847	
2284	-0.459636	0.154531	-0.097802	
2285	-0.465245	0.152667	-0.099335	
2286	-0.468946	0.152229	-0.101412	
2287	-0.475506	0.152367	-0.103936	
2288	-0.482020	0.151501	-0.106899	
2289	-0.487864	0.149765	-0.110906	
2290	-0.493517	0.149657	-0.114926	
2291	-0.499555	0.149770	-0.119562	
2292	-0.507201	0.150152	-0.123906	
2293	-0.512805	0.150977	-0.129003	
2294	-0.518149	0.152003	-0.134256	
2295	-0.525523	0.156096	-0.139372	
2296	-0.532671	0.160474	-0.144410	
2297	-0.538515	0.163689	-0.150030	
2298	-0.546554	0.167305	-0.155474	
2299	-0.553901	0.170931	-0.160676	
2300	-0.559510	0.175268	-0.165449	
2301	-0.565138	0.180908	-0.170126	
2302	-0.572670	0.183743	-0.174862	
2303	-0.579140	0.187104	-0.179504	
2304	-0.585436	0.192922	-0.183452	
2305	-0.590515	0.197867	-0.187615	
2306	-0.598333	0.201992	-0.191138	
2307	-0.602953	0.206439	-0.195286	
2308	-0.609200	0.212039	-0.199071	
2309	-0.616096	0.214785	-0.203354	
2310	-0.620673	0.218277	-0.207336	
2311	-0.627748	0.221856	-0.210992	
2312	-0.631339	0.225471	-0.214141	
2313	-0.638328	0.227468	-0.216956	
2314	-0.643271	0.228677	-0.219853	
2315	-0.648743	0.230171	-0.222325	
2316	-0.654013	0.232346	-0.224038	
2317	-0.659248	0.234252	-0.225909	
2318	-0.667767	0.236901	-0.227506	
2319	-0.673254	0.237749	-0.229434	
2320	-0.678127	0.237789	-0.231879	
2321	-0.684694	0.238406	-0.234316	
2322	-0.690082	0.238870	-0.236536	
2323	-0.695217	0.238434	-0.239588	
2324	-0.701309	0.238196	-0.242639	
2325	-0.708141	0.237351	-0.245325	
2326	-0.714229	0.236940	-0.248479	
2327	-0.720167	0.236792	-0.251801	
2328	-0.727015	0.234157	-0.254678	
2329	-0.734326	0.231245	-0.257748	
2330	-0.755620	0.228873	-0.258084	
2331	-0.763377	0.227983	-0.260632	
2332	-0.769372	0.225747	-0.263326	
2333	-0.778512	0.225181	-0.265758	
2334	-0.786440	0.224778	-0.267931	
2335	-0.794000	0.222178	-0.270378	
2336	-0.804393	0.223073	-0.272130	
2337	-0.810248	0.222807	-0.274948	
2338	-0.817091	0.222266	-0.277906	
2339	-0.829154	0.224474	-0.280419	
2340	-0.842972	0.227839	-0.282657	
2341	-0.847791	0.227458	-0.286635	
2342	-0.855407	0.228405	-0.289946	
2343	-0.866755	0.230351	-0.292489	
2344	-0.872664	0.228936	-0.296138	
2345	-0.881325	0.228506	-0.298996	
2346	-0.885107	0.228891	-0.302340	
2347	-0.891452	0.226879	-0.306398	
2348	-0.901219	0.226834	-0.308933	
2349	-0.908678	0.227318	-0.311894	
2350	-0.915135	0.226440	-0.315346	
2351	-0.922627	0.226825	-0.319035	
2352	-0.926381	0.224400	-0.323665	
2353	-0.932998	0.222202	-0.327786	
2354	-0.940135	0.220414	-0.331637	
2355	-0.945317	0.218665	-0.336125	
2356	-0.949293	0.219185	-0.340593	
2357	-0.958337	0.220031	-0.344198	
2358	-0.964689	0.221972	-0.347668	
2359	-0.970988	0.223077	-0.351992	
2360	-0.985174	0.225278	-0.360475	
2361	-0.997118	0.229167	-0.371034	
2362	-1.007719	0.235079	-0.375403	
2363	-1.014467	0.238418	-0.380900	
2364	-1.028053	0.245734	-0.390589	
2365	-1.045267	0.254510	-0.399588	
2366	-1.062384	0.260684	-0.408537	
2367	-1.071460	0.265980	-0.413142	
2368	-1.076085	0.269330	-0.417869	
2369	-1.084072	0.273288	-0.421080	
2370	-1.092726	0.279511	-0.423643	
2371	-1.101093	0.284641	-0.425669	
2372	-1.103836	0.286901	-0.428808	
2373	-1.107258	0.288311	-0.430245	
2374	-1.118353	0.293285	-0.428037	
2375	-1.125244	0.297154	-0.425994	
2376	-1.123646	0.297697	-0.425446	
2377	-1.127727	0.300164	-0.423321	
2378	-1.136020	0.301436	-0.419801	
2379	-1.144936	0.300965	-0.413929	
2380	-1.148003	0.303362	-0.410439	
2381	-1.154417	0.300929	-0.406818	
2382	-1.163133	0.298409	-0.401297	
2383	-1.165135	0.297825	-0.397332	
2384	-1.170877	0.297897	-0.391452	
2385	-1.179205	0.293730	-0.384500	
2386	-1.186819	0.291201	-0.377703	
2387	-1.193270	0.288866	-0.371193	
2388	-1.199440	0.281735	-0.364645	
2389	-1.207975	0.279566	-0.356510	
2390	-1.215590	0.277096	-0.349025	
2391	-1.220578	0.273309	-0.341418	
2392	-1.223071	0.267107	-0.335386	
2393	-1.232985	0.261826	-0.327018	
2394	-1.240678	0.258130	-0.319704	
2395	-1.246414	0.255762	-0.313198	
2396	-1.252329	0.250653	-0.306757	
2397	-1.256885	0.243985	-0.300774	
2398	-1.264074	0.237739	-0.294313	
2399	-1.276643	0.228041	-0.284787	
2400	-1.283009	0.222496	-0.278492	
2401	-1.285508	0.215881	-0.273194	
2402	-1.287272	0.209055	-0.268368	
2403	-1.292724	0.204208	-0.262865	
2404	-1.297721	0.198795	-0.257792	
2405	-1.299182	0.193006	-0.253573	
2406	-1.303808	0.190209	-0.248708	
2407	-1.307722	0.185402	-0.243956	
2408	-1.312777	0.181241	-0.238851	
2409	-1.317270	0.177357	-0.233551	
2410	-1.324516	0.171300	-0.223636	
2411	-1.327872	0.162832	-0.215333	
2412	-1.332617	0.160871	-0.210596	
2413	-1.334890	0.157849	-0.206086	
2414	-1.333077	0.152995	-0.203022	
2415	-1.337073	0.150072	-0.197790	
2416	-1.338812	0.146625	-0.193485	
2417	-1.338307	0.142610	-0.189480	
2418	-1.338855	0.139420	-0.185532	
2419	-1.343171	0.137406	-0.180220	
2420	-1.342800	0.133491	-0.176873	
2421	-1.345754	0.130978	-0.171956	
2422	-1.348492	0.128564	-0.167466	
2423	-1.349118	0.124654	-0.163965	
2424	-1.353259	0.123653	-0.158962	
2425	-1.354688	0.123177	-0.154273	
2426	-1.354857	0.121086	-0.150048	
2427	-1.359736	0.118520	-0.143861	
2428	-1.361902	0.116913	-0.138256	
2429	-1.364029	0.117158	-0.132637	
2430	-1.361223	0.115422	-0.128663	
2431	-1.363439	0.114356	-0.122912	
2432	-1.365714	0.115088	-0.117095	
2433	-1.367557	0.112784	-0.111612	
2434	-1.368490	0.111040	-0.105693	
2435	-1.366934	0.109973	-0.100959	
2436	-1.367147	0.109268	-0.094848	
2437	-1.365794	0.106862	-0.088995	
2438	-1.360506	0.104225	-0.083721	
2439	-1.358190	0.100495	-0.076849	
2440	-1.356086	0.095244	-0.069450	
2441	-1.351969	0.090451	-0.061805	
2442	-1.344747	0.087241	-0.054893	
2443	-1.339857	0.081886	-0.046843	
2444	-1.339940	0.076314	-0.036498	
2445	-1.332673	0.072382	-0.027983	
2446	-1.321940	0.065670	-0.021388	
2447	-1.320847	0.057758	-0.011707	
2448	-1.313982	0.052743	-0.003095	
2449	-1.299998	0.046133	0.002196	
2450	-1.298031	0.036381	0.010792	
2451	-1.296130	0.030980	0.020796	
2452	-1.281200	0.025515	0.026914	
2453	-1.272105	0.018154	0.033647	
2454	-1.270847	0.013265	0.042959	
2455	-1.263324	0.008297	0.049918	
2456	-1.253378	0.004722	0.055307	
2457	-1.251059	0.000514	0.062274	
2458	-1.247259	-0.001796	0.068642	
2459	-1.237790	-0.005500	0.072782	
2460	-1.229731	-0.009117	0.076005	
2461	-1.227088	-0.009998	0.081347	
2462	-1.224724	-0.009947	0.086329	
2463	-1.216088	-0.011056	0.089139	
2464	-1.208444	-0.011729	0.092947	
2465	-1.205097	-0.011220	0.098215	
2466	-1.202134	-0.011565	0.103444	
2467	-1.194993	-0.013739	0.108124	
2468	-1.189044	-0.011676	0.114246	
2469	-1.185510	-0.009790	0.119507	
2470	-1.180847	-0.010342	0.123909	
2471	-1.177198	-0.008484	0.129295	
2472	-1.175710	-0.005955	0.135682	
2473	-1.169761	-0.005165	0.139159	
2474	-1.166171	-0.005186	0.143564	
2475	-1.163276	-0.003093	0.148304	
2476	-1.157395	-0.003166	0.151035	
2477	-1.154814	-0.004554	0.154109	
2478	-1.150972	-0.004436	0.157210	
2479	-1.147070	-0.002520	0.160177	
2480	-1.145788	-0.002789	0.163212	
2481	-1.141003	-0.002934	0.166292	
2482	-1.136960	-0.001972	0.170054	
2483	-1.130684	-0.005840	0.172606	
2484	-1.130766	-0.004535	0.179325	
2485	-1.128797	-0.001986	0.185285	
2486	-1.120824	-0.004488	0.188627	
2487	-1.117766	-0.006553	0.193137	
2488	-1.120224	-0.003404	0.198836	
2489	-1.116247	-0.005047	0.202698	
2490	-1.111888	-0.004871	0.206748	
2491	-1.109604	-0.004394	0.210976	
2492	-1.108696	-0.005341	0.215828	
2493	-1.104565	0.000185	0.220623	
2494	-1.097747	-0.000943	0.222644	
2495	-1.098775	0.000362	0.226955	
2496	-1.099013	0.005027	0.231942	
2497	-1.093390	0.005101	0.233667	
2498	-1.094012	0.005342	0.236659	
2499	-1.096745	0.011155	0.241559	
2500	-1.092883	0.011380	0.242779	
2501	-1.093215	0.011186	0.244723	
2502	-1.094727	0.013984	0.247914	
2503	-1.092859	0.013803	0.249045	
2504	-1.094313	0.013621	0.250607	
2505	-1.096769	0.014931	0.252814	
2506	-1.095662	0.015087	0.253885	
2507	-1.095524	0.014690	0.254778	
2508	-1.097056	0.015946	0.256465	
2509	-1.096550	0.016199	0.257689	
2510	-1.094414	0.017028	0.258299	
2511	-1.095809	0.017817	0.259510	
2512	-1.097734	0.020717	0.261861	
2513	-1.096932	0.022147	0.263387	
2514	-1.097404	0.022725	0.264684	
2515	-1.101036	0.025545	0.267917	
2516	-1.098727	0.027331	0.269444	
2517	-1.096803	0.027655	0.270344	
2518	-1.101841	0.030560	0.273975	
2519	-1.100805	0.033085	0.276220	
2520	-1.098758	0.032886	0.277542	
2521	-1.101488	0.035178	0.280852	
2522	-1.100657	0.037087	0.283178	
2523	-1.098392	0.038455	0.285327	
2524	-1.096511	0.040130	0.287184	
2525	-1.098208	0.041791	0.290110	
2526	-1.094414	0.043042	0.291859	
2527	-1.092000	0.044523	0.293398	
2528	-1.093639	0.046645	0.296032	
2529	-1.092869	0.048311	0.298119	
2530	-1.088134	0.049413	0.298296	
2531	-1.087648	0.049882	0.299033	
2532	-1.089192	0.051827	0.300697	
2533	-1.086010	0.052640	0.300889	
2534	-1.084549	0.052294	0.300627	
2535	-1.086913	0.052906	0.302354	
2536	-1.084104	0.053474	0.302947	
2537	-1.083161	0.052644	0.303041	
2538	-1.083219	0.052351	0.303814	
2539	-1.082465	0.052045	0.304558	
2540	-1.080707	0.051860	0.304599	
2541	-1.079218	0.050805	0.305044	
2542	-1.076557	0.050038	0.304390	
2543	-1.076295	0.049462	0.304369	
2544	-1.075408	0.048822	0.304444	
2545	-1.073411	0.048135	0.304111	
2546	-1.074392	0.046914	0.304249	
2547	-1.073962	0.047449	0.304720	
2548	-1.071258	0.048511	0.304337	
2549	-1.071749	0.048522	0.304571	
2550	-1.071867	0.049671	0.305105	
2551	-1.069147	0.051652	0.305099	
2552	-1.068197	0.051664	0.304782	
2553	-1.067924	0.053720	0.305577	
2554	-1.064658	0.055502	0.305121	
2555	-1.064003	0.056249	0.304983	
2556	-1.063594	0.057839	0.305452	
2557	-1.060586	0.060189	0.304892	
2558	-1.059804	0.060480	0.304362	
2559	-1.060308	0.061953	0.304755	
2560	-1.056901	0.064065	0.304214	
2561	-1.056631	0.064600	0.303800	
2562	-1.057125	0.065950	0.304165	
2563	-1.052980	0.068538	0.303453	
2564	-1.052609	0.069712	0.303327	
2565	-1.051479	0.071766	0.303310	
2566	-1.047300	0.075505	0.302262	
2567	-1.047538	0.076773	0.302145	
2568	-1.044489	0.078819	0.300792	
2569	-1.043976	0.080196	0.299712	
2570	-1.042002	0.081074	0.298711	
2571	-1.042141	0.081376	0.297722	
2572	-1.041544	0.081874	0.296902	
2573	-1.039255	0.082464	0.295766	
2574	-1.038897	0.082985	0.294324	
2575	-1.036770	0.082597	0.292941	
2576	-1.037554	0.082765	0.292512	
2577	-1.035356	0.082706	0.291519	
2578	-1.033537	0.082883	0.289634	
2579	-1.032458	0.083426	0.289025	
2580	-1.029475	0.084136	0.287984	
2581	-1.029264	0.084748	0.287490	
2582	-1.029618	0.085280	0.287384	
2583	-1.027723	0.085898	0.286626	
