0	0.000000	0.000000	0.000000	
1	0.000000	0.000000	0.000000	
2	0.000000	0.000000	0.000000	
3	0.000000	0.000000	0.000000	
4	0.000187	-0.000041	-0.000128	
5	0.000162	0.000967	-0.000462	
6	0.000247	0.001127	-0.000525	
7	0.000099	-0.000257	-0.000080	
8	0.000252	-0.000206	-0.000021	
9	0.000355	0.000453	-0.000198	
10	0.000252	-0.000184	0.000001	
11	0.000257	-0.001045	0.000294	
12	0.000216	-0.001546	0.000618	
13	0.000305	-0.001652	0.000702	
14	0.000333	-0.001696	0.000777	
15	0.000650	-0.001722	0.000718	
16	0.000582	-0.001618	0.000751	
17	0.000547	-0.000925	0.000504	
18	0.000482	-0.001016	0.000452	
19	0.000244	-0.000796	0.000350	
20	0.000301	-0.000685	0.000215	
21	0.000377	-0.000822	0.000319	
22	0.000020	-0.000695	0.000253	
23	0.000010	-0.000832	0.000261	
24	-0.000199	-0.000867	0.000267	
25	-0.000041	-0.001152	0.000309	
26	-0.000336	-0.001090	0.000283	
27	-0.000417	-0.000996	0.000321	
28	-0.000710	-0.001303	0.000452	
29	-0.000550	-0.001706	0.000404	
30	-0.000724	-0.001450	0.000386	
31	-0.000939	-0.001074	0.000351	
32	-0.001212	-0.001236	0.000514	
33	-0.001670	-0.000901	0.000572	
34	-0.001935	-0.000072	0.000355	
35	-0.002387	0.000062	0.000320	
36	-0.002502	-0.000433	0.000556	
37	-0.002695	0.000157	0.000573	
38	-0.003245	0.001671	0.000225	
39	-0.003615	0.001282	0.000648	
40	-0.003918	0.000059	0.001367	
41	-0.004489	0.000332	0.001715	
42	-0.004677	0.000460	0.002254	
43	-0.005046	0.000119	0.002905	
44	-0.005406	0.000634	0.003452	
45	-0.005685	0.001739	0.003993	
46	-0.005732	0.002101	0.004890	
47	-0.006071	0.002159	0.006341	
48	-0.006059	0.003549	0.007363	
49	-0.006007	0.004095	0.008890	
50	-0.005979	0.003861	0.010798	
51	-0.005400	0.004008	0.012722	
52	-0.005000	0.005269	0.014373	
53	-0.004045	0.006006	0.016167	
54	-0.003716	0.005718	0.018682	
55	-0.003195	0.005473	0.021200	
56	-0.002010	0.005584	0.023628	
57	-0.001329	0.004578	0.026489	
58	-0.000077	0.004878	0.029134	
59	0.000845	0.006189	0.031533	
60	0.002133	0.006204	0.034472	
61	0.003375	0.006285	0.037385	
62	0.004814	0.006918	0.040085	
63	0.006370	0.006592	0.043252	
64	0.007546	0.006982	0.046105	
65	0.009317	0.007959	0.048652	
66	0.011476	0.006473	0.051977	
67	0.011815	0.006263	0.054831	
68	0.013654	0.007123	0.057501	
69	0.015131	0.007853	0.059983	
70	0.016421	0.007113	0.063032	
71	0.017888	0.007425	0.065712	
72	0.019236	0.007946	0.068184	
73	0.020709	0.007114	0.071104	
74	0.022083	0.006768	0.073813	
75	0.023590	0.007967	0.076003	
76	0.024646	0.009123	0.078115	
77	0.026203	0.008418	0.080968	
78	0.027051	0.008221	0.083710	
79	0.028104	0.009269	0.085937	
80	0.029423	0.009506	0.088481	
81	0.029945	0.009745	0.091011	
82	0.031083	0.010674	0.093424	
83	0.031862	0.010853	0.095991	
84	0.032416	0.010499	0.098797	
85	0.033171	0.010647	0.101382	
86	0.034039	0.010611	0.104252	
87	0.034829	0.010968	0.107030	
88	0.035618	0.010944	0.109952	
89	0.036072	0.010918	0.112928	
90	0.037354	0.011515	0.115949	
91	0.037877	0.011751	0.119135	
92	0.038317	0.012239	0.122081	
93	0.039158	0.012068	0.125287	
94	0.039922	0.012305	0.128371	
95	0.040807	0.012168	0.131640	
96	0.041407	0.010718	0.135303	
97	0.041987	0.010878	0.138464	
98	0.043069	0.010857	0.141703	
99	0.043283	0.009243	0.145335	
100	0.043823	0.008681	0.148723	
101	0.044483	0.008974	0.151678	
102	0.044788	0.007799	0.155092	
103	0.045558	0.007750	0.158225	
104	0.045950	0.007630	0.160960	
105	0.045975	0.006902	0.163798	
106	0.046548	0.007554	0.166253	
107	0.046600	0.006632	0.169016	
108	0.046773	0.005774	0.171714	
109	0.047156	0.005395	0.174271	
110	0.047539	0.005229	0.176813	
111	0.047985	0.005024	0.179228	
112	0.047618	0.004367	0.181671	
113	0.047962	0.004520	0.184106	
114	0.048302	0.004599	0.186460	
115	0.048131	0.003938	0.189060	
116	0.048328	0.004212	0.191501	
117	0.048371	0.004041	0.194207	
118	0.048823	0.003932	0.197176	
119	0.048920	0.004219	0.199944	
120	0.049146	0.004095	0.203010	
121	0.049145	0.004048	0.206087	
122	0.049212	0.003866	0.209244	
123	0.049246	0.003557	0.212320	
124	0.049510	0.003222	0.215624	
125	0.049764	0.003277	0.218775	
126	0.050247	0.003143	0.222060	
127	0.050675	0.002617	0.225257	
128	0.051195	0.002599	0.228370	
129	0.051775	0.003293	0.231021	
130	0.052346	0.003106	0.233829	
131	0.052643	0.002620	0.236787	
132	0.053311	0.003256	0.239342	
133	0.053869	0.002570	0.242388	
134	0.054353	0.002937	0.244676	
135	0.055056	0.003646	0.246960	
136	0.055790	0.003900	0.249460	
137	0.056230	0.003801	0.251796	
138	0.056594	0.004008	0.254085	
139	0.056854	0.004466	0.256361	
140	0.056838	0.004934	0.260512	
141	0.056704	0.005459	0.262537	
142	0.056524	0.005937	0.264451	
143	0.056035	0.005875	0.266451	
144	0.055410	0.005901	0.268256	
145	0.054763	0.005663	0.270185	
146	0.054066	0.006564	0.271718	
147	0.053175	0.007255	0.273130	
148	0.052210	0.007357	0.274938	
149	0.051270	0.007645	0.276946	
150	0.050119	0.007854	0.278713	
151	0.049010	0.008078	0.280637	
152	0.047901	0.008337	0.282917	
153	0.046639	0.008770	0.284895	
154	0.045202	0.008956	0.286937	
155	0.042303	0.009933	0.291131	
156	0.040872	0.010034	0.293448	
157	0.039396	0.010500	0.295475	
158	0.037727	0.010745	0.297497	
159	0.036143	0.010696	0.299653	
160	0.034448	0.010802	0.301601	
161	0.032649	0.011044	0.303440	
162	0.031063	0.011077	0.305181	
163	0.029504	0.011080	0.307124	
164	0.027893	0.011340	0.309110	
165	0.026425	0.011455	0.310935	
166	0.024892	0.011156	0.313158	
167	0.023412	0.011741	0.314653	
168	0.021919	0.011942	0.316133	
169	0.020771	0.012155	0.317893	
170	0.019726	0.012921	0.319380	
171	0.018525	0.013451	0.320484	
172	0.017551	0.014040	0.321474	
173	0.016689	0.014573	0.322527	
174	0.015800	0.015131	0.323651	
175	0.014936	0.015647	0.324305	
176	0.014303	0.016228	0.325179	
177	0.013696	0.016838	0.325904	
178	0.013180	0.017252	0.326679	
179	0.012722	0.017734	0.327539	
180	0.012160	0.018080	0.327998	
181	0.011655	0.018318	0.328482	
182	0.011230	0.018635	0.328652	
183	0.010430	0.019169	0.329229	
184	0.010092	0.019386	0.329408	
185	0.009539	0.019746	0.330380	
186	0.009162	0.019917	0.331659	
187	0.008904	0.020212	0.333000	
188	0.008674	0.020480	0.334359	
189	0.008623	0.020378	0.335851	
190	0.008867	0.020512	0.337147	
191	0.008924	0.020776	0.338864	
192	0.008897	0.020873	0.340213	
193	0.009005	0.020951	0.341921	
194	0.009193	0.021105	0.343172	
195	0.009325	0.021324	0.343533	
196	0.009499	0.021657	0.344592	
197	0.009688	0.021793	0.345974	
198	0.009931	0.021997	0.345955	
199	0.010125	0.022298	0.346956	
200	0.010211	0.022468	0.347816	
201	0.010452	0.022607	0.348170	
202	0.010544	0.022570	0.348361	
203	0.010623	0.022526	0.349199	
204	0.010664	0.022444	0.349406	
205	0.010648	0.022182	0.349632	
206	0.010721	0.022054	0.349969	
207	0.010691	0.022042	0.350509	
208	0.010646	0.022155	0.350387	
209	0.010516	0.022089	0.350531	
210	0.010497	0.021984	0.350564	
211	0.010450	0.021747	0.350113	
212	0.010462	0.021760	0.349838	
213	0.010456	0.021709	0.349347	
214	0.010345	0.021355	0.349028	
215	0.010252	0.021051	0.348458	
216	0.010093	0.020754	0.347929	
217	0.009984	0.020400	0.347311	
218	0.009864	0.019935	0.346853	
219	0.009752	0.019494	0.346212	
220	0.009666	0.019323	0.345756	
221	0.009497	0.018948	0.345147	
222	0.009184	0.018376	0.344494	
223	0.008890	0.018039	0.343874	
224	0.008542	0.017496	0.342797	
225	0.008242	0.017004	0.341989	
226	0.007843	0.016539	0.341309	
227	0.007479	0.016094	0.340462	
228	0.007060	0.015980	0.339417	
229	0.006611	0.015575	0.338595	
230	0.006056	0.015055	0.337366	
231	0.005538	0.014430	0.336396	
232	0.004960	0.013988	0.335795	
233	0.004344	0.013392	0.334484	
234	0.003714	0.013211	0.333453	
235	0.003017	0.012634	0.332406	
236	0.002257	0.012135	0.331367	
237	0.000484	0.010280	0.329033	
238	-0.000472	0.009524	0.327825	
239	-0.001496	0.008229	0.326493	
240	-0.002535	0.007417	0.325476	
241	-0.003581	0.006579	0.324450	
242	-0.004607	0.005790	0.322885	
243	-0.005728	0.004757	0.321675	
244	-0.006721	0.004139	0.320315	
245	-0.007865	0.003344	0.318784	
246	-0.008920	0.002198	0.317484	
247	-0.010000	0.001216	0.315719	
248	-0.010972	0.000515	0.314067	
249	-0.011981	-0.000453	0.312632	
250	-0.013057	-0.001864	0.311095	
251	-0.014058	-0.002938	0.309514	
252	-0.014929	-0.003965	0.307714	
253	-0.015895	-0.005128	0.306133	
254	-0.016923	-0.006110	0.304607	
255	-0.017802	-0.006961	0.303015	
256	-0.018769	-0.008001	0.301537	
257	-0.019567	-0.008950	0.299882	
258	-0.020445	-0.009868	0.298346	
259	-0.021480	-0.011013	0.296781	
260	-0.022290	-0.011847	0.295212	
261	-0.023117	-0.012530	0.293595	
262	-0.024016	-0.013493	0.291977	
263	-0.024952	-0.014385	0.290383	
264	-0.025839	-0.014702	0.289000	
265	-0.026586	-0.015149	0.287330	
266	-0.027469	-0.016019	0.285646	
267	-0.028306	-0.016469	0.283897	
268	-0.029192	-0.016770	0.282441	
269	-0.030023	-0.017183	0.280862	
270	-0.030699	-0.017784	0.278697	
271	-0.031614	-0.018406	0.277003	
272	-0.032440	-0.018964	0.275103	
273	-0.033311	-0.019219	0.273479	
274	-0.033868	-0.019262	0.271438	
275	-0.034590	-0.019473	0.269721	
276	-0.035530	-0.019586	0.268198	
277	-0.036242	-0.019766	0.266615	
278	-0.036870	-0.019839	0.264886	
279	-0.037635	-0.020302	0.263097	
280	-0.038425	-0.020572	0.261584	
281	-0.039244	-0.020936	0.259847	
282	-0.040226	-0.021159	0.258275	
283	-0.040950	-0.021335	0.256791	
284	-0.041953	-0.021564	0.254981	
285	-0.042863	-0.021563	0.253054	
286	-0.043896	-0.021445	0.251356	
287	-0.044948	-0.021337	0.249330	
288	-0.046691	-0.021049	0.248004	
289	-0.048080	-0.020823	0.246021	
290	-0.049577	-0.020543	0.244302	
291	-0.051201	-0.019961	0.242661	
292	-0.052841	-0.019349	0.241047	
293	-0.054808	-0.019271	0.239084	
294	-0.056915	-0.019175	0.237508	
295	-0.059032	-0.018986	0.235976	
296	-0.061223	-0.018863	0.234499	
297	-0.063331	-0.018660	0.232833	
298	-0.065785	-0.018748	0.231447	
299	-0.068188	-0.018456	0.229956	
300	-0.070636	-0.018531	0.228340	
301	-0.073239	-0.018830	0.226841	
302	-0.075610	-0.018893	0.225240	
303	-0.078152	-0.018600	0.223824	
304	-0.080719	-0.018956	0.222211	
305	-0.083385	-0.019281	0.220745	
306	-0.085892	-0.019475	0.219184	
307	-0.088293	-0.018882	0.217939	
308	-0.090788	-0.018609	0.216571	
309	-0.093384	-0.018764	0.215132	
310	-0.096215	-0.018784	0.214177	
311	-0.098637	-0.018377	0.212996	
312	-0.101092	-0.018125	0.211787	
313	-0.103823	-0.017774	0.210946	
314	-0.106191	-0.016719	0.210094	
315	-0.108767	-0.016018	0.209339	
316	-0.110898	-0.015099	0.208369	
317	-0.112980	-0.014367	0.207572	
318	-0.115041	-0.014081	0.206379	
319	-0.117099	-0.013815	0.205212	
320	-0.118769	-0.013049	0.203858	
321	-0.120350	-0.011955	0.202840	
322	-0.122117	-0.011580	0.201500	
323	-0.123865	-0.011229	0.199998	
324	-0.125496	-0.010329	0.198563	
325	-0.126814	-0.009477	0.197019	
326	-0.128522	-0.008921	0.195344	
327	-0.130060	-0.008280	0.193939	
328	-0.131549	-0.007707	0.192173	
329	-0.133017	-0.006960	0.190418	
330	-0.134418	-0.006533	0.188435	
331	-0.135777	-0.005693	0.186491	
332	-0.137101	-0.005439	0.184000	
333	-0.138524	-0.005269	0.181687	
334	-0.139807	-0.003660	0.179756	
335	-0.140966	-0.003622	0.177132	
336	-0.142278	-0.004115	0.173738	
337	-0.143588	-0.003762	0.171325	
338	-0.145018	-0.004194	0.168583	
339	-0.146377	-0.004666	0.165798	
340	-0.147663	-0.004824	0.163284	
341	-0.149039	-0.004598	0.160600	
342	-0.150091	-0.004083	0.158036	
343	-0.151088	-0.004170	0.154736	
344	-0.152130	-0.004556	0.151592	
345	-0.153161	-0.004592	0.148797	
346	-0.154170	-0.004288	0.145882	
347	-0.155118	-0.003989	0.143390	
348	-0.156089	-0.003450	0.140484	
349	-0.156776	-0.003178	0.137232	
350	-0.157505	-0.002666	0.134465	
351	-0.158289	-0.002226	0.131405	
352	-0.158958	-0.002082	0.128593	
353	-0.160097	-0.002188	0.125644	
354	-0.160774	-0.002025	0.123241	
355	-0.161534	-0.001939	0.120565	
356	-0.162331	-0.002205	0.117875	
357	-0.163291	-0.002403	0.115768	
358	-0.163848	-0.001307	0.113215	
359	-0.163853	-0.000405	0.110931	
360	-0.164439	-0.000334	0.108670	
361	-0.164925	-0.000294	0.105838	
362	-0.165448	0.000499	0.103759	
363	-0.165664	0.000912	0.101321	
364	-0.166442	0.000356	0.098812	
365	-0.167010	0.000250	0.096339	
366	-0.166946	0.001485	0.094031	
367	-0.167250	0.001970	0.091579	
368	-0.167791	0.002082	0.089320	
369	-0.168317	0.001836	0.087092	
370	-0.169065	0.001235	0.084290	
371	-0.169369	0.001160	0.081378	
372	-0.169846	0.000683	0.078590	
373	-0.170722	0.000288	0.076242	
374	-0.171268	0.001435	0.074353	
375	-0.171803	0.001996	0.071980	
376	-0.172801	0.000767	0.069553	
377	-0.173071	0.001234	0.066826	
378	-0.173624	0.002333	0.064424	
379	-0.174383	0.002061	0.061489	
380	-0.175324	0.002087	0.059371	
381	-0.175742	0.002379	0.056406	
382	-0.176604	0.002345	0.054204	
383	-0.177784	0.001944	0.051584	
384	-0.179209	0.001653	0.049221	
385	-0.179854	0.001531	0.046346	
386	-0.180923	0.000936	0.043647	
387	-0.182479	0.000237	0.041578	
388	-0.183459	-0.000200	0.038762	
389	-0.184951	-0.000518	0.036519	
390	-0.186613	-0.001532	0.034076	
391	-0.187958	-0.002195	0.031589	
392	-0.189002	-0.002455	0.029147	
393	-0.190247	-0.003086	0.026824	
394	-0.192239	-0.004008	0.024165	
395	-0.193120	-0.004877	0.021298	
396	-0.194436	-0.005570	0.019267	
397	-0.195766	-0.005091	0.016702	
398	-0.196839	-0.005001	0.014510	
399	-0.198208	-0.006270	0.011931	
400	-0.199112	-0.006448	0.009644	
401	-0.200308	-0.006868	0.007461	
402	-0.201504	-0.007614	0.005165	
403	-0.201787	-0.008201	0.002573	
404	-0.202899	-0.007967	0.000828	
405	-0.203582	-0.009611	-0.001639	
406	-0.204447	-0.009758	-0.003388	
407	-0.204870	-0.009899	-0.005497	
408	-0.205537	-0.010033	-0.007551	
409	-0.205905	-0.011233	-0.009729	
410	-0.206300	-0.011768	-0.011770	
411	-0.206733	-0.012444	-0.013947	
412	-0.207485	-0.012624	-0.015977	
413	-0.207723	-0.012817	-0.018139	
414	-0.208014	-0.013839	-0.020632	
415	-0.208410	-0.013948	-0.022784	
416	-0.209188	-0.014612	-0.025199	
417	-0.210153	-0.015798	-0.027618	
418	-0.210588	-0.017187	-0.030353	
419	-0.210565	-0.017087	-0.032838	
420	-0.211124	-0.017759	-0.035635	
421	-0.210559	-0.018572	-0.038401	
422	-0.211409	-0.019155	-0.040992	
423	-0.211627	-0.020274	-0.044038	
424	-0.211358	-0.020597	-0.047089	
425	-0.211112	-0.020759	-0.049973	
426	-0.211118	-0.020482	-0.052777	
427	-0.209491	-0.021075	-0.056143	
428	-0.209023	-0.021211	-0.059330	
429	-0.209402	-0.021519	-0.062274	
430	-0.208987	-0.022350	-0.065773	
431	-0.208902	-0.022778	-0.068718	
432	-0.209009	-0.023068	-0.072052	
433	-0.208688	-0.023578	-0.075073	
434	-0.208757	-0.024979	-0.078506	
435	-0.207947	-0.025362	-0.081692	
436	-0.207252	-0.025766	-0.084454	
437	-0.206122	-0.026195	-0.087694	
438	-0.203836	-0.026612	-0.090755	
439	-0.203153	-0.026871	-0.093390	
440	-0.202477	-0.027483	-0.096031	
441	-0.202300	-0.027116	-0.098721	
442	-0.202058	-0.026660	-0.101077	
443	-0.201811	-0.026597	-0.103687	
444	-0.201893	-0.027374	-0.106451	
445	-0.201971	-0.027447	-0.109185	
446	-0.201977	-0.027949	-0.111692	
447	-0.201674	-0.027997	-0.114228	
448	-0.201062	-0.026999	-0.116423	
449	-0.201423	-0.028065	-0.121526	
450	-0.201278	-0.027754	-0.124013	
451	-0.201624	-0.026582	-0.126124	
452	-0.201809	-0.026045	-0.128420	
453	-0.202187	-0.026614	-0.131231	
454	-0.202719	-0.027807	-0.134245	
455	-0.203223	-0.028859	-0.136975	
456	-0.203689	-0.028574	-0.139438	
457	-0.204444	-0.029336	-0.142226	
458	-0.205491	-0.029554	-0.144802	
459	-0.205674	-0.029824	-0.147686	
460	-0.206490	-0.030115	-0.150476	
461	-0.206753	-0.029320	-0.152966	
462	-0.207242	-0.029538	-0.155879	
463	-0.208181	-0.028924	-0.158438	
464	-0.208839	-0.029356	-0.161493	
465	-0.210222	-0.030645	-0.164762	
466	-0.211452	-0.031845	-0.167891	
467	-0.212660	-0.032978	-0.171047	
468	-0.213487	-0.033371	-0.173951	
469	-0.215053	-0.036109	-0.177368	
470	-0.215531	-0.035808	-0.179981	
471	-0.216369	-0.037095	-0.182974	
472	-0.217291	-0.036839	-0.185915	
473	-0.219072	-0.037320	-0.188662	
474	-0.220392	-0.038612	-0.191447	
475	-0.221550	-0.040284	-0.194330	
476	-0.222306	-0.042295	-0.197347	
477	-0.223338	-0.044455	-0.199949	
478	-0.224771	-0.045372	-0.202527	
479	-0.225601	-0.046370	-0.205090	
480	-0.226621	-0.047094	-0.207507	
481	-0.227711	-0.048182	-0.210083	
482	-0.228477	-0.047522	-0.212158	
483	-0.229004	-0.047889	-0.214184	
484	-0.229241	-0.048169	-0.215990	
485	-0.229491	-0.048809	-0.218019	
486	-0.230030	-0.049881	-0.220024	
487	-0.230354	-0.050629	-0.222181	
488	-0.230575	-0.050278	-0.224070	
489	-0.230705	-0.051045	-0.226051	
490	-0.231690	-0.051342	-0.228034	
491	-0.231278	-0.052274	-0.229995	
492	-0.231572	-0.052393	-0.231952	
493	-0.231055	-0.053398	-0.233903	
494	-0.232206	-0.052966	-0.236057	
495	-0.233596	-0.053107	-0.238480	
496	-0.233826	-0.052584	-0.240375	
497	-0.232548	-0.050797	-0.241687	
498	-0.231965	-0.050972	-0.243876	
499	-0.231058	-0.051503	-0.246181	
500	-0.231936	-0.049442	-0.248636	
501	-0.232899	-0.048700	-0.251440	
502	-0.232241	-0.049836	-0.254244	
503	-0.231623	-0.050446	-0.256500	
504	-0.231349	-0.051579	-0.259238	
505	-0.231622	-0.052572	-0.261690	
506	-0.232296	-0.051446	-0.264273	
507	-0.232033	-0.051411	-0.267035	
508	-0.231002	-0.050878	-0.269118	
509	-0.230726	-0.051917	-0.271495	
510	-0.230763	-0.052551	-0.274137	
511	-0.230557	-0.053162	-0.277005	
512	-0.227831	-0.054574	-0.279837	
513	-0.227217	-0.054577	-0.282989	
514	-0.225748	-0.053997	-0.285727	
515	-0.223220	-0.053452	-0.288359	
516	-0.221126	-0.053787	-0.290784	
517	-0.219300	-0.054541	-0.293318	
518	-0.217986	-0.055199	-0.295963	
519	-0.217212	-0.054881	-0.298383	
520	-0.216260	-0.056055	-0.300547	
521	-0.215676	-0.058095	-0.302943	
522	-0.214944	-0.058569	-0.305241	
523	-0.214676	-0.058605	-0.307692	
524	-0.214134	-0.058758	-0.310033	
525	-0.213561	-0.059351	-0.312230	
526	-0.213056	-0.059547	-0.314126	
527	-0.212033	-0.059796	-0.315964	
528	-0.211414	-0.058908	-0.317888	
529	-0.211640	-0.058846	-0.319784	
530	-0.211122	-0.059113	-0.321668	
531	-0.210317	-0.057677	-0.323309	
532	-0.209920	-0.057351	-0.324956	
533	-0.209348	-0.056487	-0.326384	
534	-0.209254	-0.055489	-0.327810	
535	-0.209073	-0.055693	-0.329425	
536	-0.209105	-0.054722	-0.330715	
537	-0.208621	-0.054576	-0.331909	
538	-0.208415	-0.053575	-0.333249	
539	-0.208274	-0.053350	-0.334515	
540	-0.208650	-0.053072	-0.335884	
541	-0.208625	-0.051717	-0.337123	
542	-0.209318	-0.050786	-0.338323	
543	-0.209852	-0.049713	-0.339602	
544	-0.210003	-0.048390	-0.340631	
545	-0.210424	-0.047481	-0.341673	
546	-0.210248	-0.046045	-0.342717	
547	-0.210729	-0.045018	-0.343969	
548	-0.211291	-0.041542	-0.345047	
549	-0.212122	-0.040777	-0.346186	
550	-0.212728	-0.040999	-0.347366	
551	-0.213477	-0.040028	-0.348348	
552	-0.214393	-0.038080	-0.349303	
553	-0.214942	-0.037924	-0.350201	
554	-0.215339	-0.039279	-0.351346	
555	-0.215437	-0.038968	-0.352321	
556	-0.215634	-0.037359	-0.353093	
557	-0.215436	-0.036930	-0.353744	
558	-0.215797	-0.036564	-0.354707	
559	-0.216177	-0.036683	-0.355506	
560	-0.215989	-0.036086	-0.356256	
561	-0.216565	-0.035455	-0.357006	
562	-0.216629	-0.035004	-0.357687	
563	-0.216810	-0.034886	-0.358306	
564	-0.217525	-0.034009	-0.359118	
565	-0.217393	-0.033759	-0.359637	
566	-0.217660	-0.033422	-0.360519	
567	-0.218115	-0.032760	-0.360954	
568	-0.218358	-0.032453	-0.361596	
569	-0.218821	-0.032081	-0.362230	
570	-0.219007	-0.031064	-0.362991	
571	-0.219054	-0.031347	-0.363749	
572	-0.219398	-0.030847	-0.364644	
573	-0.219094	-0.030025	-0.365670	
574	-0.219059	-0.029334	-0.366552	
575	-0.219379	-0.028453	-0.367642	
576	-0.218980	-0.027430	-0.368483	
577	-0.218934	-0.026353	-0.369324	
578	-0.218919	-0.025464	-0.370224	
579	-0.219116	-0.024838	-0.371036	
580	-0.219226	-0.023814	-0.371604	
581	-0.218561	-0.023390	-0.372210	
582	-0.217793	-0.023470	-0.372915	
583	-0.218341	-0.022083	-0.373594	
584	-0.217635	-0.021597	-0.373760	
585	-0.217468	-0.021845	-0.374328	
586	-0.217432	-0.021327	-0.374840	
587	-0.216846	-0.020768	-0.374759	
588	-0.216825	-0.020599	-0.375215	
589	-0.216777	-0.020294	-0.375573	
590	-0.216897	-0.018806	-0.375622	
591	-0.217028	-0.018195	-0.375968	
592	-0.217075	-0.017807	-0.376131	
593	-0.217136	-0.017390	-0.376693	
594	-0.217113	-0.016488	-0.376808	
595	-0.217753	-0.016034	-0.377070	
596	-0.217613	-0.015879	-0.376948	
597	-0.217791	-0.015285	-0.377167	
598	-0.217752	-0.014043	-0.377106	
599	-0.217601	-0.013071	-0.377237	
600	-0.217694	-0.012316	-0.377285	
601	-0.217546	-0.011244	-0.377201	
602	-0.217391	-0.010483	-0.376977	
603	-0.217285	-0.009949	-0.376744	
604	-0.217589	-0.009845	-0.376857	
605	-0.217386	-0.009228	-0.376807	
606	-0.217030	-0.008824	-0.376747	
607	-0.216619	-0.008378	-0.376689	
608	-0.217320	-0.007073	-0.376742	
609	-0.217106	-0.006990	-0.377006	
610	-0.216872	-0.005997	-0.376836	
611	-0.216784	-0.005779	-0.377229	
612	-0.215839	-0.006773	-0.377027	
613	-0.215770	-0.006634	-0.377068	
614	-0.216354	-0.005117	-0.377356	
615	-0.216643	-0.003371	-0.377793	
616	-0.216166	-0.003081	-0.377705	
617	-0.215603	-0.002389	-0.377866	
618	-0.215072	-0.002270	-0.378198	
619	-0.214880	-0.002935	-0.379220	
620	-0.214142	-0.002863	-0.379447	
621	-0.213014	-0.002251	-0.379494	
622	-0.212146	-0.001832	-0.379445	
623	-0.211663	-0.001029	-0.379891	
624	-0.210225	-0.001242	-0.379652	
625	-0.209002	-0.001616	-0.379669	
626	-0.207893	-0.000745	-0.379767	
627	-0.206412	-0.001161	-0.379785	
628	-0.204686	-0.002585	-0.380231	
629	-0.203617	-0.002221	-0.380098	
630	-0.201822	-0.001545	-0.379704	
631	-0.200208	-0.001613	-0.379706	
632	-0.198669	-0.002718	-0.379750	
633	-0.196736	-0.002562	-0.379125	
634	-0.194671	-0.002210	-0.378370	
635	-0.192923	-0.002367	-0.378657	
636	-0.190665	-0.002615	-0.378225	
637	-0.188964	-0.001596	-0.377689	
638	-0.186650	-0.001686	-0.377602	
639	-0.184227	-0.002104	-0.376997	
640	-0.181391	-0.002593	-0.376329	
641	-0.179347	-0.002047	-0.376273	
642	-0.176781	-0.002729	-0.376010	
643	-0.174278	-0.002493	-0.375230	
644	-0.171709	-0.001841	-0.374534	
645	-0.169226	-0.002317	-0.374172	
646	-0.166512	-0.002785	-0.373322	
647	-0.164356	-0.002155	-0.372547	
648	-0.161767	-0.001748	-0.372159	
649	-0.159116	-0.002255	-0.371473	
650	-0.156632	-0.002774	-0.370999	
651	-0.154261	-0.002974	-0.371120	
652	-0.152009	-0.002744	-0.370948	
653	-0.146358	-0.003515	-0.368960	
654	-0.144134	-0.002905	-0.368592	
655	-0.141238	-0.003345	-0.367521	
656	-0.138530	-0.003283	-0.366363	
657	-0.135985	-0.003077	-0.365778	
658	-0.133414	-0.003549	-0.365620	
659	-0.130864	-0.003074	-0.364788	
660	-0.127920	-0.002763	-0.363439	
661	-0.125204	-0.002959	-0.362784	
662	-0.122726	-0.002371	-0.362237	
663	-0.120317	-0.001174	-0.361355	
664	-0.118218	0.000428	-0.361164	
665	-0.115672	0.001008	-0.360672	
666	-0.113305	0.001685	-0.360570	
667	-0.110888	0.002349	-0.360089	
668	-0.108633	0.003456	-0.360120	
669	-0.106259	0.003856	-0.360283	
670	-0.103669	0.003525	-0.360673	
671	-0.101412	0.004867	-0.360891	
672	-0.098898	0.005650	-0.361065	
673	-0.096148	0.004891	-0.361418	
674	-0.093626	0.004923	-0.362516	
675	-0.091130	0.006291	-0.362518	
676	-0.088428	0.006366	-0.363653	
677	-0.085735	0.006679	-0.364321	
678	-0.083401	0.007176	-0.365487	
679	-0.080588	0.006757	-0.366782	
680	-0.077942	0.006858	-0.367950	
681	-0.075400	0.007183	-0.369609	
682	-0.072511	0.007186	-0.370821	
683	-0.069712	0.007309	-0.372544	
684	-0.067063	0.009203	-0.373589	
685	-0.064400	0.010057	-0.375254	
686	-0.061355	0.009952	-0.377227	
687	-0.058256	0.009970	-0.379161	
688	-0.055488	0.010327	-0.381300	
689	-0.052166	0.009533	-0.383566	
690	-0.048864	0.008569	-0.385924	
691	-0.045775	0.008413	-0.388380	
692	-0.042812	0.009184	-0.390251	
693	-0.039799	0.009490	-0.392486	
694	-0.036792	0.009985	-0.394408	
695	-0.033933	0.010370	-0.396041	
696	-0.028142	0.009417	-0.400844	
697	-0.025654	0.010527	-0.402478	
698	-0.021073	0.010817	-0.406538	
699	-0.018948	0.011465	-0.408556	
700	-0.016791	0.012550	-0.409821	
701	-0.014829	0.013437	-0.411379	
702	-0.012644	0.013169	-0.413369	
703	-0.010220	0.013110	-0.414826	
704	-0.008276	0.014031	-0.416193	
705	-0.006172	0.014449	-0.417560	
706	-0.003741	0.013648	-0.419174	
707	-0.001222	0.013445	-0.420716	
708	0.000949	0.014460	-0.421493	
709	0.003371	0.014899	-0.422140	
710	0.005960	0.014284	-0.423449	
711	0.008349	0.015116	-0.423748	
712	0.010678	0.015961	-0.424060	
713	0.013305	0.015576	-0.424850	
714	0.016332	0.014536	-0.425413	
715	0.019202	0.014078	-0.425583	
716	0.022028	0.014344	-0.425679	
717	0.024760	0.014494	-0.425591	
718	0.027645	0.014874	-0.425161	
719	0.030839	0.015167	-0.424445	
720	0.034161	0.013960	-0.424390	
721	0.037713	0.013607	-0.423688	
722	0.041103	0.013434	-0.422949	
723	0.044528	0.013279	-0.422004	
724	0.048189	0.013304	-0.420812	
725	0.051424	0.013430	-0.419997	
726	0.055411	0.012475	-0.418776	
727	0.059258	0.011761	-0.417658	
728	0.062734	0.012363	-0.416154	
729	0.066045	0.012497	-0.414948	
730	0.069981	0.012000	-0.413368	
731	0.073497	0.011776	-0.412063	
732	0.076927	0.011432	-0.411203	
733	0.080486	0.011248	-0.409896	
734	0.083608	0.011392	-0.408778	
735	0.086631	0.011817	-0.407439	
736	0.089530	0.011876	-0.406389	
737	0.092570	0.011611	-0.405299	
738	0.095204	0.012193	-0.404081	
739	0.097627	0.013044	-0.402833	
740	0.099867	0.013285	-0.401834	
741	0.102643	0.012983	-0.400802	
742	0.104952	0.012858	-0.400003	
743	0.107177	0.013122	-0.399067	
744	0.109502	0.012346	-0.398403	
745	0.111511	0.011682	-0.398076	
746	0.113112	0.012658	-0.397104	
747	0.117035	0.012448	-0.395267	
748	0.119169	0.012216	-0.394543	
749	0.120828	0.012151	-0.393906	
750	0.122778	0.011549	-0.393369	
751	0.124751	0.010967	-0.392839	
752	0.126544	0.011319	-0.392165	
753	0.128570	0.011045	-0.391682	
754	0.130319	0.011107	-0.391158	
755	0.131871	0.012065	-0.390330	
756	0.133662	0.012933	-0.389492	
757	0.135610	0.012813	-0.389247	
758	0.138021	0.012552	-0.388840	
759	0.140126	0.012892	-0.388206	
760	0.142130	0.013293	-0.387937	
761	0.144597	0.013243	-0.387226	
762	0.147182	0.013049	-0.386974	
763	0.149647	0.013440	-0.386511	
764	0.151890	0.013585	-0.386235	
765	0.154517	0.012943	-0.386178	
766	0.157235	0.012478	-0.386153	
767	0.159355	0.012756	-0.386050	
768	0.161555	0.012269	-0.386300	
769	0.163665	0.011740	-0.386598	
770	0.165522	0.012467	-0.386663	
771	0.167187	0.012558	-0.386915	
772	0.169440	0.012072	-0.387088	
773	0.171299	0.012050	-0.387263	
774	0.172883	0.011673	-0.387639	
775	0.174578	0.011460	-0.387812	
776	0.176117	0.011592	-0.387896	
777	0.177623	0.010468	-0.388642	
778	0.178821	0.009609	-0.389359	
779	0.179893	0.009311	-0.389617	
780	0.180821	0.009162	-0.390002	
781	0.181775	0.008779	-0.390304	
782	0.182573	0.008734	-0.390630	
783	0.183229	0.008972	-0.390804	
784	0.183909	0.009230	-0.390905	
785	0.184880	0.008424	-0.391320	
786	0.185760	0.007770	-0.391575	
787	0.186588	0.007292	-0.391704	
788	0.187599	0.006229	-0.391994	
789	0.188433	0.005401	-0.392078	
790	0.189383	0.005146	-0.392086	
791	0.190459	0.004627	-0.391925	
792	0.191166	0.003850	-0.391998	
793	0.192063	0.002812	-0.391950	
794	0.192777	0.002252	-0.391556	
795	0.193428	0.001369	-0.391336	
796	0.194208	0.000391	-0.390980	
797	0.194314	0.000047	-0.390876	
798	0.194865	-0.000299	-0.390527	
799	0.195445	-0.000576	-0.390271	
800	0.196167	-0.000803	-0.389744	
801	0.196931	-0.001032	-0.389313	
802	0.197690	-0.001428	-0.388914	
803	0.198379	-0.001663	-0.388253	
804	0.199000	-0.001900	-0.387787	
805	0.199615	-0.001849	-0.387159	
806	0.200485	-0.002022	-0.386597	
807	0.201031	-0.002198	-0.386043	
808	0.201788	-0.002404	-0.385422	
809	0.202368	-0.002223	-0.384623	
810	0.203125	-0.002139	-0.383851	
811	0.203894	-0.001950	-0.382978	
812	0.204875	-0.002110	-0.382217	
813	0.205636	-0.001927	-0.381229	
814	0.206427	-0.001851	-0.380257	
815	0.207220	-0.002049	-0.379499	
816	0.207932	-0.001925	-0.378535	
817	0.208556	-0.001886	-0.377645	
818	0.209130	-0.001821	-0.376579	
819	0.209323	-0.001599	-0.375704	
820	0.209518	-0.001488	-0.375011	
821	0.209452	-0.000944	-0.374090	
822	0.209747	-0.000604	-0.372900	
823	0.209661	-0.000088	-0.371994	
824	0.209627	0.000237	-0.371096	
825	0.209444	0.000269	-0.370485	
826	0.209240	0.000668	-0.369681	
827	0.208779	0.001210	-0.369086	
828	0.208336	0.001105	-0.368574	
829	0.208094	0.001148	-0.367408	
830	0.206695	0.001083	-0.366294	
831	0.206444	0.001276	-0.365151	
832	0.205602	0.001520	-0.364412	
833	0.204906	0.001311	-0.363550	
834	0.204409	0.001249	-0.362461	
835	0.203420	0.001662	-0.361573	
836	0.202425	0.001939	-0.360767	
837	0.201444	0.001981	-0.360126	
838	0.200300	0.002100	-0.359725	
839	0.199161	0.002856	-0.358919	
840	0.197850	0.003887	-0.357691	
841	0.196652	0.004348	-0.356994	
842	0.195495	0.004387	-0.356322	
843	0.194215	0.004893	-0.355346	
844	0.192828	0.005094	-0.355206	
845	0.191664	0.004820	-0.354603	
846	0.190578	0.004723	-0.353649	
847	0.189257	0.004674	-0.353142	
848	0.188079	0.004452	-0.352697	
849	0.186864	0.004494	-0.351540	
850	0.185508	0.004634	-0.351436	
851	0.183774	0.004799	-0.351806	
852	0.182416	0.005184	-0.351434	
853	0.181167	0.005752	-0.350531	
854	0.179847	0.007107	-0.349273	
855	0.178688	0.007988	-0.347654	
856	0.177664	0.007860	-0.346691	
857	0.176405	0.008518	-0.345390	
858	0.175033	0.009022	-0.343773	
859	0.173671	0.008864	-0.342498	
860	0.172229	0.009089	-0.341065	
861	0.170774	0.009245	-0.339310	
862	0.169281	0.009000	-0.337764	
863	0.167389	0.008751	-0.335784	
864	0.165503	0.009016	-0.333628	
865	0.163415	0.009329	-0.331310	
866	0.161284	0.008779	-0.329574	
867	0.159012	0.008317	-0.327505	
868	0.156696	0.007513	-0.325440	
869	0.154096	0.007061	-0.323024	
870	0.151349	0.007640	-0.320536	
871	0.148437	0.008169	-0.317686	
872	0.145732	0.006829	-0.315481	
873	0.142942	0.005594	-0.313392	
874	0.139941	0.005219	-0.311182	
875	0.136930	0.004920	-0.308906	
876	0.133913	0.004335	-0.306623	
877	0.130736	0.004493	-0.304273	
878	0.127690	0.003967	-0.302327	
879	0.124720	0.002967	-0.299872	
880	0.121623	0.003131	-0.297819	
881	0.118586	0.003190	-0.295370	
882	0.115431	0.003044	-0.293117	
883	0.112647	0.002040	-0.291253	
884	0.109746	0.001607	-0.289358	
885	0.106741	0.001683	-0.287212	
886	0.103839	0.001604	-0.285375	
887	0.101020	0.001528	-0.283549	
888	0.098395	0.001015	-0.281794	
889	0.095846	0.000420	-0.280090	
890	0.093284	-0.000384	-0.278432	
891	0.090769	-0.000828	-0.276845	
892	0.088227	-0.001308	-0.275344	
893	0.085758	-0.001858	-0.273969	
894	0.083275	-0.002191	-0.272690	
895	0.080831	-0.002319	-0.271374	
896	0.078476	-0.002814	-0.270395	
897	0.076045	-0.003488	-0.269310	
898	0.073468	-0.003696	-0.268564	
899	0.070955	-0.003369	-0.268057	
900	0.068619	-0.003544	-0.267969	
901	0.066274	-0.003832	-0.267800	
902	0.063737	-0.003732	-0.267527	
903	0.061296	-0.003832	-0.267283	
904	0.058860	-0.004260	-0.266826	
905	0.056252	-0.004205	-0.266756	
906	0.053645	-0.003962	-0.267153	
907	0.051016	-0.003826	-0.267611	
908	0.048416	-0.003826	-0.267721	
909	0.045824	-0.004078	-0.267703	
910	0.043181	-0.003740	-0.268025	
911	0.040687	-0.003965	-0.267946	
912	0.038247	-0.004275	-0.267783	
913	0.035606	-0.004078	-0.267810	
914	0.033179	-0.003901	-0.268203	
915	0.030810	-0.003767	-0.268240	
916	0.028400	-0.003104	-0.268506	
917	0.026166	-0.003028	-0.268227	
918	0.024126	-0.003292	-0.268070	
919	0.022086	-0.003108	-0.268117	
920	0.020288	-0.003302	-0.267959	
921	0.018653	-0.003831	-0.267354	
922	0.017072	-0.003979	-0.267147	
923	0.015608	-0.003723	-0.267323	
924	0.014059	-0.003496	-0.267063	
925	0.012779	-0.003755	-0.267018	
926	0.011638	-0.003901	-0.266923	
927	0.010608	-0.004705	-0.266337	
928	0.009596	-0.004903	-0.266014	
929	0.008749	-0.005099	-0.265757	
930	0.007944	-0.005450	-0.265435	
931	0.007281	-0.005631	-0.265376	
932	0.006577	-0.006071	-0.264886	
933	0.006028	-0.006797	-0.264439	
934	0.005621	-0.007150	-0.264258	
935	0.005194	-0.007336	-0.264228	
936	0.004908	-0.007296	-0.264230	
937	0.004627	-0.007347	-0.264285	
938	0.004634	-0.007535	-0.264533	
939	0.004622	-0.007845	-0.264705	
940	0.004546	-0.008384	-0.264606	
941	0.004660	-0.008828	-0.264718	
942	0.004746	-0.009087	-0.264944	
943	0.004875	-0.009576	-0.265059	
944	0.005017	-0.009894	-0.265274	
945	0.005020	-0.010060	-0.265342	
946	0.005154	-0.010359	-0.265351	
947	0.005251	-0.010538	-0.265402	
948	0.005446	-0.010839	-0.265580	
949	0.005691	-0.011270	-0.265843	
950	0.005891	-0.011534	-0.265943	
951	0.006024	-0.011782	-0.265798	
952	0.006371	-0.012050	-0.266177	
953	0.006619	-0.012400	-0.266201	
954	0.006764	-0.012406	-0.266235	
955	0.007079	-0.012798	-0.266515	
956	0.007204	-0.012667	-0.266740	
957	0.007357	-0.012900	-0.266745	
958	0.007631	-0.012886	-0.267030	
959	0.007793	-0.013021	-0.266920	
960	0.008097	-0.013164	-0.267160	
961	0.008360	-0.013260	-0.267347	
962	0.008627	-0.013120	-0.267489	
963	0.008949	-0.013350	-0.267603	
964	0.009220	-0.013426	-0.267690	
965	0.009479	-0.013414	-0.267869	
966	0.009761	-0.013424	-0.268035	
