0	0.000000	0.000000	0.000000	
1	0.000000	0.000000	0.000000	
2	0.000000	0.000000	0.000000	
3	0.000000	0.000000	0.000000	
4	-0.004283	-0.001152	0.000793	
5	-0.003494	-0.000782	-0.000089	
6	-0.003619	-0.000600	0.000264	
7	-0.005051	-0.000847	0.000104	
8	-0.007093	-0.000288	0.000167	
9	-0.007169	-0.001508	0.000740	
10	-0.008176	-0.000598	0.001430	
11	-0.008150	-0.000452	0.000640	
12	-0.010584	-0.000189	0.001229	
13	-0.010576	-0.001292	0.000628	
14	-0.013672	-0.002376	0.001374	
15	-0.012850	-0.000584	0.000277	
16	-0.014880	0.000634	-0.001145	
17	-0.016448	0.000651	-0.000128	
18	-0.017962	0.000376	-0.000557	
19	-0.020910	0.001648	-0.000915	
20	-0.023968	0.000727	-0.000563	
21	-0.029593	0.001550	-0.001008	
22	-0.028970	0.002490	-0.002705	
23	-0.037411	0.001035	-0.003328	
24	-0.038511	-0.000197	-0.004103	
25	-0.044731	0.001166	-0.003237	
26	-0.050421	0.001873	-0.005461	
27	-0.055274	0.000113	-0.005744	
28	-0.061367	-0.000148	-0.008500	
29	-0.070946	0.000580	-0.006511	
30	-0.077383	-0.000190	-0.008341	
31	-0.084238	-0.000404	-0.010662	
32	-0.089701	-0.000044	-0.010933	
33	-0.118082	0.000598	-0.011280	
34	-0.121475	-0.000190	-0.013945	
35	-0.127096	-0.001083	-0.015726	
36	-0.137938	0.000963	-0.014490	
37	-0.149836	0.001476	-0.013753	
38	-0.152935	0.002171	-0.017131	
39	-0.162953	0.003800	-0.016437	
40	-0.173308	0.004904	-0.014706	
41	-0.186680	0.003499	-0.012487	
42	-0.193434	0.003093	-0.009128	
43	-0.199723	0.003777	-0.011235	
44	-0.208149	0.001748	-0.007529	
45	-0.214149	0.001085	-0.007442	
46	-0.217150	0.002895	-0.007761	
47	-0.221656	0.003145	-0.006656	
48	-0.228989	0.002023	-0.005859	
49	-0.243228	0.002272	-0.000946	
50	-0.241651	0.002439	-0.003953	
51	-0.245585	0.002052	-0.004684	
52	-0.247536	0.004386	-0.007921	
53	-0.260649	0.005905	-0.002149	
54	-0.262909	0.005149	-0.002443	
55	-0.282911	0.004733	0.006709	
56	-0.287741	0.007438	0.007294	
57	-0.297095	0.008058	0.010079	
58	-0.311230	0.005752	0.015759	
59	-0.314290	0.007495	0.013820	
60	-0.321119	0.009004	0.013587	
61	-0.344867	0.008436	0.023901	
62	-0.353512	0.009634	0.025044	
63	-0.366042	0.008486	0.029597	
64	-0.379808	0.008724	0.033314	
65	-0.390488	0.007432	0.035261	
66	-0.400784	0.005024	0.037525	
67	-0.411900	0.005226	0.036820	
68	-0.421422	0.004966	0.041299	
69	-0.430341	0.003170	0.040937	
70	-0.437509	0.002538	0.037863	
71	-0.453511	-0.002581	0.040783	
72	-0.463537	-0.004096	0.042445	
73	-0.465705	-0.005817	0.039294	
74	-0.467132	-0.009468	0.036501	
75	-0.465042	-0.012626	0.028386	
76	-0.465502	-0.013054	0.021573	
77	-0.463832	-0.014371	0.014368	
78	-0.470755	-0.017459	0.012187	
79	-0.474181	-0.020260	0.008448	
80	-0.486279	-0.019449	0.011430	
81	-0.494582	-0.019561	0.010940	
82	-0.502377	-0.021632	0.007803	
83	-0.514972	-0.020482	0.008038	
84	-0.528554	-0.021403	0.008403	
85	-0.543169	-0.022153	0.012438	
86	-0.553242	-0.021012	0.012104	
87	-0.566242	-0.021294	0.012397	
88	-0.575533	-0.021532	0.012539	
89	-0.582924	-0.019661	0.011290	
90	-0.597512	-0.018342	0.014307	
91	-0.612676	-0.020445	0.019493	
92	-0.617473	-0.019444	0.016072	
93	-0.624714	-0.017100	0.015627	
94	-0.637822	-0.018416	0.022176	
95	-0.647975	-0.017819	0.021746	
96	-0.653453	-0.015142	0.023636	
97	-0.667987	-0.014484	0.027709	
98	-0.673600	-0.015844	0.030829	
99	-0.681964	-0.015357	0.034868	
100	-0.690458	-0.013700	0.040874	
101	-0.694054	-0.012219	0.042502	
102	-0.704736	-0.011699	0.049122	
103	-0.717291	-0.009924	0.061920	
104	-0.720190	-0.009717	0.063698	
105	-0.726575	-0.010311	0.068738	
106	-0.726931	-0.007021	0.065052	
107	-0.736658	-0.006038	0.073499	
108	-0.738205	-0.005958	0.074569	
109	-0.746161	-0.005351	0.082947	
110	-0.752382	-0.004052	0.089637	
111	-0.760484	-0.004545	0.097490	
112	-0.764613	-0.004471	0.101710	
113	-0.775127	-0.004237	0.113988	
114	-0.776069	-0.004223	0.115842	
115	-0.786275	-0.006761	0.127861	
116	-0.794014	-0.009771	0.138320	
117	-0.799561	-0.008249	0.142503	
118	-0.805873	-0.007841	0.149523	
119	-0.812723	-0.009080	0.157787	
120	-0.822091	-0.008605	0.175552	
121	-0.823586	-0.010124	0.176337	
122	-0.829252	-0.014060	0.182690	
123	-0.838592	-0.015054	0.198647	
124	-0.842940	-0.014877	0.203663	
125	-0.847770	-0.016041	0.211000	
126	-0.857333	-0.016928	0.227942	
127	-0.862749	-0.016823	0.233761	
128	-0.866704	-0.017145	0.240444	
129	-0.875427	-0.016967	0.258532	
130	-0.879018	-0.017494	0.262609	
131	-0.879415	-0.017195	0.260344	
132	-0.889673	-0.017359	0.279451	
133	-0.898546	-0.019754	0.295836	
134	-0.901940	-0.020109	0.299754	
135	-0.908899	-0.020165	0.311861	
136	-0.914248	-0.020502	0.321066	
137	-0.919946	-0.019663	0.325787	
138	-0.925998	-0.017560	0.331029	
139	-0.935269	-0.018255	0.345344	
140	-0.940791	-0.019516	0.350810	
141	-0.949967	-0.019554	0.365526	
142	-0.955212	-0.021740	0.375537	
143	-0.961625	-0.023445	0.383407	
144	-0.967246	-0.022648	0.390190	
145	-0.973150	-0.022865	0.399563	
146	-0.983322	-0.021925	0.420526	
147	-0.984721	-0.021799	0.423887	
148	-0.989133	-0.022637	0.434909	
149	-0.992675	-0.022175	0.443639	
150	-0.996063	-0.022855	0.453355	
151	-0.999131	-0.024045	0.464146	
152	-1.002805	-0.022965	0.472655	
153	-1.007291	-0.022353	0.484971	
154	-1.008972	-0.021389	0.492566	
155	-1.013665	-0.022513	0.507480	
156	-1.015967	-0.023245	0.518333	
157	-1.018872	-0.023431	0.534714	
158	-1.019436	-0.022756	0.542408	
159	-1.020710	-0.024363	0.557906	
160	-1.020484	-0.024739	0.568541	
161	-1.020633	-0.023073	0.579639	
162	-1.021681	-0.024374	0.592755	
163	-1.021905	-0.025812	0.604655	
164	-1.022908	-0.027054	0.622660	
165	-1.022117	-0.027779	0.633928	
166	-1.021080	-0.029696	0.644372	
167	-1.020573	-0.029878	0.656820	
168	-1.020570	-0.027764	0.671254	
169	-1.022542	-0.029805	0.688427	
170	-1.021502	-0.032639	0.697630	
171	-1.021016	-0.033929	0.710601	
172	-1.021410	-0.035567	0.724591	
173	-1.022455	-0.037206	0.737221	
174	-1.022000	-0.038162	0.749166	
175	-1.023398	-0.038495	0.763809	
176	-1.022292	-0.036036	0.770835	
177	-1.021034	-0.035598	0.778055	
178	-1.020800	-0.038068	0.791697	
179	-1.020020	-0.040524	0.804715	
180	-1.017860	-0.041137	0.815492	
181	-1.018214	-0.041431	0.829440	
182	-1.019936	-0.041946	0.845692	
183	-1.017751	-0.041590	0.856240	
184	-1.016213	-0.041860	0.871620	
185	-1.016384	-0.041586	0.889854	
186	-1.013269	-0.041648	0.898225	
187	-1.010928	-0.045200	0.913646	
188	-1.008792	-0.047945	0.931317	
189	-1.006536	-0.046914	0.946002	
190	-1.005267	-0.049144	0.962401	
191	-1.001659	-0.055252	0.977372	
192	-1.001673	-0.055779	0.995573	
193	-1.001926	-0.051699	1.011780	
194	-1.000790	-0.051525	1.024657	
195	-0.998893	-0.055072	1.041544	
196	-0.997070	-0.058447	1.053487	
197	-0.995971	-0.062110	1.070291	
198	-0.993958	-0.063157	1.085858	
199	-0.993848	-0.061696	1.099728	
200	-0.993278	-0.062318	1.118416	
201	-0.990394	-0.062969	1.128827	
202	-0.988150	-0.064830	1.146095	
203	-0.986263	-0.064214	1.158574	
204	-0.983434	-0.063389	1.170266	
205	-0.980032	-0.063392	1.183761	
206	-0.975530	-0.066296	1.197365	
207	-0.971385	-0.068580	1.210057	
208	-0.966824	-0.070364	1.222972	
209	-0.961224	-0.071146	1.234159	
210	-0.956225	-0.069322	1.247956	
211	-0.949003	-0.072442	1.259523	
212	-0.942589	-0.076244	1.273941	
213	-0.935589	-0.076456	1.286242	
214	-0.927744	-0.075946	1.296557	
215	-0.918490	-0.080371	1.308388	
216	-0.909571	-0.083408	1.325120	
217	-0.901124	-0.083234	1.334358	
218	-0.890990	-0.085833	1.344733	
219	-0.880518	-0.090821	1.356397	
220	-0.870859	-0.091998	1.368399	
221	-0.861627	-0.093731	1.382867	
222	-0.850979	-0.096761	1.392399	
223	-0.840253	-0.099853	1.403197	
224	-0.829769	-0.102427	1.411361	
225	-0.819449	-0.106320	1.422784	
226	-0.807445	-0.112452	1.431314	
227	-0.795958	-0.118264	1.444955	
228	-0.785341	-0.122366	1.452577	
229	-0.774499	-0.126392	1.459436	
230	-0.765301	-0.127521	1.466887	
231	-0.755847	-0.130515	1.475227	
232	-0.746261	-0.133361	1.482569	
233	-0.736366	-0.137174	1.489460	
234	-0.726314	-0.140512	1.496672	
235	-0.716890	-0.143184	1.505189	
236	-0.706969	-0.147403	1.511554	
237	-0.696157	-0.153362	1.519404	
238	-0.685474	-0.158686	1.526769	
239	-0.675346	-0.163547	1.535439	
240	-0.666122	-0.164542	1.544042	
241	-0.656369	-0.167170	1.552467	
242	-0.645446	-0.173248	1.560268	
243	-0.634176	-0.179800	1.568405	
244	-0.623971	-0.182450	1.576413	
245	-0.613663	-0.185449	1.585346	
246	-0.604224	-0.185679	1.595323	
247	-0.594938	-0.187309	1.603784	
248	-0.584941	-0.189614	1.611421	
249	-0.575287	-0.191782	1.620472	
250	-0.565264	-0.194760	1.629175	
251	-0.556768	-0.193859	1.639749	
252	-0.549214	-0.190764	1.649608	
253	-0.539489	-0.194394	1.658439	
254	-0.528617	-0.201305	1.667383	
255	-0.517450	-0.206129	1.675872	
256	-0.508095	-0.205753	1.684619	
257	-0.497775	-0.210879	1.693490	
258	-0.487342	-0.214717	1.699966	
259	-0.477402	-0.216264	1.708217	
260	-0.467837	-0.215893	1.715165	
261	-0.458339	-0.216127	1.722444	
262	-0.447574	-0.217494	1.728084	
263	-0.437267	-0.217163	1.734144	
264	-0.426039	-0.218959	1.740406	
265	-0.414043	-0.221280	1.744750	
266	-0.402810	-0.220315	1.748831	
267	-0.391509	-0.219721	1.754997	
268	-0.379614	-0.219572	1.757359	
269	-0.354245	-0.224327	1.767911	
270	-0.339927	-0.228038	1.771254	
271	-0.328024	-0.226127	1.774851	
272	-0.315421	-0.226904	1.779443	
273	-0.302170	-0.228098	1.783127	
274	-0.289298	-0.228085	1.785910	
275	-0.275838	-0.229932	1.789743	
276	-0.262292	-0.231367	1.793179	
277	-0.248707	-0.233190	1.796706	
278	-0.234773	-0.234917	1.800616	
279	-0.220774	-0.237463	1.803904	
280	-0.207644	-0.238292	1.806589	
281	-0.195799	-0.237281	1.811175	
282	-0.183502	-0.238594	1.813701	
283	-0.170942	-0.240726	1.819153	
284	-0.159363	-0.241858	1.823383	
285	-0.148843	-0.241800	1.827387	
286	-0.139317	-0.241427	1.831525	
287	-0.130420	-0.241323	1.835512	
288	-0.121874	-0.241164	1.842011	
289	-0.113545	-0.241566	1.847906	
290	-0.105970	-0.240640	1.854962	
291	-0.097922	-0.241596	1.860715	
292	-0.090933	-0.241862	1.867612	
293	-0.084810	-0.241094	1.874879	
294	-0.079117	-0.241091	1.881906	
295	-0.073251	-0.241256	1.888421	
296	-0.068361	-0.240792	1.895998	
297	-0.063465	-0.240129	1.903964	
298	-0.058399	-0.240182	1.912134	
299	-0.053392	-0.241025	1.920487	
300	-0.048749	-0.241316	1.929703	
301	-0.044780	-0.241131	1.939584	
302	-0.040563	-0.241477	1.949555	
303	-0.036649	-0.241704	1.959779	
304	-0.032989	-0.241592	1.971161	
305	-0.029369	-0.241530	1.982650	
306	-0.026087	-0.242244	1.994183	
307	-0.023454	-0.242321	2.005820	
308	-0.021514	-0.242005	2.016805	
309	-0.019841	-0.241466	2.028726	
310	-0.017623	-0.242229	2.039461	
311	-0.015264	-0.241985	2.063361	
312	-0.014649	-0.241768	2.074033	
313	-0.014603	-0.240619	2.086597	
314	-0.014134	-0.240837	2.097872	
315	-0.013928	-0.241071	2.110063	
316	-0.014190	-0.240414	2.121573	
317	-0.014817	-0.239861	2.133076	
318	-0.015512	-0.239986	2.143095	
319	-0.016679	-0.240089	2.153340	
320	-0.018762	-0.238953	2.163955	
321	-0.020344	-0.239258	2.173308	
322	-0.022250	-0.238114	2.181858	
323	-0.024152	-0.237488	2.190943	
324	-0.025455	-0.238328	2.199901	
325	-0.027349	-0.237961	2.207031	
326	-0.029255	-0.238382	2.216544	
327	-0.029702	-0.241103	2.222851	
328	-0.031234	-0.241920	2.231778	
329	-0.033053	-0.242218	2.239647	
330	-0.034700	-0.242857	2.249405	
331	-0.036467	-0.243361	2.257767	
332	-0.038483	-0.243635	2.267169	
333	-0.040651	-0.243531	2.275152	
334	-0.042639	-0.244501	2.283892	
335	-0.044034	-0.246394	2.291760	
336	-0.045649	-0.248772	2.299264	
337	-0.047378	-0.250382	2.305536	
338	-0.049759	-0.250346	2.311045	
339	-0.052087	-0.250694	2.316115	
340	-0.054196	-0.251109	2.320904	
341	-0.056246	-0.251438	2.326589	
342	-0.058129	-0.251709	2.331394	
343	-0.059142	-0.253323	2.336894	
344	-0.060984	-0.253186	2.342393	
345	-0.062579	-0.253015	2.347460	
346	-0.064854	-0.251667	2.352000	
347	-0.065357	-0.253862	2.357816	
348	-0.066961	-0.253506	2.363606	
349	-0.068893	-0.252101	2.372402	
350	-0.068978	-0.252747	2.376843	
351	-0.069539	-0.252334	2.381560	
352	-0.069854	-0.251362	2.385835	
353	-0.069515	-0.251910	2.390684	
354	-0.070013	-0.250494	2.395428	
355	-0.069664	-0.250367	2.400062	
356	-0.069312	-0.250854	2.405710	
357	-0.069579	-0.249492	2.411114	
358	-0.070198	-0.247705	2.416592	
359	-0.070320	-0.246446	2.422730	
360	-0.070393	-0.246317	2.429186	
361	-0.070384	-0.246511	2.435763	
362	-0.070197	-0.247420	2.442931	
363	-0.070557	-0.246729	2.450152	
364	-0.071095	-0.245832	2.457169	
365	-0.071181	-0.246710	2.465004	
366	-0.071147	-0.247625	2.472287	
367	-0.071311	-0.248143	2.479917	
368	-0.072085	-0.247848	2.487330	
369	-0.072260	-0.248240	2.495219	
370	-0.072304	-0.247961	2.502440	
371	-0.072531	-0.247443	2.509471	
372	-0.072660	-0.247241	2.516781	
373	-0.072842	-0.246560	2.524131	
374	-0.072597	-0.246119	2.531097	
375	-0.071608	-0.247415	2.538517	
376	-0.069340	-0.248482	2.551673	
377	-0.067425	-0.249663	2.558168	
378	-0.065587	-0.250125	2.563841	
379	-0.062858	-0.251202	2.569197	
380	-0.060525	-0.252189	2.574279	
381	-0.058320	-0.252597	2.579060	
382	-0.055709	-0.253597	2.583530	
383	-0.052923	-0.254236	2.587375	
384	-0.050470	-0.253819	2.589933	
385	-0.047499	-0.254449	2.592074	
386	-0.043870	-0.256574	2.594242	
387	-0.040906	-0.257827	2.595225	
388	-0.038352	-0.257956	2.596226	
389	-0.034539	-0.261043	2.597420	
390	-0.031431	-0.261384	2.598771	
391	-0.028672	-0.261195	2.599223	
392	-0.026618	-0.259682	2.599908	
393	-0.024675	-0.257851	2.600866	
394	-0.021425	-0.258256	2.601436	
395	-0.017732	-0.258501	2.601599	
396	-0.014929	-0.257663	2.601666	
397	-0.012065	-0.255797	2.601077	
398	-0.007577	-0.257416	2.599638	
399	-0.003332	-0.258411	2.600042	
400	0.000968	-0.258820	2.600626	
401	0.006439	-0.259387	2.600741	
402	0.010998	-0.258889	2.602321	
403	0.015909	-0.259366	2.601367	
404	0.021272	-0.259867	2.602828	
405	0.027133	-0.261571	2.605360	
406	0.032275	-0.262499	2.607380	
407	0.037537	-0.263114	2.610275	
408	0.044148	-0.266663	2.612941	
409	0.050276	-0.269778	2.617405	
410	0.053716	-0.268540	2.619090	
411	0.058860	-0.268357	2.625410	
412	0.065065	-0.269783	2.632209	
413	0.069823	-0.267687	2.635713	
414	0.072913	-0.261945	2.641312	
415	0.079165	-0.261941	2.646960	
416	0.085443	-0.263520	2.648608	
417	0.087643	-0.260289	2.648040	
418	0.095321	-0.263283	2.653645	
419	0.102681	-0.265941	2.653643	
420	0.106523	-0.261459	2.654643	
421	0.115208	-0.254877	2.656602	
422	0.122244	-0.253874	2.656508	
423	0.127918	-0.250823	2.654849	
424	0.135787	-0.251530	2.652398	
425	0.144716	-0.251552	2.651654	
426	0.150569	-0.247881	2.647205	
427	0.160295	-0.246050	2.643879	
428	0.170913	-0.244930	2.642345	
429	0.179148	-0.241103	2.635686	
430	0.188586	-0.236753	2.632289	
431	0.200549	-0.235351	2.627660	
432	0.211847	-0.233945	2.622036	
433	0.221936	-0.229130	2.613627	
434	0.235056	-0.228159	2.608381	
435	0.250946	-0.231971	2.601351	
436	0.268380	-0.237474	2.592786	
437	0.281655	-0.238609	2.584697	
438	0.289109	-0.233140	2.573774	
439	0.295156	-0.224516	2.565415	
440	0.302941	-0.217582	2.557850	
441	0.316560	-0.218462	2.549046	
442	0.342099	-0.222486	2.531604	
443	0.352380	-0.221660	2.520784	
444	0.362185	-0.219031	2.512629	
445	0.372418	-0.219147	2.503653	
446	0.380259	-0.216124	2.495872	
447	0.387968	-0.214149	2.488572	
448	0.395979	-0.212296	2.480545	
449	0.402759	-0.207940	2.474907	
450	0.412474	-0.207524	2.469212	
451	0.422456	-0.207712	2.462763	
452	0.430354	-0.204224	2.456395	
453	0.440226	-0.203546	2.450839	
454	0.450619	-0.202517	2.445643	
455	0.459187	-0.199303	2.439031	
456	0.468552	-0.196468	2.434238	
457	0.480525	-0.197718	2.431539	
458	0.493334	-0.200126	2.425078	
459	0.501714	-0.196100	2.421290	
460	0.512907	-0.194207	2.418307	
461	0.524163	-0.195110	2.412631	
462	0.533329	-0.193059	2.406413	
463	0.541127	-0.189483	2.403430	
464	0.549036	-0.185479	2.400351	
465	0.561801	-0.186308	2.397712	
466	0.573040	-0.184638	2.395055	
467	0.583086	-0.181106	2.394382	
468	0.592523	-0.179509	2.393112	
469	0.602011	-0.176018	2.393019	
470	0.612774	-0.174313	2.390856	
471	0.623132	-0.174543	2.387746	
472	0.633263	-0.174386	2.383815	
473	0.638996	-0.172958	2.376358	
474	0.647270	-0.170953	2.374114	
475	0.657238	-0.170583	2.371514	
476	0.665530	-0.170539	2.363523	
477	0.678179	-0.169761	2.366688	
478	0.685336	-0.167109	2.365505	
479	0.695791	-0.165004	2.367445	
480	0.703318	-0.166825	2.361616	
481	0.713274	-0.166480	2.362888	
482	0.721904	-0.164389	2.361679	
483	0.726792	-0.163944	2.357074	
484	0.735946	-0.166947	2.352743	
485	0.745312	-0.170079	2.350348	
486	0.751105	-0.166933	2.347522	
487	0.750606	-0.164331	2.339873	
488	0.755450	-0.163711	2.335624	
489	0.759587	-0.162895	2.327370	
490	0.765020	-0.162003	2.322891	
491	0.765400	-0.162450	2.311453	
492	0.767507	-0.161613	2.300418	
493	0.768849	-0.156945	2.293232	
494	0.768769	-0.153902	2.282677	
495	0.767631	-0.154115	2.275509	
496	0.770777	-0.151013	2.269179	
497	0.769404	-0.149792	2.258278	
498	0.770327	-0.148638	2.251818	
499	0.770344	-0.147164	2.241531	
500	0.771145	-0.145473	2.230924	
501	0.774635	-0.143195	2.224929	
502	0.776543	-0.143224	2.212059	
503	0.775436	-0.140058	2.201593	
504	0.771566	-0.138256	2.188701	
505	0.771385	-0.141000	2.179819	
506	0.771558	-0.141942	2.168506	
507	0.764042	-0.139534	2.158945	
508	0.767607	-0.138249	2.149331	
509	0.772011	-0.139387	2.134474	
510	0.774876	-0.143137	2.122164	
511	0.771528	-0.143785	2.109259	
512	0.776513	-0.142266	2.098123	
513	0.777949	-0.143694	2.086527	
514	0.783222	-0.145815	2.074159	
515	0.786230	-0.145002	2.060644	
516	0.781901	-0.142636	2.061816	
517	0.796185	-0.142920	2.040982	
518	0.787076	-0.145540	2.045126	
519	0.780011	-0.147349	2.045358	
520	0.777567	-0.145159	2.037772	
521	0.779452	-0.141646	2.031220	
522	0.769029	-0.140466	2.036973	
523	0.785774	-0.140720	2.015414	
524	0.785369	-0.140011	2.010420	
525	0.793147	-0.136489	1.997415	
526	0.794286	-0.137010	1.988328	
527	0.796935	-0.136345	1.983555	
528	0.810041	-0.134355	1.962988	
529	0.806651	-0.134644	1.961279	
530	0.814741	-0.133371	1.946117	
531	0.815193	-0.132152	1.938079	
532	0.813715	-0.131118	1.932990	
533	0.821100	-0.129478	1.917719	
534	0.826532	-0.131527	1.902838	
535	0.824038	-0.130620	1.898990	
536	0.831868	-0.129152	1.881978	
537	0.831911	-0.128907	1.873706	
538	0.830060	-0.128510	1.865898	
539	0.832989	-0.129677	1.851479	
540	0.833812	-0.131507	1.842111	
541	0.836250	-0.129458	1.829067	
542	0.837209	-0.126829	1.823785	
543	0.837740	-0.127656	1.813679	
544	0.840359	-0.126223	1.801790	
545	0.841740	-0.126962	1.795264	
546	0.843785	-0.128713	1.783411	
547	0.840637	-0.128808	1.779885	
548	0.841745	-0.128061	1.773465	
549	0.841213	-0.130457	1.766824	
550	0.841628	-0.130476	1.758900	
551	0.844663	-0.131761	1.750798	
552	0.843302	-0.131692	1.748349	
553	0.843866	-0.130041	1.741359	
554	0.844340	-0.132797	1.733482	
555	0.844189	-0.135349	1.724882	
556	0.843522	-0.132652	1.720811	
557	0.841563	-0.130074	1.714882	
558	0.840976	-0.132617	1.709667	
559	0.839677	-0.132565	1.706480	
560	0.842808	-0.131622	1.698282	
561	0.841315	-0.132971	1.695305	
562	0.843225	-0.133000	1.686076	
563	0.843566	-0.130950	1.680345	
564	0.846830	-0.128379	1.668988	
565	0.847561	-0.127582	1.662407	
566	0.848937	-0.127090	1.656008	
567	0.851193	-0.124880	1.647295	
568	0.853204	-0.123237	1.636881	
569	0.852048	-0.125771	1.627039	
570	0.850769	-0.127045	1.618626	
571	0.850720	-0.122900	1.610015	
572	0.850105	-0.122211	1.600719	
573	0.847417	-0.123564	1.593862	
574	0.846133	-0.120393	1.584320	
575	0.845311	-0.116922	1.577049	
576	0.843833	-0.118580	1.567477	
577	0.842944	-0.117954	1.557970	
578	0.842393	-0.115126	1.548805	
579	0.841827	-0.114123	1.538609	
580	0.840289	-0.114276	1.529267	
581	0.838892	-0.112068	1.518215	
582	0.838709	-0.108774	1.508775	
583	0.836707	-0.109293	1.497428	
584	0.835381	-0.108432	1.486083	
585	0.834973	-0.105170	1.475092	
586	0.833575	-0.104520	1.465436	
587	0.830847	-0.106644	1.438097	
588	0.828947	-0.107980	1.428241	
589	0.826612	-0.109677	1.416731	
590	0.825400	-0.107354	1.405391	
591	0.824237	-0.104938	1.391551	
592	0.822411	-0.104845	1.379065	
593	0.820907	-0.104807	1.367171	
594	0.818296	-0.103772	1.358097	
595	0.816493	-0.105204	1.345151	
596	0.813727	-0.106968	1.334679	
597	0.812033	-0.106818	1.321022	
598	0.808973	-0.108818	1.310918	
599	0.806904	-0.109008	1.299564	
600	0.803889	-0.109068	1.289309	
601	0.801876	-0.109036	1.276726	
602	0.798440	-0.109372	1.267734	
603	0.795134	-0.110008	1.259551	
604	0.792267	-0.109043	1.250859	
605	0.789801	-0.106621	1.243179	
606	0.787616	-0.106031	1.230486	
607	0.784535	-0.107492	1.221733	
608	0.782889	-0.104656	1.212664	
609	0.780846	-0.100871	1.204429	
610	0.779455	-0.100048	1.190792	
611	0.776529	-0.100473	1.181623	
612	0.774370	-0.098399	1.174181	
613	0.772490	-0.096098	1.161201	
614	0.771106	-0.094729	1.152771	
615	0.769601	-0.091951	1.141751	
616	0.767663	-0.090335	1.130903	
617	0.766533	-0.088493	1.117997	
618	0.765352	-0.087677	1.102742	
619	0.762455	-0.088582	1.093807	
620	0.760760	-0.087942	1.083431	
621	0.758824	-0.085928	1.072662	
622	0.756506	-0.086488	1.061932	
623	0.753538	-0.087329	1.050727	
624	0.750752	-0.085715	1.040762	
625	0.748810	-0.083610	1.031456	
626	0.746001	-0.083360	1.021312	
627	0.742212	-0.085200	1.011679	
628	0.739619	-0.084435	1.005483	
629	0.735740	-0.084332	0.995924	
630	0.731763	-0.085351	0.987522	
631	0.728016	-0.084230	0.981797	
632	0.724000	-0.085182	0.971385	
633	0.718817	-0.086798	0.963505	
634	0.714792	-0.086730	0.957954	
635	0.711364	-0.085070	0.948740	
636	0.706902	-0.085391	0.941567	
637	0.703576	-0.083813	0.933782	
638	0.698462	-0.081753	0.927835	
639	0.694343	-0.080476	0.921907	
640	0.689296	-0.079348	0.915410	
641	0.683911	-0.078177	0.910506	
642	0.679240	-0.076595	0.903931	
643	0.673559	-0.075582	0.898895	
644	0.668587	-0.073594	0.892662	
645	0.662168	-0.072005	0.888839	
646	0.654837	-0.072429	0.883173	
647	0.648117	-0.071742	0.878713	
648	0.640971	-0.068965	0.874041	
649	0.626938	-0.062010	0.865258	
650	0.609490	-0.062064	0.855016	
651	0.600111	-0.062851	0.849266	
652	0.589852	-0.065944	0.844813	
653	0.579560	-0.065726	0.841481	
654	0.570093	-0.063430	0.835572	
655	0.559301	-0.063970	0.831573	
656	0.548729	-0.064258	0.827980	
657	0.537503	-0.065595	0.823306	
658	0.525741	-0.068325	0.820224	
659	0.514938	-0.069466	0.816560	
660	0.502887	-0.071950	0.812636	
661	0.491063	-0.075281	0.810901	
662	0.480388	-0.074788	0.807566	
663	0.470224	-0.071814	0.801755	
664	0.459663	-0.072394	0.799006	
665	0.448562	-0.074508	0.795451	
666	0.437919	-0.077441	0.793950	
667	0.426891	-0.081542	0.790788	
668	0.415951	-0.082898	0.787647	
669	0.406323	-0.082521	0.785039	
670	0.396801	-0.082824	0.781146	
671	0.387203	-0.085467	0.777262	
672	0.378274	-0.085973	0.773489	
673	0.369478	-0.087025	0.769568	
674	0.360801	-0.088965	0.767049	
675	0.351689	-0.093267	0.763560	
676	0.342999	-0.096346	0.761570	
677	0.334809	-0.098284	0.758455	
678	0.325949	-0.100306	0.754383	
679	0.318150	-0.100211	0.749464	
680	0.310125	-0.101500	0.745895	
681	0.301930	-0.105132	0.741508	
682	0.294006	-0.107896	0.737213	
683	0.285710	-0.109054	0.732894	
684	0.278003	-0.109783	0.727174	
685	0.269468	-0.113389	0.721761	
686	0.261331	-0.116884	0.716087	
687	0.253024	-0.118600	0.710533	
688	0.244709	-0.120288	0.704947	
689	0.236851	-0.121708	0.698174	
690	0.228003	-0.126034	0.692122	
691	0.219333	-0.129777	0.685655	
692	0.211518	-0.130306	0.678358	
693	0.204088	-0.129597	0.670171	
694	0.197057	-0.128860	0.662744	
695	0.189366	-0.131231	0.655094	
696	0.181329	-0.134617	0.648022	
697	0.172408	-0.139099	0.641318	
698	0.164114	-0.143146	0.635117	
699	0.155478	-0.146310	0.628345	
700	0.147339	-0.148638	0.622213	
701	0.139383	-0.149869	0.615860	
702	0.132234	-0.150962	0.611079	
703	0.123423	-0.157222	0.606688	
704	0.115055	-0.161476	0.602321	
705	0.107835	-0.161484	0.598222	
706	0.100069	-0.164963	0.594396	
707	0.091848	-0.169368	0.591346	
708	0.085577	-0.166665	0.588202	
709	0.078783	-0.167809	0.584808	
710	0.070270	-0.175763	0.582985	
711	0.062386	-0.178169	0.580524	
712	0.057406	-0.174799	0.579681	
713	0.049076	-0.182281	0.579045	
714	0.040313	-0.189108	0.578692	
715	0.033598	-0.190897	0.580729	
716	0.027164	-0.192535	0.583408	
717	0.019824	-0.197180	0.586299	
718	0.012103	-0.200416	0.588263	
719	0.004671	-0.202796	0.591970	
720	-0.002198	-0.203670	0.596622	
721	-0.010011	-0.206086	0.600889	
722	-0.017648	-0.207392	0.606310	
723	-0.025885	-0.209765	0.611567	
724	-0.034492	-0.212413	0.617207	
725	-0.042560	-0.213750	0.623221	
726	-0.051713	-0.215932	0.629098	
727	-0.060465	-0.218348	0.635708	
728	-0.069191	-0.220973	0.642753	
729	-0.077853	-0.222202	0.649485	
730	-0.087129	-0.224790	0.655822	
731	-0.097155	-0.229041	0.662393	
732	-0.106781	-0.232337	0.670483	
733	-0.115899	-0.236012	0.679539	
734	-0.124759	-0.239488	0.688024	
735	-0.133367	-0.243814	0.696951	
736	-0.141631	-0.247111	0.705489	
737	-0.150084	-0.250720	0.714137	
738	-0.157872	-0.253687	0.722891	
739	-0.164894	-0.256380	0.731426	
740	-0.172036	-0.260751	0.739950	
741	-0.178191	-0.264409	0.748952	
742	-0.183020	-0.265479	0.757155	
743	-0.187969	-0.267436	0.764128	
744	-0.193142	-0.270107	0.770552	
745	-0.197930	-0.271986	0.776835	
746	-0.203158	-0.275063	0.782587	
747	-0.208133	-0.278714	0.788520	
748	-0.212376	-0.281617	0.794171	
749	-0.216426	-0.284431	0.799391	
750	-0.220195	-0.286606	0.804044	
751	-0.223744	-0.289312	0.808345	
752	-0.227419	-0.291291	0.812062	
753	-0.230989	-0.293374	0.815607	
754	-0.235041	-0.294811	0.818894	
755	-0.239280	-0.297587	0.822507	
756	-0.244093	-0.300683	0.825470	
757	-0.248955	-0.302444	0.829026	
758	-0.254442	-0.305478	0.832535	
759	-0.260776	-0.310371	0.835603	
760	-0.267117	-0.313883	0.838294	
761	-0.273885	-0.317562	0.840536	
762	-0.281159	-0.321567	0.842761	
763	-0.288878	-0.325423	0.844946	
764	-0.296590	-0.329432	0.847136	
765	-0.304328	-0.333007	0.849402	
766	-0.312788	-0.337045	0.851287	
767	-0.321063	-0.340710	0.853421	
768	-0.329420	-0.344966	0.855504	
769	-0.337815	-0.349267	0.857629	
770	-0.346257	-0.353078	0.859322	
771	-0.354569	-0.355616	0.861042	
772	-0.363055	-0.358675	0.862839	
773	-0.371103	-0.361077	0.864942	
774	-0.379443	-0.362617	0.866395	
775	-0.388002	-0.364557	0.867903	
776	-0.396451	-0.367781	0.869210	
777	-0.404740	-0.371161	0.870336	
778	-0.412617	-0.373428	0.871933	
779	-0.420283	-0.376035	0.873337	
780	-0.428022	-0.378422	0.874302	
781	-0.435248	-0.379759	0.875459	
782	-0.442436	-0.381426	0.876828	
783	-0.449093	-0.382661	0.878139	
784	-0.455458	-0.383262	0.879279	
785	-0.461825	-0.384151	0.880538	
786	-0.467616	-0.386114	0.881619	
787	-0.472763	-0.386992	0.883263	
788	-0.478076	-0.387042	0.884317	
789	-0.483180	-0.387210	0.885768	
790	-0.487969	-0.387482	0.886909	
791	-0.492180	-0.387112	0.888279	
792	-0.496026	-0.386305	0.889516	
793	-0.499329	-0.385187	0.890851	
794	-0.502556	-0.384183	0.892114	
795	-0.505664	-0.383079	0.893740	
796	-0.508040	-0.381943	0.895360	
797	-0.510899	-0.380426	0.896600	
798	-0.513507	-0.378623	0.897904	
799	-0.515822	-0.376627	0.899414	
800	-0.517805	-0.374919	0.901423	
801	-0.519855	-0.372829	0.903258	
802	-0.520687	-0.372493	0.905806	
803	-0.521764	-0.371730	0.907823	
804	-0.522758	-0.370036	0.909993	
805	-0.523994	-0.368465	0.911703	
806	-0.524569	-0.365385	0.913693	
807	-0.525708	-0.362964	0.915935	
808	-0.525929	-0.359256	0.918343	
809	-0.526683	-0.356869	0.920494	
810	-0.527735	-0.353033	0.922560	
811	-0.528464	-0.349553	0.924779	
812	-0.528654	-0.346990	0.927781	
813	-0.529223	-0.344144	0.930640	
814	-0.529985	-0.341117	0.933321	
815	-0.530174	-0.336867	0.936672	
816	-0.530941	-0.333423	0.939526	
817	-0.531529	-0.329804	0.943242	
818	-0.531690	-0.327865	0.947526	
819	-0.532274	-0.325444	0.951783	
820	-0.531699	-0.323435	0.957335	
821	-0.531937	-0.320856	0.962263	
822	-0.532501	-0.318821	0.967269	
823	-0.532865	-0.317905	0.973128	
824	-0.533208	-0.315495	0.979109	
825	-0.533659	-0.314227	0.985178	
826	-0.534252	-0.311033	0.991027	
827	-0.534529	-0.307261	0.996572	
828	-0.535258	-0.304046	1.002752	
829	-0.535856	-0.300657	1.008601	
830	-0.535712	-0.295675	1.015363	
831	-0.536377	-0.291564	1.021771	
832	-0.537295	-0.288244	1.028551	
833	-0.538079	-0.283110	1.035071	
834	-0.539388	-0.280484	1.041202	
835	-0.540182	-0.276897	1.047844	
836	-0.541321	-0.274335	1.054180	
837	-0.541742	-0.269506	1.060171	
838	-0.542204	-0.267036	1.066581	
839	-0.544423	-0.264553	1.071140	
840	-0.545818	-0.262527	1.076520	
841	-0.547229	-0.260374	1.081551	
842	-0.548261	-0.256972	1.086751	
843	-0.549012	-0.252097	1.091579	
844	-0.549112	-0.248926	1.096721	
845	-0.550314	-0.246649	1.101207	
846	-0.551204	-0.241923	1.104766	
847	-0.552088	-0.238504	1.108791	
848	-0.552894	-0.233087	1.112302	
849	-0.553716	-0.229404	1.115895	
850	-0.554706	-0.226568	1.119788	
851	-0.554416	-0.221355	1.123650	
852	-0.555371	-0.217549	1.126580	
853	-0.555705	-0.214960	1.130042	
854	-0.555468	-0.211667	1.133491	
855	-0.555968	-0.208824	1.136282	
856	-0.557030	-0.207816	1.139099	
857	-0.558176	-0.205561	1.141451	
858	-0.557874	-0.199590	1.143388	
859	-0.558539	-0.194797	1.144826	
860	-0.558874	-0.191497	1.147285	
861	-0.559024	-0.187525	1.149203	
862	-0.559122	-0.181344	1.150365	
863	-0.558983	-0.177997	1.152115	
864	-0.559952	-0.176914	1.153793	
865	-0.561151	-0.175486	1.154901	
866	-0.560985	-0.172795	1.156531	
867	-0.561597	-0.169026	1.157276	
868	-0.561029	-0.165683	1.158327	
869	-0.561997	-0.163102	1.158791	
870	-0.562967	-0.161303	1.159518	
871	-0.564098	-0.158189	1.160139	
872	-0.564517	-0.156201	1.161522	
873	-0.565235	-0.154934	1.162692	
874	-0.566746	-0.155103	1.164177	
875	-0.567486	-0.154213	1.165518	
876	-0.568379	-0.153976	1.166918	
877	-0.569424	-0.154164	1.168057	
878	-0.570255	-0.153169	1.169166	
879	-0.570899	-0.154101	1.170504	
880	-0.571911	-0.153969	1.171806	
881	-0.571388	-0.149988	1.172436	
