0	0.000000	0.000000	0.000000	
1	0.000000	0.000000	0.000000	
2	0.000000	0.000000	0.000000	
3	0.000000	0.000000	0.000000	
4	0.000064	0.001381	0.000723	
5	-0.000362	0.001262	0.000704	
6	-0.000670	0.002140	0.000451	
7	-0.000428	0.001628	0.000086	
8	-0.001098	0.005104	0.000531	
9	-0.000575	0.003787	-0.000197	
10	-0.000578	0.005125	0.000086	
11	-0.000621	0.003724	-0.000382	
12	-0.000658	0.003231	-0.000170	
13	-0.000511	0.003308	-0.000218	
14	-0.001145	0.002130	-0.000763	
15	-0.001204	0.001577	-0.000925	
16	-0.001036	0.000821	-0.001333	
17	-0.001271	-0.000511	-0.002053	
18	-0.000681	-0.000106	-0.001899	
19	-0.001075	-0.000468	-0.002555	
20	-0.001235	0.000353	-0.002424	
21	-0.000922	-0.000197	-0.002610	
22	0.000793	0.000527	-0.002626	
23	0.001006	0.000525	-0.003078	
24	0.000782	-0.000313	-0.003774	
25	0.001564	0.000297	-0.004100	
26	0.001942	0.000045	-0.004836	
27	0.002064	-0.000583	-0.005824	
28	0.003577	-0.000083	-0.006107	
29	0.003224	0.000308	-0.006575	
30	0.002698	-0.000458	-0.007437	
31	0.003898	-0.000409	-0.007634	
32	0.004256	0.000973	-0.007554	
33	0.003711	0.001586	-0.008144	
34	0.004098	0.002130	-0.008362	
35	0.004568	0.002160	-0.008477	
36	0.004474	0.002192	-0.008763	
37	0.004996	0.003342	-0.008481	
38	0.005712	0.004875	-0.008437	
39	0.004991	0.004741	-0.009114	
40	0.005378	0.005402	-0.008885	
41	0.005830	0.005488	-0.009154	
42	0.006104	0.004470	-0.009948	
43	0.006258	0.003370	-0.010543	
44	0.006857	0.003085	-0.010670	
45	0.006901	0.003575	-0.010954	
46	0.007078	0.003460	-0.011391	
47	0.007485	0.003939	-0.011620	
48	0.007390	0.004642	-0.011998	
49	0.007103	0.004207	-0.012357	
50	0.008107	0.004393	-0.012519	
51	0.008361	0.003775	-0.013241	
52	0.007794	0.003243	-0.013491	
53	0.008169	0.004391	-0.013623	
54	0.007940	0.004191	-0.013991	
55	0.008082	0.004093	-0.014405	
56	0.008123	0.004303	-0.014403	
57	0.007972	0.004310	-0.014774	
58	0.007724	0.004382	-0.014910	
59	0.008500	0.005967	-0.014189	
60	0.008070	0.006146	-0.014018	
61	0.006961	0.006717	-0.013714	
62	0.007649	0.007835	-0.013008	
63	0.007900	0.008703	-0.012357	
64	0.007090	0.009991	-0.011686	
65	0.006674	0.010196	-0.011426	
66	0.006488	0.010243	-0.011079	
67	0.006543	0.011923	-0.010241	
68	0.005410	0.012008	-0.010155	
69	0.003479	0.012477	-0.010252	
70	0.002190	0.012541	-0.010447	
71	-0.000253	0.011662	-0.011606	
72	-0.003085	0.011433	-0.012973	
73	-0.006362	0.009144	-0.015917	
74	-0.011586	0.007481	-0.019561	
75	-0.018203	0.006595	-0.023284	
76	-0.023726	0.005880	-0.027615	
77	-0.036782	0.003079	-0.037362	
78	-0.045420	0.002039	-0.042268	
79	-0.054558	0.002256	-0.046516	
80	-0.063446	0.001768	-0.051175	
81	-0.072741	0.001723	-0.055555	
82	-0.084135	0.002296	-0.060159	
83	-0.094995	0.004479	-0.064014	
84	-0.105582	0.006143	-0.067581	
85	-0.117208	0.008471	-0.070811	
86	-0.129492	0.010539	-0.073756	
87	-0.142762	0.013610	-0.076272	
88	-0.155968	0.016724	-0.078554	
89	-0.167811	0.019167	-0.080827	
90	-0.181325	0.021282	-0.083447	
91	-0.193708	0.025291	-0.084913	
92	-0.204734	0.029027	-0.086475	
93	-0.216920	0.031381	-0.088525	
94	-0.228719	0.033030	-0.089858	
95	-0.239578	0.034663	-0.091855	
96	-0.249494	0.037102	-0.093489	
97	-0.259679	0.037157	-0.095269	
98	-0.269374	0.036727	-0.096922	
99	-0.279794	0.036562	-0.097710	
100	-0.288665	0.036672	-0.098293	
101	-0.298956	0.034971	-0.098906	
102	-0.308873	0.034344	-0.098830	
103	-0.317948	0.033091	-0.098671	
104	-0.326412	0.031246	-0.098888	
105	-0.335617	0.029021	-0.099089	
106	-0.345490	0.027844	-0.098390	
107	-0.353627	0.027457	-0.097384	
108	-0.372635	0.023545	-0.095976	
109	-0.382183	0.022841	-0.094266	
110	-0.391527	0.021956	-0.092622	
111	-0.401431	0.020484	-0.090293	
112	-0.413167	0.018921	-0.087693	
113	-0.424417	0.017936	-0.084980	
114	-0.434757	0.015489	-0.082334	
115	-0.445468	0.012019	-0.079197	
116	-0.457489	0.008077	-0.076023	
117	-0.467887	0.005109	-0.071889	
118	-0.475371	0.003024	-0.066220	
119	-0.499108	-0.002746	-0.054206	
120	-0.507047	-0.003639	-0.046760	
121	-0.511974	-0.007855	-0.039848	
122	-0.521524	-0.011750	-0.032904	
123	-0.529108	-0.012585	-0.025954	
124	-0.537053	-0.017054	-0.020507	
125	-0.544497	-0.020947	-0.014552	
126	-0.551768	-0.023097	-0.008764	
127	-0.560089	-0.027625	-0.004416	
128	-0.566806	-0.032095	0.000084	
129	-0.573210	-0.036045	0.004844	
130	-0.581800	-0.040306	0.009113	
131	-0.587637	-0.043365	0.014142	
132	-0.593330	-0.047438	0.019385	
133	-0.599700	-0.051344	0.024431	
134	-0.615079	-0.056361	0.035390	
135	-0.622232	-0.059352	0.041158	
136	-0.630574	-0.061391	0.046659	
137	-0.638608	-0.064101	0.052076	
138	-0.652722	-0.068881	0.063130	
139	-0.662022	-0.069943	0.068791	
140	-0.679816	-0.074029	0.079973	
141	-0.688395	-0.076154	0.085546	
142	-0.697681	-0.076371	0.091717	
143	-0.706731	-0.078124	0.097340	
144	-0.716105	-0.080678	0.102931	
145	-0.723858	-0.083720	0.107971	
146	-0.733697	-0.087531	0.112845	
147	-0.743487	-0.088829	0.118459	
148	-0.751440	-0.092178	0.123342	
149	-0.760476	-0.094815	0.128373	
150	-0.769971	-0.096066	0.134089	
151	-0.784270	-0.102570	0.145063	
152	-0.792290	-0.104785	0.150389	
153	-0.799154	-0.108442	0.155329	
154	-0.803671	-0.112553	0.160122	
155	-0.810375	-0.113947	0.165426	
156	-0.817020	-0.115421	0.171088	
157	-0.821398	-0.118171	0.176639	
158	-0.826162	-0.121977	0.182096	
159	-0.833112	-0.123893	0.188160	
160	-0.838401	-0.126270	0.194012	
161	-0.842395	-0.129873	0.199240	
162	-0.848383	-0.131398	0.204499	
163	-0.855417	-0.132715	0.209773	
164	-0.859840	-0.135182	0.214688	
165	-0.864714	-0.138768	0.219034	
166	-0.871392	-0.140282	0.223901	
167	-0.876315	-0.142424	0.228950	
168	-0.879836	-0.145942	0.233272	
169	-0.885909	-0.147722	0.238587	
170	-0.892814	-0.149089	0.244231	
171	-0.897264	-0.154986	0.249200	
172	-0.902176	-0.159772	0.254182	
173	-0.909389	-0.163082	0.259753	
174	-0.919464	-0.169272	0.271343	
175	-0.925368	-0.173755	0.277407	
176	-0.931547	-0.175631	0.283964	
177	-0.936003	-0.179780	0.290611	
178	-0.940736	-0.183523	0.297384	
179	-0.946214	-0.187159	0.304179	
180	-0.951049	-0.190795	0.310591	
181	-0.955808	-0.194013	0.316890	
182	-0.960322	-0.197474	0.322684	
183	-0.966360	-0.202047	0.328716	
184	-0.970867	-0.203609	0.334762	
185	-0.973262	-0.207959	0.339575	
186	-0.979721	-0.209507	0.345346	
187	-0.986663	-0.211591	0.350962	
188	-0.991624	-0.213656	0.356332	
189	-0.996018	-0.215629	0.361447	
190	-1.003995	-0.216006	0.367515	
191	-1.011162	-0.216950	0.373719	
192	-1.016238	-0.217551	0.380076	
193	-1.021782	-0.219236	0.386013	
194	-1.030855	-0.219545	0.392669	
195	-1.041048	-0.218709	0.399654	
196	-1.049577	-0.220364	0.405391	
197	-1.059329	-0.221142	0.410833	
198	-1.072141	-0.222295	0.416857	
199	-1.082959	-0.222902	0.421696	
200	-1.092480	-0.223736	0.425815	
201	-1.103873	-0.224247	0.430392	
202	-1.116831	-0.224880	0.435567	
203	-1.126102	-0.224580	0.439662	
204	-1.136846	-0.226707	0.444019	
205	-1.157761	-0.229896	0.452386	
206	-1.166252	-0.231462	0.455796	
207	-1.176481	-0.234592	0.460111	
208	-1.185944	-0.237451	0.464399	
209	-1.191935	-0.238382	0.468083	
210	-1.199763	-0.241805	0.471935	
211	-1.209539	-0.244567	0.476999	
212	-1.214782	-0.246143	0.481247	
213	-1.220695	-0.248986	0.485430	
214	-1.229602	-0.253109	0.490607	
215	-1.234713	-0.254282	0.495629	
216	-1.239335	-0.257440	0.500103	
217	-1.246943	-0.260843	0.505986	
218	-1.251332	-0.263354	0.511534	
219	-1.255683	-0.265723	0.517212	
220	-1.261474	-0.269376	0.523188	
221	-1.266738	-0.272089	0.529359	
222	-1.270672	-0.275254	0.535012	
223	-1.275452	-0.279749	0.540984	
224	-1.280179	-0.283543	0.547204	
225	-1.283678	-0.287388	0.553284	
226	-1.288141	-0.291688	0.559849	
227	-1.290523	-0.296063	0.565928	
228	-1.293108	-0.301513	0.571828	
229	-1.297098	-0.307759	0.578099	
230	-1.300362	-0.312280	0.583904	
231	-1.303851	-0.316312	0.589617	
232	-1.307822	-0.321304	0.595570	
233	-1.310210	-0.326439	0.601089	
234	-1.313879	-0.331486	0.607020	
235	-1.319634	-0.335380	0.614071	
236	-1.323375	-0.339776	0.619949	
237	-1.327009	-0.343842	0.625696	
238	-1.331355	-0.347775	0.631655	
239	-1.335682	-0.351398	0.637893	
240	-1.339754	-0.354900	0.643840	
241	-1.345200	-0.359340	0.650064	
242	-1.350336	-0.361763	0.656097	
243	-1.355024	-0.365077	0.661052	
244	-1.361593	-0.369777	0.666593	
245	-1.367192	-0.372879	0.671867	
246	-1.371251	-0.377493	0.676240	
247	-1.376869	-0.382531	0.680349	
248	-1.382778	-0.386510	0.684216	
249	-1.387926	-0.390425	0.687379	
250	-1.393449	-0.395086	0.690057	
251	-1.401363	-0.398042	0.693327	
252	-1.408072	-0.400760	0.696212	
253	-1.415048	-0.404514	0.698404	
254	-1.424340	-0.405796	0.701252	
255	-1.432882	-0.407049	0.703115	
256	-1.451734	-0.410312	0.705996	
257	-1.462920	-0.409624	0.707370	
258	-1.482636	-0.409876	0.708530	
259	-1.494575	-0.409545	0.709722	
260	-1.505638	-0.408428	0.710839	
261	-1.516180	-0.407180	0.711830	
262	-1.526451	-0.406611	0.712918	
263	-1.536710	-0.407263	0.714086	
264	-1.547150	-0.405553	0.715996	
265	-1.556694	-0.404821	0.717099	
266	-1.567855	-0.405190	0.718500	
267	-1.577522	-0.405359	0.720355	
268	-1.586533	-0.405899	0.721652	
269	-1.597763	-0.405914	0.723977	
270	-1.607267	-0.404829	0.726267	
271	-1.616819	-0.405050	0.728477	
272	-1.626909	-0.405859	0.731188	
273	-1.635553	-0.405773	0.733978	
274	-1.644206	-0.406620	0.736748	
275	-1.653605	-0.404305	0.740819	
276	-1.661896	-0.402493	0.745400	
277	-1.670125	-0.399873	0.750570	
278	-1.677977	-0.395477	0.756797	
279	-1.685490	-0.391323	0.764005	
280	-1.692109	-0.386869	0.771590	
281	-1.698185	-0.381573	0.779361	
282	-1.702748	-0.377276	0.787067	
283	-1.706441	-0.373373	0.795057	
284	-1.710174	-0.369634	0.803203	
285	-1.712849	-0.366403	0.810551	
286	-1.715630	-0.365484	0.818263	
287	-1.718382	-0.363230	0.827698	
288	-1.717730	-0.360401	0.835612	
289	-1.718934	-0.360459	0.843156	
290	-1.720054	-0.357845	0.852275	
291	-1.719747	-0.355806	0.860846	
292	-1.720211	-0.354636	0.869835	
293	-1.720784	-0.353190	0.878563	
294	-1.721790	-0.350787	0.888260	
295	-1.722869	-0.348640	0.897533	
296	-1.723638	-0.349072	0.906185	
297	-1.725141	-0.348743	0.915232	
298	-1.726246	-0.349560	0.923994	
299	-1.727398	-0.351033	0.931162	
300	-1.729506	-0.352316	0.938905	
301	-1.731759	-0.354005	0.946584	
302	-1.733940	-0.354249	0.954646	
303	-1.736002	-0.356512	0.961415	
304	-1.738508	-0.359104	0.968537	
305	-1.740716	-0.363555	0.974927	
306	-1.744390	-0.366188	0.981624	
307	-1.748247	-0.367712	0.988603	
308	-1.752498	-0.371204	0.994995	
309	-1.756081	-0.375000	1.000650	
310	-1.759748	-0.378589	1.006552	
311	-1.763466	-0.380292	1.012496	
312	-1.767215	-0.383810	1.017990	
313	-1.771308	-0.386982	1.023710	
314	-1.775438	-0.388792	1.029995	
315	-1.779784	-0.392279	1.035783	
316	-1.784662	-0.396605	1.040842	
317	-1.789542	-0.401225	1.045803	
318	-1.794862	-0.405347	1.051140	
319	-1.800217	-0.409330	1.056167	
320	-1.806210	-0.413714	1.061326	
321	-1.811581	-0.418720	1.065959	
322	-1.816813	-0.423577	1.070251	
323	-1.822631	-0.428572	1.074435	
324	-1.828091	-0.433292	1.078662	
325	-1.833689	-0.437317	1.082743	
326	-1.838376	-0.442715	1.085550	
327	-1.842815	-0.447775	1.088526	
328	-1.847595	-0.452811	1.091911	
329	-1.852395	-0.457551	1.095520	
330	-1.857070	-0.462487	1.100109	
331	-1.861381	-0.468601	1.104258	
332	-1.865685	-0.473105	1.108608	
333	-1.870024	-0.478953	1.114371	
334	-1.873442	-0.486275	1.118882	
335	-1.877572	-0.491086	1.124506	
336	-1.881727	-0.497311	1.130664	
337	-1.884945	-0.503183	1.134770	
338	-1.888557	-0.508917	1.141029	
339	-1.891125	-0.516158	1.146722	
340	-1.893285	-0.522571	1.151196	
341	-1.895760	-0.527712	1.157093	
342	-1.897804	-0.534054	1.164378	
343	-1.898897	-0.540051	1.168229	
344	-1.900816	-0.544946	1.174682	
345	-1.902208	-0.552233	1.182082	
346	-1.903338	-0.557572	1.187390	
347	-1.904860	-0.560836	1.194348	
348	-1.904641	-0.566048	1.200597	
349	-1.904525	-0.573260	1.204824	
350	-1.904873	-0.577279	1.210794	
351	-1.905456	-0.582848	1.218554	
352	-1.905153	-0.588391	1.223425	
353	-1.905393	-0.593968	1.230238	
354	-1.904947	-0.605127	1.242564	
355	-1.904645	-0.610464	1.249278	
356	-1.904153	-0.615592	1.255763	
357	-1.903892	-0.621501	1.262537	
358	-1.903775	-0.626664	1.269422	
359	-1.903145	-0.633604	1.277304	
360	-1.902555	-0.645056	1.292327	
361	-1.902124	-0.651957	1.300261	
362	-1.901687	-0.658340	1.307356	
363	-1.901547	-0.664728	1.315121	
364	-1.901477	-0.670084	1.322331	
365	-1.901423	-0.674947	1.329392	
366	-1.901625	-0.678782	1.337208	
367	-1.901410	-0.682018	1.342943	
368	-1.901358	-0.686044	1.348794	
369	-1.901198	-0.690111	1.355520	
370	-1.900635	-0.693590	1.361721	
371	-1.900442	-0.696290	1.366601	
372	-1.899884	-0.699160	1.372400	
373	-1.899619	-0.701955	1.376561	
374	-1.900196	-0.704486	1.380335	
375	-1.900425	-0.707075	1.384943	
376	-1.901243	-0.709232	1.390016	
377	-1.902224	-0.710675	1.393479	
378	-1.903658	-0.712319	1.398097	
379	-1.905181	-0.713903	1.403418	
380	-1.906974	-0.715971	1.408741	
381	-1.908875	-0.718073	1.413514	
382	-1.911175	-0.720862	1.419847	
383	-1.913673	-0.723792	1.424533	
384	-1.916300	-0.727360	1.429842	
385	-1.919634	-0.731196	1.435799	
386	-1.922855	-0.735635	1.440229	
387	-1.927046	-0.739618	1.446368	
388	-1.931034	-0.744998	1.451617	
389	-1.934978	-0.751227	1.456379	
390	-1.939786	-0.755399	1.461697	
391	-1.944233	-0.761877	1.466848	
392	-1.949184	-0.767137	1.471209	
393	-1.954411	-0.773378	1.477783	
394	-1.959749	-0.778738	1.482335	
395	-1.965218	-0.785444	1.487994	
396	-1.971113	-0.792079	1.495263	
397	-1.976612	-0.798307	1.500436	
398	-1.986801	-0.811994	1.511405	
399	-1.990829	-0.819566	1.516953	
400	-1.995238	-0.826414	1.521201	
401	-1.998760	-0.835982	1.528346	
402	-2.002019	-0.842306	1.532644	
403	-2.005631	-0.849692	1.537993	
404	-2.009225	-0.857847	1.546423	
405	-2.012129	-0.864079	1.553879	
406	-2.015171	-0.870360	1.559754	
407	-2.018386	-0.877409	1.568352	
408	-2.020543	-0.883236	1.577065	
409	-2.022768	-0.886158	1.582032	
410	-2.025113	-0.890793	1.588685	
411	-2.026926	-0.895768	1.597622	
412	-2.028612	-0.898125	1.604289	
413	-2.030235	-0.900367	1.610047	
414	-2.031562	-0.903595	1.617679	
415	-2.032386	-0.907310	1.626467	
416	-2.033871	-0.908235	1.633043	
417	-2.035324	-0.910225	1.640346	
418	-2.036821	-0.911926	1.649045	
419	-2.038477	-0.913256	1.655346	
420	-2.039902	-0.915629	1.663482	
421	-2.041723	-0.916286	1.670326	
422	-2.043116	-0.917887	1.677567	
423	-2.044651	-0.918601	1.683543	
424	-2.045989	-0.920104	1.690144	
425	-2.047138	-0.921945	1.697061	
426	-2.049695	-0.924201	1.707449	
427	-2.051099	-0.925512	1.712574	
428	-2.052052	-0.927482	1.718223	
429	-2.053493	-0.930013	1.723922	
430	-2.055599	-0.933472	1.728794	
431	-2.056873	-0.938124	1.736579	
432	-2.058379	-0.949394	1.747401	
433	-2.059206	-0.955264	1.753015	
434	-2.059814	-0.960983	1.757719	
435	-2.061261	-0.966393	1.760599	
436	-2.062431	-0.972210	1.765899	
437	-2.063665	-0.978751	1.771659	
438	-2.065428	-0.984310	1.775691	
439	-2.066915	-0.990764	1.782202	
440	-2.067977	-0.996952	1.786804	
441	-2.069476	-1.003734	1.791753	
442	-2.070922	-1.009460	1.798048	
443	-2.072328	-1.014809	1.802971	
444	-2.073593	-1.021258	1.808489	
445	-2.075145	-1.027061	1.813994	
446	-2.075943	-1.033803	1.820505	
447	-2.077448	-1.039773	1.824584	
448	-2.078763	-1.046640	1.829899	
449	-2.080119	-1.053153	1.836787	
450	-2.081436	-1.059365	1.840532	
451	-2.083464	-1.065824	1.847893	
452	-2.084828	-1.071428	1.853597	
453	-2.087795	-1.076766	1.857646	
454	-2.089355	-1.084934	1.866682	
455	-2.091510	-1.090971	1.872699	
456	-2.094581	-1.098440	1.880150	
457	-2.098447	-1.104606	1.888234	
458	-2.102533	-1.111949	1.896957	
459	-2.106300	-1.121511	1.907058	
460	-2.112398	-1.126945	1.915574	
461	-2.117406	-1.135092	1.925896	
462	-2.122816	-1.143107	1.937617	
463	-2.127882	-1.150264	1.948718	
464	-2.132122	-1.157644	1.959876	
465	-2.136851	-1.164811	1.971492	
466	-2.140386	-1.171687	1.982902	
467	-2.143567	-1.178415	1.993097	
468	-2.147250	-1.185270	2.002904	
469	-2.150794	-1.192616	2.012752	
470	-2.153511	-1.198386	2.023623	
471	-2.157307	-1.204954	2.032635	
472	-2.161369	-1.211234	2.044148	
473	-2.164012	-1.217378	2.054295	
474	-2.167043	-1.222822	2.064402	
475	-2.169647	-1.228222	2.074050	
476	-2.171272	-1.233974	2.083990	
477	-2.173654	-1.237838	2.092722	
478	-2.174717	-1.240993	2.101968	
479	-2.175114	-1.243957	2.110621	
480	-2.175928	-1.246870	2.118041	
481	-2.175582	-1.248476	2.126633	
482	-2.173121	-1.250239	2.136375	
483	-2.173365	-1.251398	2.142934	
484	-2.173080	-1.252412	2.150988	
485	-2.169178	-1.253759	2.161087	
486	-2.166804	-1.254038	2.168400	
487	-2.165498	-1.254310	2.174540	
488	-2.157603	-1.257896	2.194519	
489	-2.154945	-1.259384	2.202052	
490	-2.150562	-1.262411	2.212657	
491	-2.147360	-1.265140	2.219043	
492	-2.143806	-1.268932	2.226370	
493	-2.138700	-1.273384	2.235279	
494	-2.135411	-1.277562	2.241980	
495	-2.133135	-1.281276	2.248137	
496	-2.127951	-1.286458	2.258730	
497	-2.120745	-1.296913	2.271587	
498	-2.116209	-1.301612	2.280078	
499	-2.111257	-1.305408	2.288541	
500	-2.107996	-1.310814	2.292060	
501	-2.104808	-1.314410	2.297580	
502	-2.099208	-1.319576	2.304510	
503	-2.096630	-1.323169	2.307826	
504	-2.093061	-1.326294	2.313055	
505	-2.088927	-1.328768	2.320334	
506	-2.085766	-1.332715	2.324592	
507	-2.082418	-1.337276	2.327384	
508	-2.076890	-1.341879	2.332792	
509	-2.074084	-1.345065	2.335412	
510	-2.071121	-1.348043	2.338264	
511	-2.066145	-1.351109	2.343754	
512	-2.061893	-1.356424	2.345422	
513	-2.057783	-1.361545	2.347373	
514	-2.051239	-1.366193	2.353314	
515	-2.047870	-1.369361	2.356764	
516	-2.043111	-1.373946	2.361357	
517	-2.036939	-1.378932	2.368094	
518	-2.032455	-1.383677	2.373793	
519	-2.028209	-1.387576	2.381657	
520	-2.021335	-1.393021	2.391585	
521	-2.018178	-1.397180	2.399182	
522	-2.013576	-1.401325	2.408529	
523	-2.008286	-1.407088	2.418175	
524	-2.003851	-1.412041	2.427653	
525	-1.998142	-1.418506	2.437036	
526	-1.994864	-1.425618	2.444241	
527	-1.989645	-1.430711	2.453686	
528	-1.984285	-1.435578	2.463411	
529	-1.979926	-1.441446	2.471785	
530	-1.975791	-1.446673	2.479798	
531	-1.971001	-1.450914	2.488881	
532	-1.966884	-1.455942	2.496642	
533	-1.963137	-1.458902	2.505715	
534	-1.958428	-1.461720	2.514117	
535	-1.953212	-1.465961	2.521516	
536	-1.948967	-1.469516	2.528739	
537	-1.943642	-1.472352	2.536040	
538	-1.937328	-1.476938	2.541799	
539	-1.934783	-1.479525	2.547932	
540	-1.928975	-1.482988	2.553910	
541	-1.921482	-1.487703	2.560111	
542	-1.917626	-1.490823	2.565602	
543	-1.911944	-1.493516	2.571355	
544	-1.904577	-1.497015	2.577188	
545	-1.898556	-1.499742	2.582706	
546	-1.893534	-1.501550	2.587615	
547	-1.886611	-1.502894	2.593512	
548	-1.878468	-1.504819	2.597823	
549	-1.871635	-1.506277	2.602099	
550	-1.864062	-1.507559	2.605646	
551	-1.856143	-1.507928	2.611015	
552	-1.847398	-1.509145	2.613965	
553	-1.841245	-1.509336	2.617680	
554	-1.831384	-1.508271	2.622550	
555	-1.818107	-1.509441	2.627359	
556	-1.811927	-1.508697	2.630942	
557	-1.801985	-1.507632	2.636398	
558	-1.789507	-1.507196	2.641559	
559	-1.781552	-1.506198	2.646069	
560	-1.772989	-1.504377	2.650769	
561	-1.760677	-1.503552	2.655501	
562	-1.751061	-1.503349	2.659156	
563	-1.733230	-1.500567	2.666372	
564	-1.722029	-1.500841	2.669680	
565	-1.713809	-1.500473	2.671479	
566	-1.704261	-1.499837	2.673662	
567	-1.694100	-1.500035	2.676206	
568	-1.685468	-1.500910	2.676261	
569	-1.677685	-1.501530	2.677158	
570	-1.668779	-1.501707	2.679642	
571	-1.660755	-1.502693	2.680578	
572	-1.653281	-1.504637	2.679566	
573	-1.645371	-1.506277	2.679648	
574	-1.637572	-1.507802	2.680393	
575	-1.631317	-1.508675	2.680725	
576	-1.624985	-1.509425	2.681448	
577	-1.616788	-1.510524	2.683392	
578	-1.605511	-1.513659	2.683696	
579	-1.598617	-1.514250	2.685358	
580	-1.591151	-1.515241	2.686944	
581	-1.586041	-1.516902	2.686714	
582	-1.579518	-1.517269	2.688798	
583	-1.571487	-1.519480	2.690183	
584	-1.566783	-1.521050	2.691111	
585	-1.554066	-1.523170	2.695815	
586	-1.548488	-1.524226	2.698639	
587	-1.543098	-1.525135	2.700611	
588	-1.536543	-1.526075	2.703230	
589	-1.530154	-1.527355	2.704165	
590	-1.517418	-1.528546	2.709222	
591	-1.511341	-1.529386	2.711740	
592	-1.503990	-1.530566	2.714383	
593	-1.498461	-1.531206	2.717748	
594	-1.492830	-1.532598	2.720315	
595	-1.485863	-1.533544	2.722999	
596	-1.479058	-1.533845	2.726683	
597	-1.475014	-1.533898	2.729591	
598	-1.468077	-1.533588	2.732659	
599	-1.460971	-1.533276	2.736013	
600	-1.456121	-1.532811	2.737726	
601	-1.451050	-1.532717	2.738273	
602	-1.442291	-1.531549	2.742726	
603	-1.435449	-1.529494	2.747079	
604	-1.430948	-1.529453	2.746491	
605	-1.422124	-1.528413	2.749723	
606	-1.412907	-1.526913	2.753093	
607	-1.407532	-1.525821	2.754378	
608	-1.399027	-1.524257	2.757823	
609	-1.390836	-1.523429	2.758600	
610	-1.382041	-1.522260	2.761240	
611	-1.374207	-1.521252	2.763222	
612	-1.367652	-1.519945	2.763553	
613	-1.357965	-1.519150	2.764100	
614	-1.350681	-1.517958	2.763448	
615	-1.343689	-1.516639	2.762436	
616	-1.335128	-1.515139	2.761754	
617	-1.327295	-1.513960	2.761076	
618	-1.320846	-1.513286	2.758898	
619	-1.311594	-1.513284	2.756778	
620	-1.304676	-1.513400	2.755292	
621	-1.299091	-1.513357	2.753123	
622	-1.291256	-1.513345	2.751795	
623	-1.284047	-1.513668	2.749986	
624	-1.279019	-1.514368	2.745954	
625	-1.271323	-1.514668	2.744452	
626	-1.264026	-1.515025	2.742642	
627	-1.251129	-1.515549	2.738728	
628	-1.243175	-1.516497	2.736531	
629	-1.237823	-1.517620	2.733850	
630	-1.230304	-1.518762	2.732479	
631	-1.224234	-1.519738	2.730891	
632	-1.217771	-1.521396	2.728542	
633	-1.211054	-1.523083	2.726287	
634	-1.205365	-1.524092	2.724286	
635	-1.199818	-1.525056	2.722769	
636	-1.194684	-1.525483	2.721685	
637	-1.185491	-1.525544	2.717279	
638	-1.181390	-1.525391	2.714896	
639	-1.176550	-1.524113	2.713639	
640	-1.169923	-1.523448	2.711333	
641	-1.163284	-1.522962	2.709356	
642	-1.160878	-1.521933	2.707174	
643	-1.157315	-1.520289	2.706115	
644	-1.150567	-1.519582	2.704281	
645	-1.147723	-1.517923	2.703387	
646	-1.144757	-1.516016	2.702466	
647	-1.138195	-1.514224	2.701579	
648	-1.132200	-1.512597	2.699958	
649	-1.128348	-1.510774	2.698305	
650	-1.123551	-1.508519	2.696686	
651	-1.117748	-1.505897	2.694849	
652	-1.112198	-1.502717	2.693459	
653	-1.107781	-1.499144	2.691771	
654	-1.101039	-1.495685	2.690107	
655	-1.094791	-1.491895	2.688359	
656	-1.089736	-1.487764	2.686447	
657	-1.080889	-1.484174	2.684164	
658	-1.078106	-1.479439	2.682722	
659	-1.073495	-1.474703	2.681530	
660	-1.063787	-1.471950	2.678684	
661	-1.058947	-1.467995	2.677215	
662	-1.055353	-1.463892	2.675338	
663	-1.049191	-1.460073	2.672446	
664	-1.044484	-1.455955	2.669533	
665	-1.040497	-1.451682	2.666473	
666	-1.036846	-1.447008	2.662793	
667	-1.034007	-1.441977	2.659302	
668	-1.027716	-1.437874	2.654236	
669	-1.021979	-1.433154	2.649808	
670	-1.018309	-1.427122	2.646745	
671	-1.010889	-1.422489	2.641377	
672	-1.002303	-1.417122	2.636456	
673	-0.988958	-1.407971	2.624945	
674	-0.976599	-1.404001	2.618783	
675	-0.965814	-1.396941	2.607561	
676	-0.960417	-1.395563	2.600430	
677	-0.959315	-1.390999	2.597101	
678	-0.956102	-1.386358	2.593768	
679	-0.948522	-1.383481	2.588113	
680	-0.942228	-1.379675	2.583851	
681	-0.939340	-1.374527	2.581636	
682	-0.933253	-1.371488	2.578029	
683	-0.927168	-1.368087	2.575225	
684	-0.918342	-1.360043	2.572003	
685	-0.913091	-1.357425	2.569511	
686	-0.911846	-1.351472	2.570325	
687	-0.908148	-1.347298	2.569596	
688	-0.901556	-1.345160	2.567704	
689	-0.899747	-1.338466	2.570204	
690	-0.896743	-1.333597	2.570649	
691	-0.892043	-1.330083	2.570188	
692	-0.889288	-1.324892	2.571681	
693	-0.888732	-1.319141	2.573989	
694	-0.884343	-1.316605	2.573746	
695	-0.881873	-1.312407	2.575484	
696	-0.880766	-1.308010	2.577133	
697	-0.875262	-1.307377	2.575862	
698	-0.874079	-1.302982	2.578487	
699	-0.872917	-1.299930	2.580147	
700	-0.867970	-1.299685	2.579731	
701	-0.867406	-1.296027	2.582566	
702	-0.865411	-1.293676	2.583891	
703	-0.861736	-1.292250	2.585255	
704	-0.860250	-1.289204	2.588276	
705	-0.857493	-1.287049	2.590502	
706	-0.855093	-1.284626	2.593239	
707	-0.852425	-1.281849	2.596226	
708	-0.850494	-1.279218	2.599134	
709	-0.846973	-1.277550	2.601095	
710	-0.844899	-1.274647	2.604062	
711	-0.842749	-1.271902	2.606900	
712	-0.834492	-1.265169	2.615552	
713	-0.829030	-1.265227	2.615701	
714	-0.822926	-1.265491	2.616886	
715	-0.821751	-1.262751	2.620879	
716	-0.815751	-1.263729	2.621871	
717	-0.812259	-1.263104	2.624715	
718	-0.810483	-1.260804	2.628324	
719	-0.805815	-1.261003	2.630206	
720	-0.802301	-1.260267	2.632892	
721	-0.799888	-1.258447	2.636298	
722	-0.794472	-1.259507	2.637010	
723	-0.789484	-1.260098	2.639106	
724	-0.787196	-1.258875	2.642489	
725	-0.784090	-1.258775	2.644653	
726	-0.777743	-1.261287	2.645090	
727	-0.775530	-1.259670	2.649619	
728	-0.772559	-1.259053	2.652494	
729	-0.766786	-1.261096	2.653466	
730	-0.763214	-1.260629	2.658018	
731	-0.760753	-1.260062	2.660661	
732	-0.755137	-1.261923	2.661781	
733	-0.752607	-1.261210	2.666025	
734	-0.748919	-1.261660	2.668465	
735	-0.744033	-1.263625	2.669670	
736	-0.741866	-1.262891	2.673342	
737	-0.738162	-1.263701	2.675322	
738	-0.734255	-1.265199	2.677416	
739	-0.731710	-1.265966	2.680375	
740	-0.727055	-1.269500	2.680277	
741	-0.725066	-1.271024	2.683123	
742	-0.723556	-1.271917	2.686338	
743	-0.722325	-1.273118	2.688391	
744	-0.722072	-1.273033	2.692097	
745	-0.719866	-1.274371	2.694337	
746	-0.718428	-1.275480	2.697650	
747	-0.717086	-1.276429	2.700739	
748	-0.714903	-1.277501	2.703309	
749	-0.712621	-1.278888	2.705927	
750	-0.712713	-1.278185	2.710216	
751	-0.709738	-1.280087	2.712738	
752	-0.707565	-1.281630	2.716968	
753	-0.706590	-1.282470	2.722128	
754	-0.704250	-1.284698	2.726063	
755	-0.701088	-1.288039	2.729405	
756	-0.699587	-1.290373	2.734625	
757	-0.697681	-1.293473	2.739103	
758	-0.693656	-1.298639	2.743062	
759	-0.693103	-1.301271	2.749671	
760	-0.690085	-1.305639	2.754237	
761	-0.687575	-1.309620	2.760151	
762	-0.685824	-1.313127	2.767047	
763	-0.684122	-1.316484	2.772591	
764	-0.681638	-1.320242	2.777992	
765	-0.678929	-1.324334	2.783619	
766	-0.675880	-1.328777	2.789399	
767	-0.674046	-1.331991	2.796356	
768	-0.670516	-1.336870	2.800722	
769	-0.668377	-1.340203	2.806974	
770	-0.668056	-1.341789	2.813803	
771	-0.663550	-1.346554	2.817517	
772	-0.660922	-1.349444	2.823359	
773	-0.658657	-1.351773	2.828473	
774	-0.654092	-1.355648	2.830569	
775	-0.652776	-1.356263	2.836868	
776	-0.651162	-1.356722	2.841839	
777	-0.645994	-1.358973	2.844774	
778	-0.642303	-1.359886	2.848871	
779	-0.638343	-1.360507	2.853019	
780	-0.632521	-1.363376	2.853397	
781	-0.627860	-1.365166	2.855285	
782	-0.623528	-1.366853	2.856550	
783	-0.617707	-1.369340	2.856116	
784	-0.611387	-1.372134	2.857021	
785	-0.606409	-1.373892	2.858822	
786	-0.599153	-1.376053	2.859578	
787	-0.593740	-1.377707	2.860786	
788	-0.581870	-1.381082	2.864816	
789	-0.574326	-1.383229	2.867120	
790	-0.567705	-1.385409	2.869808	
791	-0.559882	-1.387985	2.870881	
792	-0.552113	-1.390284	2.871981	
793	-0.543147	-1.393874	2.872477	
794	-0.536088	-1.395948	2.874909	
795	-0.527388	-1.398566	2.875656	
796	-0.517841	-1.401828	2.875772	
797	-0.510765	-1.403068	2.878609	
798	-0.502925	-1.404891	2.880154	
799	-0.493589	-1.407996	2.880657	
800	-0.486486	-1.409445	2.883461	
801	-0.469654	-1.414980	2.883203	
802	-0.457263	-1.417661	2.885242	
803	-0.444934	-1.420610	2.885833	
804	-0.439290	-1.421716	2.886275	
805	-0.432559	-1.423443	2.885429	
806	-0.428581	-1.422804	2.887045	
807	-0.422071	-1.423409	2.886569	
808	-0.415055	-1.424391	2.885884	
809	-0.408628	-1.423797	2.886800	
810	-0.401005	-1.424891	2.885811	
811	-0.392748	-1.426531	2.884634	
812	-0.385763	-1.425889	2.885703	
813	-0.379273	-1.426770	2.885843	
814	-0.371211	-1.428255	2.884757	
815	-0.365135	-1.427649	2.885958	
816	-0.358253	-1.428467	2.885769	
817	-0.350345	-1.429408	2.884043	
818	-0.345293	-1.428360	2.884428	
819	-0.338575	-1.429398	2.881855	
820	-0.332761	-1.430164	2.879923	
821	-0.327036	-1.429730	2.878905	
822	-0.321313	-1.429566	2.877239	
823	-0.315329	-1.428962	2.875716	
824	-0.309335	-1.427413	2.874648	
825	-0.303435	-1.427067	2.872544	
826	-0.297789	-1.425091	2.871194	
827	-0.293349	-1.422417	2.870032	
828	-0.288344	-1.420288	2.867877	
829	-0.276289	-1.414266	2.864007	
830	-0.270337	-1.411352	2.860956	
831	-0.265026	-1.408312	2.857193	
832	-0.259109	-1.403875	2.853858	
833	-0.253218	-1.399701	2.849762	
834	-0.245878	-1.396123	2.844413	
835	-0.238483	-1.391352	2.839798	
836	-0.230115	-1.386251	2.835235	
837	-0.221673	-1.383132	2.828696	
838	-0.212064	-1.379432	2.822494	
839	-0.203787	-1.375087	2.816564	
840	-0.194691	-1.371598	2.809989	
841	-0.177191	-1.364940	2.795819	
842	-0.169633	-1.361592	2.789094	
843	-0.162197	-1.358783	2.781550	
844	-0.154185	-1.355063	2.775136	
845	-0.148293	-1.352887	2.767964	
846	-0.140188	-1.349835	2.761833	
847	-0.133002	-1.346927	2.755090	
848	-0.127871	-1.345353	2.748700	
849	-0.120018	-1.342123	2.743145	
850	-0.114130	-1.342976	2.733894	
851	-0.106436	-1.342619	2.726916	
852	-0.097895	-1.339139	2.722837	
853	-0.094697	-1.340370	2.714835	
854	-0.088177	-1.341652	2.707597	
855	-0.081097	-1.341081	2.701319	
856	-0.076600	-1.340703	2.694538	
857	-0.071428	-1.340020	2.687567	
858	-0.066435	-1.339180	2.680156	
859	-0.060211	-1.337839	2.673289	
860	-0.053512	-1.335952	2.667331	
861	-0.048391	-1.335910	2.659893	
862	-0.041542	-1.335722	2.653911	
863	-0.034485	-1.336554	2.646746	
864	-0.027305	-1.337759	2.640582	
865	-0.020099	-1.338661	2.635319	
866	-0.013554	-1.340734	2.628772	
867	-0.005471	-1.342606	2.622973	
868	0.001441	-1.344363	2.617735	
869	0.007171	-1.346788	2.611050	
870	0.012871	-1.349544	2.604045	
871	0.020689	-1.351342	2.598400	
872	0.026510	-1.353597	2.591947	
873	0.032911	-1.355808	2.584730	
874	0.037856	-1.358359	2.576950	
875	0.049953	-1.360578	2.563261	
876	0.052833	-1.362561	2.554205	
877	0.057660	-1.363558	2.546757	
878	0.060430	-1.365016	2.537548	
879	0.068530	-1.364900	2.522603	
880	0.070120	-1.364473	2.513742	
881	0.072350	-1.364104	2.505347	
882	0.076910	-1.362298	2.499090	
883	0.078755	-1.361264	2.491483	
884	0.079999	-1.361147	2.482802	
885	0.080817	-1.359808	2.474356	
886	0.084135	-1.358615	2.464969	
887	0.085418	-1.357492	2.456139	
888	0.088473	-1.355736	2.446949	
889	0.090739	-1.354007	2.438852	
890	0.093756	-1.352828	2.429651	
891	0.095976	-1.352609	2.419776	
892	0.099524	-1.351654	2.410575	
893	0.101639	-1.350836	2.400554	
894	0.103737	-1.350843	2.388845	
895	0.107234	-1.351165	2.378318	
896	0.110641	-1.351987	2.369191	
897	0.114173	-1.353171	2.361927	
898	0.118961	-1.353621	2.354943	
899	0.122818	-1.353265	2.347866	
900	0.125780	-1.352592	2.340017	
901	0.128493	-1.351613	2.333314	
902	0.132300	-1.349854	2.326828	
903	0.134746	-1.348058	2.320029	
904	0.137762	-1.346482	2.313552	
905	0.140724	-1.344388	2.307606	
906	0.143186	-1.342330	2.301419	
907	0.146309	-1.340951	2.294921	
908	0.150466	-1.338758	2.289144	
909	0.155766	-1.336941	2.283031	
910	0.160550	-1.335872	2.278140	
911	0.166540	-1.334026	2.274965	
912	0.172133	-1.332859	2.271803	
913	0.176578	-1.332538	2.268496	
914	0.182250	-1.330710	2.265247	
915	0.187245	-1.328628	2.261294	
916	0.192541	-1.326848	2.258065	
917	0.194625	-1.324489	2.256323	
918	0.197902	-1.322382	2.253480	
919	0.202250	-1.321039	2.250628	
920	0.205163	-1.318807	2.249480	
921	0.208519	-1.317215	2.247533	
922	0.212739	-1.316232	2.245652	
923	0.216664	-1.314620	2.244310	
924	0.220412	-1.313538	2.242858	
925	0.224308	-1.312772	2.242106	
926	0.228182	-1.311462	2.242441	
927	0.233452	-1.311179	2.241674	
928	0.238148	-1.311173	2.242027	
929	0.240172	-1.310282	2.243814	
930	0.245380	-1.310309	2.244347	
931	0.249815	-1.310956	2.246078	
932	0.252008	-1.310999	2.249536	
933	0.255986	-1.311763	2.251152	
934	0.258564	-1.312400	2.253608	
935	0.260780	-1.312792	2.256282	
936	0.264211	-1.313473	2.257326	
937	0.266915	-1.314356	2.259320	
938	0.268968	-1.314610	2.263636	
939	0.270075	-1.315145	2.267506	
940	0.272722	-1.315634	2.271214	
941	0.275610	-1.315980	2.274002	
942	0.279261	-1.316507	2.277114	
943	0.281779	-1.317006	2.280396	
944	0.283499	-1.316883	2.285283	
945	0.285923	-1.317096	2.288499	
946	0.289845	-1.317363	2.291375	
947	0.292179	-1.317533	2.295527	
948	0.295568	-1.318612	2.297632	
949	0.298133	-1.319112	2.300816	
950	0.305554	-1.320539	2.304234	
951	0.307240	-1.321063	2.307867	
952	0.308784	-1.321015	2.309299	
953	0.311330	-1.320886	2.313208	
954	0.312232	-1.319468	2.316379	
955	0.314722	-1.318418	2.319183	
956	0.317105	-1.317526	2.321282	
957	0.319098	-1.315973	2.326465	
958	0.319799	-1.314040	2.331551	
959	0.319915	-1.311892	2.335695	
960	0.322964	-1.311330	2.339887	
961	0.324584	-1.310666	2.345022	
962	0.325338	-1.309258	2.350440	
963	0.329263	-1.309648	2.351941	
964	0.331137	-1.309428	2.357908	
965	0.331541	-1.308810	2.363473	
966	0.336903	-1.309889	2.366126	
967	0.338673	-1.309782	2.371741	
968	0.342403	-1.310287	2.377195	
969	0.348598	-1.312693	2.380198	
970	0.351693	-1.313787	2.386291	
971	0.353334	-1.314075	2.392501	
972	0.358182	-1.316721	2.397002	
973	0.360879	-1.317668	2.405962	
974	0.361241	-1.316870	2.413365	
975	0.364658	-1.319002	2.418535	
976	0.366141	-1.319076	2.427822	
977	0.369546	-1.320657	2.432780	
978	0.373842	-1.323885	2.440882	
979	0.371989	-1.322158	2.448387	
980	0.373975	-1.322732	2.449975	
981	0.378355	-1.323990	2.455568	
982	0.378952	-1.323244	2.463510	
983	0.381042	-1.324430	2.466472	
984	0.383240	-1.324704	2.471433	
985	0.383447	-1.324283	2.477518	
986	0.384446	-1.324900	2.480595	
987	0.386624	-1.325230	2.485883	
988	0.388610	-1.325998	2.490095	
989	0.390615	-1.327513	2.492870	
990	0.392721	-1.327377	2.499444	
991	0.393463	-1.327229	2.503850	
992	0.394411	-1.327998	2.507371	
993	0.395532	-1.326210	2.513546	
994	0.397594	-1.325875	2.517137	
995	0.400392	-1.326544	2.520113	
996	0.402416	-1.324547	2.525519	
997	0.401145	-1.320883	2.532861	
998	0.402818	-1.320079	2.535514	
999	0.404982	-1.318050	2.541523	
1000	0.407659	-1.315962	2.553725	
1001	0.408885	-1.313215	2.564018	
1002	0.409946	-1.312431	2.572148	
1003	0.410466	-1.313269	2.577641	
1004	0.410338	-1.311717	2.584822	
1005	0.410096	-1.311631	2.590245	
1006	0.409821	-1.310119	2.595367	
1007	0.409711	-1.309464	2.598567	
1008	0.410110	-1.309593	2.602396	
1009	0.410567	-1.309544	2.605717	
1010	0.410664	-1.309896	2.607137	
1011	0.412364	-1.310975	2.610661	
1012	0.412530	-1.310427	2.614285	
1013	0.412608	-1.309647	2.617158	
1014	0.413941	-1.310351	2.618092	
1015	0.416255	-1.312947	2.622356	
1016	0.415822	-1.312259	2.626847	
1017	0.417376	-1.312710	2.628744	
1018	0.419365	-1.313373	2.629630	
1019	0.421807	-1.312323	2.633087	
1020	0.424181	-1.312706	2.632852	
1021	0.422502	-1.308697	2.633286	
1022	0.425017	-1.308411	2.632843	
1023	0.425615	-1.302853	2.631782	
1024	0.428323	-1.296329	2.627501	
1025	0.427718	-1.291003	2.625997	
1026	0.428352	-1.287489	2.625600	
1027	0.431500	-1.285280	2.623375	
1028	0.432459	-1.281387	2.623195	
1029	0.434099	-1.277603	2.623254	
1030	0.436750	-1.274860	2.623668	
1031	0.436653	-1.269164	2.623862	
1032	0.438795	-1.265535	2.624057	
1033	0.442424	-1.264069	2.624995	
1034	0.442711	-1.259247	2.625683	
1035	0.445340	-1.255825	2.624649	
1036	0.449084	-1.254664	2.625553	
1037	0.450833	-1.251137	2.625313	
1038	0.452034	-1.247407	2.625697	
1039	0.455724	-1.245583	2.624671	
1040	0.457916	-1.243553	2.624389	
1041	0.459683	-1.240577	2.622871	
1042	0.461261	-1.238058	2.621499	
1043	0.464023	-1.236535	2.618842	
1044	0.465321	-1.234074	2.616556	
1045	0.466938	-1.232373	2.615237	
1046	0.468819	-1.231052	2.614288	
1047	0.470190	-1.227464	2.613772	
1048	0.472420	-1.226794	2.613150	
1049	0.473509	-1.224971	2.612002	
1050	0.474076	-1.224458	2.613082	
1051	0.474913	-1.223698	2.613711	
1052	0.475801	-1.222078	2.613232	
1053	0.475924	-1.221466	2.614987	
1054	0.476836	-1.219613	2.614367	
1055	0.477289	-1.218166	2.615135	
1056	0.477334	-1.216679	2.616583	
1057	0.477228	-1.215368	2.618752	
1058	0.476932	-1.215279	2.622867	
1059	0.476858	-1.212533	2.623301	
1060	0.478181	-1.210867	2.623476	
1061	0.477637	-1.213068	2.629683	
1062	0.476043	-1.210849	2.631785	
1063	0.476780	-1.211209	2.634438	
1064	0.477385	-1.209615	2.634920	
1065	0.476533	-1.206221	2.634704	
1066	0.478967	-1.207292	2.636398	
1067	0.479234	-1.207140	2.638914	
1068	0.478378	-1.203839	2.639420	
1069	0.480037	-1.204731	2.642360	
1070	0.480066	-1.206856	2.648344	
1071	0.477202	-1.204647	2.653232	
1072	0.476946	-1.203103	2.655962	
1073	0.475933	-1.204600	2.663389	
1074	0.473063	-1.201703	2.667994	
1075	0.473362	-1.199420	2.669638	
1076	0.472919	-1.196763	2.671491	
1077	0.470931	-1.195092	2.676614	
1078	0.470137	-1.193747	2.680429	
1079	0.470249	-1.188895	2.678351	
1080	0.469624	-1.189753	2.683860	
1081	0.467281	-1.187120	2.687343	
1082	0.468619	-1.187979	2.690538	
1083	0.469289	-1.186348	2.691170	
1084	0.466326	-1.184389	2.695766	
1085	0.469569	-1.184392	2.693601	
1086	0.469543	-1.183283	2.693723	
1087	0.466907	-1.182199	2.697461	
1088	0.468408	-1.183986	2.697928	
1089	0.465444	-1.182813	2.700268	
1090	0.462209	-1.182400	2.703147	
1091	0.463120	-1.184746	2.702530	
1092	0.459780	-1.184894	2.704925	
1093	0.456901	-1.185078	2.706250	
1094	0.457076	-1.187010	2.703807	
1095	0.452429	-1.186946	2.706878	
1096	0.451531	-1.188431	2.705654	
1097	0.450076	-1.190010	2.705053	
1098	0.445611	-1.189630	2.707389	
1099	0.445193	-1.193048	2.707376	
1100	0.441705	-1.194582	2.709424	
1101	0.435453	-1.197303	2.711812	
1102	0.431508	-1.199802	2.716295	
1103	0.428036	-1.201203	2.719129	
1104	0.424120	-1.204718	2.725777	
1105	0.419610	-1.205152	2.728579	
1106	0.415679	-1.207533	2.733357	
1107	0.412372	-1.209857	2.736924	
1108	0.407749	-1.211611	2.742273	
1109	0.403737	-1.214088	2.747261	
1110	0.399556	-1.215617	2.750447	
1111	0.395404	-1.217807	2.753995	
1112	0.391131	-1.221861	2.759848	
1113	0.386901	-1.225462	2.764400	
1114	0.381878	-1.226979	2.766462	
1115	0.377759	-1.232194	2.773223	
1116	0.365984	-1.237055	2.781673	
1117	0.360786	-1.239772	2.784153	
1118	0.355485	-1.243689	2.789168	
1119	0.348742	-1.245018	2.792235	
1120	0.343436	-1.247457	2.794422	
1121	0.337302	-1.250651	2.800870	
1122	0.331052	-1.251739	2.803127	
1123	0.327198	-1.257553	2.809824	
1124	0.321374	-1.261029	2.817961	
1125	0.314824	-1.259357	2.816943	
1126	0.310560	-1.261759	2.819929	
1127	0.305429	-1.262676	2.824031	
1128	0.301372	-1.264019	2.826232	
1129	0.297855	-1.266153	2.828837	
1130	0.293568	-1.266117	2.830528	
1131	0.291723	-1.270026	2.834623	
1132	0.288935	-1.271564	2.837217	
1133	0.286383	-1.272488	2.837597	
1134	0.285784	-1.275278	2.837987	
1135	0.284465	-1.277344	2.839383	
1136	0.283070	-1.278305	2.838507	
1137	0.282226	-1.280299	2.839827	
1138	0.281927	-1.282525	2.839970	
1139	0.280452	-1.282739	2.840786	
1140	0.279662	-1.283026	2.839563	
1141	0.279453	-1.284879	2.840853	
1142	0.277520	-1.284008	2.840942	
1143	0.276693	-1.285204	2.842509	
1144	0.275288	-1.285333	2.842580	
1145	0.272964	-1.284420	2.843523	
1146	0.271466	-1.284856	2.845962	
1147	0.269833	-1.286073	2.851004	
1148	0.266743	-1.284760	2.852232	
1149	0.265124	-1.286298	2.856236	
1150	0.264097	-1.288703	2.860356	
1151	0.260551	-1.289214	2.866148	
1152	0.259633	-1.292818	2.870747	
1153	0.257686	-1.295279	2.874445	
1154	0.254333	-1.297159	2.879309	
1155	0.252486	-1.300141	2.881767	
1156	0.249994	-1.302824	2.884699	
1157	0.247500	-1.305760	2.887656	
1158	0.245532	-1.309391	2.890458	
1159	0.243138	-1.312338	2.893845	
1160	0.241106	-1.315676	2.896027	
1161	0.238611	-1.319200	2.899125	
1162	0.236023	-1.322201	2.901851	
1163	0.234559	-1.326701	2.903527	
1164	0.231500	-1.329092	2.907039	
1165	0.229239	-1.332295	2.907492	
1166	0.227829	-1.336486	2.910638	
1167	0.225285	-1.338832	2.912983	
1168	0.224056	-1.342833	2.914991	
1169	0.222633	-1.346277	2.918121	
1170	0.220645	-1.348710	2.921251	
1171	0.219520	-1.352086	2.924062	
1172	0.218290	-1.355216	2.927703	
1173	0.216104	-1.357279	2.930163	
1174	0.213695	-1.359483	2.932593	
1175	0.212822	-1.363244	2.934749	
1176	0.209800	-1.364387	2.940261	
1177	0.207232	-1.366073	2.942060	
1178	0.205510	-1.368487	2.946985	
1179	0.202406	-1.369752	2.951237	
1180	0.200078	-1.371807	2.954952	
1181	0.198020	-1.374898	2.959424	
1182	0.195440	-1.377465	2.963732	
1183	0.192709	-1.380795	2.968990	
1184	0.190001	-1.384491	2.973804	
1185	0.186209	-1.387986	2.977948	
1186	0.182262	-1.391632	2.982154	
1187	0.178531	-1.396441	2.987558	
1188	0.173793	-1.400266	2.993452	
1189	0.169919	-1.404782	2.997878	
1190	0.166083	-1.409830	3.002808	
1191	0.160407	-1.413363	3.008502	
1192	0.155797	-1.417991	3.013088	
1193	0.150056	-1.422731	3.018933	
1194	0.143325	-1.426854	3.025406	
1195	0.138525	-1.432715	3.031077	
1196	0.133214	-1.438014	3.037324	
1197	0.128200	-1.442852	3.043489	
1198	0.123739	-1.447885	3.050699	
1199	0.118991	-1.452822	3.057127	
1200	0.114527	-1.458025	3.063248	
1201	0.109818	-1.462919	3.069349	
1202	0.102487	-1.474083	3.085632	
1203	0.098772	-1.479362	3.092585	
1204	0.095369	-1.484399	3.100151	
1205	0.092283	-1.489567	3.107033	
1206	0.090286	-1.495081	3.115650	
1207	0.087748	-1.499532	3.124371	
1208	0.086361	-1.504496	3.132018	
1209	0.084655	-1.509288	3.140603	
1210	0.082818	-1.514106	3.149032	
1211	0.080786	-1.518519	3.154380	
1212	0.078796	-1.522640	3.161872	
1213	0.075848	-1.530112	3.173676	
1214	0.075783	-1.534234	3.180421	
1215	0.075756	-1.537994	3.184751	
1216	0.076988	-1.542424	3.190652	
1217	0.078454	-1.546272	3.196322	
1218	0.080469	-1.549861	3.203036	
1219	0.083453	-1.553489	3.208162	
1220	0.086730	-1.557065	3.213881	
1221	0.090998	-1.560583	3.220541	
1222	0.095135	-1.563301	3.226171	
1223	0.100482	-1.566616	3.232050	
1224	0.106140	-1.568979	3.239654	
1225	0.112575	-1.571388	3.246191	
1226	0.119849	-1.573835	3.253230	
1227	0.127026	-1.575747	3.261567	
1228	0.134953	-1.577857	3.269024	
1229	0.143870	-1.581313	3.275771	
1230	0.152217	-1.583820	3.285215	
1231	0.160591	-1.586747	3.291966	
1232	0.169657	-1.590554	3.299529	
1233	0.177940	-1.593794	3.306695	
1234	0.185987	-1.597617	3.312619	
1235	0.194444	-1.601599	3.318978	
1236	0.202133	-1.604745	3.324059	
1237	0.210008	-1.608183	3.328956	
1238	0.217826	-1.611285	3.334131	
1239	0.225689	-1.614747	3.340039	
1240	0.232554	-1.618773	3.345624	
1241	0.238755	-1.623061	3.350747	
1242	0.245342	-1.627278	3.356986	
1243	0.250780	-1.631347	3.361192	
1244	0.256486	-1.635042	3.366275	
1245	0.261694	-1.638734	3.371651	
1246	0.267151	-1.643319	3.375730	
1247	0.273280	-1.647302	3.382380	
1248	0.278408	-1.651667	3.387447	
1249	0.284539	-1.657277	3.392237	
1250	0.296134	-1.665154	3.400691	
1251	0.302314	-1.670195	3.405979	
1252	0.308589	-1.675523	3.411561	
1253	0.315851	-1.680896	3.417634	
1254	0.329850	-1.692566	3.430560	
1255	0.336886	-1.698472	3.437407	
1256	0.343218	-1.703861	3.444039	
1257	0.350112	-1.708845	3.450584	
1258	0.356313	-1.713048	3.457756	
1259	0.362879	-1.716555	3.464983	
1260	0.369332	-1.721486	3.469447	
1261	0.376341	-1.725742	3.474988	
1262	0.382650	-1.729981	3.480494	
1263	0.389247	-1.733664	3.485100	
1264	0.395370	-1.736978	3.489208	
1265	0.402465	-1.739529	3.494051	
1266	0.410117	-1.742087	3.498503	
1267	0.419271	-1.745288	3.502036	
1268	0.428412	-1.747785	3.506316	
1269	0.437321	-1.750193	3.510006	
1270	0.446972	-1.752486	3.513660	
1271	0.456998	-1.754196	3.517293	
1272	0.467096	-1.755791	3.520921	
1273	0.479208	-1.757820	3.523526	
1274	0.490682	-1.759306	3.526471	
1275	0.502232	-1.759792	3.529869	
1276	0.514224	-1.761767	3.531342	
1277	0.527003	-1.762372	3.534464	
1278	0.539592	-1.763232	3.536648	
1279	0.551809	-1.763060	3.539616	
1280	0.564691	-1.763543	3.541581	
1281	0.576395	-1.763866	3.543551	
1282	0.588565	-1.764145	3.545333	
1283	0.600080	-1.764863	3.546082	
1284	0.612493	-1.766520	3.546653	
1285	0.625101	-1.767462	3.548493	
1286	0.638703	-1.768643	3.550367	
1287	0.651008	-1.770104	3.551453	
1288	0.662713	-1.771483	3.552339	
1289	0.675318	-1.772136	3.553888	
1290	0.689197	-1.773625	3.554244	
1291	0.701684	-1.773842	3.555570	
1292	0.713337	-1.774664	3.555614	
1293	0.726315	-1.775672	3.556311	
1294	0.738352	-1.777200	3.556333	
1295	0.750224	-1.778154	3.557309	
1296	0.763182	-1.779664	3.557162	
1297	0.774194	-1.779824	3.558357	
1298	0.785223	-1.779900	3.559533	
1299	0.798757	-1.781865	3.559570	
1300	0.810728	-1.782771	3.561031	
1301	0.822984	-1.784020	3.562628	
1302	0.836335	-1.786189	3.563898	
1303	0.848104	-1.786654	3.567393	
1304	0.860033	-1.788675	3.569568	
1305	0.874430	-1.789508	3.573638	
1306	0.885844	-1.791188	3.576881	
1307	0.898521	-1.793557	3.580978	
1308	0.909989	-1.796036	3.585307	
1309	0.920381	-1.798109	3.591021	
1310	0.932680	-1.800979	3.596114	
1311	0.946050	-1.802947	3.602297	
1312	0.956594	-1.804816	3.608819	
1313	0.968288	-1.808916	3.613038	
1314	0.980148	-1.811613	3.618333	
1315	0.989024	-1.813668	3.623597	
1316	0.998327	-1.817231	3.627279	
1317	1.006878	-1.819520	3.631704	
1318	1.023521	-1.822275	3.641799	
1319	1.031817	-1.824629	3.645165	
1320	1.041241	-1.825669	3.649546	
1321	1.049243	-1.826764	3.653395	
1322	1.059936	-1.828721	3.655396	
1323	1.074730	-1.828174	3.658812	
1324	1.083431	-1.829436	3.661067	
1325	1.094388	-1.831198	3.662266	
1326	1.104705	-1.830976	3.665239	
1327	1.115132	-1.832124	3.665931	
1328	1.125876	-1.833903	3.665769	
1329	1.136715	-1.832783	3.666886	
1330	1.148132	-1.833588	3.666287	
1331	1.159405	-1.833225	3.665498	
1332	1.170559	-1.832768	3.664252	
1333	1.184110	-1.831383	3.663072	
1334	1.208708	-1.828912	3.658698	
1335	1.221833	-1.825716	3.658629	
1336	1.233090	-1.822367	3.658432	
1337	1.263606	-1.817236	3.655750	
1338	1.290167	-1.813403	3.650960	
1339	1.305074	-1.809402	3.648983	
1340	1.315127	-1.806412	3.647150	
1341	1.328003	-1.804671	3.642695	
1342	1.340028	-1.802714	3.638801	
1343	1.352410	-1.801789	3.634106	
1344	1.362868	-1.801850	3.629056	
1345	1.378980	-1.798136	3.624907	
1346	1.382404	-1.798797	3.621198	
1347	1.398249	-1.795936	3.616318	
1348	1.403365	-1.794951	3.613311	
1349	1.409441	-1.794941	3.608258	
1350	1.419477	-1.793463	3.603767	
1351	1.428426	-1.790595	3.600400	
1352	1.435178	-1.791534	3.594778	
1353	1.444752	-1.789827	3.590023	
1354	1.454117	-1.787347	3.586309	
1355	1.462370	-1.786931	3.580445	
1356	1.473745	-1.784253	3.575797	
1357	1.482704	-1.782048	3.571723	
1358	1.494197	-1.780717	3.565579	
1359	1.506451	-1.777424	3.561491	
1360	1.516795	-1.775334	3.557992	
1361	1.528805	-1.773423	3.554206	
1362	1.542155	-1.771232	3.549637	
1363	1.552457	-1.767523	3.548777	
1364	1.563953	-1.766031	3.545454	
1365	1.577994	-1.763642	3.541924	
1366	1.589396	-1.760557	3.539821	
1367	1.600616	-1.759823	3.535238	
1368	1.613055	-1.756404	3.532104	
1369	1.621396	-1.754678	3.529440	
1370	1.632469	-1.752277	3.525419	
1371	1.643015	-1.748495	3.523469	
1372	1.652409	-1.746256	3.520567	
1373	1.662056	-1.743848	3.517384	
1374	1.671234	-1.740301	3.514284	
1375	1.679156	-1.738232	3.510421	
1376	1.687032	-1.735764	3.506410	
1377	1.696028	-1.733268	3.501224	
1378	1.704015	-1.730335	3.496493	
1379	1.711622	-1.727888	3.490853	
1380	1.720617	-1.724502	3.484635	
1381	1.730540	-1.718530	3.479455	
1382	1.735536	-1.715512	3.474729	
1383	1.743210	-1.711375	3.468196	
1384	1.752272	-1.704968	3.461508	
1385	1.758028	-1.701077	3.454522	
1386	1.765175	-1.696245	3.446866	
1387	1.773081	-1.690628	3.437853	
1388	1.780145	-1.685903	3.428316	
1389	1.786826	-1.681382	3.418420	
1390	1.792896	-1.675323	3.412106	
1391	1.801908	-1.669972	3.402165	
1392	1.812192	-1.665099	3.391117	
1393	1.818610	-1.659377	3.384552	
1394	1.824426	-1.654746	3.377625	
1395	1.838308	-1.647275	3.363222	
1396	1.850382	-1.637527	3.348831	
1397	1.857750	-1.632516	3.340527	
1398	1.863615	-1.628081	3.334105	
1399	1.870145	-1.625097	3.324827	
1400	1.876940	-1.620924	3.317346	
1401	1.883309	-1.617153	3.309920	
1402	1.889350	-1.614768	3.301005	
1403	1.895223	-1.611577	3.292856	
1404	1.900715	-1.608510	3.284141	
1405	1.906416	-1.603796	3.277544	
1406	1.912520	-1.598871	3.272188	
1407	1.918828	-1.594854	3.264120	
1408	1.925887	-1.590184	3.256122	
1409	1.932945	-1.584292	3.250320	
1410	1.940341	-1.578667	3.242730	
1411	1.948668	-1.572832	3.234073	
1412	1.956145	-1.567260	3.226511	
1413	1.965109	-1.562347	3.216853	
1414	1.975338	-1.555389	3.209298	
1415	1.983486	-1.549596	3.203270	
1416	1.992983	-1.543996	3.196742	
1417	2.003450	-1.537639	3.190525	
1418	2.013337	-1.530751	3.186146	
1419	2.022807	-1.525002	3.180170	
1420	2.033350	-1.519173	3.173188	
1421	2.043208	-1.512924	3.167376	
1422	2.053298	-1.507091	3.160998	
1423	2.061178	-1.501727	3.155834	
1424	2.077032	-1.492414	3.143130	
1425	2.083013	-1.488186	3.138556	
1426	2.089060	-1.484926	3.132849	
1427	2.095443	-1.481827	3.126213	
1428	2.101521	-1.477972	3.119488	
1429	2.107316	-1.473218	3.113811	
1430	2.112096	-1.468920	3.109733	
1431	2.116391	-1.465227	3.105299	
1432	2.121207	-1.462188	3.096766	
1433	2.126547	-1.457233	3.090590	
1434	2.130396	-1.452068	3.086672	
1435	2.134332	-1.446941	3.081757	
1436	2.138974	-1.441157	3.076261	
1437	2.141787	-1.438091	3.067590	
1438	2.145130	-1.434017	3.060038	
1439	2.148071	-1.428824	3.055037	
1440	2.151095	-1.423680	3.048347	
1441	2.154919	-1.418427	3.039991	
1442	2.158055	-1.413165	3.032247	
1443	2.160324	-1.408675	3.024966	
1444	2.164518	-1.402657	3.014259	
1445	2.167964	-1.398082	3.002767	
1446	2.170469	-1.393922	2.995811	
1447	2.172630	-1.390232	2.984841	
1448	2.176880	-1.384530	2.971892	
1449	2.178756	-1.379750	2.967293	
1450	2.179310	-1.376725	2.959741	
1451	2.184475	-1.368325	2.948589	
1452	2.186415	-1.362097	2.940701	
1453	2.184906	-1.359716	2.931334	
1454	2.186802	-1.353443	2.920425	
1455	2.189261	-1.345143	2.912088	
1456	2.189563	-1.340318	2.905670	
1457	2.191997	-1.334503	2.894632	
1458	2.193789	-1.328431	2.885639	
1459	2.195547	-1.322236	2.877615	
1460	2.197992	-1.315306	2.872210	
1461	2.199928	-1.310554	2.861217	
1462	2.202534	-1.305530	2.850695	
1463	2.206028	-1.298612	2.846080	
1464	2.207944	-1.294224	2.835228	
1465	2.212175	-1.287699	2.826015	
1466	2.215208	-1.281213	2.820840	
1467	2.216613	-1.277726	2.809029	
1468	2.220992	-1.272082	2.797690	
1469	2.223796	-1.268002	2.787071	
1470	2.226818	-1.264943	2.775248	
1471	2.236087	-1.254401	2.759283	
1472	2.240229	-1.251144	2.750233	
1473	2.245609	-1.246738	2.743958	
1474	2.250987	-1.242903	2.733197	
1475	2.256577	-1.239633	2.724344	
1476	2.262435	-1.236269	2.714925	
1477	2.267871	-1.232538	2.704737	
1478	2.274442	-1.226329	2.694615	
1479	2.280446	-1.220832	2.687613	
1480	2.284956	-1.216421	2.678147	
1481	2.290425	-1.210485	2.669250	
1482	2.294297	-1.206422	2.661617	
1483	2.298160	-1.201973	2.654333	
1484	2.302085	-1.196783	2.644694	
1485	2.305907	-1.190661	2.639183	
1486	2.308699	-1.186571	2.630854	
1487	2.311626	-1.181777	2.622240	
1488	2.314811	-1.176530	2.616442	
1489	2.316235	-1.172910	2.607343	
1490	2.318473	-1.167769	2.597886	
1491	2.319414	-1.162934	2.589477	
1492	2.320423	-1.158359	2.580039	
1493	2.322915	-1.147420	2.562316	
1494	2.323090	-1.143530	2.551901	
1495	2.323540	-1.137718	2.542760	
1496	2.324001	-1.131126	2.537095	
1497	2.323995	-1.125048	2.529073	
1498	2.321802	-1.121986	2.515189	
1499	2.321762	-1.114389	2.507993	
1500	2.321037	-1.107032	2.501519	
1501	2.320988	-1.098530	2.492454	
1502	2.320887	-1.090444	2.484582	
1503	2.319623	-1.083848	2.474495	
1504	2.318672	-1.077775	2.462890	
1505	2.317476	-1.072922	2.450641	
1506	2.316086	-1.068598	2.437438	
1507	2.315534	-1.063120	2.425353	
1508	2.314526	-1.057721	2.414471	
1509	2.314253	-1.051497	2.404040	
1510	2.313198	-1.045980	2.392347	
1511	2.312428	-1.039663	2.382092	
1512	2.311643	-1.033863	2.372685	
1513	2.309263	-1.030508	2.361990	
1514	2.308969	-1.024403	2.353506	
1515	2.308079	-1.019012	2.346110	
1516	2.306068	-1.016385	2.336733	
1517	2.304064	-1.011977	2.328870	
1518	2.302203	-1.008566	2.321575	
1519	2.300782	-1.004665	2.314671	
1520	2.299831	-0.999494	2.308370	
1521	2.298790	-0.995893	2.302239	
1522	2.298352	-0.993319	2.296936	
1523	2.298666	-0.988916	2.291446	
1524	2.299118	-0.985056	2.287004	
1525	2.299152	-0.982946	2.280160	
1526	2.298566	-0.980862	2.271315	
1527	2.299986	-0.977381	2.265009	
1528	2.300460	-0.974896	2.256557	
1529	2.301995	-0.970986	2.248739	
1530	2.304597	-0.965955	2.240664	
1531	2.308090	-0.959942	2.233059	
1532	2.311930	-0.954046	2.224272	
1533	2.315578	-0.948309	2.215257	
1534	2.318285	-0.943902	2.205174	
1535	2.321623	-0.939291	2.195100	
1536	2.325939	-0.932738	2.185539	
1537	2.329271	-0.928643	2.175866	
1538	2.332979	-0.923904	2.166279	
1539	2.336655	-0.919649	2.157090	
1540	2.340396	-0.915539	2.148462	
1541	2.344116	-0.910728	2.138722	
1542	2.349005	-0.905302	2.131620	
1543	2.352425	-0.901561	2.123717	
1544	2.355565	-0.898992	2.114514	
1545	2.359899	-0.893298	2.107859	
1546	2.363187	-0.888920	2.100626	
1547	2.366302	-0.885233	2.092090	
1548	2.369725	-0.879833	2.084492	
1549	2.372587	-0.874701	2.076573	
1550	2.375835	-0.869567	2.068480	
1551	2.379096	-0.863431	2.060260	
1552	2.381237	-0.858759	2.051986	
1553	2.382838	-0.855182	2.043192	
1554	2.384972	-0.849110	2.034906	
1555	2.385946	-0.844294	2.025470	
1556	2.387504	-0.838871	2.017417	
1557	2.388325	-0.833920	2.009017	
1558	2.388846	-0.830000	2.000176	
1559	2.389578	-0.824348	1.991594	
1560	2.390682	-0.817843	1.982641	
1561	2.391666	-0.811543	1.974280	
1562	2.392019	-0.805274	1.963525	
1563	2.391964	-0.799525	1.953903	
1564	2.392866	-0.785569	1.933139	
1565	2.393634	-0.778979	1.923815	
1566	2.394841	-0.772580	1.914032	
1567	2.396701	-0.764789	1.903620	
1568	2.399712	-0.757429	1.894313	
1569	2.402175	-0.750452	1.883658	
1570	2.405227	-0.743336	1.875675	
1571	2.408091	-0.738282	1.867356	
1572	2.409998	-0.733662	1.856713	
1573	2.411697	-0.729304	1.848366	
1574	2.413030	-0.726028	1.839445	
1575	2.415994	-0.720784	1.832075	
1576	2.417304	-0.718373	1.822532	
1577	2.419863	-0.715157	1.814468	
1578	2.422489	-0.712037	1.807248	
1579	2.427426	-0.705811	1.789365	
1580	2.429859	-0.702610	1.780386	
1581	2.431821	-0.700031	1.771420	
1582	2.435057	-0.697253	1.762744	
1583	2.439503	-0.692366	1.753969	
1584	2.443223	-0.688737	1.744294	
1585	2.446926	-0.685306	1.734563	
1586	2.451479	-0.680186	1.725568	
1587	2.455362	-0.675744	1.715021	
1588	2.459893	-0.671567	1.705398	
1589	2.465531	-0.665875	1.697111	
1590	2.470263	-0.661550	1.686853	
1591	2.474302	-0.658980	1.676678	
1592	2.479005	-0.654134	1.666256	
1593	2.483841	-0.651387	1.657760	
1594	2.488007	-0.646242	1.647378	
1595	2.494012	-0.640397	1.638561	
1596	2.498703	-0.633427	1.629663	
1597	2.503455	-0.628213	1.619805	
1598	2.508601	-0.621280	1.611988	
1599	2.512442	-0.614920	1.603157	
1600	2.516965	-0.609313	1.596037	
1601	2.520679	-0.603086	1.588439	
1602	2.523554	-0.596735	1.580702	
1603	2.526705	-0.590943	1.573879	
1604	2.528857	-0.584769	1.567393	
1605	2.531415	-0.579144	1.562465	
1606	2.533818	-0.571767	1.557125	
1607	2.534252	-0.566878	1.550798	
1608	2.535376	-0.561617	1.545233	
1609	2.536077	-0.556319	1.539192	
1610	2.535660	-0.551077	1.532186	
1611	2.535725	-0.546212	1.526197	
1612	2.534618	-0.541925	1.519221	
1613	2.533031	-0.536853	1.512683	
1614	2.529402	-0.525308	1.496518	
1615	2.526482	-0.519231	1.487195	
1616	2.523393	-0.514689	1.479047	
1617	2.520550	-0.509194	1.470459	
1618	2.517342	-0.503555	1.461832	
1619	2.513569	-0.497052	1.453230	
1620	2.509547	-0.491122	1.444324	
1621	2.506538	-0.484640	1.436575	
1622	2.502310	-0.479507	1.428499	
1623	2.498032	-0.475043	1.420892	
1624	2.493727	-0.470516	1.412262	
1625	2.489628	-0.465735	1.404461	
1626	2.484179	-0.462113	1.395662	
1627	2.479477	-0.459611	1.388680	
1628	2.474016	-0.456847	1.381126	
1629	2.468588	-0.455163	1.373640	
1630	2.464076	-0.451666	1.367227	
1631	2.460488	-0.448497	1.360935	
1632	2.455656	-0.446205	1.352295	
1633	2.452235	-0.443595	1.344396	
1634	2.448453	-0.440817	1.335564	
1635	2.445607	-0.439376	1.329190	
1636	2.442172	-0.437343	1.322706	
1637	2.438507	-0.434229	1.316540	
1638	2.434216	-0.433318	1.309641	
1639	2.430658	-0.429968	1.304397	
1640	2.427843	-0.428356	1.301010	
1641	2.421803	-0.427372	1.294297	
1642	2.418120	-0.424326	1.290082	
1643	2.415047	-0.422302	1.286690	
1644	2.410043	-0.421493	1.282470	
1645	2.406598	-0.419477	1.279808	
1646	2.402532	-0.418901	1.277601	
1647	2.397426	-0.417758	1.274240	
1648	2.394559	-0.414106	1.273288	
1649	2.391480	-0.411325	1.273173	
1650	2.386868	-0.409856	1.271236	
1651	2.382169	-0.407467	1.268917	
1652	2.376086	-0.405056	1.265250	
1653	2.371842	-0.402936	1.263704	
1654	2.367909	-0.400898	1.262558	
1655	2.362153	-0.398767	1.260439	
1656	2.356614	-0.396443	1.258671	
1657	2.350739	-0.393053	1.256881	
1658	2.343943	-0.391980	1.255168	
1659	2.336694	-0.389690	1.252689	
1660	2.329751	-0.388266	1.250993	
1661	2.320927	-0.386707	1.248042	
1662	2.312607	-0.385214	1.245663	
1663	2.304132	-0.383887	1.243341	
1664	2.293745	-0.382984	1.240183	
1665	2.284301	-0.382082	1.237354	
1666	2.276432	-0.380872	1.235787	
1667	2.266701	-0.380996	1.232952	
1668	2.255732	-0.380932	1.228457	
1669	2.246956	-0.380992	1.225791	
1670	2.237494	-0.380446	1.223589	
1671	2.225926	-0.378563	1.219965	
1672	2.215284	-0.378266	1.217598	
1673	2.204546	-0.378480	1.216281	
1674	2.191852	-0.378140	1.214339	
1675	2.179872	-0.375905	1.212030	
1676	2.169196	-0.375508	1.211025	
1677	2.157461	-0.374601	1.209753	
1678	2.146074	-0.372096	1.208083	
1679	2.136689	-0.371238	1.208467	
1680	2.126919	-0.370468	1.208810	
1681	2.117792	-0.368598	1.208557	
1682	2.108547	-0.367821	1.208078	
1683	2.099992	-0.366081	1.207505	
1684	2.092340	-0.363516	1.207157	
1685	2.084226	-0.363012	1.206389	
1686	2.076898	-0.361552	1.204996	
1687	2.070587	-0.359498	1.204119	
1688	2.056684	-0.357014	1.202319	
1689	2.050240	-0.355394	1.201631	
1690	2.043899	-0.353921	1.200439	
1691	2.037737	-0.351320	1.198999	
1692	2.031075	-0.348419	1.197234	
1693	2.025352	-0.344228	1.195563	
1694	2.018289	-0.340423	1.193036	
1695	2.011766	-0.336133	1.190626	
1696	2.005521	-0.332357	1.187685	
1697	1.999704	-0.327249	1.184828	
1698	1.993981	-0.322891	1.181348	
1699	1.988636	-0.318637	1.177771	
1700	1.983169	-0.314017	1.174093	
1701	1.977822	-0.309607	1.170174	
1702	1.972337	-0.305244	1.166222	
1703	1.967332	-0.300763	1.162287	
1704	1.961969	-0.296780	1.157408	
1705	1.956525	-0.292930	1.152431	
1706	1.952280	-0.288828	1.148039	
1707	1.947145	-0.285913	1.143094	
1708	1.941503	-0.281654	1.138049	
1709	1.936777	-0.278615	1.133826	
1710	1.930946	-0.275662	1.129615	
1711	1.924747	-0.271098	1.125007	
1712	1.919749	-0.267793	1.121614	
1713	1.913703	-0.265564	1.117735	
1714	1.906404	-0.261321	1.113130	
1715	1.899712	-0.258521	1.108906	
1716	1.892323	-0.256087	1.104402	
1717	1.884851	-0.252744	1.100067	
1718	1.877226	-0.249926	1.095494	
1719	1.868574	-0.246978	1.090648	
1720	1.860260	-0.243425	1.086205	
1721	1.851882	-0.240921	1.081914	
1722	1.842890	-0.238216	1.077817	
1723	1.832929	-0.235191	1.073281	
1724	1.823533	-0.232588	1.069258	
1725	1.812449	-0.230684	1.064917	
1726	1.802223	-0.227303	1.061126	
1727	1.793804	-0.225319	1.058065	
1728	1.784167	-0.222988	1.054874	
1729	1.767053	-0.218431	1.049610	
1730	1.758945	-0.216890	1.047907	
1731	1.749864	-0.214966	1.045432	
1732	1.742400	-0.213435	1.043761	
1733	1.735025	-0.212360	1.042515	
1734	1.727805	-0.211296	1.041280	
1735	1.721560	-0.208966	1.039889	
1736	1.715259	-0.207828	1.038686	
1737	1.708921	-0.208083	1.037125	
1738	1.702852	-0.206671	1.035119	
1739	1.697337	-0.205961	1.033587	
1740	1.692086	-0.205529	1.032723	
1741	1.686591	-0.204429	1.031757	
1742	1.682004	-0.203128	1.030849	
1743	1.676981	-0.201846	1.029622	
1744	1.672538	-0.200359	1.028378	
1745	1.667257	-0.199492	1.026324	
1746	1.662255	-0.198642	1.023952	
1747	1.656407	-0.196877	1.021133	
1748	1.651722	-0.196841	1.018644	
1749	1.646044	-0.195617	1.015364	
1750	1.640402	-0.192817	1.011753	
1751	1.635915	-0.191265	1.008818	
1752	1.630428	-0.189247	1.005147	
1753	1.624464	-0.185959	1.001035	
1754	1.618217	-0.182145	0.996568	
1755	1.612340	-0.179959	0.991662	
1756	1.606462	-0.174941	0.986725	
1757	1.600738	-0.171126	0.981330	
1758	1.588088	-0.163759	0.969583	
1759	1.581801	-0.160172	0.963466	
1760	1.576043	-0.156510	0.957370	
1761	1.569510	-0.152376	0.950759	
1762	1.564421	-0.148906	0.944663	
1763	1.558260	-0.145669	0.938395	
1764	1.552752	-0.140586	0.932274	
1765	1.547948	-0.136720	0.926503	
1766	1.534967	-0.129237	0.914318	
1767	1.529724	-0.126340	0.908599	
1768	1.524387	-0.121420	0.903223	
1769	1.518811	-0.116976	0.897793	
1770	1.513819	-0.114348	0.892352	
1771	1.509930	-0.110717	0.887712	
1772	1.505774	-0.107123	0.883129	
1773	1.501043	-0.103955	0.878660	
1774	1.496266	-0.102176	0.874187	
1775	1.491858	-0.101534	0.870361	
1776	1.481194	-0.104790	0.860590	
1777	1.475564	-0.106000	0.855567	
1778	1.469022	-0.108480	0.850486	
1779	1.462469	-0.112226	0.844760	
1780	1.454644	-0.114860	0.839186	
1781	1.439589	-0.121897	0.827833	
1782	1.431793	-0.123543	0.822834	
1783	1.424137	-0.125110	0.818355	
1784	1.416873	-0.125374	0.814263	
1785	1.409356	-0.125869	0.810549	
1786	1.401724	-0.127195	0.806423	
1787	1.395139	-0.128357	0.802751	
1788	1.387712	-0.128123	0.799007	
1789	1.374568	-0.128049	0.793065	
1790	1.367940	-0.128763	0.790171	
1791	1.361549	-0.128878	0.787408	
1792	1.355690	-0.128591	0.784840	
1793	1.349300	-0.129621	0.781320	
1794	1.342388	-0.128628	0.778316	
1795	1.337801	-0.128904	0.775432	
1796	1.331772	-0.129047	0.772449	
1797	1.325444	-0.128113	0.769826	
1798	1.319543	-0.127186	0.766956	
1799	1.314436	-0.126816	0.764292	
1800	1.309357	-0.124569	0.761947	
1801	1.304567	-0.123246	0.758404	
1802	1.299863	-0.121820	0.755101	
1803	1.293483	-0.120675	0.751527	
1804	1.290453	-0.120075	0.748477	
1805	1.286103	-0.117213	0.746473	
1806	1.282135	-0.115367	0.744747	
1807	1.278044	-0.114625	0.741861	
1808	1.273724	-0.111847	0.739453	
1809	1.270075	-0.109064	0.737126	
1810	1.265679	-0.107691	0.733513	
1811	1.261465	-0.103968	0.730161	
1812	1.258568	-0.099603	0.727102	
1813	1.254439	-0.096492	0.722018	
1814	1.249347	-0.093084	0.716560	
1815	1.245788	-0.087232	0.712104	
1816	1.242768	-0.084498	0.705900	
1817	1.239150	-0.080979	0.699727	
1818	1.235822	-0.075948	0.694640	
1819	1.233619	-0.073888	0.688442	
1820	1.231026	-0.070103	0.682772	
1821	1.226120	-0.065343	0.678114	
1822	1.224103	-0.063323	0.672471	
1823	1.220248	-0.058949	0.667861	
1824	1.216599	-0.056935	0.662626	
1825	1.213386	-0.056219	0.656831	
1826	1.208434	-0.053766	0.652067	
1827	1.205518	-0.051810	0.647244	
1828	1.200974	-0.050568	0.642065	
1829	1.195589	-0.047724	0.638385	
1830	1.190615	-0.047900	0.633572	
1831	1.185768	-0.047476	0.628851	
1832	1.178881	-0.046700	0.624757	
1833	1.170976	-0.045147	0.620791	
1834	1.164806	-0.045668	0.615928	
1835	1.156444	-0.045177	0.611540	
1836	1.147955	-0.044527	0.607525	
1837	1.141900	-0.045458	0.603080	
1838	1.132967	-0.046499	0.598904	
1839	1.123524	-0.048393	0.595221	
1840	1.116044	-0.051623	0.591831	
1841	1.106877	-0.056837	0.588127	
1842	1.095885	-0.060378	0.585480	
1843	1.087422	-0.064144	0.584088	
1844	1.076895	-0.066207	0.583739	
1845	1.064887	-0.068829	0.583847	
1846	1.054760	-0.073293	0.583404	
1847	1.044033	-0.076997	0.583562	
1848	1.033157	-0.079126	0.584540	
1849	1.024160	-0.082258	0.585407	
1850	1.013487	-0.085495	0.586519	
1851	1.002503	-0.088777	0.588141	
1852	0.992723	-0.092202	0.589295	
1853	0.982812	-0.094852	0.590655	
1854	0.973349	-0.098968	0.591473	
1855	0.965057	-0.103886	0.591796	
1856	0.956017	-0.106046	0.593745	
1857	0.947397	-0.108374	0.595630	
1858	0.939887	-0.110457	0.597387	
1859	0.931041	-0.113926	0.598986	
1860	0.922723	-0.116306	0.600874	
1861	0.916376	-0.118663	0.602862	
1862	0.908026	-0.119069	0.606182	
1863	0.901572	-0.121560	0.608309	
1864	0.894633	-0.123263	0.610670	
1865	0.886871	-0.124335	0.613686	
1866	0.879905	-0.126487	0.616544	
1867	0.872865	-0.128679	0.619120	
1868	0.865503	-0.127715	0.622925	
1869	0.860559	-0.128635	0.626508	
1870	0.855316	-0.133334	0.628026	
1871	0.848177	-0.134538	0.630561	
1872	0.839707	-0.134950	0.634560	
1873	0.835000	-0.140257	0.635804	
1874	0.829504	-0.142259	0.637344	
1875	0.821686	-0.143639	0.640629	
1876	0.817252	-0.147518	0.642345	
1877	0.812452	-0.149015	0.644440	
1878	0.805237	-0.150069	0.647743	
1879	0.800684	-0.151745	0.650031	
1880	0.796029	-0.153903	0.652292	
1881	0.790329	-0.154804	0.655464	
1882	0.785078	-0.155838	0.658771	
1883	0.781435	-0.157188	0.661944	
1884	0.773011	-0.158150	0.669089	
1885	0.768062	-0.158933	0.672408	
1886	0.762688	-0.157977	0.676881	
1887	0.758151	-0.158527	0.680724	
1888	0.754319	-0.159327	0.684092	
1889	0.749613	-0.158455	0.688604	
1890	0.747358	-0.157488	0.693551	
1891	0.744104	-0.158361	0.698237	
1892	0.740499	-0.157937	0.703931	
1893	0.737556	-0.157067	0.710401	
1894	0.733941	-0.156965	0.717611	
1895	0.730799	-0.155853	0.725751	
1896	0.729762	-0.156273	0.733835	
1897	0.726601	-0.157032	0.741987	
1898	0.724139	-0.155721	0.750755	
1899	0.721928	-0.155191	0.759218	
1900	0.719665	-0.156585	0.766819	
1901	0.716665	-0.156994	0.774271	
1902	0.713592	-0.157498	0.781756	
1903	0.710310	-0.158981	0.789150	
1904	0.707205	-0.161026	0.796515	
1905	0.704089	-0.162120	0.804800	
1906	0.700824	-0.164926	0.812589	
1907	0.697550	-0.168961	0.819746	
1908	0.694102	-0.170971	0.828213	
1909	0.691525	-0.175019	0.835860	
1910	0.689099	-0.179811	0.842699	
1911	0.686452	-0.180718	0.851795	
1912	0.683553	-0.184789	0.859398	
1913	0.680200	-0.188603	0.865648	
1914	0.678563	-0.190136	0.874353	
1915	0.677925	-0.193580	0.881753	
1916	0.676440	-0.196900	0.888275	
1917	0.675133	-0.198340	0.895729	
1918	0.675000	-0.200983	0.902779	
1919	0.674419	-0.204066	0.908444	
1920	0.674136	-0.205785	0.914947	
1921	0.674259	-0.208201	0.920975	
1922	0.675308	-0.211191	0.926405	
1923	0.676782	-0.213421	0.932510	
1924	0.678137	-0.216544	0.938192	
1925	0.679277	-0.219743	0.943058	
1926	0.679820	-0.222203	0.947957	
1927	0.680747	-0.224063	0.953418	
1928	0.682567	-0.226358	0.958868	
1929	0.683107	-0.229249	0.963763	
1930	0.684235	-0.230126	0.970256	
1931	0.684588	-0.233073	0.975590	
1932	0.685506	-0.234258	0.981026	
1933	0.687756	-0.235658	0.987417	
1934	0.688902	-0.238247	0.992091	
1935	0.689813	-0.238827	0.996709	
1936	0.690961	-0.238958	1.002367	
1937	0.691563	-0.240066	1.006790	
1938	0.693449	-0.239595	1.017396	
1939	0.693868	-0.239666	1.021645	
1940	0.694595	-0.238938	1.025907	
1941	0.695277	-0.235867	1.036548	
1942	0.695037	-0.233732	1.041295	
1943	0.695279	-0.231199	1.047184	
1944	0.696433	-0.229170	1.052639	
1945	0.696288	-0.226562	1.058434	
1946	0.696380	-0.223794	1.064403	
1947	0.696413	-0.221653	1.070135	
1948	0.693920	-0.213346	1.088438	
1949	0.694031	-0.211098	1.095299	
1950	0.693977	-0.209573	1.102202	
1951	0.693292	-0.207758	1.116481	
1952	0.692357	-0.206925	1.123635	
1953	0.691422	-0.206080	1.130712	
1954	0.690567	-0.205886	1.137196	
1955	0.689167	-0.206511	1.143373	
1956	0.690192	-0.205978	1.149999	
1957	0.689190	-0.207185	1.160894	
1958	0.689363	-0.207290	1.166548	
1959	0.689533	-0.207759	1.171664	
1960	0.690005	-0.207452	1.177297	
1961	0.690886	-0.207253	1.183033	
1962	0.690667	-0.207759	1.188035	
1963	0.690769	-0.208139	1.192950	
1964	0.692067	-0.207723	1.198177	
1965	0.692883	-0.207813	1.203128	
1966	0.692814	-0.208540	1.207433	
1967	0.693412	-0.208424	1.211987	
1968	0.693227	-0.207995	1.215982	
1969	0.692971	-0.207949	1.219538	
1970	0.693348	-0.206551	1.223839	
1971	0.694324	-0.204682	1.227615	
1972	0.694354	-0.203755	1.230607	
1973	0.694460	-0.202160	1.233780	
1974	0.695926	-0.201206	1.236836	
1975	0.695892	-0.200107	1.239038	
1976	0.694629	-0.198901	1.241112	
1977	0.694539	-0.198307	1.242785	
1978	0.694847	-0.197386	1.245009	
1979	0.694399	-0.196860	1.246521	
1980	0.693203	-0.196007	1.247914	
1981	0.692093	-0.194748	1.249705	
1982	0.691075	-0.194072	1.251348	
1983	0.686788	-0.193143	1.253915	
1984	0.684853	-0.191188	1.255901	
1985	0.682600	-0.188678	1.257566	
1986	0.679549	-0.185740	1.259180	
1987	0.676565	-0.183368	1.260284	
1988	0.673020	-0.180433	1.261389	
1989	0.669855	-0.177948	1.262576	
1990	0.666278	-0.176636	1.263170	
1991	0.662587	-0.174507	1.264007	
1992	0.660080	-0.173277	1.265150	
1993	0.656502	-0.172534	1.265773	
1994	0.652327	-0.170868	1.266629	
1995	0.648643	-0.169661	1.267448	
1996	0.644221	-0.168228	1.268203	
1997	0.639648	-0.167051	1.269080	
1998	0.635199	-0.166094	1.270117	
1999	0.630250	-0.165342	1.270535	
2000	0.625576	-0.164426	1.271296	
2001	0.620588	-0.164804	1.271201	
2002	0.615569	-0.164427	1.271149	
2003	0.611118	-0.163851	1.271620	
2004	0.606954	-0.164625	1.271583	
2005	0.602398	-0.164807	1.271684	
2006	0.597889	-0.164770	1.271870	
2007	0.593988	-0.165393	1.271797	
2008	0.589598	-0.165564	1.271534	
2009	0.584941	-0.165336	1.271000	
2010	0.580746	-0.164594	1.270478	
2011	0.576098	-0.163119	1.270113	
2012	0.571661	-0.161814	1.269864	
2013	0.566923	-0.161992	1.268532	
2014	0.562401	-0.160250	1.267760	
2015	0.558090	-0.158823	1.267176	
2016	0.554148	-0.157606	1.266142	
2017	0.550530	-0.154812	1.265961	
2018	0.546165	-0.155385	1.264162	
2019	0.542922	-0.153506	1.263373	
2020	0.539522	-0.153779	1.262821	
2021	0.536433	-0.152807	1.261763	
2022	0.533443	-0.152048	1.260971	
2023	0.527656	-0.151629	1.258947	
2024	0.524997	-0.152151	1.258126	
2025	0.522648	-0.151932	1.257834	
2026	0.519727	-0.152182	1.256507	
2027	0.517458	-0.150352	1.256568	
2028	0.514613	-0.150400	1.255447	
2029	0.511681	-0.148913	1.254119	
2030	0.508745	-0.148634	1.253281	
2031	0.504994	-0.147931	1.251547	
2032	0.501245	-0.146781	1.249953	
2033	0.497549	-0.146357	1.248430	
2034	0.493812	-0.145498	1.246942	
2035	0.490037	-0.144887	1.245313	
2036	0.485814	-0.143848	1.243157	
2037	0.481927	-0.143355	1.241347	
2038	0.477084	-0.142655	1.238451	
2039	0.472459	-0.142412	1.236103	
2040	0.468257	-0.141609	1.233662	
2041	0.464637	-0.141030	1.231450	
2042	0.461347	-0.140539	1.229529	
2043	0.458036	-0.139461	1.227519	
2044	0.451097	-0.137579	1.221538	
2045	0.446280	-0.134974	1.217161	
2046	0.443680	-0.133938	1.214541	
2047	0.440797	-0.132349	1.211754	
2048	0.437299	-0.131193	1.208013	
2049	0.433869	-0.128311	1.204586	
2050	0.430447	-0.127537	1.201142	
2051	0.427318	-0.126019	1.198143	
2052	0.424704	-0.124147	1.196060	
2053	0.421084	-0.123106	1.192360	
2054	0.418490	-0.120986	1.190149	
2055	0.415297	-0.119509	1.187158	
2056	0.411520	-0.117990	1.183723	
2057	0.405659	-0.114242	1.178339	
2058	0.402650	-0.113126	1.175418	
2059	0.400023	-0.111128	1.173115	
2060	0.396749	-0.109497	1.169963	
2061	0.393666	-0.107180	1.167205	
2062	0.388197	-0.102940	1.162296	
2063	0.385365	-0.100382	1.159534	
2064	0.380933	-0.094729	1.155151	
2065	0.378774	-0.092591	1.153043	
2066	0.376840	-0.090787	1.150723	
2067	0.375127	-0.088356	1.149052	
2068	0.372947	-0.087512	1.146387	
2069	0.370769	-0.086114	1.143766	
2070	0.367121	-0.084920	1.139648	
2071	0.364887	-0.084498	1.137030	
2072	0.363118	-0.083477	1.134626	
2073	0.360803	-0.084048	1.131388	
2074	0.358752	-0.084116	1.128232	
2075	0.357642	-0.082907	1.125669	
2076	0.355717	-0.083191	1.121769	
2077	0.354346	-0.081518	1.118173	
2078	0.353703	-0.080732	1.114870	
2079	0.352600	-0.081005	1.110871	
2080	0.352005	-0.079892	1.106912	
2081	0.351162	-0.078086	1.102994	
2082	0.350272	-0.077413	1.098467	
2083	0.350170	-0.075954	1.094090	
2084	0.349928	-0.074370	1.089097	
2085	0.349425	-0.072821	1.083723	
2086	0.349766	-0.071060	1.078849	
2087	0.350019	-0.071248	1.073656	
2088	0.350561	-0.070188	1.067841	
2089	0.351182	-0.068781	1.061900	
2090	0.352378	-0.068450	1.056137	
2091	0.353466	-0.066752	1.050617	
2092	0.354610	-0.063372	1.046237	
2093	0.356143	-0.062823	1.039595	
2094	0.356338	-0.059553	1.034332	
2095	0.357676	-0.057447	1.028486	
2096	0.358076	-0.056634	1.020947	
2097	0.358382	-0.052886	1.014899	
2098	0.359517	-0.051549	1.007320	
2099	0.359132	-0.049554	0.999468	
2100	0.359624	-0.047045	0.992188	
2101	0.359571	-0.046674	0.983927	
2102	0.359091	-0.045003	0.976270	
2103	0.358670	-0.042679	0.969376	
2104	0.358215	-0.041879	0.962605	
2105	0.356788	-0.041920	0.955676	
2106	0.355269	-0.041501	0.949090	
2107	0.353681	-0.041479	0.943084	
2108	0.351145	-0.042423	0.937010	
2109	0.349097	-0.042362	0.932425	
2110	0.346073	-0.043293	0.926815	
2111	0.343120	-0.042692	0.921750	
2112	0.340383	-0.042008	0.917048	
2113	0.336625	-0.042932	0.911623	
2114	0.333517	-0.041866	0.907171	
2115	0.330143	-0.040368	0.902873	
2116	0.327696	-0.040802	0.898993	
2117	0.324419	-0.039466	0.894718	
2118	0.321471	-0.037503	0.890782	
2119	0.317755	-0.037366	0.885604	
2120	0.314742	-0.036067	0.880927	
2121	0.312820	-0.033962	0.877025	
2122	0.308377	-0.036483	0.864949	
2123	0.306683	-0.034185	0.859865	
2124	0.303423	-0.036994	0.845580	
2125	0.302289	-0.034673	0.839761	
2126	0.301267	-0.037211	0.831609	
2127	0.300870	-0.036268	0.824764	
2128	0.300109	-0.033971	0.818662	
2129	0.300387	-0.035569	0.810671	
2130	0.299373	-0.037578	0.801944	
2131	0.297730	-0.035878	0.794883	
2132	0.298685	-0.035688	0.787292	
2133	0.299299	-0.035796	0.772981	
2134	0.300457	-0.037571	0.758184	
2135	0.299937	-0.036300	0.752135	
2136	0.300730	-0.035545	0.746219	
2137	0.300687	-0.037277	0.739575	
2138	0.301427	-0.036551	0.734263	
2139	0.302186	-0.035119	0.728740	
2140	0.302422	-0.035450	0.722539	
2141	0.302847	-0.035434	0.716227	
2142	0.304727	-0.034230	0.710285	
2143	0.305917	-0.032007	0.704910	
2144	0.308207	-0.032081	0.698880	
2145	0.309224	-0.031012	0.692852	
2146	0.310995	-0.028101	0.687159	
2147	0.312861	-0.028210	0.680874	
2148	0.315688	-0.027424	0.674590	
2149	0.322392	-0.020708	0.664393	
2150	0.326105	-0.021796	0.657672	
2151	0.328231	-0.018834	0.651575	
2152	0.335153	-0.016015	0.637116	
2153	0.337420	-0.014421	0.629066	
2154	0.339123	-0.011182	0.622082	
2155	0.341451	-0.008862	0.613865	
2156	0.343312	-0.008622	0.604740	
2157	0.344782	-0.006262	0.596250	
2158	0.345898	-0.003159	0.587308	
2159	0.347612	-0.002880	0.575838	
2160	0.349461	-0.001044	0.565653	
2161	0.355097	0.003431	0.544611	
2162	0.356457	0.005193	0.534306	
2163	0.356592	0.008633	0.524359	
2164	0.357203	0.011638	0.512964	
2165	0.358169	0.012731	0.500180	
2166	0.358194	0.014843	0.489778	
2167	0.358737	0.019089	0.479748	
2168	0.359108	0.019416	0.467322	
2169	0.358697	0.020872	0.454720	
2170	0.358557	0.021963	0.444779	
2171	0.357005	0.023953	0.434311	
2172	0.357646	0.025186	0.423596	
2173	0.357940	0.027563	0.414781	
2174	0.357449	0.030806	0.406674	
2175	0.356654	0.031762	0.397496	
2176	0.355596	0.032666	0.388864	
2177	0.355692	0.035668	0.382410	
2178	0.355454	0.037734	0.375441	
2179	0.355367	0.036709	0.367319	
2180	0.352396	0.040900	0.355369	
2181	0.350386	0.041730	0.349119	
2182	0.346288	0.042999	0.343302	
2183	0.336251	0.043990	0.337324	
2184	0.333751	0.045858	0.331402	
2185	0.329835	0.046546	0.324916	
2186	0.324389	0.049332	0.320332	
2187	0.318629	0.050774	0.315030	
2188	0.311828	0.051779	0.308789	
2189	0.304628	0.054218	0.303525	
2190	0.295208	0.056099	0.298398	
2191	0.287041	0.056832	0.291623	
2192	0.278702	0.057653	0.284047	
2193	0.269341	0.060524	0.278448	
2194	0.260254	0.062434	0.272590	
2195	0.250907	0.063174	0.265746	
2196	0.241008	0.063810	0.258775	
2197	0.232431	0.065484	0.252818	
2198	0.224660	0.066776	0.246326	
2199	0.216220	0.066618	0.239212	
2200	0.208389	0.067183	0.233304	
2201	0.201806	0.068451	0.227350	
2202	0.195405	0.069795	0.221063	
2203	0.186340	0.069039	0.214825	
2204	0.178609	0.069599	0.209872	
2205	0.171404	0.070947	0.204825	
2206	0.163128	0.071905	0.199388	
2207	0.156123	0.072448	0.193798	
2208	0.148932	0.072261	0.187872	
2209	0.142275	0.073101	0.182127	
2210	0.135302	0.072903	0.175934	
2211	0.128140	0.072248	0.170133	
2212	0.121172	0.072622	0.164982	
2213	0.113448	0.071822	0.159272	
2214	0.094924	0.074166	0.149298	
2215	0.087524	0.073724	0.143051	
2216	0.079137	0.074961	0.137132	
2217	0.071384	0.075711	0.131082	
2218	0.063464	0.075545	0.123802	
2219	0.054025	0.074631	0.117032	
2220	0.046879	0.076936	0.110678	
2221	0.039378	0.076544	0.102769	
2222	0.029918	0.077590	0.095219	
2223	0.021300	0.080908	0.089021	
2224	0.013548	0.083934	0.081462	
2225	0.003015	0.085557	0.073537	
2226	-0.004976	0.087976	0.067233	
2227	-0.013284	0.092617	0.060916	
2228	-0.023223	0.095028	0.053869	
2229	-0.031893	0.097703	0.047823	
2230	-0.038887	0.102960	0.042489	
2231	-0.047697	0.105795	0.035986	
2232	-0.056869	0.109653	0.030321	
2233	-0.065092	0.114643	0.025184	
2234	-0.072925	0.120006	0.019800	
2235	-0.090141	0.130350	0.009950	
2236	-0.095578	0.137889	0.006251	
2237	-0.104507	0.140821	-0.000005	
2238	-0.112545	0.144004	-0.004149	
2239	-0.118044	0.147918	-0.007371	
2240	-0.124547	0.149991	-0.010878	
2241	-0.130996	0.150608	-0.014717	
2242	-0.136774	0.152571	-0.017771	
2243	-0.142648	0.152409	-0.021537	
2244	-0.149457	0.152302	-0.024536	
2245	-0.154805	0.152973	-0.027292	
2246	-0.164389	0.152585	-0.030759	
2247	-0.173339	0.152278	-0.033709	
2248	-0.178242	0.154395	-0.035360	
2249	-0.184666	0.155797	-0.037992	
2250	-0.193122	0.156661	-0.040706	
2251	-0.200692	0.158779	-0.042317	
2252	-0.208502	0.159888	-0.044343	
2253	-0.216730	0.159994	-0.046088	
2254	-0.223727	0.159698	-0.047698	
2255	-0.230704	0.159451	-0.049130	
2256	-0.250028	0.157253	-0.051544	
2257	-0.264971	0.155832	-0.054424	
2258	-0.272374	0.156009	-0.055594	
2259	-0.279595	0.156259	-0.056705	
2260	-0.286463	0.156377	-0.057411	
2261	-0.293165	0.157674	-0.057633	
2262	-0.299787	0.160175	-0.057427	
2263	-0.307324	0.161682	-0.057450	
2264	-0.316057	0.162311	-0.058094	
2265	-0.323375	0.164740	-0.057962	
2266	-0.329447	0.167473	-0.058376	
2267	-0.336702	0.168142	-0.059973	
2268	-0.344275	0.167569	-0.061998	
2269	-0.352113	0.168571	-0.063801	
2270	-0.358675	0.167816	-0.066563	
2271	-0.366167	0.166049	-0.069196	
2272	-0.372716	0.164662	-0.071726	
2273	-0.379664	0.163676	-0.074415	
2274	-0.386003	0.160250	-0.077650	
2275	-0.394148	0.158540	-0.080623	
2276	-0.402017	0.157274	-0.083158	
2277	-0.407633	0.155980	-0.085996	
2278	-0.416937	0.155009	-0.088039	
2279	-0.423812	0.154251	-0.090036	
2280	-0.428998	0.155162	-0.091372	
2281	-0.437350	0.154244	-0.093326	
2282	-0.444569	0.156342	-0.094082	
2283	-0.451042	0.156556	-0.095843	
2284	-0.459267	0.154511	-0.097747	
2285	-0.465026	0.152679	-0.099217	
2286	-0.468605	0.152164	-0.101329	
2287	-0.475122	0.152314	-0.103866	
2288	-0.481442	0.151531	-0.106848	
2289	-0.487353	0.149692	-0.110849	
2290	-0.492889	0.149602	-0.114867	
2291	-0.499074	0.149705	-0.119503	
2292	-0.506828	0.150072	-0.123869	
2293	-0.512357	0.150850	-0.128932	
2294	-0.517508	0.151945	-0.134209	
2295	-0.525149	0.155987	-0.139309	
2296	-0.532001	0.160346	-0.144442	
2297	-0.538071	0.163796	-0.149959	
2298	-0.546153	0.167063	-0.155471	
2299	-0.553478	0.170882	-0.160605	
2300	-0.559011	0.175298	-0.165352	
2301	-0.564884	0.180831	-0.170003	
2302	-0.572427	0.183626	-0.174778	
2303	-0.578740	0.186997	-0.179450	
2304	-0.585303	0.192766	-0.183400	
2305	-0.590114	0.197969	-0.187526	
2306	-0.597651	0.201977	-0.191153	
2307	-0.602383	0.206498	-0.195227	
2308	-0.608846	0.212196	-0.198962	
2309	-0.615630	0.214835	-0.203319	
2310	-0.620471	0.218157	-0.207345	
2311	-0.626976	0.221817	-0.211002	
2312	-0.630935	0.225491	-0.214138	
2313	-0.637803	0.227537	-0.216936	
2314	-0.642898	0.228742	-0.219811	
2315	-0.648219	0.230074	-0.222274	
2316	-0.653678	0.232237	-0.223977	
2317	-0.658698	0.234138	-0.225927	
2318	-0.667208	0.236742	-0.227514	
2319	-0.672725	0.237714	-0.229426	
2320	-0.677569	0.237843	-0.231882	
2321	-0.684009	0.238384	-0.234372	
2322	-0.689809	0.238785	-0.236455	
2323	-0.694983	0.238221	-0.239554	
2324	-0.700672	0.238311	-0.242597	
2325	-0.707450	0.237285	-0.245374	
2326	-0.713768	0.236732	-0.248455	
2327	-0.719894	0.236669	-0.251765	
2328	-0.726589	0.234052	-0.254653	
2329	-0.733632	0.231089	-0.257781	
2330	-0.755118	0.228749	-0.258063	
2331	-0.762662	0.227972	-0.260668	
2332	-0.768985	0.225739	-0.263300	
2333	-0.777957	0.225068	-0.265793	
2334	-0.785930	0.224633	-0.267933	
2335	-0.793471	0.222102	-0.270350	
2336	-0.803751	0.223114	-0.272136	
2337	-0.809665	0.222798	-0.274958	
2338	-0.816502	0.222106	-0.278010	
2339	-0.828675	0.224484	-0.280432	
2340	-0.842500	0.227678	-0.282632	
2341	-0.846959	0.227424	-0.286693	
2342	-0.854840	0.228267	-0.289964	
2343	-0.866230	0.230084	-0.292567	
2344	-0.872369	0.228946	-0.296075	
2345	-0.880860	0.228397	-0.299023	
2346	-0.884672	0.228873	-0.302318	
2347	-0.891026	0.226902	-0.306348	
2348	-0.900741	0.226865	-0.308883	
2349	-0.908107	0.227302	-0.311900	
2350	-0.914875	0.226363	-0.315336	
2351	-0.922129	0.226747	-0.319036	
2352	-0.925950	0.224205	-0.323712	
2353	-0.932580	0.222225	-0.327751	
2354	-0.939704	0.220242	-0.331663	
2355	-0.944788	0.218423	-0.336186	
2356	-0.948945	0.219085	-0.340578	
2357	-0.957709	0.220004	-0.344205	
2358	-0.964172	0.221934	-0.347676	
2359	-0.970569	0.223084	-0.351987	
2360	-0.984695	0.225286	-0.360442	
2361	-0.996654	0.228882	-0.371132	
2362	-1.007271	0.234987	-0.375432	
2363	-1.013724	0.238261	-0.381038	
2364	-1.027825	0.245828	-0.390501	
2365	-1.044663	0.254394	-0.399682	
2366	-1.061957	0.260469	-0.408563	
2367	-1.070864	0.265683	-0.413265	
2368	-1.075654	0.269369	-0.417845	
2369	-1.083485	0.273390	-0.421080	
2370	-1.092134	0.279347	-0.423735	
2371	-1.100589	0.284558	-0.425718	
2372	-1.103128	0.286782	-0.428924	
2373	-1.106683	0.287840	-0.430462	
2374	-1.117697	0.293233	-0.428159	
2375	-1.124605	0.297096	-0.426105	
2376	-1.123038	0.297674	-0.425500	
2377	-1.127173	0.299966	-0.423447	
2378	-1.135602	0.301212	-0.419862	
2379	-1.144396	0.301038	-0.413957	
2380	-1.147494	0.303302	-0.410443	
2381	-1.154118	0.301059	-0.406741	
2382	-1.162675	0.298409	-0.401283	
2383	-1.164874	0.297738	-0.397276	
2384	-1.170436	0.297869	-0.391454	
2385	-1.178713	0.293915	-0.384520	
2386	-1.186511	0.291019	-0.377703	
2387	-1.192912	0.288934	-0.371176	
2388	-1.199006	0.281822	-0.364618	
2389	-1.207559	0.279652	-0.356521	
2390	-1.214870	0.277038	-0.349170	
2391	-1.219973	0.273199	-0.341531	
2392	-1.222551	0.267084	-0.335448	
2393	-1.232624	0.261854	-0.327014	
2394	-1.240239	0.258317	-0.319738	
2395	-1.246265	0.255795	-0.313110	
2396	-1.251750	0.250508	-0.306876	
2397	-1.256398	0.244137	-0.300799	
2398	-1.263612	0.237787	-0.294335	
2399	-1.276158	0.228044	-0.284822	
2400	-1.282535	0.222446	-0.278550	
2401	-1.285093	0.215795	-0.273217	
2402	-1.286811	0.209040	-0.268393	
2403	-1.292267	0.204159	-0.262934	
2404	-1.297310	0.198742	-0.257817	
2405	-1.298765	0.192794	-0.253598	
2406	-1.303285	0.190047	-0.248819	
2407	-1.307291	0.185372	-0.243967	
2408	-1.312435	0.181285	-0.238825	
2409	-1.316754	0.177299	-0.233635	
2410	-1.324085	0.171184	-0.223703	
2411	-1.327279	0.162762	-0.215412	
2412	-1.332254	0.160594	-0.210659	
2413	-1.334390	0.157828	-0.206156	
2414	-1.332513	0.152955	-0.203109	
2415	-1.336587	0.149810	-0.197935	
2416	-1.338309	0.146652	-0.193545	
2417	-1.337742	0.142421	-0.189629	
2418	-1.338308	0.139364	-0.185630	
2419	-1.342655	0.137508	-0.180258	
2420	-1.342161	0.133381	-0.176976	
2421	-1.345267	0.131007	-0.171982	
2422	-1.347894	0.128501	-0.167558	
2423	-1.348612	0.124639	-0.164047	
2424	-1.352649	0.123612	-0.159090	
2425	-1.354183	0.123276	-0.154327	
2426	-1.354318	0.120964	-0.150116	
2427	-1.359303	0.118317	-0.143928	
2428	-1.361411	0.117045	-0.138269	
2429	-1.363508	0.117161	-0.132707	
2430	-1.360669	0.115495	-0.128759	
2431	-1.362910	0.114477	-0.122954	
2432	-1.365127	0.115024	-0.117210	
2433	-1.366957	0.112719	-0.111713	
2434	-1.367997	0.111003	-0.105747	
2435	-1.366426	0.109877	-0.101043	
2436	-1.366669	0.109364	-0.094915	
2437	-1.365279	0.106797	-0.089079	
2438	-1.360162	0.104193	-0.083721	
2439	-1.357768	0.100525	-0.076856	
2440	-1.355568	0.095157	-0.069528	
2441	-1.351519	0.090432	-0.061878	
2442	-1.344193	0.087145	-0.055011	
2443	-1.339388	0.081872	-0.046890	
2444	-1.339441	0.076237	-0.036579	
2445	-1.332192	0.072333	-0.028060	
2446	-1.321494	0.065596	-0.021438	
2447	-1.320348	0.057725	-0.011778	
2448	-1.313440	0.052838	-0.003173	
2449	-1.299541	0.046149	0.002152	
2450	-1.297573	0.036448	0.010759	
2451	-1.295684	0.030975	0.020724	
2452	-1.280715	0.025432	0.026862	
2453	-1.271676	0.018236	0.033636	
2454	-1.270400	0.013310	0.042940	
2455	-1.262946	0.008286	0.049923	
2456	-1.252881	0.004886	0.055285	
2457	-1.250674	0.000579	0.062298	
2458	-1.246764	-0.001832	0.068578	
2459	-1.237316	-0.005413	0.072760	
2460	-1.229262	-0.009241	0.075938	
2461	-1.226594	-0.010096	0.081291	
2462	-1.224285	-0.009745	0.086359	
2463	-1.215619	-0.011202	0.089072	
2464	-1.208012	-0.011634	0.092938	
2465	-1.204697	-0.011205	0.098210	
2466	-1.201653	-0.011574	0.103385	
2467	-1.194583	-0.013785	0.108093	
2468	-1.188596	-0.011758	0.114225	
2469	-1.185074	-0.009850	0.119467	
2470	-1.180381	-0.010381	0.123870	
2471	-1.176704	-0.008440	0.129261	
2472	-1.175241	-0.005980	0.135659	
2473	-1.169316	-0.005155	0.139152	
2474	-1.165771	-0.005284	0.143526	
2475	-1.162853	-0.003170	0.148282	
2476	-1.156891	-0.003157	0.150993	
2477	-1.154378	-0.004529	0.154084	
2478	-1.150515	-0.004507	0.157158	
2479	-1.146645	-0.002473	0.160171	
2480	-1.145385	-0.002761	0.163196	
2481	-1.140530	-0.002948	0.166270	
2482	-1.136548	-0.002008	0.170067	
2483	-1.130272	-0.005908	0.172577	
2484	-1.130361	-0.004440	0.179340	
2485	-1.128342	-0.002151	0.185228	
2486	-1.120392	-0.004531	0.188598	
2487	-1.117371	-0.006585	0.193110	
2488	-1.119801	-0.003434	0.198811	
2489	-1.115843	-0.005054	0.202691	
2490	-1.111425	-0.004840	0.206727	
2491	-1.109200	-0.004460	0.210956	
2492	-1.108260	-0.005389	0.215805	
2493	-1.104125	0.000197	0.220622	
2494	-1.097330	-0.001067	0.222625	
2495	-1.098400	0.000312	0.226944	
2496	-1.098563	0.005038	0.231954	
2497	-1.092962	0.005074	0.233663	
2498	-1.093634	0.005378	0.236667	
2499	-1.096332	0.011085	0.241517	
2500	-1.092478	0.011323	0.242768	
2501	-1.092723	0.011190	0.244710	
2502	-1.094412	0.013839	0.247874	
2503	-1.092425	0.013788	0.249029	
2504	-1.093846	0.013605	0.250571	
2505	-1.096302	0.014937	0.252788	
2506	-1.095301	0.014992	0.253869	
2507	-1.095082	0.014662	0.254771	
2508	-1.096592	0.015933	0.256443	
2509	-1.096124	0.016151	0.257674	
2510	-1.093989	0.017016	0.258309	
2511	-1.095417	0.017679	0.259502	
2512	-1.097347	0.020659	0.261866	
2513	-1.096528	0.021983	0.263357	
2514	-1.096970	0.022728	0.264656	
2515	-1.100639	0.025476	0.267910	
2516	-1.098272	0.027310	0.269422	
2517	-1.096391	0.027637	0.270339	
2518	-1.101415	0.030579	0.273958	
2519	-1.100381	0.033068	0.276199	
2520	-1.098378	0.032912	0.277552	
2521	-1.101048	0.035189	0.280848	
2522	-1.100249	0.037103	0.283169	
2523	-1.098026	0.038427	0.285315	
2524	-1.096084	0.040221	0.287200	
2525	-1.097776	0.041806	0.290111	
2526	-1.093937	0.043037	0.291835	
2527	-1.091598	0.044481	0.293401	
2528	-1.093245	0.046638	0.296028	
2529	-1.092483	0.048256	0.298113	
2530	-1.087712	0.049441	0.298300	
2531	-1.087246	0.049933	0.299039	
2532	-1.088817	0.051790	0.300691	
2533	-1.085598	0.052595	0.300887	
2534	-1.084193	0.052315	0.300637	
2535	-1.086519	0.052828	0.302331	
2536	-1.083650	0.053431	0.302910	
2537	-1.082726	0.052662	0.303035	
2538	-1.082811	0.052324	0.303778	
2539	-1.082002	0.052017	0.304527	
2540	-1.080270	0.051860	0.304580	
2541	-1.078809	0.050811	0.305044	
2542	-1.076142	0.049970	0.304382	
2543	-1.075876	0.049521	0.304379	
2544	-1.074991	0.048728	0.304413	
2545	-1.072968	0.048197	0.304128	
2546	-1.073959	0.047002	0.304276	
2547	-1.073473	0.047406	0.304677	
2548	-1.070858	0.048480	0.304330	
2549	-1.071371	0.048448	0.304543	
2550	-1.071437	0.049671	0.305088	
2551	-1.068787	0.051603	0.305086	
2552	-1.067783	0.051760	0.304801	
2553	-1.067483	0.053688	0.305555	
2554	-1.064202	0.055556	0.305133	
2555	-1.063564	0.056350	0.304996	
2556	-1.063171	0.057790	0.305435	
2557	-1.060123	0.060201	0.304887	
2558	-1.059340	0.060448	0.304339	
2559	-1.059860	0.061939	0.304753	
2560	-1.056481	0.064054	0.304198	
2561	-1.056187	0.064574	0.303771	
2562	-1.056636	0.065924	0.304140	
2563	-1.052577	0.068541	0.303444	
2564	-1.052217	0.069634	0.303298	
2565	-1.051006	0.071770	0.303293	
2566	-1.046847	0.075503	0.302249	
2567	-1.047095	0.076715	0.302113	
2568	-1.044088	0.078861	0.300805	
2569	-1.043536	0.080145	0.299677	
2570	-1.041668	0.081042	0.298720	
2571	-1.041736	0.081359	0.297719	
2572	-1.041073	0.081894	0.296904	
2573	-1.038831	0.082349	0.295717	
2574	-1.038486	0.082957	0.294314	
2575	-1.036351	0.082555	0.292933	
2576	-1.037103	0.082735	0.292492	
2577	-1.034975	0.082648	0.291497	
2578	-1.033092	0.082850	0.289627	
2579	-1.032065	0.083406	0.289021	
2580	-1.029053	0.084070	0.287963	
2581	-1.028845	0.084651	0.287460	
2582	-1.029206	0.085241	0.287388	
2583	-1.027300	0.085814	0.286588	
