0	0.000000	0.000000	0.000000	
1	0.000000	0.000000	0.000000	
2	0.000000	0.000000	0.000000	
3	0.000000	0.000000	0.000000	
4	0.001033	0.001991	0.001809	
5	0.000759	0.002192	0.002006	
6	0.000500	0.003194	0.001935	
7	0.000996	0.002903	0.001747	
8	0.000407	0.005660	0.002304	
9	0.000971	0.004782	0.001698	
10	0.001108	0.006176	0.002106	
11	0.001173	0.005036	0.001768	
12	0.001108	0.004731	0.002044	
13	0.001378	0.004971	0.002145	
14	0.000832	0.003904	0.001672	
15	0.000879	0.003401	0.001565	
16	0.001050	0.002622	0.001211	
17	0.000950	0.001107	0.000488	
18	0.001634	0.001470	0.000721	
19	0.001382	0.001204	0.000103	
20	0.001140	0.001862	0.000296	
21	0.001616	0.001477	0.000157	
22	0.003094	0.002224	0.000174	
23	0.003444	0.002329	-0.000192	
24	0.003325	0.001644	-0.000818	
25	0.004214	0.002078	-0.001127	
26	0.004585	0.001902	-0.001822	
27	0.004699	0.001141	-0.002744	
28	0.006417	0.001688	-0.002992	
29	0.006035	0.001974	-0.003374	
30	0.005460	0.001183	-0.004307	
31	0.006820	0.001304	-0.004460	
32	0.007113	0.002604	-0.004281	
33	0.006582	0.003235	-0.004874	
34	0.007097	0.003870	-0.005027	
35	0.007441	0.003906	-0.005135	
36	0.007148	0.004249	-0.005375	
37	0.008023	0.005213	-0.005056	
38	0.008984	0.006717	-0.004982	
39	0.008031	0.006600	-0.005666	
40	0.008443	0.007226	-0.005407	
41	0.009149	0.007220	-0.005652	
42	0.009373	0.006266	-0.006445	
43	0.009593	0.005251	-0.007004	
44	0.010099	0.005047	-0.007087	
45	0.010418	0.005586	-0.007375	
46	0.010552	0.005560	-0.007781	
47	0.010943	0.006091	-0.007974	
48	0.011018	0.006759	-0.008317	
49	0.010609	0.006260	-0.008657	
50	0.011646	0.006546	-0.008791	
51	0.011944	0.005799	-0.009522	
52	0.011052	0.005614	-0.009755	
53	0.011697	0.006594	-0.009834	
54	0.011278	0.006260	-0.010187	
55	0.011439	0.006139	-0.010628	
56	0.011629	0.006443	-0.010598	
57	0.011411	0.006513	-0.010910	
58	0.011314	0.006558	-0.011055	
59	0.012186	0.008019	-0.010307	
60	0.011775	0.008273	-0.010098	
61	0.010620	0.008873	-0.009749	
62	0.011565	0.009903	-0.009062	
63	0.011863	0.010797	-0.008390	
64	0.010844	0.012123	-0.007716	
65	0.010530	0.012201	-0.007445	
66	0.010456	0.012220	-0.007119	
67	0.010285	0.013601	-0.006274	
68	0.009193	0.013729	-0.006177	
69	0.007364	0.014399	-0.006213	
70	0.005869	0.014375	-0.006414	
71	0.003601	0.013518	-0.007524	
72	0.000711	0.013370	-0.008894	
73	-0.002251	0.011205	-0.011754	
74	-0.007781	0.009655	-0.015464	
75	-0.014527	0.008827	-0.019179	
76	-0.019758	0.008333	-0.023448	
77	-0.032881	0.005678	-0.033129	
78	-0.041436	0.004809	-0.037964	
79	-0.050496	0.005151	-0.042189	
80	-0.059307	0.004809	-0.046883	
81	-0.068389	0.004605	-0.051212	
82	-0.079639	0.005268	-0.055779	
83	-0.090579	0.007296	-0.059623	
84	-0.101316	0.008850	-0.063147	
85	-0.112763	0.011189	-0.066358	
86	-0.125085	0.013138	-0.069285	
87	-0.138385	0.015951	-0.071735	
88	-0.151303	0.018836	-0.074041	
89	-0.163093	0.021274	-0.076265	
90	-0.176684	0.023230	-0.078899	
91	-0.188930	0.027109	-0.080388	
92	-0.200297	0.030482	-0.082019	
93	-0.212955	0.032727	-0.083972	
94	-0.224428	0.034630	-0.085313	
95	-0.235375	0.036272	-0.087254	
96	-0.245397	0.038484	-0.088836	
97	-0.255577	0.038627	-0.090571	
98	-0.265660	0.038208	-0.092174	
99	-0.275915	0.038160	-0.092882	
100	-0.284393	0.038167	-0.093445	
101	-0.295066	0.036663	-0.093935	
102	-0.304928	0.035972	-0.093818	
103	-0.314065	0.034812	-0.093606	
104	-0.322573	0.032888	-0.093772	
105	-0.331791	0.030577	-0.094015	
106	-0.341683	0.029583	-0.093200	
107	-0.349524	0.029127	-0.092126	
108	-0.368584	0.025493	-0.090593	
109	-0.378017	0.024789	-0.088845	
110	-0.387088	0.023932	-0.087110	
111	-0.396876	0.022429	-0.084765	
112	-0.408373	0.021370	-0.082080	
113	-0.419406	0.020597	-0.079311	
114	-0.429554	0.018486	-0.076629	
115	-0.440211	0.014810	-0.073593	
116	-0.452296	0.010783	-0.070424	
117	-0.462661	0.007919	-0.066222	
118	-0.470159	0.006065	-0.060391	
119	-0.493970	-0.000223	-0.048430	
120	-0.502046	-0.000867	-0.040766	
121	-0.506943	-0.005197	-0.033745	
122	-0.516366	-0.008721	-0.026733	
123	-0.524030	-0.009943	-0.019748	
124	-0.531951	-0.014422	-0.014281	
125	-0.539433	-0.018196	-0.008253	
126	-0.546773	-0.020603	-0.002465	
127	-0.554967	-0.025362	0.001846	
128	-0.562054	-0.029360	0.006636	
129	-0.567979	-0.033388	0.011332	
130	-0.576563	-0.037292	0.015713	
131	-0.582786	-0.040090	0.020891	
132	-0.588708	-0.044175	0.026186	
133	-0.594888	-0.048092	0.031285	
134	-0.609894	-0.053158	0.042329	
135	-0.617284	-0.055780	0.048156	
136	-0.625386	-0.057600	0.053741	
137	-0.633474	-0.060420	0.059127	
138	-0.647652	-0.065142	0.070227	
139	-0.656555	-0.065953	0.075966	
140	-0.674262	-0.070076	0.087203	
141	-0.682674	-0.072157	0.092822	
142	-0.691932	-0.072378	0.099013	
143	-0.700871	-0.073955	0.104709	
144	-0.710019	-0.076277	0.110410	
145	-0.717935	-0.079188	0.115501	
146	-0.727616	-0.083253	0.120319	
147	-0.737215	-0.084266	0.126040	
148	-0.745348	-0.087888	0.130963	
149	-0.754471	-0.090342	0.136017	
150	-0.763650	-0.091800	0.141814	
151	-0.777880	-0.098359	0.152779	
152	-0.786006	-0.100138	0.158144	
153	-0.792555	-0.103974	0.163199	
154	-0.797071	-0.108077	0.168033	
155	-0.803643	-0.109313	0.173373	
156	-0.810126	-0.110655	0.179029	
157	-0.814514	-0.113516	0.184588	
158	-0.819350	-0.117415	0.190111	
159	-0.826256	-0.119185	0.196204	
160	-0.831284	-0.121415	0.202063	
161	-0.835461	-0.124952	0.207393	
162	-0.841330	-0.126001	0.212666	
163	-0.848106	-0.127397	0.217943	
164	-0.852617	-0.129881	0.222888	
165	-0.857365	-0.133305	0.227324	
166	-0.864062	-0.134264	0.232285	
167	-0.868861	-0.136664	0.237315	
168	-0.872510	-0.139921	0.241716	
169	-0.878456	-0.141938	0.247042	
170	-0.885152	-0.143407	0.252730	
171	-0.889271	-0.148914	0.257745	
172	-0.894510	-0.153960	0.262793	
173	-0.901521	-0.157509	0.268275	
174	-0.911529	-0.163719	0.279951	
175	-0.917550	-0.168208	0.286020	
176	-0.923488	-0.170078	0.292627	
177	-0.927780	-0.174119	0.299359	
178	-0.932518	-0.177948	0.306077	
179	-0.937933	-0.181756	0.312955	
180	-0.942575	-0.185531	0.319389	
181	-0.947498	-0.188547	0.325766	
182	-0.952098	-0.191989	0.331655	
183	-0.958401	-0.196787	0.337883	
184	-0.962606	-0.198314	0.343958	
185	-0.965053	-0.202409	0.348910	
186	-0.971423	-0.204007	0.354646	
187	-0.978295	-0.206441	0.360244	
188	-0.982942	-0.208494	0.365601	
189	-0.987385	-0.210203	0.370860	
190	-0.995409	-0.210779	0.376843	
191	-1.002649	-0.211565	0.383179	
192	-1.007537	-0.212302	0.389493	
193	-1.012995	-0.214054	0.395303	
194	-1.022176	-0.214339	0.402091	
195	-1.032053	-0.214011	0.409053	
196	-1.040499	-0.215585	0.414952	
197	-1.050824	-0.215886	0.420193	
198	-1.063146	-0.216868	0.426390	
199	-1.074271	-0.217649	0.431273	
200	-1.083847	-0.217923	0.435687	
201	-1.094950	-0.218633	0.440230	
202	-1.107389	-0.218677	0.445498	
203	-1.116754	-0.218205	0.449513	
204	-1.127650	-0.220260	0.453987	
205	-1.147895	-0.223450	0.462415	
206	-1.155195	-0.223819	0.465751	
207	-1.165444	-0.226942	0.470276	
208	-1.174705	-0.229559	0.474684	
209	-1.180996	-0.230669	0.478441	
210	-1.188663	-0.233975	0.482430	
211	-1.198401	-0.236830	0.487583	
212	-1.203869	-0.238449	0.492009	
213	-1.209763	-0.241222	0.496277	
214	-1.218566	-0.245266	0.501584	
215	-1.223792	-0.246463	0.506788	
216	-1.228114	-0.249351	0.511330	
217	-1.236010	-0.252765	0.517348	
218	-1.240429	-0.255276	0.523058	
219	-1.244676	-0.257880	0.528773	
220	-1.250548	-0.261133	0.534852	
221	-1.255616	-0.263635	0.541045	
222	-1.259755	-0.266932	0.546822	
223	-1.264388	-0.271372	0.552898	
224	-1.268853	-0.275312	0.559016	
225	-1.272665	-0.279089	0.565219	
226	-1.276872	-0.283141	0.571851	
227	-1.279362	-0.287472	0.578062	
228	-1.281984	-0.293055	0.584064	
229	-1.285777	-0.299167	0.590246	
230	-1.288971	-0.303724	0.596130	
231	-1.292287	-0.307765	0.601756	
232	-1.296334	-0.312732	0.607860	
233	-1.298542	-0.317937	0.613334	
234	-1.302208	-0.322936	0.619328	
235	-1.308067	-0.326741	0.626441	
236	-1.311512	-0.330770	0.632389	
237	-1.315198	-0.335104	0.638088	
238	-1.319783	-0.338705	0.644202	
239	-1.323697	-0.342037	0.650416	
240	-1.327959	-0.345549	0.656408	
241	-1.333405	-0.349834	0.662791	
242	-1.338455	-0.351903	0.669021	
243	-1.343261	-0.355803	0.673879	
244	-1.349741	-0.360064	0.679782	
245	-1.355356	-0.362893	0.685267	
246	-1.359448	-0.367606	0.689583	
247	-1.365043	-0.372726	0.693876	
248	-1.370707	-0.376638	0.697765	
249	-1.375870	-0.380462	0.701125	
250	-1.381416	-0.385207	0.703937	
251	-1.389220	-0.388096	0.707072	
252	-1.395775	-0.390699	0.710194	
253	-1.402838	-0.394729	0.712455	
254	-1.412473	-0.396297	0.715406	
255	-1.421015	-0.397679	0.717448	
256	-1.439871	-0.401079	0.720437	
257	-1.451056	-0.400374	0.722020	
258	-1.470451	-0.400762	0.723248	
259	-1.482485	-0.400964	0.724623	
260	-1.493482	-0.400029	0.725797	
261	-1.504077	-0.398855	0.726784	
262	-1.514371	-0.398663	0.727807	
263	-1.524242	-0.399209	0.728936	
264	-1.535196	-0.397952	0.731013	
265	-1.544246	-0.397158	0.732121	
266	-1.555757	-0.398009	0.733533	
267	-1.565062	-0.398025	0.735314	
268	-1.574163	-0.398881	0.736748	
269	-1.585763	-0.398976	0.739388	
270	-1.595598	-0.397705	0.742011	
271	-1.605288	-0.398134	0.744437	
272	-1.615113	-0.399137	0.747210	
273	-1.623492	-0.399496	0.749994	
274	-1.632233	-0.400387	0.753017	
275	-1.641843	-0.397930	0.757652	
276	-1.650093	-0.396341	0.762248	
277	-1.658790	-0.393853	0.767575	
278	-1.666974	-0.389617	0.774202	
279	-1.674000	-0.385421	0.781459	
280	-1.680616	-0.380635	0.789100	
281	-1.686889	-0.375350	0.797256	
282	-1.691489	-0.370821	0.804802	
283	-1.695097	-0.367133	0.813194	
284	-1.698620	-0.363253	0.821299	
285	-1.701256	-0.360076	0.828815	
286	-1.704136	-0.359274	0.836049	
287	-1.706885	-0.356756	0.845685	
288	-1.706390	-0.353419	0.854082	
289	-1.707807	-0.353232	0.861953	
290	-1.708879	-0.350502	0.871188	
291	-1.708416	-0.348599	0.879528	
292	-1.709014	-0.347084	0.888694	
293	-1.709301	-0.345884	0.897149	
294	-1.710436	-0.343010	0.907222	
295	-1.711265	-0.340830	0.916425	
296	-1.711931	-0.341238	0.925113	
297	-1.713455	-0.340371	0.934634	
298	-1.714002	-0.341448	0.942802	
299	-1.715212	-0.342687	0.950066	
300	-1.717623	-0.343266	0.958502	
301	-1.719814	-0.345045	0.966165	
302	-1.721812	-0.345356	0.974218	
303	-1.723804	-0.347929	0.980891	
304	-1.726179	-0.350296	0.988111	
305	-1.728559	-0.354044	0.995236	
306	-1.732222	-0.356456	1.001941	
307	-1.735977	-0.358588	1.008730	
308	-1.740159	-0.361974	1.015335	
309	-1.743644	-0.365799	1.021137	
310	-1.747250	-0.368989	1.027174	
311	-1.750981	-0.370972	1.033152	
312	-1.754583	-0.373802	1.038569	
313	-1.758474	-0.377292	1.044284	
314	-1.762397	-0.378962	1.050472	
315	-1.766822	-0.382058	1.056527	
316	-1.771384	-0.386659	1.061526	
317	-1.776361	-0.390769	1.066666	
318	-1.781641	-0.395041	1.072003	
319	-1.787114	-0.399036	1.077291	
320	-1.792972	-0.403450	1.082364	
321	-1.798941	-0.409000	1.087798	
322	-1.804350	-0.413881	1.092497	
323	-1.809613	-0.418572	1.096080	
324	-1.815250	-0.423857	1.100847	
325	-1.820605	-0.427388	1.104639	
326	-1.825449	-0.432582	1.107674	
327	-1.829917	-0.437555	1.110730	
328	-1.834498	-0.442977	1.114145	
329	-1.839322	-0.447763	1.117925	
330	-1.843906	-0.453525	1.122663	
331	-1.848182	-0.459013	1.126667	
332	-1.852471	-0.463375	1.131071	
333	-1.856579	-0.470191	1.136759	
334	-1.860057	-0.476444	1.141432	
335	-1.864132	-0.481854	1.147206	
336	-1.868174	-0.487478	1.153475	
337	-1.871643	-0.493971	1.158040	
338	-1.875011	-0.499506	1.164282	
339	-1.877737	-0.506959	1.170156	
340	-1.879995	-0.513690	1.175016	
341	-1.882277	-0.518632	1.181020	
342	-1.884273	-0.524853	1.188435	
343	-1.885605	-0.531497	1.192705	
344	-1.887248	-0.536171	1.199165	
345	-1.888220	-0.542839	1.206487	
346	-1.889370	-0.548052	1.211909	
347	-1.891001	-0.551336	1.219256	
348	-1.891186	-0.557045	1.226130	
349	-1.890257	-0.563723	1.229513	
350	-1.891026	-0.568452	1.236266	
351	-1.891080	-0.573337	1.243467	
352	-1.890730	-0.579322	1.248485	
353	-1.890626	-0.584822	1.255029	
354	-1.890617	-0.596753	1.268563	
355	-1.889653	-0.600691	1.274066	
356	-1.889177	-0.606453	1.281102	
357	-1.888863	-0.611983	1.288059	
358	-1.888537	-0.617306	1.294687	
359	-1.887539	-0.624023	1.302190	
360	-1.887085	-0.635337	1.317742	
361	-1.886494	-0.642049	1.325580	
362	-1.885756	-0.648121	1.332311	
363	-1.885209	-0.654135	1.339601	
364	-1.885281	-0.659238	1.346991	
365	-1.885466	-0.664159	1.354601	
366	-1.885250	-0.668061	1.361962	
367	-1.884881	-0.670928	1.367301	
368	-1.884772	-0.674714	1.373261	
369	-1.884326	-0.679146	1.379998	
370	-1.883993	-0.682260	1.386439	
371	-1.883685	-0.684856	1.391272	
372	-1.883029	-0.687679	1.397014	
373	-1.882774	-0.690388	1.401386	
374	-1.883356	-0.692923	1.405126	
375	-1.883543	-0.695312	1.409751	
376	-1.884193	-0.697778	1.414942	
377	-1.885015	-0.699727	1.418598	
378	-1.886451	-0.701038	1.423040	
379	-1.887918	-0.702729	1.428428	
380	-1.889781	-0.704431	1.434017	
381	-1.891660	-0.706499	1.439072	
382	-1.893757	-0.709491	1.445284	
383	-1.896247	-0.712683	1.450267	
384	-1.898831	-0.716498	1.455975	
385	-1.902153	-0.719691	1.461891	
386	-1.905259	-0.724751	1.466660	
387	-1.909474	-0.728425	1.472864	
388	-1.913299	-0.733867	1.478066	
389	-1.917458	-0.739720	1.483473	
390	-1.922086	-0.744058	1.488744	
391	-1.926419	-0.750275	1.493582	
392	-1.931181	-0.756726	1.498543	
393	-1.936427	-0.762694	1.505429	
394	-1.941869	-0.767567	1.510339	
395	-1.947006	-0.775358	1.516142	
396	-1.952694	-0.781932	1.523458	
397	-1.958325	-0.787621	1.529042	
398	-1.968420	-0.800275	1.539455	
399	-1.972284	-0.809521	1.546170	
400	-1.976771	-0.814466	1.549940	
401	-1.980146	-0.825430	1.557869	
402	-1.983362	-0.830600	1.561525	
403	-1.987109	-0.836894	1.566868	
404	-1.990489	-0.846164	1.576069	
405	-1.993288	-0.852257	1.583275	
406	-1.996183	-0.858885	1.589242	
407	-1.999392	-0.864921	1.596951	
408	-2.001499	-0.869790	1.604949	
409	-2.003695	-0.872765	1.610215	
410	-2.006121	-0.875424	1.615518	
411	-2.007613	-0.882182	1.625421	
412	-2.009287	-0.884058	1.632058	
413	-2.010765	-0.885843	1.637609	
414	-2.012058	-0.889835	1.646458	
415	-2.012771	-0.893178	1.655180	
416	-2.014200	-0.892834	1.661010	
417	-2.015540	-0.896765	1.670806	
418	-2.016971	-0.896464	1.677962	
419	-2.018521	-0.897983	1.684577	
420	-2.019846	-0.900185	1.692887	
421	-2.021533	-0.902874	1.701917	
422	-2.022871	-0.903845	1.708846	
423	-2.024294	-0.904019	1.714474	
424	-2.025469	-0.906619	1.721985	
425	-2.026638	-0.907819	1.728819	
426	-2.029060	-0.910042	1.739437	
427	-2.030337	-0.911975	1.745063	
428	-2.031147	-0.913926	1.750778	
429	-2.032518	-0.915901	1.756307	
430	-2.034452	-0.919708	1.761271	
431	-2.035509	-0.925220	1.769774	
432	-2.036925	-0.935891	1.780278	
433	-2.037623	-0.941801	1.785750	
434	-2.038369	-0.946352	1.789759	
435	-2.039663	-0.952090	1.792821	
436	-2.040627	-0.957993	1.798072	
437	-2.041718	-0.964742	1.803599	
438	-2.043469	-0.970106	1.807848	
439	-2.044900	-0.976357	1.814057	
440	-2.045942	-0.982351	1.818661	
441	-2.047253	-0.989474	1.824014	
442	-2.048579	-0.994696	1.829671	
443	-2.049863	-1.000516	1.835545	
444	-2.051031	-1.006835	1.840985	
445	-2.052635	-1.011372	1.845407	
446	-2.053278	-1.018534	1.852817	
447	-2.054736	-1.024169	1.856564	
448	-2.055886	-1.031375	1.862321	
449	-2.057084	-1.037566	1.868865	
450	-2.058358	-1.043612	1.872715	
451	-2.060141	-1.050036	1.879663	
452	-2.061405	-1.056167	1.886502	
453	-2.064112	-1.060816	1.888450	
454	-2.065746	-1.068427	1.897451	
455	-2.067636	-1.074649	1.902784	
456	-2.070641	-1.081569	1.909476	
457	-2.074320	-1.087422	1.916731	
458	-2.078288	-1.094082	1.923675	
459	-2.081709	-1.103809	1.933972	
460	-2.087960	-1.108328	1.940515	
461	-2.092857	-1.116241	1.950717	
462	-2.098031	-1.124251	1.962474	
463	-2.103199	-1.130725	1.971857	
464	-2.107558	-1.137524	1.982880	
465	-2.112025	-1.144821	1.994765	
466	-2.114991	-1.152518	2.008390	
467	-2.118232	-1.158738	2.019167	
468	-2.121527	-1.165956	2.029742	
469	-2.124898	-1.173275	2.040577	
470	-2.127481	-1.178946	2.052145	
471	-2.131006	-1.185518	2.061650	
472	-2.134868	-1.192150	2.072691	
473	-2.137316	-1.197904	2.083261	
474	-2.140218	-1.203290	2.094179	
475	-2.142505	-1.209082	2.103920	
476	-2.144306	-1.214532	2.114009	
477	-2.146515	-1.218427	2.122956	
478	-2.147173	-1.221626	2.132716	
479	-2.147927	-1.223957	2.141081	
480	-2.148074	-1.227199	2.148458	
481	-2.147685	-1.228981	2.157386	
482	-2.145157	-1.230337	2.167284	
483	-2.145064	-1.232062	2.173822	
484	-2.144697	-1.233294	2.182134	
485	-2.140769	-1.233666	2.191963	
486	-2.138290	-1.234148	2.199296	
487	-2.136386	-1.234998	2.206268	
488	-2.128749	-1.238017	2.225719	
489	-2.126090	-1.239341	2.233262	
490	-2.122749	-1.241234	2.244071	
491	-2.118860	-1.244161	2.250649	
492	-2.115316	-1.248093	2.257690	
493	-2.110750	-1.251581	2.267121	
494	-2.107281	-1.255974	2.273389	
495	-2.103897	-1.260443	2.279455	
496	-2.099399	-1.265139	2.289941	
497	-2.091344	-1.275756	2.303074	
498	-2.087370	-1.280100	2.311206	
499	-2.082206	-1.283447	2.319673	
500	-2.078454	-1.289326	2.323319	
501	-2.075490	-1.292787	2.328695	
502	-2.069757	-1.297834	2.335693	
503	-2.067038	-1.301779	2.339030	
504	-2.063212	-1.304866	2.344410	
505	-2.059156	-1.307559	2.351647	
506	-2.055918	-1.311374	2.355882	
507	-2.052213	-1.315915	2.358423	
508	-2.047139	-1.320051	2.364038	
509	-2.044218	-1.323187	2.366311	
510	-2.041242	-1.325933	2.369257	
511	-2.036584	-1.328911	2.374846	
512	-2.032290	-1.334207	2.376485	
513	-2.027912	-1.339434	2.378624	
514	-2.021700	-1.343799	2.384747	
515	-2.018233	-1.346951	2.388312	
516	-2.013407	-1.351309	2.392874	
517	-2.007301	-1.355996	2.399879	
518	-2.002769	-1.361064	2.405200	
519	-1.998089	-1.365408	2.413451	
520	-1.991686	-1.370180	2.423317	
521	-1.987482	-1.374832	2.431055	
522	-1.982552	-1.379249	2.440486	
523	-1.977621	-1.384766	2.450330	
524	-1.972235	-1.389786	2.459934	
525	-1.966527	-1.396241	2.469336	
526	-1.962912	-1.403636	2.476313	
527	-1.957480	-1.408573	2.486147	
528	-1.951339	-1.414190	2.495613	
529	-1.947295	-1.419764	2.503789	
530	-1.943130	-1.424800	2.511768	
531	-1.937952	-1.429019	2.520695	
532	-1.933554	-1.434074	2.528380	
533	-1.929601	-1.436854	2.537616	
534	-1.924722	-1.439745	2.545498	
535	-1.919293	-1.443773	2.553063	
536	-1.914748	-1.447679	2.560231	
537	-1.909269	-1.450318	2.567450	
538	-1.903013	-1.454563	2.573122	
539	-1.900448	-1.456843	2.579310	
540	-1.894596	-1.460209	2.585568	
541	-1.886940	-1.464750	2.591763	
542	-1.882986	-1.467668	2.597356	
543	-1.877084	-1.470497	2.603368	
544	-1.869712	-1.473755	2.609110	
545	-1.863694	-1.476232	2.614655	
546	-1.858932	-1.477464	2.619817	
547	-1.851799	-1.478847	2.626117	
548	-1.843547	-1.480798	2.630059	
549	-1.836706	-1.481927	2.634393	
550	-1.828809	-1.483546	2.637977	
551	-1.821018	-1.483125	2.643522	
552	-1.812087	-1.484554	2.646460	
553	-1.805818	-1.484742	2.649979	
554	-1.795852	-1.483522	2.654584	
555	-1.782393	-1.484583	2.659114	
556	-1.776272	-1.483409	2.662910	
557	-1.766214	-1.482248	2.667989	
558	-1.753572	-1.481900	2.673256	
559	-1.745569	-1.480674	2.677474	
560	-1.737056	-1.478673	2.681869	
561	-1.724470	-1.477933	2.686407	
562	-1.714833	-1.477681	2.690094	
563	-1.696301	-1.475387	2.696819	
564	-1.685303	-1.475226	2.699564	
565	-1.676904	-1.474963	2.701084	
566	-1.667311	-1.474247	2.703350	
567	-1.657087	-1.474405	2.705668	
568	-1.648217	-1.475287	2.706221	
569	-1.640679	-1.475605	2.706949	
570	-1.631606	-1.475799	2.709325	
571	-1.623572	-1.476713	2.710168	
572	-1.616103	-1.478480	2.709281	
573	-1.608203	-1.479957	2.709453	
574	-1.600298	-1.481447	2.710075	
575	-1.593941	-1.482246	2.710430	
576	-1.587723	-1.482754	2.711015	
577	-1.579555	-1.483766	2.712899	
578	-1.568200	-1.486720	2.713336	
579	-1.561167	-1.487400	2.715217	
580	-1.553716	-1.488316	2.716489	
581	-1.548659	-1.489741	2.716127	
582	-1.542015	-1.490242	2.718361	
583	-1.534100	-1.492047	2.719619	
584	-1.529143	-1.493726	2.720724	
585	-1.516368	-1.495808	2.725220	
586	-1.510892	-1.496716	2.728153	
587	-1.505569	-1.497425	2.730136	
588	-1.499227	-1.498150	2.732505	
589	-1.492627	-1.499429	2.733399	
590	-1.479732	-1.500570	2.738691	
591	-1.473701	-1.501293	2.741051	
592	-1.465968	-1.502535	2.743807	
593	-1.460602	-1.502898	2.747211	
594	-1.455351	-1.503924	2.749591	
595	-1.448225	-1.504891	2.752296	
596	-1.441412	-1.505136	2.755887	
597	-1.437304	-1.505114	2.758775	
598	-1.430103	-1.504853	2.761866	
599	-1.422853	-1.504447	2.765153	
600	-1.417824	-1.504125	2.766598	
601	-1.412657	-1.503822	2.767242	
602	-1.403556	-1.502696	2.771713	
603	-1.396505	-1.500624	2.775937	
604	-1.391948	-1.500527	2.775254	
605	-1.382920	-1.499497	2.778229	
606	-1.373780	-1.497768	2.781679	
607	-1.368391	-1.496795	2.782527	
608	-1.359669	-1.494956	2.786182	
609	-1.351337	-1.494188	2.786932	
610	-1.342636	-1.492813	2.789706	
611	-1.334760	-1.491642	2.791570	
612	-1.327757	-1.490614	2.791595	
613	-1.318078	-1.489486	2.792269	
614	-1.310652	-1.488371	2.791420	
615	-1.303391	-1.487168	2.790527	
616	-1.295156	-1.485402	2.790037	
617	-1.287221	-1.484247	2.789190	
618	-1.280301	-1.483640	2.787100	
619	-1.271266	-1.483528	2.784992	
620	-1.264629	-1.483356	2.783267	
621	-1.258639	-1.483502	2.780844	
622	-1.250956	-1.483389	2.779661	
623	-1.243551	-1.483626	2.777868	
624	-1.238506	-1.484282	2.773785	
625	-1.230978	-1.484434	2.772114	
626	-1.223716	-1.484718	2.770491	
627	-1.211099	-1.485013	2.766650	
628	-1.203248	-1.485913	2.764298	
629	-1.198004	-1.486872	2.761607	
630	-1.190897	-1.487906	2.760445	
631	-1.184874	-1.488959	2.758395	
632	-1.178754	-1.490253	2.756411	
633	-1.172096	-1.491901	2.754054	
634	-1.166494	-1.492643	2.752235	
635	-1.161663	-1.493523	2.750498	
636	-1.156243	-1.493896	2.749575	
637	-1.147354	-1.493771	2.745068	
638	-1.143249	-1.493595	2.742814	
639	-1.138463	-1.492208	2.741311	
640	-1.132088	-1.491542	2.738816	
641	-1.125514	-1.490892	2.736904	
642	-1.123289	-1.489638	2.734811	
643	-1.119808	-1.487974	2.733628	
644	-1.113174	-1.487361	2.731268	
645	-1.109951	-1.486001	2.730243	
646	-1.107544	-1.483698	2.729428	
647	-1.100526	-1.481915	2.728678	
648	-1.094393	-1.480583	2.726719	
649	-1.090745	-1.478512	2.725270	
650	-1.086283	-1.475960	2.723780	
651	-1.080693	-1.473582	2.721466	
652	-1.074720	-1.470364	2.720285	
653	-1.070664	-1.466636	2.718581	
654	-1.063940	-1.463081	2.716875	
655	-1.058169	-1.459127	2.714938	
656	-1.053177	-1.454844	2.713089	
657	-1.044521	-1.451274	2.710658	
658	-1.041964	-1.446423	2.709115	
659	-1.037224	-1.441749	2.707782	
660	-1.027378	-1.439003	2.705035	
661	-1.022491	-1.435008	2.703380	
662	-1.018714	-1.430777	2.701709	
663	-1.012541	-1.427090	2.698600	
664	-1.007987	-1.423045	2.695661	
665	-1.004661	-1.418567	2.692546	
666	-1.000906	-1.413989	2.688872	
667	-0.999025	-1.408813	2.685116	
668	-0.992366	-1.404979	2.679819	
669	-0.987104	-1.400030	2.675436	
670	-0.983990	-1.394099	2.672153	
671	-0.977817	-1.389238	2.666675	
672	-0.971522	-1.384030	2.661554	
673	-0.960364	-1.375026	2.649714	
674	-0.952362	-1.371173	2.643969	
675	-0.938877	-1.363705	2.632704	
676	-0.928493	-1.362042	2.625564	
677	-0.926557	-1.357059	2.622690	
678	-0.923188	-1.352490	2.619386	
679	-0.916441	-1.349840	2.613536	
680	-0.910407	-1.345608	2.609632	
681	-0.907326	-1.340397	2.607358	
682	-0.901818	-1.337189	2.603722	
683	-0.896212	-1.333871	2.600752	
684	-0.887896	-1.325548	2.597538	
685	-0.882357	-1.322989	2.594862	
686	-0.881233	-1.317014	2.595448	
687	-0.878149	-1.313051	2.594441	
688	-0.871252	-1.311045	2.592157	
689	-0.869329	-1.304461	2.594451	
690	-0.866091	-1.299664	2.594702	
691	-0.861298	-1.296087	2.593999	
692	-0.858599	-1.290979	2.595262	
693	-0.857978	-1.285277	2.597373	
694	-0.853605	-1.282895	2.596774	
695	-0.851185	-1.278956	2.598286	
696	-0.849996	-1.274537	2.599698	
697	-0.844651	-1.273709	2.598464	
698	-0.843687	-1.269488	2.600949	
699	-0.842411	-1.266650	2.602201	
700	-0.837682	-1.266199	2.601897	
701	-0.836536	-1.262876	2.604280	
702	-0.834821	-1.260453	2.605570	
703	-0.831240	-1.259180	2.606814	
704	-0.829470	-1.255787	2.609863	
705	-0.827048	-1.254073	2.611705	
706	-0.823912	-1.251508	2.614282	
707	-0.821651	-1.248888	2.617094	
708	-0.819607	-1.246307	2.620018	
709	-0.816577	-1.244695	2.621820	
710	-0.814140	-1.241646	2.624653	
711	-0.812164	-1.239020	2.627203	
712	-0.803898	-1.232460	2.635595	
713	-0.798230	-1.232726	2.635322	
714	-0.792414	-1.233234	2.636353	
715	-0.791064	-1.230367	2.640271	
716	-0.785247	-1.230924	2.641227	
717	-0.781554	-1.230713	2.643543	
718	-0.779757	-1.228283	2.647117	
719	-0.774915	-1.228275	2.648919	
720	-0.770891	-1.227780	2.651234	
721	-0.768590	-1.225671	2.654787	
722	-0.762590	-1.227229	2.655059	
723	-0.758120	-1.227411	2.657540	
724	-0.755437	-1.226652	2.660976	
725	-0.752384	-1.226426	2.663079	
726	-0.746264	-1.228780	2.664007	
727	-0.744134	-1.227204	2.668485	
728	-0.740650	-1.227150	2.671183	
729	-0.735356	-1.228596	2.672266	
730	-0.731552	-1.228597	2.676595	
731	-0.729257	-1.227467	2.679220	
732	-0.723444	-1.229536	2.680291	
733	-0.720920	-1.228622	2.684476	
734	-0.717052	-1.229113	2.686801	
735	-0.711835	-1.231347	2.688020	
736	-0.709627	-1.230521	2.691617	
737	-0.706212	-1.231029	2.693541	
738	-0.702082	-1.232377	2.695672	
739	-0.699190	-1.233369	2.698639	
740	-0.694644	-1.236892	2.698567	
741	-0.692457	-1.238703	2.701313	
742	-0.690784	-1.239563	2.704465	
743	-0.689935	-1.240236	2.706590	
744	-0.689090	-1.240578	2.710454	
745	-0.686717	-1.242232	2.712539	
746	-0.685305	-1.243241	2.715720	
747	-0.684243	-1.243838	2.718686	
748	-0.681798	-1.244834	2.721313	
749	-0.679477	-1.246177	2.723856	
750	-0.679386	-1.245715	2.728257	
751	-0.676192	-1.247934	2.730393	
752	-0.674118	-1.249121	2.734736	
753	-0.672768	-1.250327	2.739758	
754	-0.670291	-1.252646	2.743584	
755	-0.667220	-1.255793	2.746994	
756	-0.665685	-1.258364	2.751999	
757	-0.663550	-1.261277	2.756561	
758	-0.659369	-1.266616	2.760268	
759	-0.658544	-1.269417	2.766902	
760	-0.655423	-1.273541	2.771441	
761	-0.652587	-1.277611	2.777242	
762	-0.651144	-1.281308	2.784185	
763	-0.649270	-1.284636	2.789818	
764	-0.646551	-1.288392	2.795331	
765	-0.643667	-1.292579	2.800805	
766	-0.640597	-1.296883	2.806471	
767	-0.638655	-1.300076	2.813374	
768	-0.634945	-1.304967	2.817616	
769	-0.632969	-1.308322	2.823950	
770	-0.632492	-1.309875	2.830802	
771	-0.628153	-1.314496	2.834541	
772	-0.625472	-1.317443	2.840287	
773	-0.623023	-1.319772	2.845460	
774	-0.618436	-1.323682	2.847395	
775	-0.617018	-1.324328	2.853602	
776	-0.615224	-1.324885	2.858675	
777	-0.610412	-1.326994	2.861471	
778	-0.606577	-1.328034	2.865418	
779	-0.602609	-1.328590	2.869352	
780	-0.596482	-1.331600	2.869440	
781	-0.591813	-1.333425	2.871213	
782	-0.587773	-1.334970	2.872622	
783	-0.581745	-1.337574	2.871951	
784	-0.575442	-1.340274	2.872866	
785	-0.570465	-1.341948	2.874689	
786	-0.563131	-1.344122	2.875169	
787	-0.557648	-1.345701	2.876576	
788	-0.545943	-1.349037	2.880306	
789	-0.538353	-1.351089	2.882470	
790	-0.531880	-1.353226	2.885048	
791	-0.524175	-1.355745	2.886022	
792	-0.516315	-1.358077	2.886993	
793	-0.507036	-1.361516	2.887463	
794	-0.500205	-1.363480	2.889790	
795	-0.491362	-1.366043	2.890494	
796	-0.481959	-1.369343	2.890456	
797	-0.474857	-1.370441	2.893240	
798	-0.466899	-1.372443	2.894788	
799	-0.457551	-1.375495	2.895187	
800	-0.450780	-1.376717	2.897968	
801	-0.433641	-1.382202	2.897698	
802	-0.421238	-1.384688	2.899674	
803	-0.408968	-1.387692	2.900204	
804	-0.403471	-1.388698	2.900514	
805	-0.396673	-1.390274	2.899881	
806	-0.392910	-1.389701	2.901477	
807	-0.386395	-1.390112	2.900648	
808	-0.379317	-1.391084	2.900156	
809	-0.373066	-1.390531	2.901215	
810	-0.365746	-1.391406	2.900154	
811	-0.357615	-1.392811	2.899068	
812	-0.350953	-1.392098	2.900291	
813	-0.344470	-1.393133	2.900212	
814	-0.336373	-1.394620	2.899130	
815	-0.330634	-1.393921	2.900023	
816	-0.323866	-1.394889	2.899711	
817	-0.315877	-1.395599	2.897977	
818	-0.311097	-1.394633	2.898426	
819	-0.304715	-1.395539	2.895943	
820	-0.298432	-1.396219	2.893858	
821	-0.293080	-1.395822	2.892661	
822	-0.287651	-1.395674	2.890925	
823	-0.283196	-1.395164	2.889490	
824	-0.277563	-1.393665	2.888187	
825	-0.271935	-1.393191	2.886165	
826	-0.266012	-1.391287	2.884460	
827	-0.261747	-1.388699	2.883183	
828	-0.257327	-1.386586	2.880947	
829	-0.245690	-1.380487	2.876937	
830	-0.239568	-1.377531	2.873811	
831	-0.233702	-1.374192	2.870272	
832	-0.227408	-1.369738	2.866950	
833	-0.221742	-1.365515	2.862700	
834	-0.213850	-1.361632	2.857401	
835	-0.206045	-1.356751	2.852966	
836	-0.197572	-1.351732	2.848237	
837	-0.188664	-1.348521	2.841582	
838	-0.179225	-1.344575	2.835486	
839	-0.171100	-1.340030	2.829630	
840	-0.162291	-1.336401	2.823071	
841	-0.144673	-1.329272	2.808872	
842	-0.136772	-1.325728	2.802277	
843	-0.130305	-1.322585	2.795260	
844	-0.121885	-1.318687	2.788845	
845	-0.116653	-1.316229	2.782100	
846	-0.108521	-1.312939	2.776107	
847	-0.101233	-1.309908	2.769332	
848	-0.096017	-1.308195	2.762944	
849	-0.088204	-1.304818	2.757279	
850	-0.081583	-1.305655	2.747693	
851	-0.074564	-1.305139	2.740809	
852	-0.066248	-1.301645	2.736612	
853	-0.062727	-1.302838	2.728144	
854	-0.056402	-1.303962	2.720758	
855	-0.048536	-1.303110	2.714385	
856	-0.043300	-1.302577	2.707659	
857	-0.038939	-1.301770	2.700814	
858	-0.033247	-1.300677	2.693297	
859	-0.026955	-1.299105	2.686538	
860	-0.020376	-1.296993	2.680725	
861	-0.014796	-1.296605	2.673532	
862	-0.008416	-1.296540	2.666553	
863	-0.000612	-1.297017	2.659823	
864	0.007139	-1.298037	2.653687	
865	0.014486	-1.298811	2.648241	
866	0.020598	-1.300959	2.641100	
867	0.028105	-1.302695	2.635313	
868	0.034892	-1.304332	2.630072	
869	0.040314	-1.306710	2.622994	
870	0.046247	-1.309454	2.615598	
871	0.052344	-1.311324	2.608963	
872	0.058684	-1.313479	2.602603	
873	0.063749	-1.315693	2.594906	
874	0.068572	-1.318159	2.586885	
875	0.079597	-1.320044	2.573078	
876	0.082926	-1.321944	2.564060	
877	0.087315	-1.322747	2.556446	
878	0.089315	-1.324167	2.546862	
879	0.097770	-1.323685	2.532410	
880	0.098686	-1.323220	2.523347	
881	0.100964	-1.322688	2.514896	
882	0.105605	-1.320587	2.508756	
883	0.106962	-1.319548	2.501104	
884	0.107854	-1.319240	2.492324	
885	0.107800	-1.317652	2.483906	
886	0.110885	-1.316221	2.474319	
887	0.111747	-1.314890	2.465928	
888	0.115503	-1.312975	2.457226	
889	0.117600	-1.311087	2.448844	
890	0.120001	-1.309844	2.439025	
891	0.122374	-1.309543	2.428661	
892	0.125631	-1.308426	2.419689	
893	0.127822	-1.307526	2.409847	
894	0.129777	-1.307273	2.398645	
895	0.133345	-1.307362	2.388700	
896	0.137451	-1.307909	2.378827	
897	0.139841	-1.309114	2.370589	
898	0.144297	-1.309355	2.363249	
899	0.148285	-1.308864	2.355867	
900	0.151856	-1.308025	2.348211	
901	0.154643	-1.307024	2.340083	
902	0.157602	-1.305248	2.334013	
903	0.159532	-1.303389	2.326893	
904	0.160548	-1.301833	2.319044	
905	0.165895	-1.299202	2.314414	
906	0.167960	-1.296991	2.308337	
907	0.170275	-1.295465	2.301177	
908	0.173922	-1.293278	2.294908	
909	0.177735	-1.291273	2.288001	
910	0.182462	-1.289860	2.284004	
911	0.188263	-1.287798	2.281159	
912	0.191674	-1.286537	2.276783	
913	0.196961	-1.285904	2.274111	
914	0.198899	-1.284233	2.270154	
915	0.205159	-1.281726	2.267534	
916	0.210032	-1.279705	2.264393	
917	0.210673	-1.277600	2.262213	
918	0.216054	-1.275213	2.259135	
919	0.219425	-1.273996	2.256491	
920	0.223563	-1.271695	2.255347	
921	0.227604	-1.270047	2.252846	
922	0.229207	-1.269171	2.251578	
923	0.233722	-1.267367	2.250373	
924	0.237287	-1.266229	2.248883	
925	0.241712	-1.265485	2.247999	
926	0.244030	-1.264309	2.248459	
927	0.250633	-1.263858	2.246873	
928	0.253841	-1.263954	2.247622	
929	0.256500	-1.263084	2.249115	
930	0.260478	-1.263041	2.249382	
931	0.265911	-1.263639	2.250523	
932	0.269060	-1.263779	2.253497	
933	0.271980	-1.264602	2.255096	
934	0.274365	-1.265398	2.257930	
935	0.278189	-1.265830	2.260047	
936	0.280618	-1.266762	2.261729	
937	0.284380	-1.267704	2.262991	
938	0.287887	-1.268103	2.267731	
939	0.290283	-1.268931	2.271718	
940	0.292751	-1.269643	2.275475	
941	0.295731	-1.270104	2.277719	
942	0.299254	-1.270565	2.280616	
943	0.301675	-1.271310	2.283869	
944	0.303541	-1.271204	2.288415	
945	0.306618	-1.271472	2.291146	
946	0.309655	-1.271962	2.294007	
947	0.310972	-1.272223	2.298142	
948	0.314058	-1.273291	2.300352	
949	0.317056	-1.274026	2.303740	
950	0.323843	-1.275564	2.307076	
951	0.325979	-1.276234	2.310766	
952	0.328096	-1.276683	2.312870	
953	0.330239	-1.276755	2.316790	
954	0.332570	-1.276072	2.320570	
955	0.334917	-1.275203	2.323916	
956	0.338190	-1.274296	2.325977	
957	0.340415	-1.272792	2.330767	
958	0.341924	-1.271431	2.336464	
959	0.341636	-1.269256	2.340089	
960	0.344944	-1.269089	2.345170	
961	0.346539	-1.268471	2.349528	
962	0.346903	-1.267237	2.355139	
963	0.351264	-1.267766	2.356364	
964	0.352314	-1.267556	2.361955	
965	0.352757	-1.267031	2.367484	
966	0.358169	-1.268067	2.369551	
967	0.359817	-1.268383	2.375322	
968	0.363136	-1.268990	2.380571	
969	0.369225	-1.271595	2.384090	
970	0.372466	-1.272863	2.390483	
971	0.374410	-1.273380	2.396883	
972	0.379727	-1.276937	2.402153	
973	0.382429	-1.278155	2.410923	
974	0.383595	-1.277570	2.418333	
975	0.387939	-1.280553	2.424304	
976	0.388885	-1.281116	2.433843	
977	0.391976	-1.282219	2.437872	
978	0.397971	-1.285460	2.445739	
979	0.396299	-1.284030	2.453349	
980	0.398074	-1.284065	2.454041	
981	0.403813	-1.286027	2.460315	
982	0.405033	-1.285567	2.468413	
983	0.407357	-1.286140	2.470139	
984	0.410503	-1.287340	2.476176	
985	0.410283	-1.287080	2.482347	
986	0.411757	-1.287438	2.484919	
987	0.414072	-1.288352	2.490864	
988	0.416477	-1.289181	2.494933	
989	0.418728	-1.290678	2.497317	
990	0.421891	-1.290874	2.504111	
991	0.422440	-1.290729	2.508613	
992	0.424074	-1.291861	2.512515	
993	0.425807	-1.290189	2.518722	
994	0.427731	-1.289924	2.522090	
995	0.430295	-1.290506	2.524478	
996	0.432233	-1.288609	2.530093	
997	0.432267	-1.285602	2.538185	
998	0.435464	-1.285136	2.541807	
999	0.437231	-1.283297	2.547452	
1000	0.440789	-1.281253	2.559163	
1001	0.441999	-1.278714	2.569566	
1002	0.442626	-1.277864	2.577535	
1003	0.443144	-1.278678	2.582718	
1004	0.442094	-1.277030	2.589046	
1005	0.441105	-1.276249	2.593507	
1006	0.440938	-1.274919	2.598924	
1007	0.441446	-1.274217	2.601998	
1008	0.441720	-1.274004	2.605789	
1009	0.441997	-1.273597	2.608215	
1010	0.442748	-1.274038	2.609995	
1011	0.443890	-1.274467	2.612626	
1012	0.443541	-1.273466	2.615262	
1013	0.443552	-1.273098	2.619137	
1014	0.445052	-1.273652	2.619780	
1015	0.447374	-1.275917	2.623413	
1016	0.446194	-1.274907	2.627340	
1017	0.447451	-1.274927	2.628450	
1018	0.449638	-1.276412	2.630898	
1019	0.451796	-1.274792	2.633126	
1020	0.453804	-1.274903	2.632396	
1021	0.452164	-1.271311	2.633921	
1022	0.454724	-1.270917	2.633357	
1023	0.455249	-1.265391	2.632579	
1024	0.458305	-1.260259	2.630698	
1025	0.457484	-1.254902	2.629515	
1026	0.458236	-1.250890	2.628110	
1027	0.461385	-1.248893	2.626519	
1028	0.462368	-1.244645	2.625603	
1029	0.464069	-1.241352	2.626370	
1030	0.466519	-1.238792	2.626869	
1031	0.466125	-1.232718	2.626390	
1032	0.468140	-1.229436	2.627034	
1033	0.471660	-1.227483	2.627353	
1034	0.471688	-1.222342	2.627372	
1035	0.474998	-1.219237	2.626924	
1036	0.478805	-1.218164	2.627984	
1037	0.480626	-1.214347	2.627318	
1038	0.481452	-1.210729	2.627950	
1039	0.485158	-1.209112	2.627213	
1040	0.487302	-1.206800	2.626673	
1041	0.489153	-1.203988	2.625345	
1042	0.490744	-1.201097	2.623707	
1043	0.493344	-1.199401	2.620725	
1044	0.494583	-1.197056	2.618730	
1045	0.495942	-1.195666	2.618112	
1046	0.498019	-1.193705	2.616174	
1047	0.499228	-1.190447	2.616165	
1048	0.501621	-1.189096	2.614623	
1049	0.502706	-1.187347	2.613680	
1050	0.503238	-1.187540	2.615929	
1051	0.504336	-1.185605	2.614803	
1052	0.505240	-1.183503	2.613764	
1053	0.505570	-1.182697	2.615146	
1054	0.506395	-1.181067	2.615064	
1055	0.506825	-1.179404	2.615625	
1056	0.507039	-1.177677	2.616682	
1057	0.506953	-1.176089	2.618619	
1058	0.506781	-1.175483	2.622116	
1059	0.506260	-1.173934	2.624449	
1060	0.507084	-1.173415	2.626840	
1061	0.506751	-1.175312	2.632680	
1062	0.504340	-1.175423	2.638391	
1063	0.504848	-1.176068	2.641768	
1064	0.505525	-1.174181	2.642008	
1065	0.504655	-1.170732	2.641872	
1066	0.507024	-1.172259	2.644255	
1067	0.507172	-1.172231	2.647241	
1068	0.506120	-1.169467	2.648623	
1069	0.507632	-1.170563	2.652054	
1070	0.507734	-1.173018	2.658523	
1071	0.504926	-1.169765	2.662097	
1072	0.504886	-1.168429	2.664808	
1073	0.504025	-1.169441	2.671494	
1074	0.501121	-1.165984	2.675308	
1075	0.501173	-1.164444	2.678233	
1076	0.500248	-1.163639	2.682887	
1077	0.498028	-1.162864	2.689340	
1078	0.496948	-1.162380	2.694826	
1079	0.496052	-1.163299	2.701360	
1080	0.495307	-1.163964	2.706810	
1081	0.492822	-1.163204	2.713296	
1082	0.494493	-1.163476	2.715531	
1083	0.495073	-1.161444	2.715812	
1084	0.492644	-1.157166	2.716665	
1085	0.495719	-1.157640	2.715230	
1086	0.496341	-1.151357	2.707677	
1087	0.494365	-1.145919	2.704879	
1088	0.496192	-1.144638	2.700970	
1089	0.493797	-1.141966	2.700727	
1090	0.490222	-1.142964	2.705946	
1091	0.491238	-1.144753	2.704428	
1092	0.488120	-1.145043	2.706682	
1093	0.485206	-1.144377	2.707170	
1094	0.485691	-1.145677	2.703651	
1095	0.480755	-1.147647	2.709787	
1096	0.480047	-1.148531	2.707654	
1097	0.478915	-1.150536	2.707416	
1098	0.474118	-1.151798	2.712297	
1099	0.474007	-1.154180	2.710848	
1100	0.470563	-1.156454	2.713821	
1101	0.464629	-1.162524	2.720886	
1102	0.460941	-1.163212	2.722616	
1103	0.457505	-1.162581	2.722412	
1104	0.453553	-1.163798	2.725703	
1105	0.449103	-1.164822	2.729026	
1106	0.444965	-1.167520	2.734422	
1107	0.441612	-1.169287	2.737135	
1108	0.437292	-1.173736	2.745996	
1109	0.433398	-1.176062	2.750270	
1110	0.428920	-1.177002	2.752926	
1111	0.424944	-1.181581	2.759863	
1112	0.420909	-1.185340	2.764457	
1113	0.416765	-1.189208	2.769176	
1114	0.411656	-1.190987	2.771580	
1115	0.407232	-1.194790	2.776305	
1116	0.395888	-1.200377	2.784879	
1117	0.391270	-1.205018	2.790159	
1118	0.385759	-1.206705	2.791673	
1119	0.379109	-1.207356	2.793371	
1120	0.374481	-1.213283	2.800783	
1121	0.368143	-1.215262	2.805134	
1122	0.362025	-1.217062	2.808180	
1123	0.357201	-1.218632	2.808003	
1124	0.352073	-1.226023	2.822538	
1125	0.345808	-1.225078	2.822862	
1126	0.341761	-1.228086	2.826845	
1127	0.336514	-1.228996	2.831327	
1128	0.332671	-1.230479	2.833172	
1129	0.329181	-1.232807	2.836661	
1130	0.325241	-1.233777	2.839615	
1131	0.323092	-1.236533	2.842644	
1132	0.321034	-1.239569	2.846803	
1133	0.318209	-1.239748	2.847018	
1134	0.317029	-1.241063	2.845025	
1135	0.316141	-1.244371	2.848134	
1136	0.314850	-1.245751	2.848815	
1137	0.314009	-1.247111	2.848345	
1138	0.313693	-1.249197	2.848210	
1139	0.312150	-1.249558	2.849935	
1140	0.311129	-1.249259	2.847990	
1141	0.310657	-1.250904	2.849157	
1142	0.308727	-1.249989	2.849164	
1143	0.307868	-1.251093	2.851141	
1144	0.306909	-1.252054	2.852455	
1145	0.305112	-1.252090	2.854734	
1146	0.303257	-1.252061	2.856603	
1147	0.301562	-1.253095	2.862042	
1148	0.298879	-1.252961	2.865149	
1149	0.296922	-1.254046	2.869258	
1150	0.295663	-1.255603	2.872395	
1151	0.292082	-1.255970	2.877672	
1152	0.291106	-1.259181	2.882306	
1153	0.289213	-1.261633	2.886089	
1154	0.285919	-1.263381	2.890717	
1155	0.284133	-1.266025	2.892871	
1156	0.281798	-1.268496	2.895227	
1157	0.279114	-1.271009	2.897464	
1158	0.276982	-1.273934	2.899390	
1159	0.274897	-1.277647	2.903617	
1160	0.272844	-1.280561	2.905209	
1161	0.270144	-1.283841	2.908204	
1162	0.267458	-1.286348	2.910158	
1163	0.266178	-1.290895	2.911692	
1164	0.262817	-1.293303	2.916186	
1165	0.261086	-1.297191	2.916240	
1166	0.259697	-1.301614	2.920116	
1167	0.257089	-1.303450	2.921336	
1168	0.256298	-1.308170	2.924387	
1169	0.254598	-1.311173	2.927236	
1170	0.252523	-1.313333	2.929838	
1171	0.251648	-1.317047	2.932948	
1172	0.250306	-1.319932	2.936943	
1173	0.248414	-1.322557	2.940079	
1174	0.246027	-1.324507	2.942407	
1175	0.245305	-1.328414	2.944736	
1176	0.242559	-1.329925	2.949755	
1177	0.239809	-1.330925	2.950514	
1178	0.237845	-1.333047	2.956025	
1179	0.234948	-1.334499	2.959966	
1180	0.232461	-1.336229	2.964310	
1181	0.230728	-1.339639	2.968533	
1182	0.228975	-1.343596	2.973577	
1183	0.226059	-1.346538	2.978793	
1184	0.223306	-1.350066	2.983825	
1185	0.219826	-1.353922	2.987665	
1186	0.216228	-1.357658	2.991530	
1187	0.212380	-1.362263	2.998210	
1188	0.207985	-1.366390	3.003653	
1189	0.204265	-1.370806	3.007466	
1190	0.200132	-1.375583	3.012785	
1191	0.194845	-1.379615	3.018868	
1192	0.190928	-1.384650	3.023110	
1193	0.185314	-1.389617	3.029453	
1194	0.178815	-1.393777	3.035805	
1195	0.174345	-1.399766	3.041165	
1196	0.169222	-1.405357	3.047503	
1197	0.164317	-1.410131	3.053462	
1198	0.159913	-1.415364	3.060772	
1199	0.155465	-1.420660	3.067192	
1200	0.151057	-1.426089	3.073566	
1201	0.146634	-1.430994	3.079779	
1202	0.138695	-1.441740	3.095088	
1203	0.135339	-1.447288	3.102582	
1204	0.131962	-1.452446	3.109678	
1205	0.129108	-1.457828	3.117233	
1206	0.127083	-1.463005	3.125089	
1207	0.124358	-1.467567	3.133950	
1208	0.123041	-1.472405	3.141590	
1209	0.120985	-1.476857	3.149187	
1210	0.119451	-1.482052	3.157932	
1211	0.117229	-1.485919	3.163418	
1212	0.114721	-1.489691	3.170537	
1213	0.112372	-1.497416	3.182835	
1214	0.112000	-1.501370	3.189665	
1215	0.111951	-1.504809	3.193876	
1216	0.112532	-1.508869	3.200023	
1217	0.114397	-1.512380	3.205852	
1218	0.116171	-1.515955	3.212726	
1219	0.119553	-1.519606	3.217770	
1220	0.122764	-1.523035	3.223623	
1221	0.126822	-1.526398	3.230039	
1222	0.130550	-1.528901	3.235833	
1223	0.135715	-1.531861	3.241663	
1224	0.142508	-1.534655	3.249649	
1225	0.148701	-1.536815	3.256046	
1226	0.155682	-1.539059	3.263046	
1227	0.163044	-1.540948	3.271303	
1228	0.170808	-1.542889	3.278446	
1229	0.179482	-1.545988	3.285064	
1230	0.187617	-1.548329	3.294336	
1231	0.196651	-1.551409	3.301596	
1232	0.205850	-1.555281	3.308614	
1233	0.214171	-1.558466	3.315302	
1234	0.222613	-1.562467	3.320740	
1235	0.231354	-1.566371	3.327237	
1236	0.239150	-1.569735	3.331750	
1237	0.247300	-1.573292	3.336815	
1238	0.255023	-1.576298	3.342221	
1239	0.262141	-1.579043	3.347909	
1240	0.269221	-1.582836	3.353836	
1241	0.275487	-1.587278	3.358906	
1242	0.282278	-1.591321	3.365453	
1243	0.287186	-1.595056	3.369401	
1244	0.292611	-1.598643	3.374531	
1245	0.299138	-1.602678	3.380533	
1246	0.303881	-1.606829	3.384352	
1247	0.310919	-1.611211	3.391140	
1248	0.316308	-1.615509	3.396405	
1249	0.322408	-1.620848	3.401115	
1250	0.333665	-1.628655	3.409065	
1251	0.339796	-1.633800	3.414139	
1252	0.345898	-1.638969	3.419740	
1253	0.353444	-1.644188	3.425962	
1254	0.368286	-1.655750	3.439592	
1255	0.376255	-1.661948	3.446277	
1256	0.382207	-1.666975	3.453213	
1257	0.389476	-1.672066	3.459811	
1258	0.396074	-1.676312	3.467116	
1259	0.402770	-1.679863	3.474238	
1260	0.409554	-1.684438	3.478964	
1261	0.416136	-1.688612	3.484325	
1262	0.422287	-1.692808	3.489952	
1263	0.429609	-1.696433	3.494787	
1264	0.435728	-1.699666	3.498656	
1265	0.442754	-1.702160	3.503302	
1266	0.449920	-1.704675	3.507515	
1267	0.459522	-1.707868	3.510652	
1268	0.468338	-1.710246	3.514874	
1269	0.477645	-1.712464	3.518673	
1270	0.488017	-1.714746	3.522278	
1271	0.497619	-1.716550	3.525537	
1272	0.508028	-1.717863	3.529203	
1273	0.520002	-1.719686	3.531682	
1274	0.531584	-1.720984	3.534833	
1275	0.542847	-1.721443	3.537746	
1276	0.554942	-1.723348	3.539069	
1277	0.567509	-1.723825	3.542411	
1278	0.578987	-1.724774	3.544546	
1279	0.591682	-1.724485	3.546931	
1280	0.604341	-1.724953	3.548921	
1281	0.616204	-1.725336	3.550905	
1282	0.627619	-1.725715	3.552778	
1283	0.639595	-1.726475	3.553404	
1284	0.651584	-1.728354	3.553453	
1285	0.664671	-1.729457	3.554629	
1286	0.677721	-1.730606	3.556262	
1287	0.690129	-1.732249	3.556775	
1288	0.701579	-1.733515	3.557417	
1289	0.714092	-1.734156	3.558920	
1290	0.728317	-1.735289	3.559323	
1291	0.741621	-1.735293	3.560456	
1292	0.753116	-1.736350	3.560250	
1293	0.766069	-1.737324	3.560607	
1294	0.778195	-1.738270	3.561037	
1295	0.790108	-1.739837	3.561099	
1296	0.802807	-1.740980	3.561360	
1297	0.813947	-1.741255	3.562253	
1298	0.824346	-1.741576	3.563247	
1299	0.838143	-1.743017	3.563488	
1300	0.850535	-1.744367	3.564030	
1301	0.862825	-1.745232	3.565989	
1302	0.876215	-1.747278	3.567430	
1303	0.887995	-1.748190	3.570017	
1304	0.899733	-1.749469	3.573242	
1305	0.914547	-1.750292	3.577001	
1306	0.926588	-1.751850	3.579908	
1307	0.939579	-1.754014	3.584192	
1308	0.951184	-1.756892	3.587945	
1309	0.961348	-1.759041	3.593853	
1310	0.973537	-1.761891	3.599023	
1311	0.987271	-1.763652	3.605276	
1312	0.998245	-1.765559	3.611512	
1313	1.010628	-1.769248	3.615547	
1314	1.021831	-1.772305	3.620838	
1315	1.031235	-1.774364	3.625821	
1316	1.040617	-1.777709	3.629549	
1317	1.049115	-1.779628	3.634385	
1318	1.066322	-1.782897	3.643680	
1319	1.075094	-1.784563	3.647422	
1320	1.084476	-1.785421	3.651942	
1321	1.092906	-1.786807	3.655117	
1322	1.102600	-1.788666	3.657552	
1323	1.118391	-1.787857	3.660634	
1324	1.127567	-1.788940	3.662645	
1325	1.137624	-1.790900	3.663936	
1326	1.148455	-1.790340	3.666747	
1327	1.158606	-1.791342	3.667480	
1328	1.168838	-1.792367	3.668272	
1329	1.179883	-1.791499	3.669112	
1330	1.191225	-1.791688	3.668844	
1331	1.202362	-1.790807	3.668499	
1332	1.213789	-1.790147	3.667219	
1333	1.227175	-1.788025	3.666823	
1334	1.251504	-1.785021	3.663047	
1335	1.265066	-1.781637	3.662251	
1336	1.277055	-1.778309	3.661481	
1337	1.307265	-1.773549	3.658138	
1338	1.333953	-1.769972	3.652596	
1339	1.348704	-1.765555	3.650758	
1340	1.358813	-1.761961	3.649109	
1341	1.371549	-1.761082	3.643527	
1342	1.382463	-1.759176	3.639840	
1343	1.394374	-1.758081	3.634945	
1344	1.404845	-1.758486	3.629263	
1345	1.422148	-1.753987	3.625397	
1346	1.424672	-1.755299	3.621241	
1347	1.441285	-1.752393	3.615909	
1348	1.445781	-1.751209	3.612920	
1349	1.452161	-1.751289	3.607472	
1350	1.462239	-1.749792	3.602785	
1351	1.471935	-1.746183	3.599603	
1352	1.478343	-1.747122	3.593807	
1353	1.487421	-1.745361	3.589156	
1354	1.496790	-1.742709	3.585663	
1355	1.505214	-1.741933	3.579962	
1356	1.515873	-1.739359	3.575155	
1357	1.525375	-1.736939	3.571014	
1358	1.537174	-1.734972	3.564976	
1359	1.548882	-1.732082	3.560262	
1360	1.558189	-1.729500	3.558002	
1361	1.570868	-1.727477	3.553546	
1362	1.584218	-1.724245	3.550244	
1363	1.594495	-1.720948	3.547970	
1364	1.606357	-1.719058	3.544818	
1365	1.620160	-1.716540	3.541259	
1366	1.632175	-1.713845	3.538296	
1367	1.642647	-1.712569	3.534334	
1368	1.655355	-1.709243	3.530818	
1369	1.664111	-1.707184	3.527709	
1370	1.675867	-1.704173	3.523699	
1371	1.686642	-1.700365	3.521053	
1372	1.696265	-1.698062	3.517657	
1373	1.706174	-1.695375	3.513950	
1374	1.714736	-1.692215	3.510370	
1375	1.723175	-1.689629	3.506705	
1376	1.731199	-1.686989	3.502657	
1377	1.739798	-1.683836	3.497780	
1378	1.748443	-1.680789	3.492591	
1379	1.755416	-1.677702	3.488112	
1380	1.763886	-1.674043	3.482162	
1381	1.773730	-1.667932	3.477248	
1382	1.778227	-1.664332	3.473899	
1383	1.785444	-1.660398	3.466847	
1384	1.795099	-1.653954	3.459758	
1385	1.799765	-1.650072	3.453645	
1386	1.807347	-1.644995	3.445458	
1387	1.815893	-1.638601	3.436720	
1388	1.821566	-1.634768	3.427244	
1389	1.828901	-1.628875	3.418615	
1390	1.834551	-1.623080	3.412263	
1391	1.842799	-1.617902	3.402869	
1392	1.852905	-1.612571	3.392182	
1393	1.858894	-1.606599	3.385605	
1394	1.864811	-1.602520	3.378510	
1395	1.878025	-1.594635	3.364671	
1396	1.890182	-1.584728	3.349316	
1397	1.896660	-1.579947	3.342089	
1398	1.903506	-1.574901	3.334442	
1399	1.909600	-1.572225	3.325369	
1400	1.915940	-1.568161	3.318071	
1401	1.922501	-1.564408	3.310364	
1402	1.928741	-1.561508	3.301700	
1403	1.934517	-1.558277	3.293196	
1404	1.940266	-1.555116	3.284001	
1405	1.945280	-1.550791	3.277634	
1406	1.951228	-1.545773	3.272191	
1407	1.957473	-1.541828	3.263881	
1408	1.964373	-1.536923	3.256114	
1409	1.971418	-1.530959	3.250278	
1410	1.978554	-1.525398	3.242312	
1411	1.986724	-1.519256	3.234076	
1412	1.993915	-1.513571	3.225863	
1413	2.002700	-1.508881	3.216393	
1414	2.012696	-1.501606	3.209005	
1415	2.020667	-1.496010	3.202522	
1416	2.030107	-1.490393	3.196077	
1417	2.040871	-1.483857	3.189476	
1418	2.050734	-1.477067	3.185005	
1419	2.059922	-1.471164	3.178768	
1420	2.070996	-1.465044	3.171263	
1421	2.080978	-1.458369	3.165031	
1422	2.091499	-1.452573	3.157769	
1423	2.099274	-1.446980	3.152853	
1424	2.115079	-1.438130	3.138741	
1425	2.120866	-1.433243	3.134748	
1426	2.127237	-1.429801	3.128809	
1427	2.133410	-1.426914	3.120977	
1428	2.140072	-1.422670	3.113858	
1429	2.144800	-1.418727	3.108918	
1430	2.149255	-1.414609	3.104935	
1431	2.153987	-1.410544	3.100279	
1432	2.158487	-1.407712	3.092291	
1433	2.164011	-1.402519	3.085671	
1434	2.167621	-1.397591	3.081789	
1435	2.171891	-1.391834	3.076220	
1436	2.176216	-1.386349	3.071063	
1437	2.178664	-1.383467	3.062723	
1438	2.182028	-1.378631	3.055243	
1439	2.184423	-1.373740	3.051189	
1440	2.187758	-1.368071	3.044237	
1441	2.191791	-1.362719	3.034954	
1442	2.194664	-1.357124	3.027448	
1443	2.196894	-1.353063	3.020166	
1444	2.200953	-1.346966	3.009373	
1445	2.204574	-1.341975	2.997785	
1446	2.206888	-1.337727	2.991107	
1447	2.208837	-1.334167	2.979815	
1448	2.212986	-1.328079	2.965811	
1449	2.214526	-1.323584	2.961957	
1450	2.215455	-1.320303	2.954272	
1451	2.219885	-1.312188	2.943346	
1452	2.221984	-1.305304	2.934947	
1453	2.220586	-1.303056	2.925828	
1454	2.222057	-1.296950	2.914828	
1455	2.224633	-1.288481	2.906172	
1456	2.224740	-1.283628	2.899313	
1457	2.226714	-1.277818	2.888688	
1458	2.228355	-1.271670	2.879660	
1459	2.229972	-1.265546	2.871008	
1460	2.232687	-1.258001	2.865373	
1461	2.234542	-1.253022	2.854311	
1462	2.236787	-1.248192	2.843930	
1463	2.240146	-1.241138	2.839682	
1464	2.241903	-1.236799	2.827770	
1465	2.245949	-1.230094	2.818846	
1466	2.249106	-1.223327	2.813417	
1467	2.250155	-1.220005	2.801725	
1468	2.255039	-1.213144	2.790087	
1469	2.257615	-1.209167	2.779400	
1470	2.260520	-1.205926	2.767859	
1471	2.269446	-1.195367	2.752165	
1472	2.273215	-1.191919	2.743022	
1473	2.278393	-1.187482	2.736882	
1474	2.283425	-1.183773	2.726120	
1475	2.288875	-1.180180	2.717268	
1476	2.294571	-1.176543	2.707746	
1477	2.299877	-1.172627	2.696960	
1478	2.306543	-1.166096	2.687538	
1479	2.312310	-1.160479	2.680398	
1480	2.316561	-1.156284	2.670896	
1481	2.322008	-1.149711	2.661979	
1482	2.325683	-1.145737	2.654421	
1483	2.329686	-1.141159	2.646869	
1484	2.333274	-1.135635	2.636695	
1485	2.337186	-1.129453	2.631510	
1486	2.340132	-1.125176	2.623064	
1487	2.342719	-1.120104	2.614128	
1488	2.345943	-1.114433	2.608399	
1489	2.347061	-1.110959	2.599408	
1490	2.349152	-1.105175	2.588842	
1491	2.350194	-1.100106	2.580533	
1492	2.350810	-1.095205	2.570229	
1493	2.352674	-1.083998	2.552073	
1494	2.352874	-1.079842	2.541731	
1495	2.353224	-1.073738	2.532410	
1496	2.353622	-1.067428	2.527637	
1497	2.353638	-1.061392	2.519585	
1498	2.350978	-1.058413	2.505483	
1499	2.350867	-1.050295	2.498558	
1500	2.350275	-1.042850	2.492323	
1501	2.349972	-1.033997	2.482626	
1502	2.349794	-1.025727	2.474629	
1503	2.348224	-1.019320	2.465191	
1504	2.347168	-1.012938	2.453244	
1505	2.345320	-1.008181	2.441502	
1506	2.343724	-1.004142	2.428379	
1507	2.342883	-0.998205	2.416504	
1508	2.342240	-0.992105	2.405176	
1509	2.342109	-0.985680	2.395129	
1510	2.340286	-0.980480	2.383045	
1511	2.339440	-0.974474	2.373456	
1512	2.338682	-0.968048	2.363710	
1513	2.336074	-0.965151	2.353841	
1514	2.335629	-0.958673	2.345218	
1515	2.334824	-0.952725	2.337328	
1516	2.332540	-0.950095	2.327621	
1517	2.330637	-0.945519	2.320338	
1518	2.328524	-0.942326	2.313200	
1519	2.326926	-0.938576	2.306423	
1520	2.326055	-0.933079	2.300353	
1521	2.324932	-0.929866	2.294606	
1522	2.324490	-0.926837	2.289248	
1523	2.324866	-0.922383	2.283870	
1524	2.325344	-0.918312	2.279226	
1525	2.325253	-0.916077	2.272416	
1526	2.324643	-0.913803	2.263554	
1527	2.325861	-0.910342	2.257348	
1528	2.326302	-0.908028	2.249208	
1529	2.327654	-0.904007	2.241421	
1530	2.330237	-0.899008	2.233621	
1531	2.333619	-0.892658	2.225626	
1532	2.337156	-0.886568	2.216393	
1533	2.341005	-0.880686	2.207801	
1534	2.343936	-0.876066	2.198771	
1535	2.346760	-0.871527	2.188121	
1536	2.351750	-0.864299	2.179905	
1537	2.355163	-0.860294	2.170200	
1538	2.358944	-0.855176	2.160833	
1539	2.362598	-0.850372	2.151498	
1540	2.366161	-0.845604	2.142356	
1541	2.369915	-0.841035	2.132775	
1542	2.374731	-0.835529	2.125778	
1543	2.377795	-0.831990	2.117948	
1544	2.380914	-0.829529	2.109073	
1545	2.385677	-0.823293	2.102704	
1546	2.388857	-0.818567	2.095396	
1547	2.391659	-0.815043	2.086543	
1548	2.394893	-0.809577	2.078917	
1549	2.397934	-0.804358	2.071478	
1550	2.400501	-0.799816	2.062436	
1551	2.403561	-0.793308	2.053901	
1552	2.404505	-0.789875	2.044572	
1553	2.406536	-0.785475	2.036404	
1554	2.408490	-0.780278	2.028678	
1555	2.409510	-0.776026	2.019800	
1556	2.411100	-0.770225	2.011630	
1557	2.411048	-0.766657	2.002593	
1558	2.411835	-0.762643	1.994642	
1559	2.412051	-0.757722	1.985793	
1560	2.413978	-0.750348	1.977834	
1561	2.414587	-0.745198	1.969331	
1562	2.414249	-0.740445	1.958118	
1563	2.413988	-0.735376	1.948696	
1564	2.414628	-0.722800	1.928196	
1565	2.415004	-0.717363	1.918938	
1566	2.416013	-0.711249	1.909092	
1567	2.417687	-0.704075	1.898418	
1568	2.420160	-0.698501	1.888892	
1569	2.423120	-0.690083	1.878860	
1570	2.425320	-0.685116	1.870447	
1571	2.427099	-0.682276	1.860842	
1572	2.429920	-0.676729	1.851536	
1573	2.430624	-0.673357	1.842180	
1574	2.432663	-0.670213	1.834755	
1575	2.435431	-0.665139	1.827084	
1576	2.436146	-0.663444	1.817002	
1577	2.438390	-0.660044	1.808295	
1578	2.441515	-0.657801	1.802564	
1579	2.445905	-0.652406	1.784333	
1580	2.448472	-0.649273	1.775873	
1581	2.450302	-0.647329	1.766811	
1582	2.454215	-0.643761	1.759317	
1583	2.457607	-0.639830	1.748863	
1584	2.461323	-0.635954	1.739474	
1585	2.464874	-0.632945	1.729754	
1586	2.467771	-0.628463	1.718220	
1587	2.471655	-0.624258	1.707755	
1588	2.476220	-0.619232	1.698343	
1589	2.480599	-0.613718	1.687548	
1590	2.485167	-0.609320	1.677208	
1591	2.488007	-0.607398	1.665545	
1592	2.492627	-0.602274	1.654809	
1593	2.497184	-0.599044	1.645609	
1594	2.501173	-0.594687	1.635715	
1595	2.506162	-0.589274	1.625295	
1596	2.511255	-0.581472	1.616687	
1597	2.514923	-0.577768	1.606420	
1598	2.520139	-0.570827	1.598601	
1599	2.523874	-0.564017	1.589277	
1600	2.528343	-0.557163	1.581535	
1601	2.531554	-0.551435	1.573244	
1602	2.533970	-0.545257	1.565508	
1603	2.537483	-0.538998	1.558579	
1604	2.538943	-0.533426	1.551485	
1605	2.541435	-0.527746	1.546477	
1606	2.543034	-0.519733	1.539563	
1607	2.543369	-0.515070	1.533692	
1608	2.544273	-0.510348	1.527509	
1609	2.544784	-0.504275	1.521176	
1610	2.544118	-0.500338	1.514711	
1611	2.544434	-0.494423	1.508444	
1612	2.543132	-0.491031	1.502318	
1613	2.541190	-0.484894	1.494840	
1614	2.538038	-0.473495	1.480579	
1615	2.534672	-0.467779	1.470244	
1616	2.531754	-0.462377	1.462682	
1617	2.528353	-0.456134	1.453561	
1618	2.525776	-0.449719	1.445486	
1619	2.521321	-0.443810	1.436168	
1620	2.517897	-0.436779	1.427893	
1621	2.513866	-0.431071	1.419031	
1622	2.509648	-0.426739	1.411557	
1623	2.504410	-0.422715	1.402533	
1624	2.500466	-0.417614	1.394490	
1625	2.496143	-0.411541	1.386190	
1626	2.491750	-0.408138	1.379171	
1627	2.484467	-0.406424	1.369622	
1628	2.479362	-0.403630	1.362716	
1629	2.474072	-0.400715	1.355319	
1630	2.469653	-0.398120	1.349190	
1631	2.464447	-0.396675	1.341491	
1632	2.459363	-0.394768	1.332424	
1633	2.456207	-0.391926	1.324580	
1634	2.452562	-0.389071	1.316567	
1635	2.449378	-0.387105	1.309347	
1636	2.445215	-0.385782	1.302138	
1637	2.441478	-0.383052	1.296261	
1638	2.437617	-0.381412	1.290032	
1639	2.433792	-0.378353	1.284969	
1640	2.429974	-0.376339	1.279993	
1641	2.424193	-0.375036	1.274103	
1642	2.420104	-0.372563	1.269380	
1643	2.417327	-0.369967	1.266475	
1644	2.411988	-0.369219	1.262377	
1645	2.408464	-0.367714	1.259477	
1646	2.404622	-0.367103	1.257531	
1647	2.399593	-0.364786	1.254193	
1648	2.397239	-0.361375	1.254361	
1649	2.393972	-0.357143	1.253843	
1650	2.389743	-0.355783	1.252780	
1651	2.385358	-0.353772	1.250812	
1652	2.378411	-0.351613	1.246552	
1653	2.373996	-0.349191	1.244763	
1654	2.369738	-0.346929	1.243613	
1655	2.363613	-0.345401	1.241244	
1656	2.357705	-0.343506	1.238683	
1657	2.351615	-0.339944	1.237361	
1658	2.345203	-0.338756	1.235989	
1659	2.337860	-0.337034	1.233772	
1660	2.330852	-0.335635	1.232117	
1661	2.321765	-0.334203	1.229225	
1662	2.312920	-0.333243	1.226789	
1663	2.304947	-0.331275	1.225204	
1664	2.294167	-0.330831	1.221950	
1665	2.285156	-0.329710	1.219637	
1666	2.277520	-0.328372	1.218249	
1667	2.267875	-0.329096	1.216059	
1668	2.256061	-0.329401	1.211063	
1669	2.247857	-0.328887	1.208767	
1670	2.238414	-0.328520	1.206853	
1671	2.225787	-0.327464	1.202841	
1672	2.215559	-0.327113	1.201068	
1673	2.205158	-0.327674	1.200451	
1674	2.192149	-0.327397	1.198419	
1675	2.180510	-0.326530	1.196582	
1676	2.170040	-0.325578	1.195642	
1677	2.157802	-0.325228	1.194181	
1678	2.146549	-0.323521	1.192806	
1679	2.137094	-0.322380	1.193239	
1680	2.127274	-0.321794	1.193449	
1681	2.117410	-0.320553	1.192839	
1682	2.108483	-0.320014	1.192914	
1683	2.100001	-0.318434	1.192595	
1684	2.092136	-0.316475	1.192352	
1685	2.084220	-0.315681	1.191950	
1686	2.076616	-0.314424	1.190376	
1687	2.070124	-0.312522	1.189708	
1688	2.055645	-0.310259	1.187527	
1689	2.049327	-0.308563	1.187083	
1690	2.042754	-0.306891	1.185700	
1691	2.036038	-0.304756	1.183997	
1692	2.029003	-0.301790	1.181933	
1693	2.023175	-0.297515	1.180316	
1694	2.016391	-0.293431	1.178052	
1695	2.008953	-0.289744	1.175164	
1696	2.002328	-0.286052	1.172139	
1697	1.996430	-0.281304	1.169343	
1698	1.990196	-0.276829	1.165393	
1699	1.983928	-0.272948	1.161580	
1700	1.978544	-0.268545	1.158204	
1701	1.973711	-0.264307	1.154987	
1702	1.967587	-0.260385	1.150662	
1703	1.963008	-0.255455	1.147432	
1704	1.957018	-0.251788	1.141883	
1705	1.951295	-0.248033	1.136711	
1706	1.947047	-0.244160	1.132723	
1707	1.941323	-0.240712	1.127298	
1708	1.935792	-0.236930	1.122468	
1709	1.931138	-0.233676	1.118437	
1710	1.924236	-0.230662	1.113522	
1711	1.917861	-0.226653	1.108879	
1712	1.913007	-0.223075	1.105700	
1713	1.906474	-0.220985	1.101534	
1714	1.899108	-0.216956	1.096773	
1715	1.892026	-0.214310	1.092786	
1716	1.884154	-0.211962	1.088074	
1717	1.876947	-0.208534	1.084178	
1718	1.868212	-0.205845	1.078907	
1719	1.859705	-0.203181	1.074477	
1720	1.851013	-0.199770	1.070241	
1721	1.841886	-0.197515	1.065507	
1722	1.832941	-0.194884	1.061982	
1723	1.822609	-0.192277	1.057622	
1724	1.812218	-0.190175	1.053112	
1725	1.800773	-0.188638	1.049284	
1726	1.789581	-0.185841	1.045097	
1727	1.780715	-0.184618	1.041908	
1728	1.771544	-0.182580	1.039303	
1729	1.753139	-0.178473	1.033538	
1730	1.744939	-0.176975	1.032102	
1731	1.735768	-0.174976	1.029686	
1732	1.728015	-0.173450	1.027983	
1733	1.720404	-0.172566	1.026944	
1734	1.713216	-0.171349	1.025954	
1735	1.706580	-0.168854	1.024623	
1736	1.700013	-0.167565	1.023505	
1737	1.693176	-0.167254	1.021658	
1738	1.686659	-0.165913	1.019495	
1739	1.680016	-0.165080	1.017555	
1740	1.675564	-0.164709	1.017263	
1741	1.668882	-0.163305	1.015843	
1742	1.664679	-0.162172	1.015235	
1743	1.658485	-0.160151	1.013354	
1744	1.653750	-0.158608	1.012184	
1745	1.647998	-0.157568	1.009786	
1746	1.643104	-0.156903	1.007812	
1747	1.637300	-0.155292	1.005499	
1748	1.632163	-0.155132	1.002681	
1749	1.626256	-0.154177	0.999467	
1750	1.620585	-0.151457	0.996151	
1751	1.615934	-0.149590	0.993404	
1752	1.609488	-0.148035	0.989295	
1753	1.603316	-0.144704	0.985397	
1754	1.597090	-0.140818	0.981180	
1755	1.590599	-0.138899	0.976126	
1756	1.584564	-0.134102	0.971305	
1757	1.578931	-0.130486	0.966434	
1758	1.565444	-0.123456	0.954424	
1759	1.559318	-0.119970	0.948438	
1760	1.553680	-0.116677	0.942940	
1761	1.546687	-0.113168	0.936249	
1762	1.541502	-0.109941	0.930295	
1763	1.534593	-0.106880	0.923749	
1764	1.529756	-0.102361	0.918458	
1765	1.525090	-0.098971	0.913023	
1766	1.510690	-0.091841	0.900654	
1767	1.505218	-0.088957	0.894763	
1768	1.498898	-0.083724	0.889572	
1769	1.493220	-0.079756	0.884176	
1770	1.487854	-0.078050	0.878561	
1771	1.483202	-0.074813	0.873413	
1772	1.478636	-0.069922	0.869484	
1773	1.473991	-0.069189	0.864581	
1774	1.469300	-0.066245	0.860699	
1775	1.464702	-0.066285	0.856966	
1776	1.453716	-0.069570	0.847218	
1777	1.448487	-0.070314	0.842810	
1778	1.442441	-0.072567	0.838454	
1779	1.436006	-0.076118	0.833222	
1780	1.429783	-0.079400	0.828274	
1781	1.415730	-0.087043	0.817713	
1782	1.408622	-0.088361	0.813274	
1783	1.400492	-0.089918	0.808748	
1784	1.393756	-0.090655	0.805171	
1785	1.386325	-0.090829	0.801519	
1786	1.379217	-0.091850	0.797785	
1787	1.371875	-0.092879	0.793951	
1788	1.365386	-0.092453	0.790704	
1789	1.351604	-0.092150	0.785285	
1790	1.345465	-0.092628	0.782514	
1791	1.339139	-0.092967	0.779947	
1792	1.333019	-0.092345	0.777764	
1793	1.327208	-0.093417	0.774586	
1794	1.320888	-0.092371	0.771876	
1795	1.316397	-0.092541	0.769321	
1796	1.309772	-0.092649	0.766395	
1797	1.303977	-0.091975	0.764034	
1798	1.298005	-0.091199	0.761274	
1799	1.292627	-0.090899	0.758708	
1800	1.287374	-0.088712	0.756427	
1801	1.282405	-0.087472	0.753062	
1802	1.277532	-0.086201	0.749752	
1803	1.271455	-0.085319	0.746392	
1804	1.268158	-0.084837	0.743399	
1805	1.264052	-0.082097	0.741499	
1806	1.260226	-0.079977	0.739934	
1807	1.255513	-0.079483	0.737250	
1808	1.251707	-0.077679	0.734802	
1809	1.248533	-0.074541	0.732798	
1810	1.244988	-0.073241	0.729280	
1811	1.240610	-0.069723	0.725934	
1812	1.237905	-0.066190	0.722782	
1813	1.233481	-0.063212	0.717785	
1814	1.228284	-0.060952	0.712083	
1815	1.224607	-0.055233	0.707811	
1816	1.222239	-0.052716	0.701642	
1817	1.218326	-0.050396	0.694967	
1818	1.215325	-0.044477	0.690350	
1819	1.213621	-0.042631	0.684179	
1820	1.210496	-0.040157	0.677845	
1821	1.206173	-0.035533	0.673316	
1822	1.203245	-0.031786	0.668399	
1823	1.199270	-0.026917	0.664121	
1824	1.195981	-0.024820	0.658999	
1825	1.192790	-0.025124	0.652930	
1826	1.187650	-0.021518	0.648855	
1827	1.185476	-0.021175	0.643563	
1828	1.180213	-0.019547	0.638681	
1829	1.174942	-0.016255	0.635517	
1830	1.170372	-0.016003	0.631060	
1831	1.165371	-0.016688	0.626082	
1832	1.157738	-0.015532	0.622283	
1833	1.151425	-0.014885	0.618249	
1834	1.144087	-0.015527	0.613395	
1835	1.135533	-0.016028	0.608751	
1836	1.126860	-0.015121	0.605324	
1837	1.121072	-0.015856	0.601315	
1838	1.111309	-0.017724	0.596952	
1839	1.101649	-0.020853	0.593045	
1840	1.094100	-0.024168	0.590025	
1841	1.084483	-0.028851	0.586724	
1842	1.073020	-0.034775	0.583939	
1843	1.064529	-0.037855	0.582867	
1844	1.053701	-0.041781	0.582444	
1845	1.042279	-0.044116	0.582788	
1846	1.031644	-0.048655	0.582564	
1847	1.021669	-0.051286	0.583106	
1848	1.010486	-0.054049	0.584213	
1849	1.000997	-0.057192	0.585169	
1850	0.991056	-0.060715	0.586667	
1851	0.979184	-0.063230	0.588655	
1852	0.969438	-0.066549	0.589982	
1853	0.957813	-0.070619	0.591606	
1854	0.946838	-0.074523	0.592529	
1855	0.937121	-0.079050	0.593240	
1856	0.926386	-0.081211	0.595577	
1857	0.917029	-0.082536	0.597719	
1858	0.908121	-0.086163	0.599693	
1859	0.898984	-0.088368	0.601605	
1860	0.889865	-0.091675	0.603707	
1861	0.882980	-0.092131	0.605939	
1862	0.874745	-0.093251	0.609551	
1863	0.868086	-0.095511	0.611728	
1864	0.860575	-0.098288	0.614310	
1865	0.853315	-0.099040	0.617619	
1866	0.845997	-0.101239	0.620843	
1867	0.839264	-0.102661	0.623625	
1868	0.830696	-0.100822	0.627726	
1869	0.825628	-0.103001	0.631474	
1870	0.820919	-0.107400	0.633231	
1871	0.813788	-0.108648	0.636096	
1872	0.805110	-0.108608	0.640222	
1873	0.801111	-0.114049	0.641702	
1874	0.796294	-0.115125	0.643437	
1875	0.788121	-0.115623	0.646883	
1876	0.784066	-0.119545	0.648772	
1877	0.779112	-0.120165	0.651194	
1878	0.772394	-0.121128	0.654592	
1879	0.767616	-0.121777	0.656985	
1880	0.763155	-0.124697	0.659525	
1881	0.757009	-0.122358	0.662956	
1882	0.752925	-0.124860	0.666552	
1883	0.749173	-0.125401	0.669896	
1884	0.741499	-0.127265	0.677259	
1885	0.736393	-0.127134	0.680845	
1886	0.731057	-0.124696	0.685448	
1887	0.727576	-0.128764	0.689345	
1888	0.723558	-0.127556	0.692983	
1889	0.718988	-0.124895	0.697714	
1890	0.717150	-0.124898	0.702693	
1891	0.714270	-0.125152	0.707525	
1892	0.710685	-0.124435	0.713431	
1893	0.708260	-0.123883	0.720056	
1894	0.704891	-0.124772	0.727261	
1895	0.701973	-0.122849	0.735639	
1896	0.700081	-0.122930	0.743976	
1897	0.696974	-0.122938	0.752384	
1898	0.694914	-0.122973	0.761258	
1899	0.692832	-0.121712	0.769794	
1900	0.690519	-0.124032	0.777548	
1901	0.688120	-0.124960	0.785123	
1902	0.685554	-0.126064	0.792786	
1903	0.681986	-0.126413	0.800200	
1904	0.678879	-0.128084	0.807766	
1905	0.676025	-0.129461	0.816200	
1906	0.672238	-0.131520	0.823996	
1907	0.668913	-0.135443	0.831352	
1908	0.665457	-0.137324	0.839762	
1909	0.662912	-0.141616	0.847536	
1910	0.660028	-0.146131	0.854556	
1911	0.657456	-0.147391	0.863422	
1912	0.654687	-0.151965	0.871201	
1913	0.651277	-0.155447	0.877503	
1914	0.649545	-0.157105	0.886253	
1915	0.648809	-0.160155	0.893763	
1916	0.647567	-0.163535	0.900371	
1917	0.646400	-0.165245	0.907805	
1918	0.646167	-0.167943	0.914846	
1919	0.646024	-0.171017	0.920572	
1920	0.645472	-0.171943	0.927099	
1921	0.645789	-0.174988	0.933156	
1922	0.646769	-0.177460	0.938721	
1923	0.648590	-0.178984	0.944876	
1924	0.650033	-0.182178	0.950503	
1925	0.651535	-0.185403	0.955417	
1926	0.652367	-0.187783	0.960294	
1927	0.653278	-0.189179	0.965686	
1928	0.655474	-0.191846	0.971165	
1929	0.656045	-0.194086	0.976093	
1930	0.657319	-0.195275	0.982470	
1931	0.657547	-0.198209	0.987872	
1932	0.658506	-0.199034	0.993331	
1933	0.660918	-0.200371	0.999630	
1934	0.662148	-0.202786	1.004335	
1935	0.662893	-0.204159	1.008855	
1936	0.664299	-0.203989	1.014539	
1937	0.665164	-0.205243	1.018984	
1938	0.666905	-0.203505	1.029705	
1939	0.667442	-0.203804	1.033906	
1940	0.668139	-0.203417	1.038183	
1941	0.669369	-0.200425	1.048852	
1942	0.669457	-0.198624	1.053506	
1943	0.670163	-0.196125	1.059439	
1944	0.671708	-0.194268	1.064819	
1945	0.671906	-0.191532	1.070663	
1946	0.671936	-0.188779	1.076611	
1947	0.672280	-0.186626	1.082275	
1948	0.670240	-0.179212	1.100338	
1949	0.670081	-0.176537	1.107095	
1950	0.670290	-0.175500	1.113958	
1951	0.670495	-0.173815	1.128190	
1952	0.670598	-0.173482	1.135434	
1953	0.669107	-0.172585	1.142540	
1954	0.668844	-0.172765	1.149100	
1955	0.668816	-0.172932	1.155483	
1956	0.669154	-0.172414	1.162117	
1957	0.668629	-0.173847	1.173113	
1958	0.668552	-0.174562	1.178691	
1959	0.668297	-0.175295	1.183780	
1960	0.669196	-0.175324	1.189450	
1961	0.669870	-0.175787	1.195100	
1962	0.670133	-0.176299	1.200205	
1963	0.670068	-0.176694	1.205055	
1964	0.671291	-0.176440	1.210222	
1965	0.672242	-0.176556	1.215124	
1966	0.672874	-0.177272	1.219455	
1967	0.673178	-0.176833	1.224104	
1968	0.672767	-0.176733	1.228077	
1969	0.673274	-0.176392	1.231762	
1970	0.672883	-0.175132	1.236088	
1971	0.673738	-0.173668	1.239812	
1972	0.674110	-0.172403	1.243000	
1973	0.673704	-0.170768	1.246203	
1974	0.675280	-0.169977	1.249264	
1975	0.675352	-0.168580	1.251606	
1976	0.673893	-0.167684	1.253757	
1977	0.673240	-0.166963	1.255454	
1978	0.672991	-0.166071	1.257627	
1979	0.672460	-0.165910	1.259191	
1980	0.671002	-0.164444	1.260670	
1981	0.669597	-0.163219	1.262473	
1982	0.668350	-0.162507	1.264215	
1983	0.664515	-0.161249	1.266969	
1984	0.662344	-0.159156	1.269041	
1985	0.660297	-0.156448	1.270926	
1986	0.657316	-0.153535	1.272896	
1987	0.654026	-0.151511	1.273976	
1988	0.650146	-0.148328	1.275236	
1989	0.646700	-0.146343	1.276366	
1990	0.643306	-0.145321	1.277106	
1991	0.639861	-0.144366	1.277796	
1992	0.637486	-0.143462	1.278790	
1993	0.634769	-0.143827	1.279582	
1994	0.631908	-0.143312	1.280612	
1995	0.630069	-0.142800	1.282011	
1996	0.627744	-0.142240	1.283498	
1997	0.624603	-0.141323	1.284997	
1998	0.621459	-0.140615	1.286527	
1999	0.617453	-0.140145	1.287364	
2000	0.613087	-0.139544	1.288288	
2001	0.608745	-0.140238	1.288445	
2002	0.604052	-0.139589	1.288802	
2003	0.599655	-0.139070	1.289445	
2004	0.595979	-0.139081	1.289940	
2005	0.591617	-0.138675	1.290439	
2006	0.587836	-0.138078	1.291274	
2007	0.583738	-0.139040	1.291220	
2008	0.578983	-0.139215	1.291061	
2009	0.573666	-0.139234	1.290408	
2010	0.568849	-0.138606	1.289926	
2011	0.563439	-0.137877	1.289486	
2012	0.557877	-0.137320	1.288760	
2013	0.552420	-0.138443	1.287132	
2014	0.547212	-0.137100	1.286127	
2015	0.542222	-0.136145	1.285231	
2016	0.538269	-0.135127	1.284502	
2017	0.534565	-0.132789	1.284433	
2018	0.530273	-0.133433	1.283032	
2019	0.527457	-0.132064	1.282756	
2020	0.524044	-0.131817	1.282400	
2021	0.521186	-0.131458	1.281717	
2022	0.518259	-0.130450	1.281148	
2023	0.512984	-0.130484	1.279908	
2024	0.510786	-0.129827	1.279426	
2025	0.508279	-0.129939	1.278941	
2026	0.505251	-0.130292	1.277645	
2027	0.502878	-0.128331	1.277637	
2028	0.500390	-0.128886	1.277011	
2029	0.498002	-0.127580	1.276142	
2030	0.495746	-0.127334	1.275786	
2031	0.492932	-0.126640	1.274822	
2032	0.490158	-0.125844	1.274021	
2033	0.487046	-0.125775	1.272929	
2034	0.483295	-0.125009	1.271292	
2035	0.480340	-0.124373	1.270391	
2036	0.476410	-0.123670	1.268523	
2037	0.472879	-0.123096	1.267051	
2038	0.468904	-0.122653	1.264741	
2039	0.465466	-0.122670	1.263309	
2040	0.461836	-0.121587	1.261147	
2041	0.458600	-0.121282	1.259233	
2042	0.455644	-0.121109	1.257454	
2043	0.452789	-0.120171	1.255819	
2044	0.445747	-0.118426	1.249749	
2045	0.438962	-0.115165	1.243957	
2046	0.434678	-0.113953	1.240035	
2047	0.432219	-0.112523	1.237490	
2048	0.428531	-0.111443	1.233624	
2049	0.425408	-0.108895	1.230612	
2050	0.421896	-0.108434	1.227125	
2051	0.418655	-0.106964	1.224102	
2052	0.416114	-0.105369	1.221941	
2053	0.412817	-0.104795	1.218585	
2054	0.410462	-0.103027	1.216479	
2055	0.406954	-0.102121	1.213244	
2056	0.403515	-0.101194	1.210083	
2057	0.397870	-0.097911	1.204793	
2058	0.394458	-0.097369	1.201469	
2059	0.392203	-0.095809	1.199476	
2060	0.388827	-0.094099	1.196289	
2061	0.385985	-0.091774	1.193627	
2062	0.380628	-0.087668	1.188789	
2063	0.377859	-0.085295	1.186187	
2064	0.373606	-0.079815	1.181813	
2065	0.371669	-0.077969	1.180024	
2066	0.370125	-0.076129	1.177943	
2067	0.368269	-0.073840	1.176163	
2068	0.366543	-0.072998	1.173786	
2069	0.364669	-0.071939	1.171327	
2070	0.361107	-0.070795	1.166954	
2071	0.359778	-0.070611	1.164882	
2072	0.357738	-0.069664	1.162154	
2073	0.355905	-0.070468	1.159091	
2074	0.354129	-0.070747	1.155763	
2075	0.353168	-0.069699	1.153183	
2076	0.351357	-0.069921	1.149350	
2077	0.350448	-0.068681	1.145959	
2078	0.349521	-0.068099	1.142510	
2079	0.348558	-0.068601	1.138597	
2080	0.347900	-0.067642	1.134797	
2081	0.347039	-0.066127	1.130849	
2082	0.346014	-0.065701	1.126294	
2083	0.345667	-0.064485	1.121890	
2084	0.345231	-0.063079	1.116890	
2085	0.344385	-0.061577	1.111367	
2086	0.344293	-0.059802	1.106216	
2087	0.344554	-0.059590	1.100979	
2088	0.344511	-0.058077	1.094756	
2089	0.345804	-0.056259	1.089193	
2090	0.346609	-0.055234	1.083352	
2091	0.347986	-0.052618	1.077769	
2092	0.351452	-0.048537	1.072602	
2093	0.350851	-0.047962	1.066364	
2094	0.351605	-0.044216	1.060970	
2095	0.355722	-0.042868	1.054834	
2096	0.353522	-0.042101	1.048400	
2097	0.354736	-0.038765	1.042707	
2098	0.354963	-0.038164	1.034752	
2099	0.354552	-0.035377	1.027135	
2100	0.355039	-0.033014	1.019645	
2101	0.354887	-0.032217	1.011386	
2102	0.354241	-0.029850	1.003610	
2103	0.354242	-0.027455	0.997038	
2104	0.353691	-0.026512	0.990235	
2105	0.351987	-0.026665	0.983088	
2106	0.350998	-0.026481	0.976843	
2107	0.349518	-0.027322	0.970611	
2108	0.347545	-0.028408	0.964722	
2109	0.345020	-0.028505	0.959905	
2110	0.341687	-0.029603	0.954040	
2111	0.339018	-0.029302	0.948989	
2112	0.336215	-0.029122	0.944092	
2113	0.332091	-0.030023	0.938435	
2114	0.328494	-0.028724	0.933720	
2115	0.325532	-0.027562	0.929617	
2116	0.323446	-0.027897	0.925879	
2117	0.319252	-0.026360	0.921338	
2118	0.316500	-0.024662	0.917327	
2119	0.312313	-0.024487	0.911904	
2120	0.309913	-0.023544	0.907419	
2121	0.308651	-0.021925	0.903093	
2122	0.304173	-0.024253	0.891005	
2123	0.304723	-0.022480	0.886220	
2124	0.300348	-0.025229	0.871626	
2125	0.301043	-0.021992	0.865581	
2126	0.299573	-0.024848	0.858102	
2127	0.299615	-0.024071	0.851549	
2128	0.300440	-0.021399	0.845205	
2129	0.299525	-0.022451	0.836809	
2130	0.298425	-0.024289	0.827830	
2131	0.298019	-0.021536	0.820566	
2132	0.298593	-0.021672	0.812578	
2133	0.298674	-0.021754	0.798244	
2134	0.298059	-0.021349	0.782290	
2135	0.298555	-0.020327	0.776548	
2136	0.299057	-0.019482	0.770343	
2137	0.298376	-0.020383	0.763430	
2138	0.299293	-0.018978	0.758125	
2139	0.300531	-0.018072	0.752505	
2140	0.300598	-0.017113	0.746302	
2141	0.300850	-0.017514	0.740067	
2142	0.302621	-0.016264	0.734173	
2143	0.303289	-0.013191	0.728380	
2144	0.304734	-0.013072	0.721942	
2145	0.305605	-0.011888	0.715840	
2146	0.306449	-0.009384	0.709597	
2147	0.308042	-0.009699	0.703300	
2148	0.311197	-0.008239	0.697244	
2149	0.315925	-0.003088	0.685891	
2150	0.317688	-0.004158	0.678349	
2151	0.320072	-0.000622	0.672403	
2152	0.324352	0.001206	0.656303	
2153	0.326277	0.003539	0.648210	
2154	0.326921	0.006930	0.640832	
2155	0.328386	0.009059	0.631951	
2156	0.329385	0.010701	0.622889	
2157	0.330749	0.012593	0.613980	
2158	0.332347	0.015821	0.604921	
2159	0.332900	0.017139	0.593325	
2160	0.334152	0.018199	0.582770	
2161	0.339354	0.024222	0.561581	
2162	0.339097	0.026242	0.551125	
2163	0.340048	0.028807	0.540855	
2164	0.340183	0.031902	0.529287	
2165	0.339384	0.030986	0.515698	
2166	0.339601	0.034264	0.505475	
2167	0.340137	0.038241	0.495205	
2168	0.340714	0.038486	0.482500	
2169	0.338461	0.040627	0.470272	
2170	0.338118	0.041221	0.460032	
2171	0.336854	0.043321	0.449399	
2172	0.335514	0.044359	0.438754	
2173	0.335617	0.047583	0.430231	
2174	0.334462	0.050696	0.421905	
2175	0.333598	0.051637	0.412678	
2176	0.331560	0.052230	0.404013	
2177	0.330873	0.055112	0.397420	
2178	0.331003	0.057492	0.390455	
2179	0.330986	0.057265	0.382468	
2180	0.326200	0.060675	0.370365	
2181	0.323814	0.061475	0.364221	
2182	0.319848	0.062302	0.358628	
2183	0.311291	0.063858	0.352965	
2184	0.309223	0.065324	0.347059	
2185	0.304290	0.065315	0.340753	
2186	0.298042	0.065991	0.336026	
2187	0.291619	0.067466	0.330663	
2188	0.284584	0.067951	0.324556	
2189	0.277260	0.069643	0.319545	
2190	0.268661	0.071739	0.314425	
2191	0.260654	0.072826	0.307751	
2192	0.253641	0.072647	0.300637	
2193	0.243905	0.074316	0.295051	
2194	0.234742	0.076253	0.289359	
2195	0.225792	0.077232	0.282638	
2196	0.215057	0.077524	0.275640	
2197	0.206540	0.078989	0.269936	
2198	0.198720	0.080104	0.263587	
2199	0.189559	0.080044	0.256787	
2200	0.180901	0.081040	0.251068	
2201	0.174335	0.082078	0.245269	
2202	0.167039	0.083280	0.239112	
2203	0.157882	0.083190	0.233162	
2204	0.150659	0.083700	0.228194	
2205	0.142233	0.085173	0.223130	
2206	0.134482	0.085222	0.217823	
2207	0.126591	0.085579	0.212234	
2208	0.119284	0.085694	0.206627	
2209	0.112627	0.086408	0.200859	
2210	0.105650	0.086401	0.194835	
2211	0.098320	0.086160	0.189339	
2212	0.091083	0.086753	0.184264	
2213	0.084292	0.087378	0.178977	
2214	0.067684	0.089838	0.169632	
2215	0.059445	0.090412	0.163853	
2216	0.051292	0.091172	0.158173	
2217	0.043463	0.091868	0.152321	
2218	0.035023	0.092593	0.145493	
2219	0.025991	0.092654	0.138978	
2220	0.018636	0.093948	0.132688	
2221	0.011028	0.094487	0.125129	
2222	0.000688	0.095608	0.117735	
2223	-0.007755	0.098434	0.111641	
2224	-0.015944	0.101054	0.104147	
2225	-0.026382	0.102568	0.096361	
2226	-0.034584	0.104367	0.090029	
2227	-0.043134	0.108859	0.083907	
2228	-0.052476	0.111320	0.077142	
2229	-0.061751	0.114342	0.071398	
2230	-0.068409	0.118907	0.065871	
2231	-0.077229	0.122019	0.059704	
2232	-0.087053	0.125619	0.054277	
2233	-0.094186	0.129682	0.048964	
2234	-0.101779	0.134782	0.043558	
2235	-0.119931	0.144186	0.033852	
2236	-0.124326	0.149632	0.029752	
2237	-0.133816	0.153097	0.023896	
2238	-0.141680	0.157091	0.020092	
2239	-0.147549	0.159799	0.016706	
2240	-0.153318	0.161669	0.013327	
2241	-0.159960	0.162863	0.009787	
2242	-0.165339	0.163872	0.006612	
2243	-0.171983	0.164355	0.003175	
2244	-0.179101	0.165754	0.000580	
2245	-0.184439	0.166041	-0.002247	
2246	-0.193360	0.166510	-0.005292	
2247	-0.201868	0.166574	-0.008007	
2248	-0.207723	0.167628	-0.009687	
2249	-0.212732	0.168422	-0.012435	
2250	-0.220901	0.169270	-0.015064	
2251	-0.229428	0.170763	-0.016560	
2252	-0.236304	0.171996	-0.018458	
2253	-0.243391	0.172281	-0.020096	
2254	-0.251657	0.171780	-0.021467	
2255	-0.259030	0.171793	-0.022610	
2256	-0.279450	0.169743	-0.024372	
2257	-0.294180	0.168203	-0.026957	
2258	-0.301340	0.168523	-0.027937	
2259	-0.308356	0.169072	-0.028692	
2260	-0.315570	0.169040	-0.029483	
2261	-0.322326	0.170178	-0.029631	
2262	-0.328252	0.172236	-0.029514	
2263	-0.335661	0.173051	-0.029572	
2264	-0.344535	0.173601	-0.030085	
2265	-0.352325	0.175632	-0.029804	
2266	-0.358517	0.177197	-0.030519	
2267	-0.365499	0.177289	-0.032098	
2268	-0.372461	0.176588	-0.034162	
2269	-0.380905	0.177401	-0.035596	
2270	-0.388340	0.176151	-0.038020	
2271	-0.396615	0.174379	-0.040526	
2272	-0.403079	0.173440	-0.042771	
2273	-0.410025	0.172327	-0.045394	
2274	-0.416998	0.169337	-0.048566	
2275	-0.426378	0.167947	-0.051098	
2276	-0.433236	0.166949	-0.053457	
2277	-0.439169	0.166018	-0.055953	
2278	-0.447329	0.165212	-0.057905	
2279	-0.454507	0.164550	-0.059638	
2280	-0.459125	0.164907	-0.061104	
2281	-0.467842	0.163796	-0.062848	
2282	-0.475998	0.165529	-0.063738	
2283	-0.481937	0.165370	-0.065431	
2284	-0.490119	0.163009	-0.067139	
2285	-0.495192	0.161806	-0.068452	
2286	-0.499206	0.161415	-0.070371	
2287	-0.505294	0.161461	-0.072983	
2288	-0.511842	0.160139	-0.075852	
2289	-0.517517	0.158654	-0.079637	
2290	-0.524253	0.158301	-0.083411	
2291	-0.530733	0.158277	-0.087860	
2292	-0.537362	0.158876	-0.092108	
2293	-0.543396	0.160012	-0.096882	
2294	-0.548870	0.160922	-0.102006	
2295	-0.557373	0.164579	-0.107003	
2296	-0.564096	0.168485	-0.112085	
2297	-0.569874	0.171568	-0.117495	
2298	-0.578358	0.173846	-0.123056	
2299	-0.585675	0.178025	-0.128019	
2300	-0.592367	0.183208	-0.132362	
2301	-0.597671	0.188210	-0.137087	
2302	-0.605245	0.191412	-0.141495	
2303	-0.612095	0.194517	-0.145953	
2304	-0.618748	0.200572	-0.149627	
2305	-0.624078	0.205137	-0.153794	
2306	-0.632034	0.209810	-0.156774	
2307	-0.637677	0.213032	-0.160596	
2308	-0.643484	0.217516	-0.164199	
2309	-0.650015	0.220823	-0.167645	
2310	-0.654440	0.225392	-0.170769	
2311	-0.660913	0.228298	-0.173790	
2312	-0.665695	0.231164	-0.176627	
2313	-0.671877	0.233151	-0.178975	
2314	-0.677277	0.233620	-0.181661	
2315	-0.681973	0.235337	-0.183974	
2316	-0.686844	0.236239	-0.185986	
2317	-0.691855	0.237741	-0.187931	
2318	-0.700035	0.238688	-0.189887	
2319	-0.705515	0.239479	-0.191690	
2320	-0.709913	0.239996	-0.194075	
2321	-0.715524	0.240191	-0.196951	
2322	-0.721797	0.241078	-0.199168	
2323	-0.727717	0.241066	-0.201819	
2324	-0.733388	0.240278	-0.205028	
2325	-0.739300	0.239287	-0.207975	
2326	-0.746177	0.239460	-0.210675	
2327	-0.751750	0.238868	-0.214254	
2328	-0.757575	0.236487	-0.217242	
2329	-0.764706	0.233127	-0.220518	
2330	-0.786276	0.231398	-0.220407	
2331	-0.793687	0.230731	-0.223007	
2332	-0.799177	0.228142	-0.225779	
2333	-0.808669	0.227735	-0.227872	
2334	-0.815964	0.227479	-0.230097	
2335	-0.823353	0.224813	-0.232482	
2336	-0.834384	0.225671	-0.233850	
2337	-0.839725	0.226209	-0.236463	
2338	-0.846570	0.224581	-0.239367	
2339	-0.859198	0.226552	-0.241431	
2340	-0.872905	0.229131	-0.243453	
2341	-0.877328	0.230085	-0.246930	
2342	-0.884323	0.230798	-0.250195	
2343	-0.895703	0.232720	-0.252439	
2344	-0.901523	0.231473	-0.255900	
2345	-0.909863	0.230860	-0.258855	
2346	-0.913676	0.231199	-0.262156	
2347	-0.920059	0.229241	-0.265998	
2348	-0.930129	0.228520	-0.268523	
2349	-0.938023	0.228357	-0.271338	
2350	-0.944476	0.227809	-0.274672	
2351	-0.951830	0.228490	-0.278143	
2352	-0.956057	0.225573	-0.282825	
2353	-0.962615	0.223646	-0.286880	
2354	-0.969873	0.221745	-0.290675	
2355	-0.975475	0.219431	-0.295051	
2356	-0.978946	0.219966	-0.299524	
2357	-0.988286	0.220452	-0.302931	
2358	-0.994662	0.222481	-0.306160	
2359	-1.000957	0.223857	-0.310193	
2360	-1.015688	0.225908	-0.318380	
2361	-1.027691	0.229463	-0.328702	
2362	-1.037947	0.234413	-0.333230	
2363	-1.045070	0.238287	-0.338351	
2364	-1.058770	0.245176	-0.348020	
2365	-1.075681	0.254212	-0.356640	
2366	-1.092507	0.259543	-0.365499	
2367	-1.102528	0.265439	-0.369507	
2368	-1.107154	0.268584	-0.374251	
2369	-1.115085	0.272537	-0.377199	
2370	-1.123707	0.278841	-0.379416	
2371	-1.132426	0.284489	-0.381005	
2372	-1.136121	0.287252	-0.383501	
2373	-1.140538	0.288974	-0.384418	
2374	-1.151452	0.293049	-0.382155	
2375	-1.157967	0.297520	-0.379950	
2376	-1.156732	0.298139	-0.379192	
2377	-1.160720	0.299878	-0.377289	
2378	-1.169187	0.301291	-0.373510	
2379	-1.178651	0.300348	-0.367197	
2380	-1.182588	0.302435	-0.363031	
2381	-1.188893	0.300357	-0.359136	
2382	-1.196890	0.297274	-0.353522	
2383	-1.199877	0.295926	-0.349037	
2384	-1.205848	0.296188	-0.342795	
2385	-1.212275	0.293009	-0.336485	
2386	-1.219459	0.290596	-0.329498	
2387	-1.225705	0.288490	-0.322814	
2388	-1.232091	0.281534	-0.315740	
2389	-1.240388	0.279100	-0.307493	
2390	-1.247442	0.276847	-0.299958	
2391	-1.252041	0.272816	-0.292571	
2392	-1.255605	0.266564	-0.285701	
2393	-1.264392	0.261305	-0.277566	
2394	-1.271903	0.256806	-0.270181	
2395	-1.277622	0.255193	-0.263243	
2396	-1.283703	0.249597	-0.256665	
2397	-1.288496	0.242361	-0.250511	
2398	-1.295230	0.236872	-0.243697	
2399	-1.306405	0.227859	-0.234579	
2400	-1.311558	0.221738	-0.228827	
2401	-1.314488	0.214971	-0.223222	
2402	-1.316083	0.208315	-0.218427	
2403	-1.321477	0.203160	-0.212796	
2404	-1.325811	0.197285	-0.207896	
2405	-1.327189	0.191313	-0.203682	
2406	-1.331556	0.188832	-0.198622	
2407	-1.335729	0.183838	-0.193589	
2408	-1.340732	0.178981	-0.188540	
2409	-1.344823	0.174603	-0.183395	
2410	-1.351519	0.168477	-0.173380	
2411	-1.354588	0.160213	-0.165066	
2412	-1.359289	0.157981	-0.160190	
2413	-1.361168	0.155288	-0.155696	
2414	-1.359002	0.150594	-0.152827	
2415	-1.363196	0.147511	-0.147340	
2416	-1.364357	0.144049	-0.143266	
2417	-1.363783	0.140532	-0.139257	
2418	-1.363950	0.137440	-0.135386	
2419	-1.368243	0.135020	-0.129939	
2420	-1.367831	0.131036	-0.126592	
2421	-1.370933	0.128137	-0.121632	
2422	-1.373740	0.125923	-0.116964	
2423	-1.374402	0.121679	-0.113361	
2424	-1.378724	0.120617	-0.108116	
2425	-1.379953	0.120265	-0.103470	
2426	-1.380210	0.117861	-0.099056	
2427	-1.385120	0.115043	-0.092815	
2428	-1.387163	0.113763	-0.086957	
2429	-1.388906	0.113894	-0.081522	
2430	-1.386004	0.112249	-0.077572	
2431	-1.388344	0.111298	-0.071645	
2432	-1.390419	0.111807	-0.065928	
2433	-1.392180	0.109481	-0.060304	
2434	-1.393254	0.107768	-0.054079	
2435	-1.391333	0.106767	-0.049609	
2436	-1.391616	0.105758	-0.043384	
2437	-1.390143	0.103373	-0.037560	
2438	-1.384750	0.100900	-0.032252	
2439	-1.382424	0.097155	-0.025344	
2440	-1.380369	0.091579	-0.017854	
2441	-1.376359	0.087232	-0.010069	
2442	-1.368855	0.084322	-0.003295	
2443	-1.363924	0.078918	0.004800	
2444	-1.363750	0.072865	0.014973	
2445	-1.356439	0.069283	0.023486	
2446	-1.345363	0.062761	0.029895	
2447	-1.344036	0.054799	0.039551	
2448	-1.337022	0.050483	0.048185	
2449	-1.322717	0.044470	0.053370	
2450	-1.320622	0.034388	0.061851	
2451	-1.318582	0.028181	0.071499	
2452	-1.303258	0.023592	0.077528	
2453	-1.293987	0.016566	0.084097	
2454	-1.292585	0.011301	0.093444	
2455	-1.285015	0.006641	0.100356	
2456	-1.274779	0.003407	0.105572	
2457	-1.272511	-0.001058	0.112609	
2458	-1.268510	-0.003244	0.118932	
2459	-1.258786	-0.006543	0.122937	
2460	-1.250668	-0.010009	0.126169	
2461	-1.247847	-0.010657	0.131441	
2462	-1.245427	-0.010888	0.136269	
2463	-1.236855	-0.012067	0.139020	
2464	-1.228913	-0.012400	0.142549	
2465	-1.225597	-0.011996	0.147817	
2466	-1.222438	-0.012672	0.152842	
2467	-1.215127	-0.014625	0.157408	
2468	-1.209159	-0.012202	0.163455	
2469	-1.205262	-0.010318	0.168476	
2470	-1.200781	-0.011549	0.172804	
2471	-1.197146	-0.009590	0.178126	
2472	-1.195202	-0.006767	0.184309	
2473	-1.189259	-0.006184	0.187792	
2474	-1.185805	-0.006519	0.192190	
2475	-1.182860	-0.004599	0.196789	
2476	-1.176928	-0.004523	0.199464	
2477	-1.174518	-0.005699	0.202784	
2478	-1.170583	-0.005423	0.205734	
2479	-1.166730	-0.003879	0.208607	
2480	-1.165312	-0.003912	0.211651	
2481	-1.160502	-0.003732	0.214730	
2482	-1.156509	-0.002567	0.218492	
2483	-1.150333	-0.005639	0.221242	
2484	-1.150229	-0.003510	0.228004	
2485	-1.148137	-0.000789	0.233911	
2486	-1.140205	-0.002495	0.237353	
2487	-1.136948	-0.004296	0.241809	
2488	-1.139179	-0.001607	0.247351	
2489	-1.135081	-0.002614	0.251399	
2490	-1.130404	-0.001938	0.255332	
2491	-1.128160	-0.001668	0.259545	
2492	-1.127065	-0.002639	0.264368	
2493	-1.122867	0.003176	0.269072	
2494	-1.116113	0.002523	0.271109	
2495	-1.116942	0.003767	0.275400	
2496	-1.117100	0.008402	0.280314	
2497	-1.111485	0.008730	0.281948	
2498	-1.111798	0.008943	0.284916	
2499	-1.114771	0.014318	0.289824	
2500	-1.110834	0.014839	0.290995	
2501	-1.110934	0.014794	0.293016	
2502	-1.112658	0.017198	0.296189	
2503	-1.110672	0.017304	0.297428	
2504	-1.112169	0.016672	0.298946	
2505	-1.114616	0.017971	0.301177	
2506	-1.113301	0.018546	0.302355	
2507	-1.113164	0.018058	0.303253	
2508	-1.114501	0.019414	0.304893	
2509	-1.113870	0.019894	0.306093	
2510	-1.111470	0.020986	0.306595	
2511	-1.112833	0.021641	0.307822	
2512	-1.114869	0.024436	0.310145	
2513	-1.113942	0.025954	0.311639	
2514	-1.114370	0.026453	0.312958	
2515	-1.118116	0.029145	0.316198	
2516	-1.115572	0.031264	0.317698	
2517	-1.113630	0.031570	0.318551	
2518	-1.118780	0.034389	0.322315	
2519	-1.117651	0.037001	0.324497	
2520	-1.115543	0.036912	0.325866	
2521	-1.118330	0.039041	0.329163	
2522	-1.117305	0.041029	0.331465	
2523	-1.115008	0.042501	0.333621	
2524	-1.113059	0.044242	0.335416	
2525	-1.114856	0.045779	0.338310	
2526	-1.111106	0.047105	0.340049	
2527	-1.108538	0.048773	0.341536	
2528	-1.110256	0.050717	0.344229	
2529	-1.109351	0.052533	0.346287	
2530	-1.104620	0.053647	0.346281	
2531	-1.104212	0.054029	0.347130	
2532	-1.105736	0.055918	0.348815	
2533	-1.102521	0.056794	0.348891	
2534	-1.101063	0.056402	0.348614	
2535	-1.103367	0.057134	0.350420	
2536	-1.100550	0.057871	0.350992	
2537	-1.099561	0.057182	0.351108	
2538	-1.099661	0.056806	0.351827	
2539	-1.098999	0.056406	0.352654	
2540	-1.097205	0.056284	0.352747	
2541	-1.095897	0.055218	0.353208	
2542	-1.093120	0.054795	0.352625	
2543	-1.092761	0.054264	0.352583	
2544	-1.091737	0.053807	0.352707	
2545	-1.089900	0.053310	0.352500	
2546	-1.090757	0.051991	0.352570	
2547	-1.090259	0.052664	0.353042	
2548	-1.087453	0.053786	0.352648	
2549	-1.088048	0.053842	0.352954	
2550	-1.088272	0.054852	0.353454	
2551	-1.085500	0.056886	0.353373	
2552	-1.084424	0.057123	0.353086	
2553	-1.084213	0.059203	0.353887	
2554	-1.080762	0.061024	0.353268	
2555	-1.080390	0.061534	0.353180	
2556	-1.079987	0.063088	0.353629	
2557	-1.076923	0.065469	0.352914	
2558	-1.075885	0.066026	0.352417	
2559	-1.076482	0.067362	0.352822	
2560	-1.073147	0.069458	0.352191	
2561	-1.072919	0.069952	0.351782	
2562	-1.073211	0.071457	0.352129	
2563	-1.069019	0.074040	0.351299	
2564	-1.068806	0.075166	0.351206	
2565	-1.067731	0.077256	0.351231	
2566	-1.063577	0.080979	0.349971	
2567	-1.063891	0.082388	0.349914	
2568	-1.060638	0.084380	0.348454	
2569	-1.060196	0.085601	0.347326	
2570	-1.058284	0.086516	0.346323	
2571	-1.058408	0.086811	0.345300	
2572	-1.057795	0.087466	0.344571	
2573	-1.055488	0.087966	0.343295	
2574	-1.055284	0.088553	0.341964	
2575	-1.053041	0.088163	0.340472	
2576	-1.053876	0.088490	0.340152	
2577	-1.051636	0.088449	0.339159	
2578	-1.049877	0.088583	0.337231	
2579	-1.048753	0.089320	0.336670	
2580	-1.045862	0.090137	0.335581	
2581	-1.045521	0.090683	0.335014	
2582	-1.045938	0.091172	0.334975	
2583	-1.043973	0.091880	0.334186	
