0	0.000000	0.000000	0.000000	
1	0.000000	0.000000	0.000000	
2	0.000000	0.000000	0.000000	
3	0.000000	0.000000	0.000000	
4	0.000968	0.000336	0.000707	
5	0.001430	0.001411	0.000506	
6	0.001718	0.001635	0.000540	
7	0.001647	0.000396	0.001163	
8	0.002069	0.000355	0.001271	
9	0.002263	0.001122	0.001184	
10	0.002251	0.000650	0.001519	
11	0.002168	-0.000139	0.001924	
12	0.002317	-0.000610	0.002292	
13	0.002548	-0.000661	0.002440	
14	0.002762	-0.000868	0.002487	
15	0.003027	-0.000738	0.002530	
16	0.002927	-0.000535	0.002636	
17	0.003100	0.000161	0.002412	
18	0.003091	0.000130	0.002469	
19	0.002902	0.000403	0.002398	
20	0.002912	0.000519	0.002307	
21	0.003042	0.000361	0.002444	
22	0.002795	0.000431	0.002360	
23	0.002943	0.000307	0.002398	
24	0.002600	0.000300	0.002444	
25	0.002706	0.000132	0.002577	
26	0.002625	0.000171	0.002534	
27	0.002445	0.000307	0.002638	
28	0.002227	-0.000072	0.002730	
29	0.002503	-0.000419	0.002736	
30	0.002463	-0.000191	0.002722	
31	0.001996	0.000281	0.002755	
32	0.001837	0.000140	0.002946	
33	0.001371	0.000504	0.003031	
34	0.001274	0.001247	0.002778	
35	0.000818	0.001492	0.002814	
36	0.000819	0.000937	0.003031	
37	0.000634	0.001554	0.003097	
38	-0.000009	0.003205	0.002827	
39	-0.000322	0.002781	0.003296	
40	-0.000476	0.001495	0.003984	
41	-0.001294	0.001886	0.004393	
42	-0.001216	0.001953	0.004915	
43	-0.001633	0.001611	0.005599	
44	-0.002084	0.002103	0.006158	
45	-0.002012	0.003168	0.006659	
46	-0.002314	0.003665	0.007644	
47	-0.002617	0.003742	0.009115	
48	-0.002328	0.005123	0.010111	
49	-0.002281	0.005669	0.011627	
50	-0.002192	0.005541	0.013563	
51	-0.001547	0.005663	0.015504	
52	-0.001184	0.006905	0.017162	
53	-0.000273	0.007727	0.019004	
54	0.000077	0.007556	0.021544	
55	0.000604	0.007470	0.024099	
56	0.001532	0.007542	0.026554	
57	0.002542	0.006419	0.029362	
58	0.003848	0.006703	0.032019	
59	0.004424	0.008117	0.034490	
60	0.005890	0.008001	0.037385	
61	0.006967	0.008206	0.040349	
62	0.008657	0.008796	0.043020	
63	0.009837	0.008584	0.046232	
64	0.011563	0.008789	0.049044	
65	0.012988	0.009862	0.051620	
66	0.015376	0.008359	0.054941	
67	0.015328	0.008291	0.057833	
68	0.017280	0.009080	0.060501	
69	0.018680	0.009883	0.063009	
70	0.020450	0.009010	0.066032	
71	0.021782	0.009350	0.068744	
72	0.023284	0.009837	0.071203	
73	0.024361	0.009112	0.074162	
74	0.025605	0.008854	0.076906	
75	0.027417	0.009941	0.079060	
76	0.028282	0.011181	0.081218	
77	0.029803	0.010511	0.084083	
78	0.030835	0.010236	0.086768	
79	0.031544	0.011436	0.089101	
80	0.032835	0.011703	0.091653	
81	0.033447	0.011890	0.094157	
82	0.034424	0.012879	0.096593	
83	0.035177	0.013072	0.099142	
84	0.035779	0.012723	0.101908	
85	0.036489	0.012920	0.104540	
86	0.037260	0.012905	0.107441	
87	0.037992	0.013285	0.110249	
88	0.038812	0.013324	0.113218	
89	0.039162	0.013207	0.116142	
90	0.040366	0.013808	0.119158	
91	0.040807	0.014057	0.122357	
92	0.041250	0.014671	0.125366	
93	0.041955	0.014490	0.128552	
94	0.042792	0.014769	0.131695	
95	0.043670	0.014479	0.134871	
96	0.044132	0.013180	0.138596	
97	0.044705	0.013414	0.141788	
98	0.045748	0.013370	0.145009	
99	0.045930	0.011745	0.148596	
100	0.046480	0.011185	0.152039	
101	0.047189	0.011600	0.155052	
102	0.047609	0.010180	0.158366	
103	0.048392	0.010122	0.161479	
104	0.048925	0.010140	0.164372	
105	0.049052	0.009406	0.167226	
106	0.049622	0.009921	0.169661	
107	0.049702	0.008912	0.172327	
108	0.049994	0.008094	0.175155	
109	0.050262	0.007716	0.177549	
110	0.050922	0.007469	0.180282	
111	0.051304	0.006956	0.182492	
112	0.051049	0.006160	0.184970	
113	0.051432	0.006327	0.187438	
114	0.051865	0.006419	0.189881	
115	0.051711	0.005642	0.192423	
116	0.051853	0.005838	0.194755	
117	0.051970	0.005571	0.197554	
118	0.052531	0.005519	0.200686	
119	0.052586	0.005719	0.203348	
120	0.052674	0.005377	0.206217	
121	0.052738	0.005337	0.209370	
122	0.052964	0.005132	0.212753	
123	0.052897	0.004773	0.215684	
124	0.053118	0.004451	0.218902	
125	0.053522	0.004485	0.222269	
126	0.053854	0.004371	0.225362	
127	0.054269	0.003851	0.228536	
128	0.054762	0.003794	0.231637	
129	0.055355	0.004487	0.234278	
130	0.055897	0.004241	0.237030	
131	0.056089	0.003706	0.239870	
132	0.056771	0.004221	0.242448	
133	0.057343	0.003531	0.245528	
134	0.057918	0.003836	0.247933	
135	0.058566	0.004524	0.250160	
136	0.059186	0.004757	0.252490	
137	0.059757	0.004626	0.255012	
138	0.060099	0.004765	0.257272	
139	0.060135	0.005280	0.259228	
140	0.060162	0.005684	0.263418	
141	0.060088	0.006244	0.265549	
142	0.059829	0.006694	0.267332	
143	0.059295	0.006630	0.269283	
144	0.058655	0.006602	0.271075	
145	0.057899	0.006531	0.272844	
146	0.057315	0.007389	0.274559	
147	0.056392	0.008156	0.275924	
148	0.055325	0.008170	0.277535	
149	0.054431	0.008616	0.279673	
150	0.053328	0.008830	0.281515	
151	0.052077	0.009116	0.283172	
152	0.051076	0.009370	0.285665	
153	0.049684	0.009960	0.287408	
154	0.048300	0.010176	0.289570	
155	0.045433	0.011310	0.293834	
156	0.043988	0.011396	0.296109	
157	0.042514	0.011887	0.298098	
158	0.040832	0.012211	0.300062	
159	0.039246	0.012211	0.302304	
160	0.037541	0.012351	0.304207	
161	0.035734	0.012791	0.305993	
162	0.034148	0.013153	0.307784	
163	0.032592	0.013100	0.309693	
164	0.030982	0.013261	0.311785	
165	0.029515	0.013478	0.313538	
166	0.027986	0.013224	0.315928	
167	0.026495	0.014003	0.317312	
168	0.025013	0.014387	0.318827	
169	0.023891	0.014671	0.320920	
170	0.022830	0.015678	0.322198	
171	0.021645	0.016127	0.323495	
172	0.020668	0.016754	0.324450	
173	0.019811	0.017559	0.325490	
174	0.018916	0.018195	0.326464	
175	0.018055	0.018712	0.327201	
176	0.017428	0.019687	0.328117	
177	0.016823	0.020249	0.328814	
178	0.016313	0.020843	0.329654	
179	0.015866	0.021617	0.330563	
180	0.015315	0.022264	0.330999	
181	0.014814	0.022638	0.331379	
182	0.014389	0.022914	0.331412	
183	0.013606	0.023870	0.331894	
184	0.013274	0.024397	0.331807	
185	0.012724	0.024836	0.332504	
186	0.012343	0.025067	0.333639	
187	0.012084	0.025527	0.334931	
188	0.011859	0.025854	0.336294	
189	0.011816	0.025972	0.337641	
190	0.012059	0.026458	0.339544	
191	0.012108	0.026862	0.341362	
192	0.012083	0.026942	0.343043	
193	0.012190	0.027386	0.344697	
194	0.012378	0.027530	0.346173	
195	0.012505	0.027973	0.346917	
196	0.012681	0.028348	0.348125	
197	0.012876	0.028646	0.349429	
198	0.013124	0.028977	0.349338	
199	0.013319	0.029352	0.350624	
200	0.013419	0.029645	0.351534	
201	0.013669	0.029812	0.351814	
202	0.013754	0.029906	0.352162	
203	0.013850	0.029983	0.352880	
204	0.013900	0.030029	0.353081	
205	0.013874	0.029778	0.353413	
206	0.013973	0.029825	0.353658	
207	0.013948	0.029755	0.354002	
208	0.013896	0.029747	0.354045	
209	0.013760	0.029701	0.354286	
210	0.013734	0.029470	0.354273	
211	0.013691	0.029197	0.353770	
212	0.013714	0.029296	0.353310	
213	0.013698	0.028969	0.352847	
214	0.013583	0.028509	0.352637	
215	0.013501	0.028347	0.352036	
216	0.013318	0.027563	0.351525	
217	0.013210	0.027110	0.350959	
218	0.013103	0.026882	0.350352	
219	0.012974	0.026115	0.349705	
220	0.012873	0.025664	0.349366	
221	0.012706	0.025136	0.348611	
222	0.012388	0.024361	0.347946	
223	0.012105	0.024074	0.347311	
224	0.011741	0.023298	0.346413	
225	0.011446	0.022785	0.345423	
226	0.011047	0.022201	0.344653	
227	0.010681	0.021642	0.343684	
228	0.010264	0.021383	0.342652	
229	0.009805	0.020865	0.341629	
230	0.009246	0.020199	0.340516	
231	0.008724	0.019527	0.339494	
232	0.008132	0.018923	0.338724	
233	0.007522	0.018368	0.337397	
234	0.006903	0.017963	0.336363	
235	0.006193	0.017298	0.335288	
236	0.005412	0.016820	0.334228	
237	0.003643	0.014903	0.331862	
238	0.002668	0.014069	0.330628	
239	0.001626	0.012855	0.329265	
240	0.000580	0.011975	0.328240	
241	-0.000473	0.011188	0.327219	
242	-0.001508	0.010329	0.325661	
243	-0.002629	0.009451	0.324409	
244	-0.003644	0.008736	0.323019	
245	-0.004791	0.007794	0.321592	
246	-0.005865	0.006725	0.320138	
247	-0.006960	0.005814	0.318405	
248	-0.007926	0.005042	0.316794	
249	-0.008955	0.004107	0.315318	
250	-0.010033	0.002843	0.313765	
251	-0.011035	0.001908	0.312150	
252	-0.011914	0.000831	0.310362	
253	-0.012898	-0.000390	0.308783	
254	-0.013933	-0.001296	0.307272	
255	-0.014819	-0.002141	0.305714	
256	-0.015792	-0.003231	0.304204	
257	-0.016604	-0.003994	0.302568	
258	-0.017507	-0.004861	0.300972	
259	-0.018519	-0.006087	0.299466	
260	-0.019336	-0.006771	0.297872	
261	-0.020175	-0.007418	0.296269	
262	-0.021089	-0.008295	0.294686	
263	-0.022049	-0.009065	0.293027	
264	-0.022930	-0.009253	0.291672	
265	-0.023687	-0.009671	0.290005	
266	-0.024594	-0.010417	0.288350	
267	-0.025431	-0.010818	0.286568	
268	-0.026324	-0.010998	0.285124	
269	-0.027174	-0.011314	0.283542	
270	-0.027863	-0.011945	0.281399	
271	-0.028785	-0.012495	0.279709	
272	-0.029621	-0.012989	0.277747	
273	-0.030513	-0.013140	0.276166	
274	-0.031073	-0.013119	0.274201	
275	-0.031812	-0.013247	0.272453	
276	-0.032745	-0.013292	0.270940	
277	-0.033484	-0.013360	0.269352	
278	-0.034116	-0.013344	0.267615	
279	-0.034901	-0.013777	0.265830	
280	-0.035685	-0.014033	0.264326	
281	-0.036514	-0.014362	0.262601	
282	-0.037504	-0.014576	0.261073	
283	-0.038248	-0.014751	0.259496	
284	-0.039272	-0.014925	0.257721	
285	-0.040158	-0.014915	0.255777	
286	-0.041228	-0.014802	0.254132	
287	-0.042289	-0.014675	0.252107	
288	-0.044045	-0.014365	0.250817	
289	-0.045428	-0.014139	0.248833	
290	-0.046929	-0.013823	0.247137	
291	-0.048614	-0.013145	0.245544	
292	-0.050242	-0.012538	0.243965	
293	-0.052211	-0.012485	0.242005	
294	-0.054320	-0.012367	0.240423	
295	-0.056455	-0.012123	0.238916	
296	-0.058632	-0.011940	0.237448	
297	-0.060757	-0.011728	0.235839	
298	-0.063225	-0.011865	0.234396	
299	-0.065612	-0.011587	0.232866	
300	-0.068062	-0.011724	0.231254	
301	-0.070615	-0.012064	0.229772	
302	-0.073062	-0.011963	0.228178	
303	-0.075568	-0.011768	0.226763	
304	-0.078134	-0.012110	0.225129	
305	-0.080781	-0.012453	0.223600	
306	-0.083280	-0.012601	0.222002	
307	-0.085693	-0.011926	0.220820	
308	-0.088189	-0.011622	0.219449	
309	-0.090784	-0.011822	0.217997	
310	-0.093647	-0.011815	0.216960	
311	-0.096087	-0.011314	0.215792	
312	-0.098550	-0.011094	0.214602	
313	-0.101284	-0.010715	0.213782	
314	-0.103620	-0.009702	0.212884	
315	-0.106127	-0.008961	0.212126	
316	-0.108302	-0.007988	0.211183	
317	-0.110428	-0.007244	0.210367	
318	-0.112377	-0.007005	0.209112	
319	-0.114399	-0.006801	0.207923	
320	-0.116092	-0.006030	0.206592	
321	-0.117715	-0.004851	0.205564	
322	-0.119483	-0.004525	0.204246	
323	-0.121188	-0.004101	0.202735	
324	-0.122767	-0.003234	0.201318	
325	-0.124181	-0.002268	0.199778	
326	-0.125931	-0.001807	0.198130	
327	-0.127420	-0.001193	0.196737	
328	-0.128896	-0.000575	0.194979	
329	-0.130357	0.000170	0.193222	
330	-0.131763	0.000676	0.191235	
331	-0.133126	0.001484	0.189310	
332	-0.134479	0.001710	0.186814	
333	-0.135906	0.001848	0.184504	
334	-0.137180	0.003526	0.182584	
335	-0.138366	0.003550	0.179981	
336	-0.139647	0.003055	0.176570	
337	-0.141000	0.003430	0.174155	
338	-0.142381	0.002977	0.171428	
339	-0.143764	0.002474	0.168632	
340	-0.145082	0.002378	0.166121	
341	-0.146422	0.002648	0.163443	
342	-0.147554	0.003156	0.160867	
343	-0.148521	0.003099	0.157577	
344	-0.149651	0.002776	0.154425	
345	-0.150632	0.002766	0.151632	
346	-0.151721	0.003091	0.148710	
347	-0.152566	0.003519	0.146218	
348	-0.153575	0.003924	0.143329	
349	-0.154307	0.004251	0.140090	
350	-0.155046	0.004825	0.137322	
351	-0.155765	0.005198	0.134282	
352	-0.156504	0.005480	0.131443	
353	-0.157640	0.005367	0.128510	
354	-0.158343	0.005541	0.126105	
355	-0.159077	0.005713	0.123426	
356	-0.159914	0.005497	0.120719	
357	-0.160851	0.005340	0.118621	
358	-0.161397	0.006422	0.116067	
359	-0.161423	0.007377	0.113797	
360	-0.162012	0.007535	0.111525	
361	-0.162553	0.007504	0.108676	
362	-0.163003	0.008280	0.106637	
363	-0.163236	0.008669	0.104198	
364	-0.164040	0.008268	0.101677	
365	-0.164616	0.008217	0.099191	
366	-0.164565	0.009540	0.096893	
367	-0.164813	0.010028	0.094471	
368	-0.165421	0.010149	0.092185	
369	-0.165937	0.009882	0.089957	
370	-0.166632	0.009367	0.087180	
371	-0.166954	0.009411	0.084260	
372	-0.167446	0.009035	0.081464	
373	-0.168322	0.008670	0.079108	
374	-0.168873	0.009838	0.077215	
375	-0.169394	0.010394	0.074853	
376	-0.170438	0.009224	0.072413	
377	-0.170681	0.009687	0.069688	
378	-0.171204	0.010772	0.067307	
379	-0.171964	0.010582	0.064384	
380	-0.172904	0.010578	0.062248	
381	-0.173377	0.010961	0.059274	
382	-0.174263	0.010885	0.057051	
383	-0.175439	0.010571	0.054436	
384	-0.176800	0.010284	0.052098	
385	-0.177462	0.010209	0.049209	
386	-0.178559	0.009648	0.046503	
387	-0.180078	0.008979	0.044436	
388	-0.181054	0.008607	0.041619	
389	-0.182521	0.008238	0.039373	
390	-0.184224	0.007256	0.036926	
391	-0.185531	0.006623	0.034443	
392	-0.186593	0.006405	0.031988	
393	-0.187857	0.005786	0.029653	
394	-0.189831	0.004918	0.026999	
395	-0.190716	0.004032	0.024100	
396	-0.192031	0.003420	0.022089	
397	-0.193334	0.003921	0.019530	
398	-0.194394	0.004052	0.017334	
399	-0.195823	0.002823	0.014746	
400	-0.196671	0.002673	0.012469	
401	-0.197914	0.002342	0.010261	
402	-0.199116	0.001669	0.007969	
403	-0.199394	0.001173	0.005359	
404	-0.200464	0.001513	0.003622	
405	-0.201156	-0.000039	0.001148	
406	-0.202014	-0.000205	-0.000606	
407	-0.202453	-0.000256	-0.002731	
408	-0.203114	-0.000348	-0.004774	
409	-0.203493	-0.001515	-0.006963	
410	-0.203857	-0.002044	-0.008997	
411	-0.204311	-0.002657	-0.011197	
412	-0.205093	-0.002828	-0.013226	
413	-0.205330	-0.003022	-0.015399	
414	-0.205611	-0.004005	-0.017898	
415	-0.205991	-0.004119	-0.020049	
416	-0.206786	-0.004766	-0.022460	
417	-0.207751	-0.005809	-0.024906	
418	-0.208216	-0.007088	-0.027659	
419	-0.208200	-0.006872	-0.030156	
420	-0.208776	-0.007515	-0.032940	
421	-0.208249	-0.008287	-0.035723	
422	-0.209136	-0.008843	-0.038334	
423	-0.209333	-0.009928	-0.041391	
424	-0.209081	-0.010194	-0.044423	
425	-0.208844	-0.010285	-0.047317	
426	-0.208865	-0.009955	-0.050113	
427	-0.207237	-0.010569	-0.053480	
428	-0.206779	-0.010659	-0.056684	
429	-0.207153	-0.011004	-0.059614	
430	-0.206773	-0.011823	-0.063134	
431	-0.206680	-0.012211	-0.066086	
432	-0.206804	-0.012473	-0.069425	
433	-0.206491	-0.012884	-0.072444	
434	-0.206603	-0.014234	-0.075902	
435	-0.205794	-0.014538	-0.079096	
436	-0.205138	-0.014852	-0.081858	
437	-0.204010	-0.015089	-0.085118	
438	-0.201725	-0.015553	-0.088184	
439	-0.201020	-0.015841	-0.090822	
440	-0.200371	-0.016362	-0.093474	
441	-0.200195	-0.015988	-0.096162	
442	-0.199952	-0.015402	-0.098521	
443	-0.199721	-0.015325	-0.101148	
444	-0.199796	-0.016116	-0.103899	
445	-0.199879	-0.016231	-0.106634	
446	-0.199873	-0.016763	-0.109130	
447	-0.199582	-0.016785	-0.111690	
448	-0.198974	-0.015764	-0.113884	
449	-0.199354	-0.016779	-0.118987	
450	-0.199218	-0.016435	-0.121482	
451	-0.199546	-0.015211	-0.123575	
452	-0.199740	-0.014570	-0.125874	
453	-0.200119	-0.015091	-0.128682	
454	-0.200688	-0.016215	-0.131726	
455	-0.201191	-0.017261	-0.134475	
456	-0.201623	-0.016943	-0.136934	
457	-0.202408	-0.017644	-0.139727	
458	-0.203465	-0.017803	-0.142292	
459	-0.203688	-0.017927	-0.145210	
460	-0.204511	-0.018161	-0.148003	
461	-0.204753	-0.017366	-0.150478	
462	-0.205284	-0.017475	-0.153416	
463	-0.206213	-0.016791	-0.155969	
464	-0.206884	-0.017190	-0.159021	
465	-0.208259	-0.018460	-0.162291	
466	-0.209504	-0.019637	-0.165434	
467	-0.210724	-0.020819	-0.168600	
468	-0.211516	-0.021152	-0.171495	
469	-0.213102	-0.023872	-0.174934	
470	-0.213601	-0.023538	-0.177551	
471	-0.214485	-0.024673	-0.180558	
472	-0.215394	-0.024271	-0.183528	
473	-0.217207	-0.024708	-0.186276	
474	-0.218529	-0.026005	-0.189073	
475	-0.219678	-0.027652	-0.191983	
476	-0.220444	-0.029601	-0.195004	
477	-0.221519	-0.031751	-0.197605	
478	-0.222961	-0.032727	-0.200198	
479	-0.223736	-0.033648	-0.202785	
480	-0.224856	-0.034295	-0.205205	
481	-0.225888	-0.035404	-0.207792	
482	-0.226649	-0.034682	-0.209878	
483	-0.227196	-0.035050	-0.211892	
484	-0.227430	-0.035302	-0.213691	
485	-0.227703	-0.035903	-0.215739	
486	-0.228228	-0.037006	-0.217752	
487	-0.228541	-0.037686	-0.219920	
488	-0.228804	-0.037316	-0.221806	
489	-0.228911	-0.037995	-0.223822	
490	-0.229919	-0.038263	-0.225798	
491	-0.229490	-0.039232	-0.227767	
492	-0.229781	-0.039316	-0.229721	
493	-0.229269	-0.040280	-0.231685	
494	-0.230417	-0.039870	-0.233826	
495	-0.231796	-0.039957	-0.236253	
496	-0.232003	-0.039411	-0.238136	
497	-0.230748	-0.037570	-0.239444	
498	-0.230145	-0.037755	-0.241634	
499	-0.229210	-0.038286	-0.243924	
500	-0.230092	-0.036182	-0.246364	
501	-0.231040	-0.035398	-0.249166	
502	-0.230373	-0.036506	-0.251975	
503	-0.229772	-0.037053	-0.254248	
504	-0.229451	-0.038231	-0.256978	
505	-0.229732	-0.039248	-0.259416	
506	-0.230440	-0.038073	-0.261998	
507	-0.230118	-0.038026	-0.264749	
508	-0.229085	-0.037442	-0.266839	
509	-0.228777	-0.038469	-0.269216	
510	-0.228812	-0.039045	-0.271873	
511	-0.228612	-0.039626	-0.274740	
512	-0.225854	-0.041045	-0.277584	
513	-0.225214	-0.041037	-0.280734	
514	-0.223739	-0.040414	-0.283464	
515	-0.221219	-0.039858	-0.286095	
516	-0.219104	-0.040154	-0.288529	
517	-0.217262	-0.040941	-0.291059	
518	-0.215990	-0.041533	-0.293726	
519	-0.215199	-0.041189	-0.296150	
520	-0.214199	-0.042352	-0.298315	
521	-0.213668	-0.044368	-0.300740	
522	-0.212873	-0.044842	-0.303027	
523	-0.212574	-0.044838	-0.305485	
524	-0.212079	-0.045024	-0.307823	
525	-0.211558	-0.045585	-0.310041	
526	-0.211012	-0.045799	-0.311929	
527	-0.209993	-0.046026	-0.313778	
528	-0.209378	-0.045137	-0.315684	
529	-0.209591	-0.045074	-0.317577	
530	-0.209056	-0.045327	-0.319459	
531	-0.208282	-0.043881	-0.321088	
532	-0.207846	-0.043534	-0.322730	
533	-0.207271	-0.042652	-0.324155	
534	-0.207158	-0.041648	-0.325571	
535	-0.206980	-0.041846	-0.327177	
536	-0.207025	-0.040857	-0.328467	
537	-0.206542	-0.040710	-0.329654	
538	-0.206281	-0.039710	-0.330977	
539	-0.206157	-0.039466	-0.332239	
540	-0.206490	-0.039178	-0.333604	
541	-0.206462	-0.037798	-0.334826	
542	-0.207148	-0.036849	-0.336015	
543	-0.207677	-0.035760	-0.337277	
544	-0.207787	-0.034405	-0.338296	
545	-0.208213	-0.033498	-0.339325	
546	-0.207902	-0.032040	-0.340352	
547	-0.208278	-0.031018	-0.341569	
548	-0.208745	-0.027535	-0.342603	
549	-0.209433	-0.026774	-0.343712	
550	-0.209975	-0.027001	-0.344881	
551	-0.210612	-0.026053	-0.345816	
552	-0.211437	-0.024115	-0.346730	
553	-0.211914	-0.023941	-0.347603	
554	-0.212349	-0.025261	-0.348776	
555	-0.212474	-0.024961	-0.349754	
556	-0.212658	-0.023327	-0.350503	
557	-0.212389	-0.022915	-0.351127	
558	-0.212751	-0.022537	-0.352101	
559	-0.213044	-0.022705	-0.352873	
560	-0.212749	-0.022102	-0.353584	
561	-0.213259	-0.021433	-0.354311	
562	-0.213386	-0.020984	-0.355006	
563	-0.213444	-0.020881	-0.355588	
564	-0.214157	-0.020014	-0.356385	
565	-0.213946	-0.019780	-0.356889	
566	-0.214279	-0.019418	-0.357793	
567	-0.214634	-0.018743	-0.358180	
568	-0.214909	-0.018429	-0.358822	
569	-0.215174	-0.018068	-0.359387	
570	-0.215457	-0.017029	-0.360175	
571	-0.215444	-0.017298	-0.360911	
572	-0.215724	-0.016792	-0.361775	
573	-0.215267	-0.015997	-0.362738	
574	-0.215206	-0.015229	-0.363610	
575	-0.215452	-0.014303	-0.364674	
576	-0.214990	-0.013329	-0.365470	
577	-0.214907	-0.012292	-0.366275	
578	-0.214722	-0.011281	-0.367118	
579	-0.214841	-0.010608	-0.367890	
580	-0.215024	-0.009700	-0.368464	
581	-0.214307	-0.009226	-0.369048	
582	-0.213301	-0.009140	-0.369698	
583	-0.213874	-0.007842	-0.370352	
584	-0.213145	-0.007411	-0.370504	
585	-0.212880	-0.007565	-0.371051	
586	-0.212821	-0.007096	-0.371543	
587	-0.212077	-0.006310	-0.371433	
588	-0.212116	-0.006379	-0.371878	
589	-0.211973	-0.005975	-0.372211	
590	-0.212008	-0.004404	-0.372237	
591	-0.212110	-0.003850	-0.372548	
592	-0.212075	-0.003413	-0.372692	
593	-0.212046	-0.002913	-0.373227	
594	-0.211992	-0.002049	-0.373332	
595	-0.212578	-0.001510	-0.373587	
596	-0.212386	-0.001359	-0.373446	
597	-0.212518	-0.000792	-0.373631	
598	-0.212416	0.000562	-0.373569	
599	-0.212201	0.001562	-0.373672	
600	-0.212245	0.002403	-0.373724	
601	-0.212048	0.003532	-0.373633	
602	-0.211854	0.004291	-0.373415	
603	-0.211691	0.004858	-0.373167	
604	-0.211968	0.004872	-0.373263	
605	-0.211719	0.005536	-0.373221	
606	-0.211275	0.006042	-0.373144	
607	-0.210797	0.006496	-0.373076	
608	-0.211443	0.007848	-0.373103	
609	-0.211245	0.007735	-0.373333	
610	-0.210967	0.008686	-0.373143	
611	-0.210765	0.009132	-0.373554	
612	-0.209785	0.008074	-0.373336	
613	-0.209644	0.008273	-0.373362	
614	-0.210144	0.009852	-0.373586	
615	-0.210446	0.011394	-0.373935	
616	-0.209903	0.011740	-0.373789	
617	-0.209191	0.012658	-0.373938	
618	-0.208654	0.012611	-0.374191	
619	-0.208389	0.012037	-0.375168	
620	-0.207556	0.012181	-0.375362	
621	-0.206329	0.012819	-0.375319	
622	-0.205384	0.013295	-0.375232	
623	-0.204798	0.014145	-0.375602	
624	-0.203350	0.013874	-0.375298	
625	-0.202078	0.013509	-0.375277	
626	-0.200872	0.014441	-0.375311	
627	-0.199259	0.014114	-0.375281	
628	-0.197472	0.012716	-0.375649	
629	-0.196311	0.013160	-0.375453	
630	-0.194479	0.013760	-0.375015	
631	-0.192901	0.013649	-0.374949	
632	-0.191161	0.012631	-0.374935	
633	-0.189239	0.012696	-0.374257	
634	-0.187107	0.013072	-0.373428	
635	-0.185281	0.012953	-0.373626	
636	-0.183012	0.012601	-0.373125	
637	-0.181257	0.013695	-0.372515	
638	-0.178905	0.013586	-0.372382	
639	-0.176396	0.013210	-0.371709	
640	-0.173423	0.012846	-0.370974	
641	-0.171405	0.013279	-0.370853	
642	-0.168759	0.012650	-0.370533	
643	-0.166274	0.012830	-0.369705	
644	-0.163616	0.013520	-0.368978	
645	-0.161102	0.013031	-0.368591	
646	-0.158269	0.012657	-0.367664	
647	-0.156131	0.013214	-0.366858	
648	-0.153505	0.013595	-0.366429	
649	-0.150847	0.013073	-0.365732	
650	-0.148272	0.012627	-0.365224	
651	-0.145830	0.012475	-0.365259	
652	-0.143550	0.012677	-0.365072	
653	-0.137786	0.011963	-0.363043	
654	-0.135525	0.012606	-0.362628	
655	-0.132708	0.012080	-0.361658	
656	-0.130021	0.012032	-0.360520	
657	-0.127358	0.012382	-0.359885	
658	-0.124783	0.011866	-0.359710	
659	-0.122175	0.012396	-0.358852	
660	-0.119210	0.012684	-0.357509	
661	-0.116437	0.012550	-0.356819	
662	-0.114020	0.013024	-0.356343	
663	-0.111575	0.014213	-0.355464	
664	-0.109502	0.015771	-0.355289	
665	-0.106863	0.016498	-0.354782	
666	-0.104458	0.017206	-0.354642	
667	-0.102026	0.017864	-0.354171	
668	-0.099774	0.018988	-0.354177	
669	-0.097346	0.019486	-0.354351	
670	-0.094836	0.018882	-0.354779	
671	-0.092473	0.020532	-0.354947	
672	-0.090013	0.021060	-0.355155	
673	-0.087154	0.020638	-0.355480	
674	-0.084632	0.020650	-0.356583	
675	-0.082084	0.022061	-0.356560	
676	-0.079450	0.021938	-0.357697	
677	-0.076775	0.022155	-0.358388	
678	-0.074322	0.022954	-0.359510	
679	-0.071492	0.022542	-0.360785	
680	-0.068868	0.022593	-0.361977	
681	-0.066344	0.022823	-0.363597	
682	-0.063394	0.022871	-0.364762	
683	-0.060605	0.022959	-0.366464	
684	-0.057913	0.024893	-0.367485	
685	-0.055209	0.025816	-0.369110	
686	-0.052133	0.025728	-0.371061	
687	-0.049028	0.025779	-0.372987	
688	-0.046261	0.026145	-0.375145	
689	-0.042966	0.025279	-0.377450	
690	-0.039629	0.024503	-0.379806	
691	-0.036613	0.024208	-0.382328	
692	-0.033574	0.025084	-0.384200	
693	-0.030643	0.025272	-0.386452	
694	-0.027532	0.025997	-0.388367	
695	-0.024683	0.026383	-0.390015	
696	-0.018961	0.025264	-0.394863	
697	-0.016452	0.026447	-0.396490	
698	-0.011909	0.026673	-0.400594	
699	-0.009757	0.027367	-0.402610	
700	-0.007565	0.028480	-0.403884	
701	-0.005633	0.029338	-0.405427	
702	-0.003456	0.029053	-0.407437	
703	-0.000947	0.029210	-0.408918	
704	0.000952	0.030039	-0.410279	
705	0.003043	0.030481	-0.411681	
706	0.005462	0.029696	-0.413328	
707	0.007982	0.029488	-0.414895	
708	0.010177	0.030556	-0.415681	
709	0.012595	0.030960	-0.416341	
710	0.015222	0.030432	-0.417671	
711	0.017608	0.031256	-0.417999	
712	0.019890	0.032051	-0.418348	
713	0.022533	0.031679	-0.419162	
714	0.025592	0.030779	-0.419768	
715	0.028451	0.030407	-0.419971	
716	0.031288	0.030714	-0.420124	
717	0.034010	0.030815	-0.420063	
718	0.036872	0.031181	-0.419719	
719	0.040056	0.031411	-0.419037	
720	0.043409	0.030322	-0.419031	
721	0.046916	0.029932	-0.418420	
722	0.050306	0.029760	-0.417727	
723	0.053698	0.029553	-0.416858	
724	0.057368	0.029616	-0.415717	
725	0.060596	0.029749	-0.414964	
726	0.064611	0.028890	-0.413754	
727	0.068447	0.028219	-0.412687	
728	0.071813	0.028662	-0.411326	
729	0.075204	0.028951	-0.410088	
730	0.079103	0.028451	-0.408583	
731	0.082409	0.028049	-0.407526	
732	0.085855	0.027771	-0.406689	
733	0.089430	0.027649	-0.405399	
734	0.092483	0.027794	-0.404388	
735	0.095418	0.028145	-0.403179	
736	0.098304	0.028297	-0.402169	
737	0.101213	0.027905	-0.401256	
738	0.103847	0.028545	-0.400059	
739	0.106391	0.029571	-0.398709	
740	0.108667	0.029900	-0.397696	
741	0.111284	0.029661	-0.396846	
742	0.113491	0.029661	-0.396176	
743	0.115895	0.030034	-0.395081	
744	0.118188	0.029254	-0.394476	
745	0.120191	0.028857	-0.394173	
746	0.121533	0.029740	-0.393465	
747	0.125643	0.029650	-0.391467	
748	0.127570	0.029147	-0.390946	
749	0.129457	0.029328	-0.390123	
750	0.131145	0.028607	-0.389837	
751	0.133125	0.028182	-0.389329	
752	0.134995	0.028656	-0.388596	
753	0.137009	0.028234	-0.388136	
754	0.138874	0.028240	-0.387541	
755	0.140397	0.029261	-0.386748	
756	0.142179	0.030152	-0.385929	
757	0.144049	0.030066	-0.385764	
758	0.146436	0.029887	-0.385392	
759	0.148549	0.030293	-0.384773	
760	0.150486	0.030694	-0.384565	
761	0.152753	0.030715	-0.384013	
762	0.155552	0.030551	-0.383634	
763	0.157760	0.030878	-0.383354	
764	0.160219	0.030969	-0.382932	
765	0.162887	0.030285	-0.382835	
766	0.165563	0.029760	-0.382799	
767	0.167824	0.030066	-0.382569	
768	0.169984	0.029859	-0.382823	
769	0.172057	0.029404	-0.383142	
770	0.173872	0.030014	-0.383232	
771	0.175562	0.030001	-0.383477	
772	0.177492	0.029728	-0.383822	
773	0.179611	0.029692	-0.383865	
774	0.181172	0.029187	-0.384269	
775	0.182838	0.029232	-0.384469	
776	0.184360	0.029639	-0.384566	
777	0.185822	0.028453	-0.385355	
778	0.187092	0.027742	-0.386045	
779	0.188388	0.027230	-0.386208	
780	0.189312	0.027062	-0.386618	
781	0.190085	0.026553	-0.387060	
782	0.190912	0.026471	-0.387411	
783	0.191633	0.026473	-0.387587	
784	0.192203	0.026906	-0.387770	
785	0.193111	0.025918	-0.388241	
786	0.193906	0.025504	-0.388569	
787	0.194805	0.024932	-0.388673	
788	0.195934	0.023717	-0.388919	
789	0.196771	0.022597	-0.389028	
790	0.197584	0.022246	-0.389134	
791	0.198798	0.021542	-0.388917	
792	0.199629	0.020480	-0.388944	
793	0.200253	0.019404	-0.389079	
794	0.201146	0.018501	-0.388602	
795	0.201700	0.017450	-0.388446	
796	0.202463	0.016246	-0.388104	
797	0.202680	0.015682	-0.387928	
798	0.203362	0.015166	-0.387482	
799	0.203769	0.014844	-0.387333	
800	0.204543	0.014584	-0.386771	
801	0.205439	0.014295	-0.386243	
802	0.206199	0.013839	-0.385831	
803	0.206826	0.013565	-0.385207	
804	0.207460	0.013264	-0.384731	
805	0.208117	0.013293	-0.384065	
806	0.208920	0.013057	-0.383558	
807	0.209483	0.012897	-0.382991	
808	0.210187	0.012642	-0.382416	
809	0.210900	0.012813	-0.381499	
810	0.211715	0.012876	-0.380682	
811	0.212374	0.013038	-0.379914	
812	0.213345	0.012896	-0.379179	
813	0.214187	0.013088	-0.378117	
814	0.215083	0.013165	-0.377072	
815	0.215828	0.012982	-0.376386	
816	0.216499	0.013105	-0.375478	
817	0.217271	0.013154	-0.374475	
818	0.217841	0.013214	-0.373440	
819	0.218165	0.013458	-0.372457	
820	0.218394	0.013571	-0.371758	
821	0.218195	0.014072	-0.370985	
822	0.218734	0.014485	-0.369578	
823	0.218565	0.014987	-0.368764	
824	0.218635	0.015447	-0.367778	
825	0.218561	0.015601	-0.367081	
826	0.218309	0.016081	-0.366352	
827	0.217784	0.016676	-0.365819	
828	0.217478	0.016777	-0.365181	
829	0.217221	0.016896	-0.364056	
830	0.215796	0.016896	-0.362973	
831	0.215631	0.017260	-0.361767	
832	0.214739	0.017431	-0.361075	
833	0.214257	0.017467	-0.359983	
834	0.213861	0.017530	-0.358793	
835	0.212652	0.017693	-0.358160	
836	0.211735	0.017997	-0.357266	
837	0.210964	0.018323	-0.356381	
838	0.209769	0.018418	-0.356050	
839	0.208532	0.019064	-0.355371	
840	0.207277	0.020184	-0.354064	
841	0.206359	0.021006	-0.353010	
842	0.205190	0.021156	-0.352357	
843	0.203773	0.021575	-0.351554	
844	0.202599	0.022111	-0.351137	
845	0.201263	0.021670	-0.350762	
846	0.200318	0.021848	-0.349632	
847	0.198939	0.021716	-0.349217	
848	0.197889	0.021636	-0.348568	
849	0.196662	0.021683	-0.347453	
850	0.195312	0.021801	-0.347365	
851	0.193705	0.022081	-0.347522	
852	0.192292	0.022496	-0.347269	
853	0.191060	0.022986	-0.346335	
854	0.189686	0.024227	-0.345201	
855	0.188734	0.025478	-0.343238	
856	0.187637	0.025339	-0.342417	
857	0.186558	0.026140	-0.340799	
858	0.185102	0.026765	-0.339357	
859	0.183960	0.026742	-0.337701	
860	0.182519	0.027176	-0.336293	
861	0.181158	0.027287	-0.334373	
862	0.179572	0.027025	-0.333028	
863	0.177802	0.027015	-0.330847	
864	0.175987	0.027287	-0.328571	
865	0.173749	0.027395	-0.326547	
866	0.171788	0.026989	-0.324499	
867	0.169492	0.026451	-0.322488	
868	0.167178	0.025849	-0.320465	
869	0.164645	0.025268	-0.317917	
870	0.161942	0.025854	-0.315370	
871	0.158963	0.026057	-0.312678	
872	0.156306	0.024751	-0.310372	
873	0.153545	0.023605	-0.308244	
874	0.150522	0.023103	-0.306089	
875	0.147692	0.022710	-0.303501	
876	0.144697	0.021769	-0.301243	
877	0.141421	0.021649	-0.299050	
878	0.138372	0.020905	-0.297125	
879	0.135408	0.019770	-0.294651	
880	0.132460	0.019801	-0.292373	
881	0.129483	0.019684	-0.289844	
882	0.126351	0.019454	-0.287573	
883	0.123518	0.018514	-0.285775	
884	0.120615	0.017997	-0.283909	
885	0.117734	0.018047	-0.281523	
886	0.114772	0.017942	-0.279762	
887	0.112068	0.018073	-0.277665	
888	0.109397	0.017447	-0.276013	
889	0.106815	0.016783	-0.274290	
890	0.104321	0.016127	-0.272545	
891	0.101883	0.015721	-0.270733	
892	0.099333	0.015104	-0.269126	
893	0.096938	0.014627	-0.267516	
894	0.094429	0.014182	-0.266128	
895	0.091991	0.013959	-0.264652	
896	0.089730	0.013467	-0.263415	
897	0.087336	0.012761	-0.262094	
898	0.084742	0.012501	-0.261220	
899	0.082222	0.012688	-0.260514	
900	0.080015	0.012700	-0.260204	
901	0.077678	0.012374	-0.259846	
902	0.075122	0.012444	-0.259265	
903	0.072722	0.012433	-0.258808	
904	0.070349	0.012249	-0.258275	
905	0.067736	0.012183	-0.257970	
906	0.065168	0.012613	-0.258195	
907	0.062488	0.012654	-0.258428	
908	0.059887	0.012684	-0.258327	
909	0.057392	0.012651	-0.258209	
910	0.054625	0.012756	-0.258512	
911	0.052106	0.012464	-0.258309	
912	0.049827	0.012455	-0.258198	
913	0.047140	0.012479	-0.258082	
914	0.044687	0.012665	-0.258477	
915	0.042414	0.012877	-0.258229	
916	0.040005	0.013570	-0.258492	
917	0.037707	0.013565	-0.258035	
918	0.035738	0.013480	-0.257812	
919	0.033638	0.013552	-0.257765	
920	0.031800	0.013245	-0.257573	
921	0.030150	0.012753	-0.256940	
922	0.028685	0.012649	-0.256692	
923	0.027112	0.012742	-0.256703	
924	0.025611	0.013035	-0.256452	
925	0.024350	0.012814	-0.256369	
926	0.023265	0.012705	-0.256237	
927	0.022124	0.011748	-0.255336	
928	0.021214	0.011721	-0.255055	
929	0.020345	0.011494	-0.254713	
930	0.019420	0.010946	-0.254191	
931	0.018776	0.010816	-0.254102	
932	0.018069	0.010406	-0.253519	
933	0.017581	0.009823	-0.253091	
934	0.017132	0.009366	-0.252796	
935	0.016715	0.009252	-0.252649	
936	0.016438	0.009235	-0.252592	
937	0.016186	0.009307	-0.252611	
938	0.016225	0.009087	-0.252917	
939	0.016213	0.008760	-0.252784	
940	0.016053	0.008233	-0.252759	
941	0.016129	0.007698	-0.252731	
942	0.016273	0.007535	-0.252960	
943	0.016335	0.007002	-0.253067	
944	0.016508	0.006729	-0.253149	
945	0.016567	0.006578	-0.253339	
946	0.016746	0.006357	-0.253334	
947	0.016797	0.006060	-0.253381	
948	0.017014	0.005795	-0.253407	
949	0.017236	0.005418	-0.253735	
950	0.017488	0.005147	-0.253721	
951	0.017558	0.004849	-0.253585	
952	0.017955	0.004657	-0.254011	
953	0.018175	0.004250	-0.253942	
954	0.018345	0.004313	-0.254086	
955	0.018664	0.003894	-0.254326	
956	0.018769	0.004025	-0.254492	
957	0.018971	0.003845	-0.254460	
958	0.019257	0.003870	-0.254741	
959	0.019421	0.003737	-0.254671	
960	0.019733	0.003604	-0.254867	
961	0.019989	0.003507	-0.255087	
962	0.020247	0.003620	-0.255240	
963	0.020524	0.003382	-0.255224	
964	0.020875	0.003330	-0.255352	
965	0.021060	0.003298	-0.255461	
966	0.021345	0.003332	-0.255674	
