0	0.000000	0.000000	0.000000	
1	0.000000	0.000000	0.000000	
2	0.000000	0.000000	0.000000	
3	0.000000	0.000000	0.000000	
4	0.001032	0.001990	0.001808	
5	0.000731	0.002248	0.002016	
6	0.000534	0.003087	0.001916	
7	0.000994	0.002796	0.001732	
8	0.000596	0.005587	0.002287	
9	0.001019	0.004733	0.001682	
10	0.001105	0.006114	0.002095	
11	0.001185	0.004916	0.001733	
12	0.001066	0.004788	0.002060	
13	0.001379	0.004938	0.002139	
14	0.000818	0.003891	0.001665	
15	0.000877	0.003329	0.001549	
16	0.001079	0.002561	0.001189	
17	0.000938	0.000983	0.000467	
18	0.001629	0.001486	0.000715	
19	0.001390	0.001160	0.000091	
20	0.001165	0.001791	0.000278	
21	0.001631	0.001401	0.000144	
22	0.003128	0.002222	0.000174	
23	0.003467	0.002280	-0.000208	
24	0.003398	0.001590	-0.000844	
25	0.004223	0.001979	-0.001136	
26	0.004591	0.001863	-0.001842	
27	0.004708	0.001194	-0.002745	
28	0.006393	0.001599	-0.002998	
29	0.006065	0.001935	-0.003386	
30	0.005474	0.001196	-0.004307	
31	0.006855	0.001299	-0.004466	
32	0.007127	0.002559	-0.004298	
33	0.006510	0.003271	-0.004881	
34	0.007097	0.003858	-0.005041	
35	0.007433	0.003878	-0.005145	
36	0.007267	0.004150	-0.005401	
37	0.008018	0.005197	-0.005085	
38	0.008978	0.006667	-0.005004	
39	0.008057	0.006555	-0.005687	
40	0.008485	0.007170	-0.005427	
41	0.009136	0.007204	-0.005658	
42	0.009354	0.006189	-0.006464	
43	0.009601	0.005174	-0.007026	
44	0.010119	0.005006	-0.007096	
45	0.010450	0.005568	-0.007388	
46	0.010555	0.005545	-0.007793	
47	0.011012	0.006059	-0.007998	
48	0.011054	0.006704	-0.008331	
49	0.010670	0.006226	-0.008667	
50	0.011673	0.006478	-0.008805	
51	0.011975	0.005766	-0.009541	
52	0.011085	0.005570	-0.009769	
53	0.011702	0.006557	-0.009837	
54	0.011304	0.006197	-0.010214	
55	0.011458	0.006124	-0.010635	
56	0.011680	0.006461	-0.010609	
57	0.011433	0.006457	-0.010927	
58	0.011315	0.006521	-0.011066	
59	0.012158	0.007986	-0.010316	
60	0.011806	0.008267	-0.010091	
61	0.010630	0.008879	-0.009766	
62	0.011628	0.009856	-0.009083	
63	0.011850	0.010724	-0.008398	
64	0.010939	0.012022	-0.007738	
65	0.010522	0.012178	-0.007460	
66	0.010467	0.012210	-0.007122	
67	0.010280	0.013598	-0.006277	
68	0.009296	0.013693	-0.006186	
69	0.007383	0.014373	-0.006237	
70	0.005849	0.014386	-0.006415	
71	0.003587	0.013474	-0.007542	
72	0.000744	0.013349	-0.008904	
73	-0.002194	0.011148	-0.011778	
74	-0.007830	0.009613	-0.015488	
75	-0.014508	0.008811	-0.019183	
76	-0.019731	0.008305	-0.023448	
77	-0.032841	0.005667	-0.033142	
78	-0.041423	0.004796	-0.037981	
79	-0.050505	0.005106	-0.042197	
80	-0.059227	0.004820	-0.046876	
81	-0.068347	0.004599	-0.051217	
82	-0.079583	0.005237	-0.055787	
83	-0.090580	0.007302	-0.059622	
84	-0.101286	0.008908	-0.063148	
85	-0.112737	0.011219	-0.066353	
86	-0.125084	0.013150	-0.069283	
87	-0.138370	0.016029	-0.071727	
88	-0.151320	0.018908	-0.074035	
89	-0.163126	0.021221	-0.076278	
90	-0.176714	0.023234	-0.078888	
91	-0.188972	0.027162	-0.080343	
92	-0.200154	0.030535	-0.082030	
93	-0.212943	0.032782	-0.083971	
94	-0.224494	0.034680	-0.085282	
95	-0.235363	0.036307	-0.087244	
96	-0.245491	0.038461	-0.088853	
97	-0.255574	0.038691	-0.090564	
98	-0.265563	0.038230	-0.092179	
99	-0.275881	0.038171	-0.092890	
100	-0.284467	0.038210	-0.093440	
101	-0.295037	0.036672	-0.093940	
102	-0.304931	0.036019	-0.093809	
103	-0.314036	0.034801	-0.093607	
104	-0.322534	0.032922	-0.093766	
105	-0.331789	0.030538	-0.094017	
106	-0.341622	0.029438	-0.093240	
107	-0.349580	0.029185	-0.092115	
108	-0.368575	0.025497	-0.090603	
109	-0.378025	0.024849	-0.088862	
110	-0.387096	0.023944	-0.087128	
111	-0.396794	0.022399	-0.084768	
112	-0.408331	0.021374	-0.082088	
113	-0.419458	0.020695	-0.079315	
114	-0.429556	0.018441	-0.076669	
115	-0.440156	0.014868	-0.073580	
116	-0.452345	0.010741	-0.070441	
117	-0.462631	0.007948	-0.066225	
118	-0.470084	0.005900	-0.060433	
119	-0.494061	-0.000151	-0.048433	
120	-0.501974	-0.000933	-0.040791	
121	-0.506925	-0.005134	-0.033740	
122	-0.516427	-0.008788	-0.026741	
123	-0.523972	-0.009938	-0.019778	
124	-0.531959	-0.014397	-0.014276	
125	-0.539384	-0.018202	-0.008268	
126	-0.546781	-0.020582	-0.002465	
127	-0.555025	-0.025265	0.001890	
128	-0.562043	-0.029372	0.006603	
129	-0.567940	-0.033311	0.011337	
130	-0.576533	-0.037411	0.015672	
131	-0.582709	-0.040108	0.020848	
132	-0.588604	-0.044158	0.026148	
133	-0.594838	-0.048063	0.031250	
134	-0.609808	-0.053107	0.042326	
135	-0.617228	-0.055729	0.048148	
136	-0.625256	-0.057553	0.053702	
137	-0.633441	-0.060316	0.059187	
138	-0.647553	-0.065177	0.070150	
139	-0.656619	-0.065995	0.075987	
140	-0.674028	-0.070064	0.087133	
141	-0.682663	-0.072185	0.092803	
142	-0.691815	-0.072397	0.098963	
143	-0.700857	-0.073915	0.104719	
144	-0.709758	-0.076279	0.110385	
145	-0.717916	-0.079133	0.115501	
146	-0.727551	-0.083130	0.120324	
147	-0.737297	-0.084327	0.125987	
148	-0.745444	-0.087803	0.130969	
149	-0.754171	-0.090493	0.136012	
150	-0.763623	-0.091868	0.141814	
151	-0.777931	-0.098398	0.152765	
152	-0.786150	-0.100122	0.158159	
153	-0.792442	-0.103951	0.163165	
154	-0.797044	-0.108129	0.168067	
155	-0.803570	-0.109449	0.173364	
156	-0.810068	-0.110820	0.178993	
157	-0.814489	-0.113197	0.184600	
158	-0.819462	-0.117103	0.190152	
159	-0.826265	-0.119499	0.196170	
160	-0.831238	-0.121437	0.202093	
161	-0.835568	-0.124987	0.207370	
162	-0.841412	-0.126158	0.212651	
163	-0.848108	-0.127400	0.217935	
164	-0.852633	-0.129792	0.222946	
165	-0.857375	-0.133038	0.227391	
166	-0.863913	-0.134752	0.232243	
167	-0.868911	-0.136729	0.237326	
168	-0.872427	-0.140096	0.241691	
169	-0.878498	-0.141945	0.247057	
170	-0.885202	-0.143358	0.252725	
171	-0.889417	-0.148933	0.257749	
172	-0.894485	-0.154099	0.262733	
173	-0.901529	-0.157555	0.268241	
174	-0.911400	-0.163813	0.279974	
175	-0.917449	-0.168320	0.285996	
176	-0.923448	-0.170078	0.292608	
177	-0.927763	-0.174151	0.299331	
178	-0.932628	-0.177711	0.306096	
179	-0.937830	-0.181818	0.312931	
180	-0.942698	-0.185512	0.319403	
181	-0.947603	-0.188564	0.325794	
182	-0.952047	-0.192018	0.331606	
183	-0.958324	-0.196822	0.337864	
184	-0.962640	-0.198373	0.344014	
185	-0.965089	-0.202420	0.348844	
186	-0.971410	-0.204013	0.354655	
187	-0.978227	-0.206344	0.360309	
188	-0.982881	-0.208660	0.365554	
189	-0.987403	-0.210140	0.370858	
190	-0.995299	-0.210676	0.376939	
191	-1.002653	-0.211617	0.383163	
192	-1.007666	-0.212512	0.389425	
193	-1.013113	-0.214027	0.395297	
194	-1.022245	-0.214371	0.402054	
195	-1.032101	-0.214001	0.409041	
196	-1.040625	-0.215573	0.414793	
197	-1.050704	-0.215908	0.420283	
198	-1.063221	-0.217096	0.426324	
199	-1.073840	-0.217356	0.431151	
200	-1.083240	-0.217554	0.435549	
201	-1.094746	-0.218008	0.440274	
202	-1.107181	-0.218628	0.445424	
203	-1.116401	-0.217999	0.449411	
204	-1.127236	-0.220016	0.453822	
205	-1.147719	-0.222929	0.462201	
206	-1.155291	-0.223739	0.465673	
207	-1.165711	-0.227123	0.470267	
208	-1.175034	-0.229682	0.474672	
209	-1.180746	-0.230411	0.478397	
210	-1.188854	-0.234138	0.482332	
211	-1.198500	-0.236682	0.487444	
212	-1.203722	-0.238401	0.491943	
213	-1.209415	-0.241130	0.496160	
214	-1.218248	-0.245314	0.501504	
215	-1.223580	-0.246264	0.506717	
216	-1.228034	-0.249171	0.511226	
217	-1.235772	-0.252831	0.517141	
218	-1.239972	-0.255470	0.522907	
219	-1.244534	-0.257666	0.528687	
220	-1.250163	-0.261219	0.534717	
221	-1.255324	-0.263485	0.540992	
222	-1.259465	-0.266903	0.546836	
223	-1.264111	-0.271485	0.552795	
224	-1.268708	-0.275278	0.559103	
225	-1.272411	-0.279114	0.565233	
226	-1.276656	-0.283399	0.571836	
227	-1.279179	-0.287490	0.578050	
228	-1.281881	-0.292943	0.584149	
229	-1.285942	-0.299089	0.590357	
230	-1.288849	-0.303594	0.596202	
231	-1.292392	-0.307762	0.601850	
232	-1.296210	-0.312695	0.607929	
233	-1.298505	-0.317781	0.613434	
234	-1.302249	-0.322917	0.619435	
235	-1.307932	-0.326599	0.626513	
236	-1.311631	-0.330758	0.632423	
237	-1.315414	-0.335051	0.638124	
238	-1.319423	-0.338695	0.644162	
239	-1.323701	-0.341925	0.650419	
240	-1.327732	-0.345386	0.656474	
241	-1.333359	-0.349820	0.662768	
242	-1.338460	-0.352028	0.668915	
243	-1.343213	-0.355595	0.673879	
244	-1.349595	-0.360223	0.679583	
245	-1.355209	-0.363205	0.684996	
246	-1.359332	-0.367593	0.689456	
247	-1.364926	-0.372821	0.693807	
248	-1.370700	-0.376507	0.697797	
249	-1.375867	-0.380387	0.701015	
250	-1.381352	-0.385219	0.703953	
251	-1.389090	-0.388154	0.707094	
252	-1.395834	-0.390475	0.710167	
253	-1.402847	-0.394454	0.712453	
254	-1.412372	-0.396390	0.715341	
255	-1.420929	-0.397727	0.717371	
256	-1.439771	-0.401125	0.720377	
257	-1.450954	-0.400681	0.722006	
258	-1.470499	-0.400908	0.723276	
259	-1.482511	-0.400950	0.724531	
260	-1.493456	-0.400123	0.725696	
261	-1.504076	-0.399001	0.726728	
262	-1.514152	-0.398499	0.727770	
263	-1.524188	-0.399235	0.728928	
264	-1.535040	-0.397882	0.730968	
265	-1.544425	-0.397233	0.732128	
266	-1.555396	-0.397621	0.733473	
267	-1.564971	-0.397931	0.735277	
268	-1.574077	-0.398915	0.736703	
269	-1.585688	-0.398981	0.739334	
270	-1.595411	-0.397625	0.741875	
271	-1.604898	-0.397849	0.744065	
272	-1.615192	-0.399157	0.747304	
273	-1.623557	-0.399403	0.750113	
274	-1.632187	-0.400296	0.753141	
275	-1.641731	-0.397883	0.757401	
276	-1.650028	-0.396199	0.762226	
277	-1.658704	-0.393934	0.767495	
278	-1.666799	-0.389503	0.774200	
279	-1.674098	-0.385289	0.781393	
280	-1.680571	-0.380707	0.789191	
281	-1.686905	-0.375164	0.797102	
282	-1.691275	-0.370862	0.804887	
283	-1.695164	-0.366937	0.812895	
284	-1.698644	-0.363201	0.820933	
285	-1.701339	-0.360024	0.828630	
286	-1.704167	-0.359073	0.836367	
287	-1.706904	-0.356696	0.845850	
288	-1.706400	-0.353146	0.854325	
289	-1.707576	-0.353525	0.861429	
290	-1.708531	-0.350894	0.870494	
291	-1.708142	-0.348696	0.879178	
292	-1.708792	-0.347106	0.888544	
293	-1.709474	-0.345464	0.897469	
294	-1.710336	-0.342941	0.907082	
295	-1.711238	-0.340788	0.916378	
296	-1.711807	-0.341180	0.925031	
297	-1.713223	-0.340942	0.934101	
298	-1.713973	-0.341402	0.942740	
299	-1.715096	-0.342685	0.949902	
300	-1.717418	-0.343664	0.958094	
301	-1.719573	-0.345419	0.965761	
302	-1.721855	-0.345006	0.974379	
303	-1.723977	-0.347425	0.981328	
304	-1.726260	-0.349957	0.988416	
305	-1.728321	-0.354661	0.994591	
306	-1.732109	-0.356672	1.001688	
307	-1.735888	-0.357708	1.009010	
308	-1.740020	-0.361738	1.015200	
309	-1.743650	-0.365820	1.021158	
310	-1.747202	-0.369068	1.027072	
311	-1.750936	-0.370790	1.033108	
312	-1.754585	-0.373575	1.038539	
313	-1.758448	-0.377214	1.044168	
314	-1.762387	-0.378908	1.050355	
315	-1.766576	-0.382501	1.056340	
316	-1.771274	-0.386390	1.061384	
317	-1.776261	-0.390896	1.066503	
318	-1.781517	-0.394917	1.071851	
319	-1.787275	-0.399049	1.077463	
320	-1.793008	-0.403339	1.082429	
321	-1.798526	-0.408742	1.087319	
322	-1.804122	-0.413786	1.092271	
323	-1.810007	-0.419259	1.096677	
324	-1.814981	-0.423280	1.100313	
325	-1.820578	-0.427280	1.104393	
326	-1.825359	-0.433208	1.107856	
327	-1.829840	-0.438653	1.111036	
328	-1.834550	-0.443234	1.114145	
329	-1.839229	-0.448441	1.117971	
330	-1.843831	-0.453305	1.122552	
331	-1.848134	-0.459352	1.126651	
332	-1.852387	-0.463830	1.131057	
333	-1.856677	-0.469025	1.136824	
334	-1.860052	-0.476444	1.141473	
335	-1.864211	-0.482126	1.147272	
336	-1.868436	-0.487948	1.153719	
337	-1.871427	-0.493798	1.157793	
338	-1.875059	-0.499604	1.164352	
339	-1.877743	-0.506991	1.170192	
340	-1.879590	-0.513304	1.174725	
341	-1.882151	-0.518492	1.180855	
342	-1.884105	-0.524694	1.188424	
343	-1.885259	-0.531005	1.192604	
344	-1.887306	-0.536294	1.199152	
345	-1.888304	-0.543009	1.206405	
346	-1.889429	-0.548231	1.211880	
347	-1.890973	-0.551220	1.219163	
348	-1.890927	-0.557302	1.226171	
349	-1.890098	-0.563767	1.229495	
350	-1.890696	-0.568268	1.235878	
351	-1.891212	-0.573486	1.243633	
352	-1.890919	-0.579427	1.248728	
353	-1.890734	-0.584902	1.255227	
354	-1.890016	-0.595727	1.267474	
355	-1.889676	-0.600844	1.274222	
356	-1.888980	-0.606017	1.280604	
357	-1.888848	-0.612149	1.288153	
358	-1.888934	-0.617351	1.295476	
359	-1.887558	-0.624002	1.302257	
360	-1.887042	-0.635262	1.317720	
361	-1.886464	-0.641920	1.325535	
362	-1.885482	-0.648013	1.331884	
363	-1.885649	-0.654086	1.340213	
364	-1.885017	-0.659140	1.346581	
365	-1.885299	-0.664013	1.354291	
366	-1.885007	-0.667876	1.361581	
367	-1.884846	-0.670746	1.367178	
368	-1.884726	-0.674550	1.373129	
369	-1.884305	-0.679024	1.379954	
370	-1.883922	-0.682126	1.386348	
371	-1.883398	-0.684996	1.391035	
372	-1.882958	-0.687770	1.397015	
373	-1.882705	-0.690368	1.401278	
374	-1.883133	-0.692975	1.404873	
375	-1.883541	-0.695140	1.409591	
376	-1.884025	-0.697774	1.414656	
377	-1.885041	-0.699358	1.418456	
378	-1.886305	-0.701211	1.423059	
379	-1.888049	-0.702101	1.428335	
380	-1.889649	-0.704807	1.434021	
381	-1.891538	-0.706590	1.438981	
382	-1.893712	-0.709331	1.445172	
383	-1.896133	-0.712751	1.450179	
384	-1.899026	-0.715662	1.455816	
385	-1.902251	-0.719199	1.461780	
386	-1.905442	-0.723899	1.466461	
387	-1.909418	-0.728247	1.472756	
388	-1.913395	-0.733325	1.478014	
389	-1.917446	-0.739446	1.483276	
390	-1.921797	-0.744637	1.488542	
391	-1.926411	-0.750118	1.493519	
392	-1.931325	-0.756185	1.498581	
393	-1.936257	-0.763031	1.505412	
394	-1.941705	-0.768521	1.510592	
395	-1.947165	-0.774155	1.515890	
396	-1.952688	-0.781821	1.523427	
397	-1.958336	-0.787262	1.528883	
398	-1.968380	-0.800586	1.539667	
399	-1.972359	-0.808076	1.545432	
400	-1.976854	-0.814142	1.549932	
401	-1.980113	-0.825365	1.557779	
402	-1.983344	-0.831092	1.561850	
403	-1.986863	-0.839012	1.567356	
404	-1.990525	-0.845354	1.575511	
405	-1.993216	-0.853173	1.583784	
406	-1.996347	-0.857242	1.588307	
407	-1.999445	-0.864321	1.596655	
408	-2.001522	-0.869298	1.604695	
409	-2.003547	-0.873659	1.610603	
410	-2.005914	-0.876500	1.615956	
411	-2.007647	-0.881520	1.624988	
412	-2.009310	-0.882744	1.631021	
413	-2.010782	-0.886381	1.638222	
414	-2.012038	-0.890273	1.646735	
415	-2.012822	-0.893039	1.655250	
416	-2.014185	-0.894194	1.662219	
417	-2.015604	-0.895572	1.669785	
418	-2.016928	-0.898345	1.679708	
419	-2.018405	-0.900338	1.686600	
420	-2.019728	-0.902773	1.695147	
421	-2.021601	-0.901489	1.700845	
422	-2.022806	-0.904265	1.709042	
423	-2.024268	-0.904302	1.714736	
424	-2.025496	-0.906493	1.722039	
425	-2.026620	-0.907732	1.728704	
426	-2.029053	-0.909786	1.739199	
427	-2.030291	-0.911453	1.744600	
428	-2.031130	-0.913534	1.750434	
429	-2.032508	-0.916551	1.756763	
430	-2.034399	-0.919830	1.761263	
431	-2.035556	-0.924957	1.769685	
432	-2.036867	-0.936045	1.780271	
433	-2.037602	-0.941685	1.785668	
434	-2.038167	-0.947323	1.790321	
435	-2.039673	-0.951608	1.792471	
436	-2.040557	-0.958272	1.798011	
437	-2.041774	-0.964258	1.803437	
438	-2.043437	-0.970007	1.807609	
439	-2.044878	-0.976346	1.814083	
440	-2.045952	-0.982076	1.818465	
441	-2.047302	-0.988780	1.823184	
442	-2.048571	-0.994585	1.829553	
443	-2.049823	-1.000540	1.835485	
444	-2.051005	-1.006833	1.840890	
445	-2.052550	-1.012173	1.846451	
446	-2.053173	-1.019015	1.853256	
447	-2.054717	-1.024283	1.856667	
448	-2.055905	-1.030844	1.861470	
449	-2.057067	-1.037571	1.868861	
450	-2.058402	-1.043978	1.873507	
451	-2.060058	-1.050253	1.879702	
452	-2.061350	-1.055528	1.884773	
453	-2.064191	-1.060892	1.889356	
454	-2.065730	-1.068160	1.896747	
455	-2.067664	-1.074672	1.902906	
456	-2.070718	-1.081283	1.908679	
457	-2.074354	-1.087468	1.916735	
458	-2.078379	-1.094090	1.923747	
459	-2.081896	-1.103518	1.933345	
460	-2.088003	-1.108439	1.940955	
461	-2.092945	-1.116222	1.950602	
462	-2.098179	-1.123942	1.961748	
463	-2.103247	-1.130671	1.971998	
464	-2.107521	-1.137640	1.983125	
465	-2.112019	-1.144876	1.995161	
466	-2.115166	-1.152156	2.007670	
467	-2.118338	-1.158568	2.018856	
468	-2.121858	-1.165553	2.029229	
469	-2.125161	-1.172935	2.039903	
470	-2.127664	-1.178838	2.052127	
471	-2.131274	-1.185249	2.061327	
472	-2.134877	-1.192028	2.072656	
473	-2.137127	-1.198086	2.083353	
474	-2.140538	-1.202979	2.093524	
475	-2.142561	-1.209015	2.103864	
476	-2.144349	-1.214520	2.113824	
477	-2.146419	-1.218365	2.122929	
478	-2.147375	-1.221600	2.132289	
479	-2.147877	-1.223705	2.140855	
480	-2.148143	-1.227419	2.148469	
481	-2.147825	-1.229064	2.157331	
482	-2.145234	-1.230338	2.167240	
483	-2.145142	-1.232013	2.173704	
484	-2.144720	-1.233197	2.181990	
485	-2.140829	-1.233650	2.191967	
486	-2.138257	-1.234423	2.199461	
487	-2.136573	-1.235454	2.206361	
488	-2.128788	-1.238194	2.225621	
489	-2.125970	-1.239354	2.233095	
490	-2.122644	-1.241541	2.243757	
491	-2.119025	-1.244176	2.250322	
492	-2.115154	-1.248255	2.257660	
493	-2.111236	-1.251372	2.266631	
494	-2.106988	-1.256091	2.273351	
495	-2.103802	-1.260643	2.279120	
496	-2.099347	-1.264876	2.289714	
497	-2.091729	-1.275557	2.302745	
498	-2.087434	-1.280120	2.310918	
499	-2.082376	-1.283465	2.319420	
500	-2.078472	-1.289418	2.323038	
501	-2.075672	-1.292950	2.328275	
502	-2.069814	-1.297794	2.335473	
503	-2.066856	-1.301815	2.339059	
504	-2.063231	-1.304902	2.344288	
505	-2.059070	-1.307394	2.351347	
506	-2.056017	-1.311208	2.355572	
507	-2.052288	-1.316089	2.358101	
508	-2.047443	-1.320132	2.363797	
509	-2.044317	-1.323061	2.366375	
510	-2.041451	-1.326110	2.369065	
511	-2.036609	-1.329141	2.374415	
512	-2.032493	-1.334208	2.376332	
513	-2.028010	-1.339703	2.378269	
514	-2.021621	-1.343750	2.384542	
515	-2.018268	-1.346846	2.388134	
516	-2.013430	-1.351239	2.392826	
517	-2.007451	-1.356151	2.399390	
518	-2.002773	-1.360680	2.405251	
519	-1.998125	-1.365047	2.413349	
520	-1.991435	-1.370522	2.423016	
521	-1.987769	-1.374943	2.430844	
522	-1.982966	-1.379406	2.440101	
523	-1.977523	-1.384815	2.450012	
524	-1.972405	-1.390037	2.459690	
525	-1.966704	-1.396457	2.469203	
526	-1.962944	-1.403626	2.475996	
527	-1.957615	-1.408530	2.485959	
528	-1.951552	-1.414306	2.495499	
529	-1.947385	-1.419734	2.503489	
530	-1.943210	-1.424747	2.511513	
531	-1.938164	-1.428852	2.520411	
532	-1.933639	-1.434063	2.528183	
533	-1.929664	-1.436972	2.537485	
534	-1.924865	-1.439683	2.545583	
535	-1.919422	-1.443831	2.553010	
536	-1.914807	-1.447780	2.559952	
537	-1.909350	-1.450353	2.567302	
538	-1.903002	-1.454720	2.573251	
539	-1.900567	-1.456883	2.579132	
540	-1.894699	-1.460268	2.585184	
541	-1.887088	-1.464790	2.591589	
542	-1.883068	-1.467782	2.597118	
543	-1.877065	-1.470630	2.603179	
544	-1.869864	-1.473843	2.608891	
545	-1.863810	-1.476153	2.614475	
546	-1.858971	-1.477665	2.619570	
547	-1.851923	-1.478893	2.625804	
548	-1.843600	-1.480904	2.629803	
549	-1.836761	-1.482046	2.634050	
550	-1.828943	-1.483563	2.637794	
551	-1.821079	-1.483180	2.643414	
552	-1.812229	-1.484525	2.646311	
553	-1.805951	-1.484622	2.649908	
554	-1.796019	-1.483335	2.654563	
555	-1.782672	-1.484231	2.659111	
556	-1.776387	-1.483383	2.662780	
557	-1.766224	-1.482497	2.667710	
558	-1.753802	-1.481667	2.673058	
559	-1.745633	-1.480734	2.677210	
560	-1.737104	-1.478714	2.681627	
561	-1.724555	-1.478017	2.686255	
562	-1.714978	-1.477527	2.689824	
563	-1.696496	-1.475253	2.696639	
564	-1.685465	-1.475125	2.699430	
565	-1.677108	-1.474858	2.700894	
566	-1.667396	-1.474242	2.703011	
567	-1.657258	-1.474333	2.705505	
568	-1.648494	-1.475086	2.705877	
569	-1.640917	-1.475411	2.706690	
570	-1.631873	-1.475610	2.709167	
571	-1.623750	-1.476706	2.709989	
572	-1.616189	-1.478520	2.709203	
573	-1.608216	-1.480098	2.709421	
574	-1.600531	-1.481364	2.709830	
575	-1.594132	-1.482249	2.710501	
576	-1.587952	-1.482733	2.711014	
577	-1.579577	-1.483846	2.713097	
578	-1.568458	-1.486607	2.713249	
579	-1.561460	-1.487267	2.715126	
580	-1.553964	-1.488162	2.716516	
581	-1.548836	-1.489726	2.716173	
582	-1.542133	-1.490256	2.718343	
583	-1.534104	-1.492230	2.719777	
584	-1.529377	-1.493653	2.720650	
585	-1.516420	-1.495905	2.725233	
586	-1.511060	-1.496696	2.728090	
587	-1.505655	-1.497483	2.729956	
588	-1.499219	-1.498201	2.732554	
589	-1.492671	-1.499482	2.733223	
590	-1.479882	-1.500587	2.738488	
591	-1.473828	-1.501294	2.741062	
592	-1.466278	-1.502456	2.743541	
593	-1.460827	-1.502863	2.746984	
594	-1.455251	-1.504113	2.749560	
595	-1.448455	-1.504889	2.752168	
596	-1.441448	-1.505252	2.755772	
597	-1.437445	-1.505125	2.758718	
598	-1.430204	-1.504908	2.761670	
599	-1.422960	-1.504517	2.764983	
600	-1.417961	-1.504214	2.766343	
601	-1.412914	-1.503880	2.766910	
602	-1.403682	-1.502695	2.771623	
603	-1.396369	-1.500823	2.775861	
604	-1.392190	-1.500481	2.775187	
605	-1.383280	-1.499369	2.778439	
606	-1.373957	-1.497783	2.781584	
607	-1.368495	-1.496786	2.782413	
608	-1.360051	-1.494929	2.786231	
609	-1.351150	-1.494434	2.786816	
610	-1.342682	-1.492894	2.789587	
611	-1.334720	-1.491758	2.791383	
612	-1.327923	-1.490607	2.791529	
613	-1.318145	-1.489668	2.792079	
614	-1.310642	-1.488494	2.791444	
615	-1.303721	-1.486992	2.790278	
616	-1.295228	-1.485458	2.790041	
617	-1.287195	-1.484383	2.789076	
618	-1.280479	-1.483641	2.786881	
619	-1.271339	-1.483605	2.784489	
620	-1.264503	-1.483480	2.783115	
621	-1.259058	-1.483437	2.780954	
622	-1.251132	-1.483404	2.779622	
623	-1.243721	-1.483618	2.777808	
624	-1.238720	-1.484247	2.773854	
625	-1.231284	-1.484394	2.772162	
626	-1.223747	-1.484727	2.770377	
627	-1.211307	-1.485161	2.766091	
628	-1.203408	-1.485869	2.764260	
629	-1.198082	-1.486941	2.761611	
630	-1.191122	-1.487999	2.760141	
631	-1.185005	-1.488944	2.758458	
632	-1.179038	-1.490364	2.756106	
633	-1.172160	-1.491848	2.754142	
634	-1.166948	-1.492663	2.751936	
635	-1.161685	-1.493442	2.750543	
636	-1.156632	-1.493901	2.749243	
637	-1.147605	-1.493844	2.745014	
638	-1.143613	-1.493493	2.742632	
639	-1.138823	-1.492286	2.741073	
640	-1.132468	-1.491395	2.738636	
641	-1.125929	-1.491042	2.736492	
642	-1.123588	-1.489821	2.734430	
643	-1.120151	-1.488125	2.733317	
644	-1.113447	-1.487477	2.731078	
645	-1.110823	-1.485478	2.730306	
646	-1.107932	-1.483723	2.729142	
647	-1.101028	-1.481927	2.728371	
648	-1.094876	-1.480516	2.726489	
649	-1.091318	-1.478327	2.725097	
650	-1.086744	-1.475917	2.723566	
651	-1.081491	-1.473385	2.721279	
652	-1.075255	-1.470313	2.720076	
653	-1.071190	-1.466560	2.718453	
654	-1.064388	-1.463065	2.716768	
655	-1.058579	-1.459155	2.714804	
656	-1.053651	-1.454837	2.712996	
657	-1.044929	-1.451291	2.710579	
658	-1.042394	-1.446398	2.709095	
659	-1.037993	-1.441561	2.707799	
660	-1.027705	-1.438970	2.704984	
661	-1.022765	-1.434949	2.703338	
662	-1.018892	-1.430778	2.701632	
663	-1.012783	-1.427082	2.698514	
664	-1.008620	-1.422791	2.695683	
665	-1.004803	-1.418558	2.692529	
666	-1.000858	-1.414074	2.688745	
667	-0.999469	-1.408693	2.685053	
668	-0.992633	-1.404884	2.679903	
669	-0.987190	-1.400101	2.675323	
670	-0.983939	-1.394187	2.672075	
671	-0.977804	-1.389335	2.666601	
672	-0.971202	-1.384297	2.661460	
673	-0.959923	-1.375136	2.649604	
674	-0.952437	-1.371333	2.643803	
675	-0.938780	-1.363902	2.632728	
676	-0.928737	-1.362157	2.625537	
677	-0.926453	-1.357291	2.622427	
678	-0.923253	-1.352607	2.619278	
679	-0.916636	-1.349822	2.613590	
680	-0.910612	-1.345646	2.609546	
681	-0.907370	-1.340423	2.607311	
682	-0.901932	-1.337223	2.603603	
683	-0.896248	-1.333822	2.600792	
684	-0.887967	-1.325677	2.597402	
685	-0.882512	-1.323028	2.594823	
686	-0.881274	-1.317074	2.595334	
687	-0.878156	-1.313140	2.594350	
688	-0.871265	-1.310990	2.592133	
689	-0.869451	-1.304599	2.594428	
690	-0.866333	-1.299600	2.594633	
691	-0.861459	-1.296123	2.593913	
692	-0.858636	-1.291102	2.595185	
693	-0.858029	-1.285408	2.597259	
694	-0.853826	-1.282859	2.596810	
695	-0.851327	-1.278964	2.598260	
696	-0.850121	-1.274546	2.599803	
697	-0.844735	-1.273915	2.598326	
698	-0.843632	-1.269624	2.600843	
699	-0.842480	-1.266744	2.602118	
700	-0.837756	-1.266265	2.601840	
701	-0.836657	-1.262782	2.604435	
702	-0.834820	-1.260422	2.605668	
703	-0.831349	-1.259125	2.606759	
704	-0.829593	-1.256255	2.609508	
705	-0.827126	-1.253982	2.611872	
706	-0.824123	-1.251591	2.614270	
707	-0.821621	-1.248791	2.617045	
708	-0.819579	-1.246264	2.619980	
709	-0.816537	-1.244679	2.621720	
710	-0.814414	-1.241789	2.624574	
711	-0.812469	-1.239231	2.627231	
712	-0.803825	-1.232336	2.635574	
713	-0.798293	-1.232769	2.635218	
714	-0.792490	-1.232837	2.636520	
715	-0.791252	-1.230186	2.640344	
716	-0.785192	-1.231310	2.640938	
717	-0.781811	-1.230525	2.643690	
718	-0.779928	-1.228065	2.647211	
719	-0.775019	-1.228390	2.648792	
720	-0.770899	-1.227911	2.651116	
721	-0.768526	-1.225948	2.654639	
722	-0.762779	-1.227194	2.655090	
723	-0.757938	-1.227833	2.657368	
724	-0.755588	-1.226664	2.660913	
725	-0.752566	-1.226389	2.663057	
726	-0.746382	-1.228994	2.663906	
727	-0.744041	-1.227624	2.668371	
728	-0.740714	-1.227227	2.671144	
729	-0.735302	-1.229056	2.672152	
730	-0.732000	-1.228123	2.676677	
731	-0.729347	-1.227543	2.679255	
732	-0.723631	-1.229523	2.680279	
733	-0.720701	-1.229106	2.684366	
734	-0.717033	-1.229449	2.686742	
735	-0.712368	-1.230885	2.688011	
736	-0.710010	-1.230221	2.691604	
737	-0.706055	-1.231460	2.693388	
738	-0.701927	-1.232853	2.695641	
739	-0.699083	-1.233847	2.698516	
740	-0.694508	-1.237313	2.698440	
741	-0.692689	-1.238657	2.701231	
742	-0.691086	-1.239404	2.704470	
743	-0.689870	-1.240527	2.706487	
744	-0.689241	-1.240567	2.710351	
745	-0.686932	-1.242209	2.712463	
746	-0.685450	-1.243268	2.715659	
747	-0.684394	-1.243848	2.718606	
748	-0.681783	-1.245184	2.721174	
749	-0.679316	-1.246739	2.723718	
750	-0.679618	-1.245635	2.728206	
751	-0.676636	-1.247570	2.730479	
752	-0.674163	-1.249318	2.734586	
753	-0.672800	-1.250455	2.739705	
754	-0.670476	-1.252702	2.743497	
755	-0.667181	-1.256116	2.746843	
756	-0.665867	-1.258133	2.751956	
757	-0.663611	-1.261528	2.756504	
758	-0.659534	-1.266628	2.760232	
759	-0.658606	-1.269343	2.766907	
760	-0.655754	-1.273767	2.771369	
761	-0.652877	-1.277797	2.777215	
762	-0.651131	-1.281227	2.784143	
763	-0.649292	-1.284613	2.789730	
764	-0.646781	-1.288519	2.795199	
765	-0.643774	-1.292592	2.800741	
766	-0.640712	-1.296945	2.806440	
767	-0.638972	-1.300261	2.813300	
768	-0.635121	-1.305062	2.817611	
769	-0.632984	-1.308264	2.823881	
770	-0.632669	-1.309885	2.830775	
771	-0.628339	-1.314599	2.834516	
772	-0.625695	-1.317488	2.840224	
773	-0.623102	-1.319847	2.845411	
774	-0.618450	-1.323753	2.847312	
775	-0.617199	-1.324407	2.853511	
776	-0.615465	-1.324927	2.858640	
777	-0.610386	-1.327132	2.861454	
778	-0.606570	-1.328111	2.865433	
779	-0.602652	-1.328722	2.869305	
780	-0.596508	-1.331742	2.869387	
781	-0.592060	-1.333452	2.871143	
782	-0.587839	-1.335150	2.872417	
783	-0.581850	-1.337687	2.871966	
784	-0.575612	-1.340327	2.872775	
785	-0.570580	-1.342078	2.874495	
786	-0.563262	-1.344097	2.875305	
787	-0.557786	-1.345732	2.876602	
788	-0.545942	-1.349185	2.880311	
789	-0.538642	-1.351111	2.882561	
790	-0.532039	-1.353395	2.885055	
791	-0.524097	-1.355853	2.885992	
792	-0.516343	-1.358112	2.886981	
793	-0.507123	-1.361548	2.887432	
794	-0.500226	-1.363704	2.889726	
795	-0.491655	-1.366230	2.890331	
796	-0.482031	-1.369262	2.890440	
797	-0.474930	-1.370558	2.893207	
798	-0.467218	-1.372359	2.894682	
799	-0.457673	-1.375554	2.895102	
800	-0.451001	-1.376740	2.897889	
801	-0.433869	-1.382188	2.897596	
802	-0.421528	-1.384718	2.899448	
803	-0.409155	-1.387717	2.900096	
804	-0.403531	-1.388790	2.900537	
805	-0.396844	-1.390357	2.899817	
806	-0.393083	-1.389787	2.901249	
807	-0.386453	-1.390239	2.900743	
808	-0.379623	-1.391128	2.899889	
809	-0.373507	-1.390524	2.900868	
810	-0.366059	-1.391415	2.899926	
811	-0.357637	-1.392952	2.899014	
812	-0.351214	-1.392110	2.900113	
813	-0.344613	-1.393181	2.900139	
814	-0.336648	-1.394609	2.899029	
815	-0.330913	-1.394028	2.900011	
816	-0.323991	-1.394794	2.899597	
817	-0.315883	-1.395628	2.897895	
818	-0.311399	-1.394766	2.898445	
819	-0.304732	-1.395597	2.895878	
820	-0.298894	-1.396306	2.893873	
821	-0.293396	-1.395896	2.892617	
822	-0.288275	-1.395841	2.890948	
823	-0.283163	-1.395196	2.889410	
824	-0.277618	-1.393679	2.888145	
825	-0.272006	-1.393225	2.886044	
826	-0.266231	-1.391331	2.884394	
827	-0.261837	-1.388781	2.883126	
828	-0.257642	-1.386623	2.881017	
829	-0.245624	-1.380445	2.876978	
830	-0.239850	-1.377572	2.873800	
831	-0.234066	-1.374341	2.870203	
832	-0.228076	-1.369845	2.866863	
833	-0.222104	-1.365567	2.862673	
834	-0.213651	-1.361811	2.857368	
835	-0.206082	-1.356858	2.852907	
836	-0.197430	-1.351727	2.848191	
837	-0.189017	-1.348567	2.841532	
838	-0.179129	-1.344581	2.835526	
839	-0.171478	-1.340099	2.829553	
840	-0.162502	-1.336489	2.822960	
841	-0.145071	-1.329350	2.809004	
842	-0.137330	-1.325790	2.802432	
843	-0.130217	-1.322678	2.795113	
844	-0.121757	-1.318796	2.788730	
845	-0.116051	-1.316563	2.781558	
846	-0.108816	-1.312936	2.776202	
847	-0.101529	-1.309872	2.769596	
848	-0.096074	-1.308273	2.762958	
849	-0.088352	-1.304896	2.757288	
850	-0.081884	-1.305738	2.747673	
851	-0.074782	-1.305187	2.740823	
852	-0.066763	-1.301747	2.736542	
853	-0.063076	-1.302917	2.728091	
854	-0.056038	-1.304067	2.720655	
855	-0.048098	-1.303168	2.714358	
856	-0.043588	-1.302677	2.707609	
857	-0.039534	-1.301881	2.700787	
858	-0.033356	-1.300768	2.693275	
859	-0.027124	-1.299198	2.686433	
860	-0.020269	-1.297015	2.680802	
861	-0.015176	-1.296843	2.673156	
862	-0.008032	-1.296304	2.667464	
863	-0.000758	-1.297072	2.659924	
864	0.005989	-1.298219	2.653399	
865	0.013614	-1.298949	2.648085	
866	0.020200	-1.301014	2.641140	
867	0.027467	-1.302732	2.635279	
868	0.034295	-1.304442	2.629898	
869	0.039558	-1.306836	2.622765	
870	0.045717	-1.309553	2.615460	
871	0.052625	-1.311339	2.609209	
872	0.058018	-1.313604	2.602385	
873	0.063674	-1.315765	2.594918	
874	0.068191	-1.318186	2.586844	
875	0.079659	-1.320126	2.573046	
876	0.082335	-1.322020	2.563962	
877	0.086812	-1.322823	2.556406	
878	0.089775	-1.324120	2.547043	
879	0.097657	-1.323773	2.532380	
880	0.098955	-1.323243	2.523484	
881	0.101099	-1.322743	2.514951	
882	0.105324	-1.320613	2.508627	
883	0.106587	-1.319608	2.500940	
884	0.107786	-1.319380	2.492182	
885	0.107677	-1.317742	2.483724	
886	0.110813	-1.316322	2.474467	
887	0.112191	-1.315001	2.465997	
888	0.115365	-1.313011	2.456995	
889	0.116557	-1.311159	2.448477	
890	0.119960	-1.309940	2.438766	
891	0.122605	-1.309616	2.428477	
892	0.126076	-1.308568	2.419320	
893	0.127793	-1.307604	2.409722	
894	0.130031	-1.307397	2.398485	
895	0.132070	-1.307438	2.388908	
896	0.136452	-1.308036	2.379065	
897	0.139407	-1.309205	2.370514	
898	0.144282	-1.309465	2.363336	
899	0.148705	-1.308965	2.356539	
900	0.150957	-1.308204	2.348094	
901	0.154001	-1.307152	2.340102	
902	0.157001	-1.305356	2.334164	
903	0.160434	-1.303499	2.327250	
904	0.161380	-1.301820	2.319739	
905	0.164669	-1.299450	2.313965	
906	0.166305	-1.297318	2.307345	
907	0.169884	-1.295558	2.300874	
908	0.174708	-1.293184	2.295836	
909	0.176994	-1.291415	2.287186	
910	0.182907	-1.289748	2.284210	
911	0.187692	-1.287816	2.280438	
912	0.192649	-1.286352	2.277214	
913	0.197000	-1.285822	2.273818	
914	0.199573	-1.284089	2.270200	
915	0.205748	-1.281573	2.267231	
916	0.208116	-1.279835	2.263585	
917	0.212424	-1.277233	2.262053	
918	0.215470	-1.275090	2.258900	
919	0.221036	-1.273660	2.255880	
920	0.222897	-1.271656	2.255081	
921	0.227815	-1.269841	2.252545	
922	0.229820	-1.269022	2.251245	
923	0.234383	-1.267086	2.249803	
924	0.237937	-1.265963	2.248043	
925	0.242243	-1.265254	2.247340	
926	0.246154	-1.263976	2.247347	
927	0.250746	-1.263694	2.246362	
928	0.255901	-1.263617	2.246618	
929	0.257744	-1.262757	2.248195	
930	0.262280	-1.262763	2.248518	
931	0.265873	-1.263398	2.250237	
932	0.268331	-1.263438	2.253330	
933	0.270634	-1.264356	2.255114	
934	0.273182	-1.265247	2.258029	
935	0.277369	-1.265548	2.260020	
936	0.280709	-1.266376	2.260930	
937	0.284002	-1.267380	2.262954	
938	0.287744	-1.267754	2.267134	
939	0.290267	-1.268631	2.271211	
940	0.292036	-1.269295	2.274852	
941	0.295702	-1.269767	2.277647	
942	0.299003	-1.270207	2.279769	
943	0.301562	-1.270915	2.283228	
944	0.303624	-1.270936	2.287959	
945	0.306726	-1.271188	2.290913	
946	0.310112	-1.271631	2.293980	
947	0.311225	-1.271856	2.297848	
948	0.314386	-1.273111	2.300582	
949	0.316825	-1.273827	2.303708	
950	0.323453	-1.275287	2.306755	
951	0.326840	-1.276105	2.310773	
952	0.328767	-1.276383	2.312559	
953	0.330334	-1.276597	2.316563	
954	0.332174	-1.276066	2.320947	
955	0.335374	-1.275108	2.323809	
956	0.338806	-1.274088	2.325969	
957	0.340838	-1.272937	2.331371	
958	0.342353	-1.271470	2.337241	
959	0.341579	-1.269461	2.340955	
960	0.344581	-1.269167	2.345245	
961	0.346870	-1.268381	2.349927	
962	0.347130	-1.267165	2.355212	
963	0.351677	-1.267623	2.356552	
964	0.353065	-1.267617	2.362572	
965	0.353166	-1.266979	2.367857	
966	0.358572	-1.268022	2.369940	
967	0.360601	-1.268168	2.375832	
968	0.363264	-1.269232	2.381475	
969	0.369173	-1.271785	2.384525	
970	0.373030	-1.273101	2.391154	
971	0.374888	-1.273923	2.398007	
972	0.380053	-1.277366	2.403253	
973	0.382840	-1.278644	2.412065	
974	0.383760	-1.277817	2.418908	
975	0.387510	-1.280441	2.424443	
976	0.388434	-1.280611	2.433569	
977	0.392385	-1.282291	2.438306	
978	0.397603	-1.285410	2.445814	
979	0.396152	-1.283805	2.453138	
980	0.398057	-1.284098	2.454274	
981	0.403979	-1.286052	2.460573	
982	0.405149	-1.285798	2.468805	
983	0.407534	-1.286319	2.470816	
984	0.410318	-1.287213	2.476317	
985	0.410457	-1.287120	2.482617	
986	0.411633	-1.287500	2.485128	
987	0.414107	-1.288392	2.490981	
988	0.416688	-1.289287	2.495246	
989	0.419262	-1.290885	2.497950	
990	0.422078	-1.290812	2.504339	
991	0.422625	-1.290775	2.508894	
992	0.424628	-1.292024	2.513053	
993	0.425844	-1.290273	2.519092	
994	0.427951	-1.290038	2.522634	
995	0.430637	-1.290416	2.525012	
996	0.432701	-1.288605	2.530861	
997	0.432622	-1.285599	2.538632	
998	0.435850	-1.285165	2.542315	
999	0.437646	-1.283346	2.548165	
1000	0.440907	-1.281282	2.559523	
1001	0.442090	-1.278644	2.569778	
1002	0.442791	-1.277958	2.577916	
1003	0.443258	-1.278642	2.583202	
1004	0.442210	-1.276959	2.589522	
1005	0.441181	-1.276272	2.594037	
1006	0.440751	-1.274842	2.599317	
1007	0.441244	-1.274078	2.602486	
1008	0.441971	-1.274069	2.605852	
1009	0.441897	-1.273552	2.608334	
1010	0.442628	-1.274043	2.610435	
1011	0.443692	-1.274368	2.612948	
1012	0.443586	-1.273820	2.616231	
1013	0.443480	-1.273304	2.619751	
1014	0.445161	-1.273993	2.620604	
1015	0.447412	-1.275992	2.623969	
1016	0.446185	-1.274962	2.627791	
1017	0.447452	-1.275196	2.629204	
1018	0.449520	-1.276377	2.631037	
1019	0.451649	-1.274633	2.633051	
1020	0.453652	-1.274805	2.632668	
1021	0.452187	-1.271246	2.634082	
1022	0.454690	-1.270913	2.633580	
1023	0.455159	-1.265084	2.632315	
1024	0.458115	-1.259837	2.630216	
1025	0.457512	-1.254725	2.629267	
1026	0.458236	-1.251101	2.628591	
1027	0.461457	-1.249203	2.626914	
1028	0.462080	-1.244626	2.625797	
1029	0.463701	-1.241164	2.626342	
1030	0.466208	-1.238285	2.626425	
1031	0.465667	-1.232060	2.625793	
1032	0.468325	-1.229034	2.626802	
1033	0.471460	-1.227261	2.627274	
1034	0.471860	-1.222422	2.627924	
1035	0.474608	-1.219086	2.626964	
1036	0.478384	-1.217864	2.627898	
1037	0.480429	-1.214078	2.627306	
1038	0.481236	-1.210627	2.628000	
1039	0.485184	-1.209202	2.627615	
1040	0.487268	-1.206852	2.627005	
1041	0.489026	-1.203642	2.625154	
1042	0.490577	-1.201098	2.623917	
1043	0.493178	-1.199697	2.621509	
1044	0.494479	-1.196967	2.618747	
1045	0.495822	-1.195388	2.617905	
1046	0.497931	-1.193499	2.616002	
1047	0.499065	-1.190325	2.616326	
1048	0.501461	-1.188985	2.614770	
1049	0.502662	-1.187214	2.613547	
1050	0.503184	-1.187489	2.615882	
1051	0.504274	-1.185293	2.614498	
1052	0.505151	-1.183703	2.614184	
1053	0.505340	-1.182587	2.615322	
1054	0.506397	-1.181030	2.614994	
1055	0.506823	-1.179420	2.615620	
1056	0.506876	-1.177665	2.616847	
1057	0.507045	-1.175520	2.617846	
1058	0.506949	-1.174388	2.620602	
1059	0.506401	-1.173110	2.623345	
1060	0.506987	-1.173276	2.626807	
1061	0.506629	-1.175017	2.632424	
1062	0.504459	-1.174697	2.637404	
1063	0.504878	-1.175927	2.641590	
1064	0.505568	-1.174140	2.641912	
1065	0.504437	-1.170657	2.641929	
1066	0.506899	-1.172100	2.644276	
1067	0.506950	-1.172455	2.647776	
1068	0.505949	-1.169303	2.648615	
1069	0.507566	-1.170694	2.652212	
1070	0.507874	-1.172545	2.657748	
1071	0.504904	-1.169805	2.662169	
1072	0.505100	-1.167565	2.663519	
1073	0.504126	-1.168212	2.669906	
1074	0.501173	-1.165598	2.674697	
1075	0.501216	-1.163861	2.677518	
1076	0.500146	-1.163496	2.682867	
1077	0.498154	-1.161896	2.688044	
1078	0.497052	-1.161380	2.693345	
1079	0.495803	-1.163103	2.701375	
1080	0.495007	-1.164574	2.707930	
1081	0.492452	-1.163720	2.714454	
1082	0.494225	-1.164415	2.717125	
1083	0.494812	-1.161858	2.716621	
1084	0.492268	-1.160380	2.721514	
1085	0.495216	-1.160945	2.720352	
1086	0.495243	-1.159620	2.720180	
1087	0.492874	-1.156919	2.721545	
1088	0.494393	-1.157637	2.720553	
1089	0.492020	-1.152685	2.717050	
1090	0.488853	-1.151253	2.718606	
1091	0.490158	-1.150862	2.713913	
1092	0.487339	-1.149451	2.713667	
1093	0.484498	-1.150011	2.715817	
1094	0.484700	-1.152867	2.714616	
1095	0.480287	-1.152240	2.716748	
1096	0.479617	-1.153645	2.715210	
1097	0.478355	-1.154943	2.714158	
1098	0.473824	-1.154124	2.716042	
1099	0.473615	-1.157935	2.716496	
1100	0.470252	-1.159913	2.719128	
1101	0.464357	-1.164101	2.723606	
1102	0.460607	-1.163931	2.724212	
1103	0.457168	-1.164370	2.725613	
1104	0.453385	-1.165859	2.729039	
1105	0.448895	-1.167987	2.734242	
1106	0.444881	-1.170574	2.739303	
1107	0.441465	-1.171601	2.741210	
1108	0.437268	-1.175819	2.749433	
1109	0.433233	-1.177904	2.753788	
1110	0.429207	-1.179671	2.756723	
1111	0.425035	-1.182356	2.760953	
1112	0.420775	-1.185913	2.765746	
1113	0.416491	-1.189799	2.770899	
1114	0.411530	-1.191865	2.773380	
1115	0.407190	-1.194983	2.776739	
1116	0.395763	-1.200805	2.785851	
1117	0.391089	-1.203996	2.788719	
1118	0.385690	-1.206838	2.792267	
1119	0.379044	-1.207802	2.794264	
1120	0.374355	-1.213190	2.800952	
1121	0.367880	-1.214589	2.804472	
1122	0.362071	-1.217767	2.809599	
1123	0.357254	-1.220335	2.811259	
1124	0.351793	-1.224777	2.820715	
1125	0.345961	-1.226303	2.825354	
1126	0.341671	-1.228456	2.827819	
1127	0.336614	-1.228884	2.830449	
1128	0.332633	-1.231044	2.834829	
1129	0.329182	-1.233593	2.838673	
1130	0.325012	-1.233515	2.839109	
1131	0.323232	-1.237326	2.843481	
1132	0.320785	-1.239344	2.847161	
1133	0.317928	-1.239859	2.847483	
1134	0.316922	-1.241234	2.845880	
1135	0.316046	-1.244648	2.849100	
1136	0.314816	-1.245959	2.848635	
1137	0.313697	-1.247074	2.849124	
1138	0.313450	-1.249279	2.849177	
1139	0.311693	-1.249300	2.849857	
1140	0.311047	-1.249526	2.848469	
1141	0.310982	-1.251478	2.849562	
1142	0.308603	-1.250385	2.850546	
1143	0.308157	-1.251750	2.852008	
1144	0.306830	-1.252195	2.852724	
1145	0.304780	-1.252003	2.855131	
1146	0.303473	-1.252640	2.857463	
1147	0.301515	-1.253495	2.862841	
1148	0.298533	-1.252588	2.864826	
1149	0.296708	-1.253657	2.868865	
1150	0.295922	-1.256659	2.874097	
1151	0.291904	-1.256051	2.878070	
1152	0.291254	-1.260156	2.884026	
1153	0.289366	-1.262438	2.887202	
1154	0.285803	-1.263724	2.891606	
1155	0.284401	-1.266823	2.893892	
1156	0.282008	-1.269506	2.896682	
1157	0.279166	-1.271426	2.898062	
1158	0.277096	-1.274612	2.900508	
1159	0.274716	-1.277415	2.903485	
1160	0.272911	-1.280914	2.905744	
1161	0.270365	-1.284350	2.908793	
1162	0.267717	-1.287294	2.911812	
1163	0.266336	-1.291497	2.912537	
1164	0.263413	-1.294200	2.916405	
1165	0.261029	-1.297159	2.916356	
1166	0.259389	-1.300919	2.919045	
1167	0.257561	-1.304353	2.922380	
1168	0.256147	-1.308131	2.924788	
1169	0.254784	-1.311503	2.927419	
1170	0.252913	-1.314083	2.930758	
1171	0.251727	-1.317286	2.933930	
1172	0.250278	-1.319959	2.937347	
1173	0.248682	-1.322697	2.939444	
1174	0.246076	-1.324796	2.943016	
1175	0.245340	-1.328383	2.944438	
1176	0.242418	-1.329899	2.950902	
1177	0.239901	-1.331243	2.951508	
1178	0.238072	-1.333295	2.955746	
1179	0.234853	-1.334565	2.961094	
1180	0.232925	-1.337036	2.965182	
1181	0.230677	-1.339528	2.968875	
1182	0.228559	-1.343234	2.974866	
1183	0.226336	-1.346824	2.979081	
1184	0.223678	-1.350417	2.983932	
1185	0.220218	-1.354217	2.987501	
1186	0.216542	-1.357997	2.991515	
1187	0.212922	-1.362754	2.997715	
1188	0.208325	-1.366635	3.003399	
1189	0.204491	-1.371027	3.007387	
1190	0.200366	-1.375782	3.012914	
1191	0.195298	-1.379941	3.018633	
1192	0.190907	-1.384598	3.023755	
1193	0.185580	-1.389757	3.029506	
1194	0.179023	-1.394014	3.036153	
1195	0.174508	-1.399926	3.041436	
1196	0.169440	-1.405813	3.048223	
1197	0.164660	-1.410686	3.054343	
1198	0.160108	-1.415753	3.061233	
1199	0.155644	-1.420892	3.067701	
1200	0.151394	-1.426336	3.073650	
1201	0.146870	-1.431461	3.080197	
1202	0.139014	-1.442125	3.095524	
1203	0.135334	-1.447328	3.102666	
1204	0.132042	-1.452589	3.110215	
1205	0.128956	-1.457702	3.116624	
1206	0.127235	-1.463478	3.125733	
1207	0.124701	-1.467683	3.134161	
1208	0.122769	-1.472241	3.141424	
1209	0.120975	-1.477101	3.149683	
1210	0.119335	-1.482034	3.158082	
1211	0.117334	-1.485977	3.163086	
1212	0.114870	-1.489882	3.170904	
1213	0.112451	-1.497502	3.183297	
1214	0.112266	-1.501478	3.190147	
1215	0.112077	-1.504976	3.194356	
1216	0.112991	-1.508943	3.200033	
1217	0.114416	-1.512627	3.206359	
1218	0.116472	-1.515988	3.212875	
1219	0.119586	-1.519755	3.218152	
1220	0.122412	-1.523131	3.223868	
1221	0.126792	-1.526643	3.230322	
1222	0.130787	-1.529020	3.236084	
1223	0.136809	-1.532365	3.242374	
1224	0.141906	-1.534598	3.249629	
1225	0.148602	-1.536776	3.256298	
1226	0.156273	-1.539347	3.263395	
1227	0.162762	-1.540904	3.271459	
1228	0.171261	-1.543105	3.278801	
1229	0.179555	-1.545921	3.285282	
1230	0.188508	-1.548643	3.295150	
1231	0.196122	-1.551085	3.301391	
1232	0.205987	-1.555281	3.309015	
1233	0.214245	-1.558546	3.315265	
1234	0.222756	-1.562498	3.321058	
1235	0.231334	-1.566355	3.327384	
1236	0.239307	-1.569773	3.332201	
1237	0.247252	-1.573317	3.337019	
1238	0.255089	-1.576349	3.342432	
1239	0.262640	-1.579331	3.348452	
1240	0.269480	-1.582993	3.354134	
1241	0.275779	-1.587322	3.359219	
1242	0.282373	-1.591209	3.365714	
1243	0.287551	-1.595201	3.369695	
1244	0.293019	-1.598853	3.374859	
1245	0.298845	-1.602627	3.380601	
1246	0.304352	-1.607056	3.384622	
1247	0.311162	-1.611302	3.391542	
1248	0.316514	-1.615574	3.396693	
1249	0.322574	-1.620897	3.401371	
1250	0.333990	-1.628743	3.409240	
1251	0.340043	-1.633862	3.414292	
1252	0.346334	-1.639063	3.420017	
1253	0.354041	-1.644372	3.426113	
1254	0.368504	-1.656003	3.439451	
1255	0.376103	-1.662068	3.446269	
1256	0.382384	-1.667051	3.453321	
1257	0.389264	-1.672002	3.459933	
1258	0.396129	-1.676445	3.467107	
1259	0.402487	-1.679997	3.474181	
1260	0.409260	-1.684537	3.479030	
1261	0.416472	-1.688754	3.484271	
1262	0.422738	-1.692902	3.489937	
1263	0.429554	-1.696525	3.494623	
1264	0.435800	-1.699685	3.498782	
1265	0.442391	-1.702351	3.503127	
1266	0.450107	-1.704808	3.507416	
1267	0.459331	-1.708116	3.510493	
1268	0.468226	-1.710420	3.514799	
1269	0.477614	-1.712602	3.518625	
1270	0.487542	-1.714998	3.522022	
1271	0.497349	-1.716562	3.525554	
1272	0.507774	-1.718184	3.528973	
1273	0.519891	-1.719749	3.532044	
1274	0.531515	-1.721146	3.534584	
1275	0.542476	-1.721559	3.538013	
1276	0.554982	-1.723425	3.539132	
1277	0.567069	-1.723943	3.542615	
1278	0.579885	-1.724899	3.544064	
1279	0.591305	-1.724599	3.547271	
1280	0.604628	-1.725100	3.549054	
1281	0.616156	-1.725712	3.550987	
1282	0.627618	-1.726190	3.552552	
1283	0.639737	-1.726812	3.553152	
1284	0.652059	-1.728708	3.553050	
1285	0.664903	-1.729952	3.554356	
1286	0.677973	-1.731292	3.555803	
1287	0.690011	-1.732993	3.556305	
1288	0.701792	-1.734214	3.557056	
1289	0.714403	-1.734900	3.558400	
1290	0.728333	-1.736212	3.558620	
1291	0.741220	-1.735870	3.560133	
1292	0.753232	-1.737210	3.559605	
1293	0.766026	-1.738051	3.560148	
1294	0.778273	-1.739159	3.560298	
1295	0.790103	-1.740469	3.560769	
1296	0.803000	-1.741843	3.560637	
1297	0.814781	-1.741837	3.561890	
1298	0.825365	-1.742183	3.562646	
1299	0.838812	-1.743875	3.562810	
1300	0.850677	-1.745201	3.563534	
1301	0.863467	-1.745827	3.565535	
1302	0.876803	-1.747959	3.566886	
1303	0.888577	-1.748634	3.570029	
1304	0.900343	-1.750474	3.572322	
1305	0.915205	-1.751235	3.576213	
1306	0.926726	-1.752839	3.579657	
1307	0.939799	-1.754988	3.583586	
1308	0.951608	-1.757870	3.587481	
1309	0.962245	-1.759639	3.593572	
1310	0.974376	-1.762417	3.598675	
1311	0.988610	-1.764048	3.604742	
1312	0.999175	-1.766184	3.611060	
1313	1.010980	-1.770097	3.615276	
1314	1.022635	-1.772792	3.620457	
1315	1.031762	-1.775139	3.625538	
1316	1.041571	-1.778453	3.629021	
1317	1.049919	-1.780321	3.633955	
1318	1.067457	-1.783653	3.643070	
1319	1.076260	-1.784944	3.646938	
1320	1.085269	-1.785877	3.651619	
1321	1.093430	-1.787343	3.654853	
1322	1.103866	-1.788936	3.657222	
1323	1.118377	-1.788458	3.660475	
1324	1.128104	-1.789285	3.662642	
1325	1.138586	-1.791313	3.663486	
1326	1.149083	-1.790730	3.666625	
1327	1.159388	-1.791740	3.667284	
1328	1.169667	-1.792574	3.668209	
1329	1.180887	-1.791875	3.668690	
1330	1.191962	-1.792146	3.668676	
1331	1.203503	-1.791463	3.667689	
1332	1.214896	-1.790506	3.666914	
1333	1.228045	-1.788315	3.666881	
1334	1.251994	-1.784996	3.663731	
1335	1.266290	-1.782326	3.661427	
1336	1.277624	-1.778345	3.662236	
1337	1.308233	-1.774078	3.657565	
1338	1.334762	-1.770140	3.652795	
1339	1.349798	-1.765962	3.650347	
1340	1.360002	-1.762615	3.648351	
1341	1.372596	-1.761344	3.643403	
1342	1.383546	-1.759543	3.639481	
1343	1.395678	-1.758259	3.634754	
1344	1.405973	-1.758733	3.629145	
1345	1.423673	-1.754228	3.625125	
1346	1.426072	-1.755568	3.620939	
1347	1.442476	-1.752508	3.615552	
1348	1.446560	-1.751666	3.612832	
1349	1.453063	-1.751710	3.607356	
1350	1.463003	-1.750305	3.602642	
1351	1.472967	-1.746592	3.599349	
1352	1.479122	-1.747567	3.593575	
1353	1.488656	-1.745730	3.588936	
1354	1.497926	-1.743122	3.585386	
1355	1.506392	-1.742626	3.579152	
1356	1.516956	-1.739564	3.575097	
1357	1.526479	-1.737427	3.570438	
1358	1.537925	-1.735314	3.564676	
1359	1.549266	-1.731999	3.561618	
1360	1.559404	-1.729929	3.556981	
1361	1.571160	-1.727629	3.554257	
1362	1.585163	-1.724626	3.549760	
1363	1.595212	-1.721217	3.547925	
1364	1.607257	-1.719477	3.544125	
1365	1.620917	-1.716896	3.540950	
1366	1.632911	-1.714181	3.537999	
1367	1.643171	-1.712945	3.534486	
1368	1.655964	-1.709538	3.530850	
1369	1.664792	-1.707646	3.527438	
1370	1.676534	-1.704644	3.523471	
1371	1.687339	-1.700901	3.520809	
1372	1.696522	-1.698639	3.517581	
1373	1.706817	-1.695891	3.513628	
1374	1.715451	-1.692708	3.510039	
1375	1.723783	-1.690072	3.506516	
1376	1.732171	-1.687214	3.502404	
1377	1.740783	-1.684228	3.497306	
1378	1.749138	-1.681396	3.492290	
1379	1.756257	-1.678259	3.487384	
1380	1.765151	-1.674619	3.481459	
1381	1.774864	-1.668461	3.476519	
1382	1.779525	-1.664467	3.473374	
1383	1.786374	-1.660829	3.466529	
1384	1.796104	-1.654436	3.459074	
1385	1.800548	-1.650497	3.453147	
1386	1.808995	-1.645071	3.444861	
1387	1.817033	-1.638499	3.436535	
1388	1.822686	-1.634828	3.426834	
1389	1.830056	-1.629216	3.418042	
1390	1.835480	-1.623492	3.411643	
1391	1.843930	-1.618280	3.402057	
1392	1.853464	-1.613146	3.391577	
1393	1.860406	-1.606886	3.384502	
1394	1.866359	-1.602778	3.377417	
1395	1.878874	-1.594914	3.363681	
1396	1.891163	-1.585023	3.348799	
1397	1.898220	-1.580083	3.341029	
1398	1.904457	-1.575036	3.333953	
1399	1.910560	-1.572432	3.324893	
1400	1.917582	-1.568166	3.317133	
1401	1.923569	-1.564735	3.309802	
1402	1.929954	-1.561544	3.301198	
1403	1.935757	-1.558545	3.292397	
1404	1.941176	-1.555430	3.283529	
1405	1.946401	-1.551129	3.276764	
1406	1.952637	-1.546028	3.271196	
1407	1.959188	-1.541891	3.262747	
1408	1.965643	-1.537161	3.255212	
1409	1.972906	-1.530991	3.249296	
1410	1.980081	-1.525550	3.241286	
1411	1.988132	-1.519372	3.232948	
1412	1.995696	-1.513797	3.224648	
1413	2.003998	-1.509182	3.215224	
1414	2.013857	-1.502002	3.208064	
1415	2.022069	-1.496201	3.201649	
1416	2.031590	-1.490694	3.194982	
1417	2.042090	-1.484110	3.188451	
1418	2.051761	-1.477205	3.183859	
1419	2.061158	-1.471471	3.177683	
1420	2.072011	-1.465415	3.170834	
1421	2.082474	-1.458719	3.163898	
1422	2.092416	-1.452823	3.157015	
1423	2.100572	-1.447494	3.151588	
1424	2.115717	-1.438472	3.138597	
1425	2.122430	-1.433372	3.133551	
1426	2.128384	-1.429994	3.127919	
1427	2.134299	-1.427188	3.120707	
1428	2.140728	-1.423076	3.113566	
1429	2.145766	-1.419033	3.108212	
1430	2.150621	-1.414414	3.103961	
1431	2.154810	-1.410863	3.099729	
1432	2.159459	-1.407870	3.091966	
1433	2.164820	-1.402757	3.085593	
1434	2.168442	-1.397904	3.081428	
1435	2.172486	-1.392381	3.076411	
1436	2.177036	-1.386574	3.070744	
1437	2.179240	-1.384007	3.062512	
1438	2.182688	-1.379205	3.054912	
1439	2.185413	-1.373745	3.050418	
1440	2.188052	-1.369011	3.044267	
1441	2.191970	-1.363650	3.035400	
1442	2.195196	-1.357846	3.027236	
1443	2.197359	-1.353621	3.019975	
1444	2.201396	-1.347600	3.009320	
1445	2.204976	-1.342582	2.997480	
1446	2.207447	-1.338170	2.990586	
1447	2.209417	-1.334849	2.979462	
1448	2.213474	-1.329115	2.965881	
1449	2.215133	-1.324106	2.961625	
1450	2.216176	-1.320673	2.953872	
1451	2.220619	-1.312555	2.942815	
1452	2.222703	-1.305799	2.934702	
1453	2.221155	-1.303610	2.925686	
1454	2.222786	-1.297280	2.914562	
1455	2.224907	-1.289211	2.906253	
1456	2.225558	-1.283769	2.899080	
1457	2.227789	-1.277721	2.888083	
1458	2.229092	-1.272018	2.879300	
1459	2.231006	-1.265534	2.870499	
1460	2.233235	-1.258529	2.865329	
1461	2.235052	-1.253626	2.854218	
1462	2.237301	-1.248623	2.843900	
1463	2.240798	-1.241560	2.839515	
1464	2.242794	-1.236881	2.827400	
1465	2.246571	-1.230449	2.818678	
1466	2.249586	-1.223849	2.813220	
1467	2.250903	-1.220283	2.801334	
1468	2.255792	-1.213412	2.789943	
1469	2.258402	-1.209387	2.779078	
1470	2.261263	-1.206330	2.767517	
1471	2.270236	-1.195796	2.751994	
1472	2.274041	-1.192424	2.743249	
1473	2.279208	-1.187821	2.736451	
1474	2.284274	-1.184060	2.725915	
1475	2.289745	-1.180426	2.717144	
1476	2.295438	-1.176892	2.707737	
1477	2.300682	-1.173023	2.696743	
1478	2.307291	-1.166473	2.687227	
1479	2.313171	-1.160918	2.680337	
1480	2.317474	-1.156694	2.670720	
1481	2.322987	-1.150177	2.661797	
1482	2.326402	-1.146164	2.654202	
1483	2.330242	-1.141708	2.646790	
1484	2.334092	-1.136020	2.636467	
1485	2.338064	-1.129906	2.631415	
1486	2.340762	-1.125598	2.622688	
1487	2.343486	-1.120493	2.614071	
1488	2.346740	-1.114860	2.608363	
1489	2.347851	-1.111343	2.599255	
1490	2.349994	-1.105681	2.588783	
1491	2.350834	-1.100422	2.580046	
1492	2.351615	-1.095518	2.569937	
1493	2.353393	-1.084331	2.551796	
1494	2.353834	-1.080189	2.541344	
1495	2.354083	-1.073952	2.532059	
1496	2.354368	-1.067648	2.526890	
1497	2.354282	-1.061733	2.519141	
1498	2.351933	-1.058648	2.504858	
1499	2.351420	-1.050495	2.497923	
1500	2.350875	-1.042998	2.491886	
1501	2.350888	-1.034160	2.482111	
1502	2.350618	-1.025606	2.473647	
1503	2.348701	-1.019413	2.464723	
1504	2.347939	-1.012929	2.452435	
1505	2.346570	-1.008027	2.440743	
1506	2.344771	-1.004042	2.427718	
1507	2.344072	-0.998183	2.416028	
1508	2.342980	-0.992439	2.405297	
1509	2.342996	-0.986093	2.395579	
1510	2.341085	-0.981086	2.383775	
1511	2.340561	-0.974842	2.373931	
1512	2.339897	-0.968786	2.364628	
1513	2.337497	-0.965460	2.354619	
1514	2.337079	-0.959083	2.346161	
1515	2.336068	-0.953509	2.338473	
1516	2.333431	-0.951183	2.328632	
1517	2.331865	-0.946393	2.321482	
1518	2.329939	-0.943088	2.314264	
1519	2.328219	-0.939245	2.307436	
1520	2.327486	-0.933940	2.301419	
1521	2.325987	-0.930632	2.295177	
1522	2.325778	-0.927437	2.290026	
1523	2.326135	-0.923041	2.284605	
1524	2.326640	-0.918992	2.279958	
1525	2.326481	-0.916804	2.273159	
1526	2.326030	-0.914511	2.264486	
1527	2.327214	-0.911277	2.258265	
1528	2.327534	-0.908743	2.249928	
1529	2.329060	-0.904576	2.242263	
1530	2.331581	-0.899539	2.234218	
1531	2.335073	-0.893183	2.226665	
1532	2.338494	-0.886878	2.217340	
1533	2.341858	-0.880812	2.208042	
1534	2.344566	-0.876450	2.198289	
1535	2.348078	-0.871675	2.188872	
1536	2.352870	-0.864699	2.180371	
1537	2.355639	-0.860720	2.169520	
1538	2.360147	-0.855725	2.161493	
1539	2.363608	-0.850798	2.151736	
1540	2.367196	-0.846199	2.142802	
1541	2.370517	-0.841310	2.132256	
1542	2.375399	-0.836151	2.125702	
1543	2.378764	-0.831917	2.117588	
1544	2.381754	-0.829624	2.108779	
1545	2.385997	-0.823341	2.101367	
1546	2.389264	-0.818794	2.094515	
1547	2.392283	-0.815187	2.085970	
1548	2.395739	-0.809853	2.078761	
1549	2.398308	-0.804393	2.070306	
1550	2.401249	-0.799521	2.061840	
1551	2.403587	-0.794035	2.052694	
1552	2.405538	-0.789416	2.044632	
1553	2.406942	-0.785777	2.035707	
1554	2.408877	-0.780205	2.027721	
1555	2.410285	-0.775246	2.019251	
1556	2.411238	-0.770642	2.010693	
1557	2.412116	-0.765597	2.002412	
1558	2.412262	-0.762975	1.993887	
1559	2.413236	-0.756570	1.985757	
1560	2.414644	-0.750554	1.977608	
1561	2.415401	-0.745231	1.969238	
1562	2.415511	-0.739384	1.958192	
1563	2.414804	-0.735390	1.948710	
1564	2.415336	-0.723459	1.928493	
1565	2.416121	-0.716791	1.918990	
1566	2.417157	-0.711307	1.909477	
1567	2.418602	-0.704394	1.898776	
1568	2.421137	-0.698061	1.889131	
1569	2.423863	-0.690662	1.878954	
1570	2.426130	-0.685448	1.870601	
1571	2.427788	-0.682703	1.860786	
1572	2.430619	-0.676945	1.851486	
1573	2.431902	-0.673559	1.843280	
1574	2.432880	-0.671173	1.834156	
1575	2.435941	-0.666095	1.826983	
1576	2.436755	-0.664421	1.817052	
1577	2.439621	-0.660837	1.809493	
1578	2.442026	-0.658357	1.802396	
1579	2.446485	-0.653280	1.784228	
1580	2.448581	-0.649909	1.774630	
1581	2.451273	-0.647299	1.767295	
1582	2.454653	-0.644050	1.758590	
1583	2.458515	-0.640041	1.748944	
1584	2.462139	-0.636231	1.739676	
1585	2.465436	-0.633018	1.729364	
1586	2.469722	-0.627531	1.719814	
1587	2.472692	-0.624802	1.708292	
1588	2.476763	-0.619890	1.698167	
1589	2.481223	-0.614312	1.687263	
1590	2.486475	-0.608630	1.677836	
1591	2.489146	-0.607424	1.665928	
1592	2.493434	-0.602695	1.654816	
1593	2.498227	-0.598869	1.645932	
1594	2.502340	-0.594411	1.635849	
1595	2.506932	-0.589799	1.625426	
1596	2.511697	-0.582615	1.616549	
1597	2.516076	-0.577391	1.606623	
1598	2.521375	-0.570441	1.599031	
1599	2.524742	-0.564217	1.589342	
1600	2.529189	-0.558136	1.582075	
1601	2.532296	-0.551395	1.573042	
1602	2.535073	-0.545871	1.566261	
1603	2.538424	-0.539388	1.559103	
1604	2.539928	-0.534028	1.552100	
1605	2.542387	-0.527672	1.546641	
1606	2.543960	-0.520490	1.540120	
1607	2.544204	-0.515938	1.534116	
1608	2.545147	-0.511335	1.528141	
1609	2.545724	-0.504913	1.521769	
1610	2.544829	-0.499729	1.513752	
1611	2.545249	-0.495542	1.509151	
1612	2.543906	-0.491024	1.502045	
1613	2.541955	-0.485779	1.494982	
1614	2.538656	-0.473906	1.480196	
1615	2.535366	-0.467927	1.470122	
1616	2.532165	-0.463020	1.462406	
1617	2.529131	-0.456713	1.453653	
1618	2.526493	-0.450228	1.445422	
1619	2.522330	-0.444293	1.436456	
1620	2.518443	-0.437325	1.427588	
1621	2.514734	-0.431591	1.418975	
1622	2.510211	-0.427329	1.411171	
1623	2.505634	-0.422889	1.402663	
1624	2.500870	-0.418001	1.394141	
1625	2.496813	-0.412098	1.386124	
1626	2.492390	-0.408585	1.379000	
1627	2.485517	-0.406749	1.369789	
1628	2.480375	-0.403773	1.362912	
1629	2.475233	-0.401049	1.355787	
1630	2.470492	-0.398654	1.349391	
1631	2.465652	-0.396903	1.341915	
1632	2.461069	-0.394526	1.333171	
1633	2.456224	-0.392635	1.323983	
1634	2.453455	-0.390001	1.316696	
1635	2.450220	-0.387375	1.309533	
1636	2.446098	-0.385969	1.302392	
1637	2.441813	-0.383542	1.295911	
1638	2.438387	-0.381812	1.290175	
1639	2.434839	-0.379000	1.285211	
1640	2.430366	-0.376677	1.279621	
1641	2.425038	-0.375519	1.274325	
1642	2.421202	-0.372597	1.270015	
1643	2.418068	-0.370782	1.266583	
1644	2.412473	-0.370081	1.262067	
1645	2.409375	-0.367955	1.259897	
1646	2.405349	-0.367796	1.257774	
1647	2.400418	-0.365845	1.254488	
1648	2.398325	-0.362143	1.255048	
1649	2.394713	-0.358063	1.254057	
1650	2.390514	-0.356691	1.252980	
1651	2.386173	-0.354747	1.251131	
1652	2.379353	-0.352544	1.246859	
1653	2.374841	-0.350098	1.244991	
1654	2.370506	-0.347554	1.243680	
1655	2.364504	-0.346045	1.241345	
1656	2.358668	-0.344090	1.239076	
1657	2.352475	-0.340532	1.237438	
1658	2.345968	-0.339324	1.236019	
1659	2.338765	-0.337438	1.233859	
1660	2.331720	-0.336048	1.232280	
1661	2.322754	-0.334528	1.229409	
1662	2.313962	-0.333638	1.227043	
1663	2.305741	-0.331806	1.225116	
1664	2.294959	-0.331087	1.221885	
1665	2.285849	-0.330144	1.219607	
1666	2.278262	-0.328688	1.218189	
1667	2.268631	-0.329356	1.215937	
1668	2.257054	-0.329712	1.211238	
1669	2.248862	-0.329380	1.209239	
1670	2.239085	-0.328875	1.206694	
1671	2.226632	-0.327845	1.202946	
1672	2.216365	-0.327540	1.201184	
1673	2.206090	-0.328120	1.200755	
1674	2.192912	-0.327875	1.198486	
1675	2.181109	-0.326790	1.196403	
1676	2.170760	-0.326120	1.195778	
1677	2.158394	-0.325612	1.194151	
1678	2.147439	-0.323970	1.193222	
1679	2.138103	-0.322821	1.193669	
1680	2.128158	-0.322321	1.193838	
1681	2.118068	-0.320666	1.192816	
1682	2.109175	-0.320567	1.192920	
1683	2.100740	-0.318604	1.192674	
1684	2.092914	-0.316761	1.192447	
1685	2.084985	-0.315830	1.192033	
1686	2.077339	-0.314830	1.190413	
1687	2.070842	-0.312937	1.189830	
1688	2.056319	-0.310766	1.187569	
1689	2.050282	-0.308693	1.187401	
1690	2.043527	-0.307011	1.185778	
1691	2.036810	-0.304967	1.184103	
1692	2.029895	-0.301903	1.182161	
1693	2.024117	-0.298407	1.180594	
1694	2.017179	-0.293956	1.178136	
1695	2.009986	-0.289667	1.175388	
1696	2.002988	-0.286548	1.172224	
1697	1.997140	-0.281585	1.169549	
1698	1.990943	-0.276793	1.165485	
1699	1.984959	-0.273163	1.161900	
1700	1.979285	-0.269051	1.158432	
1701	1.974608	-0.264530	1.155244	
1702	1.968350	-0.260307	1.150661	
1703	1.963732	-0.255335	1.147337	
1704	1.957778	-0.252143	1.142063	
1705	1.951938	-0.248324	1.136805	
1706	1.947887	-0.244267	1.132837	
1707	1.942005	-0.241363	1.127545	
1708	1.936629	-0.236794	1.122464	
1709	1.932054	-0.233623	1.118518	
1710	1.924907	-0.230905	1.113520	
1711	1.918694	-0.226569	1.108868	
1712	1.913686	-0.223091	1.105689	
1713	1.907033	-0.221235	1.101487	
1714	1.900008	-0.217445	1.097085	
1715	1.892881	-0.214429	1.092857	
1716	1.884844	-0.211984	1.088044	
1717	1.877618	-0.208642	1.084095	
1718	1.868982	-0.205837	1.078861	
1719	1.860355	-0.203108	1.074401	
1720	1.851716	-0.199887	1.070130	
1721	1.842794	-0.197636	1.065682	
1722	1.833672	-0.195207	1.062077	
1723	1.823396	-0.192365	1.057673	
1724	1.813182	-0.190271	1.053468	
1725	1.801394	-0.188466	1.049043	
1726	1.790683	-0.186080	1.045440	
1727	1.781819	-0.184546	1.042204	
1728	1.772006	-0.182679	1.039200	
1729	1.754313	-0.178576	1.034149	
1730	1.745677	-0.176995	1.032120	
1731	1.737063	-0.175249	1.030458	
1732	1.729165	-0.173690	1.028569	
1733	1.721087	-0.172553	1.026920	
1734	1.714049	-0.171598	1.026215	
1735	1.707455	-0.169064	1.024864	
1736	1.700030	-0.167423	1.022957	
1737	1.694234	-0.167553	1.022072	
1738	1.687662	-0.165997	1.019683	
1739	1.681000	-0.165257	1.017853	
1740	1.676322	-0.165027	1.017449	
1741	1.669601	-0.163328	1.015810	
1742	1.664946	-0.161881	1.014758	
1743	1.659173	-0.160333	1.013539	
1744	1.654422	-0.158820	1.012272	
1745	1.649288	-0.158089	1.010514	
1746	1.644182	-0.157387	1.008414	
1747	1.637895	-0.155690	1.005699	
1748	1.632844	-0.155367	1.002745	
1749	1.627375	-0.154313	0.999861	
1750	1.621703	-0.151766	0.996650	
1751	1.615840	-0.149583	0.993073	
1752	1.610650	-0.148213	0.989872	
1753	1.604414	-0.144899	0.985867	
1754	1.598117	-0.141159	0.981503	
1755	1.591813	-0.139154	0.976487	
1756	1.585815	-0.134453	0.971651	
1757	1.579842	-0.130809	0.966637	
1758	1.566172	-0.123695	0.954552	
1759	1.560711	-0.120520	0.949112	
1760	1.554426	-0.117108	0.943274	
1761	1.547635	-0.113525	0.936526	
1762	1.542125	-0.110335	0.930416	
1763	1.535587	-0.107490	0.924051	
1764	1.530106	-0.102378	0.918562	
1765	1.525773	-0.099298	0.913251	
1766	1.512285	-0.092652	0.901024	
1767	1.506353	-0.089785	0.895023	
1768	1.499490	-0.084054	0.889616	
1769	1.493954	-0.080677	0.884053	
1770	1.488502	-0.078489	0.878531	
1771	1.483625	-0.074621	0.873838	
1772	1.479490	-0.070706	0.869512	
1773	1.474245	-0.067828	0.864913	
1774	1.470812	-0.068676	0.860776	
1775	1.465356	-0.065693	0.857093	
1776	1.454117	-0.068891	0.847588	
1777	1.449206	-0.071014	0.843097	
1778	1.443322	-0.073174	0.838487	
1779	1.437221	-0.077295	0.833392	
1780	1.430788	-0.080512	0.828624	
1781	1.416102	-0.086903	0.817851	
1782	1.409506	-0.088714	0.813417	
1783	1.402388	-0.090545	0.809322	
1784	1.394221	-0.090734	0.805151	
1785	1.387292	-0.091074	0.801725	
1786	1.379939	-0.092199	0.797995	
1787	1.372931	-0.093306	0.794325	
1788	1.366238	-0.093033	0.791129	
1789	1.352584	-0.092661	0.785591	
1790	1.346175	-0.093151	0.782803	
1791	1.339773	-0.093425	0.780113	
1792	1.334105	-0.092828	0.778163	
1793	1.328447	-0.093838	0.774995	
1794	1.321069	-0.092719	0.771845	
1795	1.317417	-0.092911	0.769601	
1796	1.311271	-0.093049	0.766882	
1797	1.304873	-0.092288	0.764230	
1798	1.298791	-0.091388	0.761321	
1799	1.293760	-0.091166	0.758841	
1800	1.288342	-0.088935	0.756550	
1801	1.283379	-0.087681	0.753108	
1802	1.278666	-0.086460	0.749896	
1803	1.272284	-0.085661	0.746527	
1804	1.268971	-0.085115	0.743511	
1805	1.264561	-0.082396	0.741491	
1806	1.261092	-0.080510	0.740047	
1807	1.256479	-0.079640	0.737342	
1808	1.252811	-0.077273	0.734994	
1809	1.249574	-0.075018	0.732893	
1810	1.245416	-0.073475	0.729337	
1811	1.241628	-0.070053	0.726062	
1812	1.238008	-0.065828	0.722993	
1813	1.234564	-0.064659	0.717601	
1814	1.229117	-0.060817	0.712277	
1815	1.225474	-0.055640	0.707845	
1816	1.222929	-0.052359	0.701866	
1817	1.219097	-0.050118	0.695292	
1818	1.216089	-0.043900	0.690665	
1819	1.214411	-0.041909	0.684584	
1820	1.211343	-0.039605	0.678322	
1821	1.206385	-0.034045	0.674161	
1822	1.204216	-0.032321	0.668289	
1823	1.200557	-0.028367	0.663768	
1824	1.197127	-0.025708	0.658879	
1825	1.193603	-0.025564	0.653009	
1826	1.188788	-0.023057	0.648508	
1827	1.185873	-0.019453	0.644415	
1828	1.180825	-0.018348	0.639404	
1829	1.175539	-0.015409	0.636007	
1830	1.172726	-0.017392	0.630712	
1831	1.166944	-0.017305	0.625961	
1832	1.159160	-0.016354	0.622143	
1833	1.151873	-0.014483	0.618690	
1834	1.145306	-0.015915	0.613582	
1835	1.135778	-0.015242	0.609397	
1836	1.127692	-0.014581	0.605746	
1837	1.122123	-0.016810	0.600939	
1838	1.112368	-0.017907	0.597157	
1839	1.102754	-0.020576	0.593504	
1840	1.094766	-0.024517	0.590091	
1841	1.085743	-0.029305	0.586921	
1842	1.074663	-0.033695	0.584403	
1843	1.064737	-0.039102	0.582839	
1844	1.055365	-0.041085	0.582809	
1845	1.042954	-0.044835	0.583038	
1846	1.033031	-0.047791	0.582947	
1847	1.022696	-0.051208	0.583339	
1848	1.011191	-0.055627	0.584405	
1849	1.002423	-0.057638	0.585508	
1850	0.992042	-0.061376	0.586935	
1851	0.980283	-0.064786	0.588874	
1852	0.970540	-0.066704	0.590301	
1853	0.958972	-0.069500	0.591779	
1854	0.947810	-0.074092	0.592787	
1855	0.938341	-0.078325	0.593506	
1856	0.927392	-0.081223	0.595856	
1857	0.917649	-0.083820	0.597920	
1858	0.909132	-0.085606	0.599962	
1859	0.899770	-0.088901	0.601799	
1860	0.891015	-0.090227	0.604001	
1861	0.883858	-0.092455	0.606244	
1862	0.875374	-0.093919	0.609788	
1863	0.868616	-0.095521	0.611879	
1864	0.861467	-0.098148	0.614620	
1865	0.854018	-0.099567	0.617935	
1866	0.846699	-0.101323	0.621019	
1867	0.839968	-0.103187	0.623904	
1868	0.831485	-0.101316	0.627951	
1869	0.826132	-0.102166	0.631655	
1870	0.821549	-0.107154	0.633422	
1871	0.814504	-0.108432	0.636322	
1872	0.805944	-0.108655	0.640368	
1873	0.801810	-0.114390	0.641804	
1874	0.796883	-0.115110	0.643618	
1875	0.788809	-0.116130	0.647076	
1876	0.784789	-0.118989	0.649004	
1877	0.779634	-0.119338	0.651393	
1878	0.773035	-0.120686	0.654848	
1879	0.768409	-0.121793	0.657223	
1880	0.763953	-0.124842	0.659741	
1881	0.758180	-0.124853	0.663126	
1882	0.753675	-0.124643	0.666746	
1883	0.749850	-0.125475	0.670108	
1884	0.741672	-0.125858	0.677524	
1885	0.736666	-0.125340	0.681109	
1886	0.731607	-0.124501	0.685659	
1887	0.727533	-0.125178	0.689657	
1888	0.724368	-0.128840	0.693105	
1889	0.719687	-0.125803	0.697834	
1890	0.717973	-0.125561	0.702828	
1891	0.714919	-0.125487	0.707703	
1892	0.711466	-0.125317	0.713539	
1893	0.709155	-0.124618	0.720222	
1894	0.705444	-0.124088	0.727498	
1895	0.702712	-0.123291	0.735813	
1896	0.700772	-0.122689	0.744159	
1897	0.697948	-0.123735	0.752594	
1898	0.695572	-0.122526	0.761470	
1899	0.693491	-0.121484	0.770030	
1900	0.690314	-0.122200	0.777744	
1901	0.687546	-0.122619	0.785296	
1902	0.685019	-0.123804	0.792909	
1903	0.681927	-0.125093	0.800325	
1904	0.679060	-0.126998	0.807897	
1905	0.677236	-0.130181	0.816443	
1906	0.672867	-0.130800	0.824256	
1907	0.669561	-0.134820	0.831576	
1908	0.666555	-0.138984	0.840024	
1909	0.663692	-0.141365	0.847818	
1910	0.660778	-0.146806	0.854744	
1911	0.658140	-0.147252	0.863644	
1912	0.655333	-0.152055	0.871384	
1913	0.651922	-0.155263	0.877783	
1914	0.650093	-0.156849	0.886463	
1915	0.649413	-0.160428	0.893934	
1916	0.647991	-0.163181	0.900526	
1917	0.647079	-0.165390	0.907966	
1918	0.646971	-0.167866	0.915099	
1919	0.646381	-0.170114	0.920829	
1920	0.646101	-0.171396	0.927314	
1921	0.646275	-0.174502	0.933374	
1922	0.647534	-0.177429	0.938914	
1923	0.649165	-0.178574	0.945086	
1924	0.650819	-0.182295	0.950705	
1925	0.651887	-0.185034	0.955587	
1926	0.652991	-0.187785	0.960465	
1927	0.654105	-0.189226	0.965883	
1928	0.655959	-0.191330	0.971311	
1929	0.656552	-0.194033	0.976298	
1930	0.657776	-0.195345	0.982646	
1931	0.658425	-0.198071	0.988012	
1932	0.659019	-0.199218	0.993459	
1933	0.661628	-0.200831	0.999726	
1934	0.662950	-0.203206	1.004438	
1935	0.663306	-0.203382	1.009087	
1936	0.665011	-0.204223	1.014676	
1937	0.665705	-0.204967	1.019190	
1938	0.667448	-0.203667	1.029828	
1939	0.668002	-0.203862	1.034061	
1940	0.668835	-0.203624	1.038327	
1941	0.670034	-0.200330	1.048986	
1942	0.670106	-0.198652	1.053668	
1943	0.670568	-0.195896	1.059593	
1944	0.672329	-0.194169	1.064976	
1945	0.672566	-0.191452	1.070835	
1946	0.672532	-0.188568	1.076784	
1947	0.672783	-0.186513	1.082412	
1948	0.670825	-0.179169	1.100497	
1949	0.670799	-0.176947	1.107220	
1950	0.670699	-0.175208	1.114109	
1951	0.671063	-0.173515	1.128343	
1952	0.670906	-0.173364	1.135556	
1953	0.669584	-0.172529	1.142707	
1954	0.669233	-0.172488	1.149263	
1955	0.669554	-0.173061	1.155672	
1956	0.669800	-0.172564	1.162287	
1957	0.669322	-0.173953	1.173302	
1958	0.669312	-0.174573	1.178877	
1959	0.668846	-0.175090	1.183947	
1960	0.669802	-0.175216	1.189617	
1961	0.670408	-0.175602	1.195285	
1962	0.670616	-0.176107	1.200349	
1963	0.670713	-0.176653	1.205228	
1964	0.671999	-0.176263	1.210398	
1965	0.672928	-0.176423	1.215295	
1966	0.673408	-0.177308	1.219623	
1967	0.673831	-0.176764	1.224285	
1968	0.673317	-0.176774	1.228255	
1969	0.673847	-0.176363	1.231925	
1970	0.673596	-0.175038	1.236259	
1971	0.674277	-0.173570	1.239978	
1972	0.674706	-0.172348	1.243162	
1973	0.674201	-0.170781	1.246407	
1974	0.676009	-0.169867	1.249440	
1975	0.676014	-0.168477	1.251778	
1976	0.674510	-0.167543	1.253900	
1977	0.673925	-0.166813	1.255633	
1978	0.673635	-0.165895	1.257818	
1979	0.673151	-0.165627	1.259358	
1980	0.671598	-0.164680	1.260838	
1981	0.670117	-0.163273	1.262642	
1982	0.668868	-0.162257	1.264367	
1983	0.665043	-0.161277	1.267127	
1984	0.662982	-0.159323	1.269257	
1985	0.660831	-0.156343	1.271103	
1986	0.657889	-0.153547	1.273077	
1987	0.654621	-0.151573	1.274160	
1988	0.650740	-0.148522	1.275425	
1989	0.647288	-0.146224	1.276570	
1990	0.643892	-0.145297	1.277304	
1991	0.640354	-0.144251	1.277945	
1992	0.637979	-0.143304	1.278967	
1993	0.635231	-0.143733	1.279743	
1994	0.632286	-0.143163	1.280743	
1995	0.630572	-0.142731	1.282187	
1996	0.628244	-0.142145	1.283660	
1997	0.625175	-0.141388	1.285169	
1998	0.621954	-0.140460	1.286688	
1999	0.617872	-0.139917	1.287516	
2000	0.613690	-0.139467	1.288497	
2001	0.609292	-0.140192	1.288627	
2002	0.604578	-0.139470	1.288988	
2003	0.600035	-0.138969	1.289573	
2004	0.596517	-0.139130	1.290076	
2005	0.592243	-0.138597	1.290639	
2006	0.588218	-0.138323	1.291352	
2007	0.584268	-0.138889	1.291399	
2008	0.579584	-0.139169	1.291252	
2009	0.574183	-0.139127	1.290583	
2010	0.569345	-0.138567	1.290084	
2011	0.564038	-0.137830	1.289679	
2012	0.558498	-0.137289	1.288952	
2013	0.553025	-0.138391	1.287348	
2014	0.547742	-0.137118	1.286272	
2015	0.542821	-0.136127	1.285415	
2016	0.538874	-0.135067	1.284710	
2017	0.535122	-0.132908	1.284596	
2018	0.530855	-0.133404	1.283223	
2019	0.528025	-0.132009	1.282921	
2020	0.524599	-0.131844	1.282536	
2021	0.521787	-0.131365	1.281922	
2022	0.518884	-0.130415	1.281394	
2023	0.513607	-0.130471	1.280141	
2024	0.511369	-0.129894	1.279609	
2025	0.508922	-0.129945	1.279188	
2026	0.505923	-0.130266	1.277923	
2027	0.503489	-0.128377	1.277840	
2028	0.500950	-0.128938	1.277186	
2029	0.498630	-0.127551	1.276362	
2030	0.496356	-0.127319	1.275980	
2031	0.493502	-0.126621	1.274982	
2032	0.490741	-0.125854	1.274180	
2033	0.487654	-0.125855	1.273133	
2034	0.483780	-0.125012	1.271394	
2035	0.480803	-0.124437	1.270474	
2036	0.476903	-0.123793	1.268618	
2037	0.473416	-0.123112	1.267189	
2038	0.469414	-0.122671	1.264857	
2039	0.465998	-0.122611	1.263441	
2040	0.462193	-0.121495	1.261150	
2041	0.459239	-0.121291	1.259463	
2042	0.456048	-0.120893	1.257514	
2043	0.453380	-0.120068	1.255997	
2044	0.446201	-0.118188	1.249852	
2045	0.439550	-0.115109	1.244162	
2046	0.435287	-0.113838	1.240226	
2047	0.433030	-0.112440	1.237842	
2048	0.429109	-0.111279	1.233788	
2049	0.425980	-0.108880	1.230775	
2050	0.422546	-0.108375	1.227350	
2051	0.419403	-0.106903	1.224385	
2052	0.416683	-0.105341	1.222118	
2053	0.413565	-0.104737	1.218876	
2054	0.411090	-0.102947	1.216686	
2055	0.407577	-0.101995	1.213446	
2056	0.404122	-0.101152	1.210276	
2057	0.398348	-0.097939	1.204889	
2058	0.395054	-0.097530	1.201638	
2059	0.392762	-0.095589	1.199641	
2060	0.389561	-0.093946	1.196556	
2061	0.386627	-0.091879	1.193830	
2062	0.381148	-0.087884	1.188930	
2063	0.378725	-0.085439	1.186549	
2064	0.374479	-0.079788	1.182181	
2065	0.372241	-0.077918	1.180161	
2066	0.370999	-0.076141	1.178247	
2067	0.369698	-0.073864	1.176804	
2068	0.367400	-0.073013	1.174091	
2069	0.365644	-0.072003	1.171710	
2070	0.362038	-0.070804	1.167316	
2071	0.360588	-0.070622	1.165170	
2072	0.358486	-0.069608	1.162475	
2073	0.356646	-0.070436	1.159367	
2074	0.354988	-0.070689	1.156097	
2075	0.354006	-0.069738	1.153552	
2076	0.352087	-0.069965	1.149589	
2077	0.351181	-0.068705	1.146203	
2078	0.350283	-0.068191	1.142782	
2079	0.349299	-0.068647	1.138817	
2080	0.348680	-0.067622	1.135081	
2081	0.347819	-0.066134	1.131094	
2082	0.347000	-0.065809	1.126652	
2083	0.346600	-0.064380	1.122097	
2084	0.345945	-0.063000	1.117103	
2085	0.345194	-0.061385	1.111513	
2086	0.345525	-0.059766	1.106684	
2087	0.345298	-0.059688	1.101200	
2088	0.345436	-0.058065	1.095051	
2089	0.346500	-0.056303	1.089325	
2090	0.347425	-0.055130	1.083464	
2091	0.348735	-0.052554	1.077986	
2092	0.352728	-0.048690	1.073107	
2093	0.351610	-0.047866	1.066511	
2094	0.352438	-0.044169	1.061213	
2095	0.356882	-0.042633	1.055175	
2096	0.354163	-0.042256	1.048602	
2097	0.354707	-0.038870	1.042480	
2098	0.355763	-0.037832	1.034982	
2099	0.355198	-0.035549	1.027242	
2100	0.355379	-0.033003	1.019488	
2101	0.355344	-0.032269	1.011374	
2102	0.355146	-0.029879	1.003899	
2103	0.354783	-0.027674	0.996990	
2104	0.354114	-0.026806	0.990271	
2105	0.352879	-0.026542	0.983473	
2106	0.352190	-0.026548	0.977229	
2107	0.350095	-0.027315	0.970746	
2108	0.347759	-0.028694	0.964684	
2109	0.345397	-0.028404	0.959881	
2110	0.342871	-0.029564	0.954393	
2111	0.339678	-0.029389	0.949128	
2112	0.336369	-0.028763	0.944095	
2113	0.333016	-0.030084	0.938645	
2114	0.329725	-0.029002	0.934063	
2115	0.325622	-0.027291	0.929638	
2116	0.324023	-0.027732	0.925935	
2117	0.319635	-0.026284	0.921210	
2118	0.317093	-0.024426	0.917395	
2119	0.313328	-0.024639	0.912337	
2120	0.310375	-0.023862	0.907358	
2121	0.309551	-0.021839	0.903320	
2122	0.304821	-0.024695	0.891168	
2123	0.304925	-0.022366	0.886132	
2124	0.300570	-0.025187	0.871568	
2125	0.301636	-0.022138	0.865966	
2126	0.300254	-0.024850	0.858308	
2127	0.299037	-0.023314	0.850665	
2128	0.299981	-0.020561	0.844780	
2129	0.300026	-0.022524	0.836952	
2130	0.299554	-0.024528	0.828468	
2131	0.300050	-0.023240	0.821763	
2132	0.298852	-0.021417	0.812738	
2133	0.300045	-0.022443	0.798564	
2134	0.299125	-0.022072	0.782627	
2135	0.299295	-0.020330	0.776752	
2136	0.299739	-0.019426	0.770484	
2137	0.299390	-0.021087	0.763602	
2138	0.300303	-0.019565	0.758338	
2139	0.300744	-0.017241	0.752645	
2140	0.301685	-0.017968	0.746511	
2141	0.300991	-0.016818	0.740134	
2142	0.303137	-0.016119	0.734338	
2143	0.304058	-0.013163	0.728584	
2144	0.305065	-0.012980	0.721959	
2145	0.306512	-0.011770	0.716115	
2146	0.308056	-0.009062	0.710361	
2147	0.308564	-0.009390	0.703578	
2148	0.310450	-0.008687	0.696725	
2149	0.315613	-0.003643	0.685515	
2150	0.317455	-0.004691	0.678028	
2151	0.320163	-0.001011	0.672189	
2152	0.324734	0.001095	0.656209	
2153	0.325908	0.002173	0.647600	
2154	0.327310	0.006042	0.640582	
2155	0.328463	0.008176	0.631720	
2156	0.329751	0.010755	0.622881	
2157	0.331164	0.010375	0.613482	
2158	0.332856	0.015263	0.604861	
2159	0.333451	0.015494	0.593002	
2160	0.334714	0.019447	0.583227	
2161	0.340181	0.024772	0.561879	
2162	0.339911	0.026067	0.551205	
2163	0.340965	0.029586	0.541127	
2164	0.340976	0.031583	0.529238	
2165	0.340214	0.033094	0.516410	
2166	0.340319	0.035494	0.505911	
2167	0.340794	0.038704	0.495428	
2168	0.341392	0.039856	0.483002	
2169	0.339325	0.040472	0.470329	
2170	0.338969	0.041735	0.460258	
2171	0.337444	0.043819	0.449694	
2172	0.336600	0.045401	0.439175	
2173	0.336264	0.047418	0.430205	
2174	0.334710	0.050392	0.421819	
2175	0.334122	0.051936	0.412884	
2176	0.332186	0.053011	0.404363	
2177	0.331470	0.055435	0.397575	
2178	0.331373	0.057516	0.390521	
2179	0.331752	0.057356	0.382516	
2180	0.327175	0.060582	0.370423	
2181	0.324731	0.061474	0.364388	
2182	0.320415	0.062548	0.358729	
2183	0.312258	0.063811	0.353162	
2184	0.309805	0.065313	0.347215	
2185	0.305047	0.065364	0.340892	
2186	0.298134	0.066411	0.336049	
2187	0.292501	0.067432	0.330845	
2188	0.285274	0.068088	0.324765	
2189	0.277907	0.069840	0.319613	
2190	0.269468	0.071873	0.314551	
2191	0.261677	0.072786	0.307936	
2192	0.253091	0.073223	0.300610	
2193	0.244557	0.074610	0.295125	
2194	0.234204	0.076908	0.289269	
2195	0.225823	0.077507	0.282507	
2196	0.216098	0.077414	0.275790	
2197	0.206685	0.079314	0.269925	
2198	0.198995	0.080615	0.263640	
2199	0.190235	0.080625	0.256834	
2200	0.181625	0.081197	0.251153	
2201	0.174967	0.082371	0.245328	
2202	0.167520	0.083508	0.239184	
2203	0.158233	0.083408	0.233178	
2204	0.151224	0.083860	0.228219	
2205	0.142754	0.085334	0.223273	
2206	0.134521	0.085459	0.217762	
2207	0.126939	0.085845	0.212307	
2208	0.119531	0.085947	0.206726	
2209	0.112833	0.086594	0.200881	
2210	0.106126	0.086738	0.194909	
2211	0.098521	0.086396	0.189363	
2212	0.091573	0.087153	0.184385	
2213	0.085072	0.088308	0.179225	
2214	0.068129	0.090082	0.169712	
2215	0.060005	0.090548	0.163852	
2216	0.051486	0.091680	0.158337	
2217	0.043633	0.092386	0.152485	
2218	0.035356	0.093145	0.145640	
2219	0.026512	0.092736	0.138982	
2220	0.019107	0.094000	0.132660	
2221	0.011352	0.094251	0.125065	
2222	0.001159	0.095801	0.117844	
2223	-0.007312	0.098679	0.111692	
2224	-0.015455	0.100863	0.104104	
2225	-0.026066	0.102829	0.096426	
2226	-0.034341	0.104777	0.090152	
2227	-0.042665	0.108599	0.083910	
2228	-0.052287	0.111288	0.077131	
2229	-0.061142	0.114434	0.071408	
2230	-0.068239	0.118884	0.065885	
2231	-0.076856	0.121825	0.059708	
2232	-0.086747	0.125878	0.054292	
2233	-0.094021	0.129684	0.049030	
2234	-0.101633	0.134859	0.043619	
2235	-0.119340	0.144062	0.033855	
2236	-0.124220	0.149702	0.029804	
2237	-0.133590	0.153138	0.023941	
2238	-0.141385	0.157090	0.020085	
2239	-0.147267	0.159812	0.016684	
2240	-0.152941	0.161809	0.013370	
2241	-0.159807	0.162835	0.009821	
2242	-0.164946	0.163808	0.006644	
2243	-0.171845	0.164607	0.003224	
2244	-0.178548	0.165623	0.000552	
2245	-0.183928	0.165835	-0.002239	
2246	-0.192912	0.166408	-0.005308	
2247	-0.201293	0.166726	-0.008027	
2248	-0.207176	0.167538	-0.009699	
2249	-0.212425	0.168383	-0.012460	
2250	-0.220473	0.169370	-0.015014	
2251	-0.229096	0.170592	-0.016613	
2252	-0.236029	0.171228	-0.018624	
2253	-0.243131	0.171884	-0.020159	
2254	-0.251384	0.171746	-0.021477	
2255	-0.258692	0.171708	-0.022645	
2256	-0.278693	0.169823	-0.024422	
2257	-0.293992	0.168128	-0.026996	
2258	-0.301276	0.168633	-0.027839	
2259	-0.307927	0.169222	-0.028653	
2260	-0.315320	0.169239	-0.029379	
2261	-0.321806	0.170234	-0.029641	
2262	-0.327569	0.172191	-0.029560	
2263	-0.334991	0.173148	-0.029582	
2264	-0.344294	0.173618	-0.030079	
2265	-0.351805	0.175497	-0.029856	
2266	-0.357545	0.176934	-0.030638	
2267	-0.364803	0.176962	-0.032165	
2268	-0.372085	0.176532	-0.034135	
2269	-0.380280	0.177155	-0.035669	
2270	-0.388042	0.176144	-0.037972	
2271	-0.396337	0.174619	-0.040454	
2272	-0.402383	0.173644	-0.042814	
2273	-0.410010	0.172111	-0.045310	
2274	-0.416797	0.169374	-0.048543	
2275	-0.425999	0.167817	-0.051130	
2276	-0.432823	0.166761	-0.053510	
2277	-0.438842	0.165709	-0.056011	
2278	-0.447095	0.165538	-0.057862	
2279	-0.454153	0.164741	-0.059643	
2280	-0.458671	0.165135	-0.061116	
2281	-0.467471	0.163841	-0.062841	
2282	-0.475329	0.165291	-0.063713	
2283	-0.481839	0.165216	-0.065345	
2284	-0.489688	0.163205	-0.067106	
2285	-0.494767	0.162257	-0.068460	
2286	-0.498589	0.161532	-0.070437	
2287	-0.504812	0.161565	-0.072936	
2288	-0.511679	0.160061	-0.075783	
2289	-0.517466	0.158304	-0.079516	
2290	-0.523981	0.158306	-0.083420	
2291	-0.530354	0.158484	-0.087819	
2292	-0.537071	0.159074	-0.092043	
2293	-0.543027	0.160025	-0.096890	
2294	-0.548524	0.160921	-0.101990	
2295	-0.556868	0.164306	-0.107091	
2296	-0.563651	0.167889	-0.112309	
2297	-0.569387	0.170951	-0.117769	
2298	-0.578116	0.174023	-0.122993	
2299	-0.585227	0.177575	-0.128162	
2300	-0.591786	0.182891	-0.132505	
2301	-0.597530	0.186957	-0.137409	
2302	-0.605083	0.190909	-0.141637	
2303	-0.611995	0.194167	-0.145990	
2304	-0.618516	0.201251	-0.149474	
2305	-0.623637	0.205502	-0.153701	
2306	-0.631580	0.209488	-0.156908	
2307	-0.637266	0.213853	-0.160407	
2308	-0.642803	0.218079	-0.164200	
2309	-0.649535	0.220588	-0.167842	
2310	-0.653922	0.224783	-0.171081	
2311	-0.660331	0.227846	-0.174052	
2312	-0.665065	0.230971	-0.176767	
2313	-0.670987	0.233039	-0.179193	
2314	-0.676713	0.233406	-0.181814	
2315	-0.681762	0.235053	-0.184092	
2316	-0.686378	0.235878	-0.186174	
2317	-0.691185	0.237381	-0.188147	
2318	-0.699597	0.238549	-0.189952	
2319	-0.704764	0.240059	-0.191610	
2320	-0.709314	0.240090	-0.194116	
2321	-0.715138	0.240057	-0.197024	
2322	-0.721103	0.240805	-0.199373	
2323	-0.727055	0.240981	-0.201962	
2324	-0.732666	0.240228	-0.205167	
2325	-0.738513	0.239318	-0.208123	
2326	-0.746145	0.239100	-0.210763	
2327	-0.751266	0.238955	-0.214343	
2328	-0.757005	0.236436	-0.217409	
2329	-0.764182	0.233043	-0.220613	
2330	-0.786051	0.231297	-0.220389	
2331	-0.793190	0.230688	-0.223090	
2332	-0.798476	0.227983	-0.225954	
2333	-0.808159	0.227652	-0.227964	
2334	-0.815550	0.227633	-0.230110	
2335	-0.822855	0.224716	-0.232550	
2336	-0.833796	0.225645	-0.233968	
2337	-0.839178	0.225789	-0.236662	
2338	-0.845928	0.224515	-0.239469	
2339	-0.858728	0.226327	-0.241561	
2340	-0.872341	0.229113	-0.243570	
2341	-0.876689	0.230164	-0.247036	
2342	-0.883588	0.231063	-0.250304	
2343	-0.894773	0.232699	-0.252699	
2344	-0.900857	0.231390	-0.256085	
2345	-0.909047	0.230856	-0.259078	
2346	-0.912968	0.231241	-0.262334	
2347	-0.919681	0.228770	-0.266201	
2348	-0.929636	0.228190	-0.268715	
2349	-0.937133	0.228318	-0.271557	
2350	-0.943805	0.227376	-0.274929	
2351	-0.951228	0.228459	-0.278281	
2352	-0.955396	0.225406	-0.283047	
2353	-0.962098	0.223435	-0.287005	
2354	-0.969213	0.221105	-0.291013	
2355	-0.974549	0.219365	-0.295278	
2356	-0.978178	0.219719	-0.299795	
2357	-0.987464	0.220309	-0.303233	
2358	-0.993677	0.222559	-0.306433	
2359	-1.000117	0.223806	-0.310458	
2360	-1.014984	0.225296	-0.318715	
2361	-1.026745	0.229396	-0.329019	
2362	-1.037192	0.234317	-0.333451	
2363	-1.044490	0.237927	-0.338604	
2364	-1.057932	0.245392	-0.348157	
2365	-1.075332	0.253911	-0.356804	
2366	-1.091433	0.259690	-0.365741	
2367	-1.101926	0.265346	-0.369669	
2368	-1.106403	0.268497	-0.374470	
2369	-1.114964	0.272062	-0.377345	
2370	-1.123528	0.278413	-0.379574	
2371	-1.131923	0.284152	-0.381242	
2372	-1.135547	0.287125	-0.383673	
2373	-1.140365	0.288754	-0.384485	
2374	-1.150774	0.293368	-0.382202	
2375	-1.157456	0.297379	-0.380148	
2376	-1.156252	0.297961	-0.379374	
2377	-1.160343	0.299884	-0.377426	
2378	-1.168937	0.301232	-0.373587	
2379	-1.178479	0.300301	-0.367204	
2380	-1.182076	0.302154	-0.363204	
2381	-1.188366	0.300066	-0.359358	
2382	-1.196435	0.297003	-0.353659	
2383	-1.199369	0.295905	-0.349176	
2384	-1.205347	0.296007	-0.342987	
2385	-1.211613	0.292886	-0.336643	
2386	-1.218915	0.290428	-0.329708	
2387	-1.225303	0.288306	-0.323051	
2388	-1.231463	0.281404	-0.315950	
2389	-1.239623	0.278704	-0.307850	
2390	-1.247209	0.276515	-0.300081	
2391	-1.251729	0.272786	-0.292667	
2392	-1.255031	0.266409	-0.285935	
2393	-1.264040	0.261133	-0.277646	
2394	-1.271579	0.256678	-0.270243	
2395	-1.277297	0.255098	-0.263320	
2396	-1.283418	0.249687	-0.256696	
2397	-1.287831	0.242244	-0.250749	
2398	-1.294882	0.236825	-0.243789	
2399	-1.306007	0.227703	-0.234720	
2400	-1.311194	0.221489	-0.228977	
2401	-1.314147	0.214746	-0.223382	
2402	-1.315671	0.208260	-0.218582	
2403	-1.320930	0.203111	-0.212967	
2404	-1.325398	0.197278	-0.208025	
2405	-1.326582	0.191252	-0.203894	
2406	-1.330949	0.188530	-0.198878	
2407	-1.335315	0.183797	-0.193762	
2408	-1.340095	0.179017	-0.188734	
2409	-1.344421	0.174538	-0.183463	
2410	-1.351256	0.168576	-0.173508	
2411	-1.353985	0.160162	-0.165283	
2412	-1.358821	0.158000	-0.160356	
2413	-1.360929	0.155097	-0.155841	
2414	-1.358500	0.150436	-0.152993	
2415	-1.362701	0.147475	-0.147493	
2416	-1.364058	0.144037	-0.143377	
2417	-1.363320	0.140388	-0.139349	
2418	-1.363575	0.137382	-0.135508	
2419	-1.367926	0.135042	-0.130016	
2420	-1.367321	0.130932	-0.126780	
2421	-1.370424	0.128130	-0.121821	
2422	-1.373203	0.125885	-0.117140	
2423	-1.373978	0.121607	-0.113527	
2424	-1.378299	0.120502	-0.108294	
2425	-1.379444	0.120135	-0.103612	
2426	-1.379744	0.117755	-0.099221	
2427	-1.384640	0.114911	-0.093050	
2428	-1.386773	0.113595	-0.087064	
2429	-1.388457	0.113864	-0.081620	
2430	-1.385566	0.112130	-0.077757	
2431	-1.387974	0.111194	-0.071770	
2432	-1.390000	0.111801	-0.066015	
2433	-1.391733	0.109489	-0.060419	
2434	-1.392859	0.107762	-0.054227	
2435	-1.390907	0.106805	-0.049695	
2436	-1.391207	0.105790	-0.043485	
2437	-1.389770	0.103272	-0.037635	
2438	-1.384310	0.100997	-0.032360	
2439	-1.382079	0.097040	-0.025491	
2440	-1.380014	0.091529	-0.017964	
2441	-1.375939	0.087260	-0.010186	
2442	-1.368375	0.084338	-0.003428	
2443	-1.363513	0.079067	0.004672	
2444	-1.363357	0.072999	0.014868	
2445	-1.355993	0.069377	0.023358	
2446	-1.344995	0.062946	0.029889	
2447	-1.343755	0.054832	0.039545	
2448	-1.336677	0.050558	0.048124	
2449	-1.322311	0.044472	0.053231	
2450	-1.320158	0.034642	0.061770	
2451	-1.318118	0.028475	0.071437	
2452	-1.302720	0.023701	0.077346	
2453	-1.293541	0.016590	0.084002	
2454	-1.292243	0.011521	0.093430	
2455	-1.284616	0.006710	0.100245	
2456	-1.274451	0.003408	0.105449	
2457	-1.272083	-0.000938	0.112567	
2458	-1.268098	-0.003207	0.118808	
2459	-1.258353	-0.006646	0.122794	
2460	-1.250329	-0.009873	0.126103	
2461	-1.247535	-0.010699	0.131315	
2462	-1.245034	-0.010882	0.136143	
2463	-1.236332	-0.012125	0.138874	
2464	-1.228453	-0.012362	0.142452	
2465	-1.225199	-0.011919	0.147746	
2466	-1.222028	-0.012654	0.152711	
2467	-1.214711	-0.014750	0.157249	
2468	-1.208763	-0.012316	0.163304	
2469	-1.204893	-0.010435	0.168330	
2470	-1.200351	-0.011309	0.172747	
2471	-1.196660	-0.009258	0.178077	
2472	-1.194801	-0.006723	0.184197	
2473	-1.188876	-0.005895	0.187752	
2474	-1.185396	-0.006649	0.192058	
2475	-1.182542	-0.004427	0.196734	
2476	-1.176578	-0.004586	0.199361	
2477	-1.174108	-0.005715	0.202667	
2478	-1.170075	-0.005465	0.205580	
2479	-1.166277	-0.003829	0.208482	
2480	-1.164916	-0.003692	0.211583	
2481	-1.160066	-0.003832	0.214577	
2482	-1.156171	-0.002616	0.218401	
2483	-1.149917	-0.005662	0.221105	
2484	-1.149855	-0.003530	0.227893	
2485	-1.147710	-0.000729	0.233806	
2486	-1.139858	-0.002514	0.237275	
2487	-1.136553	-0.004231	0.241729	
2488	-1.138733	-0.001394	0.247257	
2489	-1.134783	-0.002723	0.251299	
2490	-1.130128	-0.002227	0.255200	
2491	-1.127809	-0.001675	0.259443	
2492	-1.126734	-0.002665	0.264273	
2493	-1.122474	0.003265	0.268974	
2494	-1.115736	0.002358	0.270988	
2495	-1.116615	0.003554	0.275250	
2496	-1.116725	0.008310	0.280174	
2497	-1.111126	0.008529	0.281813	
2498	-1.111491	0.008762	0.284806	
2499	-1.114344	0.014532	0.289769	
2500	-1.110448	0.014796	0.290889	
2501	-1.110581	0.014645	0.292900	
2502	-1.112284	0.017343	0.296124	
2503	-1.110441	0.016978	0.297305	
2504	-1.111701	0.016842	0.298863	
2505	-1.114211	0.017932	0.301050	
2506	-1.113014	0.018281	0.302212	
2507	-1.112790	0.017876	0.303110	
2508	-1.114139	0.019315	0.304760	
2509	-1.113501	0.019927	0.306008	
2510	-1.111098	0.021027	0.306508	
2511	-1.112522	0.021541	0.307722	
2512	-1.114461	0.024533	0.310054	
2513	-1.113504	0.026147	0.311559	
2514	-1.113955	0.026468	0.312859	
2515	-1.117682	0.029306	0.316124	
2516	-1.115214	0.031222	0.317602	
2517	-1.113261	0.031602	0.318451	
2518	-1.118476	0.034355	0.322216	
2519	-1.117339	0.036964	0.324419	
2520	-1.115181	0.036916	0.325758	
2521	-1.117943	0.039061	0.329050	
2522	-1.116894	0.041034	0.331348	
2523	-1.114688	0.042450	0.333521	
2524	-1.112701	0.044212	0.335294	
2525	-1.114425	0.045778	0.338179	
2526	-1.110678	0.047123	0.339928	
2527	-1.108160	0.048735	0.341411	
2528	-1.109901	0.050619	0.344089	
2529	-1.109003	0.052500	0.346182	
2530	-1.104269	0.053631	0.346182	
2531	-1.103785	0.054076	0.347035	
2532	-1.105348	0.055954	0.348713	
2533	-1.102116	0.056814	0.348789	
2534	-1.100701	0.056423	0.348537	
2535	-1.103020	0.057124	0.350308	
2536	-1.100198	0.057875	0.350898	
2537	-1.099272	0.057138	0.351022	
2538	-1.099293	0.056776	0.351729	
2539	-1.098679	0.056346	0.352552	
2540	-1.096868	0.056226	0.352636	
2541	-1.095472	0.055237	0.353108	
2542	-1.092790	0.054727	0.352501	
2543	-1.092487	0.054123	0.352458	
2544	-1.091482	0.053681	0.352597	
2545	-1.089594	0.053182	0.352380	
2546	-1.090425	0.051837	0.352443	
2547	-1.089913	0.052517	0.352906	
2548	-1.087139	0.053669	0.352530	
2549	-1.087777	0.053717	0.352824	
2550	-1.087876	0.054790	0.353329	
2551	-1.085135	0.056765	0.353241	
2552	-1.084124	0.056987	0.352969	
2553	-1.083967	0.059019	0.353775	
2554	-1.080517	0.060884	0.353185	
2555	-1.080050	0.061449	0.353082	
2556	-1.079648	0.063045	0.353538	
2557	-1.076509	0.065429	0.352802	
2558	-1.075668	0.065885	0.352331	
2559	-1.076210	0.067328	0.352745	
2560	-1.072833	0.069353	0.352083	
2561	-1.072513	0.069978	0.351669	
2562	-1.072925	0.071372	0.352053	
2563	-1.068705	0.073958	0.351204	
2564	-1.068524	0.075030	0.351100	
2565	-1.067425	0.077209	0.351148	
2566	-1.063260	0.080806	0.349833	
2567	-1.063545	0.082305	0.349782	
2568	-1.060244	0.084252	0.348313	
2569	-1.059817	0.085638	0.347220	
2570	-1.057862	0.086490	0.346193	
2571	-1.057949	0.086732	0.345131	
2572	-1.057436	0.087260	0.344401	
2573	-1.055026	0.088000	0.343164	
2574	-1.054805	0.088462	0.341774	
2575	-1.052582	0.088092	0.340302	
2576	-1.053545	0.088254	0.339981	
2577	-1.051152	0.088391	0.339026	
2578	-1.049494	0.088532	0.337095	
2579	-1.048327	0.089325	0.336547	
2580	-1.045509	0.090062	0.335445	
2581	-1.045183	0.090689	0.334926	
2582	-1.045604	0.091150	0.334883	
2583	-1.043557	0.091887	0.334073	
