0	0.000000	0.000000	0.000000	
1	0.000000	0.000000	0.000000	
2	0.000000	0.000000	0.000000	
3	0.000000	0.000000	0.000000	
4	-0.003751	-0.000948	0.001444	
5	-0.002753	-0.000289	0.000705	
6	-0.002836	-0.000101	0.001119	
7	-0.004223	-0.000188	0.001071	
8	-0.006161	0.000220	0.001153	
9	-0.006191	-0.000782	0.001858	
10	-0.007101	-0.000085	0.002560	
11	-0.007084	0.000360	0.001828	
12	-0.009509	0.000391	0.002493	
13	-0.009459	-0.000436	0.001951	
14	-0.012595	-0.001544	0.002748	
15	-0.011658	0.000233	0.001707	
16	-0.013690	0.001491	0.000304	
17	-0.015265	0.001334	0.001352	
18	-0.016738	0.001175	0.000963	
19	-0.019667	0.002265	0.000624	
20	-0.022676	0.001441	0.001018	
21	-0.028339	0.002108	0.000563	
22	-0.027668	0.003179	-0.001053	
23	-0.036176	0.001712	-0.001650	
24	-0.037165	0.000478	-0.002427	
25	-0.043409	0.001903	-0.001540	
26	-0.049093	0.002859	-0.003710	
27	-0.053923	0.000786	-0.004030	
28	-0.059966	0.000683	-0.006713	
29	-0.069474	0.001389	-0.004723	
30	-0.075884	0.000598	-0.006510	
31	-0.082774	0.000492	-0.008816	
32	-0.088240	0.000762	-0.009108	
33	-0.116491	0.001429	-0.009381	
34	-0.119906	0.000662	-0.012075	
35	-0.125520	-0.000184	-0.013813	
36	-0.136426	0.001666	-0.012583	
37	-0.148351	0.002394	-0.011856	
38	-0.151264	0.002917	-0.015149	
39	-0.161399	0.004511	-0.014521	
40	-0.171561	0.005595	-0.012710	
41	-0.185040	0.004204	-0.010492	
42	-0.191709	0.003748	-0.007095	
43	-0.197995	0.004619	-0.009189	
44	-0.206416	0.002375	-0.005457	
45	-0.212389	0.001882	-0.005361	
46	-0.215490	0.003777	-0.005705	
47	-0.220066	0.004046	-0.004615	
48	-0.227306	0.003009	-0.003747	
49	-0.241588	0.003199	0.001130	
50	-0.239982	0.003522	-0.001860	
51	-0.243833	0.003043	-0.002550	
52	-0.245799	0.005361	-0.005774	
53	-0.258837	0.006772	0.000020	
54	-0.261177	0.006040	-0.000277	
55	-0.281131	0.005620	0.008863	
56	-0.285958	0.008423	0.009491	
57	-0.295346	0.008988	0.012244	
58	-0.309415	0.006635	0.017973	
59	-0.312435	0.008389	0.016029	
60	-0.319247	0.009923	0.015825	
61	-0.342992	0.009191	0.026130	
62	-0.351576	0.010303	0.027312	
63	-0.364053	0.009151	0.031857	
64	-0.377796	0.009496	0.035607	
65	-0.388386	0.007981	0.037577	
66	-0.398621	0.005654	0.039859	
67	-0.409693	0.005795	0.039161	
68	-0.419188	0.005536	0.043646	
69	-0.428079	0.003828	0.043318	
70	-0.435307	0.003210	0.040204	
71	-0.451202	-0.001988	0.043142	
72	-0.461116	-0.003310	0.044794	
73	-0.463136	-0.004872	0.041703	
74	-0.464544	-0.008597	0.038922	
75	-0.462336	-0.011779	0.030828	
76	-0.462806	-0.012062	0.024026	
77	-0.460924	-0.013483	0.016840	
78	-0.467845	-0.016621	0.014668	
79	-0.471138	-0.019499	0.010946	
80	-0.483337	-0.018609	0.013917	
81	-0.491478	-0.018814	0.013450	
82	-0.499293	-0.020862	0.010313	
83	-0.511877	-0.019753	0.010565	
84	-0.525556	-0.020673	0.010922	
85	-0.540064	-0.021429	0.014968	
86	-0.550165	-0.020295	0.014615	
87	-0.563186	-0.020463	0.014946	
88	-0.572498	-0.020772	0.015093	
89	-0.580017	-0.018956	0.013848	
90	-0.594516	-0.017644	0.016860	
91	-0.609653	-0.019706	0.022065	
92	-0.614406	-0.018832	0.018639	
93	-0.621667	-0.016378	0.018228	
94	-0.634713	-0.017753	0.024797	
95	-0.644950	-0.017180	0.024332	
96	-0.650331	-0.014400	0.026276	
97	-0.664951	-0.013843	0.030341	
98	-0.670514	-0.015193	0.033483	
99	-0.678734	-0.014573	0.037519	
100	-0.687337	-0.012993	0.043531	
101	-0.690833	-0.011376	0.045184	
102	-0.701557	-0.010895	0.051797	
103	-0.714223	-0.009053	0.064609	
104	-0.717106	-0.009083	0.066396	
105	-0.723485	-0.009612	0.071433	
106	-0.723846	-0.006409	0.067747	
107	-0.733367	-0.005312	0.076219	
108	-0.735108	-0.005236	0.077318	
109	-0.742989	-0.004603	0.085708	
110	-0.749306	-0.003359	0.092390	
111	-0.757222	-0.003808	0.100256	
112	-0.761292	-0.003517	0.104500	
113	-0.772041	-0.003330	0.116784	
114	-0.772667	-0.003235	0.118598	
115	-0.782921	-0.005769	0.130647	
116	-0.790283	-0.008590	0.141083	
117	-0.795669	-0.006816	0.145261	
118	-0.801844	-0.006440	0.152272	
119	-0.808598	-0.007581	0.160543	
120	-0.817755	-0.007108	0.178302	
121	-0.819476	-0.008485	0.179068	
122	-0.824988	-0.012700	0.185406	
123	-0.834333	-0.013275	0.201352	
124	-0.838542	-0.013051	0.206306	
125	-0.843151	-0.014274	0.213630	
126	-0.852504	-0.015366	0.230511	
127	-0.857998	-0.014995	0.236346	
128	-0.861981	-0.015398	0.242988	
129	-0.870498	-0.015331	0.261035	
130	-0.874216	-0.015685	0.265145	
131	-0.874695	-0.015313	0.262858	
132	-0.884676	-0.015636	0.281865	
133	-0.893651	-0.018028	0.298282	
134	-0.896991	-0.018241	0.302199	
135	-0.903777	-0.018274	0.314271	
136	-0.909185	-0.018719	0.323475	
137	-0.914617	-0.017846	0.328181	
138	-0.920735	-0.015864	0.333342	
139	-0.929745	-0.016410	0.347486	
140	-0.935279	-0.017581	0.353021	
141	-0.944527	-0.017478	0.367676	
142	-0.949930	-0.019656	0.377751	
143	-0.955896	-0.021382	0.385447	
144	-0.961464	-0.020444	0.392250	
145	-0.967282	-0.020590	0.401660	
146	-0.977618	-0.019778	0.422559	
147	-0.979206	-0.019598	0.426066	
148	-0.983238	-0.020359	0.437081	
149	-0.986930	-0.020158	0.445868	
150	-0.990326	-0.020684	0.455570	
151	-0.993588	-0.021721	0.466516	
152	-0.996861	-0.020868	0.474834	
153	-1.001420	-0.020051	0.487256	
154	-1.003384	-0.019366	0.494969	
155	-1.007982	-0.020134	0.509866	
156	-1.010253	-0.020868	0.520700	
157	-1.013163	-0.020960	0.537082	
158	-1.013512	-0.020149	0.544747	
159	-1.014606	-0.021683	0.560097	
160	-1.014262	-0.022043	0.570674	
161	-1.014232	-0.020350	0.581704	
162	-1.015347	-0.021334	0.594800	
163	-1.015205	-0.022600	0.606648	
164	-1.016222	-0.024089	0.624504	
165	-1.015364	-0.024723	0.635746	
166	-1.014136	-0.026282	0.646203	
167	-1.013825	-0.026347	0.658707	
168	-1.013552	-0.024412	0.672851	
169	-1.015398	-0.026267	0.690157	
170	-1.014314	-0.029552	0.698980	
171	-1.013694	-0.030734	0.711931	
172	-1.014126	-0.032184	0.725850	
173	-1.015137	-0.033990	0.738389	
174	-1.014519	-0.034872	0.750294	
175	-1.015859	-0.035289	0.764936	
176	-1.014951	-0.032811	0.772036	
177	-1.013559	-0.032336	0.779238	
178	-1.013230	-0.034951	0.792765	
179	-1.012572	-0.037147	0.805831	
180	-1.010283	-0.037925	0.816557	
181	-1.010658	-0.037864	0.830517	
182	-1.012346	-0.038458	0.846769	
183	-1.010326	-0.038271	0.857355	
184	-1.008786	-0.038482	0.872749	
185	-1.008730	-0.037805	0.890950	
186	-1.005752	-0.038095	0.899423	
187	-1.003421	-0.041612	0.914733	
188	-1.001034	-0.044072	0.932299	
189	-0.998902	-0.043024	0.947346	
190	-0.997535	-0.045278	0.963621	
191	-0.994054	-0.051393	0.978615	
192	-0.994023	-0.051935	0.996714	
193	-0.994317	-0.047762	1.012996	
194	-0.993019	-0.047146	1.025774	
195	-0.991066	-0.051035	1.042505	
196	-0.989155	-0.054261	1.054260	
197	-0.988067	-0.057846	1.070880	
198	-0.986148	-0.058918	1.086429	
199	-0.986003	-0.057369	1.100284	
200	-0.985379	-0.058083	1.118923	
201	-0.982578	-0.058632	1.129262	
202	-0.980381	-0.060635	1.146553	
203	-0.978508	-0.059968	1.158960	
204	-0.975512	-0.058962	1.170800	
205	-0.972283	-0.058990	1.184361	
206	-0.967633	-0.061751	1.197951	
207	-0.963469	-0.064053	1.210679	
208	-0.959063	-0.065873	1.223594	
209	-0.953448	-0.066728	1.234571	
210	-0.948498	-0.064925	1.248485	
211	-0.941180	-0.067660	1.260136	
212	-0.934827	-0.071638	1.274630	
213	-0.927886	-0.071917	1.286903	
214	-0.919973	-0.071364	1.297411	
215	-0.910753	-0.075880	1.309250	
216	-0.901747	-0.078698	1.326072	
217	-0.893454	-0.078670	1.335335	
218	-0.883323	-0.081374	1.345903	
219	-0.872848	-0.086474	1.357582	
220	-0.863189	-0.087620	1.369438	
221	-0.853973	-0.089369	1.384120	
222	-0.843381	-0.092535	1.393658	
223	-0.832710	-0.095712	1.404205	
224	-0.822273	-0.098521	1.412502	
225	-0.811980	-0.102569	1.423854	
226	-0.799983	-0.108652	1.432446	
227	-0.788576	-0.114847	1.446026	
228	-0.777947	-0.118946	1.453800	
229	-0.767215	-0.123388	1.460664	
230	-0.758009	-0.124542	1.468127	
231	-0.748576	-0.127649	1.476547	
232	-0.739036	-0.130603	1.483808	
233	-0.729102	-0.134358	1.490815	
234	-0.719077	-0.137855	1.498112	
235	-0.709687	-0.140584	1.506595	
236	-0.699732	-0.144799	1.512967	
237	-0.688750	-0.150645	1.520912	
238	-0.677953	-0.155780	1.528438	
239	-0.667780	-0.160583	1.537203	
240	-0.658387	-0.161215	1.545951	
241	-0.648667	-0.163818	1.554481	
242	-0.637657	-0.169688	1.562355	
243	-0.626218	-0.175888	1.570695	
244	-0.615959	-0.178263	1.578778	
245	-0.605733	-0.181086	1.587732	
246	-0.596323	-0.181313	1.597658	
247	-0.587100	-0.183124	1.606187	
248	-0.577109	-0.185474	1.613924	
249	-0.567565	-0.187726	1.622970	
250	-0.557552	-0.190795	1.631748	
251	-0.549005	-0.189781	1.642251	
252	-0.541480	-0.186683	1.652166	
253	-0.531780	-0.190493	1.661122	
254	-0.520924	-0.197254	1.669973	
255	-0.509771	-0.202082	1.678451	
256	-0.500453	-0.201776	1.687232	
257	-0.490186	-0.206908	1.696190	
258	-0.479757	-0.210753	1.702586	
259	-0.469836	-0.212451	1.711244	
260	-0.460310	-0.211956	1.717926	
261	-0.450826	-0.212220	1.725212	
262	-0.440090	-0.213660	1.730941	
263	-0.429785	-0.213363	1.737095	
264	-0.418568	-0.215205	1.743427	
265	-0.406591	-0.217521	1.747721	
266	-0.395364	-0.216607	1.751812	
267	-0.384062	-0.216071	1.758010	
268	-0.372183	-0.215921	1.760439	
269	-0.346824	-0.220656	1.771030	
270	-0.332505	-0.224397	1.774438	
271	-0.320588	-0.222546	1.778279	
272	-0.307981	-0.223240	1.783018	
273	-0.294730	-0.224410	1.786516	
274	-0.281853	-0.224388	1.789401	
275	-0.268389	-0.226262	1.793307	
276	-0.254833	-0.227704	1.796752	
277	-0.241267	-0.229397	1.800313	
278	-0.227318	-0.231111	1.804502	
279	-0.213317	-0.233625	1.807868	
280	-0.200174	-0.234406	1.810538	
281	-0.188330	-0.233426	1.815173	
282	-0.176026	-0.234739	1.817824	
283	-0.163460	-0.236847	1.823371	
284	-0.151842	-0.237921	1.827723	
285	-0.141314	-0.237848	1.831858	
286	-0.131787	-0.237484	1.835992	
287	-0.122890	-0.237379	1.840074	
288	-0.114381	-0.237280	1.846496	
289	-0.106046	-0.237617	1.852530	
290	-0.098485	-0.236737	1.859537	
291	-0.090445	-0.237763	1.865306	
292	-0.083474	-0.237936	1.872150	
293	-0.077360	-0.237195	1.879503	
294	-0.071674	-0.237159	1.886550	
295	-0.065814	-0.237315	1.893228	
296	-0.060927	-0.236863	1.900733	
297	-0.056021	-0.236220	1.908903	
298	-0.050967	-0.236311	1.916947	
299	-0.045969	-0.237083	1.925371	
300	-0.041332	-0.237393	1.934646	
301	-0.037356	-0.237285	1.944561	
302	-0.033137	-0.237661	1.954416	
303	-0.029238	-0.237895	1.964799	
304	-0.025570	-0.237675	1.976345	
305	-0.021945	-0.237791	1.987712	
306	-0.018687	-0.238582	1.999148	
307	-0.016068	-0.238719	2.010784	
308	-0.014132	-0.238145	2.021932	
309	-0.012482	-0.237669	2.033894	
310	-0.010262	-0.238316	2.044815	
311	-0.007976	-0.238357	2.068383	
312	-0.007351	-0.237959	2.079110	
313	-0.007328	-0.236867	2.091561	
314	-0.006864	-0.236901	2.103033	
315	-0.006719	-0.237319	2.115145	
316	-0.007049	-0.236579	2.126460	
317	-0.007699	-0.236009	2.137910	
318	-0.008386	-0.236023	2.148135	
319	-0.009588	-0.236172	2.158093	
320	-0.011681	-0.234997	2.168723	
321	-0.013222	-0.235299	2.178080	
322	-0.015158	-0.234018	2.186417	
323	-0.017138	-0.233513	2.195125	
324	-0.018400	-0.234123	2.204310	
325	-0.020339	-0.233624	2.211256	
326	-0.022296	-0.234416	2.220366	
327	-0.022673	-0.237099	2.226969	
328	-0.024322	-0.237598	2.235584	
329	-0.026122	-0.238276	2.243325	
330	-0.027756	-0.238828	2.253072	
331	-0.029586	-0.239319	2.261108	
332	-0.031635	-0.239350	2.270489	
333	-0.033808	-0.239414	2.278189	
334	-0.035781	-0.239961	2.287125	
335	-0.037190	-0.241752	2.294875	
336	-0.038879	-0.243878	2.302133	
337	-0.040589	-0.245945	2.308164	
338	-0.042938	-0.245398	2.314121	
339	-0.045238	-0.246031	2.319172	
340	-0.047350	-0.246234	2.323964	
341	-0.049507	-0.246534	2.329108	
342	-0.051462	-0.246115	2.333922	
343	-0.052390	-0.248052	2.339409	
344	-0.054110	-0.247782	2.345092	
345	-0.055715	-0.248013	2.349850	
346	-0.057919	-0.246724	2.354475	
347	-0.058439	-0.248296	2.360497	
348	-0.060033	-0.248048	2.366167	
349	-0.061861	-0.246994	2.374891	
350	-0.062057	-0.247522	2.379374	
351	-0.062531	-0.247129	2.384190	
352	-0.062824	-0.245718	2.388637	
353	-0.062428	-0.246756	2.393414	
354	-0.062946	-0.244672	2.398261	
355	-0.062427	-0.245450	2.402811	
356	-0.062305	-0.245445	2.408257	
357	-0.062538	-0.244610	2.413652	
358	-0.063016	-0.242131	2.419462	
359	-0.063181	-0.241439	2.425404	
360	-0.063287	-0.241124	2.431877	
361	-0.063389	-0.240873	2.438512	
362	-0.063187	-0.242355	2.445459	
363	-0.063473	-0.241588	2.452742	
364	-0.064133	-0.240180	2.459850	
365	-0.064097	-0.242133	2.467426	
366	-0.064140	-0.242624	2.474770	
367	-0.064012	-0.243562	2.482473	
368	-0.065020	-0.242822	2.489867	
369	-0.065224	-0.243802	2.497617	
370	-0.065303	-0.242952	2.505045	
371	-0.065418	-0.242550	2.512134	
372	-0.065661	-0.242750	2.519314	
373	-0.065809	-0.242072	2.526700	
374	-0.065711	-0.241606	2.533656	
375	-0.064672	-0.243313	2.540987	
376	-0.062484	-0.244102	2.554262	
377	-0.060584	-0.245214	2.560973	
378	-0.058823	-0.245767	2.566694	
379	-0.056195	-0.246974	2.572020	
380	-0.053834	-0.248041	2.577204	
381	-0.051761	-0.248304	2.582027	
382	-0.049194	-0.249249	2.586601	
383	-0.046361	-0.249684	2.590671	
384	-0.044021	-0.249426	2.593110	
385	-0.041095	-0.249998	2.595333	
386	-0.037429	-0.251951	2.597726	
387	-0.034535	-0.253147	2.598690	
388	-0.031940	-0.253414	2.599819	
389	-0.028117	-0.256618	2.601129	
390	-0.025001	-0.256882	2.602675	
391	-0.022341	-0.256830	2.603153	
392	-0.020227	-0.255243	2.604081	
393	-0.018306	-0.253402	2.605164	
394	-0.015074	-0.253772	2.605936	
395	-0.011361	-0.254072	2.606331	
396	-0.008411	-0.253329	2.606688	
397	-0.005643	-0.251318	2.606265	
398	-0.001050	-0.252980	2.605235	
399	0.003207	-0.254066	2.605887	
400	0.007576	-0.254461	2.607064	
401	0.013096	-0.255121	2.607743	
402	0.017836	-0.254614	2.610557	
403	0.022703	-0.255091	2.609936	
404	0.028179	-0.255640	2.610986	
405	0.033977	-0.257303	2.613601	
406	0.039082	-0.258202	2.615302	
407	0.044492	-0.258862	2.618967	
408	0.051286	-0.262462	2.620769	
409	0.057399	-0.265510	2.625405	
410	0.060966	-0.264204	2.628485	
411	0.066049	-0.264064	2.633371	
412	0.072376	-0.265531	2.639626	
413	0.077747	-0.263536	2.645767	
414	0.080760	-0.257687	2.650672	
415	0.087183	-0.257710	2.656286	
416	0.093230	-0.259341	2.657046	
417	0.094867	-0.256257	2.654527	
418	0.102400	-0.259490	2.660293	
419	0.109564	-0.262288	2.660151	
420	0.112891	-0.257826	2.659711	
421	0.121855	-0.251133	2.662883	
422	0.128295	-0.250269	2.661738	
423	0.133586	-0.247368	2.659429	
424	0.142435	-0.248275	2.659277	
425	0.150503	-0.248497	2.656604	
426	0.156384	-0.244615	2.652155	
427	0.166132	-0.243133	2.648970	
428	0.177628	-0.241655	2.649342	
429	0.186055	-0.238146	2.643174	
430	0.196298	-0.233705	2.641108	
431	0.207179	-0.232251	2.634159	
432	0.219372	-0.231143	2.630395	
433	0.228395	-0.226239	2.619955	
434	0.242432	-0.225507	2.617245	
435	0.258033	-0.229661	2.609371	
436	0.275698	-0.234757	2.600917	
437	0.289042	-0.235823	2.593373	
438	0.295924	-0.230489	2.580875	
439	0.302624	-0.221738	2.574579	
440	0.309752	-0.215335	2.564853	
441	0.323704	-0.216200	2.556893	
442	0.349191	-0.219943	2.539401	
443	0.359400	-0.219360	2.528250	
444	0.369692	-0.216641	2.521503	
445	0.379851	-0.216653	2.512598	
446	0.387830	-0.213438	2.504815	
447	0.395106	-0.211803	2.496386	
448	0.403436	-0.210089	2.488420	
449	0.410081	-0.205798	2.482814	
450	0.419760	-0.205364	2.477157	
451	0.430169	-0.205258	2.471037	
452	0.437980	-0.202240	2.464264	
453	0.447887	-0.201192	2.458672	
454	0.458355	-0.200416	2.453576	
455	0.466946	-0.197279	2.446876	
456	0.476438	-0.194266	2.442418	
457	0.488663	-0.195493	2.439532	
458	0.501536	-0.198077	2.433208	
459	0.509881	-0.194035	2.429207	
460	0.521369	-0.192475	2.426384	
461	0.532895	-0.193415	2.420784	
462	0.541761	-0.191201	2.414526	
463	0.549586	-0.187739	2.411585	
464	0.557700	-0.183930	2.408524	
465	0.571095	-0.184857	2.405965	
466	0.582153	-0.183314	2.403305	
467	0.592537	-0.179767	2.402666	
468	0.601897	-0.178408	2.401448	
469	0.611473	-0.175030	2.401342	
470	0.622413	-0.173635	2.399265	
471	0.632708	-0.173984	2.396157	
472	0.642734	-0.174032	2.392279	
473	0.648451	-0.172563	2.384830	
474	0.656802	-0.170740	2.382589	
475	0.666763	-0.170391	2.380014	
476	0.675208	-0.170286	2.372087	
477	0.687800	-0.169561	2.375226	
478	0.695148	-0.167140	2.374114	
479	0.705614	-0.165054	2.376068	
480	0.713686	-0.166565	2.370289	
481	0.723668	-0.166365	2.371603	
482	0.732304	-0.164236	2.370392	
483	0.737354	-0.163741	2.365848	
484	0.746511	-0.166725	2.361470	
485	0.755667	-0.169659	2.359066	
486	0.761381	-0.166626	2.356240	
487	0.760855	-0.163964	2.348602	
488	0.765462	-0.163402	2.344337	
489	0.769363	-0.162513	2.336055	
490	0.774916	-0.161683	2.331614	
491	0.775169	-0.162178	2.320137	
492	0.777225	-0.161211	2.309080	
493	0.778642	-0.156369	2.301919	
494	0.778592	-0.153296	2.291350	
495	0.777531	-0.153471	2.284177	
496	0.780799	-0.150415	2.277868	
497	0.779329	-0.149152	2.266929	
498	0.780323	-0.147886	2.260470	
499	0.780331	-0.146358	2.250174	
500	0.781243	-0.144704	2.239585	
501	0.784621	-0.142401	2.233566	
502	0.786735	-0.142370	2.220733	
503	0.785543	-0.139151	2.210224	
504	0.781738	-0.137205	2.197334	
505	0.781520	-0.139841	2.188425	
506	0.781776	-0.140853	2.177103	
507	0.774312	-0.138331	2.167531	
508	0.777886	-0.136940	2.157919	
509	0.782388	-0.138041	2.143084	
510	0.785230	-0.141780	2.130747	
511	0.781977	-0.142354	2.117846	
512	0.786914	-0.140837	2.106704	
513	0.788463	-0.142325	2.095096	
514	0.793759	-0.144426	2.082745	
515	0.796796	-0.143701	2.069217	
516	0.792427	-0.141273	2.070368	
517	0.806820	-0.141553	2.049589	
518	0.797733	-0.144135	2.053728	
519	0.790640	-0.145973	2.053915	
520	0.788202	-0.143883	2.046328	
521	0.790156	-0.140337	2.039798	
522	0.779724	-0.139082	2.045543	
523	0.796538	-0.139328	2.024004	
524	0.796162	-0.138678	2.019003	
525	0.803919	-0.135104	2.006000	
526	0.805112	-0.135596	1.996907	
527	0.807794	-0.134959	1.992141	
528	0.820941	-0.132944	1.971582	
529	0.817553	-0.133328	1.969852	
530	0.825676	-0.132040	1.954688	
531	0.826164	-0.130686	1.946635	
532	0.824647	-0.129605	1.941544	
533	0.832100	-0.128012	1.926275	
534	0.837525	-0.130003	1.911396	
535	0.835058	-0.129110	1.907542	
536	0.842938	-0.127642	1.890512	
537	0.842981	-0.127429	1.882232	
538	0.841162	-0.126973	1.874416	
539	0.844102	-0.128102	1.859977	
540	0.844930	-0.129948	1.850595	
541	0.847408	-0.127885	1.837593	
542	0.848355	-0.125247	1.832296	
543	0.848927	-0.126035	1.822197	
544	0.851563	-0.124551	1.810327	
545	0.852919	-0.125262	1.803785	
546	0.854997	-0.126904	1.791941	
547	0.851836	-0.127111	1.788400	
548	0.853007	-0.126307	1.781990	
549	0.852479	-0.128636	1.775360	
550	0.852901	-0.128567	1.767421	
551	0.855873	-0.129971	1.759353	
552	0.854561	-0.129872	1.756937	
553	0.855152	-0.128203	1.749897	
554	0.855617	-0.130914	1.742038	
555	0.855458	-0.133538	1.733442	
556	0.854815	-0.130833	1.729376	
557	0.852831	-0.128241	1.723453	
558	0.852284	-0.130787	1.718238	
559	0.850951	-0.130776	1.715060	
560	0.854096	-0.129838	1.706871	
561	0.852569	-0.131145	1.703922	
562	0.854515	-0.131197	1.694635	
563	0.854872	-0.129172	1.688870	
564	0.858131	-0.126571	1.677554	
565	0.858865	-0.125631	1.671053	
566	0.860261	-0.125212	1.664609	
567	0.862552	-0.122999	1.655898	
568	0.864541	-0.121305	1.645570	
569	0.863392	-0.123750	1.635691	
570	0.862137	-0.125029	1.627285	
571	0.862103	-0.120873	1.618685	
572	0.861535	-0.120171	1.609350	
573	0.858846	-0.121534	1.602450	
574	0.857607	-0.118364	1.592966	
575	0.856786	-0.114777	1.585698	
576	0.855305	-0.116446	1.576080	
577	0.854435	-0.115781	1.566603	
578	0.853911	-0.112996	1.557441	
579	0.853362	-0.111938	1.547238	
580	0.851840	-0.111967	1.537949	
581	0.850473	-0.109781	1.526878	
582	0.850296	-0.106511	1.517407	
583	0.848298	-0.106915	1.506095	
584	0.847002	-0.106122	1.494725	
585	0.846608	-0.102817	1.483751	
586	0.845232	-0.102129	1.474123	
587	0.842537	-0.104143	1.446758	
588	0.840648	-0.105480	1.436920	
589	0.838327	-0.107101	1.425391	
590	0.837135	-0.104808	1.414062	
591	0.835994	-0.102317	1.400204	
592	0.834187	-0.102262	1.387709	
593	0.832692	-0.102107	1.375812	
594	0.830106	-0.101067	1.366774	
595	0.828315	-0.102462	1.353815	
596	0.825562	-0.104230	1.343337	
597	0.823883	-0.104033	1.329665	
598	0.820832	-0.106014	1.319553	
599	0.818776	-0.106174	1.308183	
600	0.815786	-0.106268	1.297926	
601	0.813790	-0.106258	1.285363	
602	0.810362	-0.106537	1.276375	
603	0.807064	-0.107171	1.268163	
604	0.804213	-0.106231	1.259445	
605	0.801759	-0.103739	1.251776	
606	0.799590	-0.103097	1.239084	
607	0.796520	-0.104602	1.230309	
608	0.794900	-0.101766	1.221287	
609	0.792870	-0.097924	1.213056	
610	0.791495	-0.097039	1.199380	
611	0.788584	-0.097389	1.190230	
612	0.786430	-0.095395	1.182773	
613	0.784570	-0.092991	1.169758	
614	0.783205	-0.091640	1.161349	
615	0.781716	-0.088819	1.150322	
616	0.779800	-0.087193	1.139460	
617	0.778689	-0.085320	1.126551	
618	0.777524	-0.084468	1.111259	
619	0.774635	-0.085305	1.102338	
620	0.772959	-0.084764	1.091925	
621	0.771034	-0.082681	1.081188	
622	0.768730	-0.083281	1.070496	
623	0.765780	-0.084100	1.059304	
624	0.763003	-0.082472	1.049333	
625	0.761075	-0.080385	1.039983	
626	0.758280	-0.080160	1.029884	
627	0.754496	-0.082003	1.020206	
628	0.751913	-0.081267	1.014030	
629	0.748041	-0.081078	1.004477	
630	0.744071	-0.082172	0.996086	
631	0.740332	-0.081007	0.990359	
632	0.736323	-0.081993	0.979975	
633	0.731147	-0.083511	0.972125	
634	0.727124	-0.083402	0.966702	
635	0.723708	-0.081793	0.957629	
636	0.719251	-0.082173	0.950487	
637	0.715938	-0.080533	0.942744	
638	0.710838	-0.078430	0.936775	
639	0.706735	-0.077100	0.930729	
640	0.701685	-0.076021	0.924407	
641	0.696320	-0.074811	0.919280	
642	0.691653	-0.073097	0.912911	
643	0.685977	-0.072100	0.907917	
644	0.681018	-0.070054	0.901599	
645	0.674599	-0.068548	0.897849	
646	0.667277	-0.068923	0.892136	
647	0.660558	-0.068274	0.887845	
648	0.653424	-0.065483	0.883211	
649	0.639416	-0.058498	0.874431	
650	0.621983	-0.058484	0.864118	
651	0.612609	-0.059180	0.858388	
652	0.602339	-0.062370	0.854123	
653	0.592069	-0.061974	0.850427	
654	0.582617	-0.059729	0.844372	
655	0.571814	-0.060210	0.840858	
656	0.561249	-0.060465	0.837283	
657	0.550020	-0.061799	0.832686	
658	0.538261	-0.064541	0.829368	
659	0.527458	-0.065651	0.825890	
660	0.515420	-0.068076	0.821546	
661	0.503594	-0.071364	0.819623	
662	0.492921	-0.070884	0.816602	
663	0.482767	-0.067930	0.810722	
664	0.472211	-0.068449	0.808010	
665	0.461118	-0.070560	0.804429	
666	0.450469	-0.073471	0.802854	
667	0.439437	-0.077582	0.799671	
668	0.428494	-0.078888	0.796667	
669	0.418870	-0.078541	0.793802	
670	0.409357	-0.078743	0.789954	
671	0.399760	-0.081379	0.785891	
672	0.390823	-0.081893	0.782617	
673	0.382037	-0.082938	0.778725	
674	0.373351	-0.084872	0.776263	
675	0.364243	-0.089114	0.772577	
676	0.355561	-0.092106	0.770434	
677	0.347373	-0.094097	0.767384	
678	0.338507	-0.096125	0.763548	
679	0.330716	-0.096020	0.758599	
680	0.322704	-0.097335	0.754919	
681	0.314496	-0.100913	0.751151	
682	0.306576	-0.103674	0.746997	
683	0.298291	-0.104825	0.742967	
684	0.290617	-0.105551	0.737217	
685	0.282078	-0.109118	0.732288	
686	0.273976	-0.112553	0.726777	
687	0.265691	-0.114270	0.721277	
688	0.257406	-0.115905	0.715931	
689	0.249583	-0.117294	0.709344	
690	0.240783	-0.121585	0.703314	
691	0.232160	-0.125288	0.697045	
692	0.224390	-0.125744	0.689959	
693	0.217009	-0.125004	0.681909	
694	0.210034	-0.124185	0.674786	
695	0.202418	-0.126467	0.667391	
696	0.194462	-0.129744	0.660375	
697	0.185626	-0.134122	0.654091	
698	0.177396	-0.138101	0.647981	
699	0.168821	-0.141189	0.640989	
700	0.160740	-0.143502	0.634794	
701	0.152844	-0.144696	0.628287	
702	0.145758	-0.145770	0.623355	
703	0.136993	-0.151996	0.618654	
704	0.128658	-0.156255	0.614045	
705	0.121475	-0.156228	0.609849	
706	0.113739	-0.159747	0.605884	
707	0.105545	-0.164215	0.602558	
708	0.099324	-0.161534	0.599226	
709	0.092578	-0.162774	0.595580	
710	0.084088	-0.170744	0.593572	
711	0.076218	-0.173181	0.591033	
712	0.071263	-0.169807	0.590130	
713	0.062936	-0.177252	0.589441	
714	0.054194	-0.184101	0.589036	
715	0.047471	-0.185896	0.591018	
716	0.041021	-0.187484	0.593661	
717	0.033678	-0.192183	0.596547	
718	0.025956	-0.195419	0.598469	
719	0.018510	-0.197783	0.602166	
720	0.011634	-0.198665	0.606750	
721	0.003817	-0.201084	0.610925	
722	-0.003831	-0.202368	0.616279	
723	-0.012069	-0.204722	0.621490	
724	-0.020680	-0.207399	0.627085	
725	-0.028749	-0.208721	0.632968	
726	-0.037921	-0.210840	0.638793	
727	-0.046693	-0.213260	0.645392	
728	-0.055433	-0.215909	0.652395	
729	-0.064084	-0.217122	0.659055	
730	-0.073352	-0.219747	0.665335	
731	-0.083375	-0.224033	0.671890	
732	-0.093000	-0.227357	0.679773	
733	-0.102154	-0.231040	0.688736	
734	-0.111036	-0.234560	0.697113	
735	-0.119665	-0.238934	0.705899	
736	-0.127959	-0.242258	0.714310	
737	-0.136453	-0.245884	0.722777	
738	-0.144263	-0.248841	0.731422	
739	-0.151324	-0.251565	0.739893	
740	-0.158501	-0.255867	0.748364	
741	-0.164707	-0.259512	0.757313	
742	-0.169561	-0.260544	0.765470	
743	-0.174536	-0.262577	0.772442	
744	-0.179729	-0.265257	0.778813	
745	-0.184543	-0.267102	0.785053	
746	-0.189799	-0.270183	0.790782	
747	-0.194802	-0.273759	0.796693	
748	-0.199088	-0.276666	0.802329	
749	-0.203168	-0.279444	0.807528	
750	-0.206967	-0.281600	0.812221	
751	-0.210535	-0.284242	0.816502	
752	-0.214238	-0.286234	0.820232	
753	-0.217838	-0.288307	0.823762	
754	-0.221900	-0.289700	0.827025	
755	-0.226157	-0.292476	0.830703	
756	-0.230974	-0.295537	0.833723	
757	-0.235869	-0.297270	0.837232	
758	-0.241390	-0.300307	0.840808	
759	-0.247748	-0.305120	0.843843	
760	-0.254106	-0.308586	0.846621	
761	-0.260909	-0.312243	0.848826	
762	-0.268214	-0.316225	0.851063	
763	-0.275964	-0.320045	0.853214	
764	-0.283680	-0.324069	0.855471	
765	-0.291454	-0.327582	0.857657	
766	-0.299946	-0.331586	0.859518	
767	-0.308252	-0.335215	0.861587	
768	-0.316604	-0.339455	0.863737	
769	-0.325042	-0.343708	0.865799	
770	-0.333518	-0.347475	0.867487	
771	-0.341846	-0.350000	0.869178	
772	-0.350328	-0.353070	0.870988	
773	-0.358388	-0.355470	0.873047	
774	-0.366771	-0.356975	0.874432	
775	-0.375339	-0.358902	0.875926	
776	-0.383815	-0.362087	0.877258	
777	-0.392112	-0.365415	0.878324	
778	-0.400002	-0.367646	0.879892	
779	-0.407694	-0.370230	0.881351	
780	-0.415474	-0.372584	0.882232	
781	-0.422706	-0.373907	0.883392	
782	-0.429896	-0.375594	0.884704	
783	-0.436574	-0.376835	0.885995	
784	-0.442931	-0.377431	0.887136	
785	-0.449314	-0.378336	0.888342	
786	-0.455112	-0.380289	0.889421	
787	-0.460272	-0.381174	0.891029	
788	-0.465579	-0.381217	0.892006	
789	-0.470674	-0.381398	0.893461	
790	-0.475489	-0.381659	0.894531	
791	-0.479712	-0.381298	0.895854	
792	-0.483552	-0.380486	0.897034	
793	-0.486853	-0.379384	0.898360	
794	-0.490096	-0.378381	0.899572	
795	-0.493198	-0.377288	0.901168	
796	-0.495570	-0.376181	0.902731	
797	-0.498412	-0.374674	0.903880	
798	-0.501026	-0.372886	0.905148	
799	-0.503330	-0.370911	0.906564	
800	-0.505338	-0.369203	0.908528	
801	-0.507366	-0.367141	0.910292	
802	-0.508193	-0.366828	0.912800	
803	-0.509281	-0.366071	0.914805	
804	-0.510296	-0.364374	0.916952	
805	-0.511539	-0.362818	0.918605	
806	-0.512114	-0.359752	0.920554	
807	-0.513262	-0.357353	0.922729	
808	-0.513495	-0.353664	0.925085	
809	-0.514232	-0.351301	0.927151	
810	-0.515270	-0.347497	0.929160	
811	-0.516015	-0.344017	0.931321	
812	-0.516220	-0.341452	0.934301	
813	-0.516789	-0.338639	0.937115	
814	-0.517584	-0.335617	0.939813	
815	-0.517793	-0.331371	0.943122	
816	-0.518565	-0.327936	0.945938	
817	-0.519123	-0.324325	0.949622	
818	-0.519332	-0.322396	0.953879	
819	-0.519907	-0.320000	0.958123	
820	-0.519351	-0.318010	0.963670	
821	-0.519593	-0.315463	0.968582	
822	-0.520180	-0.313445	0.973566	
823	-0.520560	-0.312572	0.979362	
824	-0.520912	-0.310192	0.985270	
825	-0.521404	-0.308925	0.991326	
826	-0.522026	-0.305773	0.997125	
827	-0.522334	-0.302000	1.002650	
828	-0.523099	-0.298877	1.008756	
829	-0.523726	-0.295505	1.014531	
830	-0.523621	-0.290549	1.021212	
831	-0.524328	-0.286530	1.027599	
832	-0.525267	-0.283211	1.034341	
833	-0.526066	-0.278171	1.040806	
834	-0.527416	-0.275540	1.046932	
835	-0.528217	-0.271974	1.053529	
836	-0.529397	-0.269430	1.059829	
837	-0.529799	-0.264694	1.065763	
838	-0.530298	-0.262229	1.072146	
839	-0.532573	-0.259799	1.076612	
840	-0.534030	-0.257825	1.081918	
841	-0.535522	-0.255697	1.086885	
842	-0.536581	-0.252250	1.092073	
843	-0.537390	-0.247528	1.096814	
844	-0.537536	-0.244280	1.101955	
845	-0.538802	-0.242132	1.106361	
846	-0.539768	-0.237495	1.109854	
847	-0.540714	-0.234102	1.113820	
848	-0.541564	-0.228876	1.117264	
849	-0.542472	-0.225235	1.120791	
850	-0.543454	-0.222392	1.124681	
851	-0.543197	-0.217270	1.128514	
852	-0.544201	-0.213448	1.131416	
853	-0.544582	-0.211037	1.134831	
854	-0.544451	-0.207984	1.138171	
855	-0.544993	-0.205220	1.140923	
856	-0.546107	-0.204198	1.143730	
857	-0.547361	-0.202018	1.146008	
858	-0.547088	-0.196053	1.147954	
859	-0.547768	-0.191408	1.149348	
860	-0.548101	-0.188046	1.151831	
861	-0.548288	-0.184241	1.153702	
862	-0.548355	-0.178208	1.154886	
863	-0.548203	-0.174986	1.156624	
864	-0.549214	-0.174065	1.158266	
865	-0.550524	-0.172740	1.159283	
866	-0.550324	-0.170052	1.160950	
867	-0.550969	-0.166393	1.161657	
868	-0.550449	-0.163100	1.162677	
869	-0.551371	-0.160609	1.163174	
870	-0.552401	-0.158820	1.163865	
871	-0.553524	-0.155721	1.164461	
872	-0.553943	-0.153837	1.165861	
873	-0.554641	-0.152524	1.167042	
874	-0.556198	-0.152734	1.168479	
875	-0.556945	-0.151889	1.169841	
876	-0.557831	-0.151672	1.171236	
877	-0.558825	-0.151812	1.172428	
878	-0.559675	-0.150853	1.173512	
879	-0.560346	-0.151835	1.174830	
880	-0.561352	-0.151665	1.176185	
881	-0.560808	-0.147645	1.176831	
