0	0.000000	0.000000	0.000000	
1	0.000000	0.000000	0.000000	
2	0.000000	0.000000	0.000000	
3	0.000000	0.000000	0.000000	
4	0.000023	0.001269	0.000709	
5	-0.000354	0.001226	0.000686	
6	-0.000664	0.002166	0.000442	
7	-0.000450	0.001658	0.000061	
8	-0.001101	0.005040	0.000508	
9	-0.000622	0.003759	-0.000221	
10	-0.000606	0.005126	0.000062	
11	-0.000589	0.003772	-0.000382	
12	-0.000662	0.003268	-0.000176	
13	-0.000493	0.003326	-0.000218	
14	-0.001122	0.002154	-0.000764	
15	-0.001207	0.001550	-0.000924	
16	-0.001081	0.000721	-0.001352	
17	-0.001294	-0.000513	-0.002059	
18	-0.000821	-0.000118	-0.001907	
19	-0.001026	-0.000422	-0.002558	
20	-0.001231	0.000295	-0.002441	
21	-0.000906	-0.000231	-0.002627	
22	0.000746	0.000467	-0.002651	
23	0.001084	0.000557	-0.003091	
24	0.000799	-0.000221	-0.003764	
25	0.001577	0.000272	-0.004096	
26	0.001947	0.000012	-0.004848	
27	0.002118	-0.000619	-0.005818	
28	0.003602	-0.000061	-0.006109	
29	0.003229	0.000334	-0.006545	
30	0.002706	-0.000515	-0.007458	
31	0.003889	-0.000517	-0.007638	
32	0.004303	0.000890	-0.007561	
33	0.003738	0.001541	-0.008162	
34	0.004090	0.002120	-0.008360	
35	0.004539	0.002134	-0.008496	
36	0.004480	0.002191	-0.008777	
37	0.005081	0.003317	-0.008491	
38	0.005788	0.004883	-0.008438	
39	0.004985	0.004761	-0.009127	
40	0.005327	0.005383	-0.008910	
41	0.005853	0.005468	-0.009179	
42	0.006109	0.004424	-0.009969	
43	0.006276	0.003350	-0.010548	
44	0.006809	0.002969	-0.010689	
45	0.006969	0.003577	-0.010971	
46	0.007173	0.003512	-0.011392	
47	0.007562	0.003970	-0.011616	
48	0.007476	0.004662	-0.012014	
49	0.007178	0.004255	-0.012362	
50	0.008189	0.004419	-0.012522	
51	0.008389	0.003797	-0.013235	
52	0.007739	0.003255	-0.013511	
53	0.008235	0.004401	-0.013628	
54	0.007935	0.004171	-0.013998	
55	0.008111	0.004035	-0.014420	
56	0.008150	0.004279	-0.014412	
57	0.007983	0.004254	-0.014771	
58	0.007714	0.004339	-0.014918	
59	0.008551	0.005946	-0.014194	
60	0.008126	0.006140	-0.014019	
61	0.007017	0.006749	-0.013715	
62	0.007789	0.007875	-0.013020	
63	0.007958	0.008692	-0.012357	
64	0.007178	0.010008	-0.011698	
65	0.006646	0.010169	-0.011446	
66	0.006512	0.010233	-0.011103	
67	0.006483	0.011893	-0.010242	
68	0.005342	0.011970	-0.010175	
69	0.003452	0.012474	-0.010246	
70	0.002106	0.012573	-0.010469	
71	-0.000175	0.011574	-0.011621	
72	-0.003089	0.011415	-0.012998	
73	-0.006291	0.009161	-0.015913	
74	-0.011581	0.007517	-0.019560	
75	-0.018237	0.006526	-0.023305	
76	-0.023714	0.005917	-0.027619	
77	-0.036806	0.003105	-0.037379	
78	-0.045368	0.002091	-0.042256	
79	-0.054560	0.002319	-0.046506	
80	-0.063394	0.001755	-0.051193	
81	-0.072752	0.001832	-0.055549	
82	-0.084119	0.002409	-0.060165	
83	-0.094949	0.004405	-0.064044	
84	-0.105587	0.006229	-0.067596	
85	-0.117172	0.008475	-0.070850	
86	-0.129391	0.010583	-0.073781	
87	-0.142745	0.013556	-0.076262	
88	-0.155964	0.016668	-0.078568	
89	-0.167856	0.019264	-0.080832	
90	-0.181305	0.021234	-0.083480	
91	-0.193669	0.025278	-0.084930	
92	-0.204693	0.028971	-0.086523	
93	-0.217068	0.031397	-0.088509	
94	-0.228736	0.033210	-0.089846	
95	-0.239533	0.034873	-0.091857	
96	-0.249469	0.037037	-0.093511	
97	-0.259796	0.037032	-0.095285	
98	-0.269379	0.036821	-0.096913	
99	-0.279971	0.036539	-0.097747	
100	-0.288643	0.036644	-0.098305	
101	-0.299030	0.035058	-0.098905	
102	-0.308877	0.034346	-0.098851	
103	-0.317873	0.033162	-0.098670	
104	-0.326376	0.031256	-0.098894	
105	-0.335724	0.028944	-0.099122	
106	-0.345520	0.027817	-0.098391	
107	-0.353562	0.027458	-0.097388	
108	-0.372642	0.023585	-0.095964	
109	-0.382214	0.022919	-0.094276	
110	-0.391549	0.021973	-0.092616	
111	-0.401479	0.020366	-0.090325	
112	-0.413262	0.018970	-0.087699	
113	-0.424458	0.017888	-0.084978	
114	-0.434645	0.015502	-0.082326	
115	-0.445463	0.012142	-0.079169	
116	-0.457455	0.008044	-0.076044	
117	-0.467886	0.005110	-0.071881	
118	-0.475331	0.003010	-0.066242	
119	-0.499112	-0.002643	-0.054203	
120	-0.507045	-0.003626	-0.046753	
121	-0.511965	-0.007839	-0.039827	
122	-0.521497	-0.011620	-0.032918	
123	-0.529141	-0.012691	-0.025965	
124	-0.537079	-0.017098	-0.020509	
125	-0.544463	-0.020912	-0.014557	
126	-0.551773	-0.023109	-0.008788	
127	-0.560024	-0.027646	-0.004433	
128	-0.566844	-0.032103	0.000075	
129	-0.573209	-0.036086	0.004817	
130	-0.581759	-0.040267	0.009100	
131	-0.587705	-0.043350	0.014162	
132	-0.593392	-0.047368	0.019381	
133	-0.599760	-0.051425	0.024390	
134	-0.615050	-0.056417	0.035363	
135	-0.622266	-0.059256	0.041165	
136	-0.630515	-0.061291	0.046649	
137	-0.638582	-0.064152	0.052069	
138	-0.652703	-0.068851	0.063121	
139	-0.661983	-0.070014	0.068782	
140	-0.679817	-0.074048	0.079955	
141	-0.688465	-0.076155	0.085543	
142	-0.697675	-0.076448	0.091696	
143	-0.706759	-0.078160	0.097326	
144	-0.716072	-0.080748	0.102939	
145	-0.723891	-0.083664	0.107979	
146	-0.733654	-0.087574	0.112824	
147	-0.743498	-0.088809	0.118447	
148	-0.751531	-0.092189	0.123306	
149	-0.760527	-0.094885	0.128342	
150	-0.769912	-0.096139	0.134070	
151	-0.784286	-0.102613	0.145031	
152	-0.792377	-0.104753	0.150366	
153	-0.799072	-0.108408	0.155316	
154	-0.803683	-0.112575	0.160114	
155	-0.810374	-0.113951	0.165407	
156	-0.816932	-0.115322	0.171069	
157	-0.821377	-0.118103	0.176612	
158	-0.826148	-0.121895	0.182079	
159	-0.833126	-0.123899	0.188149	
160	-0.838293	-0.126326	0.193987	
161	-0.842383	-0.129877	0.199230	
162	-0.848392	-0.131368	0.204468	
163	-0.855398	-0.132674	0.209772	
164	-0.859869	-0.135220	0.214684	
165	-0.864774	-0.138685	0.219021	
166	-0.871379	-0.140189	0.223904	
167	-0.876275	-0.142529	0.228947	
168	-0.879836	-0.145889	0.233267	
169	-0.885922	-0.147675	0.238589	
170	-0.892751	-0.149236	0.244218	
171	-0.897165	-0.155012	0.249188	
172	-0.902277	-0.159734	0.254164	
173	-0.909367	-0.163022	0.259721	
174	-0.919473	-0.169302	0.271337	
175	-0.925351	-0.173742	0.277410	
176	-0.931568	-0.175647	0.283946	
177	-0.935896	-0.179828	0.290596	
178	-0.940708	-0.183524	0.297365	
179	-0.946186	-0.187158	0.304164	
180	-0.951085	-0.190837	0.310583	
181	-0.955782	-0.194001	0.316866	
182	-0.960295	-0.197429	0.322655	
183	-0.966337	-0.202036	0.328686	
184	-0.970735	-0.203698	0.334746	
185	-0.973198	-0.207912	0.339566	
186	-0.979809	-0.209479	0.345309	
187	-0.986685	-0.211607	0.350929	
188	-0.991575	-0.213747	0.356292	
189	-0.995989	-0.215670	0.361432	
190	-1.003936	-0.216052	0.367477	
191	-1.011170	-0.216913	0.373703	
192	-1.016249	-0.217615	0.380061	
193	-1.021688	-0.219207	0.385987	
194	-1.030809	-0.219541	0.392649	
195	-1.041020	-0.218808	0.399620	
196	-1.049598	-0.220434	0.405375	
197	-1.059320	-0.221212	0.410799	
198	-1.072125	-0.222298	0.416848	
199	-1.082994	-0.222986	0.421664	
200	-1.092504	-0.223764	0.425796	
201	-1.103925	-0.224320	0.430371	
202	-1.116807	-0.224888	0.435549	
203	-1.126099	-0.224613	0.439646	
204	-1.136827	-0.226746	0.443977	
205	-1.157727	-0.229841	0.452369	
206	-1.166212	-0.231457	0.455770	
207	-1.176595	-0.234582	0.460149	
208	-1.185873	-0.237430	0.464366	
209	-1.191941	-0.238439	0.468066	
210	-1.199739	-0.241815	0.471926	
211	-1.209510	-0.244587	0.476971	
212	-1.214751	-0.246145	0.481247	
213	-1.220720	-0.248988	0.485436	
214	-1.229626	-0.253176	0.490601	
215	-1.234747	-0.254358	0.495648	
216	-1.239233	-0.257404	0.500051	
217	-1.246962	-0.260839	0.505967	
218	-1.251354	-0.263347	0.511516	
219	-1.255755	-0.265822	0.517216	
220	-1.261456	-0.269429	0.523153	
221	-1.266765	-0.272032	0.529360	
222	-1.270636	-0.275259	0.534983	
223	-1.275480	-0.279756	0.540992	
224	-1.280161	-0.283512	0.547183	
225	-1.283696	-0.287432	0.553262	
226	-1.288123	-0.291712	0.559823	
227	-1.290540	-0.296071	0.565910	
228	-1.293148	-0.301542	0.571828	
229	-1.297091	-0.307729	0.578076	
230	-1.300335	-0.312335	0.583879	
231	-1.303812	-0.316376	0.589556	
232	-1.307829	-0.321274	0.595559	
233	-1.310225	-0.326472	0.601066	
234	-1.313946	-0.331522	0.607044	
235	-1.319631	-0.335373	0.614066	
236	-1.323346	-0.339707	0.619938	
237	-1.327005	-0.343857	0.625673	
238	-1.331364	-0.347792	0.631643	
239	-1.335644	-0.351381	0.637846	
240	-1.339737	-0.354869	0.643822	
241	-1.345179	-0.359354	0.650028	
242	-1.350335	-0.361772	0.656081	
243	-1.354992	-0.365092	0.661006	
244	-1.361587	-0.369803	0.666581	
245	-1.367184	-0.372895	0.671839	
246	-1.371235	-0.377550	0.676206	
247	-1.376846	-0.382607	0.680314	
248	-1.382772	-0.386520	0.684194	
249	-1.387908	-0.390421	0.687364	
250	-1.393434	-0.395138	0.690026	
251	-1.401357	-0.398063	0.693298	
252	-1.408017	-0.400803	0.696146	
253	-1.415011	-0.404575	0.698354	
254	-1.424296	-0.405812	0.701210	
255	-1.432852	-0.407075	0.703055	
256	-1.451770	-0.410388	0.705990	
257	-1.462897	-0.409636	0.707325	
258	-1.482649	-0.409911	0.708510	
259	-1.494575	-0.409601	0.709693	
260	-1.505629	-0.408517	0.710819	
261	-1.516146	-0.407180	0.711792	
262	-1.526445	-0.406635	0.712898	
263	-1.536699	-0.407242	0.714077	
264	-1.547106	-0.405468	0.715955	
265	-1.556669	-0.404794	0.717046	
266	-1.567844	-0.405168	0.718486	
267	-1.577514	-0.405395	0.720329	
268	-1.586523	-0.405892	0.721635	
269	-1.597732	-0.405977	0.723948	
270	-1.607225	-0.404828	0.726217	
271	-1.616815	-0.405075	0.728466	
272	-1.626918	-0.405869	0.731163	
273	-1.635526	-0.405877	0.733944	
274	-1.644219	-0.406669	0.736713	
275	-1.653563	-0.404335	0.740767	
276	-1.661886	-0.402445	0.745384	
277	-1.670172	-0.399946	0.750573	
278	-1.678054	-0.395545	0.756828	
279	-1.685476	-0.391376	0.763980	
280	-1.692074	-0.386869	0.771555	
281	-1.698172	-0.381556	0.779333	
282	-1.702769	-0.377298	0.787060	
283	-1.706446	-0.373347	0.795033	
284	-1.710156	-0.369643	0.803155	
285	-1.712799	-0.366480	0.810483	
286	-1.715611	-0.365488	0.818224	
287	-1.718351	-0.363259	0.827644	
288	-1.717671	-0.360425	0.835538	
289	-1.718937	-0.360432	0.843143	
290	-1.720068	-0.357915	0.852231	
291	-1.719716	-0.355830	0.860788	
292	-1.720205	-0.354674	0.869796	
293	-1.720794	-0.353205	0.878546	
294	-1.721822	-0.350842	0.888266	
295	-1.722892	-0.348602	0.897532	
296	-1.723656	-0.349095	0.906197	
297	-1.725160	-0.348802	0.915241	
298	-1.726219	-0.349577	0.923959	
299	-1.727428	-0.350998	0.931172	
300	-1.729541	-0.352320	0.938920	
301	-1.731746	-0.354056	0.946553	
302	-1.733928	-0.354313	0.954606	
303	-1.736017	-0.356501	0.961411	
304	-1.738508	-0.359102	0.968516	
305	-1.740692	-0.363601	0.974878	
306	-1.744418	-0.366227	0.981636	
307	-1.748252	-0.367726	0.988586	
308	-1.752511	-0.371227	0.994992	
309	-1.756080	-0.375067	1.000625	
310	-1.759742	-0.378592	1.006534	
311	-1.763488	-0.380321	1.012486	
312	-1.767221	-0.383818	1.017973	
313	-1.771294	-0.387037	1.023685	
314	-1.775419	-0.388803	1.029952	
315	-1.779763	-0.392280	1.035740	
316	-1.784668	-0.396589	1.040833	
317	-1.789549	-0.401235	1.045774	
318	-1.794825	-0.405351	1.051084	
319	-1.800231	-0.409332	1.056169	
320	-1.806190	-0.413695	1.061278	
321	-1.811571	-0.418755	1.065923	
322	-1.816837	-0.423594	1.070253	
323	-1.822627	-0.428629	1.074411	
324	-1.828093	-0.433324	1.078640	
325	-1.833668	-0.437372	1.082686	
326	-1.838402	-0.442808	1.085562	
327	-1.842852	-0.447838	1.088550	
328	-1.847618	-0.452833	1.091907	
329	-1.852447	-0.457605	1.095565	
330	-1.857047	-0.462400	1.100057	
331	-1.861441	-0.468715	1.104327	
332	-1.865699	-0.473055	1.108653	
333	-1.870026	-0.478907	1.114396	
334	-1.873443	-0.486285	1.118903	
335	-1.877609	-0.491078	1.124572	
336	-1.881731	-0.497116	1.130710	
337	-1.884985	-0.503230	1.134870	
338	-1.888517	-0.508835	1.140985	
339	-1.891116	-0.516173	1.146699	
340	-1.893306	-0.522616	1.151213	
341	-1.895776	-0.527752	1.157091	
342	-1.897808	-0.534095	1.164364	
343	-1.898917	-0.540079	1.168222	
344	-1.900850	-0.544965	1.174718	
345	-1.902216	-0.552374	1.182083	
346	-1.903402	-0.557501	1.187466	
347	-1.904875	-0.560990	1.194374	
348	-1.904682	-0.566113	1.200641	
349	-1.904527	-0.573205	1.204802	
350	-1.904882	-0.577394	1.210805	
351	-1.905482	-0.582918	1.218579	
352	-1.905183	-0.588373	1.223443	
353	-1.905370	-0.594106	1.230128	
354	-1.904959	-0.605320	1.242527	
355	-1.904678	-0.610606	1.249252	
356	-1.904182	-0.615767	1.255713	
357	-1.903911	-0.621642	1.262495	
358	-1.903767	-0.626908	1.269341	
359	-1.903143	-0.633963	1.277264	
360	-1.902547	-0.645312	1.292268	
361	-1.902116	-0.652121	1.300212	
362	-1.901687	-0.658513	1.307290	
363	-1.901541	-0.664857	1.315100	
364	-1.901498	-0.670248	1.322338	
365	-1.901433	-0.675101	1.329385	
366	-1.901619	-0.678933	1.337169	
367	-1.901394	-0.682109	1.342899	
368	-1.901402	-0.686114	1.348860	
369	-1.901224	-0.690228	1.355574	
370	-1.900638	-0.693694	1.361766	
371	-1.900436	-0.696394	1.366610	
372	-1.899875	-0.699251	1.372359	
373	-1.899604	-0.702098	1.376576	
374	-1.900162	-0.704621	1.380290	
375	-1.900460	-0.707055	1.384991	
376	-1.901216	-0.709245	1.389905	
377	-1.902215	-0.710739	1.393427	
378	-1.903641	-0.712451	1.398061	
379	-1.905187	-0.714035	1.403434	
380	-1.906952	-0.716027	1.408698	
381	-1.908877	-0.718108	1.413486	
382	-1.911147	-0.720912	1.419759	
383	-1.913658	-0.723825	1.424532	
384	-1.916253	-0.727500	1.429836	
385	-1.919641	-0.731209	1.435797	
386	-1.922865	-0.735739	1.440284	
387	-1.927026	-0.739695	1.446362	
388	-1.931035	-0.745054	1.451668	
389	-1.934942	-0.751299	1.456318	
390	-1.939756	-0.755354	1.461585	
391	-1.944223	-0.761775	1.466748	
392	-1.949160	-0.767133	1.471125	
393	-1.954423	-0.773298	1.477719	
394	-1.959738	-0.778686	1.482253	
395	-1.965193	-0.785385	1.487811	
396	-1.971129	-0.792086	1.495286	
397	-1.976612	-0.798348	1.500500	
398	-1.986814	-0.811966	1.511392	
399	-1.990812	-0.819528	1.516829	
400	-1.995228	-0.826476	1.521203	
401	-1.998751	-0.836009	1.528344	
402	-2.002020	-0.842255	1.532536	
403	-2.005653	-0.849755	1.538060	
404	-2.009228	-0.857792	1.546351	
405	-2.012135	-0.864190	1.553956	
406	-2.015130	-0.870520	1.559788	
407	-2.018344	-0.877565	1.568336	
408	-2.020493	-0.883344	1.577031	
409	-2.022767	-0.886276	1.582111	
410	-2.025084	-0.890894	1.588645	
411	-2.026917	-0.895643	1.597454	
412	-2.028574	-0.898107	1.604076	
413	-2.030193	-0.900434	1.609974	
414	-2.031506	-0.903678	1.617609	
415	-2.032361	-0.907463	1.626451	
416	-2.033817	-0.908414	1.632985	
417	-2.035305	-0.910330	1.640381	
418	-2.036794	-0.912017	1.649004	
419	-2.038443	-0.913382	1.655297	
420	-2.039839	-0.915783	1.663424	
421	-2.041709	-0.916358	1.670353	
422	-2.043090	-0.918000	1.677544	
423	-2.044562	-0.918821	1.683566	
424	-2.045975	-0.920208	1.690116	
425	-2.047101	-0.922096	1.697034	
426	-2.049649	-0.924260	1.707321	
427	-2.051085	-0.925603	1.712570	
428	-2.052002	-0.927711	1.718276	
429	-2.053445	-0.930111	1.723875	
430	-2.055558	-0.933596	1.728777	
431	-2.056852	-0.938223	1.736506	
432	-2.058354	-0.949435	1.747309	
433	-2.059154	-0.955341	1.752850	
434	-2.059837	-0.960988	1.757711	
435	-2.061272	-0.966434	1.760676	
436	-2.062414	-0.972272	1.765903	
437	-2.063607	-0.978941	1.771615	
438	-2.065340	-0.984506	1.775571	
439	-2.066876	-0.990828	1.782011	
440	-2.067937	-0.997094	1.786685	
441	-2.069404	-1.004012	1.791791	
442	-2.070860	-1.009529	1.797847	
443	-2.072287	-1.014937	1.802936	
444	-2.073537	-1.021383	1.808402	
445	-2.075113	-1.027034	1.813740	
446	-2.075924	-1.033781	1.820289	
447	-2.077390	-1.039833	1.824464	
448	-2.078745	-1.046622	1.829688	
449	-2.080095	-1.053123	1.836650	
450	-2.081414	-1.059316	1.840305	
451	-2.083377	-1.065820	1.847459	
452	-2.084779	-1.071349	1.853218	
453	-2.087750	-1.076698	1.857307	
454	-2.089287	-1.084872	1.866182	
455	-2.091411	-1.091058	1.872493	
456	-2.094534	-1.098236	1.879337	
457	-2.098350	-1.104624	1.887840	
458	-2.102445	-1.111868	1.896303	
459	-2.106157	-1.121548	1.906583	
460	-2.112340	-1.126893	1.915179	
461	-2.117387	-1.134999	1.925442	
462	-2.122721	-1.143179	1.937215	
463	-2.127856	-1.150180	1.948321	
464	-2.132125	-1.157504	1.959537	
465	-2.136802	-1.164791	1.971083	
466	-2.140383	-1.171615	1.982521	
467	-2.143545	-1.178364	1.992793	
468	-2.147187	-1.185277	2.002607	
469	-2.150745	-1.192689	2.012613	
470	-2.153447	-1.198439	2.023506	
471	-2.157297	-1.204929	2.032420	
472	-2.161276	-1.211374	2.043882	
473	-2.163960	-1.217387	2.054153	
474	-2.167035	-1.222817	2.064281	
475	-2.169555	-1.228385	2.073873	
476	-2.171300	-1.233911	2.083798	
477	-2.173628	-1.237825	2.092514	
478	-2.174670	-1.241062	2.101818	
479	-2.175059	-1.244007	2.110340	
480	-2.175873	-1.246895	2.117746	
481	-2.175495	-1.248609	2.126416	
482	-2.173073	-1.250306	2.136195	
483	-2.173275	-1.251553	2.142765	
484	-2.172951	-1.252666	2.150842	
485	-2.169144	-1.253713	2.160951	
486	-2.166789	-1.254019	2.168264	
487	-2.165454	-1.254324	2.174547	
488	-2.157558	-1.257993	2.194452	
489	-2.154976	-1.259322	2.201853	
490	-2.150825	-1.262146	2.212683	
491	-2.147391	-1.265130	2.219028	
492	-2.143834	-1.268892	2.226241	
493	-2.138685	-1.273446	2.235070	
494	-2.135433	-1.277507	2.241824	
495	-2.133099	-1.281320	2.248013	
496	-2.127937	-1.286515	2.258653	
497	-2.120709	-1.297003	2.271446	
498	-2.116189	-1.301677	2.279891	
499	-2.111239	-1.305483	2.288375	
500	-2.107913	-1.310885	2.291955	
501	-2.104859	-1.314379	2.297352	
502	-2.099192	-1.319529	2.304320	
503	-2.096582	-1.323238	2.307714	
504	-2.093012	-1.326360	2.312995	
505	-2.088938	-1.328723	2.320022	
506	-2.085735	-1.332787	2.324344	
507	-2.082305	-1.337445	2.327157	
508	-2.076893	-1.341881	2.332621	
509	-2.074140	-1.345006	2.335143	
510	-2.071213	-1.347935	2.338134	
511	-2.066156	-1.351113	2.343522	
512	-2.061989	-1.356304	2.345201	
513	-2.057703	-1.361658	2.347073	
514	-2.051302	-1.366076	2.353065	
515	-2.047815	-1.369450	2.356491	
516	-2.043074	-1.373969	2.361136	
517	-2.036950	-1.378874	2.367871	
518	-2.032492	-1.383647	2.373529	
519	-2.028165	-1.387682	2.381318	
520	-2.021347	-1.392971	2.391283	
521	-2.018097	-1.397303	2.398946	
522	-2.013470	-1.401451	2.408329	
523	-2.008311	-1.407075	2.417950	
524	-2.003789	-1.412074	2.427439	
525	-1.998138	-1.418494	2.436828	
526	-1.994842	-1.425650	2.444040	
527	-1.989676	-1.430648	2.453568	
528	-1.984160	-1.435732	2.463119	
529	-1.979855	-1.441512	2.471532	
530	-1.975749	-1.446715	2.479559	
531	-1.970961	-1.450967	2.488632	
532	-1.966769	-1.456092	2.496402	
533	-1.963146	-1.458895	2.505558	
534	-1.958367	-1.461806	2.513823	
535	-1.953161	-1.465969	2.521402	
536	-1.948881	-1.469658	2.528486	
537	-1.943528	-1.472503	2.535784	
538	-1.937306	-1.476921	2.541607	
539	-1.934738	-1.479539	2.547656	
540	-1.928972	-1.482987	2.553708	
541	-1.921491	-1.487699	2.559830	
542	-1.917537	-1.490914	2.565372	
543	-1.911810	-1.493664	2.571230	
544	-1.904479	-1.497130	2.576989	
545	-1.898464	-1.499829	2.582506	
546	-1.893450	-1.501635	2.587458	
547	-1.886553	-1.502936	2.593404	
548	-1.878411	-1.504894	2.597517	
549	-1.871538	-1.506354	2.601908	
550	-1.863912	-1.507728	2.605363	
551	-1.856155	-1.507872	2.610845	
552	-1.847314	-1.509210	2.613808	
553	-1.841129	-1.509424	2.617481	
554	-1.831275	-1.508434	2.622297	
555	-1.818069	-1.509495	2.627127	
556	-1.811832	-1.508770	2.630755	
557	-1.801947	-1.507666	2.636168	
558	-1.789478	-1.507179	2.641405	
559	-1.781532	-1.506219	2.645850	
560	-1.772962	-1.504433	2.650547	
561	-1.760662	-1.503562	2.655295	
562	-1.751015	-1.503390	2.658983	
563	-1.733142	-1.500669	2.666136	
564	-1.721982	-1.500920	2.669356	
565	-1.713690	-1.500580	2.671230	
566	-1.704150	-1.499953	2.673386	
567	-1.694033	-1.500104	2.675882	
568	-1.685388	-1.500969	2.676116	
569	-1.677689	-1.501549	2.676928	
570	-1.668697	-1.501798	2.679335	
571	-1.660729	-1.502738	2.680305	
572	-1.653295	-1.504636	2.679299	
573	-1.645300	-1.506346	2.679450	
574	-1.637510	-1.507844	2.680199	
575	-1.631229	-1.508748	2.680530	
576	-1.624874	-1.509515	2.681254	
577	-1.616753	-1.510595	2.683115	
578	-1.605457	-1.513688	2.683508	
579	-1.598539	-1.514346	2.685155	
580	-1.591027	-1.515338	2.686747	
581	-1.585997	-1.516957	2.686468	
582	-1.579433	-1.517334	2.688614	
583	-1.571517	-1.519424	2.690016	
584	-1.566659	-1.521126	2.690986	
585	-1.553948	-1.523296	2.695453	
586	-1.548346	-1.524349	2.698330	
587	-1.543017	-1.525201	2.700349	
588	-1.536486	-1.526130	2.703013	
589	-1.530031	-1.527416	2.704017	
590	-1.517377	-1.528576	2.708980	
591	-1.511359	-1.529387	2.711555	
592	-1.503926	-1.530629	2.714179	
593	-1.498477	-1.531230	2.717457	
594	-1.492910	-1.532551	2.720092	
595	-1.485782	-1.533542	2.722862	
596	-1.478977	-1.533909	2.726498	
597	-1.475022	-1.533935	2.729286	
598	-1.467999	-1.533662	2.732444	
599	-1.460940	-1.533285	2.735809	
600	-1.455955	-1.532941	2.737525	
601	-1.450989	-1.532803	2.737976	
602	-1.442250	-1.531607	2.742478	
603	-1.435361	-1.529586	2.746898	
604	-1.430924	-1.529489	2.746293	
605	-1.422178	-1.528382	2.749509	
606	-1.412929	-1.526919	2.752869	
607	-1.407535	-1.525883	2.754002	
608	-1.399023	-1.524256	2.757652	
609	-1.390797	-1.523430	2.758402	
610	-1.382019	-1.522303	2.761049	
611	-1.374232	-1.521243	2.763031	
612	-1.367564	-1.520046	2.763276	
613	-1.357911	-1.519210	2.763808	
614	-1.350594	-1.518063	2.763180	
615	-1.343620	-1.516715	2.762150	
616	-1.335079	-1.515214	2.761512	
617	-1.327240	-1.514024	2.760863	
618	-1.320768	-1.513312	2.758737	
619	-1.311484	-1.513402	2.756520	
620	-1.304588	-1.513427	2.755085	
621	-1.299135	-1.513371	2.752825	
622	-1.291166	-1.513405	2.751554	
623	-1.283963	-1.513726	2.749755	
624	-1.278906	-1.514439	2.745732	
625	-1.271233	-1.514705	2.744258	
626	-1.263960	-1.515064	2.742430	
627	-1.251025	-1.515603	2.738540	
628	-1.243179	-1.516468	2.736415	
629	-1.237792	-1.517653	2.733556	
630	-1.230364	-1.518778	2.732212	
631	-1.224118	-1.519811	2.730675	
632	-1.217759	-1.521417	2.728344	
633	-1.211005	-1.523051	2.726140	
634	-1.205339	-1.524112	2.724081	
635	-1.199763	-1.525064	2.722619	
636	-1.194650	-1.525521	2.721469	
637	-1.185423	-1.525564	2.717074	
638	-1.181345	-1.525424	2.714660	
639	-1.176433	-1.524220	2.713365	
640	-1.169824	-1.523547	2.711027	
641	-1.163232	-1.522981	2.709193	
642	-1.160850	-1.521952	2.707005	
643	-1.157251	-1.520388	2.705799	
644	-1.150510	-1.519615	2.704079	
645	-1.147598	-1.518001	2.703170	
646	-1.144671	-1.516101	2.702201	
647	-1.138125	-1.514311	2.701289	
648	-1.132112	-1.512653	2.699738	
649	-1.128332	-1.510803	2.698070	
650	-1.123450	-1.508547	2.696502	
651	-1.117696	-1.505969	2.694551	
652	-1.112243	-1.502681	2.693289	
653	-1.107749	-1.499183	2.691526	
654	-1.101046	-1.495697	2.689878	
655	-1.094789	-1.491940	2.688077	
656	-1.089682	-1.487794	2.686223	
657	-1.080868	-1.484211	2.683907	
658	-1.078047	-1.479494	2.682477	
659	-1.073444	-1.474752	2.681269	
660	-1.063693	-1.471983	2.678453	
661	-1.058838	-1.468052	2.676973	
662	-1.055262	-1.463918	2.675111	
663	-1.049109	-1.460118	2.672226	
664	-1.044420	-1.456038	2.669235	
665	-1.040354	-1.451720	2.666254	
666	-1.036799	-1.447040	2.662582	
667	-1.033930	-1.442028	2.659068	
668	-1.027698	-1.437888	2.654018	
669	-1.021860	-1.433194	2.649554	
670	-1.018178	-1.427166	2.646518	
671	-1.010815	-1.422526	2.641146	
672	-1.002114	-1.417184	2.636211	
673	-0.988939	-1.408037	2.624685	
674	-0.976359	-1.403994	2.618564	
675	-0.965706	-1.396969	2.607323	
676	-0.960328	-1.395631	2.600158	
677	-0.959212	-1.391034	2.596867	
678	-0.956100	-1.386357	2.593577	
679	-0.948484	-1.383495	2.587853	
680	-0.942135	-1.379728	2.583605	
681	-0.939264	-1.374510	2.581430	
682	-0.933157	-1.371491	2.577815	
683	-0.927199	-1.368093	2.575026	
684	-0.918377	-1.360053	2.571795	
685	-0.913167	-1.357423	2.569314	
686	-0.911840	-1.351447	2.570128	
687	-0.908117	-1.347292	2.569376	
688	-0.901506	-1.345176	2.567473	
689	-0.899751	-1.338473	2.569996	
690	-0.896717	-1.333640	2.570404	
691	-0.892048	-1.330078	2.569969	
692	-0.889215	-1.324904	2.571467	
693	-0.888482	-1.319146	2.573758	
694	-0.884259	-1.316637	2.573500	
695	-0.881816	-1.312470	2.575232	
696	-0.880731	-1.308048	2.576925	
697	-0.875164	-1.307380	2.575646	
698	-0.874065	-1.302996	2.578279	
699	-0.872869	-1.299939	2.579921	
700	-0.868012	-1.299683	2.579536	
701	-0.867333	-1.296054	2.582327	
702	-0.865342	-1.293686	2.583693	
703	-0.861651	-1.292249	2.585046	
704	-0.860193	-1.289185	2.588091	
705	-0.857442	-1.287049	2.590269	
706	-0.855000	-1.284611	2.593060	
707	-0.852415	-1.281847	2.596016	
708	-0.850479	-1.279215	2.598961	
709	-0.846915	-1.277543	2.600923	
710	-0.844851	-1.274634	2.603871	
711	-0.842744	-1.271888	2.606750	
712	-0.834431	-1.265154	2.615355	
713	-0.828944	-1.265237	2.615497	
714	-0.822915	-1.265498	2.616719	
715	-0.821743	-1.262735	2.620703	
716	-0.815688	-1.263746	2.621709	
717	-0.812192	-1.263148	2.624473	
718	-0.810503	-1.260792	2.628151	
719	-0.805816	-1.261012	2.630016	
720	-0.802265	-1.260272	2.632709	
721	-0.799864	-1.258450	2.636078	
722	-0.794458	-1.259523	2.636751	
723	-0.789388	-1.260121	2.638901	
724	-0.787097	-1.258901	2.642281	
725	-0.784004	-1.258777	2.644474	
726	-0.777706	-1.261296	2.644931	
727	-0.775507	-1.259661	2.649467	
728	-0.772482	-1.259046	2.652338	
729	-0.766798	-1.261083	2.653257	
730	-0.763227	-1.260617	2.657841	
731	-0.760679	-1.260090	2.660485	
732	-0.755111	-1.261905	2.661606	
733	-0.752532	-1.261217	2.665847	
734	-0.748879	-1.261680	2.668274	
735	-0.744035	-1.263596	2.669489	
736	-0.741855	-1.262890	2.673174	
737	-0.738181	-1.263703	2.675159	
738	-0.734189	-1.265208	2.677254	
739	-0.731632	-1.265981	2.680184	
740	-0.727061	-1.269497	2.680098	
741	-0.725039	-1.271017	2.682899	
742	-0.723488	-1.271924	2.686146	
743	-0.722301	-1.273110	2.688193	
744	-0.722018	-1.273040	2.691919	
745	-0.719776	-1.274395	2.694129	
746	-0.718354	-1.275510	2.697435	
747	-0.717086	-1.276425	2.700518	
748	-0.714863	-1.277529	2.703097	
749	-0.712549	-1.278914	2.705749	
750	-0.712715	-1.278197	2.710035	
751	-0.709757	-1.280080	2.712536	
752	-0.707516	-1.281639	2.716770	
753	-0.706555	-1.282482	2.721979	
754	-0.704151	-1.284715	2.725874	
755	-0.701031	-1.288050	2.729174	
756	-0.699524	-1.290400	2.734429	
757	-0.697636	-1.293473	2.738930	
758	-0.693612	-1.298666	2.742808	
759	-0.693059	-1.301300	2.749433	
760	-0.690020	-1.305679	2.754010	
761	-0.687496	-1.309641	2.759910	
762	-0.685785	-1.313141	2.766797	
763	-0.684082	-1.316493	2.772372	
764	-0.681588	-1.320249	2.777806	
765	-0.678833	-1.324350	2.783447	
766	-0.675837	-1.328811	2.789178	
767	-0.674029	-1.332012	2.796110	
768	-0.670474	-1.336882	2.800475	
769	-0.668343	-1.340219	2.806767	
770	-0.668022	-1.341796	2.813613	
771	-0.663537	-1.346538	2.817347	
772	-0.660941	-1.349451	2.823148	
773	-0.658622	-1.351780	2.828308	
774	-0.654034	-1.355664	2.830330	
775	-0.652710	-1.356285	2.836646	
776	-0.651123	-1.356728	2.841661	
777	-0.645975	-1.358983	2.844583	
778	-0.642280	-1.359885	2.848707	
779	-0.638315	-1.360521	2.852817	
780	-0.632438	-1.363426	2.853178	
781	-0.627826	-1.365155	2.855072	
782	-0.623520	-1.366840	2.856356	
783	-0.617693	-1.369369	2.855904	
784	-0.611359	-1.372144	2.856841	
785	-0.606412	-1.373895	2.858591	
786	-0.599159	-1.376065	2.859319	
787	-0.593705	-1.377735	2.860588	
788	-0.581831	-1.381121	2.864579	
789	-0.574259	-1.383263	2.866930	
790	-0.567626	-1.385422	2.869635	
791	-0.559849	-1.387988	2.870696	
792	-0.552062	-1.390310	2.871779	
793	-0.543094	-1.393889	2.872314	
794	-0.536012	-1.395979	2.874691	
795	-0.527318	-1.398547	2.875475	
796	-0.517766	-1.401846	2.875564	
797	-0.510699	-1.403095	2.878391	
798	-0.502909	-1.404891	2.879950	
799	-0.493573	-1.407994	2.880482	
800	-0.486459	-1.409467	2.883249	
801	-0.469597	-1.415024	2.882992	
802	-0.457173	-1.417681	2.885023	
803	-0.444880	-1.420604	2.885656	
804	-0.439205	-1.421733	2.886070	
805	-0.432527	-1.423463	2.885221	
806	-0.428504	-1.422839	2.886844	
807	-0.421963	-1.423430	2.886355	
808	-0.414993	-1.424423	2.885655	
809	-0.408597	-1.423801	2.886579	
810	-0.400964	-1.424886	2.885606	
811	-0.392722	-1.426528	2.884444	
812	-0.385634	-1.425878	2.885556	
813	-0.379303	-1.426764	2.885655	
814	-0.371163	-1.428245	2.884567	
815	-0.365051	-1.427644	2.885770	
816	-0.358187	-1.428479	2.885551	
817	-0.350290	-1.429432	2.883816	
818	-0.345242	-1.428389	2.884205	
819	-0.338500	-1.429406	2.881651	
820	-0.332664	-1.430163	2.879732	
821	-0.326916	-1.429728	2.878686	
822	-0.321095	-1.429573	2.877009	
823	-0.315192	-1.428949	2.875520	
824	-0.309332	-1.427418	2.874431	
825	-0.303428	-1.427053	2.872369	
826	-0.297842	-1.425099	2.870975	
827	-0.293171	-1.422441	2.869792	
828	-0.288337	-1.420310	2.867648	
829	-0.276243	-1.414253	2.863812	
830	-0.270354	-1.411350	2.860751	
831	-0.265008	-1.408305	2.856991	
832	-0.259045	-1.403869	2.853674	
833	-0.253201	-1.399699	2.849577	
834	-0.245753	-1.396131	2.844204	
835	-0.238385	-1.391351	2.839595	
836	-0.230100	-1.386247	2.835031	
837	-0.221588	-1.383150	2.828458	
838	-0.212052	-1.379453	2.822258	
839	-0.203752	-1.375110	2.816332	
840	-0.194700	-1.371616	2.809761	
841	-0.177123	-1.364923	2.795599	
842	-0.169644	-1.361595	2.788894	
843	-0.162159	-1.358784	2.781328	
844	-0.154101	-1.355043	2.774936	
845	-0.148176	-1.352879	2.767773	
846	-0.140150	-1.349814	2.761647	
847	-0.132947	-1.346929	2.754872	
848	-0.127830	-1.345336	2.748520	
849	-0.119907	-1.342062	2.743001	
850	-0.114032	-1.342932	2.733743	
851	-0.106329	-1.342578	2.726739	
852	-0.097708	-1.339131	2.722615	
853	-0.094546	-1.340335	2.714680	
854	-0.088202	-1.341640	2.707399	
855	-0.081065	-1.341051	2.701140	
856	-0.076558	-1.340671	2.694372	
857	-0.071351	-1.339981	2.687428	
858	-0.066320	-1.339143	2.679976	
859	-0.060038	-1.337820	2.673036	
860	-0.053464	-1.335932	2.667188	
861	-0.048362	-1.335871	2.659759	
862	-0.041565	-1.335684	2.653725	
863	-0.034507	-1.336521	2.646598	
864	-0.027232	-1.337723	2.640431	
865	-0.019965	-1.338620	2.635134	
866	-0.013502	-1.340693	2.628604	
867	-0.005493	-1.342554	2.622814	
868	0.001583	-1.344307	2.617577	
869	0.007254	-1.346737	2.610890	
870	0.012958	-1.349505	2.603869	
871	0.020739	-1.351301	2.598192	
872	0.026586	-1.353590	2.591707	
873	0.032989	-1.355768	2.584543	
874	0.037833	-1.358319	2.576681	
875	0.050126	-1.360530	2.563075	
876	0.052832	-1.362530	2.554049	
877	0.057627	-1.363528	2.546550	
878	0.060531	-1.364969	2.537282	
879	0.068722	-1.364854	2.522335	
880	0.070145	-1.364427	2.513581	
881	0.072453	-1.364065	2.505104	
882	0.076944	-1.362252	2.498837	
883	0.078876	-1.361239	2.491305	
884	0.080179	-1.361110	2.482617	
885	0.080712	-1.359752	2.474154	
886	0.084103	-1.358550	2.464794	
887	0.085553	-1.357439	2.455969	
888	0.088693	-1.355670	2.446794	
889	0.090712	-1.353987	2.438726	
890	0.093837	-1.352759	2.429467	
891	0.096015	-1.352571	2.419497	
892	0.099568	-1.351606	2.410425	
893	0.101762	-1.350806	2.400405	
894	0.103725	-1.350782	2.388641	
895	0.107275	-1.351107	2.378148	
896	0.110712	-1.351927	2.368946	
897	0.114217	-1.353111	2.361667	
898	0.119149	-1.353549	2.354750	
899	0.122910	-1.353214	2.347675	
900	0.125972	-1.352554	2.339831	
901	0.128417	-1.351580	2.333095	
902	0.132485	-1.349793	2.326595	
903	0.134816	-1.348025	2.319843	
904	0.137695	-1.346439	2.313326	
905	0.140742	-1.344363	2.307398	
906	0.143263	-1.342282	2.301303	
907	0.146537	-1.340884	2.294662	
908	0.150686	-1.338699	2.288973	
909	0.155860	-1.336900	2.282806	
910	0.160575	-1.335830	2.277912	
911	0.166553	-1.333943	2.274824	
912	0.172237	-1.332799	2.271647	
913	0.176620	-1.332475	2.268348	
914	0.182290	-1.330676	2.264953	
915	0.187537	-1.328602	2.261119	
916	0.192610	-1.326797	2.257826	
917	0.194688	-1.324412	2.256144	
918	0.198036	-1.322328	2.253302	
919	0.202380	-1.320981	2.250498	
920	0.205243	-1.318747	2.249220	
921	0.208552	-1.317162	2.247393	
922	0.212749	-1.316169	2.245504	
923	0.216474	-1.314549	2.244213	
924	0.220507	-1.313478	2.242664	
925	0.224434	-1.312711	2.241912	
926	0.228219	-1.311399	2.242250	
927	0.233595	-1.311082	2.241508	
928	0.238195	-1.311097	2.241859	
929	0.240298	-1.310220	2.243618	
930	0.245615	-1.310249	2.244146	
931	0.249592	-1.310885	2.245901	
932	0.252241	-1.310940	2.249342	
933	0.255728	-1.311684	2.251003	
934	0.258487	-1.312319	2.253446	
935	0.260960	-1.312696	2.256134	
936	0.264092	-1.313418	2.257197	
937	0.266776	-1.314310	2.259205	
938	0.268918	-1.314547	2.263452	
939	0.270421	-1.315068	2.267334	
940	0.272849	-1.315585	2.271027	
941	0.275631	-1.315918	2.273810	
942	0.279289	-1.316439	2.276935	
943	0.281728	-1.316962	2.280295	
944	0.283432	-1.316823	2.285153	
945	0.286191	-1.317067	2.288400	
946	0.289934	-1.317340	2.291287	
947	0.292355	-1.317489	2.295328	
948	0.295635	-1.318576	2.297494	
949	0.298487	-1.319050	2.300745	
950	0.305534	-1.320510	2.304153	
951	0.307240	-1.321015	2.307723	
952	0.308860	-1.320981	2.309169	
953	0.311251	-1.320832	2.313027	
954	0.312183	-1.319437	2.316291	
955	0.314821	-1.318403	2.318991	
956	0.317359	-1.317545	2.321218	
957	0.319297	-1.315946	2.326374	
958	0.319982	-1.314017	2.331451	
959	0.320145	-1.311910	2.335712	
960	0.323177	-1.311265	2.339695	
961	0.324878	-1.310825	2.345173	
962	0.325592	-1.309275	2.350429	
963	0.329528	-1.309654	2.351928	
964	0.331450	-1.309551	2.357942	
965	0.331734	-1.308844	2.363444	
966	0.337037	-1.309790	2.365837	
967	0.338825	-1.309710	2.371549	
968	0.342498	-1.310224	2.377009	
969	0.348707	-1.312707	2.380112	
970	0.351925	-1.313709	2.385967	
971	0.353585	-1.314055	2.392363	
972	0.358414	-1.316661	2.396874	
973	0.361007	-1.317668	2.405858	
974	0.361336	-1.316805	2.413164	
975	0.364647	-1.318865	2.418238	
976	0.366114	-1.319088	2.427866	
977	0.369417	-1.320653	2.432774	
978	0.373670	-1.323618	2.440396	
979	0.372290	-1.321990	2.448103	
980	0.374161	-1.322598	2.449735	
981	0.378461	-1.323811	2.455286	
982	0.379086	-1.323148	2.463345	
983	0.381225	-1.324274	2.466228	
984	0.383681	-1.324739	2.471457	
985	0.383666	-1.324240	2.477412	
986	0.384523	-1.324801	2.480470	
987	0.386944	-1.325336	2.486075	
988	0.388817	-1.326044	2.490118	
989	0.390546	-1.327417	2.492638	
990	0.392971	-1.327397	2.499399	
991	0.393678	-1.327140	2.503730	
992	0.394638	-1.327913	2.507165	
993	0.396050	-1.326309	2.513730	
994	0.397796	-1.325869	2.517142	
995	0.400679	-1.326536	2.520092	
996	0.402579	-1.324512	2.525462	
997	0.401173	-1.320783	2.532738	
998	0.402836	-1.319957	2.535385	
999	0.404967	-1.317980	2.541420	
1000	0.407891	-1.315927	2.553654	
1001	0.409079	-1.313156	2.563908	
1002	0.409934	-1.312370	2.571994	
1003	0.410612	-1.313207	2.577548	
1004	0.410581	-1.311712	2.584824	
1005	0.410177	-1.311552	2.590087	
1006	0.410032	-1.310152	2.595368	
1007	0.410320	-1.309757	2.599049	
1008	0.410545	-1.309777	2.602634	
1009	0.410725	-1.309552	2.605690	
1010	0.410932	-1.310153	2.607473	
1011	0.412533	-1.310928	2.610588	
1012	0.412451	-1.310134	2.613692	
1013	0.412787	-1.309785	2.617417	
1014	0.414014	-1.310186	2.617780	
1015	0.416621	-1.312919	2.622324	
1016	0.415762	-1.311969	2.626281	
1017	0.417438	-1.312345	2.628044	
1018	0.419717	-1.313578	2.630049	
1019	0.421849	-1.312098	2.632607	
1020	0.424135	-1.312310	2.632066	
1021	0.422672	-1.308776	2.633448	
1022	0.425152	-1.308471	2.633005	
1023	0.425724	-1.302618	2.631351	
1024	0.428446	-1.296412	2.627540	
1025	0.427843	-1.291014	2.625987	
1026	0.428486	-1.287540	2.625585	
1027	0.431606	-1.285252	2.623359	
1028	0.432497	-1.281305	2.623102	
1029	0.434237	-1.277871	2.623668	
1030	0.436875	-1.274766	2.623456	
1031	0.436795	-1.269144	2.623796	
1032	0.438938	-1.265523	2.623970	
1033	0.442531	-1.263969	2.624828	
1034	0.442825	-1.259110	2.625444	
1035	0.445470	-1.255652	2.624413	
1036	0.449210	-1.254541	2.625330	
1037	0.450961	-1.251035	2.625167	
1038	0.452127	-1.247400	2.625667	
1039	0.455818	-1.245620	2.624702	
1040	0.458010	-1.243482	2.624278	
1041	0.459762	-1.240664	2.623044	
1042	0.461400	-1.237988	2.621351	
1043	0.464120	-1.236469	2.618744	
1044	0.465486	-1.233819	2.616076	
1045	0.467004	-1.232263	2.615070	
1046	0.468935	-1.230924	2.614069	
1047	0.470254	-1.227465	2.613758	
1048	0.472534	-1.226566	2.612834	
1049	0.473555	-1.225055	2.612119	
1050	0.474170	-1.224412	2.612988	
1051	0.475037	-1.223648	2.613563	
1052	0.475857	-1.222041	2.613197	
1053	0.475955	-1.221373	2.614885	
1054	0.476885	-1.219514	2.614244	
1055	0.477516	-1.217661	2.614315	
1056	0.477276	-1.216972	2.617078	
1057	0.477224	-1.215668	2.619185	
1058	0.477065	-1.215153	2.622619	
1059	0.477015	-1.212482	2.623136	
1060	0.478108	-1.211204	2.624021	
1061	0.477825	-1.212873	2.629349	
1062	0.475866	-1.211452	2.632787	
1063	0.476593	-1.211835	2.635451	
1064	0.477406	-1.209870	2.635299	
1065	0.476519	-1.206484	2.635114	
1066	0.478893	-1.207823	2.637176	
1067	0.479519	-1.206574	2.638017	
1068	0.478420	-1.204043	2.639719	
1069	0.480080	-1.204935	2.642611	
1070	0.480227	-1.206704	2.648082	
1071	0.477176	-1.204756	2.653458	
1072	0.477032	-1.203253	2.656141	
1073	0.475953	-1.204939	2.663850	
1074	0.473261	-1.201270	2.667277	
1075	0.473485	-1.199236	2.669320	
1076	0.472989	-1.196792	2.671536	
1077	0.471031	-1.195110	2.676578	
1078	0.470078	-1.194142	2.681112	
1079	0.469281	-1.193785	2.685771	
1080	0.468867	-1.193563	2.689782	
1081	0.466455	-1.191897	2.694739	
1082	0.467983	-1.192205	2.697079	
1083	0.468352	-1.192129	2.700110	
1084	0.465596	-1.189798	2.704151	
1085	0.468590	-1.191624	2.704685	
1086	0.468566	-1.191179	2.705715	
1087	0.466256	-1.187125	2.705151	
1088	0.467880	-1.187193	2.703146	
1089	0.465207	-1.183883	2.702220	
1090	0.461893	-1.184239	2.706231	
1091	0.462829	-1.186576	2.705585	
1092	0.459631	-1.186592	2.707604	
1093	0.456732	-1.186631	2.708796	
1094	0.456895	-1.188668	2.706501	
1095	0.452246	-1.188893	2.710011	
1096	0.451400	-1.190251	2.708497	
1097	0.449916	-1.192527	2.708881	
1098	0.445497	-1.191079	2.709699	
1099	0.445094	-1.194656	2.709924	
1100	0.441631	-1.196438	2.712293	
1101	0.435431	-1.200127	2.716074	
1102	0.431504	-1.201205	2.718527	
1103	0.428092	-1.202989	2.721901	
1104	0.424273	-1.206733	2.728794	
1105	0.419703	-1.207523	2.732274	
1106	0.415901	-1.210541	2.737977	
1107	0.412472	-1.211575	2.739752	
1108	0.407897	-1.212982	2.744509	
1109	0.404013	-1.216010	2.750212	
1110	0.399747	-1.216892	2.752496	
1111	0.395763	-1.220167	2.757655	
1112	0.391303	-1.222890	2.761652	
1113	0.387167	-1.226531	2.766105	
1114	0.382067	-1.227790	2.767844	
1115	0.377748	-1.231762	2.772767	
1116	0.366185	-1.237470	2.782424	
1117	0.361058	-1.240371	2.785143	
1118	0.355653	-1.243904	2.789660	
1119	0.348901	-1.245209	2.792665	
1120	0.343354	-1.246871	2.793674	
1121	0.337575	-1.251474	2.802388	
1122	0.331324	-1.252211	2.803987	
1123	0.327641	-1.258555	2.811516	
1124	0.321698	-1.261640	2.819028	
1125	0.315110	-1.259911	2.817947	
1126	0.310869	-1.262419	2.821215	
1127	0.305613	-1.262725	2.824085	
1128	0.301823	-1.264996	2.827998	
1129	0.298190	-1.266803	2.830093	
1130	0.293710	-1.266243	2.830893	
1131	0.292147	-1.270746	2.835775	
1132	0.289220	-1.271928	2.837884	
1133	0.286789	-1.273146	2.838756	
1134	0.285906	-1.275288	2.838212	
1135	0.284767	-1.277719	2.840016	
1136	0.283378	-1.278715	2.839296	
1137	0.282520	-1.280681	2.840533	
1138	0.282269	-1.282884	2.840411	
1139	0.280697	-1.282995	2.841280	
1140	0.279904	-1.283241	2.839927	
1141	0.279814	-1.285364	2.841640	
1142	0.277733	-1.284232	2.841427	
1143	0.276848	-1.285291	2.843090	
1144	0.275394	-1.285286	2.842574	
1145	0.273315	-1.284811	2.844219	
1146	0.271705	-1.284990	2.846159	
1147	0.270043	-1.286153	2.851205	
1148	0.266912	-1.284838	2.852520	
1149	0.265304	-1.286393	2.856610	
1150	0.264378	-1.288985	2.860876	
1151	0.260849	-1.289330	2.866139	
1152	0.259873	-1.293041	2.871284	
1153	0.257883	-1.295434	2.874931	
1154	0.254497	-1.297013	2.879017	
1155	0.252684	-1.300204	2.881905	
1156	0.250248	-1.302938	2.884986	
1157	0.247795	-1.305967	2.887862	
1158	0.245768	-1.309532	2.890950	
1159	0.243367	-1.312518	2.894294	
1160	0.241328	-1.315750	2.896330	
1161	0.238847	-1.319275	2.899311	
1162	0.236242	-1.322272	2.902148	
1163	0.234838	-1.326836	2.903651	
1164	0.231756	-1.329261	2.907308	
1165	0.229516	-1.332448	2.907763	
1166	0.228007	-1.336510	2.910893	
1167	0.225532	-1.338995	2.913247	
1168	0.224338	-1.342953	2.915099	
1169	0.222848	-1.346355	2.918369	
1170	0.220884	-1.348799	2.921426	
1171	0.219821	-1.352211	2.924202	
1172	0.218567	-1.355338	2.927955	
1173	0.216399	-1.357434	2.930531	
1174	0.213986	-1.359645	2.932915	
1175	0.213075	-1.363307	2.935086	
1176	0.210119	-1.364545	2.940507	
1177	0.207612	-1.366271	2.942301	
1178	0.205847	-1.368652	2.947127	
1179	0.202720	-1.369916	2.951376	
1180	0.200411	-1.371965	2.955238	
1181	0.198342	-1.375015	2.959739	
1182	0.195852	-1.377712	2.964044	
1183	0.193122	-1.380984	2.969299	
1184	0.190378	-1.384686	2.974145	
1185	0.186539	-1.388121	2.978232	
1186	0.182652	-1.391813	2.982387	
1187	0.178947	-1.396641	2.987658	
1188	0.174150	-1.400433	2.993743	
1189	0.170307	-1.404969	2.998209	
1190	0.166452	-1.410008	3.002913	
1191	0.160787	-1.413559	3.008834	
1192	0.156143	-1.418116	3.013386	
1193	0.150418	-1.422859	3.018989	
1194	0.143679	-1.426981	3.025518	
1195	0.138881	-1.432835	3.031204	
1196	0.133645	-1.438211	3.037496	
1197	0.128562	-1.442963	3.043761	
1198	0.124119	-1.448041	3.050811	
1199	0.119487	-1.453058	3.057339	
1200	0.114954	-1.458203	3.063480	
1201	0.110403	-1.463248	3.069676	
1202	0.102925	-1.474292	3.085676	
1203	0.099184	-1.479512	3.092699	
1204	0.095780	-1.484575	3.100215	
1205	0.092745	-1.489737	3.107224	
1206	0.090728	-1.495263	3.115759	
1207	0.088093	-1.499617	3.124428	
1208	0.086730	-1.504608	3.132030	
1209	0.085017	-1.509371	3.140676	
1210	0.083215	-1.514238	3.149081	
1211	0.081239	-1.518684	3.154457	
1212	0.079140	-1.522707	3.161889	
1213	0.076172	-1.530178	3.173639	
1214	0.076109	-1.534325	3.180437	
1215	0.076181	-1.538152	3.184731	
1216	0.077335	-1.542490	3.190630	
1217	0.078879	-1.546376	3.196451	
1218	0.080888	-1.549939	3.203051	
1219	0.083874	-1.553578	3.208220	
1220	0.087069	-1.557111	3.213928	
1221	0.091312	-1.560611	3.220517	
1222	0.095624	-1.563449	3.226227	
1223	0.100839	-1.566664	3.232035	
1224	0.106512	-1.569019	3.239685	
1225	0.112955	-1.571448	3.246218	
1226	0.120253	-1.573874	3.253328	
1227	0.127340	-1.575819	3.261494	
1228	0.135305	-1.577907	3.269010	
1229	0.144235	-1.581296	3.275806	
1230	0.152592	-1.583817	3.285234	
1231	0.160936	-1.586766	3.291938	
1232	0.170036	-1.590556	3.299554	
1233	0.178256	-1.593810	3.306620	
1234	0.186360	-1.597681	3.312554	
1235	0.194825	-1.601581	3.318991	
1236	0.202454	-1.604669	3.324198	
1237	0.210477	-1.608336	3.328866	
1238	0.218253	-1.611355	3.334053	
1239	0.225989	-1.614691	3.340012	
1240	0.232952	-1.618726	3.345630	
1241	0.239091	-1.623041	3.350654	
1242	0.245821	-1.627316	3.357059	
1243	0.251208	-1.631326	3.361272	
1244	0.256973	-1.635068	3.366344	
1245	0.262064	-1.638680	3.371689	
1246	0.267559	-1.643259	3.375744	
1247	0.273612	-1.647256	3.382358	
1248	0.278813	-1.651684	3.387399	
1249	0.284922	-1.657244	3.392263	
1250	0.296505	-1.665180	3.400587	
1251	0.302453	-1.670166	3.405814	
1252	0.308846	-1.675526	3.411399	
1253	0.316211	-1.680892	3.417559	
1254	0.330225	-1.692544	3.430535	
1255	0.337326	-1.698419	3.437407	
1256	0.343541	-1.703864	3.443867	
1257	0.350517	-1.708804	3.450517	
1258	0.356775	-1.713125	3.457562	
1259	0.363185	-1.716569	3.464826	
1260	0.369687	-1.721415	3.469440	
1261	0.376706	-1.725766	3.474886	
1262	0.383012	-1.729970	3.480370	
1263	0.389639	-1.733711	3.484946	
1264	0.395821	-1.736957	3.489098	
1265	0.402824	-1.739503	3.493940	
1266	0.410494	-1.742044	3.498407	
1267	0.419584	-1.745296	3.501827	
1268	0.428767	-1.747747	3.506206	
1269	0.437549	-1.750115	3.509894	
1270	0.447313	-1.752468	3.513527	
1271	0.457344	-1.754212	3.517060	
1272	0.467437	-1.755754	3.520743	
1273	0.479516	-1.757779	3.523350	
1274	0.490999	-1.759233	3.526317	
1275	0.502457	-1.759782	3.529633	
1276	0.514736	-1.761792	3.531136	
1277	0.527352	-1.762441	3.534151	
1278	0.539935	-1.763185	3.536443	
1279	0.552026	-1.762998	3.539426	
1280	0.564915	-1.763449	3.541453	
1281	0.576813	-1.763851	3.543350	
1282	0.588827	-1.764094	3.545115	
1283	0.600324	-1.764862	3.545859	
1284	0.612810	-1.766423	3.546549	
1285	0.625441	-1.767418	3.548337	
1286	0.639019	-1.768667	3.550054	
1287	0.651387	-1.770100	3.551207	
1288	0.663141	-1.771370	3.552157	
1289	0.675766	-1.772075	3.553704	
1290	0.689670	-1.773500	3.554056	
1291	0.702083	-1.773803	3.555293	
1292	0.713702	-1.774666	3.555347	
1293	0.726566	-1.775741	3.555941	
1294	0.738698	-1.777078	3.556184	
1295	0.750529	-1.778037	3.557154	
1296	0.763491	-1.779549	3.556937	
1297	0.774606	-1.779767	3.558108	
1298	0.785617	-1.779807	3.559306	
1299	0.798986	-1.781727	3.559363	
1300	0.811103	-1.782670	3.560817	
1301	0.823452	-1.783870	3.562387	
1302	0.836738	-1.786047	3.563682	
1303	0.848446	-1.786564	3.567124	
1304	0.860452	-1.788531	3.569397	
1305	0.874959	-1.789328	3.573479	
1306	0.886332	-1.791058	3.576696	
1307	0.898892	-1.793447	3.580736	
1308	0.910392	-1.796014	3.584997	
1309	0.920894	-1.797935	3.590842	
1310	0.933127	-1.800764	3.595971	
1311	0.946333	-1.802776	3.602158	
1312	0.957027	-1.804709	3.608607	
1313	0.968816	-1.808790	3.612795	
1314	0.980475	-1.811519	3.618066	
1315	0.989453	-1.813618	3.623337	
1316	0.998667	-1.817078	3.627087	
1317	1.007194	-1.819403	3.631496	
1318	1.023828	-1.822233	3.641496	
1319	1.032218	-1.824515	3.644916	
1320	1.041671	-1.825423	3.649426	
1321	1.049699	-1.826672	3.653091	
1322	1.060225	-1.828609	3.655185	
1323	1.075176	-1.828074	3.658609	
1324	1.083751	-1.829370	3.660787	
1325	1.094473	-1.831161	3.661964	
1326	1.105088	-1.830899	3.664893	
1327	1.115326	-1.832087	3.665626	
1328	1.126211	-1.833796	3.665461	
1329	1.137002	-1.832753	3.666596	
1330	1.148467	-1.833403	3.666098	
1331	1.159715	-1.833086	3.665262	
1332	1.170889	-1.832537	3.664135	
1333	1.184305	-1.831165	3.662964	
1334	1.209045	-1.828890	3.658344	
1335	1.222154	-1.825709	3.658279	
1336	1.233355	-1.822265	3.658171	
1337	1.263707	-1.817245	3.655522	
1338	1.290389	-1.813247	3.650787	
1339	1.305411	-1.809216	3.648754	
1340	1.315430	-1.806278	3.646914	
1341	1.328394	-1.804543	3.642398	
1342	1.340351	-1.802540	3.638576	
1343	1.352646	-1.801644	3.633914	
1344	1.363184	-1.801703	3.628747	
1345	1.379366	-1.797977	3.624647	
1346	1.382769	-1.798585	3.620960	
1347	1.398734	-1.795714	3.616035	
1348	1.403718	-1.794741	3.613036	
1349	1.409662	-1.794784	3.608036	
1350	1.419847	-1.793270	3.603458	
1351	1.428711	-1.790468	3.600030	
1352	1.435288	-1.791430	3.594521	
1353	1.444962	-1.789656	3.589816	
1354	1.454505	-1.787251	3.585861	
1355	1.462674	-1.786829	3.580104	
1356	1.473922	-1.784207	3.575509	
1357	1.482919	-1.781950	3.571486	
1358	1.494350	-1.780700	3.565259	
1359	1.506683	-1.777294	3.561289	
1360	1.516949	-1.775207	3.557698	
1361	1.529100	-1.773246	3.553938	
1362	1.542459	-1.771070	3.549363	
1363	1.552755	-1.767404	3.548524	
1364	1.564299	-1.765800	3.545228	
1365	1.578254	-1.763493	3.541673	
1366	1.589440	-1.760480	3.539659	
1367	1.600640	-1.759588	3.535219	
1368	1.613254	-1.756265	3.531910	
1369	1.621581	-1.754464	3.529212	
1370	1.632846	-1.752055	3.525119	
1371	1.643465	-1.748236	3.523111	
1372	1.652586	-1.746127	3.520359	
1373	1.662320	-1.743657	3.517137	
1374	1.671393	-1.740299	3.513870	
1375	1.679331	-1.738003	3.510255	
1376	1.687306	-1.735588	3.506206	
1377	1.696307	-1.732990	3.500917	
1378	1.704444	-1.730046	3.496158	
1379	1.711887	-1.727710	3.490595	
1380	1.720987	-1.724211	3.484314	
1381	1.730830	-1.718353	3.479160	
1382	1.735787	-1.715328	3.474463	
1383	1.743334	-1.711337	3.467876	
1384	1.752744	-1.704754	3.461125	
1385	1.758291	-1.700882	3.454309	
1386	1.765635	-1.695980	3.446522	
1387	1.773551	-1.690436	3.437336	
1388	1.780387	-1.685758	3.427907	
1389	1.787281	-1.680991	3.418137	
1390	1.793191	-1.675108	3.411799	
1391	1.802186	-1.669803	3.401767	
1392	1.812300	-1.664726	3.391139	
1393	1.818840	-1.659159	3.384377	
1394	1.824669	-1.654557	3.377330	
1395	1.838422	-1.647064	3.363019	
1396	1.850570	-1.637192	3.348814	
1397	1.857956	-1.632381	3.340238	
1398	1.863908	-1.627773	3.333864	
1399	1.870377	-1.624808	3.324596	
1400	1.877177	-1.620686	3.317089	
1401	1.883530	-1.616995	3.309496	
1402	1.889531	-1.614526	3.300905	
1403	1.895477	-1.611280	3.292634	
1404	1.901034	-1.608340	3.283654	
1405	1.906633	-1.603667	3.277276	
1406	1.912736	-1.598646	3.271929	
1407	1.919097	-1.594567	3.263848	
1408	1.926127	-1.589895	3.255888	
1409	1.933229	-1.583947	3.250146	
1410	1.940632	-1.578408	3.242388	
1411	1.948905	-1.572557	3.233825	
1412	1.956454	-1.566819	3.226361	
1413	1.965351	-1.562133	3.216520	
1414	1.975701	-1.554985	3.209091	
1415	1.983776	-1.549235	3.203078	
1416	1.993318	-1.543635	3.196402	
1417	2.003613	-1.537392	3.190334	
1418	2.013554	-1.530409	3.185952	
1419	2.022964	-1.524794	3.179937	
1420	2.033469	-1.518903	3.173151	
1421	2.043457	-1.512633	3.167174	
1422	2.053557	-1.506774	3.160727	
1423	2.061456	-1.501361	3.155647	
1424	2.077244	-1.492142	3.142928	
1425	2.083231	-1.487988	3.138345	
1426	2.089361	-1.484602	3.132483	
1427	2.095593	-1.481621	3.125946	
1428	2.101771	-1.477674	3.119082	
1429	2.107500	-1.472974	3.113445	
1430	2.112338	-1.468609	3.109500	
1431	2.116616	-1.465006	3.104925	
1432	2.121461	-1.461826	3.096533	
1433	2.126785	-1.456845	3.090497	
1434	2.130602	-1.451795	3.086434	
1435	2.134561	-1.446628	3.081509	
1436	2.139231	-1.440774	3.076157	
1437	2.142038	-1.437797	3.067277	
1438	2.145358	-1.433729	3.059663	
1439	2.148242	-1.428619	3.054774	
1440	2.151280	-1.423357	3.048157	
1441	2.155092	-1.418170	3.039728	
1442	2.158223	-1.412813	3.031991	
1443	2.160510	-1.408372	3.024720	
1444	2.164736	-1.402398	3.014120	
1445	2.168168	-1.397736	3.002626	
1446	2.170648	-1.393569	2.995745	
1447	2.172962	-1.389763	2.984520	
1448	2.177104	-1.384260	2.971604	
1449	2.178913	-1.379473	2.967037	
1450	2.179505	-1.376414	2.959641	
1451	2.184693	-1.367980	2.948301	
1452	2.186652	-1.361707	2.940407	
1453	2.185167	-1.359390	2.931096	
1454	2.187009	-1.353072	2.920250	
1455	2.189458	-1.344785	2.911707	
1456	2.189793	-1.339977	2.905282	
1457	2.192146	-1.334185	2.894379	
1458	2.194017	-1.328026	2.885363	
1459	2.195737	-1.321940	2.877180	
1460	2.198204	-1.314956	2.871941	
1461	2.200122	-1.310175	2.860841	
1462	2.202696	-1.305249	2.850414	
1463	2.206107	-1.298368	2.845835	
1464	2.208149	-1.293854	2.834861	
1465	2.212352	-1.287309	2.825696	
1466	2.215404	-1.280835	2.820556	
1467	2.216784	-1.277425	2.808796	
1468	2.221150	-1.271740	2.797363	
1469	2.223995	-1.267630	2.786795	
1470	2.227026	-1.264571	2.775013	
1471	2.236315	-1.254046	2.759054	
1472	2.240433	-1.250821	2.749998	
1473	2.245808	-1.246328	2.743671	
1474	2.251134	-1.242630	2.732840	
1475	2.256794	-1.239285	2.724089	
1476	2.262585	-1.235936	2.714733	
1477	2.267983	-1.232339	2.704407	
1478	2.274594	-1.226005	2.694482	
1479	2.280620	-1.220494	2.687392	
1480	2.285017	-1.216234	2.677897	
1481	2.290582	-1.210148	2.669056	
1482	2.294477	-1.206096	2.661439	
1483	2.298236	-1.201767	2.654084	
1484	2.302283	-1.196414	2.644335	
1485	2.306072	-1.190367	2.638946	
1486	2.308833	-1.186264	2.630549	
1487	2.311776	-1.181479	2.622086	
1488	2.314989	-1.176080	2.616201	
1489	2.316339	-1.172596	2.607070	
1490	2.318619	-1.167352	2.597617	
1491	2.319536	-1.162625	2.589243	
1492	2.320535	-1.158093	2.579859	
1493	2.323040	-1.147106	2.562037	
1494	2.323192	-1.143321	2.551849	
1495	2.323688	-1.137338	2.542472	
1496	2.324000	-1.130897	2.536799	
1497	2.324039	-1.124808	2.528780	
1498	2.321895	-1.121722	2.514894	
1499	2.321867	-1.113946	2.507737	
1500	2.321112	-1.106794	2.501313	
1501	2.321041	-1.098241	2.492108	
1502	2.320981	-1.090124	2.484331	
1503	2.319705	-1.083591	2.474337	
1504	2.318674	-1.077512	2.462502	
1505	2.317479	-1.072639	2.450389	
1506	2.316101	-1.068438	2.437111	
1507	2.315583	-1.062682	2.425110	
1508	2.314553	-1.057414	2.414149	
1509	2.314354	-1.051088	2.403894	
1510	2.313222	-1.045650	2.392127	
1511	2.312477	-1.039418	2.381806	
1512	2.311654	-1.033592	2.372384	
1513	2.309370	-1.030097	2.361746	
1514	2.309013	-1.024039	2.353295	
1515	2.308055	-1.018734	2.345730	
1516	2.306041	-1.016100	2.336390	
1517	2.304213	-1.011525	2.328568	
1518	2.302251	-1.008176	2.321309	
1519	2.300789	-1.004422	2.314345	
1520	2.299827	-0.999281	2.308010	
1521	2.298830	-0.995575	2.301915	
1522	2.298389	-0.992898	2.296598	
1523	2.298690	-0.988617	2.291080	
1524	2.299145	-0.984767	2.286726	
1525	2.299251	-0.982481	2.279907	
1526	2.298659	-0.980456	2.271033	
1527	2.300002	-0.977060	2.264662	
1528	2.300526	-0.974531	2.256148	
1529	2.302021	-0.970644	2.248392	
1530	2.304685	-0.965590	2.240349	
1531	2.308080	-0.959619	2.232607	
1532	2.311955	-0.953723	2.223880	
1533	2.315622	-0.947995	2.214916	
1534	2.318331	-0.943533	2.204844	
1535	2.321634	-0.938944	2.194793	
1536	2.325978	-0.932348	2.185220	
1537	2.329296	-0.928232	2.175564	
1538	2.333024	-0.923528	2.165921	
1539	2.336660	-0.919261	2.156713	
1540	2.340480	-0.915020	2.148154	
1541	2.344161	-0.910289	2.138492	
1542	2.348982	-0.904910	2.131153	
1543	2.352413	-0.901182	2.123280	
1544	2.355535	-0.898729	2.114151	
1545	2.359902	-0.892954	2.107432	
1546	2.363189	-0.888502	2.100292	
1547	2.366333	-0.884773	2.091773	
1548	2.369697	-0.879502	2.084185	
1549	2.372617	-0.874362	2.076306	
1550	2.375894	-0.869177	2.068160	
1551	2.379090	-0.863119	2.059924	
1552	2.381226	-0.858455	2.051605	
1553	2.382926	-0.854614	2.042801	
1554	2.385014	-0.848701	2.034605	
1555	2.385958	-0.843921	2.025199	
1556	2.387525	-0.838448	2.017126	
1557	2.388330	-0.833527	2.008633	
1558	2.388927	-0.829498	1.999987	
1559	2.389561	-0.823831	1.991281	
1560	2.390771	-0.817421	1.982419	
1561	2.391713	-0.811007	1.973919	
1562	2.392025	-0.804887	1.963223	
1563	2.391963	-0.799041	1.953436	
1564	2.392848	-0.785228	1.932792	
1565	2.393684	-0.778396	1.923482	
1566	2.394912	-0.771985	1.913693	
1567	2.396765	-0.764216	1.903239	
1568	2.399673	-0.757100	1.893919	
1569	2.402266	-0.749868	1.883442	
1570	2.405213	-0.743001	1.875280	
1571	2.407753	-0.738229	1.866609	
1572	2.409862	-0.733470	1.856296	
1573	2.411685	-0.728936	1.848093	
1574	2.413086	-0.725646	1.839230	
1575	2.416029	-0.720336	1.831663	
1576	2.417264	-0.718226	1.822310	
1577	2.419846	-0.714890	1.814144	
1578	2.422461	-0.711693	1.806882	
1579	2.427377	-0.705631	1.789011	
1580	2.429896	-0.702209	1.780138	
1581	2.431712	-0.699893	1.771118	
1582	2.435068	-0.696929	1.762468	
1583	2.439438	-0.692129	1.753631	
1584	2.443234	-0.688313	1.744065	
1585	2.446840	-0.684974	1.734085	
1586	2.451561	-0.679691	1.725355	
1587	2.455330	-0.675500	1.714695	
1588	2.459841	-0.671351	1.705109	
1589	2.465470	-0.665497	1.696701	
1590	2.470191	-0.661271	1.686468	
1591	2.474371	-0.658529	1.676406	
1592	2.478871	-0.653822	1.665730	
1593	2.483782	-0.651049	1.657453	
1594	2.487950	-0.645934	1.647047	
1595	2.494000	-0.639983	1.638199	
1596	2.498699	-0.633118	1.629431	
1597	2.503429	-0.627986	1.619464	
1598	2.508615	-0.620891	1.611792	
1599	2.512421	-0.614707	1.602903	
1600	2.516952	-0.608950	1.595793	
1601	2.520594	-0.602931	1.588178	
1602	2.523431	-0.596375	1.580188	
1603	2.526670	-0.590612	1.573472	
1604	2.528740	-0.584444	1.566902	
1605	2.531386	-0.578794	1.562113	
1606	2.533756	-0.571562	1.556822	
1607	2.534147	-0.566483	1.550298	
1608	2.535358	-0.561175	1.544772	
1609	2.535966	-0.556123	1.538680	
1610	2.535714	-0.550798	1.532070	
1611	2.535706	-0.546013	1.526097	
1612	2.534584	-0.541689	1.519075	
1613	2.532995	-0.536412	1.512275	
1614	2.529158	-0.525408	1.495998	
1615	2.526343	-0.518967	1.486840	
1616	2.523392	-0.514334	1.478874	
1617	2.520542	-0.508860	1.470214	
1618	2.517313	-0.503382	1.461586	
1619	2.513505	-0.497005	1.453011	
1620	2.509503	-0.490895	1.444101	
1621	2.506457	-0.484514	1.436306	
1622	2.502377	-0.479115	1.428327	
1623	2.498010	-0.474740	1.420609	
1624	2.493752	-0.470187	1.412132	
1625	2.489575	-0.465473	1.404304	
1626	2.484146	-0.461782	1.395473	
1627	2.479403	-0.459367	1.388391	
1628	2.474052	-0.456703	1.380992	
1629	2.468601	-0.454937	1.373411	
1630	2.464056	-0.451390	1.366913	
1631	2.460396	-0.448314	1.360640	
1632	2.455602	-0.446048	1.351950	
1633	2.452164	-0.443267	1.344037	
1634	2.448398	-0.440723	1.335308	
1635	2.445520	-0.438984	1.328767	
1636	2.442102	-0.437071	1.322341	
1637	2.438416	-0.434048	1.316206	
1638	2.434160	-0.433042	1.309363	
1639	2.430703	-0.429734	1.304234	
1640	2.427819	-0.427965	1.300690	
1641	2.421879	-0.427044	1.294164	
1642	2.418120	-0.423958	1.289803	
1643	2.414768	-0.422134	1.286141	
1644	2.409973	-0.421256	1.282199	
1645	2.406507	-0.419349	1.279562	
1646	2.402484	-0.418666	1.277319	
1647	2.397272	-0.417368	1.273801	
1648	2.394449	-0.413918	1.272939	
1649	2.391388	-0.411035	1.272828	
1650	2.386770	-0.409592	1.270943	
1651	2.382113	-0.407178	1.268631	
1652	2.376116	-0.404803	1.265114	
1653	2.371828	-0.402721	1.263448	
1654	2.367813	-0.400545	1.262217	
1655	2.362113	-0.398426	1.260205	
1656	2.356645	-0.396234	1.258484	
1657	2.350672	-0.392698	1.256558	
1658	2.343874	-0.391613	1.254862	
1659	2.336642	-0.389417	1.252432	
1660	2.329730	-0.387952	1.250747	
1661	2.320916	-0.386356	1.247791	
1662	2.312567	-0.384936	1.245335	
1663	2.304132	-0.383580	1.243180	
1664	2.293736	-0.382583	1.239945	
1665	2.284265	-0.381691	1.237067	
1666	2.276318	-0.380603	1.235414	
1667	2.266634	-0.380646	1.232634	
1668	2.255706	-0.380621	1.228168	
1669	2.246911	-0.380636	1.225481	
1670	2.237428	-0.380146	1.223313	
1671	2.225897	-0.378193	1.219711	
1672	2.215177	-0.377970	1.217240	
1673	2.204499	-0.378283	1.216007	
1674	2.191773	-0.377840	1.214030	
1675	2.179778	-0.375657	1.211693	
1676	2.169095	-0.375259	1.210713	
1677	2.157357	-0.374271	1.209409	
1678	2.145970	-0.371803	1.207747	
1679	2.136625	-0.370906	1.208160	
1680	2.126765	-0.370154	1.208427	
1681	2.117681	-0.368331	1.208229	
1682	2.108433	-0.367604	1.207759	
1683	2.099861	-0.365845	1.207150	
1684	2.092258	-0.363280	1.206848	
1685	2.084172	-0.362681	1.206117	
1686	2.076731	-0.361167	1.204607	
1687	2.070499	-0.359193	1.203829	
1688	2.056474	-0.356672	1.201873	
1689	2.050122	-0.355112	1.201280	
1690	2.043776	-0.353635	1.200078	
1691	2.037566	-0.351072	1.198651	
1692	2.030957	-0.348166	1.196889	
1693	2.025242	-0.343958	1.195237	
1694	2.018251	-0.340165	1.192771	
1695	2.011723	-0.335833	1.190328	
1696	2.005472	-0.332086	1.187407	
1697	1.999620	-0.327033	1.184543	
1698	1.993869	-0.322603	1.181000	
1699	1.988481	-0.318407	1.177438	
1700	1.983105	-0.313804	1.173861	
1701	1.977731	-0.309330	1.169855	
1702	1.972239	-0.304932	1.165905	
1703	1.967189	-0.300553	1.161952	
1704	1.961843	-0.296564	1.157092	
1705	1.956448	-0.292645	1.152124	
1706	1.952189	-0.288640	1.147772	
1707	1.947041	-0.285648	1.142806	
1708	1.941494	-0.281388	1.137853	
1709	1.936761	-0.278284	1.133586	
1710	1.930870	-0.275396	1.129320	
1711	1.924686	-0.270878	1.124726	
1712	1.919733	-0.267533	1.121357	
1713	1.913556	-0.265263	1.117368	
1714	1.906308	-0.261056	1.112782	
1715	1.899596	-0.258283	1.108572	
1716	1.892335	-0.255831	1.104168	
1717	1.884718	-0.252461	1.099684	
1718	1.877181	-0.249662	1.095207	
1719	1.868498	-0.246725	1.090342	
1720	1.860170	-0.243156	1.085877	
1721	1.851737	-0.240612	1.081545	
1722	1.842773	-0.237936	1.077452	
1723	1.832851	-0.234956	1.072968	
1724	1.823496	-0.232382	1.068969	
1725	1.812344	-0.230402	1.064573	
1726	1.802121	-0.226992	1.060799	
1727	1.793691	-0.225081	1.057716	
1728	1.783985	-0.222642	1.054451	
1729	1.766879	-0.218162	1.049216	
1730	1.758676	-0.216647	1.047425	
1731	1.749801	-0.214692	1.045137	
1732	1.742266	-0.213148	1.043414	
1733	1.734921	-0.212092	1.042200	
1734	1.727765	-0.210998	1.040992	
1735	1.721406	-0.208708	1.039576	
1736	1.715179	-0.207588	1.038398	
1737	1.708764	-0.207856	1.036790	
1738	1.702729	-0.206407	1.034807	
1739	1.697314	-0.205739	1.033349	
1740	1.691988	-0.205321	1.032421	
1741	1.686434	-0.204219	1.031435	
1742	1.681903	-0.202926	1.030559	
1743	1.676760	-0.201557	1.029237	
1744	1.672394	-0.200089	1.028048	
1745	1.667094	-0.199255	1.026003	
1746	1.662226	-0.198407	1.023714	
1747	1.656375	-0.196584	1.020875	
1748	1.651582	-0.196548	1.018343	
1749	1.646001	-0.195401	1.015112	
1750	1.640346	-0.192562	1.011507	
1751	1.635739	-0.190897	1.008471	
1752	1.630270	-0.188985	1.004815	
1753	1.624243	-0.185740	1.000702	
1754	1.618219	-0.181946	0.996328	
1755	1.612258	-0.179739	0.991373	
1756	1.606298	-0.174598	0.986384	
1757	1.600579	-0.170866	0.980999	
1758	1.588047	-0.163492	0.969305	
1759	1.581580	-0.159870	0.963098	
1760	1.575903	-0.156290	0.957085	
1761	1.569533	-0.152159	0.950530	
1762	1.564127	-0.148693	0.944328	
1763	1.558204	-0.145447	0.938115	
1764	1.552603	-0.140314	0.931988	
1765	1.547762	-0.136437	0.926179	
1766	1.534894	-0.128994	0.914056	
1767	1.529644	-0.126132	0.908334	
1768	1.524360	-0.121189	0.902980	
1769	1.518723	-0.116790	0.897547	
1770	1.513783	-0.114149	0.892110	
1771	1.509626	-0.110439	0.887371	
1772	1.505753	-0.106845	0.882917	
1773	1.500940	-0.103768	0.878406	
1774	1.496250	-0.101965	0.873935	
1775	1.491795	-0.101225	0.870085	
1776	1.481003	-0.104534	0.860272	
1777	1.475309	-0.105762	0.855236	
1778	1.468961	-0.108252	0.850227	
1779	1.462379	-0.112039	0.844496	
1780	1.454498	-0.114650	0.838901	
1781	1.439585	-0.121741	0.827637	
1782	1.431754	-0.123335	0.822568	
1783	1.424081	-0.124898	0.818090	
1784	1.416782	-0.125198	0.814032	
1785	1.409268	-0.125647	0.810287	
1786	1.401694	-0.126962	0.806182	
1787	1.395041	-0.128156	0.802458	
1788	1.387718	-0.127880	0.798753	
1789	1.374490	-0.127742	0.792843	
1790	1.367868	-0.128597	0.789871	
1791	1.361175	-0.128660	0.787044	
1792	1.355407	-0.128426	0.784506	
1793	1.349225	-0.129442	0.781051	
1794	1.342192	-0.128402	0.777998	
1795	1.337705	-0.128694	0.775131	
1796	1.331814	-0.128948	0.772217	
1797	1.325309	-0.127941	0.769523	
1798	1.319436	-0.126971	0.766684	
1799	1.314284	-0.126634	0.763991	
1800	1.309229	-0.124360	0.761659	
1801	1.304382	-0.123024	0.758083	
1802	1.299777	-0.121592	0.754838	
1803	1.293396	-0.120590	0.751245	
1804	1.290316	-0.119848	0.748219	
1805	1.285909	-0.116979	0.746219	
1806	1.282168	-0.115095	0.744509	
1807	1.278077	-0.114438	0.741634	
1808	1.273577	-0.111647	0.739175	
1809	1.270041	-0.108906	0.736865	
1810	1.265566	-0.107420	0.733245	
1811	1.261227	-0.103817	0.729834	
1812	1.258488	-0.099383	0.726861	
1813	1.254268	-0.096346	0.721714	
1814	1.249230	-0.092883	0.716286	
1815	1.245577	-0.087040	0.711770	
1816	1.242740	-0.084317	0.705628	
1817	1.238945	-0.080781	0.699431	
1818	1.235881	-0.075740	0.694443	
1819	1.233631	-0.073652	0.688197	
1820	1.231176	-0.069952	0.682555	
1821	1.226202	-0.065179	0.677883	
1822	1.224237	-0.063107	0.672275	
1823	1.220024	-0.058669	0.667571	
1824	1.216467	-0.056719	0.662365	
1825	1.213242	-0.056044	0.656560	
1826	1.208385	-0.053620	0.651793	
1827	1.205540	-0.051575	0.646995	
1828	1.200655	-0.050368	0.641749	
1829	1.195608	-0.047527	0.638171	
1830	1.190646	-0.047684	0.633350	
1831	1.185551	-0.047292	0.628559	
1832	1.178589	-0.046477	0.624455	
1833	1.171197	-0.044926	0.620610	
1834	1.164603	-0.045383	0.615650	
1835	1.156131	-0.044949	0.611203	
1836	1.147811	-0.044230	0.607245	
1837	1.141654	-0.045198	0.602786	
1838	1.132724	-0.046314	0.598617	
1839	1.123462	-0.048135	0.594960	
1840	1.115977	-0.051357	0.591567	
1841	1.106733	-0.056592	0.587847	
1842	1.095841	-0.060140	0.585234	
1843	1.087377	-0.063886	0.583833	
1844	1.076715	-0.066000	0.583422	
1845	1.064865	-0.068601	0.583574	
1846	1.054728	-0.073060	0.583149	
1847	1.044036	-0.076766	0.583296	
1848	1.033259	-0.078952	0.584278	
1849	1.024052	-0.082136	0.585147	
1850	1.013427	-0.085369	0.586223	
1851	1.002242	-0.088583	0.587845	
1852	0.992642	-0.092017	0.589015	
1853	0.982680	-0.094718	0.590360	
1854	0.973220	-0.098759	0.591174	
1855	0.964836	-0.103590	0.591527	
1856	0.955918	-0.105848	0.593483	
1857	0.947214	-0.108143	0.595354	
1858	0.939770	-0.110266	0.597111	
1859	0.930997	-0.113739	0.598688	
1860	0.922568	-0.116116	0.600595	
1861	0.916281	-0.118474	0.602578	
1862	0.907762	-0.118746	0.605917	
1863	0.901444	-0.121341	0.608014	
1864	0.894388	-0.122941	0.610415	
1865	0.886712	-0.124198	0.613404	
1866	0.879794	-0.126271	0.616262	
1867	0.872627	-0.128393	0.618865	
1868	0.865423	-0.127487	0.622656	
1869	0.860390	-0.128483	0.626235	
1870	0.855279	-0.133206	0.627773	
1871	0.848083	-0.134364	0.630308	
1872	0.839677	-0.134871	0.634285	
1873	0.834946	-0.140088	0.635535	
1874	0.829428	-0.142080	0.637091	
1875	0.821523	-0.143467	0.640351	
1876	0.817173	-0.147339	0.642072	
1877	0.812308	-0.148748	0.644206	
1878	0.805146	-0.149701	0.647494	
1879	0.800657	-0.151580	0.649760	
1880	0.795911	-0.153741	0.652020	
1881	0.790163	-0.154642	0.655178	
1882	0.784968	-0.155583	0.658544	
1883	0.781371	-0.156941	0.661700	
1884	0.772921	-0.157887	0.668832	
1885	0.767987	-0.158648	0.672135	
1886	0.762612	-0.157749	0.676608	
1887	0.758040	-0.158325	0.680461	
1888	0.754157	-0.159054	0.683856	
1889	0.749499	-0.158255	0.688364	
1890	0.747335	-0.157206	0.693321	
1891	0.744146	-0.158169	0.697974	
1892	0.740397	-0.157739	0.703676	
1893	0.737482	-0.156902	0.710125	
1894	0.733926	-0.156911	0.717320	
1895	0.730766	-0.155664	0.725476	
1896	0.729736	-0.156059	0.733593	
1897	0.726513	-0.156904	0.741711	
1898	0.724051	-0.155546	0.750499	
1899	0.721861	-0.155043	0.758943	
1900	0.719572	-0.156426	0.766539	
1901	0.716639	-0.156787	0.774024	
1902	0.713528	-0.157363	0.781499	
1903	0.710277	-0.158798	0.788897	
1904	0.707216	-0.160898	0.796245	
1905	0.704031	-0.161929	0.804528	
1906	0.700783	-0.164726	0.812352	
1907	0.697509	-0.168832	0.819486	
1908	0.693986	-0.170807	0.827941	
1909	0.691444	-0.174827	0.835623	
1910	0.688977	-0.179629	0.842453	
1911	0.686369	-0.180567	0.851539	
1912	0.683491	-0.184660	0.859142	
1913	0.680166	-0.188349	0.865427	
1914	0.678489	-0.189922	0.874101	
1915	0.677825	-0.193415	0.881474	
1916	0.676324	-0.196636	0.888037	
1917	0.675080	-0.198165	0.895468	
1918	0.674908	-0.200774	0.902533	
1919	0.674335	-0.203832	0.908193	
1920	0.674110	-0.205660	0.914678	
1921	0.674249	-0.208089	0.920694	
1922	0.675248	-0.211067	0.926137	
1923	0.676783	-0.213276	0.932261	
1924	0.678030	-0.216360	0.937914	
1925	0.679085	-0.219538	0.942791	
1926	0.679744	-0.222041	0.947704	
1927	0.680732	-0.223859	0.953161	
1928	0.682468	-0.226138	0.958621	
1929	0.683057	-0.229101	0.963491	
1930	0.684170	-0.229956	0.969989	
1931	0.684413	-0.232814	0.975347	
1932	0.685396	-0.234115	0.980752	
1933	0.687664	-0.235458	0.987167	
1934	0.688828	-0.238039	0.991824	
1935	0.689699	-0.238714	0.996417	
1936	0.690918	-0.238822	1.002106	
1937	0.691515	-0.239938	1.006521	
1938	0.693349	-0.239422	1.017132	
1939	0.693801	-0.239498	1.021373	
1940	0.694490	-0.238750	1.025647	
1941	0.695157	-0.235717	1.036282	
1942	0.694994	-0.233627	1.041015	
1943	0.695215	-0.231015	1.046912	
1944	0.696324	-0.228991	1.052371	
1945	0.696151	-0.226394	1.058160	
1946	0.696317	-0.223612	1.064146	
1947	0.696307	-0.221416	1.069902	
1948	0.693832	-0.213202	1.088176	
1949	0.693940	-0.210884	1.095056	
1950	0.693897	-0.209373	1.101961	
1951	0.693239	-0.207500	1.116244	
1952	0.692348	-0.206698	1.123388	
1953	0.691410	-0.205931	1.130442	
1954	0.690458	-0.205720	1.136932	
1955	0.689147	-0.206302	1.143116	
1956	0.690077	-0.205796	1.149729	
1957	0.688987	-0.207052	1.160621	
1958	0.689252	-0.207072	1.166279	
1959	0.689386	-0.207519	1.171393	
1960	0.689830	-0.207336	1.177012	
1961	0.690737	-0.207062	1.182751	
1962	0.690524	-0.207513	1.187774	
1963	0.690654	-0.207931	1.192666	
1964	0.691969	-0.207550	1.197918	
1965	0.692763	-0.207580	1.202856	
1966	0.692815	-0.208238	1.207175	
1967	0.693316	-0.208193	1.211729	
1968	0.693150	-0.207781	1.215702	
1969	0.692909	-0.207713	1.219259	
1970	0.693270	-0.206277	1.223586	
1971	0.694267	-0.204470	1.227342	
1972	0.694344	-0.203560	1.230331	
1973	0.694395	-0.201904	1.233509	
1974	0.695834	-0.201020	1.236565	
1975	0.695796	-0.199901	1.238772	
1976	0.694628	-0.198653	1.240870	
1977	0.694396	-0.198149	1.242485	
1978	0.694646	-0.197226	1.244712	
1979	0.694301	-0.196670	1.246241	
1980	0.693113	-0.195847	1.247638	
1981	0.691980	-0.194570	1.249423	
1982	0.690956	-0.193862	1.251075	
1983	0.686606	-0.192975	1.253601	
1984	0.684762	-0.190999	1.255629	
1985	0.682503	-0.188447	1.257299	
1986	0.679425	-0.185562	1.258894	
1987	0.676408	-0.183225	1.259987	
1988	0.672982	-0.180116	1.261160	
1989	0.669790	-0.177825	1.262288	
1990	0.666257	-0.176467	1.262925	
1991	0.662569	-0.174378	1.263748	
1992	0.659987	-0.173128	1.264872	
1993	0.656403	-0.172399	1.265477	
1994	0.652253	-0.170710	1.266360	
1995	0.648528	-0.169483	1.267184	
1996	0.644167	-0.168070	1.267944	
1997	0.639507	-0.166873	1.268794	
1998	0.635101	-0.165911	1.269825	
1999	0.630099	-0.165171	1.270235	
2000	0.625423	-0.164290	1.270979	
2001	0.620425	-0.164646	1.270883	
2002	0.615384	-0.164283	1.270823	
2003	0.610930	-0.163798	1.271270	
2004	0.606788	-0.164450	1.271275	
2005	0.602196	-0.164629	1.271348	
2006	0.597677	-0.164638	1.271531	
2007	0.593781	-0.165194	1.271460	
2008	0.589399	-0.165386	1.271202	
2009	0.584747	-0.165147	1.270676	
2010	0.580550	-0.164412	1.270158	
2011	0.575935	-0.162958	1.269804	
2012	0.571491	-0.161659	1.269562	
2013	0.566765	-0.161783	1.268255	
2014	0.562248	-0.160061	1.267461	
2015	0.557917	-0.158633	1.266875	
2016	0.553943	-0.157463	1.265809	
2017	0.550334	-0.154664	1.265632	
2018	0.545986	-0.155267	1.263869	
2019	0.542747	-0.153316	1.263066	
2020	0.539287	-0.153737	1.262468	
2021	0.536229	-0.152684	1.261424	
2022	0.533208	-0.151905	1.260634	
2023	0.527415	-0.151520	1.258594	
2024	0.524793	-0.152028	1.257813	
2025	0.522449	-0.151762	1.257521	
2026	0.519518	-0.152101	1.256193	
2027	0.517255	-0.150250	1.256239	
2028	0.514367	-0.150315	1.255105	
2029	0.511361	-0.148785	1.253725	
2030	0.508529	-0.148482	1.252957	
2031	0.504722	-0.147758	1.251171	
2032	0.501009	-0.146651	1.249630	
2033	0.497328	-0.146266	1.248112	
2034	0.493448	-0.145419	1.246473	
2035	0.489736	-0.144761	1.244924	
2036	0.485634	-0.143714	1.242850	
2037	0.481704	-0.143220	1.241044	
2038	0.476877	-0.142484	1.238149	
2039	0.472294	-0.142223	1.235837	
2040	0.468031	-0.141468	1.233341	
2041	0.464460	-0.140960	1.231175	
2042	0.461139	-0.140449	1.229247	
2043	0.457839	-0.139389	1.227233	
2044	0.450871	-0.137486	1.221224	
2045	0.446081	-0.134794	1.216883	
2046	0.443449	-0.133828	1.214224	
2047	0.440597	-0.132243	1.211464	
2048	0.437100	-0.131095	1.207719	
2049	0.433621	-0.128191	1.204252	
2050	0.430223	-0.127388	1.200842	
2051	0.427102	-0.125937	1.197873	
2052	0.424377	-0.123991	1.195653	
2053	0.420845	-0.123018	1.192056	
2054	0.418222	-0.120876	1.189797	
2055	0.414998	-0.119338	1.186788	
2056	0.411273	-0.117818	1.183411	
2057	0.405450	-0.114134	1.178056	
2058	0.402424	-0.112998	1.175128	
2059	0.399754	-0.111004	1.172808	
2060	0.396489	-0.109368	1.169668	
2061	0.393417	-0.107021	1.166916	
2062	0.387973	-0.102865	1.162018	
2063	0.385138	-0.100279	1.159260	
2064	0.380692	-0.094566	1.154849	
2065	0.378586	-0.092489	1.152795	
2066	0.376593	-0.090640	1.150442	
2067	0.374873	-0.088212	1.148788	
2068	0.372728	-0.087440	1.146132	
2069	0.370575	-0.086054	1.143532	
2070	0.366924	-0.084869	1.139415	
2071	0.364728	-0.084445	1.136818	
2072	0.362944	-0.083429	1.134400	
2073	0.360620	-0.083989	1.131182	
2074	0.358511	-0.083988	1.127956	
2075	0.357460	-0.082761	1.125431	
2076	0.355483	-0.083064	1.121540	
2077	0.354167	-0.081412	1.117970	
2078	0.353544	-0.080619	1.114671	
2079	0.352334	-0.080865	1.110600	
2080	0.351854	-0.079777	1.106730	
2081	0.351090	-0.077962	1.102854	
2082	0.350129	-0.077276	1.098270	
2083	0.350031	-0.075809	1.093895	
2084	0.349741	-0.074295	1.088906	
2085	0.349238	-0.072682	1.083517	
2086	0.349625	-0.070957	1.078665	
2087	0.349841	-0.071122	1.073446	
2088	0.350358	-0.070082	1.067610	
2089	0.350979	-0.068661	1.061674	
2090	0.352120	-0.068343	1.055871	
2091	0.353207	-0.066629	1.050346	
2092	0.354326	-0.063256	1.045934	
2093	0.355863	-0.062669	1.039264	
2094	0.356141	-0.059454	1.034080	
2095	0.357475	-0.057359	1.028244	
2096	0.357866	-0.056479	1.020708	
2097	0.358158	-0.052766	1.014653	
2098	0.359248	-0.051384	1.007063	
2099	0.358881	-0.049445	0.999209	
2100	0.359347	-0.046901	0.991906	
2101	0.359299	-0.046514	0.983634	
2102	0.358758	-0.044824	0.975955	
2103	0.358387	-0.042549	0.969110	
2104	0.357928	-0.041739	0.962327	
2105	0.356495	-0.041726	0.955389	
2106	0.355062	-0.040722	0.948919	
2107	0.353415	-0.041287	0.942816	
2108	0.350889	-0.042282	0.936758	
2109	0.348733	-0.042215	0.932103	
2110	0.345695	-0.043125	0.926504	
2111	0.342816	-0.042519	0.921459	
2112	0.340138	-0.041923	0.916794	
2113	0.336395	-0.042827	0.911368	
2114	0.333215	-0.041721	0.906887	
2115	0.329834	-0.040176	0.902614	
2116	0.327461	-0.040713	0.898740	
2117	0.324108	-0.039300	0.894441	
2118	0.321150	-0.037321	0.890454	
2119	0.317470	-0.037262	0.885315	
2120	0.314465	-0.036015	0.880654	
2121	0.312431	-0.033882	0.876745	
2122	0.308035	-0.036392	0.864692	
2123	0.306595	-0.034100	0.859657	
2124	0.303085	-0.036872	0.845313	
2125	0.301876	-0.034563	0.839487	
2126	0.300966	-0.037054	0.831384	
2127	0.300515	-0.036727	0.824413	
2128	0.299858	-0.033990	0.818435	
2129	0.300009	-0.035506	0.810368	
2130	0.299053	-0.037402	0.801693	
2131	0.297468	-0.035849	0.794656	
2132	0.298452	-0.035728	0.787078	
2133	0.298981	-0.035816	0.772758	
2134	0.300159	-0.037472	0.757933	
2135	0.299696	-0.036163	0.751907	
2136	0.300550	-0.035498	0.745969	
2137	0.300398	-0.037124	0.739321	
2138	0.300967	-0.036525	0.734004	
2139	0.301788	-0.034923	0.728497	
2140	0.301891	-0.035352	0.722259	
2141	0.302601	-0.035361	0.716000	
2142	0.304452	-0.034151	0.710053	
2143	0.305683	-0.031859	0.704675	
2144	0.307755	-0.032002	0.698577	
2145	0.308827	-0.030946	0.692580	
2146	0.310681	-0.028056	0.686904	
2147	0.312541	-0.028052	0.680654	
2148	0.315475	-0.027155	0.674356	
2149	0.322094	-0.020468	0.664184	
2150	0.325939	-0.021717	0.657433	
2151	0.327939	-0.018780	0.651321	
2152	0.334890	-0.015807	0.636890	
2153	0.337044	-0.014296	0.628827	
2154	0.338876	-0.011012	0.621840	
2155	0.341196	-0.008731	0.613644	
2156	0.342976	-0.008469	0.604501	
2157	0.344434	-0.006087	0.596002	
2158	0.345429	-0.003102	0.587060	
2159	0.347302	-0.002664	0.575599	
2160	0.349106	-0.000854	0.565421	
2161	0.354833	0.003556	0.544385	
2162	0.355999	0.005394	0.534063	
2163	0.356352	0.008710	0.524114	
2164	0.357068	0.011876	0.512743	
2165	0.357858	0.012875	0.499949	
2166	0.357912	0.014937	0.489543	
2167	0.358615	0.019372	0.479536	
2168	0.358814	0.019630	0.467108	
2169	0.358270	0.021195	0.454528	
2170	0.358150	0.022014	0.444538	
2171	0.356597	0.024310	0.434114	
2172	0.357170	0.025397	0.423401	
2173	0.357596	0.027691	0.414591	
2174	0.356977	0.031019	0.406453	
2175	0.356303	0.032034	0.397279	
2176	0.355385	0.032955	0.388651	
2177	0.355260	0.035762	0.382154	
2178	0.354878	0.037894	0.375137	
2179	0.355230	0.036868	0.367098	
2180	0.352191	0.041126	0.355171	
2181	0.350191	0.042076	0.348940	
2182	0.345749	0.043035	0.343019	
2183	0.335944	0.044370	0.337152	
2184	0.333569	0.046011	0.331173	
2185	0.329733	0.046882	0.324743	
2186	0.324193	0.049583	0.320155	
2187	0.318413	0.050994	0.314826	
2188	0.311513	0.051974	0.308557	
2189	0.304307	0.054475	0.303314	
2190	0.295004	0.056283	0.298182	
2191	0.286694	0.057068	0.291423	
2192	0.278425	0.057796	0.283836	
2193	0.268950	0.060698	0.278237	
2194	0.259646	0.062644	0.272380	
2195	0.250474	0.063385	0.265554	
2196	0.240859	0.064067	0.258579	
2197	0.232270	0.065866	0.252634	
2198	0.224376	0.067014	0.246124	
2199	0.216043	0.066854	0.239024	
2200	0.208178	0.067388	0.233099	
2201	0.201664	0.068689	0.227165	
2202	0.194993	0.070013	0.220863	
2203	0.185979	0.069333	0.214663	
2204	0.178216	0.069865	0.209685	
2205	0.170926	0.071183	0.204633	
2206	0.162781	0.072109	0.199186	
2207	0.155832	0.072613	0.193595	
2208	0.148511	0.072270	0.187672	
2209	0.141914	0.073177	0.181921	
2210	0.134994	0.073185	0.175763	
2211	0.127772	0.072466	0.169952	
2212	0.120721	0.072761	0.164791	
2213	0.113109	0.072048	0.159117	
2214	0.094575	0.074411	0.149131	
2215	0.087290	0.073904	0.142870	
2216	0.078732	0.074985	0.136877	
2217	0.071107	0.075929	0.130919	
2218	0.063108	0.075809	0.123638	
2219	0.053818	0.074880	0.116866	
2220	0.046627	0.077011	0.110460	
2221	0.039076	0.076778	0.102622	
2222	0.029671	0.077700	0.095024	
2223	0.021039	0.081277	0.088893	
2224	0.013135	0.084033	0.081289	
2225	0.002661	0.085774	0.073378	
2226	-0.005240	0.088113	0.067038	
2227	-0.013566	0.092776	0.060732	
2228	-0.023519	0.095168	0.053683	
2229	-0.032307	0.097812	0.047645	
2230	-0.039363	0.103124	0.042316	
2231	-0.047976	0.105903	0.035796	
2232	-0.057208	0.109788	0.030167	
2233	-0.065349	0.114749	0.025021	
2234	-0.073118	0.120143	0.019600	
2235	-0.090524	0.130473	0.009777	
2236	-0.095968	0.138072	0.006104	
2237	-0.105039	0.141017	-0.000117	
2238	-0.113063	0.144131	-0.004318	
2239	-0.118661	0.148114	-0.007538	
2240	-0.124817	0.150065	-0.011045	
2241	-0.131428	0.150934	-0.014838	
2242	-0.137132	0.152636	-0.017985	
2243	-0.143100	0.152520	-0.021739	
2244	-0.149762	0.152494	-0.024698	
2245	-0.155204	0.153063	-0.027467	
2246	-0.164917	0.152879	-0.030897	
2247	-0.173555	0.152471	-0.033822	
2248	-0.178754	0.154587	-0.035461	
2249	-0.184987	0.155949	-0.038139	
2250	-0.193642	0.156708	-0.040891	
2251	-0.200927	0.158935	-0.042460	
2252	-0.208959	0.160153	-0.044448	
2253	-0.217178	0.160120	-0.046243	
2254	-0.224188	0.159987	-0.047800	
2255	-0.231049	0.159673	-0.049206	
2256	-0.250685	0.157462	-0.051676	
2257	-0.265485	0.155997	-0.054551	
2258	-0.272726	0.156152	-0.055716	
2259	-0.280071	0.156540	-0.056809	
2260	-0.286927	0.156590	-0.057567	
2261	-0.293550	0.157868	-0.057746	
2262	-0.300300	0.160295	-0.057591	
2263	-0.307736	0.161819	-0.057560	
2264	-0.316484	0.162597	-0.058170	
2265	-0.323707	0.164903	-0.058091	
2266	-0.329843	0.167634	-0.058513	
2267	-0.336963	0.168266	-0.060156	
2268	-0.344681	0.167698	-0.062162	
2269	-0.352494	0.168773	-0.063943	
2270	-0.359053	0.167997	-0.066692	
2271	-0.366591	0.166323	-0.069290	
2272	-0.373202	0.164914	-0.071830	
2273	-0.379851	0.163805	-0.074573	
2274	-0.386396	0.160441	-0.077782	
2275	-0.394711	0.158784	-0.080745	
2276	-0.402402	0.157540	-0.083294	
2277	-0.408315	0.156089	-0.086147	
2278	-0.417530	0.155163	-0.088147	
2279	-0.424253	0.154475	-0.090141	
2280	-0.429382	0.155285	-0.091496	
2281	-0.437694	0.154534	-0.093414	
2282	-0.445149	0.156553	-0.094177	
2283	-0.451635	0.156782	-0.095906	
2284	-0.459713	0.154639	-0.097842	
2285	-0.465311	0.152730	-0.099404	
2286	-0.468967	0.152334	-0.101454	
2287	-0.475496	0.152459	-0.103990	
2288	-0.482021	0.151608	-0.106954	
2289	-0.487860	0.149849	-0.110961	
2290	-0.493560	0.149727	-0.114973	
2291	-0.499578	0.149853	-0.119615	
2292	-0.507159	0.150257	-0.123973	
2293	-0.512754	0.151062	-0.129052	
2294	-0.518169	0.152113	-0.134296	
2295	-0.525583	0.156163	-0.139428	
2296	-0.532658	0.160530	-0.144476	
2297	-0.538516	0.163782	-0.150079	
2298	-0.546617	0.167355	-0.155517	
2299	-0.553939	0.171009	-0.160724	
2300	-0.559613	0.175332	-0.165476	
2301	-0.565104	0.180937	-0.170190	
2302	-0.572629	0.183770	-0.174924	
2303	-0.579163	0.187149	-0.179543	
2304	-0.585553	0.192899	-0.183527	
2305	-0.590527	0.197918	-0.187667	
2306	-0.598299	0.202066	-0.191193	
2307	-0.602968	0.206518	-0.195314	
2308	-0.609141	0.212102	-0.199137	
2309	-0.616042	0.214850	-0.203392	
2310	-0.620726	0.218321	-0.207386	
2311	-0.627646	0.221852	-0.211060	
2312	-0.631470	0.225495	-0.214176	
2313	-0.638129	0.227551	-0.217027	
2314	-0.643297	0.228747	-0.219914	
2315	-0.648731	0.230224	-0.222380	
2316	-0.653976	0.232409	-0.224085	
2317	-0.659161	0.234302	-0.225973	
2318	-0.667797	0.236940	-0.227547	
2319	-0.673155	0.237783	-0.229516	
2320	-0.678136	0.237882	-0.231933	
2321	-0.684670	0.238438	-0.234377	
2322	-0.690057	0.238955	-0.236599	
2323	-0.695251	0.238493	-0.239631	
2324	-0.701249	0.238268	-0.242707	
2325	-0.708078	0.237377	-0.245409	
2326	-0.714210	0.236964	-0.248547	
2327	-0.720133	0.236837	-0.251873	
2328	-0.726982	0.234207	-0.254739	
2329	-0.734322	0.231292	-0.257792	
2330	-0.755680	0.228884	-0.258140	
2331	-0.763295	0.227953	-0.260755	
2332	-0.769360	0.225791	-0.263382	
2333	-0.778461	0.225227	-0.265833	
2334	-0.786465	0.224782	-0.267994	
2335	-0.793989	0.222247	-0.270430	
2336	-0.804362	0.223128	-0.272191	
2337	-0.810209	0.222827	-0.275021	
2338	-0.817103	0.222268	-0.277973	
2339	-0.829175	0.224544	-0.280469	
2340	-0.843009	0.227843	-0.282714	
2341	-0.847793	0.227464	-0.286711	
2342	-0.855403	0.228427	-0.290004	
2343	-0.866706	0.230418	-0.292553	
2344	-0.872627	0.228981	-0.296202	
2345	-0.881330	0.228586	-0.299057	
2346	-0.885106	0.228940	-0.302401	
2347	-0.891402	0.226951	-0.306461	
2348	-0.901216	0.226847	-0.309002	
2349	-0.908657	0.227343	-0.311954	
2350	-0.915121	0.226511	-0.315411	
2351	-0.922570	0.226875	-0.319102	
2352	-0.926412	0.224430	-0.323728	
2353	-0.932946	0.222301	-0.327834	
2354	-0.940125	0.220483	-0.331699	
2355	-0.945325	0.218707	-0.336173	
2356	-0.949313	0.219234	-0.340648	
2357	-0.958327	0.220067	-0.344262	
2358	-0.964663	0.222012	-0.347724	
2359	-0.971007	0.223120	-0.352042	
2360	-0.985178	0.225307	-0.360533	
2361	-0.997122	0.229174	-0.371093	
2362	-1.007705	0.235095	-0.375460	
2363	-1.014467	0.238435	-0.380962	
2364	-1.028032	0.245762	-0.390654	
2365	-1.045270	0.254487	-0.399657	
2366	-1.062340	0.260686	-0.408607	
2367	-1.071407	0.266012	-0.413221	
2368	-1.076057	0.269351	-0.417939	
2369	-1.084037	0.273344	-0.421150	
2370	-1.092724	0.279598	-0.423717	
2371	-1.101131	0.284651	-0.425715	
2372	-1.103825	0.286881	-0.428888	
2373	-1.107211	0.288333	-0.430324	
2374	-1.118406	0.293303	-0.428090	
2375	-1.125262	0.297158	-0.426057	
2376	-1.123636	0.297749	-0.425510	
2377	-1.127730	0.300244	-0.423369	
2378	-1.136046	0.301451	-0.419857	
2379	-1.144859	0.300994	-0.414026	
2380	-1.148006	0.303328	-0.410504	
2381	-1.154424	0.300956	-0.406878	
2382	-1.163023	0.298411	-0.401411	
2383	-1.165134	0.297779	-0.397408	
2384	-1.170851	0.297872	-0.391546	
2385	-1.179280	0.293723	-0.384558	
2386	-1.186883	0.291114	-0.377774	
2387	-1.193321	0.288801	-0.371241	
2388	-1.199382	0.281772	-0.364729	
2389	-1.208007	0.279512	-0.356576	
2390	-1.215563	0.277085	-0.349105	
2391	-1.220569	0.273278	-0.341500	
2392	-1.223061	0.267093	-0.335465	
2393	-1.232881	0.261864	-0.327121	
2394	-1.240711	0.258145	-0.319750	
2395	-1.246412	0.255791	-0.313250	
2396	-1.252283	0.250699	-0.306830	
2397	-1.257009	0.243888	-0.300801	
2398	-1.264054	0.237780	-0.294370	
2399	-1.276613	0.228108	-0.284863	
2400	-1.283009	0.222494	-0.278560	
2401	-1.285473	0.215921	-0.273256	
2402	-1.287306	0.209082	-0.268414	
2403	-1.292763	0.204238	-0.262906	
2404	-1.297695	0.198838	-0.257853	
2405	-1.299199	0.193051	-0.253622	
2406	-1.303832	0.190234	-0.248759	
2407	-1.307765	0.185402	-0.243999	
2408	-1.312786	0.181270	-0.238883	
2409	-1.317270	0.177348	-0.233605	
2410	-1.324525	0.171301	-0.223684	
2411	-1.327871	0.162869	-0.215383	
2412	-1.332652	0.160857	-0.210642	
2413	-1.334861	0.157841	-0.206158	
2414	-1.333055	0.152978	-0.203086	
2415	-1.337099	0.150068	-0.197831	
2416	-1.338788	0.146631	-0.193552	
2417	-1.338317	0.142616	-0.189523	
2418	-1.338844	0.139415	-0.185576	
2419	-1.343163	0.137413	-0.180266	
2420	-1.342799	0.133487	-0.176921	
2421	-1.345702	0.130939	-0.172044	
2422	-1.348488	0.128584	-0.167517	
2423	-1.349090	0.124653	-0.164026	
2424	-1.353228	0.123693	-0.159014	
2425	-1.354688	0.123202	-0.154316	
2426	-1.354858	0.121135	-0.150090	
2427	-1.359741	0.118503	-0.143926	
2428	-1.361902	0.116887	-0.138306	
2429	-1.364017	0.117169	-0.132694	
2430	-1.361203	0.115412	-0.128716	
2431	-1.363432	0.114377	-0.122964	
2432	-1.365714	0.115111	-0.117146	
2433	-1.367525	0.112804	-0.111664	
2434	-1.368453	0.111006	-0.105754	
2435	-1.366957	0.109938	-0.101008	
2436	-1.367149	0.109244	-0.094903	
2437	-1.365821	0.106846	-0.089032	
2438	-1.360531	0.104220	-0.083753	
2439	-1.358186	0.100496	-0.076892	
2440	-1.356097	0.095246	-0.069499	
2441	-1.351973	0.090475	-0.061851	
2442	-1.344748	0.087224	-0.054945	
2443	-1.339838	0.081886	-0.046895	
2444	-1.339917	0.076291	-0.036553	
2445	-1.332686	0.072357	-0.028030	
2446	-1.321956	0.065650	-0.021421	
2447	-1.320848	0.057765	-0.011750	
2448	-1.313988	0.052756	-0.003138	
2449	-1.300003	0.046133	0.002150	
2450	-1.298058	0.036386	0.010757	
2451	-1.296138	0.030975	0.020749	
2452	-1.281183	0.025506	0.026860	
2453	-1.272122	0.018137	0.033614	
2454	-1.270849	0.013260	0.042918	
2455	-1.263321	0.008293	0.049871	
2456	-1.253359	0.004767	0.055265	
2457	-1.251061	0.000484	0.062228	
2458	-1.247274	-0.001775	0.068608	
2459	-1.237812	-0.005471	0.072755	
2460	-1.229784	-0.009120	0.075976	
2461	-1.227092	-0.010013	0.081311	
2462	-1.224744	-0.009934	0.086300	
2463	-1.216077	-0.011051	0.089100	
2464	-1.208441	-0.011705	0.092908	
2465	-1.205121	-0.011239	0.098189	
2466	-1.202137	-0.011606	0.103406	
2467	-1.194988	-0.013741	0.108090	
2468	-1.189057	-0.011701	0.114215	
2469	-1.185492	-0.009790	0.119465	
2470	-1.180862	-0.010343	0.123874	
2471	-1.177228	-0.008481	0.129274	
2472	-1.175720	-0.005936	0.135645	
2473	-1.169765	-0.005157	0.139125	
2474	-1.166195	-0.005167	0.143528	
2475	-1.163288	-0.003086	0.148257	
2476	-1.157395	-0.003143	0.150985	
2477	-1.154790	-0.004512	0.154058	
2478	-1.150959	-0.004408	0.157164	
2479	-1.147053	-0.002521	0.160114	
2480	-1.145816	-0.002786	0.163167	
2481	-1.140989	-0.002906	0.166239	
2482	-1.136964	-0.001933	0.170021	
2483	-1.130651	-0.005837	0.172553	
2484	-1.130755	-0.004520	0.179269	
2485	-1.128783	-0.001955	0.185233	
2486	-1.120829	-0.004497	0.188585	
2487	-1.117763	-0.006554	0.193083	
2488	-1.120203	-0.003394	0.198776	
2489	-1.116222	-0.005061	0.202638	
2490	-1.111878	-0.004875	0.206694	
2491	-1.109569	-0.004354	0.210922	
2492	-1.108690	-0.005322	0.215780	
2493	-1.104545	0.000192	0.220571	
2494	-1.097700	-0.000916	0.222581	
2495	-1.098753	0.000386	0.226907	
2496	-1.099000	0.005086	0.231905	
2497	-1.093369	0.005116	0.233618	
2498	-1.094002	0.005360	0.236597	
2499	-1.096738	0.011183	0.241511	
2500	-1.092885	0.011398	0.242728	
2501	-1.093214	0.011223	0.244676	
2502	-1.094736	0.014006	0.247857	
2503	-1.092835	0.013821	0.248981	
2504	-1.094301	0.013635	0.250551	
2505	-1.096729	0.014960	0.252761	
2506	-1.095659	0.015099	0.253835	
2507	-1.095508	0.014684	0.254723	
2508	-1.097026	0.015950	0.256413	
2509	-1.096531	0.016198	0.257632	
2510	-1.094397	0.017062	0.258252	
2511	-1.095805	0.017834	0.259462	
2512	-1.097717	0.020748	0.261808	
2513	-1.096915	0.022192	0.263340	
2514	-1.097386	0.022751	0.264632	
2515	-1.101020	0.025579	0.267867	
2516	-1.098715	0.027358	0.269394	
2517	-1.096791	0.027679	0.270295	
2518	-1.101825	0.030585	0.273921	
2519	-1.100794	0.033118	0.276171	
2520	-1.098742	0.032911	0.277494	
2521	-1.101457	0.035203	0.280798	
2522	-1.100623	0.037113	0.283121	
2523	-1.098374	0.038481	0.285274	
2524	-1.096486	0.040152	0.287127	
2525	-1.098184	0.041831	0.290064	
2526	-1.094402	0.043077	0.291807	
2527	-1.091985	0.044558	0.293349	
2528	-1.093630	0.046670	0.295980	
2529	-1.092861	0.048339	0.298069	
2530	-1.088114	0.049438	0.298242	
2531	-1.087636	0.049930	0.298985	
2532	-1.089164	0.051852	0.300637	
2533	-1.086000	0.052680	0.300840	
2534	-1.084532	0.052336	0.300575	
2535	-1.086891	0.052937	0.302298	
2536	-1.084101	0.053518	0.302902	
2537	-1.083125	0.052669	0.302982	
2538	-1.083216	0.052356	0.303752	
2539	-1.082456	0.052063	0.304500	
2540	-1.080682	0.051863	0.304534	
2541	-1.079200	0.050817	0.304978	
2542	-1.076536	0.050065	0.304338	
2543	-1.076286	0.049490	0.304313	
2544	-1.075361	0.048856	0.304383	
2545	-1.073403	0.048168	0.304063	
2546	-1.074375	0.046932	0.304191	
2547	-1.073946	0.047486	0.304663	
2548	-1.071236	0.048531	0.304274	
2549	-1.071729	0.048544	0.304512	
2550	-1.071854	0.049706	0.305048	
2551	-1.069137	0.051679	0.305040	
2552	-1.068174	0.051694	0.304725	
2553	-1.067913	0.053768	0.305529	
2554	-1.064620	0.055554	0.305069	
2555	-1.063979	0.056295	0.304929	
2556	-1.063568	0.057878	0.305393	
2557	-1.060574	0.060222	0.304838	
2558	-1.059780	0.060513	0.304301	
2559	-1.060283	0.061990	0.304698	
2560	-1.056878	0.064087	0.304151	
2561	-1.056610	0.064627	0.303738	
2562	-1.057080	0.065963	0.304098	
2563	-1.052964	0.068579	0.303401	
2564	-1.052595	0.069733	0.303268	
2565	-1.051455	0.071797	0.303246	
2566	-1.047308	0.075537	0.302204	
2567	-1.047529	0.076801	0.302089	
2568	-1.044464	0.078851	0.300729	
2569	-1.043948	0.080223	0.299649	
2570	-1.041995	0.081111	0.298653	
2571	-1.042134	0.081403	0.297662	
2572	-1.041525	0.081896	0.296840	
2573	-1.039226	0.082488	0.295697	
2574	-1.038889	0.083000	0.294261	
2575	-1.036753	0.082621	0.292881	
2576	-1.037559	0.082786	0.292452	
2577	-1.035360	0.082717	0.291456	
2578	-1.033544	0.082899	0.289567	
2579	-1.032460	0.083457	0.288965	
2580	-1.029481	0.084160	0.287918	
2581	-1.029257	0.084769	0.287426	
2582	-1.029605	0.085303	0.287323	
2583	-1.027713	0.085912	0.286557	
