0	0.000000	0.000000	0.000000	
1	0.000000	0.000000	0.000000	
2	0.000000	0.000000	0.000000	
3	0.000000	0.000000	0.000000	
4	0.001033	0.001992	0.001809	
5	0.000760	0.002210	0.002008	
6	0.000501	0.003196	0.001939	
7	0.001007	0.002803	0.001728	
8	0.000572	0.005611	0.002299	
9	0.001002	0.004764	0.001698	
10	0.001056	0.006284	0.002123	
11	0.001173	0.005102	0.001777	
12	0.001129	0.004753	0.002048	
13	0.001405	0.004967	0.002147	
14	0.000838	0.003844	0.001655	
15	0.000887	0.003354	0.001554	
16	0.001083	0.002592	0.001198	
17	0.000968	0.001124	0.000482	
18	0.001647	0.001582	0.000730	
19	0.001410	0.001200	0.000096	
20	0.001150	0.001854	0.000294	
21	0.001668	0.001431	0.000145	
22	0.003127	0.002226	0.000176	
23	0.003474	0.002288	-0.000214	
24	0.003340	0.001770	-0.000819	
25	0.004241	0.002041	-0.001132	
26	0.004632	0.001936	-0.001814	
27	0.004729	0.001109	-0.002753	
28	0.006415	0.001617	-0.002997	
29	0.006065	0.001978	-0.003368	
30	0.005498	0.001191	-0.004305	
31	0.006794	0.001443	-0.004452	
32	0.007120	0.002594	-0.004284	
33	0.006583	0.003267	-0.004866	
34	0.007134	0.003852	-0.005033	
35	0.007454	0.003895	-0.005148	
36	0.007131	0.004273	-0.005381	
37	0.008027	0.005250	-0.005070	
38	0.009000	0.006733	-0.004992	
39	0.008067	0.006656	-0.005681	
40	0.008451	0.007215	-0.005412	
41	0.009125	0.007294	-0.005644	
42	0.009400	0.006223	-0.006468	
43	0.009577	0.005250	-0.007014	
44	0.010112	0.005045	-0.007091	
45	0.010423	0.005597	-0.007382	
46	0.010530	0.005592	-0.007790	
47	0.011011	0.006092	-0.007996	
48	0.010991	0.006781	-0.008323	
49	0.010629	0.006278	-0.008654	
50	0.011673	0.006591	-0.008794	
51	0.011947	0.005852	-0.009526	
52	0.011035	0.005588	-0.009769	
53	0.011724	0.006639	-0.009829	
54	0.011289	0.006234	-0.010193	
55	0.011417	0.006114	-0.010632	
56	0.011626	0.006486	-0.010594	
57	0.011447	0.006488	-0.010921	
58	0.011299	0.006557	-0.011047	
59	0.012153	0.008076	-0.010298	
60	0.011774	0.008286	-0.010097	
61	0.010631	0.008862	-0.009760	
62	0.011599	0.009875	-0.009078	
63	0.011873	0.010816	-0.008390	
64	0.010916	0.012113	-0.007720	
65	0.010524	0.012222	-0.007443	
66	0.010463	0.012220	-0.007118	
67	0.010252	0.013616	-0.006263	
68	0.009178	0.013759	-0.006175	
69	0.007335	0.014399	-0.006221	
70	0.005852	0.014383	-0.006411	
71	0.003565	0.013543	-0.007539	
72	0.000731	0.013385	-0.008889	
73	-0.002218	0.011200	-0.011769	
74	-0.007831	0.009694	-0.015470	
75	-0.014496	0.008855	-0.019158	
76	-0.019748	0.008353	-0.023451	
77	-0.032879	0.005706	-0.033129	
78	-0.041352	0.004786	-0.037956	
79	-0.050485	0.005154	-0.042184	
80	-0.059163	0.004883	-0.046868	
81	-0.068434	0.004593	-0.051211	
82	-0.079618	0.005267	-0.055777	
83	-0.090539	0.007354	-0.059615	
84	-0.101293	0.008894	-0.063148	
85	-0.112772	0.011241	-0.066346	
86	-0.125063	0.013186	-0.069278	
87	-0.138393	0.016014	-0.071724	
88	-0.151278	0.018857	-0.074036	
89	-0.163095	0.021187	-0.076303	
90	-0.176663	0.023287	-0.078894	
91	-0.188972	0.027126	-0.080360	
92	-0.200297	0.030502	-0.082022	
93	-0.212833	0.032774	-0.083982	
94	-0.224429	0.034658	-0.085309	
95	-0.235365	0.036282	-0.087254	
96	-0.245394	0.038469	-0.088856	
97	-0.255519	0.038663	-0.090566	
98	-0.265533	0.038223	-0.092181	
99	-0.275867	0.038215	-0.092872	
100	-0.284379	0.038196	-0.093455	
101	-0.295012	0.036665	-0.093939	
102	-0.304896	0.036027	-0.093811	
103	-0.313985	0.034824	-0.093608	
104	-0.322488	0.032815	-0.093786	
105	-0.331770	0.030595	-0.094014	
106	-0.341672	0.029507	-0.093218	
107	-0.349512	0.029110	-0.092129	
108	-0.368574	0.025536	-0.090597	
109	-0.378017	0.024791	-0.088866	
110	-0.387146	0.023890	-0.087162	
111	-0.396814	0.022437	-0.084759	
112	-0.408296	0.021371	-0.082090	
113	-0.419415	0.020698	-0.079323	
114	-0.429548	0.018501	-0.076627	
115	-0.440148	0.014879	-0.073596	
116	-0.452312	0.010806	-0.070422	
117	-0.462702	0.007993	-0.066212	
118	-0.470067	0.005927	-0.060436	
119	-0.494092	-0.000155	-0.048435	
120	-0.501909	-0.000917	-0.040796	
121	-0.506887	-0.005162	-0.033755	
122	-0.516374	-0.008785	-0.026764	
123	-0.523928	-0.009937	-0.019780	
124	-0.531927	-0.014442	-0.014286	
125	-0.539461	-0.018179	-0.008263	
126	-0.546717	-0.020669	-0.002515	
127	-0.554957	-0.025322	0.001831	
128	-0.561979	-0.029414	0.006584	
129	-0.567946	-0.033353	0.011322	
130	-0.576533	-0.037314	0.015671	
131	-0.582696	-0.040070	0.020860	
132	-0.588617	-0.044097	0.026152	
133	-0.594755	-0.048040	0.031228	
134	-0.609756	-0.053158	0.042299	
135	-0.617305	-0.055786	0.048153	
136	-0.625248	-0.057579	0.053665	
137	-0.633330	-0.060348	0.059108	
138	-0.647497	-0.065113	0.070146	
139	-0.656527	-0.065964	0.075954	
140	-0.674068	-0.070044	0.087115	
141	-0.682673	-0.072116	0.092780	
142	-0.691963	-0.072340	0.098988	
143	-0.700785	-0.073891	0.104705	
144	-0.709929	-0.076305	0.110390	
145	-0.717744	-0.079195	0.115460	
146	-0.727603	-0.083181	0.120295	
147	-0.737170	-0.084289	0.126009	
148	-0.745406	-0.087894	0.130945	
149	-0.754283	-0.090231	0.136001	
150	-0.763525	-0.091862	0.141784	
151	-0.778046	-0.098247	0.152760	
152	-0.785957	-0.100199	0.158138	
153	-0.792497	-0.104023	0.163171	
154	-0.797030	-0.108028	0.168005	
155	-0.803493	-0.109443	0.173351	
156	-0.810107	-0.110628	0.179016	
157	-0.814529	-0.113424	0.184565	
158	-0.819352	-0.117089	0.190134	
159	-0.826258	-0.119132	0.196162	
160	-0.831216	-0.121688	0.202015	
161	-0.835576	-0.124738	0.207379	
162	-0.841377	-0.126162	0.212634	
163	-0.848089	-0.127429	0.217908	
164	-0.852635	-0.129518	0.222932	
165	-0.857295	-0.133099	0.227327	
166	-0.863930	-0.134537	0.232222	
167	-0.868770	-0.136671	0.237290	
168	-0.872377	-0.140043	0.241684	
169	-0.878542	-0.141924	0.247046	
170	-0.885180	-0.143443	0.252709	
171	-0.889404	-0.149176	0.257744	
172	-0.894449	-0.153858	0.262713	
173	-0.901482	-0.157498	0.268214	
174	-0.911506	-0.163822	0.279989	
175	-0.917556	-0.168228	0.286027	
176	-0.923346	-0.170252	0.292570	
177	-0.927796	-0.174174	0.299329	
178	-0.932578	-0.177920	0.306036	
179	-0.937816	-0.181755	0.312922	
180	-0.942721	-0.185487	0.319394	
181	-0.947592	-0.188555	0.325769	
182	-0.952030	-0.192032	0.331618	
183	-0.958224	-0.196808	0.337815	
184	-0.962560	-0.198303	0.343954	
185	-0.965062	-0.202469	0.348824	
186	-0.971393	-0.203942	0.354610	
187	-0.978257	-0.206401	0.360232	
188	-0.982939	-0.208387	0.365611	
189	-0.987324	-0.210388	0.370764	
190	-0.995295	-0.210814	0.376873	
191	-1.002566	-0.211625	0.383168	
192	-1.007553	-0.212342	0.389454	
193	-1.013055	-0.213865	0.395365	
194	-1.022220	-0.214315	0.402014	
195	-1.032147	-0.213946	0.408968	
196	-1.040697	-0.215484	0.414888	
197	-1.050707	-0.215796	0.420259	
198	-1.063033	-0.216712	0.426337	
199	-1.073917	-0.217009	0.431241	
200	-1.083340	-0.217790	0.435513	
201	-1.095128	-0.218159	0.440301	
202	-1.107365	-0.218657	0.445483	
203	-1.116611	-0.218141	0.449444	
204	-1.127539	-0.220236	0.453802	
205	-1.147579	-0.222816	0.462160	
206	-1.155348	-0.223798	0.465767	
207	-1.165633	-0.227069	0.470232	
208	-1.174883	-0.229559	0.474735	
209	-1.181057	-0.230612	0.478380	
210	-1.188576	-0.234081	0.482272	
211	-1.198337	-0.236634	0.487416	
212	-1.203660	-0.238139	0.491893	
213	-1.209463	-0.241152	0.496145	
214	-1.218440	-0.245113	0.501395	
215	-1.223567	-0.246339	0.506716	
216	-1.228051	-0.249230	0.511244	
217	-1.235940	-0.252700	0.517182	
218	-1.240273	-0.255217	0.522909	
219	-1.244458	-0.257696	0.528632	
220	-1.250159	-0.261222	0.534699	
221	-1.255257	-0.263665	0.540918	
222	-1.259388	-0.267110	0.546654	
223	-1.264245	-0.271206	0.552896	
224	-1.268898	-0.275202	0.559096	
225	-1.272401	-0.279196	0.565142	
226	-1.276756	-0.283327	0.571828	
227	-1.279210	-0.287532	0.577992	
228	-1.281868	-0.292946	0.584132	
229	-1.285676	-0.299027	0.590249	
230	-1.289162	-0.303625	0.596249	
231	-1.292212	-0.307594	0.601803	
232	-1.296263	-0.312757	0.607887	
233	-1.298498	-0.317741	0.613429	
234	-1.302237	-0.322917	0.619384	
235	-1.307989	-0.326453	0.626538	
236	-1.311564	-0.330674	0.632435	
237	-1.315299	-0.335010	0.638115	
238	-1.319550	-0.338796	0.644118	
239	-1.323571	-0.341860	0.650421	
240	-1.327927	-0.345452	0.656415	
241	-1.333198	-0.349788	0.662781	
242	-1.338411	-0.352026	0.668937	
243	-1.343213	-0.355647	0.673821	
244	-1.349693	-0.359939	0.679739	
245	-1.355261	-0.362877	0.685175	
246	-1.359347	-0.367543	0.689498	
247	-1.364899	-0.372757	0.693730	
248	-1.370639	-0.376698	0.697764	
249	-1.375855	-0.380446	0.701069	
250	-1.381317	-0.385173	0.703937	
251	-1.389065	-0.388224	0.707067	
252	-1.395754	-0.390625	0.710145	
253	-1.402838	-0.394547	0.712447	
254	-1.412409	-0.396403	0.715362	
255	-1.420969	-0.397623	0.717405	
256	-1.439787	-0.400943	0.720431	
257	-1.450854	-0.400592	0.722034	
258	-1.470536	-0.400888	0.723234	
259	-1.482524	-0.400915	0.724660	
260	-1.493593	-0.400212	0.725760	
261	-1.503930	-0.398697	0.726746	
262	-1.513807	-0.398248	0.727734	
263	-1.524550	-0.399401	0.729004	
264	-1.534976	-0.397863	0.730945	
265	-1.544591	-0.397313	0.732135	
266	-1.555389	-0.397664	0.733407	
267	-1.565346	-0.398296	0.735395	
268	-1.573919	-0.398873	0.736655	
269	-1.585361	-0.398841	0.739133	
270	-1.595562	-0.397723	0.741999	
271	-1.604828	-0.397812	0.744010	
272	-1.615125	-0.399076	0.747200	
273	-1.623410	-0.399331	0.749907	
274	-1.632269	-0.400379	0.753016	
275	-1.641749	-0.397981	0.757266	
276	-1.650015	-0.396254	0.762053	
277	-1.658704	-0.394029	0.767474	
278	-1.666822	-0.389431	0.774111	
279	-1.674210	-0.385311	0.781182	
280	-1.680788	-0.380524	0.788795	
281	-1.686569	-0.375082	0.797077	
282	-1.691365	-0.370759	0.804790	
283	-1.694975	-0.366949	0.813056	
284	-1.698512	-0.363105	0.821083	
285	-1.701245	-0.359942	0.828292	
286	-1.703988	-0.358985	0.836447	
287	-1.706875	-0.356601	0.845762	
288	-1.706311	-0.353352	0.854053	
289	-1.707677	-0.353152	0.861791	
290	-1.708488	-0.350875	0.870446	
291	-1.708438	-0.348258	0.879686	
292	-1.708737	-0.347136	0.888463	
293	-1.709399	-0.345579	0.897263	
294	-1.710190	-0.343115	0.906895	
295	-1.711276	-0.340480	0.916568	
296	-1.711960	-0.340915	0.925188	
297	-1.713417	-0.340420	0.934492	
298	-1.714094	-0.341105	0.942963	
299	-1.715264	-0.342317	0.950235	
300	-1.717283	-0.343982	0.957806	
301	-1.719571	-0.345506	0.965662	
302	-1.721607	-0.345634	0.973815	
303	-1.723817	-0.347822	0.980896	
304	-1.726200	-0.350054	0.988235	
305	-1.728479	-0.354153	0.995093	
306	-1.732162	-0.356580	1.001822	
307	-1.735852	-0.358228	1.008695	
308	-1.740041	-0.361604	1.015240	
309	-1.743643	-0.365014	1.021092	
310	-1.747121	-0.368827	1.026905	
311	-1.751047	-0.370028	1.033199	
312	-1.754641	-0.373480	1.038541	
313	-1.758582	-0.376792	1.044107	
314	-1.762294	-0.379230	1.050311	
315	-1.766577	-0.382627	1.056354	
316	-1.771256	-0.386560	1.061225	
317	-1.776238	-0.391036	1.066493	
318	-1.781637	-0.395057	1.071980	
319	-1.787008	-0.398720	1.077061	
320	-1.792987	-0.403491	1.082356	
321	-1.798398	-0.408492	1.087169	
322	-1.803789	-0.413239	1.091684	
323	-1.809551	-0.418733	1.096041	
324	-1.815294	-0.424023	1.100819	
325	-1.820610	-0.427559	1.104530	
326	-1.825263	-0.432727	1.107573	
327	-1.829755	-0.438203	1.110795	
328	-1.834448	-0.442953	1.113972	
329	-1.839253	-0.447413	1.117667	
330	-1.843806	-0.453440	1.122473	
331	-1.848125	-0.459174	1.126587	
332	-1.852372	-0.463471	1.130937	
333	-1.856620	-0.469020	1.136717	
334	-1.859914	-0.476718	1.141319	
335	-1.864021	-0.481658	1.147029	
336	-1.868167	-0.487549	1.153396	
337	-1.871766	-0.494084	1.158085	
338	-1.875021	-0.499520	1.164249	
339	-1.877573	-0.506867	1.169985	
340	-1.879765	-0.513415	1.174800	
341	-1.882046	-0.518332	1.180827	
342	-1.884333	-0.525062	1.188375	
343	-1.885450	-0.531310	1.192540	
344	-1.887252	-0.536199	1.198974	
345	-1.888163	-0.542755	1.206257	
346	-1.889283	-0.547954	1.211852	
347	-1.891068	-0.551378	1.219032	
348	-1.891113	-0.557058	1.225907	
349	-1.890120	-0.563675	1.229419	
350	-1.890793	-0.568323	1.235907	
351	-1.890837	-0.573265	1.243096	
352	-1.890690	-0.579535	1.248487	
353	-1.890837	-0.584890	1.255301	
354	-1.890005	-0.595829	1.267439	
355	-1.889880	-0.601127	1.274687	
356	-1.889259	-0.606507	1.281241	
357	-1.888648	-0.611671	1.287504	
358	-1.888613	-0.617428	1.294834	
359	-1.887815	-0.624335	1.302746	
360	-1.887125	-0.635213	1.317840	
361	-1.886347	-0.641961	1.325250	
362	-1.885447	-0.648015	1.331780	
363	-1.885428	-0.654043	1.339784	
364	-1.885166	-0.659145	1.346755	
365	-1.885038	-0.663859	1.353792	
366	-1.885107	-0.667974	1.361670	
367	-1.884598	-0.670796	1.366819	
368	-1.884917	-0.674631	1.373428	
369	-1.884525	-0.679086	1.380257	
370	-1.883905	-0.682161	1.386263	
371	-1.883664	-0.684705	1.391055	
372	-1.882910	-0.687698	1.396836	
373	-1.882484	-0.690693	1.401055	
374	-1.883120	-0.693007	1.404785	
375	-1.883196	-0.695578	1.409369	
376	-1.884134	-0.697690	1.414694	
377	-1.884969	-0.699547	1.418399	
378	-1.886447	-0.700904	1.422985	
379	-1.887897	-0.702555	1.428193	
380	-1.889630	-0.704824	1.433942	
381	-1.891626	-0.706409	1.438830	
382	-1.893735	-0.709339	1.445199	
383	-1.896230	-0.712412	1.450093	
384	-1.898894	-0.715910	1.455741	
385	-1.902010	-0.719973	1.461671	
386	-1.905238	-0.724484	1.466392	
387	-1.909493	-0.728070	1.472678	
388	-1.913262	-0.733832	1.477938	
389	-1.917486	-0.739480	1.483313	
390	-1.921898	-0.744398	1.488488	
391	-1.926235	-0.750716	1.493368	
392	-1.931130	-0.756774	1.498521	
393	-1.936311	-0.763156	1.505435	
394	-1.941727	-0.768256	1.510519	
395	-1.946991	-0.775176	1.516041	
396	-1.952760	-0.781075	1.523122	
397	-1.958371	-0.786884	1.528584	
398	-1.968442	-0.799860	1.539162	
399	-1.972323	-0.808797	1.545842	
400	-1.976694	-0.815270	1.550110	
401	-1.980156	-0.825041	1.557555	
402	-1.983284	-0.831632	1.561775	
403	-1.986969	-0.837411	1.566741	
404	-1.990396	-0.846784	1.576075	
405	-1.993279	-0.851575	1.582675	
406	-1.996153	-0.858935	1.589116	
407	-1.999483	-0.863860	1.596028	
408	-2.001348	-0.870798	1.605347	
409	-2.003730	-0.872205	1.609779	
410	-2.005890	-0.877089	1.616257	
411	-2.007684	-0.880794	1.624316	
412	-2.009164	-0.885059	1.632445	
413	-2.010719	-0.885667	1.637280	
414	-2.011999	-0.890262	1.646500	
415	-2.012750	-0.893191	1.655094	
416	-2.014080	-0.895124	1.662760	
417	-2.015727	-0.894228	1.668549	
418	-2.016841	-0.899001	1.680039	
419	-2.018539	-0.898151	1.684626	
420	-2.019756	-0.901875	1.694142	
421	-2.021510	-0.902517	1.701474	
422	-2.022923	-0.902746	1.707873	
423	-2.024343	-0.903256	1.713814	
424	-2.025517	-0.906558	1.721823	
425	-2.026587	-0.908340	1.728976	
426	-2.029027	-0.910118	1.739202	
427	-2.030290	-0.912018	1.744942	
428	-2.031146	-0.914485	1.751092	
429	-2.032483	-0.915996	1.756194	
430	-2.034396	-0.919350	1.760658	
431	-2.035496	-0.925183	1.769642	
432	-2.036962	-0.935817	1.780182	
433	-2.037646	-0.941461	1.785410	
434	-2.038174	-0.947416	1.790222	
435	-2.039696	-0.951588	1.792292	
436	-2.040684	-0.957340	1.797412	
437	-2.041726	-0.964624	1.803396	
438	-2.043431	-0.970208	1.807643	
439	-2.044930	-0.975741	1.813382	
440	-2.045888	-0.982884	1.818954	
441	-2.047259	-0.989495	1.823776	
442	-2.048630	-0.994117	1.828932	
443	-2.049866	-0.999937	1.834633	
444	-2.051102	-1.005896	1.839637	
445	-2.052633	-1.011160	1.844919	
446	-2.053212	-1.018558	1.852319	
447	-2.054705	-1.024436	1.856704	
448	-2.055912	-1.030880	1.861295	
449	-2.057087	-1.037652	1.868856	
450	-2.058420	-1.043958	1.873296	
451	-2.060140	-1.050507	1.880353	
452	-2.061338	-1.055482	1.884378	
453	-2.064216	-1.061187	1.889653	
454	-2.065689	-1.068380	1.896385	
455	-2.067625	-1.074947	1.903466	
456	-2.070692	-1.081537	1.909544	
457	-2.074301	-1.087601	1.916885	
458	-2.078365	-1.094102	1.923629	
459	-2.081779	-1.103891	1.934021	
460	-2.087978	-1.108566	1.941222	
461	-2.092922	-1.116322	1.950610	
462	-2.098152	-1.124125	1.962291	
463	-2.103115	-1.131010	1.972399	
464	-2.107404	-1.137975	1.983553	
465	-2.111832	-1.145248	1.995717	
466	-2.115060	-1.152441	2.008176	
467	-2.118178	-1.158891	2.019464	
468	-2.121439	-1.166018	2.029583	
469	-2.125057	-1.173255	2.040234	
470	-2.127646	-1.178988	2.052003	
471	-2.131146	-1.185536	2.061586	
472	-2.134811	-1.192250	2.072971	
473	-2.137380	-1.197987	2.083425	
474	-2.140347	-1.203250	2.094304	
475	-2.142547	-1.209120	2.104056	
476	-2.144231	-1.214542	2.114174	
477	-2.146576	-1.218410	2.122778	
478	-2.147319	-1.221487	2.132558	
479	-2.147883	-1.223785	2.140820	
480	-2.148191	-1.227525	2.148462	
481	-2.147763	-1.229074	2.157227	
482	-2.145228	-1.230363	2.167059	
483	-2.145271	-1.232191	2.173623	
484	-2.144634	-1.233411	2.181926	
485	-2.141045	-1.233905	2.191599	
486	-2.138265	-1.234489	2.199054	
487	-2.136483	-1.235449	2.206601	
488	-2.128871	-1.238450	2.225455	
489	-2.126238	-1.239382	2.232935	
490	-2.122536	-1.241661	2.243818	
491	-2.118945	-1.244224	2.250539	
492	-2.115047	-1.248205	2.257798	
493	-2.111096	-1.251556	2.266843	
494	-2.107016	-1.256143	2.273348	
495	-2.104050	-1.260694	2.278964	
496	-2.099201	-1.265026	2.289712	
497	-2.091386	-1.275732	2.302887	
498	-2.087278	-1.280169	2.311051	
499	-2.082500	-1.283700	2.319295	
500	-2.078501	-1.289653	2.322936	
501	-2.075650	-1.292942	2.328457	
502	-2.069803	-1.297986	2.335606	
503	-2.066921	-1.301902	2.338895	
504	-2.063076	-1.305177	2.344451	
505	-2.058957	-1.307448	2.351357	
506	-2.056151	-1.311510	2.355589	
507	-2.052495	-1.316181	2.358171	
508	-2.047110	-1.320186	2.363857	
509	-2.044604	-1.323359	2.366191	
510	-2.041255	-1.326141	2.369232	
511	-2.036514	-1.329037	2.374681	
512	-2.032327	-1.334336	2.376465	
513	-2.027894	-1.339778	2.378363	
514	-2.021592	-1.343838	2.384698	
515	-2.018379	-1.347035	2.388214	
516	-2.013446	-1.351701	2.392605	
517	-2.007329	-1.356400	2.399621	
518	-2.002850	-1.361105	2.405143	
519	-1.998261	-1.365524	2.413227	
520	-1.991390	-1.370529	2.423169	
521	-1.987639	-1.375202	2.431196	
522	-1.982587	-1.379459	2.440350	
523	-1.977261	-1.384826	2.450157	
524	-1.972486	-1.390335	2.459879	
525	-1.966615	-1.396678	2.469340	
526	-1.963029	-1.403807	2.476172	
527	-1.957474	-1.408798	2.486032	
528	-1.951545	-1.414420	2.495383	
529	-1.947305	-1.419847	2.503640	
530	-1.943116	-1.425007	2.511863	
531	-1.938064	-1.429140	2.520617	
532	-1.933604	-1.434209	2.528541	
533	-1.929624	-1.437088	2.537764	
534	-1.924830	-1.439820	2.545540	
535	-1.919242	-1.444140	2.553149	
536	-1.914888	-1.447720	2.560256	
537	-1.909307	-1.450494	2.567473	
538	-1.903028	-1.454745	2.573459	
539	-1.900477	-1.457071	2.579272	
540	-1.894652	-1.460407	2.585536	
541	-1.886966	-1.464916	2.591649	
542	-1.883027	-1.467926	2.597153	
543	-1.877050	-1.470796	2.603294	
544	-1.869768	-1.473988	2.608971	
545	-1.863761	-1.476467	2.614496	
546	-1.858848	-1.477900	2.619735	
547	-1.851807	-1.479143	2.625852	
548	-1.843626	-1.480710	2.630233	
549	-1.836720	-1.482125	2.634307	
550	-1.828851	-1.483781	2.637892	
551	-1.821038	-1.483265	2.643373	
552	-1.812171	-1.484665	2.646356	
553	-1.805787	-1.484822	2.650108	
554	-1.795876	-1.483696	2.654515	
555	-1.782447	-1.484675	2.659137	
556	-1.776172	-1.483749	2.662802	
557	-1.766122	-1.482693	2.667784	
558	-1.753767	-1.481781	2.673115	
559	-1.745623	-1.480884	2.677456	
560	-1.737120	-1.478753	2.681712	
561	-1.724443	-1.478235	2.686272	
562	-1.714793	-1.477893	2.689857	
563	-1.696253	-1.475721	2.696561	
564	-1.685301	-1.475489	2.699440	
565	-1.677106	-1.474950	2.700984	
566	-1.667289	-1.474492	2.703196	
567	-1.657164	-1.474556	2.705616	
568	-1.648504	-1.475140	2.705898	
569	-1.640707	-1.475786	2.706807	
570	-1.631740	-1.475898	2.709192	
571	-1.623620	-1.476922	2.710068	
572	-1.616403	-1.478426	2.708921	
573	-1.608253	-1.480253	2.709382	
574	-1.600270	-1.481722	2.710068	
575	-1.594056	-1.482381	2.710237	
576	-1.587863	-1.482879	2.710854	
577	-1.579635	-1.483871	2.712821	
578	-1.568290	-1.486852	2.713191	
579	-1.561265	-1.487538	2.714978	
580	-1.553745	-1.488442	2.716381	
581	-1.548574	-1.490097	2.716184	
582	-1.542208	-1.490216	2.718193	
583	-1.534021	-1.492385	2.719684	
584	-1.529182	-1.493934	2.720774	
585	-1.516286	-1.496059	2.725166	
586	-1.510950	-1.496866	2.728175	
587	-1.505608	-1.497612	2.729935	
588	-1.499088	-1.498386	2.732650	
589	-1.492502	-1.499709	2.733378	
590	-1.479824	-1.500712	2.738568	
591	-1.473609	-1.501528	2.741079	
592	-1.466073	-1.502648	2.743642	
593	-1.460622	-1.503141	2.747026	
594	-1.455239	-1.504225	2.749599	
595	-1.448218	-1.505164	2.752157	
596	-1.441369	-1.505406	2.755830	
597	-1.437471	-1.505244	2.758621	
598	-1.430042	-1.505125	2.761766	
599	-1.422745	-1.504716	2.765087	
600	-1.417808	-1.504374	2.766397	
601	-1.412791	-1.504034	2.767045	
602	-1.403636	-1.502913	2.771595	
603	-1.396565	-1.500830	2.775961	
604	-1.391978	-1.500763	2.775118	
605	-1.383009	-1.499666	2.778213	
606	-1.373862	-1.497903	2.781557	
607	-1.368599	-1.496788	2.782518	
608	-1.359998	-1.495000	2.786261	
609	-1.351243	-1.494443	2.786917	
610	-1.342531	-1.493192	2.789427	
611	-1.334618	-1.492013	2.791340	
612	-1.327879	-1.490653	2.791552	
613	-1.318223	-1.489653	2.792120	
614	-1.310560	-1.488702	2.791376	
615	-1.303566	-1.487255	2.790312	
616	-1.295126	-1.485678	2.789828	
617	-1.287305	-1.484400	2.788775	
618	-1.280717	-1.483616	2.786812	
619	-1.271486	-1.483602	2.784706	
620	-1.264579	-1.483575	2.782908	
621	-1.259032	-1.483546	2.780867	
622	-1.251195	-1.483473	2.779697	
623	-1.243786	-1.483688	2.777844	
624	-1.238781	-1.484318	2.773829	
625	-1.231362	-1.484471	2.772095	
626	-1.224013	-1.484806	2.770368	
627	-1.211239	-1.485225	2.766238	
628	-1.203399	-1.485930	2.764245	
629	-1.198092	-1.487099	2.761446	
630	-1.191030	-1.487977	2.760364	
631	-1.185022	-1.489132	2.758250	
632	-1.178946	-1.490465	2.756180	
633	-1.172169	-1.492010	2.753924	
634	-1.167210	-1.492787	2.751954	
635	-1.161659	-1.493567	2.750583	
636	-1.156509	-1.493959	2.749403	
637	-1.147684	-1.493861	2.744932	
638	-1.143703	-1.493661	2.742520	
639	-1.138929	-1.492388	2.741030	
640	-1.132587	-1.491631	2.738528	
641	-1.126106	-1.490969	2.736568	
642	-1.123939	-1.489594	2.734532	
643	-1.120337	-1.487965	2.733449	
644	-1.113564	-1.487531	2.731081	
645	-1.110791	-1.485649	2.730221	
646	-1.107914	-1.483839	2.729165	
647	-1.100808	-1.482195	2.728323	
648	-1.095040	-1.480455	2.726558	
649	-1.091359	-1.478517	2.724959	
650	-1.086850	-1.475973	2.723567	
651	-1.081574	-1.473356	2.721339	
652	-1.075587	-1.470257	2.720090	
653	-1.071136	-1.466689	2.718468	
654	-1.064998	-1.462935	2.716708	
655	-1.058643	-1.459295	2.714717	
656	-1.053326	-1.455101	2.713030	
657	-1.045338	-1.451207	2.710628	
658	-1.042407	-1.446497	2.709155	
659	-1.037895	-1.441651	2.707880	
660	-1.027579	-1.439061	2.705081	
661	-1.023074	-1.434868	2.703475	
662	-1.019367	-1.430631	2.701716	
663	-1.012947	-1.427103	2.698592	
664	-1.008287	-1.423027	2.695721	
665	-1.004936	-1.418548	2.692595	
666	-1.000912	-1.414168	2.688807	
667	-0.998711	-1.409153	2.685051	
668	-0.992496	-1.405018	2.679966	
669	-0.987258	-1.400198	2.675312	
670	-0.984312	-1.394146	2.672064	
671	-0.977530	-1.389492	2.666673	
672	-0.971261	-1.384307	2.661500	
673	-0.959865	-1.375305	2.649864	
674	-0.952465	-1.371426	2.643929	
675	-0.938979	-1.364113	2.632563	
676	-0.928493	-1.362573	2.625125	
677	-0.926811	-1.357278	2.622571	
678	-0.923291	-1.352676	2.619353	
679	-0.916727	-1.349822	2.613787	
680	-0.910567	-1.345695	2.609797	
681	-0.907420	-1.340620	2.607266	
682	-0.902115	-1.337558	2.603482	
683	-0.896226	-1.333860	2.600836	
684	-0.887959	-1.325734	2.597447	
685	-0.882365	-1.323216	2.594760	
686	-0.881206	-1.317127	2.595448	
687	-0.878056	-1.313162	2.594404	
688	-0.871175	-1.311105	2.592153	
689	-0.869280	-1.304607	2.594497	
690	-0.866195	-1.299716	2.594707	
691	-0.861364	-1.296258	2.593958	
692	-0.858743	-1.291047	2.595276	
693	-0.857898	-1.285572	2.597261	
694	-0.853846	-1.282885	2.596881	
695	-0.851179	-1.279145	2.598263	
696	-0.850011	-1.274793	2.599718	
697	-0.844695	-1.274105	2.598207	
698	-0.843535	-1.269863	2.600773	
699	-0.842427	-1.266858	2.602160	
700	-0.837703	-1.266304	2.601800	
701	-0.836645	-1.262731	2.604474	
702	-0.834779	-1.260507	2.605759	
703	-0.831135	-1.259357	2.606625	
704	-0.829484	-1.256091	2.609757	
705	-0.827081	-1.254141	2.611800	
706	-0.824059	-1.251729	2.614264	
707	-0.821741	-1.249117	2.617054	
708	-0.819609	-1.246442	2.619978	
709	-0.816432	-1.244790	2.621717	
710	-0.814302	-1.241925	2.624553	
711	-0.812315	-1.239088	2.627265	
712	-0.803873	-1.232547	2.635603	
713	-0.798303	-1.232603	2.635401	
714	-0.792475	-1.233061	2.636511	
715	-0.791159	-1.230363	2.640206	
716	-0.785252	-1.231162	2.641197	
717	-0.781772	-1.230565	2.643764	
718	-0.779953	-1.228119	2.647277	
719	-0.774954	-1.228537	2.648818	
720	-0.771206	-1.227653	2.651379	
721	-0.768260	-1.226231	2.654582	
722	-0.762749	-1.227275	2.655158	
723	-0.757874	-1.227942	2.657379	
724	-0.755699	-1.226619	2.660991	
725	-0.752513	-1.226435	2.663109	
726	-0.746462	-1.228912	2.664032	
727	-0.743893	-1.227873	2.668307	
728	-0.740677	-1.227283	2.671214	
729	-0.735517	-1.228652	2.672290	
730	-0.731534	-1.228818	2.676526	
731	-0.728967	-1.228085	2.679272	
732	-0.723703	-1.229536	2.680288	
733	-0.720577	-1.229244	2.684340	
734	-0.716862	-1.229635	2.686739	
735	-0.712035	-1.231356	2.688041	
736	-0.709714	-1.230709	2.691597	
737	-0.706017	-1.231606	2.693434	
738	-0.702039	-1.232714	2.695704	
739	-0.698934	-1.234001	2.698511	
740	-0.694425	-1.237422	2.698479	
741	-0.692741	-1.238564	2.701261	
742	-0.690774	-1.239837	2.704470	
743	-0.689857	-1.240564	2.706531	
744	-0.689103	-1.240828	2.710440	
745	-0.687114	-1.241949	2.712524	
746	-0.685434	-1.243309	2.715699	
747	-0.684460	-1.243809	2.718717	
748	-0.681563	-1.245508	2.721188	
749	-0.679558	-1.246306	2.723856	
750	-0.679280	-1.246160	2.728232	
751	-0.676636	-1.247514	2.730492	
752	-0.673895	-1.249746	2.734553	
753	-0.672759	-1.250565	2.739730	
754	-0.670592	-1.252371	2.743634	
755	-0.667284	-1.255766	2.746988	
756	-0.665746	-1.258545	2.751921	
757	-0.663581	-1.261595	2.756478	
758	-0.659448	-1.266653	2.760310	
759	-0.658487	-1.269325	2.766990	
760	-0.655671	-1.273859	2.771370	
761	-0.652896	-1.277978	2.777249	
762	-0.651256	-1.281524	2.784184	
763	-0.649207	-1.284695	2.789798	
764	-0.646649	-1.288568	2.795321	
765	-0.643672	-1.292689	2.800779	
766	-0.640621	-1.296986	2.806448	
767	-0.638831	-1.300326	2.813286	
768	-0.635088	-1.305134	2.817605	
769	-0.633084	-1.308509	2.823949	
770	-0.632479	-1.309949	2.830859	
771	-0.628112	-1.314645	2.834502	
772	-0.625576	-1.317615	2.840302	
773	-0.623062	-1.319952	2.845454	
774	-0.618414	-1.323869	2.847374	
775	-0.617115	-1.324478	2.853631	
776	-0.615498	-1.325008	2.858652	
777	-0.610403	-1.327240	2.861552	
778	-0.606619	-1.328206	2.865464	
779	-0.602667	-1.328760	2.869394	
780	-0.596445	-1.331819	2.869519	
781	-0.591907	-1.333598	2.871249	
782	-0.587892	-1.335151	2.872514	
783	-0.581868	-1.337755	2.871975	
784	-0.575521	-1.340456	2.872837	
785	-0.570458	-1.342239	2.874577	
786	-0.563245	-1.344210	2.875219	
787	-0.557498	-1.346020	2.876518	
788	-0.546112	-1.349104	2.880477	
789	-0.538575	-1.351219	2.882563	
790	-0.531915	-1.353438	2.885041	
791	-0.524066	-1.356045	2.885948	
792	-0.516327	-1.358194	2.886899	
793	-0.507102	-1.361945	2.887307	
794	-0.500277	-1.363825	2.889673	
795	-0.491433	-1.366270	2.890384	
796	-0.481984	-1.369496	2.890439	
797	-0.475034	-1.370533	2.893244	
798	-0.466993	-1.372639	2.894716	
799	-0.457715	-1.375559	2.895119	
800	-0.450799	-1.376948	2.897948	
801	-0.433875	-1.382213	2.897606	
802	-0.421410	-1.384992	2.899496	
803	-0.409064	-1.387880	2.900104	
804	-0.403506	-1.388860	2.900434	
805	-0.396709	-1.390479	2.899775	
806	-0.392972	-1.389888	2.901316	
807	-0.386196	-1.390423	2.900884	
808	-0.379388	-1.391319	2.900111	
809	-0.373211	-1.390686	2.900954	
810	-0.365751	-1.391606	2.900054	
811	-0.357425	-1.393119	2.899131	
812	-0.350903	-1.392335	2.900324	
813	-0.344529	-1.393219	2.900142	
814	-0.336753	-1.394687	2.898983	
815	-0.330675	-1.394074	2.900039	
816	-0.323358	-1.395120	2.899669	
817	-0.315892	-1.395812	2.897980	
818	-0.311049	-1.394783	2.898374	
819	-0.304887	-1.395758	2.895925	
820	-0.298326	-1.396374	2.893763	
821	-0.293437	-1.395993	2.892698	
822	-0.287786	-1.395874	2.890872	
823	-0.283144	-1.395362	2.889381	
824	-0.277513	-1.393819	2.888168	
825	-0.271811	-1.393334	2.886080	
826	-0.266131	-1.391474	2.884399	
827	-0.261646	-1.388839	2.883138	
828	-0.257393	-1.386730	2.881030	
829	-0.245783	-1.380626	2.876921	
830	-0.239817	-1.377628	2.873875	
831	-0.234108	-1.374405	2.870227	
832	-0.228033	-1.369898	2.866900	
833	-0.221976	-1.365659	2.862672	
834	-0.213343	-1.362046	2.857363	
835	-0.206052	-1.357109	2.852838	
836	-0.197206	-1.351764	2.848223	
837	-0.188884	-1.348677	2.841593	
838	-0.179054	-1.344725	2.835532	
839	-0.171068	-1.340177	2.829532	
840	-0.162146	-1.336560	2.822993	
841	-0.144979	-1.329417	2.808969	
842	-0.137258	-1.325890	2.802362	
843	-0.130032	-1.322812	2.795130	
844	-0.121682	-1.318913	2.788647	
845	-0.116417	-1.316463	2.781930	
846	-0.109019	-1.312998	2.776369	
847	-0.101438	-1.310015	2.769439	
848	-0.096341	-1.308355	2.762976	
849	-0.087926	-1.305063	2.757096	
850	-0.081534	-1.305800	2.747685	
851	-0.074302	-1.305311	2.740760	
852	-0.066609	-1.301830	2.736576	
853	-0.062695	-1.303008	2.728086	
854	-0.056967	-1.304171	2.720702	
855	-0.048378	-1.303274	2.714372	
856	-0.044126	-1.302769	2.707679	
857	-0.039120	-1.301958	2.700759	
858	-0.033626	-1.300859	2.693305	
859	-0.026418	-1.299227	2.686649	
860	-0.020129	-1.297096	2.680873	
861	-0.015133	-1.296922	2.673149	
862	-0.008398	-1.296612	2.666751	
863	-0.001263	-1.297295	2.659469	
864	0.006008	-1.298330	2.653286	
865	0.013651	-1.299047	2.648087	
866	0.020465	-1.301105	2.641165	
867	0.027977	-1.302880	2.635282	
868	0.034767	-1.304513	2.630077	
869	0.040590	-1.306842	2.623108	
870	0.046139	-1.309627	2.615639	
871	0.052429	-1.311485	2.609067	
872	0.057867	-1.313708	2.602181	
873	0.063735	-1.315865	2.594959	
874	0.068815	-1.318315	2.586954	
875	0.080012	-1.320196	2.573132	
876	0.082230	-1.322098	2.563924	
877	0.086751	-1.322984	2.556253	
878	0.089900	-1.324231	2.546981	
879	0.097486	-1.323891	2.532349	
880	0.099205	-1.323278	2.523607	
881	0.100917	-1.322864	2.514869	
882	0.105163	-1.320825	2.508327	
883	0.106545	-1.319713	2.500877	
884	0.107548	-1.319513	2.491937	
885	0.107567	-1.317873	2.483614	
886	0.110901	-1.316415	2.474479	
887	0.112217	-1.315107	2.466058	
888	0.115541	-1.313107	2.457135	
889	0.117062	-1.311269	2.448616	
890	0.119709	-1.310013	2.438916	
891	0.122467	-1.309733	2.428383	
892	0.126194	-1.308657	2.419337	
893	0.128323	-1.307737	2.409412	
894	0.129682	-1.307421	2.398645	
895	0.132762	-1.307540	2.388709	
896	0.135204	-1.308165	2.378998	
897	0.138926	-1.309315	2.370507	
898	0.144629	-1.309527	2.363559	
899	0.147381	-1.309079	2.355725	
900	0.151317	-1.308253	2.348390	
901	0.153643	-1.307221	2.340038	
902	0.158238	-1.305461	2.334539	
903	0.160550	-1.303515	2.327356	
904	0.163390	-1.301728	2.320586	
905	0.164009	-1.299545	2.313377	
906	0.166402	-1.297367	2.307248	
907	0.169868	-1.295643	2.300498	
908	0.173908	-1.293419	2.294405	
909	0.177823	-1.291389	2.287743	
910	0.181769	-1.290087	2.282839	
911	0.187223	-1.287964	2.279944	
912	0.190720	-1.286700	2.275641	
913	0.195445	-1.286278	2.273016	
914	0.199465	-1.284230	2.270076	
915	0.205587	-1.281686	2.267314	
916	0.209650	-1.279785	2.263990	
917	0.213154	-1.277341	2.262185	
918	0.215867	-1.275182	2.258847	
919	0.219348	-1.274058	2.256303	
920	0.223025	-1.271742	2.255132	
921	0.225661	-1.270237	2.253358	
922	0.229110	-1.269260	2.251567	
923	0.234595	-1.267212	2.249714	
924	0.238316	-1.266121	2.248096	
925	0.240673	-1.265514	2.248035	
926	0.246427	-1.264114	2.247192	
927	0.250483	-1.263794	2.246480	
928	0.254394	-1.263925	2.247210	
929	0.255909	-1.263024	2.248874	
930	0.260365	-1.262954	2.248909	
931	0.265440	-1.263562	2.250295	
932	0.266882	-1.263738	2.254076	
933	0.270851	-1.264526	2.255180	
934	0.274824	-1.265217	2.257147	
935	0.278055	-1.265650	2.259568	
936	0.280167	-1.266626	2.261453	
937	0.283952	-1.267583	2.263062	
938	0.287700	-1.267872	2.267237	
939	0.290156	-1.268700	2.270824	
940	0.292581	-1.269380	2.274893	
941	0.295439	-1.269853	2.277331	
942	0.298875	-1.270316	2.279725	
943	0.301285	-1.271063	2.283800	
944	0.303517	-1.271053	2.288006	
945	0.306506	-1.271308	2.291062	
946	0.310078	-1.271752	2.293974	
947	0.311262	-1.271999	2.297963	
948	0.313990	-1.273218	2.300373	
949	0.317302	-1.273862	2.303434	
950	0.324327	-1.275377	2.306828	
951	0.326060	-1.276101	2.310337	
952	0.328887	-1.276570	2.312573	
953	0.330620	-1.276735	2.316629	
954	0.332798	-1.275971	2.320804	
955	0.335917	-1.275096	2.323781	
956	0.338324	-1.274554	2.326540	
957	0.341278	-1.272729	2.331020	
958	0.342752	-1.271454	2.336838	
959	0.342174	-1.269295	2.340543	
960	0.344622	-1.268997	2.344711	
961	0.346651	-1.268456	2.349827	
962	0.347118	-1.267088	2.355064	
963	0.351030	-1.267926	2.356791	
964	0.352250	-1.267764	2.362205	
965	0.353072	-1.267257	2.367957	
966	0.358350	-1.268300	2.370029	
967	0.360076	-1.268559	2.376036	
968	0.363037	-1.269290	2.381338	
969	0.369711	-1.271764	2.384608	
970	0.372944	-1.273031	2.390884	
971	0.374930	-1.274322	2.398167	
972	0.380145	-1.277823	2.403546	
973	0.382411	-1.278767	2.412183	
974	0.383786	-1.277768	2.418921	
975	0.387492	-1.280732	2.424708	
976	0.388828	-1.280850	2.434072	
977	0.393003	-1.282379	2.438549	
978	0.397556	-1.285506	2.445869	
979	0.395973	-1.284125	2.453530	
980	0.398178	-1.284471	2.454622	
981	0.403888	-1.286151	2.460676	
982	0.405311	-1.285628	2.468609	
983	0.407399	-1.286811	2.471061	
984	0.410425	-1.287347	2.476379	
985	0.410588	-1.287269	2.482703	
986	0.411685	-1.287747	2.485330	
987	0.414223	-1.288568	2.491214	
988	0.416716	-1.289336	2.495164	
989	0.419266	-1.290996	2.497990	
990	0.422153	-1.291043	2.504681	
991	0.422600	-1.290809	2.508859	
992	0.424311	-1.291966	2.512742	
993	0.425800	-1.290348	2.518926	
994	0.428003	-1.290109	2.522519	
995	0.430727	-1.290614	2.525156	
996	0.432544	-1.288691	2.530555	
997	0.432771	-1.285778	2.538778	
998	0.435200	-1.285237	2.541821	
999	0.437562	-1.283497	2.548174	
1000	0.440933	-1.281405	2.559601	
1001	0.442288	-1.278874	2.569936	
1002	0.442756	-1.278181	2.577685	
1003	0.443163	-1.278910	2.582968	
1004	0.442355	-1.277161	2.589505	
1005	0.441229	-1.276375	2.593960	
1006	0.440941	-1.275102	2.599385	
1007	0.441441	-1.274350	2.602293	
1008	0.442071	-1.274260	2.605813	
1009	0.441905	-1.273505	2.608043	
1010	0.442736	-1.274344	2.610615	
1011	0.443805	-1.274516	2.612846	
1012	0.443644	-1.273930	2.616220	
1013	0.443562	-1.273477	2.619741	
1014	0.445131	-1.274019	2.620460	
1015	0.447363	-1.276095	2.623976	
1016	0.446092	-1.275043	2.627706	
1017	0.447326	-1.275021	2.628711	
1018	0.449452	-1.276289	2.630685	
1019	0.451660	-1.274713	2.633027	
1020	0.453673	-1.274933	2.632737	
1021	0.452058	-1.271314	2.634085	
1022	0.454769	-1.271293	2.634086	
1023	0.455076	-1.265266	2.632400	
1024	0.458133	-1.260015	2.630310	
1025	0.457625	-1.255251	2.629834	
1026	0.458313	-1.251114	2.628333	
1027	0.461416	-1.249419	2.627150	
1028	0.462125	-1.244954	2.626138	
1029	0.464059	-1.241761	2.626884	
1030	0.466335	-1.238787	2.626877	
1031	0.465865	-1.232409	2.626070	
1032	0.468381	-1.229571	2.627278	
1033	0.471360	-1.227469	2.627365	
1034	0.471720	-1.222940	2.628235	
1035	0.474627	-1.218926	2.626730	
1036	0.478485	-1.218332	2.628375	
1037	0.480443	-1.214273	2.627423	
1038	0.481374	-1.210799	2.628163	
1039	0.485102	-1.209229	2.627416	
1040	0.487204	-1.206845	2.626827	
1041	0.488943	-1.203372	2.624695	
1042	0.490589	-1.201137	2.623735	
1043	0.493202	-1.199651	2.621302	
1044	0.494463	-1.197046	2.618692	
1045	0.495791	-1.195706	2.618196	
1046	0.497930	-1.193603	2.615985	
1047	0.499046	-1.190563	2.616421	
1048	0.501481	-1.188994	2.614571	
1049	0.502647	-1.187476	2.613751	
1050	0.503126	-1.187449	2.615844	
1051	0.504257	-1.185363	2.614502	
1052	0.505229	-1.183728	2.613941	
1053	0.505316	-1.183044	2.615745	
1054	0.506380	-1.181098	2.614959	
1055	0.506826	-1.179623	2.615717	
1056	0.506992	-1.177782	2.616669	
1057	0.506925	-1.175945	2.618330	
1058	0.507033	-1.174558	2.620589	
1059	0.506157	-1.174125	2.624664	
1060	0.506790	-1.174078	2.627751	
1061	0.506432	-1.175783	2.633372	
1062	0.504291	-1.175273	2.638134	
1063	0.504684	-1.176147	2.641912	
1064	0.505453	-1.174294	2.642052	
1065	0.504506	-1.171272	2.642437	
1066	0.506701	-1.172655	2.644999	
1067	0.506851	-1.173054	2.648444	
1068	0.505988	-1.169642	2.648803	
1069	0.507534	-1.171139	2.652649	
1070	0.507481	-1.173341	2.658934	
1071	0.504869	-1.170100	2.662365	
1072	0.504982	-1.167889	2.663861	
1073	0.503960	-1.168905	2.670711	
1074	0.501061	-1.166027	2.675242	
1075	0.501085	-1.164393	2.678057	
1076	0.499936	-1.164338	2.684072	
1077	0.497915	-1.162611	2.688961	
1078	0.496843	-1.162173	2.694555	
1079	0.495613	-1.163925	2.702476	
1080	0.495039	-1.164645	2.707840	
1081	0.492500	-1.163949	2.714480	
1082	0.494155	-1.164652	2.717339	
1083	0.494900	-1.161916	2.716451	
1084	0.492473	-1.157696	2.717360	
1085	0.495279	-1.159365	2.717939	
1086	0.495780	-1.154679	2.712528	
1087	0.493462	-1.150685	2.712217	
1088	0.495816	-1.146050	2.703111	
1089	0.493619	-1.141699	2.700516	
1090	0.490140	-1.142491	2.705274	
1091	0.491090	-1.145253	2.705154	
1092	0.487948	-1.144968	2.706653	
1093	0.485037	-1.144655	2.707634	
1094	0.485454	-1.146278	2.704647	
1095	0.480643	-1.147287	2.709331	
1096	0.479972	-1.148573	2.707663	
1097	0.478649	-1.151141	2.708379	
1098	0.473910	-1.152733	2.713727	
1099	0.473779	-1.154511	2.711466	
1100	0.470336	-1.158246	2.716462	
1101	0.464387	-1.163260	2.722173	
1102	0.460699	-1.163886	2.723830	
1103	0.457279	-1.163038	2.723306	
1104	0.453386	-1.164568	2.726899	
1105	0.448837	-1.165426	2.730272	
1106	0.444780	-1.167593	2.734652	
1107	0.441415	-1.169399	2.737547	
1108	0.437159	-1.174023	2.746530	
1109	0.433242	-1.176580	2.751296	
1110	0.428739	-1.177779	2.754359	
1111	0.425037	-1.182267	2.760563	
1112	0.420898	-1.185513	2.764620	
1113	0.416803	-1.189661	2.769664	
1114	0.411561	-1.191219	2.771995	
1115	0.407422	-1.195168	2.776502	
1116	0.395831	-1.200550	2.785065	
1117	0.390828	-1.204592	2.790163	
1118	0.385789	-1.207699	2.793477	
1119	0.378787	-1.207632	2.794360	
1120	0.374523	-1.214628	2.803143	
1121	0.368495	-1.217945	2.809610	
1122	0.361998	-1.217148	2.808462	
1123	0.357259	-1.219582	2.809474	
1124	0.351573	-1.224287	2.819796	
1125	0.345486	-1.224145	2.821324	
1126	0.341570	-1.228182	2.827248	
1127	0.336548	-1.229445	2.831802	
1128	0.332498	-1.230714	2.833755	
1129	0.329388	-1.234140	2.839268	
1130	0.324925	-1.233945	2.840521	
1131	0.323020	-1.236893	2.842793	
1132	0.320434	-1.238746	2.846488	
1133	0.317867	-1.239582	2.846842	
1134	0.317153	-1.242086	2.846179	
1135	0.316047	-1.244447	2.848496	
1136	0.314734	-1.245960	2.849183	
1137	0.313556	-1.246983	2.848747	
1138	0.313330	-1.249170	2.848947	
1139	0.311796	-1.249677	2.850532	
1140	0.310809	-1.249369	2.848444	
1141	0.310714	-1.251443	2.849858	
1142	0.308414	-1.250162	2.849760	
1143	0.307758	-1.251407	2.851646	
1144	0.306715	-1.252116	2.852579	
1145	0.304969	-1.252166	2.854893	
1146	0.302961	-1.251986	2.856703	
1147	0.301519	-1.253470	2.862613	
1148	0.298375	-1.252427	2.864493	
1149	0.296589	-1.253850	2.869603	
1150	0.295839	-1.256674	2.874387	
1151	0.292073	-1.256457	2.878611	
1152	0.291046	-1.259490	2.882920	
1153	0.288970	-1.261483	2.886144	
1154	0.285841	-1.263862	2.891683	
1155	0.284174	-1.266553	2.893664	
1156	0.281979	-1.269220	2.896041	
1157	0.279248	-1.271658	2.898187	
1158	0.276997	-1.274324	2.899997	
1159	0.274861	-1.277908	2.904094	
1160	0.272581	-1.280376	2.905065	
1161	0.270021	-1.283857	2.908226	
1162	0.267799	-1.287511	2.911775	
1163	0.266454	-1.291932	2.912916	
1164	0.263344	-1.294217	2.916214	
1165	0.261034	-1.297542	2.917324	
1166	0.259690	-1.301662	2.919710	
1167	0.256728	-1.303430	2.922257	
1168	0.256161	-1.308136	2.924381	
1169	0.254614	-1.311446	2.927603	
1170	0.252533	-1.313677	2.930846	
1171	0.251836	-1.317654	2.934204	
1172	0.250597	-1.320480	2.936757	
1173	0.248093	-1.322137	2.939975	
1174	0.246397	-1.325361	2.942536	
1175	0.245124	-1.328338	2.945074	
1176	0.242803	-1.330491	2.950021	
1177	0.239954	-1.331542	2.951541	
1178	0.237691	-1.333012	2.956135	
1179	0.235359	-1.335413	2.960514	
1180	0.232646	-1.336773	2.964532	
1181	0.230968	-1.340121	2.968368	
1182	0.228638	-1.343484	2.974620	
1183	0.226127	-1.346766	2.979146	
1184	0.223627	-1.350449	2.983530	
1185	0.219748	-1.353877	2.988106	
1186	0.216094	-1.357696	2.991962	
1187	0.212585	-1.362621	2.998138	
1188	0.208014	-1.366525	3.003905	
1189	0.204325	-1.370994	3.007774	
1190	0.200835	-1.376237	3.012048	
1191	0.195214	-1.379937	3.018756	
1192	0.191004	-1.384602	3.023079	
1193	0.185467	-1.389809	3.029760	
1194	0.178866	-1.394125	3.036456	
1195	0.174487	-1.400172	3.041647	
1196	0.169254	-1.405456	3.047513	
1197	0.164614	-1.410779	3.054275	
1198	0.160110	-1.415689	3.060812	
1199	0.155767	-1.421395	3.067640	
1200	0.151147	-1.426259	3.073250	
1201	0.146971	-1.431822	3.080124	
1202	0.139033	-1.442414	3.095385	
1203	0.135394	-1.447690	3.102578	
1204	0.131980	-1.452933	3.110235	
1205	0.128962	-1.458036	3.116638	
1206	0.127299	-1.463691	3.125455	
1207	0.124477	-1.467810	3.133832	
1208	0.122861	-1.472620	3.141004	
1209	0.120682	-1.477025	3.149217	
1210	0.119085	-1.482252	3.158071	
1211	0.117167	-1.486426	3.163237	
1212	0.115098	-1.490459	3.170860	
1213	0.112236	-1.497813	3.183101	
1214	0.111959	-1.501623	3.189885	
1215	0.111887	-1.505170	3.194023	
1216	0.112446	-1.509142	3.199923	
1217	0.114287	-1.512871	3.205891	
1218	0.115898	-1.516312	3.212668	
1219	0.119051	-1.520049	3.217779	
1220	0.122378	-1.523498	3.223554	
1221	0.126451	-1.526974	3.229853	
1222	0.130428	-1.529391	3.235737	
1223	0.136375	-1.532635	3.242231	
1224	0.141838	-1.534974	3.249316	
1225	0.148429	-1.537168	3.255942	
1226	0.155361	-1.539381	3.262861	
1227	0.162734	-1.541337	3.271198	
1228	0.170774	-1.543289	3.278360	
1229	0.179901	-1.546601	3.285258	
1230	0.187608	-1.548787	3.294491	
1231	0.196086	-1.551517	3.301184	
1232	0.205867	-1.555717	3.308778	
1233	0.213963	-1.558804	3.314982	
1234	0.222676	-1.562877	3.320933	
1235	0.231245	-1.566689	3.327296	
1236	0.239096	-1.569969	3.331953	
1237	0.247202	-1.573608	3.336876	
1238	0.254988	-1.576615	3.342293	
1239	0.262595	-1.579733	3.348244	
1240	0.269545	-1.583376	3.353984	
1241	0.275376	-1.587626	3.359064	
1242	0.281490	-1.591317	3.365408	
1243	0.287299	-1.595449	3.369519	
1244	0.293200	-1.599252	3.374853	
1245	0.299063	-1.603021	3.380631	
1246	0.303948	-1.607202	3.384303	
1247	0.310792	-1.611513	3.391363	
1248	0.316145	-1.615747	3.396558	
1249	0.322302	-1.621166	3.401293	
1250	0.333724	-1.629044	3.408958	
1251	0.340057	-1.634238	3.414076	
1252	0.346297	-1.639364	3.419846	
1253	0.353670	-1.644508	3.425939	
1254	0.368111	-1.656138	3.439428	
1255	0.376168	-1.662270	3.446153	
1256	0.382056	-1.667377	3.452909	
1257	0.389339	-1.672331	3.459745	
1258	0.395832	-1.676714	3.466869	
1259	0.402687	-1.680177	3.474101	
1260	0.409278	-1.684791	3.478890	
1261	0.416346	-1.689135	3.484158	
1262	0.422641	-1.693090	3.489973	
1263	0.429433	-1.696830	3.494448	
1264	0.435717	-1.700061	3.498619	
1265	0.442667	-1.702593	3.503294	
1266	0.450605	-1.705092	3.507377	
1267	0.459355	-1.708414	3.510355	
1268	0.468383	-1.710555	3.514816	
1269	0.477223	-1.712876	3.518602	
1270	0.487130	-1.715218	3.521775	
1271	0.497494	-1.716718	3.525579	
1272	0.508001	-1.718327	3.529169	
1273	0.519681	-1.719958	3.531784	
1274	0.531540	-1.721481	3.534710	
1275	0.542229	-1.721697	3.538214	
1276	0.554568	-1.723660	3.539404	
1277	0.567598	-1.724351	3.541969	
1278	0.579479	-1.725110	3.544185	
1279	0.591683	-1.724778	3.546947	
1280	0.603802	-1.725374	3.549093	
1281	0.616119	-1.725806	3.551013	
1282	0.628221	-1.726211	3.552268	
1283	0.639780	-1.726953	3.553099	
1284	0.651845	-1.728965	3.553171	
1285	0.664809	-1.730072	3.554446	
1286	0.677927	-1.731582	3.555730	
1287	0.689906	-1.733270	3.556267	
1288	0.701579	-1.734455	3.556993	
1289	0.714713	-1.735129	3.558353	
1290	0.728692	-1.736435	3.558541	
1291	0.741968	-1.736156	3.560026	
1292	0.753804	-1.737276	3.559712	
1293	0.765773	-1.738292	3.560147	
1294	0.778228	-1.739442	3.560171	
1295	0.790374	-1.740474	3.561026	
1296	0.803351	-1.741876	3.560714	
1297	0.814876	-1.742096	3.561669	
1298	0.825093	-1.742660	3.562263	
1299	0.838903	-1.744215	3.562362	
1300	0.851369	-1.744946	3.563707	
1301	0.863357	-1.746082	3.565420	
1302	0.876179	-1.748688	3.566342	
1303	0.888825	-1.748496	3.570269	
1304	0.900371	-1.750808	3.572032	
1305	0.915564	-1.751079	3.576500	
1306	0.927006	-1.752841	3.579488	
1307	0.940541	-1.755028	3.583198	
1308	0.951570	-1.758121	3.587332	
1309	0.962148	-1.759915	3.593299	
1310	0.974749	-1.762335	3.598595	
1311	0.988628	-1.764282	3.604590	
1312	0.999256	-1.766239	3.611032	
1313	1.011065	-1.770106	3.615082	
1314	1.022789	-1.772996	3.620310	
1315	1.031874	-1.775222	3.625387	
1316	1.041853	-1.778399	3.628924	
1317	1.049845	-1.780495	3.633883	
1318	1.067131	-1.783885	3.643078	
1319	1.075953	-1.785137	3.646993	
1320	1.085399	-1.786104	3.651418	
1321	1.093113	-1.787655	3.654757	
1322	1.103823	-1.789205	3.657081	
1323	1.118686	-1.788508	3.660416	
1324	1.128086	-1.789384	3.662650	
1325	1.138311	-1.791525	3.663543	
1326	1.148963	-1.790883	3.666548	
1327	1.159050	-1.791882	3.667391	
1328	1.169661	-1.792866	3.667999	
1329	1.180943	-1.791785	3.668937	
1330	1.191983	-1.792112	3.668756	
1331	1.203392	-1.791488	3.667833	
1332	1.214741	-1.790836	3.666656	
1333	1.227645	-1.788033	3.667771	
1334	1.252540	-1.785593	3.662714	
1335	1.265730	-1.781922	3.662379	
1336	1.277933	-1.778952	3.661194	
1337	1.308098	-1.773814	3.658405	
1338	1.334728	-1.770231	3.652776	
1339	1.349578	-1.765959	3.650609	
1340	1.359996	-1.762480	3.648669	
1341	1.372817	-1.761352	3.643405	
1342	1.383488	-1.759596	3.639536	
1343	1.395379	-1.758614	3.634719	
1344	1.405756	-1.759083	3.629023	
1345	1.423642	-1.754367	3.625058	
1346	1.426025	-1.755828	3.620929	
1347	1.442608	-1.752596	3.615470	
1348	1.446681	-1.751714	3.612706	
1349	1.452995	-1.751822	3.607321	
1350	1.463225	-1.750491	3.602346	
1351	1.472980	-1.746664	3.599345	
1352	1.479000	-1.747772	3.593642	
1353	1.488553	-1.745916	3.588953	
1354	1.497850	-1.743337	3.585255	
1355	1.506157	-1.742579	3.579665	
1356	1.517207	-1.740042	3.574249	
1357	1.526601	-1.737636	3.570234	
1358	1.538269	-1.735544	3.564337	
1359	1.549451	-1.732409	3.560850	
1360	1.559375	-1.730112	3.557088	
1361	1.571594	-1.727860	3.553566	
1362	1.585178	-1.724738	3.549642	
1363	1.594996	-1.721009	3.548573	
1364	1.607037	-1.719556	3.544345	
1365	1.620680	-1.717134	3.540956	
1366	1.632823	-1.714171	3.538368	
1367	1.643210	-1.713089	3.534359	
1368	1.655925	-1.709715	3.530702	
1369	1.664784	-1.707829	3.527429	
1370	1.676605	-1.704877	3.523090	
1371	1.687150	-1.701169	3.520902	
1372	1.696775	-1.698471	3.517517	
1373	1.706409	-1.696084	3.513792	
1374	1.715136	-1.692821	3.510121	
1375	1.723464	-1.690099	3.506655	
1376	1.731534	-1.687505	3.502539	
1377	1.740345	-1.684417	3.497368	
1378	1.748806	-1.681488	3.492298	
1379	1.756219	-1.678363	3.487274	
1380	1.765124	-1.674659	3.481199	
1381	1.774059	-1.668611	3.477169	
1382	1.779456	-1.665155	3.472682	
1383	1.786062	-1.660824	3.466777	
1384	1.795998	-1.654221	3.459595	
1385	1.800515	-1.650673	3.453066	
1386	1.808359	-1.645385	3.445269	
1387	1.816418	-1.638870	3.436790	
1388	1.822460	-1.635030	3.427042	
1389	1.829585	-1.629494	3.418107	
1390	1.835510	-1.623529	3.411770	
1391	1.843445	-1.618492	3.402331	
1392	1.853741	-1.613165	3.391524	
1393	1.860385	-1.606827	3.385120	
1394	1.865410	-1.603063	3.377990	
1395	1.878995	-1.594902	3.363964	
1396	1.891507	-1.584992	3.348692	
1397	1.898526	-1.579997	3.341208	
1398	1.905314	-1.575021	3.333360	
1399	1.911101	-1.572500	3.324508	
1400	1.917705	-1.568224	3.317134	
1401	1.923607	-1.564652	3.310034	
1402	1.929962	-1.561725	3.301193	
1403	1.935670	-1.558590	3.292720	
1404	1.941076	-1.555604	3.283623	
1405	1.946467	-1.551320	3.276752	
1406	1.952502	-1.546208	3.271393	
1407	1.958227	-1.542328	3.263516	
1408	1.965414	-1.537213	3.255489	
1409	1.972343	-1.531314	3.249659	
1410	1.979665	-1.525780	3.241697	
1411	1.987726	-1.519626	3.233465	
1412	1.994967	-1.514024	3.225340	
1413	2.003610	-1.509169	3.215590	
1414	2.013937	-1.502126	3.208264	
1415	2.021488	-1.496445	3.201933	
1416	2.031517	-1.490709	3.195252	
1417	2.041702	-1.484120	3.189007	
1418	2.051688	-1.477254	3.183966	
1419	2.060862	-1.471502	3.178039	
1420	2.071886	-1.465394	3.170774	
1421	2.081735	-1.458915	3.164499	
1422	2.092567	-1.452968	3.157004	
1423	2.100276	-1.447514	3.152042	
1424	2.115410	-1.438592	3.138897	
1425	2.121866	-1.433670	3.134135	
1426	2.127936	-1.430278	3.128308	
1427	2.134159	-1.427364	3.120927	
1428	2.140357	-1.423357	3.113998	
1429	2.145607	-1.419229	3.108418	
1430	2.150642	-1.414634	3.104065	
1431	2.154945	-1.410952	3.099494	
1432	2.159966	-1.407611	3.091442	
1433	2.164990	-1.402899	3.085385	
1434	2.169170	-1.397398	3.080718	
1435	2.172843	-1.392356	3.075962	
1436	2.177107	-1.386722	3.070786	
1437	2.179309	-1.384109	3.062562	
1438	2.182464	-1.379653	3.055211	
1439	2.185324	-1.374099	3.050586	
1440	2.188222	-1.368927	3.044228	
1441	2.192578	-1.363067	3.034751	
1442	2.195324	-1.357838	3.027107	
1443	2.197912	-1.352990	3.019290	
1444	2.201761	-1.347360	3.008938	
1445	2.205154	-1.342654	2.997412	
1446	2.207576	-1.338203	2.990522	
1447	2.209735	-1.334554	2.979130	
1448	2.213762	-1.328695	2.965410	
1449	2.215309	-1.323915	2.961357	
1450	2.216232	-1.320608	2.953608	
1451	2.220854	-1.312321	2.942326	
1452	2.222713	-1.305777	2.934515	
1453	2.221152	-1.303617	2.925497	
1454	2.222814	-1.297176	2.914259	
1455	2.225151	-1.289076	2.905802	
1456	2.225873	-1.283502	2.898634	
1457	2.227640	-1.277922	2.888056	
1458	2.229017	-1.272150	2.879165	
1459	2.230908	-1.265664	2.870296	
1460	2.233340	-1.258431	2.865016	
1461	2.235054	-1.253601	2.854103	
1462	2.237358	-1.248632	2.843709	
1463	2.241117	-1.241230	2.839040	
1464	2.242857	-1.236880	2.827309	
1465	2.246702	-1.230399	2.818515	
1466	2.249744	-1.223824	2.813088	
1467	2.250823	-1.220530	2.801440	
1468	2.255774	-1.213442	2.789902	
1469	2.258501	-1.209306	2.779016	
1470	2.261323	-1.206190	2.767417	
1471	2.270261	-1.195606	2.751582	
1472	2.274004	-1.192225	2.742658	
1473	2.279232	-1.187796	2.736410	
1474	2.284293	-1.183975	2.725601	
1475	2.289807	-1.180217	2.716670	
1476	2.295605	-1.176715	2.707509	
1477	2.300840	-1.173040	2.696762	
1478	2.307108	-1.166365	2.687122	
1479	2.313214	-1.160773	2.680109	
1480	2.317501	-1.156456	2.670417	
1481	2.323020	-1.150032	2.661627	
1482	2.326615	-1.146081	2.654260	
1483	2.330398	-1.141507	2.646549	
1484	2.334292	-1.135908	2.636547	
1485	2.338070	-1.129757	2.631349	
1486	2.341131	-1.125588	2.622760	
1487	2.343428	-1.120311	2.613863	
1488	2.346583	-1.114671	2.607896	
1489	2.347634	-1.111202	2.598723	
1490	2.349903	-1.105434	2.588467	
1491	2.350774	-1.100325	2.579850	
1492	2.351422	-1.095318	2.569618	
1493	2.353442	-1.084351	2.551785	
1494	2.353715	-1.080164	2.541253	
1495	2.354116	-1.074000	2.531906	
1496	2.354192	-1.067695	2.526931	
1497	2.354204	-1.061696	2.519032	
1498	2.351962	-1.058537	2.504775	
1499	2.351799	-1.050299	2.497694	
1500	2.351124	-1.042937	2.491671	
1501	2.350517	-1.034346	2.482382	
1502	2.350437	-1.025860	2.473901	
1503	2.348956	-1.019589	2.464747	
1504	2.347512	-1.013464	2.453190	
1505	2.346420	-1.008130	2.440840	
1506	2.344873	-1.003868	2.427516	
1507	2.343762	-0.998343	2.416256	
1508	2.343184	-0.992300	2.405329	
1509	2.342742	-0.986208	2.395707	
1510	2.341017	-0.981080	2.383810	
1511	2.340754	-0.974734	2.373859	
1512	2.339794	-0.968844	2.364691	
1513	2.337489	-0.965469	2.354651	
1514	2.336746	-0.959258	2.346097	
1515	2.335816	-0.953763	2.338466	
1516	2.333431	-0.951248	2.328786	
1517	2.331566	-0.946523	2.321254	
1518	2.329873	-0.943011	2.314251	
1519	2.328159	-0.939368	2.307438	
1520	2.327335	-0.933958	2.301269	
1521	2.326102	-0.930635	2.295269	
1522	2.325696	-0.927517	2.289929	
1523	2.326071	-0.923090	2.284626	
1524	2.326516	-0.919138	2.279869	
1525	2.326562	-0.916804	2.273160	
1526	2.325965	-0.914596	2.264408	
1527	2.327134	-0.911324	2.258128	
1528	2.327474	-0.908862	2.249904	
1529	2.328865	-0.904704	2.242104	
1530	2.331368	-0.899669	2.234052	
1531	2.334645	-0.893458	2.226205	
1532	2.338664	-0.887041	2.217525	
1533	2.342165	-0.881189	2.208623	
1534	2.344701	-0.876709	2.198397	
1535	2.348347	-0.871934	2.189320	
1536	2.352401	-0.864931	2.179324	
1537	2.356025	-0.860666	2.170125	
1538	2.359884	-0.855673	2.160689	
1539	2.363681	-0.850943	2.151847	
1540	2.367407	-0.846366	2.143487	
1541	2.370663	-0.841272	2.132435	
1542	2.375383	-0.836140	2.125647	
1543	2.378791	-0.831978	2.117744	
1544	2.381728	-0.829614	2.108745	
1545	2.385830	-0.823548	2.101460	
1546	2.389136	-0.818835	2.094306	
1547	2.392204	-0.815113	2.085793	
1548	2.395327	-0.809832	2.078157	
1549	2.397879	-0.805020	2.069955	
1550	2.401245	-0.799722	2.062001	
1551	2.403673	-0.794301	2.052980	
1552	2.405687	-0.789565	2.044533	
1553	2.407152	-0.785661	2.035851	
1554	2.409096	-0.780542	2.027989	
1555	2.409718	-0.776784	2.018896	
1556	2.411627	-0.770773	2.011114	
1557	2.412110	-0.765970	2.002367	
1558	2.412621	-0.762652	1.994263	
1559	2.413028	-0.757643	1.985625	
1560	2.414747	-0.750638	1.977661	
1561	2.415427	-0.745347	1.969205	
1562	2.415181	-0.740452	1.957968	
1563	2.414935	-0.735440	1.948816	
1564	2.415280	-0.723353	1.928258	
1565	2.415817	-0.717956	1.918749	
1566	2.416820	-0.712137	1.909244	
1567	2.418677	-0.704262	1.898605	
1568	2.421014	-0.698666	1.889045	
1569	2.423992	-0.690432	1.879143	
1570	2.426170	-0.685454	1.870387	
1571	2.427752	-0.682754	1.860604	
1572	2.430547	-0.676991	1.851300	
1573	2.431551	-0.673525	1.842178	
1574	2.433315	-0.670598	1.834334	
1575	2.436075	-0.665759	1.826602	
1576	2.436802	-0.664177	1.816844	
1577	2.439384	-0.660456	1.808477	
1578	2.441926	-0.658040	1.801559	
1579	2.446480	-0.653168	1.783987	
1580	2.448537	-0.649876	1.774305	
1581	2.451128	-0.647295	1.766688	
1582	2.454752	-0.643978	1.758856	
1583	2.458664	-0.639488	1.748934	
1584	2.462111	-0.635795	1.739368	
1585	2.465404	-0.632936	1.729222	
1586	2.469240	-0.628362	1.718838	
1587	2.472648	-0.624790	1.708009	
1588	2.476631	-0.619826	1.697801	
1589	2.481702	-0.613755	1.687732	
1590	2.485612	-0.610076	1.676836	
1591	2.489688	-0.606571	1.666174	
1592	2.493659	-0.602314	1.654703	
1593	2.498036	-0.599342	1.645726	
1594	2.501924	-0.595093	1.635406	
1595	2.506944	-0.589301	1.624846	
1596	2.511709	-0.582620	1.616421	
1597	2.515945	-0.577699	1.606429	
1598	2.521220	-0.570486	1.598627	
1599	2.524757	-0.564289	1.589308	
1600	2.529043	-0.557741	1.581333	
1601	2.532293	-0.551842	1.573124	
1602	2.535062	-0.545900	1.566260	
1603	2.538165	-0.539639	1.558466	
1604	2.539741	-0.533407	1.551210	
1605	2.542096	-0.527752	1.546034	
1606	2.543771	-0.521204	1.540052	
1607	2.544058	-0.515687	1.533788	
1608	2.544999	-0.511446	1.527940	
1609	2.545611	-0.504811	1.521392	
1610	2.544983	-0.500740	1.514925	
1611	2.545243	-0.495540	1.508989	
1612	2.544002	-0.491173	1.502429	
1613	2.542024	-0.486187	1.495409	
1614	2.538684	-0.473926	1.480190	
1615	2.535453	-0.468294	1.470411	
1616	2.532418	-0.462873	1.462539	
1617	2.529383	-0.456815	1.453619	
1618	2.526514	-0.450234	1.445453	
1619	2.522319	-0.444314	1.436378	
1620	2.518494	-0.437472	1.427726	
1621	2.514692	-0.431728	1.419052	
1622	2.509804	-0.427348	1.410782	
1623	2.504743	-0.423143	1.402012	
1624	2.500729	-0.418100	1.394001	
1625	2.496709	-0.412082	1.386008	
1626	2.492203	-0.408578	1.378842	
1627	2.486536	-0.405881	1.370799	
1628	2.480913	-0.403401	1.363356	
1629	2.475036	-0.401630	1.355537	
1630	2.469445	-0.399062	1.348490	
1631	2.465018	-0.397193	1.341218	
1632	2.460889	-0.394562	1.332954	
1633	2.457088	-0.392445	1.324785	
1634	2.453156	-0.389544	1.316435	
1635	2.450118	-0.387682	1.309505	
1636	2.445870	-0.386322	1.302268	
1637	2.442358	-0.382394	1.296327	
1638	2.438432	-0.381754	1.290192	
1639	2.434494	-0.378814	1.285019	
1640	2.430243	-0.377063	1.279531	
1641	2.425233	-0.375527	1.274600	
1642	2.421118	-0.372855	1.270012	
1643	2.418157	-0.370716	1.266825	
1644	2.412716	-0.369999	1.262542	
1645	2.409371	-0.368094	1.259885	
1646	2.405575	-0.367724	1.258100	
1647	2.400339	-0.365961	1.254440	
1648	2.398143	-0.362302	1.254865	
1649	2.394645	-0.357963	1.253956	
1650	2.390437	-0.356845	1.252916	
1651	2.386160	-0.354473	1.251068	
1652	2.379313	-0.352420	1.246808	
1653	2.374545	-0.350091	1.244593	
1654	2.370424	-0.347569	1.243589	
1655	2.364449	-0.345879	1.241296	
1656	2.358652	-0.343962	1.239058	
1657	2.352524	-0.340265	1.237614	
1658	2.345846	-0.339423	1.235889	
1659	2.338711	-0.337425	1.233890	
1660	2.331676	-0.336026	1.232256	
1661	2.322577	-0.334599	1.229258	
1662	2.313714	-0.333620	1.226753	
1663	2.305827	-0.332002	1.225395	
1664	2.294778	-0.331254	1.221691	
1665	2.285812	-0.330351	1.219594	
1666	2.278256	-0.328722	1.218202	
1667	2.268524	-0.329294	1.215809	
1668	2.256707	-0.329714	1.210953	
1669	2.248659	-0.329488	1.209137	
1670	2.238985	-0.328799	1.206518	
1671	2.226508	-0.327784	1.202836	
1672	2.216214	-0.327476	1.201012	
1673	2.206046	-0.328092	1.200742	
1674	2.192839	-0.327778	1.198473	
1675	2.181135	-0.326826	1.196467	
1676	2.170577	-0.326066	1.195642	
1677	2.158442	-0.325734	1.194312	
1678	2.146965	-0.323886	1.192718	
1679	2.137863	-0.323022	1.193479	
1680	2.127985	-0.322237	1.193654	
1681	2.118095	-0.320730	1.192939	
1682	2.109025	-0.320577	1.192816	
1683	2.100613	-0.318513	1.192531	
1684	2.092813	-0.316772	1.192449	
1685	2.084860	-0.316122	1.192061	
1686	2.077341	-0.314951	1.190506	
1687	2.070889	-0.312788	1.189977	
1688	2.056461	-0.310697	1.187789	
1689	2.050218	-0.308959	1.187417	
1690	2.043453	-0.307136	1.185821	
1691	2.036798	-0.305372	1.184147	
1692	2.029716	-0.302264	1.182038	
1693	2.023929	-0.298435	1.180500	
1694	2.016896	-0.294072	1.177996	
1695	2.009461	-0.290459	1.175094	
1696	2.002846	-0.287046	1.172038	
1697	1.997096	-0.281562	1.169470	
1698	1.990607	-0.277888	1.165395	
1699	1.984761	-0.273669	1.161628	
1700	1.979277	-0.269094	1.158211	
1701	1.974249	-0.264493	1.154894	
1702	1.968209	-0.260259	1.150568	
1703	1.963369	-0.255671	1.147157	
1704	1.957387	-0.252192	1.141660	
1705	1.951520	-0.248333	1.136345	
1706	1.947520	-0.244190	1.132497	
1707	1.941717	-0.240992	1.127103	
1708	1.936243	-0.236838	1.122080	
1709	1.931727	-0.233569	1.118167	
1710	1.924562	-0.230783	1.113129	
1711	1.918239	-0.226599	1.108530	
1712	1.913363	-0.222942	1.105370	
1713	1.906980	-0.221272	1.101387	
1714	1.899672	-0.217292	1.096703	
1715	1.892887	-0.214397	1.092852	
1716	1.884785	-0.212032	1.088009	
1717	1.877369	-0.208825	1.083861	
1718	1.868862	-0.206031	1.078754	
1719	1.860154	-0.203205	1.074243	
1720	1.851439	-0.199822	1.069880	
1721	1.842319	-0.197708	1.065272	
1722	1.833312	-0.195179	1.061680	
1723	1.822994	-0.192445	1.057364	
1724	1.813046	-0.190307	1.053495	
1725	1.801171	-0.188502	1.048947	
1726	1.790367	-0.186066	1.045220	
1727	1.781621	-0.184660	1.042190	
1728	1.771622	-0.182754	1.038919	
1729	1.753943	-0.178527	1.033780	
1730	1.745406	-0.177074	1.031923	
1731	1.736627	-0.175054	1.029949	
1732	1.728849	-0.173789	1.028311	
1733	1.720964	-0.172624	1.026858	
1734	1.713586	-0.171552	1.025822	
1735	1.707066	-0.168991	1.024561	
1736	1.700548	-0.167690	1.023447	
1737	1.693407	-0.167302	1.021391	
1738	1.687421	-0.166111	1.019616	
1739	1.681207	-0.165597	1.018164	
1740	1.675658	-0.164627	1.016791	
1741	1.669333	-0.163391	1.015705	
1742	1.664997	-0.162012	1.014868	
1743	1.658635	-0.160131	1.013089	
1744	1.654327	-0.158938	1.012310	
1745	1.648546	-0.157681	1.009775	
1746	1.643700	-0.157096	1.007882	
1747	1.637282	-0.155237	1.005054	
1748	1.633198	-0.155570	1.003092	
1749	1.627257	-0.154426	0.999878	
1750	1.621287	-0.151705	0.996416	
1751	1.615801	-0.149564	0.993024	
1752	1.610485	-0.148180	0.989718	
1753	1.604168	-0.144897	0.985611	
1754	1.598030	-0.141183	0.981548	
1755	1.591467	-0.139070	0.976358	
1756	1.585514	-0.134297	0.971473	
1757	1.579813	-0.130877	0.966586	
1758	1.566210	-0.123814	0.954567	
1759	1.560461	-0.120463	0.948809	
1760	1.554244	-0.117047	0.942942	
1761	1.547127	-0.113314	0.936153	
1762	1.542167	-0.110789	0.930429	
1763	1.535364	-0.107386	0.923895	
1764	1.530242	-0.102476	0.918715	
1765	1.525163	-0.098976	0.912939	
1766	1.511933	-0.092143	0.900927	
1767	1.505779	-0.089113	0.894900	
1768	1.499463	-0.084087	0.889530	
1769	1.493726	-0.080262	0.884093	
1770	1.488425	-0.078217	0.878692	
1771	1.483614	-0.074507	0.873677	
1772	1.479178	-0.070364	0.869454	
1773	1.474334	-0.068526	0.864898	
1774	1.470448	-0.068180	0.860646	
1775	1.465449	-0.066304	0.857092	
1776	1.454113	-0.068995	0.847555	
1777	1.448842	-0.070625	0.842948	
1778	1.443023	-0.072891	0.838397	
1779	1.436729	-0.077298	0.833189	
1780	1.430342	-0.079863	0.828394	
1781	1.415723	-0.086818	0.817811	
1782	1.409179	-0.088588	0.813340	
1783	1.401587	-0.090331	0.809007	
1784	1.394382	-0.090819	0.805273	
1785	1.386955	-0.091025	0.801626	
1786	1.379257	-0.091989	0.797719	
1787	1.372764	-0.093201	0.794241	
1788	1.365571	-0.092918	0.790889	
1789	1.352516	-0.092535	0.785606	
1790	1.345714	-0.093044	0.782725	
1791	1.339470	-0.093337	0.780046	
1792	1.332914	-0.092645	0.777644	
1793	1.327399	-0.093658	0.774611	
1794	1.321600	-0.092573	0.772135	
1795	1.316887	-0.092733	0.769402	
1796	1.310192	-0.092746	0.766445	
1797	1.304437	-0.092101	0.764072	
1798	1.298629	-0.091321	0.761335	
1799	1.293190	-0.091071	0.758788	
1800	1.288029	-0.088839	0.756492	
1801	1.283369	-0.087584	0.753160	
1802	1.277952	-0.086298	0.749757	
1803	1.271482	-0.085509	0.746372	
1804	1.268453	-0.084962	0.743391	
1805	1.264613	-0.082253	0.741539	
1806	1.260411	-0.080375	0.739912	
1807	1.256389	-0.079827	0.737262	
1808	1.252551	-0.077741	0.734876	
1809	1.249427	-0.074833	0.732880	
1810	1.245842	-0.073486	0.729364	
1811	1.241935	-0.069829	0.726133	
1812	1.238350	-0.066566	0.722847	
1813	1.234117	-0.063482	0.717812	
1814	1.228823	-0.060690	0.712245	
1815	1.225312	-0.056209	0.707609	
1816	1.223001	-0.054277	0.701334	
1817	1.218462	-0.048743	0.695586	
1818	1.215741	-0.043981	0.690630	
1819	1.214528	-0.043727	0.683992	
1820	1.210983	-0.038909	0.678608	
1821	1.205991	-0.033358	0.674351	
1822	1.203602	-0.030878	0.668749	
1823	1.200478	-0.028357	0.663725	
1824	1.197037	-0.025494	0.658975	
1825	1.193167	-0.024488	0.653358	
1826	1.188720	-0.023060	0.648403	
1827	1.185631	-0.019948	0.644230	
1828	1.181170	-0.020161	0.638568	
1829	1.176363	-0.016984	0.635329	
1830	1.171227	-0.015749	0.631309	
1831	1.166210	-0.017018	0.626188	
1832	1.159018	-0.016369	0.622037	
1833	1.151509	-0.014222	0.618696	
1834	1.143977	-0.014531	0.613909	
1835	1.135747	-0.016013	0.609027	
1836	1.127648	-0.015774	0.605116	
1837	1.121936	-0.016905	0.600933	
1838	1.112065	-0.018370	0.596891	
1839	1.102302	-0.021105	0.593169	
1840	1.095051	-0.023067	0.590590	
1841	1.085409	-0.029275	0.586848	
1842	1.073989	-0.034575	0.584180	
1843	1.064772	-0.038787	0.582902	
1844	1.055327	-0.040678	0.582838	
1845	1.042797	-0.044561	0.582950	
1846	1.032095	-0.049469	0.582729	
1847	1.022435	-0.052039	0.583383	
1848	1.010873	-0.055827	0.584367	
1849	1.002179	-0.057312	0.585479	
1850	0.991729	-0.060124	0.586845	
1851	0.980211	-0.063426	0.588859	
1852	0.969893	-0.068038	0.590144	
1853	0.958767	-0.069322	0.591785	
1854	0.947737	-0.074739	0.592939	
1855	0.938165	-0.078341	0.593503	
1856	0.927306	-0.081064	0.595825	
1857	0.918033	-0.082424	0.597949	
1858	0.908933	-0.085487	0.599911	
1859	0.899691	-0.088887	0.601835	
1860	0.890548	-0.091710	0.603962	
1861	0.883594	-0.092579	0.606145	
1862	0.875319	-0.093793	0.609789	
1863	0.868597	-0.095595	0.611946	
1864	0.861295	-0.097252	0.614502	
1865	0.853871	-0.098342	0.617783	
1866	0.846626	-0.100245	0.620973	
1867	0.839729	-0.103615	0.623896	
1868	0.831257	-0.100588	0.627879	
1869	0.826073	-0.102460	0.631656	
1870	0.821721	-0.107818	0.633417	
1871	0.814226	-0.107999	0.636327	
1872	0.805615	-0.109049	0.640388	
1873	0.801539	-0.114427	0.641829	
1874	0.796773	-0.115160	0.643602	
1875	0.788659	-0.115888	0.647111	
1876	0.784785	-0.120705	0.649003	
1877	0.779680	-0.120604	0.651433	
1878	0.772995	-0.121633	0.654763	
1879	0.767947	-0.120827	0.657264	
1880	0.763488	-0.123366	0.659743	
1881	0.758058	-0.124920	0.663171	
1882	0.753458	-0.125013	0.666728	
1883	0.749609	-0.124996	0.670099	
1884	0.742095	-0.127857	0.677445	
1885	0.737122	-0.128106	0.680987	
1886	0.731979	-0.126698	0.685563	
1887	0.727972	-0.128309	0.689548	
1888	0.723767	-0.125545	0.693269	
1889	0.719440	-0.125015	0.697885	
1890	0.717677	-0.124884	0.702836	
1891	0.715206	-0.127790	0.707607	
1892	0.711404	-0.125625	0.713549	
1893	0.708955	-0.124177	0.720248	
1894	0.705446	-0.125186	0.727451	
1895	0.702657	-0.123514	0.735813	
1896	0.700618	-0.122705	0.744193	
1897	0.697967	-0.124098	0.752601	
1898	0.695342	-0.122253	0.761455	
1899	0.693604	-0.122496	0.769976	
1900	0.691045	-0.123956	0.777733	
1901	0.689150	-0.125759	0.785315	
1902	0.684567	-0.123444	0.792850	
1903	0.682971	-0.127427	0.800379	
1904	0.678858	-0.127032	0.807901	
1905	0.675883	-0.128102	0.816378	
1906	0.673333	-0.132734	0.824304	
1907	0.669482	-0.135000	0.831533	
1908	0.666073	-0.136985	0.840070	
1909	0.663502	-0.142272	0.847795	
1910	0.660611	-0.146180	0.854813	
1911	0.658112	-0.148744	0.863632	
1912	0.655253	-0.151883	0.871417	
1913	0.651785	-0.155413	0.877774	
1914	0.650005	-0.156931	0.886471	
1915	0.649306	-0.160311	0.893923	
1916	0.648023	-0.163837	0.900518	
1917	0.647038	-0.165510	0.907944	
1918	0.646818	-0.167873	0.915118	
1919	0.646305	-0.170269	0.920838	
1920	0.646115	-0.172277	0.927270	
1921	0.646142	-0.174353	0.933401	
1922	0.647162	-0.176555	0.938982	
1923	0.649346	-0.179575	0.945044	
1924	0.650661	-0.182340	0.950711	
1925	0.651853	-0.185302	0.955598	
1926	0.652853	-0.187931	0.960472	
1927	0.654099	-0.189674	0.965899	
1928	0.655807	-0.191897	0.971330	
1929	0.656544	-0.194166	0.976308	
1930	0.657823	-0.195163	0.982690	
1931	0.658058	-0.197816	0.988122	
1932	0.658875	-0.199137	0.993499	
1933	0.661678	-0.201268	0.999722	
1934	0.662882	-0.203488	1.004443	
1935	0.663255	-0.203734	1.009076	
1936	0.664865	-0.204250	1.014704	
1937	0.665581	-0.205005	1.019204	
1938	0.667356	-0.203846	1.029839	
1939	0.667947	-0.203936	1.034083	
1940	0.668528	-0.203117	1.038398	
1941	0.669888	-0.200389	1.049019	
1942	0.669911	-0.198534	1.053678	
1943	0.670427	-0.195798	1.059605	
1944	0.672338	-0.194296	1.064998	
1945	0.672383	-0.191659	1.070836	
1946	0.672369	-0.188803	1.076744	
1947	0.672614	-0.186577	1.082438	
1948	0.670798	-0.179261	1.100507	
1949	0.670596	-0.176866	1.107251	
1950	0.670955	-0.175706	1.114118	
1951	0.671103	-0.173961	1.128363	
1952	0.670928	-0.173497	1.135595	
1953	0.669450	-0.172580	1.142688	
1954	0.669068	-0.172552	1.149271	
1955	0.669401	-0.173148	1.155683	
1956	0.669872	-0.172797	1.162309	
1957	0.669159	-0.173890	1.173290	
1958	0.669144	-0.174617	1.178884	
1959	0.668890	-0.175297	1.183964	
1960	0.669810	-0.175371	1.189646	
1961	0.670268	-0.175616	1.195285	
1962	0.670625	-0.176191	1.200369	
1963	0.670693	-0.176719	1.205266	
1964	0.671869	-0.176385	1.210424	
1965	0.672852	-0.176507	1.215306	
1966	0.673337	-0.177355	1.219633	
1967	0.673712	-0.176824	1.224294	
1968	0.673269	-0.176822	1.228264	
1969	0.673771	-0.176309	1.231934	
1970	0.673515	-0.175088	1.236260	
1971	0.674166	-0.173718	1.239991	
1972	0.674572	-0.172441	1.243167	
1973	0.674141	-0.170815	1.246407	
1974	0.675897	-0.169929	1.249445	
1975	0.675908	-0.168586	1.251792	
1976	0.674386	-0.167712	1.253939	
1977	0.673806	-0.166848	1.255657	
1978	0.673524	-0.166099	1.257842	
1979	0.673058	-0.165831	1.259379	
1980	0.671441	-0.164601	1.260821	
1981	0.670061	-0.163245	1.262661	
1982	0.668813	-0.162394	1.264390	
1983	0.664959	-0.161399	1.267163	
1984	0.662832	-0.159181	1.269238	
1985	0.660772	-0.156424	1.271128	
1986	0.657801	-0.153732	1.273082	
1987	0.654489	-0.151428	1.274163	
1988	0.650602	-0.148363	1.275414	
1989	0.647216	-0.146380	1.276566	
1990	0.643775	-0.145352	1.277296	
1991	0.640320	-0.144394	1.277980	
1992	0.637949	-0.143450	1.278983	
1993	0.635071	-0.143775	1.279729	
1994	0.632298	-0.143384	1.280795	
1995	0.630446	-0.142712	1.282180	
1996	0.628293	-0.142353	1.283712	
1997	0.625128	-0.141472	1.285184	
1998	0.621819	-0.140480	1.286685	
1999	0.617863	-0.140077	1.287543	
2000	0.613520	-0.139381	1.288496	
2001	0.609144	-0.140226	1.288615	
2002	0.604524	-0.139326	1.289041	
2003	0.600133	-0.139264	1.289614	
2004	0.596376	-0.139100	1.290101	
2005	0.592207	-0.138762	1.290658	
2006	0.588176	-0.138216	1.291404	
2007	0.584181	-0.139143	1.291384	
2008	0.579457	-0.139233	1.291235	
2009	0.574106	-0.139224	1.290595	
2010	0.569274	-0.138688	1.290088	
2011	0.563936	-0.137874	1.289692	
2012	0.558413	-0.137368	1.288970	
2013	0.552914	-0.138444	1.287357	
2014	0.547653	-0.137168	1.286309	
2015	0.542711	-0.136204	1.285422	
2016	0.538812	-0.135165	1.284737	
2017	0.535028	-0.132923	1.284615	
2018	0.530788	-0.133489	1.283250	
2019	0.527955	-0.132144	1.282963	
2020	0.524549	-0.131944	1.282599	
2021	0.521746	-0.131564	1.281984	
2022	0.518852	-0.130567	1.281460	
2023	0.513555	-0.130625	1.280194	
2024	0.511304	-0.130025	1.279661	
2025	0.508831	-0.130020	1.279217	
2026	0.505816	-0.130271	1.277944	
2027	0.503391	-0.128408	1.277867	
2028	0.500858	-0.129016	1.277193	
2029	0.498556	-0.127607	1.276386	
2030	0.496243	-0.127398	1.275990	
2031	0.493479	-0.126696	1.275039	
2032	0.490575	-0.125960	1.274144	
2033	0.487621	-0.125816	1.273216	
2034	0.483744	-0.125070	1.271451	
2035	0.480735	-0.124456	1.270514	
2036	0.476844	-0.123837	1.268681	
2037	0.473269	-0.123181	1.267165	
2038	0.469289	-0.122690	1.264857	
2039	0.465870	-0.122630	1.263433	
2040	0.462172	-0.121617	1.261237	
2041	0.459118	-0.121312	1.259471	
2042	0.456110	-0.121060	1.257642	
2043	0.453341	-0.120140	1.256073	
2044	0.446179	-0.118337	1.249929	
2045	0.439434	-0.115173	1.244166	
2046	0.435203	-0.113902	1.240257	
2047	0.432799	-0.112502	1.237752	
2048	0.429100	-0.111341	1.233880	
2049	0.425882	-0.108864	1.230792	
2050	0.422406	-0.108496	1.227351	
2051	0.419219	-0.107120	1.224333	
2052	0.416681	-0.105440	1.222176	
2053	0.413433	-0.104833	1.218872	
2054	0.410938	-0.102992	1.216659	
2055	0.407499	-0.102063	1.213463	
2056	0.404010	-0.101140	1.210283	
2057	0.398251	-0.097902	1.204924	
2058	0.395136	-0.097351	1.201776	
2059	0.392279	-0.095695	1.199401	
2060	0.389341	-0.094281	1.196488	
2061	0.386292	-0.091914	1.193718	
2062	0.381025	-0.087770	1.188941	
2063	0.378878	-0.085439	1.186731	
2064	0.374484	-0.079796	1.182257	
2065	0.372628	-0.077837	1.180492	
2066	0.370635	-0.076063	1.178146	
2067	0.369356	-0.073769	1.176706	
2068	0.367633	-0.073066	1.174297	
2069	0.365598	-0.072021	1.171771	
2070	0.361945	-0.070756	1.167316	
2071	0.360558	-0.070671	1.165218	
2072	0.358655	-0.069621	1.162612	
2073	0.356544	-0.070460	1.159386	
2074	0.354892	-0.070639	1.156156	
2075	0.353988	-0.069600	1.153678	
2076	0.351904	-0.069938	1.149571	
2077	0.351089	-0.068765	1.146201	
2078	0.350173	-0.068215	1.142792	
2079	0.349238	-0.068598	1.138895	
2080	0.348458	-0.067698	1.135033	
2081	0.348013	-0.066193	1.131283	
2082	0.346873	-0.065673	1.126603	
2083	0.346660	-0.064302	1.122195	
2084	0.345947	-0.063057	1.117189	
2085	0.345315	-0.061373	1.111657	
2086	0.345653	-0.059804	1.106850	
2087	0.345293	-0.059682	1.101224	
2088	0.346033	-0.058188	1.095567	
2089	0.346444	-0.056211	1.089329	
2090	0.347304	-0.055190	1.083478	
2091	0.348948	-0.052714	1.078290	
2092	0.352654	-0.048653	1.073056	
2093	0.351609	-0.047877	1.066623	
2094	0.352468	-0.044344	1.061294	
2095	0.356675	-0.042840	1.055171	
2096	0.353859	-0.042208	1.048506	
2097	0.354969	-0.039038	1.042617	
2098	0.355721	-0.038046	1.035007	
2099	0.354926	-0.035911	1.027073	
2100	0.355583	-0.032898	1.019655	
2101	0.355481	-0.032156	1.011465	
2102	0.355374	-0.029881	1.004151	
2103	0.354547	-0.027579	0.997033	
2104	0.354184	-0.026643	0.990406	
2105	0.353358	-0.026676	0.983704	
2106	0.351625	-0.026565	0.976995	
2107	0.350503	-0.027199	0.970933	
2108	0.347815	-0.028556	0.964812	
2109	0.346115	-0.028619	0.960168	
2110	0.342927	-0.029887	0.954279	
2111	0.339703	-0.029387	0.949212	
2112	0.336598	-0.028736	0.944273	
2113	0.332754	-0.029917	0.938701	
2114	0.329322	-0.028653	0.934037	
2115	0.326487	-0.027283	0.930078	
2116	0.323423	-0.027862	0.925630	
2117	0.319332	-0.026335	0.921121	
2118	0.317185	-0.024648	0.917570	
2119	0.313541	-0.024683	0.912505	
2120	0.310838	-0.023724	0.907712	
2121	0.309718	-0.021899	0.903583	
2122	0.305100	-0.024497	0.891417	
2123	0.304530	-0.022143	0.886160	
2124	0.300940	-0.025126	0.871893	
2125	0.301996	-0.021808	0.866330	
2126	0.299922	-0.024546	0.858201	
2127	0.299125	-0.023392	0.850736	
2128	0.299766	-0.020856	0.844546	
2129	0.299725	-0.022038	0.836702	
2130	0.299726	-0.024770	0.828486	
2131	0.298932	-0.021903	0.821020	
2132	0.299255	-0.022176	0.813006	
2133	0.298493	-0.020831	0.797925	
2134	0.299379	-0.022645	0.782742	
2135	0.298327	-0.019123	0.776438	
2136	0.299222	-0.018407	0.770363	
2137	0.299218	-0.020749	0.763637	
2138	0.300024	-0.019058	0.758335	
2139	0.300688	-0.016812	0.752687	
2140	0.301935	-0.018194	0.746607	
2141	0.301664	-0.017561	0.740300	
2142	0.302642	-0.015059	0.734287	
2143	0.303429	-0.012683	0.728446	
2144	0.305831	-0.013248	0.722289	
2145	0.306793	-0.011886	0.716305	
2146	0.307392	-0.009124	0.709883	
2147	0.307788	-0.009905	0.703110	
2148	0.310167	-0.008770	0.696627	
2149	0.315842	-0.003001	0.685882	
2150	0.318974	-0.002809	0.679184	
2151	0.320442	-0.000878	0.672423	
2152	0.325401	0.001783	0.656708	
2153	0.326962	0.003393	0.648381	
2154	0.326826	0.006045	0.640481	
2155	0.329020	0.008885	0.632087	
2156	0.329493	0.009418	0.622492	
2157	0.331062	0.012812	0.614083	
2158	0.332475	0.016343	0.605031	
2159	0.333445	0.016968	0.593421	
2160	0.334574	0.017979	0.582786	
2161	0.340028	0.024113	0.561709	
2162	0.339759	0.026177	0.551238	
2163	0.340566	0.029432	0.541131	
2164	0.340898	0.031669	0.529338	
2165	0.340110	0.032694	0.516314	
2166	0.340297	0.034737	0.505705	
2167	0.340504	0.039136	0.495604	
2168	0.341417	0.039143	0.482845	
2169	0.339131	0.040121	0.470258	
2170	0.338684	0.041991	0.460368	
2171	0.337348	0.043687	0.449669	
2172	0.336158	0.044557	0.438963	
2173	0.336009	0.047495	0.430290	
2174	0.334705	0.050555	0.421948	
2175	0.333903	0.051526	0.412721	
2176	0.331792	0.052705	0.404243	
2177	0.331076	0.055321	0.397571	
2178	0.331379	0.057368	0.390512	
2179	0.331531	0.057140	0.382456	
2180	0.326713	0.060492	0.370436	
2181	0.324082	0.061481	0.364234	
2182	0.320557	0.062374	0.358750	
2183	0.312117	0.063766	0.353174	
2184	0.310101	0.065295	0.347276	
2185	0.304470	0.065391	0.340786	
2186	0.298620	0.066157	0.336108	
2187	0.292877	0.067389	0.330946	
2188	0.285098	0.067944	0.324596	
2189	0.278138	0.069682	0.319713	
2190	0.269999	0.071533	0.314659	
2191	0.261268	0.072657	0.307809	
2192	0.252615	0.073338	0.300539	
2193	0.244140	0.074486	0.295121	
2194	0.234580	0.076695	0.289341	
2195	0.226175	0.077300	0.282604	
2196	0.215489	0.077625	0.275751	
2197	0.206838	0.079089	0.270013	
2198	0.198958	0.080436	0.263565	
2199	0.190249	0.080081	0.256874	
2200	0.181554	0.080929	0.251148	
2201	0.174736	0.082338	0.245326	
2202	0.167266	0.083649	0.239075	
2203	0.158528	0.083191	0.233220	
2204	0.151187	0.083730	0.228275	
2205	0.142776	0.085152	0.223305	
2206	0.134350	0.085389	0.217789	
2207	0.126844	0.085735	0.212265	
2208	0.119450	0.085778	0.206692	
2209	0.113156	0.086556	0.200928	
2210	0.106098	0.086672	0.194897	
2211	0.099009	0.086570	0.189469	
2212	0.091322	0.086833	0.184318	
2213	0.084760	0.087740	0.179106	
2214	0.068008	0.090210	0.169820	
2215	0.059883	0.090671	0.163962	
2216	0.051570	0.091659	0.158361	
2217	0.043728	0.092196	0.152462	
2218	0.035477	0.092688	0.145552	
2219	0.026489	0.092741	0.139047	
2220	0.019288	0.093884	0.132685	
2221	0.011608	0.094510	0.125154	
2222	0.001176	0.095773	0.117882	
2223	-0.007321	0.098384	0.111684	
2224	-0.015304	0.100718	0.104142	
2225	-0.026013	0.102429	0.096440	
2226	-0.034287	0.104739	0.090220	
2227	-0.042575	0.108799	0.083995	
2228	-0.052114	0.111087	0.077176	
2229	-0.061452	0.114500	0.071462	
2230	-0.068051	0.118959	0.065938	
2231	-0.076934	0.122126	0.059807	
2232	-0.086362	0.126155	0.054348	
2233	-0.093987	0.129875	0.049136	
2234	-0.101421	0.135088	0.043661	
2235	-0.119611	0.144173	0.033970	
2236	-0.124149	0.149625	0.029846	
2237	-0.133470	0.153337	0.024036	
2238	-0.141323	0.157062	0.020164	
2239	-0.146980	0.159838	0.016751	
2240	-0.152812	0.161935	0.013426	
2241	-0.159754	0.162987	0.009894	
2242	-0.164930	0.163856	0.006682	
2243	-0.171756	0.164530	0.003261	
2244	-0.178134	0.165508	0.000588	
2245	-0.183772	0.166009	-0.002157	
2246	-0.192829	0.166501	-0.005267	
2247	-0.201374	0.166626	-0.007987	
2248	-0.206971	0.167574	-0.009650	
2249	-0.212021	0.168475	-0.012426	
2250	-0.220533	0.169158	-0.015041	
2251	-0.228928	0.170938	-0.016516	
2252	-0.235568	0.171196	-0.018623	
2253	-0.242960	0.171687	-0.020177	
2254	-0.250786	0.172009	-0.021437	
2255	-0.258489	0.171741	-0.022611	
2256	-0.278328	0.169708	-0.024448	
2257	-0.293948	0.168082	-0.026984	
2258	-0.300869	0.168604	-0.027852	
2259	-0.307608	0.169117	-0.028684	
2260	-0.315189	0.169330	-0.029337	
2261	-0.321932	0.170426	-0.029525	
2262	-0.327854	0.172445	-0.029430	
2263	-0.334508	0.173075	-0.029612	
2264	-0.344028	0.173645	-0.030064	
2265	-0.351816	0.175605	-0.029816	
2266	-0.357274	0.177012	-0.030576	
2267	-0.364646	0.176935	-0.032177	
2268	-0.372193	0.176664	-0.034109	
2269	-0.380541	0.177527	-0.035541	
2270	-0.388027	0.176033	-0.037976	
2271	-0.396137	0.174344	-0.040476	
2272	-0.402279	0.173679	-0.042794	
2273	-0.409889	0.172292	-0.045292	
2274	-0.416757	0.169421	-0.048479	
2275	-0.425869	0.167807	-0.051096	
2276	-0.432611	0.166768	-0.053518	
2277	-0.438719	0.165814	-0.055971	
2278	-0.446956	0.165397	-0.057878	
2279	-0.453965	0.164762	-0.059617	
2280	-0.458548	0.165201	-0.061099	
2281	-0.467527	0.164212	-0.062786	
2282	-0.475419	0.165731	-0.063648	
2283	-0.481540	0.165112	-0.065336	
2284	-0.489252	0.163128	-0.067106	
2285	-0.494653	0.161553	-0.068457	
2286	-0.498703	0.161332	-0.070348	
2287	-0.504843	0.161026	-0.072891	
2288	-0.511159	0.160411	-0.075871	
2289	-0.517222	0.158600	-0.079534	
2290	-0.523800	0.158622	-0.083362	
2291	-0.530326	0.158510	-0.087779	
2292	-0.536835	0.159120	-0.092034	
2293	-0.543130	0.160098	-0.096792	
2294	-0.548426	0.160943	-0.101961	
2295	-0.556847	0.164641	-0.106982	
2296	-0.563666	0.167805	-0.112314	
2297	-0.569278	0.170829	-0.117756	
2298	-0.578087	0.174739	-0.122691	
2299	-0.585313	0.178562	-0.127818	
2300	-0.591601	0.182710	-0.132576	
2301	-0.597601	0.187084	-0.137335	
2302	-0.604873	0.191033	-0.141596	
2303	-0.611669	0.195272	-0.145726	
2304	-0.618355	0.200934	-0.149530	
2305	-0.623875	0.204868	-0.153837	
2306	-0.631531	0.209310	-0.156960	
2307	-0.637196	0.213337	-0.160529	
2308	-0.642568	0.218161	-0.164185	
2309	-0.649618	0.220552	-0.167744	
2310	-0.653757	0.225088	-0.170926	
2311	-0.660411	0.228013	-0.173932	
2312	-0.665068	0.231275	-0.176637	
2313	-0.671155	0.233310	-0.178990	
2314	-0.676802	0.233459	-0.181719	
2315	-0.682004	0.234540	-0.184104	
2316	-0.686144	0.235963	-0.186112	
2317	-0.691089	0.237582	-0.188038	
2318	-0.699515	0.239016	-0.189793	
2319	-0.704861	0.239811	-0.191620	
2320	-0.709438	0.239635	-0.194203	
2321	-0.715075	0.240138	-0.196993	
2322	-0.720936	0.240964	-0.199318	
2323	-0.727050	0.241165	-0.201901	
2324	-0.732424	0.240360	-0.205158	
2325	-0.738530	0.239402	-0.208035	
2326	-0.746064	0.238996	-0.210765	
2327	-0.751260	0.238978	-0.214290	
2328	-0.757090	0.236384	-0.217314	
2329	-0.764342	0.233022	-0.220557	
2330	-0.786016	0.231343	-0.220364	
2331	-0.793218	0.230662	-0.223038	
2332	-0.798518	0.227950	-0.225907	
2333	-0.807923	0.227453	-0.228070	
2334	-0.815562	0.227249	-0.230243	
2335	-0.822789	0.224848	-0.232469	
2336	-0.833692	0.225455	-0.234009	
2337	-0.839168	0.226048	-0.236560	
2338	-0.845923	0.224517	-0.239400	
2339	-0.858638	0.226368	-0.241533	
2340	-0.872411	0.229372	-0.243431	
2341	-0.876808	0.230062	-0.247003	
2342	-0.883604	0.230769	-0.250324	
2343	-0.894900	0.232419	-0.252683	
2344	-0.900786	0.231249	-0.256089	
2345	-0.909071	0.230717	-0.259049	
2346	-0.912927	0.231274	-0.262277	
2347	-0.919663	0.228668	-0.266211	
2348	-0.929540	0.228398	-0.268591	
2349	-0.937206	0.228073	-0.271570	
2350	-0.943731	0.227564	-0.274877	
2351	-0.951298	0.227845	-0.278397	
2352	-0.955591	0.225378	-0.282942	
2353	-0.962056	0.222944	-0.287210	
2354	-0.969218	0.221264	-0.290924	
2355	-0.974625	0.219140	-0.295291	
2356	-0.978133	0.219787	-0.299778	
2357	-0.987391	0.220807	-0.303042	
2358	-0.993675	0.222431	-0.306415	
2359	-1.000143	0.223585	-0.310489	
2360	-1.014990	0.225263	-0.318687	
2361	-1.026875	0.229186	-0.329015	
2362	-1.037226	0.234205	-0.333410	
2363	-1.044335	0.238304	-0.338473	
2364	-1.057906	0.245085	-0.348198	
2365	-1.075533	0.253766	-0.356736	
2366	-1.091282	0.259669	-0.365732	
2367	-1.101856	0.265369	-0.369613	
2368	-1.106560	0.268297	-0.374406	
2369	-1.114869	0.272153	-0.377304	
2370	-1.123368	0.278678	-0.379469	
2371	-1.131963	0.284144	-0.381195	
2372	-1.135478	0.287429	-0.383510	
2373	-1.140219	0.288781	-0.384457	
2374	-1.151068	0.293205	-0.382161	
2375	-1.157179	0.297256	-0.380235	
2376	-1.156310	0.297879	-0.379358	
2377	-1.160347	0.299948	-0.377289	
2378	-1.168732	0.301277	-0.373532	
2379	-1.178409	0.300119	-0.367184	
2380	-1.182053	0.302218	-0.363178	
2381	-1.188219	0.300139	-0.359310	
2382	-1.196309	0.297196	-0.353661	
2383	-1.199279	0.295963	-0.349207	
2384	-1.205338	0.295997	-0.343000	
2385	-1.211728	0.292932	-0.336610	
2386	-1.219093	0.290659	-0.329591	
2387	-1.225303	0.288305	-0.322953	
2388	-1.231415	0.281335	-0.315975	
2389	-1.239989	0.278683	-0.307683	
2390	-1.246762	0.276339	-0.300323	
2391	-1.251929	0.272678	-0.292510	
2392	-1.255117	0.266238	-0.285847	
2393	-1.264059	0.261094	-0.277606	
2394	-1.271495	0.256542	-0.270244	
2395	-1.277188	0.254951	-0.263321	
2396	-1.283018	0.249558	-0.256842	
2397	-1.287795	0.242303	-0.250678	
2398	-1.294806	0.236751	-0.243803	
2399	-1.305750	0.227736	-0.234830	
2400	-1.311123	0.221461	-0.228994	
2401	-1.314084	0.214785	-0.223365	
2402	-1.315597	0.208211	-0.218613	
2403	-1.320769	0.203037	-0.213008	
2404	-1.325274	0.197091	-0.208084	
2405	-1.326584	0.191283	-0.203844	
2406	-1.330872	0.188650	-0.198780	
2407	-1.335109	0.183678	-0.193842	
2408	-1.340061	0.178994	-0.188678	
2409	-1.344238	0.174536	-0.183492	
2410	-1.351073	0.168440	-0.173548	
2411	-1.353927	0.160211	-0.165231	
2412	-1.358640	0.157919	-0.160327	
2413	-1.360772	0.155069	-0.155790	
2414	-1.358511	0.150390	-0.152953	
2415	-1.362688	0.147463	-0.147492	
2416	-1.363985	0.144007	-0.143365	
2417	-1.363198	0.140302	-0.139382	
2418	-1.363465	0.137389	-0.135518	
2419	-1.367738	0.134958	-0.130075	
2420	-1.367349	0.130999	-0.126719	
2421	-1.370403	0.128150	-0.121695	
2422	-1.373145	0.125854	-0.117111	
2423	-1.373931	0.121582	-0.113473	
2424	-1.378269	0.120511	-0.108241	
2425	-1.379436	0.120134	-0.103596	
2426	-1.379701	0.117738	-0.099236	
2427	-1.384615	0.114880	-0.093011	
2428	-1.386727	0.113531	-0.087084	
2429	-1.388481	0.113703	-0.081648	
2430	-1.385563	0.112119	-0.077708	
2431	-1.387838	0.111268	-0.071738	
2432	-1.389993	0.111813	-0.066005	
2433	-1.391665	0.109497	-0.060416	
2434	-1.392851	0.107714	-0.054165	
2435	-1.390789	0.106743	-0.049742	
2436	-1.391118	0.105776	-0.043485	
2437	-1.389717	0.103354	-0.037614	
2438	-1.384315	0.100989	-0.032314	
2439	-1.382018	0.097178	-0.025446	
2440	-1.379958	0.091730	-0.017907	
2441	-1.375894	0.087183	-0.010160	
2442	-1.368407	0.084293	-0.003424	
2443	-1.363466	0.079078	0.004727	
2444	-1.363344	0.073063	0.014950	
2445	-1.355979	0.069427	0.023435	
2446	-1.344907	0.063006	0.029857	
2447	-1.343640	0.054821	0.039501	
2448	-1.336673	0.050637	0.048217	
2449	-1.322239	0.044550	0.053296	
2450	-1.320086	0.034607	0.061758	
2451	-1.318002	0.028511	0.071437	
2452	-1.302760	0.023745	0.077438	
2453	-1.293455	0.016345	0.083945	
2454	-1.292174	0.011310	0.093392	
2455	-1.284523	0.006650	0.100256	
2456	-1.274320	0.003428	0.105515	
2457	-1.272125	-0.000818	0.112562	
2458	-1.268113	-0.003239	0.118831	
2459	-1.258245	-0.006486	0.122839	
2460	-1.250288	-0.009866	0.126137	
2461	-1.247471	-0.010674	0.131325	
2462	-1.244962	-0.010913	0.136151	
2463	-1.236414	-0.012221	0.138841	
2464	-1.228424	-0.012273	0.142510	
2465	-1.225169	-0.012000	0.147733	
2466	-1.222011	-0.012888	0.152662	
2467	-1.214681	-0.014637	0.157302	
2468	-1.208725	-0.012076	0.163403	
2469	-1.204777	-0.010360	0.168378	
2470	-1.200348	-0.011414	0.172737	
2471	-1.196678	-0.009552	0.178050	
2472	-1.194767	-0.006699	0.184238	
2473	-1.188826	-0.005867	0.187785	
2474	-1.185414	-0.006423	0.192137	
2475	-1.182426	-0.004292	0.196766	
2476	-1.176481	-0.004312	0.199432	
2477	-1.174020	-0.006114	0.202601	
2478	-1.170084	-0.005580	0.205615	
2479	-1.166288	-0.003753	0.208549	
2480	-1.164887	-0.003906	0.211569	
2481	-1.160077	-0.003883	0.214592	
2482	-1.156052	-0.002577	0.218403	
2483	-1.149872	-0.005696	0.221124	
2484	-1.149781	-0.003488	0.227902	
2485	-1.147658	-0.000781	0.233801	
2486	-1.139802	-0.002526	0.237292	
2487	-1.136535	-0.004398	0.241731	
2488	-1.138763	-0.001604	0.247267	
2489	-1.134726	-0.002858	0.251292	
2490	-1.129978	-0.002001	0.255247	
2491	-1.127689	-0.001553	0.259478	
2492	-1.126656	-0.002575	0.264304	
2493	-1.122402	0.003318	0.269015	
2494	-1.115671	0.002410	0.271007	
2495	-1.116500	0.003726	0.275317	
2496	-1.116624	0.008522	0.280262	
2497	-1.111030	0.008759	0.281868	
2498	-1.111345	0.008973	0.284845	
2499	-1.114368	0.014277	0.289744	
2500	-1.110353	0.014968	0.290921	
2501	-1.110522	0.014807	0.292959	
2502	-1.112198	0.017429	0.296164	
2503	-1.110339	0.017013	0.297316	
2504	-1.111685	0.016716	0.298860	
2505	-1.114204	0.017936	0.301076	
2506	-1.112964	0.018370	0.302262	
2507	-1.112746	0.017847	0.303122	
2508	-1.114132	0.019194	0.304782	
2509	-1.113438	0.019906	0.306015	
2510	-1.111072	0.020856	0.306508	
2511	-1.112442	0.021604	0.307757	
2512	-1.114374	0.024580	0.310067	
2513	-1.113460	0.026147	0.311575	
2514	-1.113922	0.026407	0.312873	
2515	-1.117591	0.029324	0.316137	
2516	-1.115175	0.031219	0.317642	
2517	-1.113142	0.031663	0.318457	
2518	-1.118421	0.034326	0.322232	
2519	-1.117307	0.036892	0.324443	
2520	-1.115105	0.036932	0.325784	
2521	-1.117814	0.039096	0.329056	
2522	-1.116841	0.041026	0.331377	
2523	-1.114640	0.042444	0.333541	
2524	-1.112654	0.044155	0.335321	
2525	-1.114448	0.045754	0.338211	
2526	-1.110609	0.047123	0.339949	
2527	-1.108124	0.048703	0.341436	
2528	-1.109787	0.050647	0.344106	
2529	-1.108913	0.052505	0.346195	
2530	-1.104199	0.053603	0.346198	
2531	-1.103727	0.054075	0.347058	
2532	-1.105287	0.055892	0.348725	
2533	-1.102076	0.056767	0.348795	
2534	-1.100635	0.056426	0.348541	
2535	-1.102942	0.057139	0.350342	
2536	-1.100190	0.057820	0.350926	
2537	-1.099231	0.057117	0.351058	
2538	-1.099293	0.056704	0.351754	
2539	-1.098554	0.056372	0.352564	
2540	-1.096780	0.056246	0.352663	
2541	-1.095459	0.055169	0.353122	
2542	-1.092752	0.054690	0.352516	
2543	-1.092370	0.054139	0.352479	
2544	-1.091402	0.053656	0.352607	
2545	-1.089492	0.053188	0.352398	
2546	-1.090378	0.051828	0.352475	
2547	-1.089847	0.052478	0.352919	
2548	-1.087090	0.053640	0.352535	
2549	-1.087690	0.053738	0.352856	
2550	-1.087871	0.054751	0.353363	
2551	-1.085027	0.056770	0.353260	
2552	-1.084133	0.056931	0.353000	
2553	-1.083808	0.059043	0.353784	
2554	-1.080342	0.060931	0.353185	
2555	-1.080008	0.061483	0.353117	
2556	-1.079591	0.063019	0.353552	
2557	-1.076437	0.065415	0.352818	
2558	-1.075675	0.065930	0.352401	
2559	-1.076220	0.067296	0.352788	
2560	-1.072814	0.069357	0.352132	
2561	-1.072442	0.069971	0.351698	
2562	-1.072826	0.071376	0.352063	
2563	-1.068633	0.073926	0.351222	
2564	-1.068456	0.075021	0.351124	
2565	-1.067372	0.077186	0.351173	
2566	-1.063198	0.080792	0.349852	
2567	-1.063479	0.082263	0.349790	
2568	-1.060210	0.084317	0.348356	
2569	-1.059772	0.085570	0.347217	
2570	-1.057837	0.086456	0.346211	
2571	-1.057847	0.086814	0.345173	
2572	-1.057331	0.087388	0.344454	
2573	-1.054949	0.088012	0.343188	
2574	-1.054730	0.088453	0.341795	
2575	-1.052526	0.088114	0.340334	
2576	-1.053419	0.088356	0.340024	
2577	-1.051213	0.088328	0.339041	
2578	-1.049451	0.088525	0.337126	
2579	-1.048318	0.089287	0.336583	
2580	-1.045468	0.090068	0.335479	
2581	-1.045120	0.090696	0.334959	
2582	-1.045587	0.091128	0.334907	
2583	-1.043530	0.091848	0.334099	
