0	0.000000	0.000000	0.000000	
1	0.000000	0.000000	0.000000	
2	0.000000	0.000000	0.000000	
3	0.000000	0.000000	0.000000	
4	0.001050	0.001974	0.001853	
5	0.000690	0.002050	0.002045	
6	0.000437	0.002934	0.001990	
7	0.000867	0.002643	0.001796	
8	0.000375	0.005825	0.002415	
9	0.000908	0.004740	0.001779	
10	0.001017	0.006159	0.002188	
11	0.001007	0.004974	0.001849	
12	0.001000	0.004579	0.002106	
13	0.001285	0.004906	0.002207	
14	0.000622	0.003792	0.001724	
15	0.000718	0.003288	0.001624	
16	0.000905	0.002387	0.001240	
17	0.000846	0.000797	0.000538	
18	0.001417	0.001203	0.000782	
19	0.001154	0.000823	0.000175	
20	0.000937	0.001451	0.000374	
21	0.001427	0.001128	0.000244	
22	0.003079	0.001914	0.000299	
23	0.003348	0.002038	-0.000089	
24	0.003252	0.001324	-0.000724	
25	0.004118	0.001762	-0.001048	
26	0.004542	0.001538	-0.001691	
27	0.004580	0.000671	-0.002641	
28	0.006265	0.001245	-0.002893	
29	0.005989	0.001623	-0.003276	
30	0.005468	0.000720	-0.004170	
31	0.006799	0.001036	-0.004352	
32	0.007123	0.002367	-0.004178	
33	0.006594	0.002916	-0.004764	
34	0.006987	0.003558	-0.004952	
35	0.007473	0.003644	-0.005015	
36	0.007237	0.003933	-0.005225	
37	0.007922	0.004922	-0.004960	
38	0.008830	0.006417	-0.004908	
39	0.007941	0.006385	-0.005548	
40	0.008406	0.006834	-0.005301	
41	0.008996	0.007015	-0.005527	
42	0.009312	0.006063	-0.006329	
43	0.009480	0.004878	-0.006904	
44	0.010063	0.004654	-0.006968	
45	0.010264	0.005167	-0.007229	
46	0.010399	0.005057	-0.007663	
47	0.010872	0.005567	-0.007864	
48	0.010877	0.006331	-0.008201	
49	0.010545	0.005910	-0.008541	
50	0.011554	0.006085	-0.008688	
51	0.011759	0.005356	-0.009412	
52	0.011083	0.005064	-0.009622	
53	0.011559	0.006214	-0.009719	
54	0.011361	0.005821	-0.010082	
55	0.011382	0.005620	-0.010509	
56	0.011645	0.005884	-0.010485	
57	0.011415	0.006100	-0.010780	
58	0.011228	0.006053	-0.010936	
59	0.012138	0.007627	-0.010205	
60	0.011632	0.007914	-0.009980	
61	0.010546	0.008537	-0.009626	
62	0.011336	0.009617	-0.008939	
63	0.011599	0.010549	-0.008270	
64	0.010752	0.011759	-0.007607	
65	0.010279	0.011919	-0.007313	
66	0.010259	0.012037	-0.006953	
67	0.010235	0.013611	-0.006121	
68	0.009148	0.013760	-0.005992	
69	0.007328	0.014486	-0.006034	
70	0.005859	0.014468	-0.006194	
71	0.003399	0.013609	-0.007357	
72	0.000636	0.013330	-0.008719	
73	-0.002402	0.011010	-0.011629	
74	-0.007788	0.009443	-0.015351	
75	-0.014500	0.008506	-0.019042	
76	-0.019783	0.007974	-0.023293	
77	-0.032896	0.005114	-0.032995	
78	-0.041492	0.004109	-0.037851	
79	-0.050587	0.004414	-0.042043	
80	-0.059443	0.004046	-0.046733	
81	-0.068637	0.003669	-0.051088	
82	-0.079903	0.004569	-0.055603	
83	-0.090768	0.006493	-0.059465	
84	-0.101465	0.008146	-0.063000	
85	-0.113073	0.010394	-0.066219	
86	-0.125255	0.012563	-0.069111	
87	-0.138456	0.015417	-0.071630	
88	-0.151500	0.018393	-0.073867	
89	-0.163353	0.020940	-0.076068	
90	-0.177051	0.022712	-0.078715	
91	-0.189070	0.026749	-0.080192	
92	-0.200575	0.030265	-0.081788	
93	-0.212986	0.032463	-0.083789	
94	-0.224783	0.034417	-0.085069	
95	-0.235470	0.035914	-0.087049	
96	-0.245697	0.038414	-0.088586	
97	-0.255615	0.038764	-0.090297	
98	-0.265745	0.038147	-0.091940	
99	-0.275974	0.037968	-0.092602	
100	-0.284660	0.038028	-0.093211	
101	-0.295197	0.036294	-0.093748	
102	-0.305295	0.035686	-0.093585	
103	-0.314284	0.034423	-0.093397	
104	-0.322642	0.032627	-0.093556	
105	-0.331769	0.030437	-0.093763	
106	-0.341769	0.029385	-0.092973	
107	-0.349639	0.029029	-0.091885	
108	-0.368801	0.025173	-0.090404	
109	-0.378036	0.024432	-0.088676	
110	-0.387043	0.023679	-0.086959	
111	-0.396932	0.022236	-0.084547	
112	-0.408471	0.021149	-0.081878	
113	-0.419278	0.020421	-0.079089	
114	-0.429788	0.018111	-0.076462	
115	-0.440372	0.014420	-0.073352	
116	-0.452459	0.010420	-0.070190	
117	-0.462716	0.007338	-0.066009	
118	-0.470253	0.005429	-0.060193	
119	-0.493962	-0.001108	-0.048245	
120	-0.502087	-0.001483	-0.040530	
121	-0.506990	-0.005547	-0.033485	
122	-0.516540	-0.009303	-0.026483	
123	-0.524011	-0.010226	-0.019533	
124	-0.532129	-0.014822	-0.014054	
125	-0.539650	-0.018692	-0.007993	
126	-0.546956	-0.020899	-0.002173	
127	-0.555064	-0.025664	0.002105	
128	-0.562092	-0.029788	0.006871	
129	-0.568064	-0.033510	0.011623	
130	-0.576659	-0.037773	0.015936	
131	-0.582762	-0.040661	0.021091	
132	-0.588774	-0.044648	0.026434	
133	-0.594839	-0.048460	0.031527	
134	-0.609957	-0.053395	0.042662	
135	-0.617323	-0.056192	0.048403	
136	-0.625517	-0.058028	0.054016	
137	-0.633529	-0.060754	0.059426	
138	-0.647732	-0.065415	0.070523	
139	-0.656672	-0.066202	0.076307	
140	-0.674174	-0.070307	0.087494	
141	-0.682766	-0.072366	0.093165	
142	-0.691976	-0.072388	0.099332	
143	-0.701131	-0.074196	0.105084	
144	-0.709846	-0.076527	0.110714	
145	-0.717705	-0.079390	0.115816	
146	-0.727502	-0.083583	0.120652	
147	-0.737506	-0.084460	0.126366	
148	-0.745504	-0.087981	0.131357	
149	-0.754260	-0.090427	0.136403	
150	-0.763711	-0.091931	0.142204	
151	-0.778276	-0.098466	0.153166	
152	-0.786131	-0.100501	0.158527	
153	-0.792628	-0.104134	0.163568	
154	-0.797219	-0.108278	0.168469	
155	-0.803528	-0.109604	0.173732	
156	-0.810196	-0.111008	0.179439	
157	-0.814528	-0.113766	0.184953	
158	-0.819428	-0.117383	0.190522	
159	-0.826263	-0.119781	0.196548	
160	-0.831285	-0.121799	0.202439	
161	-0.835554	-0.124830	0.207781	
162	-0.841340	-0.126611	0.213020	
163	-0.847975	-0.127449	0.218299	
164	-0.852612	-0.129944	0.223252	
165	-0.857232	-0.133392	0.227669	
166	-0.863973	-0.134985	0.232573	
167	-0.869017	-0.136774	0.237681	
168	-0.872472	-0.140348	0.242058	
169	-0.878455	-0.142203	0.247399	
170	-0.885282	-0.143777	0.253029	
171	-0.889326	-0.149381	0.258085	
172	-0.894406	-0.154203	0.263110	
173	-0.901328	-0.157715	0.268652	
174	-0.911387	-0.164019	0.280311	
175	-0.917471	-0.168542	0.286393	
176	-0.923417	-0.170501	0.292971	
177	-0.927851	-0.174595	0.299698	
178	-0.932631	-0.178195	0.306480	
179	-0.937858	-0.182183	0.313294	
180	-0.942585	-0.185887	0.319784	
181	-0.947702	-0.188796	0.326199	
182	-0.952063	-0.192338	0.332031	
183	-0.958229	-0.196982	0.338245	
184	-0.962704	-0.198614	0.344424	
185	-0.965047	-0.202799	0.349253	
186	-0.971290	-0.204284	0.354997	
187	-0.978197	-0.206641	0.360780	
188	-0.983038	-0.208699	0.366059	
189	-0.987358	-0.210556	0.371227	
190	-0.995397	-0.211208	0.377271	
191	-1.002568	-0.212076	0.383469	
192	-1.007543	-0.212471	0.389825	
193	-1.013124	-0.214188	0.395753	
194	-1.022224	-0.214517	0.402529	
195	-1.032255	-0.214070	0.409474	
196	-1.040844	-0.215573	0.415230	
197	-1.050456	-0.215804	0.420877	
198	-1.063077	-0.217076	0.426779	
199	-1.074272	-0.217369	0.431826	
200	-1.083196	-0.217752	0.436150	
201	-1.094767	-0.218602	0.440802	
202	-1.107592	-0.218903	0.446044	
203	-1.116142	-0.218240	0.449977	
204	-1.126867	-0.220097	0.454343	
205	-1.147516	-0.223286	0.462918	
206	-1.155057	-0.224154	0.466378	
207	-1.165658	-0.227519	0.470969	
208	-1.174453	-0.229988	0.475221	
209	-1.180701	-0.230837	0.478968	
210	-1.188349	-0.234090	0.483035	
211	-1.198031	-0.236840	0.488158	
212	-1.203804	-0.238536	0.492559	
213	-1.209373	-0.241362	0.496813	
214	-1.218319	-0.245455	0.502048	
215	-1.223591	-0.246458	0.507290	
216	-1.227895	-0.249595	0.511873	
217	-1.235737	-0.253113	0.517707	
218	-1.240154	-0.255588	0.523583	
219	-1.244519	-0.257638	0.529290	
220	-1.250257	-0.261142	0.535377	
221	-1.255318	-0.263802	0.541552	
222	-1.259355	-0.267051	0.547311	
223	-1.264164	-0.271419	0.553389	
224	-1.268638	-0.275514	0.559512	
225	-1.272220	-0.279327	0.565612	
226	-1.276549	-0.283266	0.572276	
227	-1.278640	-0.287548	0.578339	
228	-1.281407	-0.292912	0.584436	
229	-1.285428	-0.299234	0.590679	
230	-1.288691	-0.303799	0.596650	
231	-1.292115	-0.307948	0.602287	
232	-1.296066	-0.312690	0.608361	
233	-1.298522	-0.317890	0.613935	
234	-1.302011	-0.322896	0.619827	
235	-1.307841	-0.326563	0.627019	
236	-1.311438	-0.330696	0.632903	
237	-1.314952	-0.335077	0.638617	
238	-1.319314	-0.338889	0.644631	
239	-1.323605	-0.342032	0.650903	
240	-1.327815	-0.345488	0.656942	
241	-1.333212	-0.349846	0.663311	
242	-1.338215	-0.351938	0.669457	
243	-1.342991	-0.355412	0.674475	
244	-1.349491	-0.360100	0.680206	
245	-1.355163	-0.362873	0.685787	
246	-1.359201	-0.367486	0.690167	
247	-1.364816	-0.372706	0.694374	
248	-1.370536	-0.376534	0.698256	
249	-1.375719	-0.380425	0.701601	
250	-1.381253	-0.385113	0.704533	
251	-1.388991	-0.387984	0.707654	
252	-1.395680	-0.390389	0.710841	
253	-1.402742	-0.394363	0.713053	
254	-1.412294	-0.396302	0.715930	
255	-1.420784	-0.397725	0.718009	
256	-1.439605	-0.400997	0.721150	
257	-1.450784	-0.400287	0.722643	
258	-1.470432	-0.400680	0.723908	
259	-1.482318	-0.400772	0.725206	
260	-1.493195	-0.400014	0.726365	
261	-1.503671	-0.398656	0.727463	
262	-1.513652	-0.398368	0.728443	
263	-1.524251	-0.399418	0.729671	
264	-1.534751	-0.397935	0.731671	
265	-1.543778	-0.396875	0.732759	
266	-1.555322	-0.398026	0.734174	
267	-1.565142	-0.398498	0.736130	
268	-1.573876	-0.398940	0.737451	
269	-1.585340	-0.398890	0.739996	
270	-1.595366	-0.397560	0.742663	
271	-1.605168	-0.398099	0.745226	
272	-1.615155	-0.399061	0.748155	
273	-1.623679	-0.399624	0.751117	
274	-1.632270	-0.400340	0.753947	
275	-1.641923	-0.398075	0.758504	
276	-1.649945	-0.396385	0.762932	
277	-1.658570	-0.393759	0.768473	
278	-1.666764	-0.389472	0.774866	
279	-1.674115	-0.385349	0.782143	
280	-1.680456	-0.380684	0.789876	
281	-1.686894	-0.375089	0.797712	
282	-1.691049	-0.370876	0.805749	
283	-1.695092	-0.366895	0.813796	
284	-1.698567	-0.363106	0.821731	
285	-1.701228	-0.359900	0.829418	
286	-1.704041	-0.358983	0.837283	
287	-1.706873	-0.356546	0.846760	
288	-1.706105	-0.353592	0.854531	
289	-1.707505	-0.353163	0.862616	
290	-1.708432	-0.350783	0.871258	
291	-1.708297	-0.348195	0.880547	
292	-1.708657	-0.347034	0.889321	
293	-1.709224	-0.345490	0.898163	
294	-1.710090	-0.342940	0.907725	
295	-1.711028	-0.340544	0.917142	
296	-1.711618	-0.341137	0.925673	
297	-1.713053	-0.340812	0.934826	
298	-1.713911	-0.340931	0.943692	
299	-1.715083	-0.341778	0.951220	
300	-1.717312	-0.343214	0.959070	
301	-1.719419	-0.344973	0.966697	
302	-1.721374	-0.345343	0.974581	
303	-1.723704	-0.347245	0.982015	
304	-1.725877	-0.350126	0.988711	
305	-1.728257	-0.353840	0.995913	
306	-1.731862	-0.356987	1.002197	
307	-1.735672	-0.357499	1.009729	
308	-1.739899	-0.361617	1.016083	
309	-1.743371	-0.364680	1.021823	
310	-1.746906	-0.368392	1.027784	
311	-1.750691	-0.370018	1.033751	
312	-1.754311	-0.373711	1.039283	
313	-1.758108	-0.377052	1.044867	
314	-1.762096	-0.379196	1.051029	
315	-1.766282	-0.382344	1.057041	
316	-1.771016	-0.386331	1.062092	
317	-1.776031	-0.390472	1.067299	
318	-1.781320	-0.394730	1.072702	
319	-1.786740	-0.398877	1.077899	
320	-1.792893	-0.403477	1.083335	
321	-1.798251	-0.408391	1.088143	
322	-1.803722	-0.413536	1.092864	
323	-1.809363	-0.418314	1.096854	
324	-1.815165	-0.423951	1.101827	
325	-1.820443	-0.427425	1.105586	
326	-1.825056	-0.432444	1.108362	
327	-1.829411	-0.437654	1.111373	
328	-1.834173	-0.442534	1.114676	
329	-1.838948	-0.447245	1.118433	
330	-1.843624	-0.453016	1.123454	
331	-1.847914	-0.459599	1.127626	
332	-1.852061	-0.463196	1.131710	
333	-1.856299	-0.468843	1.137490	
334	-1.859796	-0.477091	1.142302	
335	-1.863796	-0.481336	1.147934	
336	-1.868111	-0.487730	1.154444	
337	-1.871118	-0.493521	1.158512	
338	-1.874641	-0.499155	1.164865	
339	-1.877254	-0.506506	1.170706	
340	-1.879286	-0.512996	1.175470	
341	-1.881872	-0.518137	1.181606	
342	-1.883794	-0.524486	1.189096	
343	-1.885166	-0.531081	1.193460	
344	-1.886817	-0.535792	1.199945	
345	-1.887952	-0.542545	1.207086	
346	-1.889100	-0.547950	1.212544	
347	-1.890755	-0.550899	1.219687	
348	-1.890677	-0.556594	1.226654	
349	-1.890261	-0.563477	1.230414	
350	-1.890181	-0.567718	1.236459	
351	-1.890893	-0.573172	1.244388	
352	-1.890273	-0.578923	1.249196	
353	-1.890754	-0.584592	1.256455	
354	-1.889707	-0.595204	1.268239	
355	-1.889581	-0.600650	1.275462	
356	-1.889271	-0.606557	1.282635	
357	-1.888410	-0.611196	1.288494	
358	-1.887952	-0.616427	1.294997	
359	-1.887683	-0.623969	1.303834	
360	-1.886806	-0.634752	1.318599	
361	-1.886104	-0.641586	1.326333	
362	-1.885463	-0.647693	1.333265	
363	-1.885057	-0.653768	1.340757	
364	-1.885212	-0.658839	1.348158	
365	-1.884886	-0.663578	1.354983	
366	-1.885104	-0.667576	1.363060	
367	-1.884328	-0.670395	1.367836	
368	-1.884599	-0.674029	1.374207	
369	-1.883952	-0.678581	1.380775	
370	-1.883359	-0.681741	1.386937	
371	-1.883153	-0.684454	1.391793	
372	-1.882738	-0.687038	1.397816	
373	-1.882352	-0.690038	1.402174	
374	-1.882916	-0.692446	1.405878	
375	-1.882950	-0.695035	1.410364	
376	-1.883717	-0.697225	1.415499	
377	-1.884707	-0.698814	1.419260	
378	-1.886207	-0.700189	1.423901	
379	-1.887655	-0.701779	1.429166	
380	-1.889369	-0.704129	1.434932	
381	-1.891167	-0.706417	1.439956	
382	-1.893421	-0.708746	1.446251	
383	-1.896040	-0.711447	1.451089	
384	-1.898584	-0.715307	1.456761	
385	-1.901820	-0.718766	1.462693	
386	-1.904968	-0.723716	1.467427	
387	-1.908975	-0.728293	1.473774	
388	-1.913021	-0.732998	1.478910	
389	-1.916912	-0.739682	1.484214	
390	-1.921661	-0.743236	1.489540	
391	-1.925856	-0.750378	1.494474	
392	-1.930883	-0.755853	1.499642	
393	-1.936162	-0.761250	1.506021	
394	-1.941474	-0.766802	1.511097	
395	-1.946664	-0.774621	1.517088	
396	-1.952377	-0.780284	1.523942	
397	-1.957925	-0.786849	1.529725	
398	-1.968102	-0.799180	1.540226	
399	-1.971910	-0.808701	1.546920	
400	-1.976307	-0.815284	1.551515	
401	-1.979838	-0.824501	1.558730	
402	-1.982917	-0.830930	1.562949	
403	-1.986419	-0.838111	1.568024	
404	-1.990087	-0.844897	1.576394	
405	-1.992836	-0.852726	1.584709	
406	-1.995903	-0.856658	1.588965	
407	-1.998890	-0.865339	1.598556	
408	-2.001214	-0.868154	1.605002	
409	-2.003333	-0.871352	1.610480	
410	-2.005597	-0.876771	1.617711	
411	-2.007294	-0.881753	1.626674	
412	-2.008870	-0.883980	1.633337	
413	-2.010407	-0.884277	1.637672	
414	-2.011670	-0.889014	1.647173	
415	-2.012425	-0.892678	1.656363	
416	-2.013819	-0.894129	1.664002	
417	-2.015205	-0.895661	1.671473	
418	-2.016574	-0.896621	1.679770	
419	-2.018069	-0.899765	1.687829	
420	-2.019427	-0.901446	1.695864	
421	-2.021125	-0.902080	1.702897	
422	-2.022469	-0.903134	1.709888	
423	-2.023838	-0.904041	1.716080	
424	-2.025135	-0.905431	1.722892	
425	-2.026183	-0.907791	1.730240	
426	-2.028629	-0.908994	1.739947	
427	-2.029993	-0.909991	1.745037	
428	-2.030836	-0.912857	1.751669	
429	-2.032139	-0.915391	1.757662	
430	-2.034080	-0.918767	1.762247	
431	-2.035256	-0.923484	1.770203	
432	-2.036579	-0.934883	1.781197	
433	-2.037302	-0.940841	1.786811	
434	-2.037780	-0.946553	1.791371	
435	-2.039137	-0.951833	1.793841	
436	-2.040212	-0.957546	1.799129	
437	-2.041388	-0.963959	1.804889	
438	-2.043068	-0.969386	1.809004	
439	-2.044565	-0.975379	1.815137	
440	-2.045480	-0.982062	1.820199	
441	-2.046934	-0.988231	1.824711	
442	-2.048200	-0.994192	1.831314	
443	-2.049500	-0.998952	1.835752	
444	-2.050713	-1.005254	1.841211	
445	-2.052218	-1.010682	1.846497	
446	-2.052878	-1.017632	1.853658	
447	-2.054275	-1.023904	1.858329	
448	-2.055532	-1.030174	1.862814	
449	-2.056643	-1.037177	1.870677	
450	-2.057930	-1.042955	1.873899	
451	-2.059724	-1.049151	1.880432	
452	-2.061062	-1.054756	1.886567	
453	-2.063770	-1.060313	1.891057	
454	-2.065378	-1.067087	1.897136	
455	-2.067222	-1.073914	1.904277	
456	-2.070330	-1.080303	1.909718	
457	-2.073991	-1.086454	1.917547	
458	-2.077865	-1.093158	1.925038	
459	-2.081521	-1.102539	1.934052	
460	-2.087542	-1.107548	1.941957	
461	-2.092513	-1.115123	1.950969	
462	-2.097685	-1.123054	1.962865	
463	-2.102679	-1.130007	1.973443	
464	-2.106958	-1.136935	1.984358	
465	-2.111548	-1.143957	1.996206	
466	-2.115008	-1.150696	2.008085	
467	-2.118059	-1.157563	2.019557	
468	-2.121368	-1.164735	2.030440	
469	-2.124414	-1.172319	2.041471	
470	-2.127202	-1.177943	2.052930	
471	-2.130868	-1.184306	2.062254	
472	-2.134490	-1.190942	2.073690	
473	-2.137042	-1.196805	2.084332	
474	-2.140182	-1.201958	2.094537	
475	-2.142397	-1.207772	2.104732	
476	-2.143720	-1.213420	2.115263	
477	-2.146069	-1.217225	2.124169	
478	-2.147060	-1.220315	2.133464	
479	-2.147594	-1.222395	2.142106	
480	-2.147963	-1.226140	2.149825	
481	-2.147318	-1.227557	2.158419	
482	-2.144933	-1.228973	2.168266	
483	-2.144675	-1.230764	2.174769	
484	-2.144371	-1.231553	2.183249	
485	-2.140649	-1.232849	2.192786	
486	-2.137812	-1.233351	2.200637	
487	-2.136154	-1.234009	2.207487	
488	-2.128681	-1.237080	2.226398	
489	-2.125705	-1.238026	2.234349	
490	-2.122250	-1.239867	2.245326	
491	-2.119100	-1.242589	2.251454	
492	-2.115010	-1.246623	2.258540	
493	-2.110932	-1.250231	2.267910	
494	-2.106745	-1.254761	2.274395	
495	-2.103755	-1.258909	2.280302	
496	-2.099230	-1.263878	2.290489	
497	-2.091379	-1.274507	2.303724	
498	-2.087074	-1.278460	2.312417	
499	-2.082021	-1.282505	2.320406	
500	-2.078433	-1.288172	2.324122	
501	-2.075442	-1.291720	2.329699	
502	-2.069556	-1.296682	2.336704	
503	-2.066981	-1.300576	2.339793	
504	-2.063015	-1.303692	2.345319	
505	-2.058785	-1.305816	2.352703	
506	-2.055808	-1.309916	2.356874	
507	-2.052022	-1.314663	2.359282	
508	-2.047131	-1.318950	2.364730	
509	-2.043982	-1.322052	2.367491	
510	-2.041032	-1.324869	2.370126	
511	-2.036023	-1.327677	2.375759	
512	-2.031947	-1.332998	2.377608	
513	-2.027820	-1.338186	2.379391	
514	-2.021205	-1.342651	2.385667	
515	-2.018096	-1.345730	2.389376	
516	-2.013391	-1.350277	2.393805	
517	-2.007198	-1.354974	2.400896	
518	-2.002513	-1.359353	2.406554	
519	-1.998064	-1.363746	2.414633	
520	-1.991290	-1.368939	2.424682	
521	-1.987655	-1.373048	2.432257	
522	-1.982868	-1.377361	2.441843	
523	-1.977372	-1.383079	2.451577	
524	-1.972324	-1.387953	2.461407	
525	-1.966599	-1.394570	2.470725	
526	-1.962753	-1.402015	2.477499	
527	-1.957331	-1.407083	2.487500	
528	-1.951380	-1.412521	2.497017	
529	-1.947062	-1.418089	2.505053	
530	-1.942893	-1.423222	2.512926	
531	-1.937833	-1.427322	2.521887	
532	-1.933192	-1.432729	2.530051	
533	-1.929193	-1.435709	2.539111	
534	-1.924426	-1.438324	2.547252	
535	-1.918919	-1.442637	2.554089	
536	-1.914450	-1.446273	2.561362	
537	-1.909058	-1.448764	2.568933	
538	-1.902519	-1.453502	2.574497	
539	-1.900083	-1.455583	2.580797	
540	-1.894148	-1.458921	2.586781	
541	-1.886467	-1.463547	2.593071	
542	-1.882422	-1.466601	2.598511	
543	-1.876706	-1.469024	2.604749	
544	-1.869481	-1.472285	2.610363	
545	-1.863479	-1.474822	2.615710	
546	-1.858433	-1.476390	2.621113	
547	-1.851445	-1.477508	2.627258	
548	-1.843205	-1.479428	2.631422	
549	-1.836241	-1.480694	2.635694	
550	-1.828549	-1.481741	2.639604	
551	-1.820659	-1.481817	2.644688	
552	-1.811676	-1.483358	2.647672	
553	-1.805485	-1.483257	2.651319	
554	-1.795542	-1.482043	2.655931	
555	-1.782145	-1.483015	2.660483	
556	-1.775823	-1.482204	2.664103	
557	-1.765771	-1.481016	2.669074	
558	-1.753328	-1.480246	2.674366	
559	-1.745225	-1.479310	2.678698	
560	-1.736722	-1.477223	2.683058	
561	-1.724011	-1.476781	2.687728	
562	-1.714412	-1.476357	2.691095	
563	-1.696103	-1.473812	2.697976	
564	-1.684918	-1.473855	2.700807	
565	-1.676613	-1.473504	2.702332	
566	-1.667106	-1.472580	2.704507	
567	-1.656748	-1.473015	2.707026	
568	-1.647897	-1.473957	2.707197	
569	-1.640272	-1.474306	2.708046	
570	-1.631307	-1.474395	2.710519	
571	-1.623268	-1.475268	2.711215	
572	-1.615676	-1.477177	2.710374	
573	-1.607776	-1.478768	2.710623	
574	-1.599932	-1.480185	2.711178	
575	-1.593696	-1.480833	2.711645	
576	-1.587450	-1.481386	2.712266	
577	-1.579161	-1.482491	2.714347	
578	-1.567949	-1.485359	2.714499	
579	-1.561067	-1.485819	2.716169	
580	-1.553530	-1.486871	2.717834	
581	-1.548352	-1.488402	2.717390	
582	-1.541903	-1.488693	2.719461	
583	-1.533669	-1.490863	2.720811	
584	-1.528961	-1.492275	2.721891	
585	-1.515999	-1.494473	2.726546	
586	-1.510654	-1.495296	2.729485	
587	-1.505423	-1.495940	2.731432	
588	-1.498736	-1.496855	2.733792	
589	-1.492429	-1.498010	2.734618	
590	-1.479535	-1.499133	2.739830	
591	-1.473407	-1.499926	2.742279	
592	-1.465823	-1.500983	2.745107	
593	-1.460462	-1.501403	2.748344	
594	-1.455089	-1.502579	2.750755	
595	-1.448037	-1.503579	2.753358	
596	-1.440963	-1.503895	2.757090	
597	-1.437041	-1.503723	2.759933	
598	-1.429896	-1.503494	2.762850	
599	-1.422334	-1.503240	2.766217	
600	-1.417432	-1.502805	2.767628	
601	-1.412367	-1.502543	2.768213	
602	-1.403286	-1.501354	2.772807	
603	-1.396092	-1.499307	2.777051	
604	-1.391586	-1.499308	2.776296	
605	-1.382820	-1.498068	2.779337	
606	-1.373401	-1.496500	2.782747	
607	-1.368016	-1.495384	2.783763	
608	-1.359506	-1.493609	2.787405	
609	-1.351085	-1.492746	2.788053	
610	-1.342175	-1.491630	2.790672	
611	-1.334246	-1.490487	2.792608	
612	-1.327435	-1.489231	2.792773	
613	-1.317641	-1.488371	2.793412	
614	-1.310146	-1.487242	2.792582	
615	-1.303106	-1.485810	2.791599	
616	-1.294668	-1.484210	2.791121	
617	-1.286799	-1.482940	2.790249	
618	-1.280170	-1.482226	2.788218	
619	-1.271193	-1.482095	2.785987	
620	-1.264351	-1.482064	2.784219	
621	-1.258697	-1.482030	2.782150	
622	-1.250517	-1.482138	2.780649	
623	-1.243174	-1.482357	2.778967	
624	-1.238426	-1.482852	2.775044	
625	-1.230836	-1.483082	2.773510	
626	-1.223690	-1.483327	2.771541	
627	-1.210853	-1.483654	2.767671	
628	-1.202996	-1.484594	2.765345	
629	-1.197645	-1.485656	2.762667	
630	-1.190584	-1.486561	2.761428	
631	-1.184462	-1.487648	2.759697	
632	-1.178333	-1.488990	2.757668	
633	-1.171636	-1.490598	2.755183	
634	-1.166341	-1.491400	2.753198	
635	-1.161358	-1.492193	2.751507	
636	-1.156172	-1.492652	2.750422	
637	-1.147132	-1.492613	2.745974	
638	-1.142819	-1.492286	2.743792	
639	-1.138187	-1.490992	2.742287	
640	-1.131891	-1.490188	2.739878	
641	-1.125128	-1.489721	2.737845	
642	-1.123062	-1.488474	2.735712	
643	-1.119467	-1.486874	2.734615	
644	-1.112853	-1.486243	2.732307	
645	-1.109681	-1.484647	2.731382	
646	-1.107075	-1.482597	2.730490	
647	-1.099953	-1.480923	2.729640	
648	-1.094316	-1.479206	2.727819	
649	-1.090568	-1.477242	2.726251	
650	-1.085807	-1.474896	2.724805	
651	-1.080242	-1.472349	2.722619	
652	-1.074610	-1.469128	2.721254	
653	-1.070722	-1.465368	2.719510	
654	-1.064116	-1.461773	2.717815	
655	-1.057853	-1.458016	2.715981	
656	-1.052796	-1.453775	2.714092	
657	-1.044433	-1.450058	2.711689	
658	-1.041510	-1.445173	2.710307	
659	-1.037229	-1.440395	2.708943	
660	-1.027218	-1.437754	2.706024	
661	-1.022242	-1.433784	2.704404	
662	-1.018838	-1.429493	2.702605	
663	-1.012696	-1.425741	2.699590	
664	-1.007669	-1.421829	2.696767	
665	-1.004071	-1.417488	2.693594	
666	-1.001018	-1.412688	2.689798	
667	-0.997993	-1.408005	2.685892	
668	-0.992014	-1.403827	2.680863	
669	-0.986906	-1.398900	2.676301	
670	-0.984020	-1.392740	2.673066	
671	-0.977257	-1.388162	2.667676	
672	-0.970992	-1.382959	2.662477	
673	-0.959587	-1.373979	2.650734	
674	-0.951991	-1.370031	2.644953	
675	-0.938540	-1.362665	2.633377	
676	-0.927999	-1.361131	2.626243	
677	-0.926130	-1.356225	2.623320	
678	-0.922501	-1.351738	2.619994	
679	-0.916244	-1.348497	2.614643	
680	-0.910189	-1.344592	2.610464	
681	-0.906992	-1.339448	2.608109	
682	-0.901524	-1.336223	2.604465	
683	-0.895848	-1.332766	2.601692	
684	-0.887463	-1.324539	2.598366	
685	-0.882019	-1.321828	2.595796	
686	-0.880805	-1.315941	2.596377	
687	-0.877613	-1.312008	2.595189	
688	-0.870914	-1.309958	2.592965	
689	-0.868849	-1.303529	2.595367	
690	-0.865767	-1.298495	2.595604	
691	-0.860944	-1.295052	2.594896	
692	-0.858342	-1.289833	2.596217	
693	-0.857510	-1.284188	2.598255	
694	-0.853170	-1.281905	2.597617	
695	-0.851008	-1.277567	2.599380	
696	-0.849750	-1.273438	2.600667	
697	-0.844378	-1.272645	2.599345	
698	-0.843334	-1.268449	2.601851	
699	-0.842008	-1.265569	2.603133	
700	-0.837398	-1.265063	2.602793	
701	-0.836404	-1.261639	2.605389	
702	-0.834599	-1.259273	2.606666	
703	-0.830984	-1.257840	2.607853	
704	-0.829234	-1.254858	2.610664	
705	-0.826881	-1.252928	2.612764	
706	-0.823823	-1.250545	2.615221	
707	-0.821226	-1.247722	2.617980	
708	-0.819388	-1.245136	2.620875	
709	-0.816463	-1.243494	2.622790	
710	-0.814022	-1.240668	2.625500	
711	-0.812194	-1.237967	2.628254	
712	-0.803337	-1.231156	2.636480	
713	-0.797875	-1.231501	2.636308	
714	-0.791997	-1.231818	2.637401	
715	-0.790737	-1.229071	2.641213	
716	-0.784808	-1.230169	2.641877	
717	-0.781275	-1.229261	2.644664	
718	-0.779540	-1.226901	2.648160	
719	-0.774633	-1.227084	2.649850	
720	-0.770467	-1.226717	2.652110	
721	-0.768126	-1.224710	2.655677	
722	-0.762568	-1.225749	2.656235	
723	-0.757639	-1.226493	2.658341	
724	-0.755380	-1.225208	2.662064	
725	-0.752030	-1.225468	2.663877	
726	-0.746033	-1.227719	2.664804	
727	-0.743464	-1.226583	2.669301	
728	-0.740492	-1.225863	2.672213	
729	-0.735176	-1.227390	2.673137	
730	-0.731192	-1.227461	2.677540	
731	-0.728577	-1.226616	2.680228	
732	-0.722960	-1.228555	2.681256	
733	-0.720213	-1.227878	2.685462	
734	-0.716544	-1.228183	2.687814	
735	-0.711843	-1.229794	2.688947	
736	-0.709332	-1.229121	2.692468	
737	-0.705813	-1.229928	2.694263	
738	-0.701410	-1.231931	2.696497	
739	-0.698734	-1.232446	2.699489	
740	-0.694337	-1.235731	2.699326	
741	-0.692282	-1.237560	2.702168	
742	-0.690547	-1.238420	2.705414	
743	-0.689007	-1.239849	2.707524	
744	-0.688799	-1.239352	2.711232	
745	-0.686741	-1.240695	2.713350	
746	-0.684865	-1.242237	2.716624	
747	-0.683904	-1.242641	2.719646	
748	-0.681156	-1.244211	2.722083	
749	-0.678988	-1.245342	2.724690	
750	-0.678901	-1.244910	2.729009	
751	-0.676219	-1.246361	2.731323	
752	-0.673883	-1.247904	2.735517	
753	-0.672370	-1.249279	2.740510	
754	-0.670115	-1.251450	2.744363	
755	-0.666884	-1.254812	2.747759	
756	-0.665460	-1.257009	2.752782	
757	-0.663080	-1.260420	2.757368	
758	-0.659025	-1.265436	2.761100	
759	-0.658089	-1.268094	2.767869	
760	-0.655147	-1.272370	2.772283	
761	-0.652506	-1.276689	2.778017	
762	-0.650785	-1.280157	2.784992	
763	-0.648834	-1.283534	2.790704	
764	-0.646301	-1.287342	2.796014	
765	-0.643459	-1.291526	2.801567	
766	-0.640332	-1.295690	2.807261	
767	-0.638406	-1.298885	2.814242	
768	-0.634593	-1.303722	2.818582	
769	-0.632715	-1.307229	2.824758	
770	-0.632244	-1.308742	2.831598	
771	-0.627820	-1.313286	2.835260	
772	-0.625183	-1.316212	2.841137	
773	-0.622674	-1.318635	2.846149	
774	-0.617940	-1.322508	2.848155	
775	-0.616640	-1.323079	2.854518	
776	-0.614853	-1.323668	2.859460	
777	-0.609838	-1.325922	2.862198	
778	-0.606210	-1.326826	2.866364	
779	-0.602184	-1.327451	2.870231	
780	-0.596216	-1.330405	2.870408	
781	-0.591524	-1.332196	2.872227	
782	-0.587334	-1.333891	2.873410	
783	-0.581447	-1.336379	2.872859	
784	-0.575104	-1.339128	2.873742	
785	-0.570067	-1.340839	2.875404	
786	-0.562905	-1.342773	2.876210	
787	-0.557260	-1.344608	2.877334	
788	-0.545655	-1.347801	2.881397	
789	-0.537932	-1.349980	2.883437	
790	-0.531466	-1.352069	2.886036	
791	-0.523802	-1.354526	2.886877	
792	-0.515638	-1.356875	2.887861	
793	-0.506601	-1.360398	2.888307	
794	-0.499878	-1.362293	2.890744	
795	-0.491196	-1.364896	2.891389	
796	-0.481448	-1.368133	2.891308	
797	-0.474339	-1.369334	2.894104	
798	-0.466541	-1.371114	2.895830	
799	-0.457052	-1.374319	2.896008	
800	-0.450268	-1.375540	2.898953	
801	-0.433198	-1.380993	2.898621	
802	-0.420969	-1.383541	2.900531	
803	-0.408732	-1.386452	2.900998	
804	-0.403227	-1.387458	2.901482	
805	-0.396359	-1.389129	2.900955	
806	-0.392524	-1.388516	2.902485	
807	-0.385927	-1.389002	2.901918	
808	-0.378974	-1.389920	2.901025	
809	-0.372790	-1.389307	2.902243	
810	-0.365336	-1.390215	2.901185	
811	-0.357430	-1.391621	2.899972	
812	-0.350646	-1.390929	2.901293	
813	-0.344462	-1.391790	2.901095	
814	-0.336200	-1.393427	2.899999	
815	-0.330433	-1.392766	2.900968	
816	-0.323016	-1.393668	2.900573	
817	-0.315510	-1.394413	2.898919	
818	-0.310810	-1.393477	2.899415	
819	-0.304303	-1.394403	2.896896	
820	-0.298259	-1.395073	2.894868	
821	-0.292595	-1.394706	2.893540	
822	-0.287654	-1.394656	2.891841	
823	-0.282895	-1.394041	2.890394	
824	-0.277250	-1.392547	2.889151	
825	-0.271293	-1.392119	2.886850	
826	-0.265912	-1.390219	2.885293	
827	-0.261359	-1.387507	2.884115	
828	-0.257215	-1.385443	2.881933	
829	-0.245335	-1.379324	2.877935	
830	-0.239419	-1.376416	2.874794	
831	-0.233414	-1.373231	2.870884	
832	-0.227253	-1.368636	2.867900	
833	-0.221410	-1.364477	2.863512	
834	-0.213426	-1.360640	2.858200	
835	-0.205986	-1.355875	2.853675	
836	-0.196980	-1.350649	2.849065	
837	-0.188085	-1.347429	2.842404	
838	-0.178829	-1.343468	2.836344	
839	-0.170827	-1.338994	2.830408	
840	-0.161767	-1.335351	2.823871	
841	-0.144822	-1.328242	2.809935	
842	-0.137045	-1.324737	2.803352	
843	-0.129288	-1.321727	2.795761	
844	-0.121727	-1.317585	2.789942	
845	-0.116135	-1.315344	2.782711	
846	-0.107658	-1.312064	2.776699	
847	-0.100728	-1.308817	2.770287	
848	-0.095433	-1.307154	2.763892	
849	-0.087976	-1.303864	2.758073	
850	-0.080876	-1.304667	2.748474	
851	-0.073936	-1.304164	2.741624	
852	-0.066735	-1.300630	2.737544	
853	-0.062802	-1.301819	2.729090	
854	-0.055911	-1.302939	2.721688	
855	-0.047645	-1.302145	2.715182	
856	-0.043720	-1.301636	2.708477	
857	-0.038202	-1.300821	2.701557	
858	-0.033063	-1.299742	2.694090	
859	-0.026829	-1.298144	2.687455	
860	-0.019566	-1.296026	2.681719	
861	-0.015412	-1.296020	2.673614	
862	-0.007397	-1.295341	2.668283	
863	0.000248	-1.296008	2.661023	
864	0.007669	-1.297100	2.654509	
865	0.013367	-1.297984	2.648893	
866	0.020549	-1.299971	2.642019	
867	0.028472	-1.301752	2.636176	
868	0.034903	-1.303455	2.630736	
869	0.039720	-1.305822	2.623581	
870	0.045925	-1.308557	2.616292	
871	0.053239	-1.310294	2.610233	
872	0.059164	-1.312504	2.603598	
873	0.064140	-1.314691	2.595939	
874	0.069046	-1.317278	2.587816	
875	0.079589	-1.319160	2.573848	
876	0.082642	-1.321077	2.564681	
877	0.087382	-1.321951	2.557131	
878	0.090151	-1.323219	2.547852	
879	0.098107	-1.322869	2.533270	
880	0.099032	-1.322398	2.524120	
881	0.100789	-1.321901	2.515631	
882	0.105965	-1.319760	2.509388	
883	0.107498	-1.318618	2.502184	
884	0.108574	-1.318448	2.493247	
885	0.108427	-1.316869	2.484630	
886	0.111654	-1.315444	2.475316	
887	0.112675	-1.314142	2.466876	
888	0.115956	-1.312129	2.458087	
889	0.116896	-1.310277	2.449701	
890	0.120178	-1.309041	2.440081	
891	0.123149	-1.308775	2.429458	
892	0.125835	-1.307738	2.420517	
893	0.128585	-1.306783	2.410638	
894	0.129539	-1.306495	2.399843	
895	0.133663	-1.306606	2.389535	
896	0.137662	-1.307169	2.379961	
897	0.140706	-1.308368	2.371310	
898	0.145536	-1.308611	2.364375	
899	0.148044	-1.308193	2.356525	
900	0.151854	-1.307361	2.348973	
901	0.152967	-1.306392	2.340716	
902	0.155990	-1.304603	2.334385	
903	0.157959	-1.302765	2.326974	
904	0.162836	-1.300780	2.321563	
905	0.165671	-1.298412	2.315700	
906	0.166887	-1.296387	2.308734	
907	0.168316	-1.295083	2.300284	
908	0.173264	-1.292662	2.295008	
909	0.178918	-1.290341	2.290454	
910	0.182546	-1.289103	2.285331	
911	0.186811	-1.287298	2.280734	
912	0.192643	-1.285712	2.278684	
913	0.195750	-1.285383	2.274356	
914	0.201667	-1.283314	2.272148	
915	0.204821	-1.281241	2.267975	
916	0.209721	-1.279163	2.265111	
917	0.211170	-1.276930	2.262994	
918	0.215573	-1.274626	2.260239	
919	0.221156	-1.273157	2.257239	
920	0.223561	-1.271080	2.256472	
921	0.225151	-1.269690	2.254436	
922	0.229235	-1.268542	2.252585	
923	0.235039	-1.266544	2.251066	
924	0.238631	-1.265510	2.249516	
925	0.242188	-1.264776	2.248940	
926	0.243737	-1.263716	2.249312	
927	0.249115	-1.263301	2.248279	
928	0.255300	-1.263209	2.248009	
929	0.255421	-1.262505	2.250384	
930	0.262238	-1.262349	2.249577	
931	0.266069	-1.262993	2.251398	
932	0.268984	-1.263186	2.254522	
933	0.272486	-1.263977	2.256032	
934	0.275395	-1.264757	2.258620	
935	0.277907	-1.265224	2.261298	
936	0.280910	-1.266142	2.262853	
937	0.284649	-1.267093	2.264188	
938	0.288062	-1.267544	2.269039	
939	0.290633	-1.268405	2.272970	
940	0.293317	-1.269004	2.276080	
941	0.296000	-1.269418	2.279169	
942	0.299566	-1.269962	2.281460	
943	0.301697	-1.270520	2.284047	
944	0.303869	-1.270601	2.289200	
945	0.306331	-1.270776	2.292566	
946	0.310989	-1.271364	2.295378	
947	0.311874	-1.271433	2.298665	
948	0.314662	-1.272588	2.301170	
949	0.317379	-1.273336	2.304602	
950	0.323398	-1.274873	2.307561	
951	0.325881	-1.275598	2.311352	
952	0.328576	-1.275888	2.313159	
953	0.330856	-1.275924	2.317172	
954	0.332241	-1.275343	2.321656	
955	0.335954	-1.274592	2.324788	
956	0.338593	-1.273666	2.326529	
957	0.340966	-1.271970	2.330830	
958	0.342061	-1.270626	2.337047	
959	0.341926	-1.268481	2.340900	
960	0.345048	-1.268319	2.345518	
961	0.347012	-1.267694	2.350142	
962	0.346616	-1.266635	2.355897	
963	0.352304	-1.266977	2.357496	
964	0.352706	-1.267061	2.363330	
965	0.353464	-1.266288	2.367943	
966	0.359224	-1.267461	2.370870	
967	0.360200	-1.267708	2.376468	
968	0.363393	-1.268275	2.381878	
969	0.369527	-1.270930	2.385003	
970	0.372703	-1.271932	2.390840	
971	0.374687	-1.273580	2.398483	
972	0.380013	-1.276800	2.403907	
973	0.383138	-1.277591	2.412080	
974	0.383650	-1.276904	2.419030	
975	0.387776	-1.279536	2.424809	
976	0.389156	-1.279855	2.434209	
977	0.392686	-1.281164	2.438445	
978	0.397728	-1.284408	2.445780	
979	0.396623	-1.283445	2.454441	
980	0.398411	-1.283493	2.454971	
981	0.404367	-1.285106	2.460851	
982	0.405344	-1.284756	2.469078	
983	0.407716	-1.285530	2.471214	
984	0.410463	-1.286334	2.476717	
985	0.410946	-1.286183	2.482812	
986	0.411748	-1.286696	2.485713	
987	0.414256	-1.287441	2.491505	
988	0.416648	-1.288275	2.495459	
989	0.419343	-1.289863	2.498224	
990	0.421833	-1.289892	2.504567	
991	0.422351	-1.289791	2.508810	
992	0.424305	-1.290892	2.513218	
993	0.425663	-1.289263	2.518964	
994	0.427820	-1.289049	2.522632	
995	0.430743	-1.289726	2.525298	
996	0.432606	-1.287749	2.530765	
997	0.432672	-1.284831	2.539025	
998	0.435373	-1.284353	2.541955	
999	0.437681	-1.282509	2.548113	
1000	0.440895	-1.280376	2.560050	
1001	0.442343	-1.277839	2.570339	
1002	0.443251	-1.277379	2.578639	
1003	0.443700	-1.277864	2.583528	
1004	0.442608	-1.276134	2.590214	
1005	0.441560	-1.275454	2.594520	
1006	0.441183	-1.273978	2.599641	
1007	0.441536	-1.273204	2.602952	
1008	0.442076	-1.273163	2.606555	
1009	0.442305	-1.272835	2.609327	
1010	0.443164	-1.273277	2.610960	
1011	0.444156	-1.273667	2.613605	
1012	0.443826	-1.272864	2.616703	
1013	0.443910	-1.272481	2.620191	
1014	0.445554	-1.273070	2.620922	
1015	0.447726	-1.275100	2.624248	
1016	0.446568	-1.274192	2.628366	
1017	0.447802	-1.274294	2.629678	
1018	0.450086	-1.275511	2.631290	
1019	0.452130	-1.273669	2.633263	
1020	0.454311	-1.274077	2.633289	
1021	0.452636	-1.270463	2.634610	
1022	0.455305	-1.270604	2.635005	
1023	0.455669	-1.264480	2.633187	
1024	0.458753	-1.259474	2.631546	
1025	0.458123	-1.254466	2.630670	
1026	0.458812	-1.250560	2.629555	
1027	0.462018	-1.248719	2.627872	
1028	0.462590	-1.244303	2.626865	
1029	0.464335	-1.240700	2.627373	
1030	0.466980	-1.237988	2.627799	
1031	0.466321	-1.231353	2.626463	
1032	0.468558	-1.228601	2.627691	
1033	0.472070	-1.226696	2.628191	
1034	0.472298	-1.221437	2.628122	
1035	0.475353	-1.218182	2.627461	
1036	0.478899	-1.217520	2.628840	
1037	0.480860	-1.213418	2.627945	
1038	0.481958	-1.210117	2.628993	
1039	0.485691	-1.208130	2.627862	
1040	0.487825	-1.206379	2.627982	
1041	0.489545	-1.202956	2.625917	
1042	0.491139	-1.200065	2.623926	
1043	0.493693	-1.198707	2.621694	
1044	0.494929	-1.196175	2.619457	
1045	0.496413	-1.194832	2.618810	
1046	0.498397	-1.193071	2.617192	
1047	0.499774	-1.189009	2.615951	
1048	0.501922	-1.188654	2.615970	
1049	0.503109	-1.187053	2.615021	
1050	0.503729	-1.186665	2.616415	
1051	0.504990	-1.184484	2.614832	
1052	0.505882	-1.182708	2.614285	
1053	0.506118	-1.181548	2.615342	
1054	0.506644	-1.180975	2.616799	
1055	0.507175	-1.179314	2.617249	
1056	0.507118	-1.178323	2.619522	
1057	0.507205	-1.175498	2.619790	
1058	0.507455	-1.174228	2.621968	
1059	0.506618	-1.173616	2.625802	
1060	0.507479	-1.172913	2.627978	
1061	0.507000	-1.175375	2.634539	
1062	0.504821	-1.174896	2.639398	
1063	0.505307	-1.175794	2.643098	
1064	0.506000	-1.173506	2.642792	
1065	0.504953	-1.170275	2.643030	
1066	0.507764	-1.170380	2.643360	
1067	0.507696	-1.171319	2.647675	
1068	0.506622	-1.168477	2.649011	
1069	0.508611	-1.168785	2.650922	
1070	0.509494	-1.168487	2.653291	
1071	0.506840	-1.164428	2.655652	
1072	0.508540	-1.158250	2.650794	
1073	0.507586	-1.158866	2.656844	
1074	0.505765	-1.151875	2.655244	
1075	0.506685	-1.147557	2.653748	
1076	0.505310	-1.147599	2.659822	
1077	0.503194	-1.145276	2.664146	
1078	0.502501	-1.143466	2.667201	
1079	0.501770	-1.141874	2.670089	
1080	0.501206	-1.141483	2.673667	
1081	0.498499	-1.139839	2.678643	
1082	0.499658	-1.140187	2.681205	
1083	0.499626	-1.141016	2.685784	
1084	0.496908	-1.137531	2.688056	
1085	0.499650	-1.139463	2.688840	
1086	0.499794	-1.138010	2.688312	
1087	0.497202	-1.135908	2.690694	
1088	0.498750	-1.137729	2.691036	
1089	0.496009	-1.136545	2.693108	
1090	0.492544	-1.136147	2.696204	
1091	0.493439	-1.138298	2.695429	
1092	0.490230	-1.137814	2.696691	
1093	0.487226	-1.137398	2.697535	
1094	0.487611	-1.139543	2.695318	
1095	0.482735	-1.139687	2.698835	
1096	0.481977	-1.141523	2.697978	
1097	0.480674	-1.143384	2.697792	
1098	0.476119	-1.142429	2.699379	
1099	0.476048	-1.144935	2.697925	
1100	0.472262	-1.148862	2.703448	
1101	0.466043	-1.152105	2.706572	
1102	0.462244	-1.156046	2.712778	
1103	0.458672	-1.159056	2.717970	
1104	0.454970	-1.159442	2.719615	
1105	0.450220	-1.159654	2.722209	
1106	0.446082	-1.162108	2.727143	
1107	0.442726	-1.163299	2.728851	
1108	0.437881	-1.164671	2.733657	
1109	0.433840	-1.167310	2.738370	
1110	0.429636	-1.168717	2.740882	
1111	0.425395	-1.172357	2.746558	
1112	0.420936	-1.177038	2.753192	
1113	0.416851	-1.182168	2.759451	
1114	0.411898	-1.183724	2.760947	
1115	0.407379	-1.188732	2.767808	
1116	0.395665	-1.195108	2.778245	
1117	0.391418	-1.200325	2.783771	
1118	0.385902	-1.202807	2.786634	
1119	0.379108	-1.204314	2.790249	
1120	0.374585	-1.209290	2.795776	
1121	0.368564	-1.214313	2.805310	
1122	0.362101	-1.213236	2.803250	
1123	0.357417	-1.216842	2.806705	
1124	0.351539	-1.220089	2.813797	
1125	0.345676	-1.221319	2.817946	
1126	0.341626	-1.224996	2.823477	
1127	0.336535	-1.225875	2.827354	
1128	0.333076	-1.229171	2.833438	
1129	0.329783	-1.231718	2.836557	
1130	0.325601	-1.232069	2.837910	
1131	0.323081	-1.233877	2.840127	
1132	0.320854	-1.236936	2.844532	
1133	0.318222	-1.237509	2.844810	
1134	0.317399	-1.239545	2.843906	
1135	0.316233	-1.242372	2.847305	
1136	0.315228	-1.244115	2.847518	
1137	0.314019	-1.245210	2.847860	
1138	0.313747	-1.247320	2.847550	
1139	0.312225	-1.247480	2.848413	
1140	0.311205	-1.247568	2.847193	
1141	0.311216	-1.249821	2.848714	
1142	0.308752	-1.248159	2.848330	
1143	0.308614	-1.250264	2.850778	
1144	0.307043	-1.250388	2.851855	
1145	0.305245	-1.250423	2.854082	
1146	0.303650	-1.250867	2.856297	
1147	0.301787	-1.251721	2.861813	
1148	0.299105	-1.251605	2.864769	
1149	0.297256	-1.252614	2.868777	
1150	0.296062	-1.254890	2.873344	
1151	0.292279	-1.254796	2.878007	
1152	0.291095	-1.257362	2.881747	
1153	0.289668	-1.260885	2.886636	
1154	0.286191	-1.261842	2.890248	
1155	0.284335	-1.264197	2.891876	
1156	0.282024	-1.267197	2.895070	
1157	0.279294	-1.269653	2.897455	
1158	0.277430	-1.273392	2.900244	
1159	0.274817	-1.275785	2.903184	
1160	0.272807	-1.279062	2.905088	
1161	0.270488	-1.282917	2.908681	
1162	0.267766	-1.285476	2.910927	
1163	0.266091	-1.289322	2.911684	
1164	0.263459	-1.292863	2.917049	
1165	0.261225	-1.296103	2.917250	
1166	0.259569	-1.299839	2.919869	
1167	0.256890	-1.301697	2.921427	
1168	0.255866	-1.305898	2.923138	
1169	0.254513	-1.309689	2.927653	
1170	0.253170	-1.312877	2.930699	
1171	0.251966	-1.316264	2.934324	
1172	0.250532	-1.318897	2.937737	
1173	0.248529	-1.321359	2.940559	
1174	0.246221	-1.323561	2.943075	
1175	0.245271	-1.326730	2.943880	
1176	0.242498	-1.328290	2.949708	
1177	0.239501	-1.329207	2.951596	
1178	0.238287	-1.332194	2.955719	
1179	0.234791	-1.332797	2.960885	
1180	0.232859	-1.335090	2.963266	
1181	0.230632	-1.337956	2.968365	
1182	0.228511	-1.341680	2.974802	
1183	0.226079	-1.345090	2.978643	
1184	0.223557	-1.348705	2.983394	
1185	0.219608	-1.352130	2.988488	
1186	0.216102	-1.356078	2.991936	
1187	0.212391	-1.360740	2.998319	
1188	0.207868	-1.364766	3.003496	
1189	0.203799	-1.368884	3.008030	
1190	0.200282	-1.374232	3.013333	
1191	0.195131	-1.378338	3.018828	
1192	0.190871	-1.383103	3.022902	
1193	0.185156	-1.388000	3.029414	
1194	0.178471	-1.392060	3.036046	
1195	0.174081	-1.398253	3.041988	
1196	0.168956	-1.403768	3.048116	
1197	0.164338	-1.408838	3.053905	
1198	0.159889	-1.413962	3.060979	
1199	0.155392	-1.419248	3.068070	
1200	0.151149	-1.424636	3.073527	
1201	0.146575	-1.429626	3.079804	
1202	0.138791	-1.440427	3.095265	
1203	0.135041	-1.445440	3.102961	
1204	0.131892	-1.451071	3.110021	
1205	0.128738	-1.456036	3.117074	
1206	0.126874	-1.461720	3.125556	
1207	0.124055	-1.465784	3.134122	
1208	0.122780	-1.470830	3.141542	
1209	0.121130	-1.475618	3.150221	
1210	0.119235	-1.480455	3.157903	
1211	0.117146	-1.484574	3.163959	
1212	0.114792	-1.488407	3.170876	
1213	0.112243	-1.495945	3.183381	
1214	0.111732	-1.499649	3.189867	
1215	0.112033	-1.503375	3.194533	
1216	0.113215	-1.507842	3.201151	
1217	0.115176	-1.511632	3.207012	
1218	0.116675	-1.515000	3.213773	
1219	0.119925	-1.518596	3.218874	
1220	0.123177	-1.521983	3.224979	
1221	0.127423	-1.525425	3.231202	
1222	0.131533	-1.527884	3.236804	
1223	0.136459	-1.530748	3.242911	
1224	0.142163	-1.533085	3.250431	
1225	0.147995	-1.534977	3.256552	
1226	0.155751	-1.537626	3.263727	
1227	0.163103	-1.539563	3.272136	
1228	0.170520	-1.541180	3.279184	
1229	0.179374	-1.544475	3.285765	
1230	0.187842	-1.546874	3.295376	
1231	0.196003	-1.549561	3.301915	
1232	0.205986	-1.553682	3.309826	
1233	0.213978	-1.556769	3.316098	
1234	0.222504	-1.560701	3.321721	
1235	0.231347	-1.564691	3.328294	
1236	0.239201	-1.568186	3.332593	
1237	0.247083	-1.571495	3.337950	
1238	0.254758	-1.574512	3.343147	
1239	0.262684	-1.577650	3.348958	
1240	0.269407	-1.581212	3.354826	
1241	0.275714	-1.585517	3.359868	
1242	0.282168	-1.589386	3.366354	
1243	0.287042	-1.593290	3.370252	
1244	0.293067	-1.597175	3.375575	
1245	0.298373	-1.600782	3.381044	
1246	0.303735	-1.605133	3.385026	
1247	0.310706	-1.609520	3.391990	
1248	0.316092	-1.613741	3.397405	
1249	0.322350	-1.619136	3.402122	
1250	0.333449	-1.626899	3.410160	
1251	0.339869	-1.632094	3.415212	
1252	0.346124	-1.637327	3.421056	
1253	0.353524	-1.642555	3.427055	
1254	0.368387	-1.654119	3.440691	
1255	0.375886	-1.660314	3.447401	
1256	0.381873	-1.665308	3.454311	
1257	0.389409	-1.670531	3.460770	
1258	0.395443	-1.674569	3.468321	
1259	0.402360	-1.678068	3.475730	
1260	0.409488	-1.683058	3.479896	
1261	0.415904	-1.686961	3.485607	
1262	0.422384	-1.691035	3.491384	
1263	0.429487	-1.694829	3.495896	
1264	0.435958	-1.698069	3.499924	
1265	0.442292	-1.700550	3.504314	
1266	0.450155	-1.703174	3.508448	
1267	0.459130	-1.706194	3.511856	
1268	0.468541	-1.708796	3.515936	
1269	0.477947	-1.711066	3.519909	
1270	0.487513	-1.713225	3.523272	
1271	0.497530	-1.714976	3.526695	
1272	0.508089	-1.716202	3.530796	
1273	0.519994	-1.718122	3.532773	
1274	0.531419	-1.719507	3.535685	
1275	0.542162	-1.719863	3.539396	
1276	0.554616	-1.721660	3.540735	
1277	0.567491	-1.722450	3.543306	
1278	0.579777	-1.723325	3.545362	
1279	0.590761	-1.722915	3.548867	
1280	0.604333	-1.723327	3.550311	
1281	0.615465	-1.723672	3.552902	
1282	0.627867	-1.724145	3.553838	
1283	0.639491	-1.724790	3.554812	
1284	0.651674	-1.726400	3.554942	
1285	0.664483	-1.727607	3.556203	
1286	0.677613	-1.728870	3.557789	
1287	0.689754	-1.730379	3.558466	
1288	0.701228	-1.731823	3.559009	
1289	0.714207	-1.732521	3.560147	
1290	0.728124	-1.733964	3.560391	
1291	0.741535	-1.733572	3.561974	
1292	0.752451	-1.735065	3.561193	
1293	0.765972	-1.735785	3.562044	
1294	0.777006	-1.737222	3.562069	
1295	0.789522	-1.738583	3.562200	
1296	0.802896	-1.739145	3.563095	
1297	0.813831	-1.739716	3.563745	
1298	0.823996	-1.740477	3.564175	
1299	0.838068	-1.741741	3.564453	
1300	0.849207	-1.743327	3.565546	
1301	0.862154	-1.744051	3.567036	
1302	0.875414	-1.746158	3.568384	
1303	0.886812	-1.746895	3.571716	
1304	0.898544	-1.748804	3.573965	
1305	0.913392	-1.749412	3.578059	
1306	0.925143	-1.750915	3.581371	
1307	0.939118	-1.752824	3.585252	
1308	0.950452	-1.755318	3.589642	
1309	0.960795	-1.757840	3.594897	
1310	0.972871	-1.760708	3.600163	
1311	0.986771	-1.762599	3.606386	
1312	0.997853	-1.764256	3.612744	
1313	1.009144	-1.768527	3.616691	
1314	1.021924	-1.770911	3.621875	
1315	1.030514	-1.773316	3.626837	
1316	1.040610	-1.776386	3.630556	
1317	1.049277	-1.778173	3.635549	
1318	1.065678	-1.781992	3.644776	
1319	1.074458	-1.783557	3.648530	
1320	1.083712	-1.784430	3.653023	
1321	1.092305	-1.785592	3.656354	
1322	1.102539	-1.787493	3.658637	
1323	1.117499	-1.787016	3.661680	
1324	1.126660	-1.787933	3.664010	
1325	1.137595	-1.789536	3.665191	
1326	1.147811	-1.789309	3.668031	
1327	1.157989	-1.790294	3.668732	
1328	1.168603	-1.791481	3.669085	
1329	1.179580	-1.790211	3.670505	
1330	1.190828	-1.790669	3.670105	
1331	1.202271	-1.790281	3.668818	
1332	1.213537	-1.789402	3.667972	
1333	1.226528	-1.786568	3.668842	
1334	1.251136	-1.784119	3.664014	
1335	1.264977	-1.780819	3.662948	
1336	1.275673	-1.776526	3.664440	
1337	1.306209	-1.772248	3.660272	
1338	1.332951	-1.768583	3.654806	
1339	1.348106	-1.764434	3.652194	
1340	1.358282	-1.761088	3.650272	
1341	1.370819	-1.760131	3.644996	
1342	1.381768	-1.758186	3.641320	
1343	1.393755	-1.757255	3.636172	
1344	1.404310	-1.757385	3.630765	
1345	1.421559	-1.753260	3.626640	
1346	1.424296	-1.754434	3.622556	
1347	1.440458	-1.751468	3.617410	
1348	1.445178	-1.750247	3.614483	
1349	1.451487	-1.750416	3.608963	
1350	1.461621	-1.748902	3.604244	
1351	1.471443	-1.745379	3.600912	
1352	1.477791	-1.746258	3.595154	
1353	1.486931	-1.744554	3.590426	
1354	1.496338	-1.741639	3.587292	
1355	1.504938	-1.741210	3.580844	
1356	1.515754	-1.738392	3.576236	
1357	1.524870	-1.735972	3.572700	
1358	1.536821	-1.734185	3.565858	
1359	1.547766	-1.730902	3.562726	
1360	1.557570	-1.728524	3.559389	
1361	1.570210	-1.726592	3.555222	
1362	1.583765	-1.723596	3.551112	
1363	1.593890	-1.719948	3.549782	
1364	1.606013	-1.718476	3.545752	
1365	1.619864	-1.715934	3.541945	
1366	1.631871	-1.713039	3.539441	
1367	1.642243	-1.712024	3.535272	
1368	1.654869	-1.708249	3.532506	
1369	1.663875	-1.706285	3.529093	
1370	1.675182	-1.703613	3.524984	
1371	1.686199	-1.699359	3.523008	
1372	1.695662	-1.697412	3.519012	
1373	1.705541	-1.694802	3.515446	
1374	1.714594	-1.691375	3.511749	
1375	1.723017	-1.688617	3.508116	
1376	1.731010	-1.686082	3.504197	
1377	1.740014	-1.682873	3.498950	
1378	1.748104	-1.680137	3.494119	
1379	1.755111	-1.677332	3.488937	
1380	1.763648	-1.673537	3.483267	
1381	1.773138	-1.667000	3.479119	
1382	1.778066	-1.663468	3.475231	
1383	1.784936	-1.659885	3.468121	
1384	1.794229	-1.653552	3.461277	
1385	1.799532	-1.649080	3.455389	
1386	1.807189	-1.644267	3.446791	
1387	1.815503	-1.637880	3.438052	
1388	1.821331	-1.633986	3.428735	
1389	1.828537	-1.628418	3.419661	
1390	1.833740	-1.622670	3.413640	
1391	1.841939	-1.617463	3.404488	
1392	1.851939	-1.612435	3.393458	
1393	1.858831	-1.605955	3.386964	
1394	1.864233	-1.601921	3.380294	
1395	1.877222	-1.593883	3.366648	
1396	1.889492	-1.584257	3.351258	
1397	1.896293	-1.579262	3.343780	
1398	1.902345	-1.574424	3.336774	
1399	1.908901	-1.571790	3.327231	
1400	1.915431	-1.567386	3.320004	
1401	1.922004	-1.563996	3.312025	
1402	1.928417	-1.560951	3.303152	
1403	1.934005	-1.557842	3.294655	
1404	1.939976	-1.554624	3.285450	
1405	1.945305	-1.550109	3.278869	
1406	1.951142	-1.545252	3.273638	
1407	1.957121	-1.541308	3.265792	
1408	1.963936	-1.536445	3.257696	
1409	1.971094	-1.530506	3.251621	
1410	1.978276	-1.525022	3.243673	
1411	1.986470	-1.518908	3.235196	
1412	1.993774	-1.513390	3.227123	
1413	2.002649	-1.508602	3.217356	
1414	2.012496	-1.501532	3.210173	
1415	2.020298	-1.495604	3.204014	
1416	2.030167	-1.489719	3.197506	
1417	2.040700	-1.483402	3.191005	
1418	2.050384	-1.476658	3.186569	
1419	2.059563	-1.470767	3.180336	
1420	2.070591	-1.464602	3.172862	
1421	2.080605	-1.458211	3.166578	
1422	2.090877	-1.452467	3.159451	
1423	2.098945	-1.446755	3.154327	
1424	2.114449	-1.437939	3.140615	
1425	2.120667	-1.432726	3.136350	
1426	2.126511	-1.429741	3.130677	
1427	2.132966	-1.426624	3.122866	
1428	2.139312	-1.422487	3.115808	
1429	2.144415	-1.418494	3.110491	
1430	2.149054	-1.414147	3.106794	
1431	2.153659	-1.410382	3.101875	
1432	2.158278	-1.407170	3.093854	
1433	2.163633	-1.402122	3.087132	
1434	2.167691	-1.397206	3.083219	
1435	2.171522	-1.391851	3.078183	
1436	2.175920	-1.386354	3.072650	
1437	2.178353	-1.383038	3.064293	
1438	2.181484	-1.379106	3.057115	
1439	2.184316	-1.373178	3.052262	
1440	2.187252	-1.368170	3.045888	
1441	2.191140	-1.362991	3.037013	
1442	2.194124	-1.357366	3.029041	
1443	2.196592	-1.352804	3.021801	
1444	2.200478	-1.347104	3.011353	
1445	2.204323	-1.341659	2.998884	
1446	2.206599	-1.337381	2.992680	
1447	2.208435	-1.334298	2.981543	
1448	2.212708	-1.328492	2.967276	
1449	2.214298	-1.323548	2.963391	
1450	2.215098	-1.320553	2.955906	
1451	2.219489	-1.312380	2.944978	
1452	2.221866	-1.305217	2.936325	
1453	2.219985	-1.303464	2.927575	
1454	2.221830	-1.297027	2.916255	
1455	2.224086	-1.288874	2.908041	
1456	2.224725	-1.283441	2.900540	
1457	2.226538	-1.277797	2.889982	
1458	2.228263	-1.271516	2.880762	
1459	2.229882	-1.265417	2.872398	
1460	2.232365	-1.258041	2.867220	
1461	2.234268	-1.253251	2.855952	
1462	2.236476	-1.248401	2.845569	
1463	2.240211	-1.240978	2.841022	
1464	2.241730	-1.236958	2.829195	
1465	2.246066	-1.229921	2.819849	
1466	2.249019	-1.223309	2.814713	
1467	2.249911	-1.220239	2.803393	
1468	2.254842	-1.213374	2.791579	
1469	2.257321	-1.209372	2.780732	
1470	2.260151	-1.206319	2.769272	
1471	2.269281	-1.195632	2.753334	
1472	2.273077	-1.192333	2.744441	
1473	2.278250	-1.187861	2.737895	
1474	2.283440	-1.183975	2.727152	
1475	2.288952	-1.180397	2.718479	
1476	2.294744	-1.176803	2.708966	
1477	2.299945	-1.172828	2.698182	
1478	2.306692	-1.166342	2.688512	
1479	2.312233	-1.160860	2.681601	
1480	2.316774	-1.156644	2.672033	
1481	2.322145	-1.150028	2.662957	
1482	2.325650	-1.146081	2.655446	
1483	2.329601	-1.141510	2.647716	
1484	2.333534	-1.135912	2.637942	
1485	2.337656	-1.129686	2.632993	
1486	2.340147	-1.125637	2.624154	
1487	2.342774	-1.120373	2.615441	
1488	2.345875	-1.114773	2.609449	
1489	2.347115	-1.111071	2.600503	
1490	2.349177	-1.105510	2.590047	
1491	2.350115	-1.100357	2.581632	
1492	2.350849	-1.095278	2.571157	
1493	2.352867	-1.084395	2.553602	
1494	2.352971	-1.080237	2.542607	
1495	2.353361	-1.074025	2.533490	
1496	2.353964	-1.067558	2.528746	
1497	2.354057	-1.061522	2.521136	
1498	2.351576	-1.058547	2.506687	
1499	2.351183	-1.050524	2.499339	
1500	2.350526	-1.043052	2.493503	
1501	2.350074	-1.034465	2.484048	
1502	2.350039	-1.026025	2.475929	
1503	2.348443	-1.019658	2.466634	
1504	2.347309	-1.013478	2.454877	
1505	2.346159	-1.008327	2.442467	
1506	2.344293	-1.004477	2.429400	
1507	2.343218	-0.998651	2.417573	
1508	2.342370	-0.992539	2.406533	
1509	2.341931	-0.986524	2.396677	
1510	2.340300	-0.981129	2.384388	
1511	2.340006	-0.974361	2.374248	
1512	2.338724	-0.968900	2.365172	
1513	2.336202	-0.965893	2.355346	
1514	2.335841	-0.959201	2.346464	
1515	2.335010	-0.953749	2.339109	
1516	2.332761	-0.950911	2.328955	
1517	2.330776	-0.946140	2.321368	
1518	2.328931	-0.942561	2.313896	
1519	2.327296	-0.939053	2.307628	
1520	2.326350	-0.933648	2.301577	
1521	2.325243	-0.929935	2.295219	
1522	2.324772	-0.927148	2.290021	
1523	2.325034	-0.922957	2.284785	
1524	2.325618	-0.918752	2.279938	
1525	2.325549	-0.916586	2.273402	
1526	2.324917	-0.914316	2.264450	
1527	2.326225	-0.910984	2.258411	
1528	2.326663	-0.908495	2.250215	
1529	2.328100	-0.904411	2.242517	
1530	2.330493	-0.899398	2.234373	
1531	2.334055	-0.893168	2.226947	
1532	2.337650	-0.887033	2.217834	
1533	2.341417	-0.881402	2.209163	
1534	2.343721	-0.876892	2.198946	
1535	2.347128	-0.872213	2.189051	
1536	2.351805	-0.865201	2.180377	
1537	2.355373	-0.860933	2.170862	
1538	2.359218	-0.855597	2.161484	
1539	2.363070	-0.851038	2.152869	
1540	2.366642	-0.846691	2.144324	
1541	2.370343	-0.841763	2.134132	
1542	2.375125	-0.836488	2.127409	
1543	2.378704	-0.832410	2.119406	
1544	2.381820	-0.829904	2.110723	
1545	2.386201	-0.823908	2.103946	
1546	2.388876	-0.819496	2.096285	
1547	2.391708	-0.815982	2.087598	
1548	2.394904	-0.810813	2.079760	
1549	2.398201	-0.805092	2.072459	
1550	2.400873	-0.800212	2.063413	
1551	2.403747	-0.794036	2.054687	
1552	2.404949	-0.790027	2.045601	
1553	2.406865	-0.786171	2.037518	
1554	2.408482	-0.780951	2.029161	
1555	2.410101	-0.775736	2.020823	
1556	2.411534	-0.770450	2.012757	
1557	2.411849	-0.766440	2.004189	
1558	2.412361	-0.762893	1.995760	
1559	2.412802	-0.757730	1.987049	
1560	2.414084	-0.751320	1.978748	
1561	2.415067	-0.745604	1.970325	
1562	2.415222	-0.739428	1.959414	
1563	2.414572	-0.735342	1.949730	
1564	2.415094	-0.722939	1.929222	
1565	2.415748	-0.717403	1.919969	
1566	2.416822	-0.711474	1.910469	
1567	2.418277	-0.704401	1.899445	
1568	2.420708	-0.698902	1.889688	
1569	2.423483	-0.691114	1.879840	
1570	2.425909	-0.686162	1.871522	
1571	2.427622	-0.682361	1.861362	
1572	2.430126	-0.677306	1.851765	
1573	2.432054	-0.673475	1.844451	
1574	2.432381	-0.671658	1.834544	
1575	2.435630	-0.666038	1.827655	
1576	2.436570	-0.664318	1.817825	
1577	2.439119	-0.660803	1.809507	
1578	2.441281	-0.658725	1.802065	
1579	2.446648	-0.652869	1.785468	
1580	2.448367	-0.649673	1.775289	
1581	2.450336	-0.648296	1.766794	
1582	2.454771	-0.643468	1.759876	
1583	2.457779	-0.640391	1.748975	
1584	2.461387	-0.636842	1.739597	
1585	2.464425	-0.634180	1.729107	
1586	2.468153	-0.629394	1.718715	
1587	2.472206	-0.624900	1.708395	
1588	2.476493	-0.619816	1.698588	
1589	2.482040	-0.613591	1.689071	
1590	2.485597	-0.610234	1.678001	
1591	2.489063	-0.607777	1.666867	
1592	2.492673	-0.603724	1.655050	
1593	2.497314	-0.600320	1.646231	
1594	2.501910	-0.595285	1.636481	
1595	2.506684	-0.589857	1.625991	
1596	2.511562	-0.582481	1.617176	
1597	2.515796	-0.577950	1.607282	
1598	2.520777	-0.571341	1.599246	
1599	2.524260	-0.565508	1.590110	
1600	2.528635	-0.558534	1.582011	
1601	2.532066	-0.551959	1.573623	
1602	2.534730	-0.546336	1.566787	
1603	2.538011	-0.539663	1.559269	
1604	2.539738	-0.534173	1.552476	
1605	2.541926	-0.528903	1.547100	
1606	2.543595	-0.521559	1.540489	
1607	2.543730	-0.515957	1.534092	
1608	2.544558	-0.511428	1.528005	
1609	2.545479	-0.505318	1.522168	
1610	2.544812	-0.501495	1.515660	
1611	2.545209	-0.495814	1.509758	
1612	2.543862	-0.491330	1.502797	
1613	2.541827	-0.486020	1.495819	
1614	2.538437	-0.473928	1.480610	
1615	2.535204	-0.468409	1.470715	
1616	2.531996	-0.463717	1.463214	
1617	2.528877	-0.457154	1.454176	
1618	2.526255	-0.450840	1.446061	
1619	2.522201	-0.444532	1.436888	
1620	2.518510	-0.437408	1.428426	
1621	2.514183	-0.432454	1.419549	
1622	2.509913	-0.427957	1.411823	
1623	2.505496	-0.423203	1.403433	
1624	2.501372	-0.418339	1.395459	
1625	2.496920	-0.412672	1.386863	
1626	2.491982	-0.409542	1.379368	
1627	2.485628	-0.406828	1.370775	
1628	2.481140	-0.403611	1.364404	
1629	2.474980	-0.401771	1.356184	
1630	2.469497	-0.399508	1.349046	
1631	2.465481	-0.396995	1.342181	
1632	2.460648	-0.394742	1.333251	
1633	2.456745	-0.392908	1.325240	
1634	2.452435	-0.390645	1.316517	
1635	2.450108	-0.387770	1.310218	
1636	2.446276	-0.386187	1.303269	
1637	2.442247	-0.383710	1.296942	
1638	2.438352	-0.382173	1.290763	
1639	2.434351	-0.379124	1.285497	
1640	2.430706	-0.377078	1.280747	
1641	2.425001	-0.375940	1.274983	
1642	2.421150	-0.373008	1.270489	
1643	2.417923	-0.371219	1.267017	
1644	2.412570	-0.370014	1.262842	
1645	2.409247	-0.368381	1.260140	
1646	2.405079	-0.367962	1.258059	
1647	2.400484	-0.365532	1.255061	
1648	2.398170	-0.362123	1.255351	
1649	2.394512	-0.358053	1.254175	
1650	2.390348	-0.356704	1.253244	
1651	2.386083	-0.354428	1.251364	
1652	2.379258	-0.352547	1.247154	
1653	2.374537	-0.350099	1.245169	
1654	2.370336	-0.347752	1.244074	
1655	2.364507	-0.346044	1.241873	
1656	2.358366	-0.344228	1.239196	
1657	2.352454	-0.340745	1.238066	
1658	2.345818	-0.339463	1.236449	
1659	2.338590	-0.337580	1.234221	
1660	2.331448	-0.336480	1.232552	
1661	2.322587	-0.334866	1.229866	
1662	2.313789	-0.333657	1.227484	
1663	2.305624	-0.332261	1.225738	
1664	2.294931	-0.331556	1.222426	
1665	2.285741	-0.330423	1.220063	
1666	2.278203	-0.329077	1.218725	
1667	2.268602	-0.329519	1.216386	
1668	2.256815	-0.330152	1.211641	
1669	2.248684	-0.329750	1.209664	
1670	2.238905	-0.329148	1.207022	
1671	2.226551	-0.328314	1.203393	
1672	2.216171	-0.327971	1.201592	
1673	2.205997	-0.328373	1.201144	
1674	2.193009	-0.328242	1.199185	
1675	2.181171	-0.327189	1.196913	
1676	2.170874	-0.326318	1.196254	
1677	2.158314	-0.326085	1.194617	
1678	2.147162	-0.324244	1.193352	
1679	2.137928	-0.323298	1.194062	
1680	2.127822	-0.322662	1.193869	
1681	2.118122	-0.321265	1.193367	
1682	2.108983	-0.320899	1.193208	
1683	2.100703	-0.319186	1.193121	
1684	2.092904	-0.317207	1.192934	
1685	2.084832	-0.316354	1.192443	
1686	2.077528	-0.315133	1.191047	
1687	2.070732	-0.313425	1.190171	
1688	2.056285	-0.311321	1.188033	
1689	2.050313	-0.309336	1.187931	
1690	2.043371	-0.307933	1.186170	
1691	2.036412	-0.305548	1.184159	
1692	2.029844	-0.302804	1.182612	
1693	2.023802	-0.298934	1.180799	
1694	2.017159	-0.294289	1.178583	
1695	2.010144	-0.290477	1.175972	
1696	2.003050	-0.286993	1.172462	
1697	1.997129	-0.281792	1.169877	
1698	1.991053	-0.277668	1.166046	
1699	1.984792	-0.273828	1.162242	
1700	1.979363	-0.269310	1.158775	
1701	1.974683	-0.264925	1.155722	
1702	1.968535	-0.260608	1.151310	
1703	1.963688	-0.255904	1.147829	
1704	1.957681	-0.252807	1.142458	
1705	1.951964	-0.248818	1.137228	
1706	1.947952	-0.244777	1.133429	
1707	1.941745	-0.241741	1.127743	
1708	1.936627	-0.237547	1.123064	
1709	1.931730	-0.234485	1.118708	
1710	1.924840	-0.231622	1.113909	
1711	1.918633	-0.227477	1.109414	
1712	1.913732	-0.223959	1.106215	
1713	1.907199	-0.221828	1.102068	
1714	1.899969	-0.218108	1.097543	
1715	1.892725	-0.214480	1.093009	
1716	1.884980	-0.212389	1.088564	
1717	1.877694	-0.209265	1.084588	
1718	1.868929	-0.206394	1.079310	
1719	1.860435	-0.203773	1.074866	
1720	1.851812	-0.200344	1.070569	
1721	1.842630	-0.198108	1.065989	
1722	1.833667	-0.195780	1.062382	
1723	1.823482	-0.193100	1.058251	
1724	1.813165	-0.190920	1.053855	
1725	1.801597	-0.189127	1.049621	
1726	1.790729	-0.186878	1.045925	
1727	1.781922	-0.185378	1.042657	
1728	1.772160	-0.183254	1.039630	
1729	1.753880	-0.179222	1.034002	
1730	1.745579	-0.177638	1.032344	
1731	1.736649	-0.175641	1.030181	
1732	1.729260	-0.174345	1.028892	
1733	1.721041	-0.173079	1.027020	
1734	1.714145	-0.172082	1.026493	
1735	1.707529	-0.169624	1.025300	
1736	1.700212	-0.168044	1.023293	
1737	1.694257	-0.168189	1.022363	
1738	1.687887	-0.166682	1.020173	
1739	1.681235	-0.165938	1.018345	
1740	1.676050	-0.165215	1.017415	
1741	1.669206	-0.163684	1.015783	
1742	1.665204	-0.162543	1.015234	
1743	1.658913	-0.160553	1.013488	
1744	1.654427	-0.159218	1.012481	
1745	1.648852	-0.158248	1.010313	
1746	1.644239	-0.157682	1.008384	
1747	1.637375	-0.155741	1.005374	
1748	1.633241	-0.155931	1.003333	
1749	1.627326	-0.154863	1.000088	
1750	1.621485	-0.151990	0.996579	
1751	1.616381	-0.150195	0.993577	
1752	1.610420	-0.148483	0.989702	
1753	1.604083	-0.145227	0.985737	
1754	1.597872	-0.141499	0.981446	
1755	1.591614	-0.139509	0.976513	
1756	1.585468	-0.134668	0.971681	
1757	1.579744	-0.131154	0.966679	
1758	1.566374	-0.124138	0.954799	
1759	1.560774	-0.120754	0.949179	
1760	1.554831	-0.117402	0.943578	
1761	1.548016	-0.113812	0.937078	
1762	1.542063	-0.110860	0.930485	
1763	1.535873	-0.108038	0.924426	
1764	1.530531	-0.102772	0.918851	
1765	1.525198	-0.099165	0.913076	
1766	1.511893	-0.092453	0.901117	
1767	1.505821	-0.089651	0.895139	
1768	1.499544	-0.084270	0.889976	
1769	1.494012	-0.080066	0.884635	
1770	1.488628	-0.078897	0.878659	
1771	1.483780	-0.075060	0.874057	
1772	1.479679	-0.071023	0.869718	
1773	1.475060	-0.069469	0.865141	
1774	1.470361	-0.067330	0.860960	
1775	1.465648	-0.066913	0.857337	
1776	1.454474	-0.070423	0.847773	
1777	1.449032	-0.070820	0.843179	
1778	1.443144	-0.072979	0.838643	
1779	1.437166	-0.077662	0.833455	
1780	1.430265	-0.079825	0.828615	
1781	1.416247	-0.087751	0.817938	
1782	1.409480	-0.089064	0.813569	
1783	1.401805	-0.090714	0.809286	
1784	1.394931	-0.091070	0.805740	
1785	1.387271	-0.091408	0.801913	
1786	1.379783	-0.092571	0.798022	
1787	1.372477	-0.093611	0.794183	
1788	1.365778	-0.093297	0.790990	
1789	1.352999	-0.092914	0.785891	
1790	1.346263	-0.093471	0.783026	
1791	1.340425	-0.093842	0.780595	
1792	1.333522	-0.092932	0.777980	
1793	1.328633	-0.094224	0.775222	
1794	1.321111	-0.093235	0.771951	
1795	1.318058	-0.093278	0.769965	
1796	1.310940	-0.093271	0.766853	
1797	1.304808	-0.092714	0.764315	
1798	1.299557	-0.091918	0.761716	
1799	1.293935	-0.091601	0.758973	
1800	1.288644	-0.089471	0.756803	
1801	1.283414	-0.088062	0.753293	
1802	1.278058	-0.086940	0.749925	
1803	1.272555	-0.085987	0.746713	
1804	1.269258	-0.085616	0.743677	
1805	1.265141	-0.082793	0.741752	
1806	1.261338	-0.080907	0.740265	
1807	1.256328	-0.080164	0.737394	
1808	1.253655	-0.077760	0.735249	
1809	1.249129	-0.075444	0.732921	
1810	1.246438	-0.073779	0.729627	
1811	1.241605	-0.070373	0.726193	
1812	1.238784	-0.066442	0.723128	
1813	1.234868	-0.064224	0.717986	
1814	1.228979	-0.061311	0.712369	
1815	1.225339	-0.055676	0.708132	
1816	1.223083	-0.053617	0.701813	
1817	1.219318	-0.049942	0.695675	
1818	1.216093	-0.044431	0.690831	
1819	1.215377	-0.044957	0.684031	
1820	1.211527	-0.040660	0.678252	
1821	1.207016	-0.036007	0.673774	
1822	1.204047	-0.031199	0.669008	
1823	1.200778	-0.028762	0.663942	
1824	1.197339	-0.026550	0.658920	
1825	1.193791	-0.025451	0.653352	
1826	1.189327	-0.023760	0.648565	
1827	1.186299	-0.020993	0.644354	
1828	1.181338	-0.019937	0.639076	
1829	1.176293	-0.017181	0.635846	
1830	1.172937	-0.018130	0.630944	
1831	1.167527	-0.018205	0.626340	
1832	1.158679	-0.016084	0.622600	
1833	1.151677	-0.014735	0.618891	
1834	1.145176	-0.016063	0.613916	
1835	1.135643	-0.015784	0.609565	
1836	1.127750	-0.015171	0.605841	
1837	1.122456	-0.017334	0.601376	
1838	1.112604	-0.018610	0.597291	
1839	1.102846	-0.020683	0.593859	
1840	1.094820	-0.025370	0.590147	
1841	1.085142	-0.031260	0.586601	
1842	1.074158	-0.035203	0.584219	
1843	1.065982	-0.038078	0.583205	
1844	1.055893	-0.040702	0.582990	
1845	1.043972	-0.043676	0.583163	
1846	1.032995	-0.048271	0.582878	
1847	1.022500	-0.052249	0.583280	
1848	1.011026	-0.054406	0.584361	
1849	1.002396	-0.058734	0.585531	
1850	0.991913	-0.061218	0.586899	
1851	0.980035	-0.065349	0.588797	
1852	0.970080	-0.068113	0.590208	
1853	0.958628	-0.070589	0.591719	
1854	0.947476	-0.075370	0.592823	
1855	0.938084	-0.079867	0.593472	
1856	0.927532	-0.080566	0.595801	
1857	0.917949	-0.084125	0.597951	
1858	0.909241	-0.085814	0.599921	
1859	0.899557	-0.089706	0.601825	
1860	0.890607	-0.092413	0.603992	
1861	0.883887	-0.092590	0.606249	
1862	0.875571	-0.094292	0.609779	
1863	0.868656	-0.097670	0.612072	
1864	0.861680	-0.098455	0.614635	
1865	0.854152	-0.098965	0.617815	
1866	0.846763	-0.102180	0.621083	
1867	0.839984	-0.104429	0.623957	
1868	0.831372	-0.101070	0.627954	
1869	0.826229	-0.102645	0.631717	
1870	0.821726	-0.108046	0.633475	
1871	0.814383	-0.107893	0.636358	
1872	0.805778	-0.109297	0.640470	
1873	0.801693	-0.114938	0.641829	
1874	0.796948	-0.115857	0.643711	
1875	0.788768	-0.116274	0.647167	
1876	0.784942	-0.121373	0.649046	
1877	0.779558	-0.119732	0.651359	
1878	0.773283	-0.122395	0.654928	
1879	0.768646	-0.123796	0.657265	
1880	0.763553	-0.123926	0.659759	
1881	0.757908	-0.124367	0.663204	
1882	0.753564	-0.124912	0.666767	
1883	0.749900	-0.126718	0.670150	
1884	0.741500	-0.125833	0.677614	
1885	0.737203	-0.128257	0.681050	
1886	0.732150	-0.127340	0.685601	
1887	0.727562	-0.125729	0.689712	
1888	0.723919	-0.126010	0.693321	
1889	0.719759	-0.125906	0.697865	
1890	0.718142	-0.126791	0.702812	
1891	0.715148	-0.126979	0.707672	
1892	0.711975	-0.127609	0.713513	
1893	0.709051	-0.124043	0.720325	
1894	0.705680	-0.125845	0.727470	
1895	0.702942	-0.124377	0.735849	
1896	0.701061	-0.124104	0.744223	
1897	0.698019	-0.124040	0.752685	
1898	0.695605	-0.122680	0.761539	
1899	0.693260	-0.121513	0.770077	
1900	0.690473	-0.122628	0.777819	
1901	0.688738	-0.125123	0.785350	
1902	0.684683	-0.123930	0.792901	
1903	0.682402	-0.126402	0.800394	
1904	0.680251	-0.129859	0.808047	
1905	0.676497	-0.129604	0.816465	
1906	0.673424	-0.132984	0.824295	
1907	0.669672	-0.136139	0.831588	
1908	0.666287	-0.138185	0.840091	
1909	0.663609	-0.142288	0.847835	
1910	0.660719	-0.145895	0.854867	
1911	0.658203	-0.148516	0.863680	
1912	0.655374	-0.152643	0.871440	
1913	0.651845	-0.155837	0.877809	
1914	0.650212	-0.157619	0.886495	
1915	0.649504	-0.160836	0.894026	
1916	0.648046	-0.163843	0.900603	
1917	0.647006	-0.165318	0.908069	
1918	0.646833	-0.167552	0.915168	
1919	0.646560	-0.171340	0.920839	
1920	0.646141	-0.172500	0.927328	
1921	0.646307	-0.174369	0.933529	
1922	0.647452	-0.177849	0.938985	
1923	0.649284	-0.179305	0.945169	
1924	0.650828	-0.182750	0.950767	
1925	0.651917	-0.185168	0.955673	
1926	0.652736	-0.187426	0.960570	
1927	0.654030	-0.190067	0.965994	
1928	0.655912	-0.192096	0.971414	
1929	0.656648	-0.194667	0.976293	
1930	0.657947	-0.195505	0.982782	
1931	0.658524	-0.198632	0.988081	
1932	0.659162	-0.199549	0.993570	
1933	0.661473	-0.200757	0.999902	
1934	0.662963	-0.203400	1.004555	
1935	0.663554	-0.204310	1.009161	
1936	0.665008	-0.204681	1.014770	
1937	0.665579	-0.204607	1.019353	
1938	0.667533	-0.203856	1.029981	
1939	0.668013	-0.204352	1.034152	
1940	0.668844	-0.203803	1.038448	
1941	0.670029	-0.200694	1.049119	
1942	0.670070	-0.199006	1.053772	
1943	0.670612	-0.196311	1.059715	
1944	0.672420	-0.194639	1.065087	
1945	0.672519	-0.191884	1.070921	
1946	0.672470	-0.189117	1.076854	
1947	0.672859	-0.186879	1.082519	
1948	0.670930	-0.179786	1.100542	
1949	0.670611	-0.176976	1.107329	
1950	0.670838	-0.175513	1.114182	
1951	0.671081	-0.173918	1.128418	
1952	0.670893	-0.173540	1.135668	
1953	0.669633	-0.172877	1.142788	
1954	0.669171	-0.172684	1.149349	
1955	0.669390	-0.173194	1.155744	
1956	0.670001	-0.172928	1.162383	
1957	0.669547	-0.174279	1.173394	
1958	0.669257	-0.174745	1.178957	
1959	0.668940	-0.175568	1.184029	
1960	0.669827	-0.175386	1.189695	
1961	0.670397	-0.175836	1.195354	
1962	0.670579	-0.176322	1.200424	
1963	0.670750	-0.176878	1.205309	
1964	0.671896	-0.176555	1.210488	
1965	0.672797	-0.176862	1.215385	
1966	0.673434	-0.177561	1.219707	
1967	0.673786	-0.177022	1.224378	
1968	0.673486	-0.176830	1.228353	
1969	0.673890	-0.176529	1.232002	
1970	0.673582	-0.175329	1.236341	
1971	0.674222	-0.173831	1.240052	
1972	0.674623	-0.172653	1.243246	
1973	0.674182	-0.170949	1.246458	
1974	0.675963	-0.170122	1.249524	
1975	0.675936	-0.168799	1.251884	
1976	0.674418	-0.167715	1.253975	
1977	0.673929	-0.166888	1.255727	
1978	0.673615	-0.166184	1.257917	
1979	0.673120	-0.165999	1.259445	
1980	0.671539	-0.164576	1.260910	
1981	0.670223	-0.163375	1.262754	
1982	0.668973	-0.162456	1.264456	
1983	0.665079	-0.161414	1.267226	
1984	0.663005	-0.159484	1.269315	
1985	0.660861	-0.156624	1.271171	
1986	0.657887	-0.153652	1.273151	
1987	0.654574	-0.151737	1.274218	
1988	0.650645	-0.148675	1.275465	
1989	0.647300	-0.146635	1.276643	
1990	0.643973	-0.145572	1.277394	
1991	0.640387	-0.144459	1.278010	
1992	0.638074	-0.143685	1.279046	
1993	0.635131	-0.143791	1.279766	
1994	0.632392	-0.143477	1.280851	
1995	0.630647	-0.142813	1.282268	
1996	0.628259	-0.142491	1.283723	
1997	0.625176	-0.141708	1.285201	
1998	0.621952	-0.140598	1.286769	
1999	0.617977	-0.140121	1.287616	
2000	0.613679	-0.139543	1.288564	
2001	0.609230	-0.140231	1.288690	
2002	0.604439	-0.139458	1.289052	
2003	0.600151	-0.139063	1.289681	
2004	0.596469	-0.139358	1.290100	
2005	0.592329	-0.139013	1.290701	
2006	0.588193	-0.138540	1.291368	
2007	0.584210	-0.139184	1.291416	
2008	0.579649	-0.139376	1.291323	
2009	0.574289	-0.139342	1.290659	
2010	0.569334	-0.138771	1.290107	
2011	0.564052	-0.137954	1.289743	
2012	0.558527	-0.137444	1.289018	
2013	0.552981	-0.138594	1.287344	
2014	0.547782	-0.137204	1.286372	
2015	0.542724	-0.136220	1.285426	
2016	0.538826	-0.135214	1.284743	
2017	0.535105	-0.132931	1.284656	
2018	0.530769	-0.133549	1.283193	
2019	0.527987	-0.132133	1.282973	
2020	0.524575	-0.131984	1.282611	
2021	0.521823	-0.131583	1.282015	
2022	0.518859	-0.130587	1.281425	
2023	0.513507	-0.130760	1.280110	
2024	0.511316	-0.130047	1.279631	
2025	0.508992	-0.130193	1.279285	
2026	0.505812	-0.130490	1.277885	
2027	0.503407	-0.128493	1.277853	
2028	0.500904	-0.128950	1.277196	
2029	0.498560	-0.127638	1.276381	
2030	0.496285	-0.127529	1.276000	
2031	0.493501	-0.126831	1.275023	
2032	0.490748	-0.125995	1.274255	
2033	0.487631	-0.125924	1.273205	
2034	0.483828	-0.125124	1.271482	
2035	0.480840	-0.124527	1.270569	
2036	0.476958	-0.123846	1.268717	
2037	0.473438	-0.123263	1.267242	
2038	0.469409	-0.122677	1.264902	
2039	0.465985	-0.122736	1.263463	
2040	0.462335	-0.121664	1.261313	
2041	0.459237	-0.121433	1.259511	
2042	0.456060	-0.121047	1.257550	
2043	0.453425	-0.120139	1.256064	
2044	0.446271	-0.118362	1.249918	
2045	0.439537	-0.115254	1.244173	
2046	0.435225	-0.114023	1.240199	
2047	0.432654	-0.112423	1.237567	
2048	0.429231	-0.111454	1.233932	
2049	0.425928	-0.108924	1.230787	
2050	0.422500	-0.108546	1.227356	
2051	0.419258	-0.107178	1.224303	
2052	0.416628	-0.105535	1.222137	
2053	0.413445	-0.104925	1.218859	
2054	0.411021	-0.103023	1.216677	
2055	0.407417	-0.102082	1.213352	
2056	0.404068	-0.101279	1.210285	
2057	0.398246	-0.098053	1.204844	
2058	0.394996	-0.097647	1.201652	
2059	0.392568	-0.095881	1.199541	
2060	0.389479	-0.094377	1.196495	
2061	0.386395	-0.092114	1.193691	
2062	0.381199	-0.087852	1.188971	
2063	0.378383	-0.085511	1.186315	
2064	0.374146	-0.080069	1.181937	
2065	0.372328	-0.078052	1.180213	
2066	0.370692	-0.076133	1.178079	
2067	0.369611	-0.073900	1.176754	
2068	0.367260	-0.073154	1.174026	
2069	0.365856	-0.072074	1.171830	
2070	0.361762	-0.070879	1.167166	
2071	0.360363	-0.070630	1.165061	
2072	0.358613	-0.069762	1.162494	
2073	0.356651	-0.070649	1.159357	
2074	0.354897	-0.070741	1.156081	
2075	0.354069	-0.069782	1.153642	
2076	0.351969	-0.070029	1.149520	
2077	0.351148	-0.068900	1.146186	
2078	0.350184	-0.068305	1.142732	
2079	0.349386	-0.068763	1.138923	
2080	0.348437	-0.067860	1.134942	
2081	0.348217	-0.066376	1.131352	
2082	0.346871	-0.065932	1.126559	
2083	0.346597	-0.064558	1.122136	
2084	0.345942	-0.063171	1.117091	
2085	0.345084	-0.061615	1.111458	
2086	0.345354	-0.059866	1.106560	
2087	0.345519	-0.059705	1.101261	
2088	0.345500	-0.058360	1.095112	
2089	0.346347	-0.056465	1.089241	
2090	0.347391	-0.055519	1.083465	
2091	0.348824	-0.052859	1.078035	
2092	0.352779	-0.048760	1.073048	
2093	0.351490	-0.048141	1.066503	
2094	0.352999	-0.044387	1.061473	
2095	0.357189	-0.042774	1.055279	
2096	0.353898	-0.042377	1.048416	
2097	0.354824	-0.039210	1.042447	
2098	0.355874	-0.037843	1.035106	
2099	0.355445	-0.035585	1.027457	
2100	0.355922	-0.033029	1.019917	
2101	0.355324	-0.032444	1.011364	
2102	0.354983	-0.030073	1.003732	
2103	0.354797	-0.027606	0.997134	
2104	0.354619	-0.026771	0.990468	
2105	0.353237	-0.026953	0.983522	
2106	0.352201	-0.026842	0.977183	
2107	0.350388	-0.027344	0.970798	
2108	0.348020	-0.028718	0.964832	
2109	0.345985	-0.028659	0.960078	
2110	0.342676	-0.029835	0.954343	
2111	0.339203	-0.029562	0.948959	
2112	0.336968	-0.029257	0.944185	
2113	0.332668	-0.030107	0.938621	
2114	0.329523	-0.029182	0.933984	
2115	0.325842	-0.027680	0.929540	
2116	0.324179	-0.028035	0.926072	
2117	0.319535	-0.026558	0.920977	
2118	0.316945	-0.024763	0.917346	
2119	0.312970	-0.024671	0.911969	
2120	0.309992	-0.024058	0.906999	
2121	0.309322	-0.022104	0.903154	
2122	0.304785	-0.024576	0.891305	
2123	0.305387	-0.022408	0.886221	
2124	0.301437	-0.025285	0.871929	
2125	0.302501	-0.022178	0.866426	
2126	0.299833	-0.025268	0.857888	
2127	0.300052	-0.024475	0.851400	
2128	0.301669	-0.021761	0.845738	
2129	0.300051	-0.023045	0.836770	
2130	0.300342	-0.025582	0.828900	
2131	0.300365	-0.023376	0.822024	
2132	0.299121	-0.021568	0.812977	
2133	0.300015	-0.022626	0.798512	
2134	0.299520	-0.022825	0.782833	
2135	0.299098	-0.020206	0.776586	
2136	0.300084	-0.020472	0.770625	
2137	0.299674	-0.021629	0.763666	
2138	0.300023	-0.019716	0.758261	
2139	0.301094	-0.017941	0.752661	
2140	0.301011	-0.017405	0.746472	
2141	0.301477	-0.017627	0.740208	
2142	0.302473	-0.015784	0.734224	
2143	0.303978	-0.013616	0.728554	
2144	0.305385	-0.013230	0.722120	
2145	0.305980	-0.012272	0.715930	
2146	0.307378	-0.009479	0.709917	
2147	0.307895	-0.010364	0.703091	
2148	0.310175	-0.009563	0.696481	
2149	0.316474	-0.003445	0.685955	
2150	0.319040	-0.003337	0.679171	
2151	0.320664	-0.001058	0.672572	
2152	0.325253	0.001246	0.656549	
2153	0.327073	0.002951	0.648417	
2154	0.327581	0.007119	0.641132	
2155	0.328921	0.008615	0.632075	
2156	0.329865	0.009297	0.622692	
2157	0.331339	0.011799	0.614119	
2158	0.332717	0.015110	0.604902	
2159	0.333477	0.016248	0.593373	
2160	0.334664	0.018992	0.583190	
2161	0.339883	0.024214	0.561820	
2162	0.339806	0.025198	0.551086	
2163	0.340809	0.028585	0.541093	
2164	0.341010	0.030752	0.529262	
2165	0.340049	0.031211	0.516090	
2166	0.340450	0.033733	0.505597	
2167	0.340677	0.038885	0.495666	
2168	0.341371	0.039734	0.483123	
2169	0.339293	0.038724	0.470023	
2170	0.338686	0.041862	0.460512	
2171	0.337576	0.043631	0.449831	
2172	0.336386	0.044722	0.439134	
2173	0.336646	0.047148	0.430315	
2174	0.334875	0.049311	0.421735	
2175	0.334376	0.051378	0.412939	
2176	0.332245	0.052285	0.404328	
2177	0.331415	0.054919	0.397625	
2178	0.331319	0.056958	0.390547	
2179	0.332041	0.056708	0.382607	
2180	0.327261	0.060122	0.370634	
2181	0.323817	0.061069	0.364260	
2182	0.320632	0.061854	0.358812	
2183	0.312246	0.063284	0.353173	
2184	0.309616	0.064960	0.347347	
2185	0.304011	0.064911	0.340744	
2186	0.298623	0.065471	0.336152	
2187	0.292069	0.066840	0.330889	
2188	0.285345	0.067443	0.324809	
2189	0.277499	0.069396	0.319616	
2190	0.268839	0.071382	0.314543	
2191	0.262185	0.071990	0.308081	
2192	0.252900	0.072673	0.300647	
2193	0.243449	0.074097	0.295083	
2194	0.234980	0.075895	0.289490	
2195	0.226328	0.076676	0.282694	
2196	0.216091	0.076757	0.275917	
2197	0.207191	0.078254	0.270099	
2198	0.199355	0.079691	0.263768	
2199	0.189964	0.079657	0.256911	
2200	0.181441	0.080606	0.251169	
2201	0.175136	0.081604	0.245412	
2202	0.167515	0.083027	0.239259	
2203	0.158327	0.082918	0.233248	
2204	0.151104	0.083183	0.228323	
2205	0.142783	0.084629	0.223307	
2206	0.134460	0.084890	0.217834	
2207	0.126951	0.085255	0.212467	
2208	0.119943	0.085424	0.206823	
2209	0.113185	0.086064	0.200967	
2210	0.106196	0.086113	0.194972	
2211	0.098371	0.085733	0.189423	
2212	0.091523	0.086461	0.184477	
2213	0.084761	0.087032	0.179130	
2214	0.068017	0.089299	0.169758	
2215	0.059849	0.090261	0.164067	
2216	0.051705	0.091037	0.158454	
2217	0.043706	0.091322	0.152415	
2218	0.035389	0.092062	0.145578	
2219	0.026235	0.092529	0.139225	
2220	0.019144	0.093836	0.132879	
2221	0.011299	0.094094	0.125281	
2222	0.001181	0.095493	0.118003	
2223	-0.007472	0.098013	0.111784	
2224	-0.015479	0.100612	0.104306	
2225	-0.025841	0.102292	0.096510	
2226	-0.034113	0.104274	0.090233	
2227	-0.042906	0.108071	0.084038	
2228	-0.052095	0.111024	0.077317	
2229	-0.061497	0.114176	0.071585	
2230	-0.068104	0.118295	0.066002	
2231	-0.077265	0.121484	0.059878	
2232	-0.086998	0.125288	0.054408	
2233	-0.093943	0.129198	0.049111	
2234	-0.101602	0.134251	0.043738	
2235	-0.119528	0.143751	0.033964	
2236	-0.124177	0.148985	0.029886	
2237	-0.133554	0.152775	0.024068	
2238	-0.141524	0.156532	0.020254	
2239	-0.147223	0.159235	0.016792	
2240	-0.152986	0.161192	0.013492	
2241	-0.159907	0.162193	0.009926	
2242	-0.165327	0.163402	0.006790	
2243	-0.171809	0.163929	0.003363	
2244	-0.177989	0.164969	0.000680	
2245	-0.184090	0.165563	-0.002095	
2246	-0.192613	0.165818	-0.005210	
2247	-0.201856	0.166213	-0.007798	
2248	-0.207410	0.167067	-0.009498	
2249	-0.212670	0.168096	-0.012299	
2250	-0.221083	0.168526	-0.014928	
2251	-0.229098	0.170072	-0.016533	
2252	-0.236306	0.171206	-0.018372	
2253	-0.243132	0.171486	-0.019988	
2254	-0.251320	0.171505	-0.021288	
2255	-0.258571	0.171593	-0.022466	
2256	-0.279119	0.169410	-0.024169	
2257	-0.293977	0.167806	-0.026814	
2258	-0.301127	0.168056	-0.027759	
2259	-0.307829	0.168816	-0.028456	
2260	-0.315066	0.168589	-0.029331	
2261	-0.321727	0.169982	-0.029389	
2262	-0.328035	0.171905	-0.029289	
2263	-0.335081	0.172779	-0.029367	
2264	-0.343931	0.173122	-0.029963	
2265	-0.351753	0.175121	-0.029693	
2266	-0.357680	0.176578	-0.030426	
2267	-0.364990	0.176391	-0.032009	
2268	-0.372484	0.176795	-0.033692	
2269	-0.380329	0.176822	-0.035426	
2270	-0.388051	0.175257	-0.037899	
2271	-0.396110	0.173907	-0.040315	
2272	-0.402543	0.173069	-0.042620	
2273	-0.409972	0.171922	-0.045112	
2274	-0.416796	0.168836	-0.048252	
2275	-0.425897	0.167563	-0.050875	
2276	-0.432933	0.166078	-0.053295	
2277	-0.438650	0.165510	-0.055743	
2278	-0.447047	0.165115	-0.057623	
2279	-0.454203	0.163998	-0.059446	
2280	-0.458833	0.164570	-0.060893	
2281	-0.467731	0.163393	-0.062596	
2282	-0.475602	0.164896	-0.063470	
2283	-0.481745	0.164741	-0.065230	
2284	-0.489601	0.162959	-0.066967	
2285	-0.495074	0.161735	-0.068181	
2286	-0.499043	0.161212	-0.070164	
2287	-0.505218	0.160917	-0.072728	
2288	-0.511536	0.159822	-0.075597	
2289	-0.517554	0.157785	-0.079350	
2290	-0.523737	0.157974	-0.083245	
2291	-0.530171	0.157989	-0.087656	
2292	-0.536871	0.158373	-0.091986	
2293	-0.542922	0.159360	-0.096696	
2294	-0.548399	0.160310	-0.101878	
2295	-0.557003	0.163925	-0.106804	
2296	-0.563752	0.167157	-0.112202	
2297	-0.569474	0.170958	-0.117375	
2298	-0.578465	0.174437	-0.122478	
2299	-0.585628	0.177889	-0.127646	
2300	-0.591654	0.182470	-0.132183	
2301	-0.596633	0.186718	-0.137174	
2302	-0.604447	0.190749	-0.141438	
2303	-0.611402	0.192979	-0.146082	
2304	-0.618479	0.199050	-0.149692	
2305	-0.623713	0.204638	-0.153637	
2306	-0.631329	0.208410	-0.156996	
2307	-0.637378	0.212376	-0.160485	
2308	-0.643341	0.217119	-0.163938	
2309	-0.649547	0.219865	-0.167692	
2310	-0.654453	0.224610	-0.170652	
2311	-0.660132	0.227007	-0.174016	
2312	-0.665219	0.230430	-0.176547	
2313	-0.671426	0.232456	-0.178927	
2314	-0.676760	0.232458	-0.181670	
2315	-0.681800	0.234202	-0.183887	
2316	-0.686470	0.234873	-0.186037	
2317	-0.691257	0.236829	-0.187924	
2318	-0.699700	0.237932	-0.189766	
2319	-0.705277	0.238933	-0.191516	
2320	-0.709805	0.239836	-0.193707	
2321	-0.715175	0.240006	-0.196638	
2322	-0.721210	0.240538	-0.198999	
2323	-0.727342	0.240572	-0.201578	
2324	-0.732459	0.240149	-0.204857	
2325	-0.738838	0.238871	-0.207785	
2326	-0.745974	0.238583	-0.210536	
2327	-0.751085	0.238872	-0.214035	
2328	-0.757126	0.236001	-0.217127	
2329	-0.764117	0.232477	-0.220402	
2330	-0.785565	0.231005	-0.220303	
2331	-0.793198	0.230159	-0.222853	
2332	-0.798653	0.227479	-0.225655	
2333	-0.807846	0.227124	-0.227798	
2334	-0.815543	0.226753	-0.230040	
2335	-0.822935	0.224312	-0.232256	
2336	-0.833965	0.225051	-0.233662	
2337	-0.839325	0.225580	-0.236280	
2338	-0.846165	0.224339	-0.239058	
2339	-0.858907	0.226201	-0.241185	
2340	-0.872456	0.228955	-0.243173	
2341	-0.876671	0.229831	-0.246733	
2342	-0.883790	0.230430	-0.250040	
2343	-0.895187	0.231991	-0.252398	
2344	-0.901148	0.230937	-0.255652	
2345	-0.909292	0.230237	-0.258780	
2346	-0.913330	0.230759	-0.261941	
2347	-0.919903	0.228410	-0.265844	
2348	-0.929603	0.227983	-0.268348	
2349	-0.937596	0.227845	-0.271140	
2350	-0.944314	0.226927	-0.274465	
2351	-0.951487	0.227683	-0.277992	
2352	-0.955714	0.224861	-0.282643	
2353	-0.962363	0.222655	-0.286781	
2354	-0.969477	0.220769	-0.290592	
2355	-0.975068	0.218705	-0.294822	
2356	-0.978777	0.219495	-0.299241	
2357	-0.987682	0.220560	-0.302526	
2358	-0.994256	0.221945	-0.305965	
2359	-1.000575	0.223376	-0.309985	
2360	-1.015250	0.225159	-0.318189	
2361	-1.027009	0.229258	-0.328556	
2362	-1.037404	0.234371	-0.332924	
2363	-1.044542	0.237756	-0.338120	
2364	-1.058319	0.245129	-0.347677	
2365	-1.075322	0.253351	-0.356600	
2366	-1.092136	0.259073	-0.365281	
2367	-1.101965	0.265309	-0.369183	
2368	-1.106582	0.268538	-0.373945	
2369	-1.114500	0.272086	-0.377053	
2370	-1.123096	0.278424	-0.379261	
2371	-1.131924	0.283779	-0.380948	
2372	-1.135380	0.287054	-0.383319	
2373	-1.140315	0.288250	-0.384239	
2374	-1.150887	0.293128	-0.381900	
2375	-1.157386	0.297186	-0.379839	
2376	-1.156203	0.297698	-0.379119	
2377	-1.160140	0.299549	-0.377168	
2378	-1.168929	0.301156	-0.373128	
2379	-1.178407	0.300228	-0.366871	
2380	-1.182374	0.302076	-0.362670	
2381	-1.188862	0.300068	-0.358759	
2382	-1.196516	0.296909	-0.353292	
2383	-1.199399	0.295823	-0.348784	
2384	-1.205385	0.295928	-0.342522	
2385	-1.211577	0.293222	-0.336081	
2386	-1.219225	0.290598	-0.329178	
2387	-1.225369	0.288308	-0.322475	
2388	-1.231400	0.281686	-0.315495	
2389	-1.239866	0.278671	-0.307378	
2390	-1.247028	0.276541	-0.299757	
2391	-1.251831	0.272427	-0.292237	
2392	-1.255257	0.266128	-0.285423	
2393	-1.263983	0.261090	-0.277263	
2394	-1.271751	0.256716	-0.269759	
2395	-1.277164	0.254890	-0.262995	
2396	-1.282846	0.249425	-0.256593	
2397	-1.287827	0.242141	-0.250394	
2398	-1.294735	0.236595	-0.243512	
2399	-1.305848	0.227740	-0.234311	
2400	-1.311216	0.221410	-0.228443	
2401	-1.314274	0.214602	-0.222875	
2402	-1.315777	0.207862	-0.218045	
2403	-1.321126	0.202789	-0.212444	
2404	-1.325378	0.196911	-0.207660	
2405	-1.326828	0.191093	-0.203277	
2406	-1.331002	0.188407	-0.198344	
2407	-1.335223	0.183473	-0.193379	
2408	-1.340390	0.178785	-0.188169	
2409	-1.344362	0.174162	-0.183077	
2410	-1.351233	0.168070	-0.173085	
2411	-1.354044	0.159882	-0.164819	
2412	-1.358833	0.157641	-0.159908	
2413	-1.360934	0.154822	-0.155372	
2414	-1.358637	0.150076	-0.152514	
2415	-1.362797	0.146986	-0.147121	
2416	-1.363962	0.143744	-0.142988	
2417	-1.363240	0.140134	-0.138962	
2418	-1.363558	0.137205	-0.135091	
2419	-1.367897	0.134834	-0.129550	
2420	-1.367138	0.130641	-0.126454	
2421	-1.370516	0.127800	-0.121271	
2422	-1.373195	0.125561	-0.116692	
2423	-1.374088	0.121462	-0.113049	
2424	-1.378244	0.120261	-0.107874	
2425	-1.379525	0.119991	-0.103172	
2426	-1.379761	0.117645	-0.098744	
2427	-1.384692	0.114758	-0.092479	
2428	-1.386806	0.113560	-0.086624	
2429	-1.388554	0.113611	-0.081194	
2430	-1.385673	0.111920	-0.077277	
2431	-1.387901	0.111089	-0.071321	
2432	-1.389974	0.111444	-0.065677	
2433	-1.391630	0.109146	-0.060008	
2434	-1.392927	0.107367	-0.053804	
2435	-1.390934	0.106263	-0.049327	
2436	-1.391320	0.105531	-0.043060	
2437	-1.389742	0.102937	-0.037257	
2438	-1.384394	0.100705	-0.031867	
2439	-1.382158	0.096779	-0.024934	
2440	-1.379922	0.091298	-0.017559	
2441	-1.376017	0.086831	-0.009773	
2442	-1.368407	0.083868	-0.003070	
2443	-1.363536	0.078630	0.005146	
2444	-1.363459	0.072609	0.015270	
2445	-1.355997	0.069092	0.023871	
2446	-1.345108	0.062599	0.030386	
2447	-1.343714	0.054498	0.039947	
2448	-1.336565	0.050515	0.048628	
2449	-1.322334	0.044178	0.053657	
2450	-1.320068	0.034050	0.062050	
2451	-1.318107	0.028192	0.071851	
2452	-1.302888	0.023263	0.077851	
2453	-1.293464	0.016552	0.084472	
2454	-1.292274	0.011057	0.093828	
2455	-1.284572	0.006218	0.100682	
2456	-1.274429	0.003134	0.105956	
2457	-1.272027	-0.001286	0.112968	
2458	-1.268064	-0.003371	0.119255	
2459	-1.258322	-0.006713	0.123311	
2460	-1.250254	-0.010383	0.126513	
2461	-1.247491	-0.011123	0.131742	
2462	-1.245228	-0.011053	0.136712	
2463	-1.236500	-0.012555	0.139329	
2464	-1.228622	-0.012536	0.142982	
2465	-1.225226	-0.012104	0.148206	
2466	-1.222087	-0.012805	0.153239	
2467	-1.214891	-0.014899	0.157837	
2468	-1.208822	-0.012384	0.163879	
2469	-1.204924	-0.010725	0.168807	
2470	-1.200498	-0.011472	0.173276	
2471	-1.196704	-0.009210	0.178636	
2472	-1.194802	-0.007079	0.184669	
2473	-1.188958	-0.006415	0.188203	
2474	-1.185491	-0.006931	0.192575	
2475	-1.182635	-0.004784	0.197203	
2476	-1.176671	-0.004708	0.199870	
2477	-1.174185	-0.005907	0.203131	
2478	-1.170239	-0.005724	0.206097	
2479	-1.166322	-0.003526	0.209067	
2480	-1.164911	-0.003903	0.212050	
2481	-1.160197	-0.003891	0.215104	
2482	-1.156230	-0.002916	0.218875	
2483	-1.150113	-0.006054	0.221629	
2484	-1.149841	-0.003498	0.228398	
2485	-1.147622	-0.000940	0.234248	
2486	-1.139869	-0.002637	0.237761	
2487	-1.136647	-0.004552	0.242185	
2488	-1.138748	-0.001719	0.247705	
2489	-1.134763	-0.002936	0.251731	
2490	-1.130104	-0.002309	0.255684	
2491	-1.127725	-0.001555	0.259946	
2492	-1.126667	-0.002666	0.264739	
2493	-1.122491	0.003154	0.269446	
2494	-1.115723	0.002110	0.271402	
2495	-1.116634	0.003438	0.275746	
2496	-1.116714	0.008279	0.280684	
2497	-1.111084	0.008620	0.282338	
2498	-1.111409	0.008838	0.285304	
2499	-1.114398	0.014143	0.290142	
2500	-1.110530	0.014636	0.291384	
2501	-1.110540	0.014805	0.293429	
2502	-1.112346	0.016958	0.296543	
2503	-1.110318	0.017215	0.297802	
2504	-1.111772	0.016555	0.299304	
2505	-1.114185	0.017744	0.301507	
2506	-1.113011	0.018163	0.302703	
2507	-1.112720	0.017931	0.303594	
2508	-1.114154	0.019192	0.305240	
2509	-1.113500	0.019688	0.306457	
2510	-1.111031	0.020782	0.306955	
2511	-1.112453	0.021354	0.308183	
2512	-1.114400	0.024292	0.310500	
2513	-1.113537	0.025882	0.312030	
2514	-1.113917	0.026321	0.313317	
2515	-1.117738	0.029017	0.316593	
2516	-1.115212	0.031011	0.318061	
2517	-1.113287	0.031351	0.318915	
2518	-1.118484	0.034205	0.322681	
2519	-1.117242	0.036802	0.324853	
2520	-1.115231	0.036720	0.326235	
2521	-1.117914	0.038964	0.329535	
2522	-1.116995	0.040876	0.331818	
2523	-1.114665	0.042323	0.333975	
2524	-1.112730	0.044107	0.335787	
2525	-1.114453	0.045634	0.338639	
2526	-1.110541	0.047014	0.340356	
2527	-1.108198	0.048573	0.341902	
2528	-1.109779	0.050532	0.344539	
2529	-1.108942	0.052359	0.346619	
2530	-1.104263	0.053487	0.346657	
2531	-1.103796	0.053943	0.347467	
2532	-1.105361	0.055712	0.349147	
2533	-1.102098	0.056624	0.349216	
2534	-1.100658	0.056241	0.348953	
2535	-1.102987	0.056936	0.350750	
2536	-1.100176	0.057658	0.351320	
2537	-1.099193	0.057011	0.351453	
2538	-1.099304	0.056612	0.352166	
2539	-1.098608	0.056177	0.352964	
2540	-1.096788	0.056179	0.353082	
2541	-1.095495	0.054987	0.353521	
2542	-1.092641	0.054679	0.352934	
2543	-1.092477	0.054025	0.352938	
2544	-1.091432	0.053617	0.353057	
2545	-1.089632	0.053105	0.352866	
2546	-1.090411	0.051857	0.352935	
2547	-1.089806	0.052381	0.353341	
2548	-1.087156	0.053576	0.353001	
2549	-1.087655	0.053670	0.353289	
2550	-1.087870	0.054677	0.353798	
2551	-1.085112	0.056645	0.353668	
2552	-1.084171	0.057008	0.353464	
2553	-1.083794	0.058904	0.354170	
2554	-1.080363	0.060914	0.353618	
2555	-1.079858	0.061545	0.353527	
2556	-1.079607	0.062953	0.353985	
2557	-1.076490	0.065349	0.353260	
2558	-1.075513	0.065821	0.352747	
2559	-1.076118	0.067194	0.353163	
2560	-1.072794	0.069208	0.352543	
2561	-1.072549	0.069762	0.352144	
2562	-1.072827	0.071188	0.352459	
2563	-1.068658	0.073779	0.351618	
2564	-1.068558	0.074854	0.351537	
2565	-1.067330	0.077042	0.351550	
2566	-1.063174	0.080779	0.350301	
2567	-1.063473	0.082129	0.350207	
2568	-1.060241	0.084226	0.348801	
2569	-1.059824	0.085394	0.347634	
2570	-1.057972	0.086335	0.346699	
2571	-1.057932	0.086655	0.345617	
2572	-1.057425	0.087175	0.344887	
2573	-1.055116	0.087722	0.343598	
2574	-1.054843	0.088350	0.342283	
2575	-1.052536	0.087995	0.340789	
2576	-1.053467	0.088192	0.340456	
2577	-1.051309	0.088185	0.339484	
2578	-1.049479	0.088391	0.337564	
2579	-1.048343	0.089208	0.337029	
2580	-1.045584	0.089771	0.335875	
2581	-1.045163	0.090368	0.335312	
2582	-1.045587	0.090884	0.335284	
2583	-1.043522	0.091584	0.334465	
