1305032354.025237 0.911000 -0.419200 0.805900
1305032354.057249 0.914400 -0.418100 0.820400
1305032354.093194 0.917600 -0.417300 0.831900
1305032354.125261 0.920700 -0.416300 0.844100
1305032354.157308 0.924700 -0.414500 0.861600
1305032354.193245 0.927900 -0.412800 0.875600
1305032354.225326 0.931100 -0.410400 0.890200
1305032354.257317 0.935900 -0.407700 0.910300
1305032354.293299 0.939800 -0.405400 0.926900
1305032354.325326 0.943800 -0.402900 0.944000
1305032354.357420 0.949800 -0.399700 0.967000
1305032354.394078 0.957800 -0.394600 1.002600
1305032354.457427 0.962400 -0.391700 1.025100
1305032354.493265 0.965800 -0.389400 1.041200
1305032354.525430 0.968700 -0.387300 1.057000
1305032354.557471 0.972000 -0.384800 1.076400
1305032354.593446 0.973800 -0.382900 1.090100
1305032354.625455 0.975900 -0.380900 1.102800
1305032354.657511 0.977400 -0.379200 1.119700
1305032354.693491 0.978400 -0.377900 1.132000
1305032354.725481 0.978800 -0.376800 1.144100
1305032354.757506 0.979100 -0.375600 1.160500
1305032354.793541 0.979800 -0.373800 1.173400
1305032354.825638 0.980600 -0.371700 1.186600
1305032354.857806 0.981400 -0.368400 1.204400
1305032354.893584 0.981800 -0.365900 1.217500
1305032354.925606 0.981900 -0.363400 1.230500
1305032354.957696 0.981600 -0.360300 1.247400
1305032354.993644 0.980800 -0.357800 1.260600
1305032355.025740 0.979500 -0.355600 1.273300
1305032355.057739 0.977100 -0.353600 1.290800
1305032355.093693 0.975200 -0.351900 1.304600
1305032355.126036 0.972700 -0.351700 1.318700
1305032355.157776 0.968600 -0.351800 1.337200
1305032355.193731 0.964700 -0.352700 1.350900
1305032355.226048 0.961200 -0.353500 1.364700
1305032355.258300 0.955400 -0.355500 1.382000
1305032355.293834 0.950500 -0.356600 1.394800
1305032355.325951 0.945100 -0.357400 1.406900
1305032355.357924 0.937000 -0.358400 1.421700
1305032355.393862 0.930800 -0.358500 1.432300
1305032355.426175 0.924200 -0.357900 1.442600
1305032355.458105 0.914900 -0.356700 1.455600
1305032355.493906 0.907500 -0.354900 1.465100
1305032355.526033 0.899500 -0.352500 1.474000
1305032355.558083 0.887600 -0.348000 1.485700
1305032355.593965 0.877800 -0.343400 1.494500
1305032355.626009 0.867200 -0.338300 1.503900
1305032355.658217 0.852700 -0.330200 1.517100
1305032355.693969 0.841900 -0.323500 1.527500
1305032355.726186 0.831000 -0.316400 1.538200
1305032355.758127 0.816400 -0.306400 1.552300
1305032355.794028 0.805300 -0.298800 1.561900
1305032355.826208 0.793700 -0.290800 1.571100
1305032355.858151 0.778900 -0.281000 1.583500
1305032355.894072 0.768300 -0.273400 1.591300
1305032355.926240 0.758800 -0.265700 1.596800
1305032355.960142 0.746000 -0.255400 1.602100
1305032355.994102 0.737000 -0.247900 1.605300
1305032356.026405 0.728500 -0.241000 1.608500
1305032356.058305 0.717700 -0.231900 1.612900
1305032356.094166 0.709800 -0.225300 1.616100
1305032356.126384 0.701500 -0.219000 1.618600
1305032356.158192 0.690300 -0.210700 1.620200
1305032356.194205 0.681500 -0.204800 1.620900
1305032356.226397 0.672400 -0.199100 1.621500
1305032356.258136 0.660500 -0.192600 1.621600
1305032356.294287 0.651300 -0.188400 1.619900
1305032356.326174 0.642200 -0.185000 1.616500
1305032356.358126 0.630900 -0.181700 1.611400
1305032356.394266 0.623000 -0.180000 1.607600
1305032356.426275 0.614900 -0.179000 1.603100
1305032356.458392 0.603100 -0.177600 1.594600
1305032356.494313 0.593500 -0.176700 1.587100
1305032356.526317 0.583200 -0.175600 1.578500
1305032356.562184 0.568600 -0.173800 1.565200
1305032356.594216 0.557100 -0.172300 1.553800
1305032356.626255 0.545100 -0.170500 1.541000
1305032356.662128 0.528900 -0.167500 1.523100
1305032356.694251 0.516700 -0.165100 1.509100
1305032356.727811 0.504600 -0.162400 1.494100
1305032356.762124 0.492900 -0.159700 1.478500
1305032356.794439 0.477600 -0.155600 1.456300
1305032356.826332 0.466800 -0.152900 1.439400
1305032356.862093 0.453300 -0.148900 1.416600
1305032356.894157 0.443400 -0.146400 1.398600
1305032356.926430 0.434000 -0.144000 1.380600
1305032356.962104 0.422000 -0.141100 1.357100
1305032356.994344 0.413400 -0.139500 1.340300
1305032357.026198 0.405000 -0.137400 1.323400
1305032357.062032 0.394400 -0.134900 1.302800
1305032357.094119 0.387200 -0.133100 1.288200
1305032357.126181 0.380400 -0.131600 1.273800
1305032357.162138 0.371100 -0.128700 1.255300
1305032357.194135 0.364400 -0.126500 1.241100
1305032357.226208 0.358300 -0.123500 1.227500
1305032357.262119 0.350100 -0.119200 1.209700
1305032357.294359 0.344600 -0.116000 1.195400
1305032357.326423 0.339900 -0.112600 1.180600
1305032357.362141 0.334700 -0.109100 1.161400
1305032357.394180 0.331300 -0.106200 1.146500
1305032357.426241 0.328400 -0.104000 1.131300
1305032357.462161 0.325200 -0.100400 1.111500
1305032357.494175 0.323100 -0.097700 1.096800
1305032357.526138 0.321200 -0.094600 1.082500
1305032357.562096 0.319400 -0.090400 1.065000
1305032357.594163 0.318300 -0.086700 1.052800
1305032357.626377 0.317100 -0.083100 1.041200
1305032357.662521 0.314900 -0.078500 1.026200
1305032357.694376 0.313000 -0.075000 1.015800
1305032357.726393 0.311000 -0.071400 1.006000
1305032357.762121 0.307900 -0.066800 0.993400
1305032357.794161 0.306000 -0.063700 0.984400
1305032357.826324 0.304600 -0.060300 0.975600
1305032357.862505 0.303100 -0.056700 0.963500
1305032357.894124 0.302400 -0.054400 0.954900
1305032357.926354 0.302100 -0.052300 0.947300
1305032357.962026 0.302400 -0.051200 0.937700
1305032357.994307 0.303300 -0.050900 0.930500
1305032358.026118 0.304500 -0.051700 0.924200
1305032358.062141 0.306000 -0.054300 0.917600
1305032358.094314 0.307100 -0.057700 0.913100
1305032358.126463 0.309000 -0.064200 0.909100
1305032358.162196 0.310500 -0.070200 0.906300
1305032358.194216 0.311900 -0.078000 0.903200
1305032358.226169 0.313800 -0.086000 0.899900
1305032358.262242 0.315800 -0.097300 0.895200
1305032358.294169 0.317100 -0.106500 0.890700
1305032358.326228 0.318500 -0.115300 0.886000
1305032358.362036 0.320000 -0.126600 0.879000
1305032358.394045 0.320800 -0.135200 0.872400
1305032358.425953 0.321700 -0.142400 0.865900
1305032358.462021 0.321900 -0.149000 0.857100
1305032358.494091 0.320800 -0.152500 0.849600
1305032358.526638 0.318900 -0.154800 0.840100
1305032358.562103 0.317700 -0.154500 0.834300
1305032358.594031 0.316300 -0.153900 0.830200
1305032358.626292 0.315100 -0.151700 0.826900
1305032358.661907 0.314700 -0.149600 0.826800
1305032358.694080 0.314300 -0.147700 0.828800
1305032358.726315 0.313700 -0.145100 0.834200
1305032358.762028 0.313500 -0.142600 0.840800
1305032358.794035 0.313400 -0.140000 0.849300
1305032358.826156 0.313700 -0.135800 0.862000
1305032358.862241 0.313400 -0.131600 0.872900
1305032358.894464 0.312800 -0.126100 0.884600
1305032358.926427 0.311400 -0.119100 0.900300
1305032358.962241 0.310200 -0.112700 0.912200
1305032358.994407 0.309200 -0.105700 0.924300
1305032359.026158 0.306300 -0.095300 0.939400
1305032359.062253 0.303600 -0.087600 0.951100
1305032359.094092 0.300900 -0.079000 0.962700
1305032359.126199 0.296500 -0.068100 0.980300
1305032359.162210 0.292900 -0.059700 0.994000
1305032359.194261 0.290000 -0.052100 1.008400
1305032359.226273 0.286200 -0.042900 1.028200
1305032359.262098 0.283100 -0.036800 1.043100
1305032359.294269 0.280300 -0.031200 1.058400
1305032359.326149 0.277500 -0.024500 1.080200
1305032359.362167 0.275200 -0.020600 1.096600
1305032359.394278 0.273100 -0.017600 1.113700
1305032359.426269 0.271100 -0.015100 1.136500
1305032359.462531 0.269400 -0.013200 1.154600
1305032359.494170 0.267900 -0.013000 1.171900
1305032359.526344 0.266200 -0.013800 1.195300
1305032359.561974 0.264900 -0.015300 1.212600
1305032359.593965 0.263100 -0.017700 1.228900
1305032359.626579 0.260100 -0.022700 1.250100
1305032359.662143 0.257700 -0.027000 1.266000
1305032359.694113 0.255700 -0.032400 1.281800
1305032359.727003 0.253400 -0.040200 1.303200
1305032359.762020 0.251400 -0.046700 1.319000
1305032359.794035 0.248800 -0.053700 1.334700
1305032359.826141 0.246200 -0.061300 1.350600
1305032359.861990 0.242100 -0.071900 1.371200
1305032359.894154 0.238200 -0.083300 1.391400
1305032359.926260 0.236200 -0.089000 1.401100
1305032359.962016 0.232100 -0.100900 1.419900
1305032359.994161 0.228900 -0.110200 1.433000
1305032360.026214 0.224300 -0.123300 1.449100
1305032360.062208 0.220600 -0.133800 1.460500
1305032360.094178 0.215600 -0.148500 1.474400
1305032360.126153 0.211900 -0.160400 1.484400
1305032360.162096 0.208200 -0.172900 1.494000
1305032360.194272 0.202700 -0.190800 1.506700
1305032360.226425 0.198600 -0.204800 1.516000
1305032360.262218 0.194700 -0.219100 1.525000
1305032360.294155 0.190600 -0.237900 1.537800
1305032360.326447 0.187400 -0.252800 1.547500
1305032360.362033 0.184800 -0.266300 1.557900
1305032360.394240 0.182100 -0.284200 1.570800
1305032360.426246 0.180100 -0.297800 1.579700
1305032360.462086 0.178600 -0.310800 1.588800
1305032360.494117 0.177100 -0.328100 1.600300
1305032360.526058 0.176800 -0.341100 1.608400
1305032360.562042 0.177100 -0.354100 1.616300
1305032360.594303 0.178700 -0.371600 1.626300
1305032360.626168 0.181000 -0.384600 1.632900
1305032360.662151 0.183800 -0.396800 1.639100
1305032360.694073 0.187700 -0.409000 1.644800
1305032360.726267 0.193600 -0.424700 1.651500
1305032360.762184 0.198100 -0.435800 1.655300
1305032360.794210 0.204100 -0.450000 1.658700
1305032360.826192 0.207900 -0.460200 1.659900
1305032360.862084 0.211200 -0.469700 1.660500
1305032360.894309 0.214700 -0.481300 1.659300
1305032360.926229 0.216700 -0.489400 1.657700
1305032360.962184 0.217700 -0.496900 1.655900
1305032360.994081 0.217700 -0.504100 1.653400
1305032361.026412 0.215700 -0.512300 1.648800
1305032361.062613 0.213200 -0.517700 1.644400
1305032361.094085 0.209400 -0.522100 1.640900
1305032361.126224 0.202800 -0.526900 1.636400
1305032361.162028 0.196400 -0.530700 1.633500
1305032361.194805 0.185200 -0.535100 1.629700
1305032361.226328 0.178600 -0.537000 1.627600
1305032361.262093 0.163000 -0.539800 1.622000
1305032361.294099 0.149300 -0.541200 1.616700
1305032361.326219 0.128600 -0.542700 1.607800
1305032361.362098 0.111600 -0.543800 1.600100
1305032361.394120 0.087200 -0.544900 1.589400
1305032361.426392 0.067800 -0.545800 1.581200
1305032361.462374 0.047800 -0.546700 1.573100
1305032361.494238 0.027800 -0.547100 1.565600
1305032361.526056 0.001400 -0.546600 1.555600
1305032361.562110 -0.018100 -0.545800 1.548600
1305032361.594263 -0.043800 -0.544600 1.539700
1305032361.626125 -0.056500 -0.544200 1.535300
1305032361.662057 -0.080000 -0.543000 1.525600
1305032361.694201 -0.096400 -0.543000 1.518600
1305032361.726243 -0.117800 -0.543200 1.508600
1305032361.762065 -0.127900 -0.543800 1.502700
1305032361.793966 -0.122800 -0.543300 1.505700
1305032361.826451 -0.112400 -0.543000 1.511200
1305032361.862158 -0.214700 -0.547400 1.417300
1305032361.894163 -0.211900 -0.547100 1.421400
1305032361.926270 -0.206500 -0.547200 1.429100
1305032361.962071 -0.209100 -0.547200 1.425300
1305032361.994272 -0.220500 -0.548000 1.408100
1305032362.026445 -0.229800 -0.549500 1.393900
1305032362.062429 -0.239000 -0.551400 1.379800
1305032362.094264 -0.251700 -0.554100 1.360700
1305032362.126366 -0.260600 -0.556700 1.346000
1305032362.162089 -0.269900 -0.560300 1.332300
1305032362.194357 -0.281600 -0.564000 1.311600
1305032362.226182 -0.289700 -0.566200 1.294300
1305032362.262104 -0.298300 -0.570200 1.278400
1305032362.294204 -0.309500 -0.576100 1.257000
1305032362.326223 -0.318200 -0.581100 1.241500
1305032362.362125 -0.326900 -0.586300 1.225500
1305032362.396276 -0.338500 -0.594600 1.204000
1305032362.426284 -0.347100 -0.601600 1.188500
1305032362.462140 -0.355500 -0.609100 1.173100
1305032362.494238 -0.364900 -0.618900 1.152900
1305032362.526267 -0.370800 -0.625600 1.138500
1305032362.562001 -0.375500 -0.631900 1.124600
1305032362.594165 -0.380500 -0.639400 1.107200
1305032362.626096 -0.383400 -0.644500 1.093900
1305032362.662324 -0.385600 -0.649200 1.080500
1305032362.694131 -0.387300 -0.654300 1.063400
1305032362.726009 -0.388000 -0.657600 1.051200
1305032362.762257 -0.388400 -0.661000 1.040000
1305032362.794154 -0.388900 -0.665000 1.026400
1305032362.826077 -0.389200 -0.668000 1.016500
1305032362.862131 -0.389500 -0.670500 1.007300
1305032362.894197 -0.389800 -0.674200 0.995000
1305032362.926069 -0.390600 -0.676800 0.986600
1305032362.962141 -0.391200 -0.679600 0.978600
1305032362.994111 -0.392500 -0.682800 0.969300
1305032363.026024 -0.393300 -0.685300 0.962500
1305032363.061883 -0.394400 -0.687200 0.955400
1305032363.094055 -0.394800 -0.688800 0.947100
1305032363.126578 -0.394900 -0.689300 0.941100
1305032363.162144 -0.395100 -0.689000 0.934200
1305032363.194513 -0.395100 -0.688000 0.925300
1305032363.226280 -0.394800 -0.687200 0.918500
1305032363.263114 -0.394800 -0.686200 0.911000
1305032363.294225 -0.395200 -0.685400 0.901400
1305032363.326272 -0.395900 -0.685000 0.894700
1305032363.361941 -0.397100 -0.684400 0.888000
1305032363.394083 -0.399000 -0.683600 0.880200
1305032363.426162 -0.400100 -0.683200 0.873400
1305032363.462820 -0.401300 -0.682900 0.865300
1305032363.494026 -0.403400 -0.681700 0.854300
1305032363.526415 -0.404500 -0.681200 0.844400
1305032363.562139 -0.406000 -0.680900 0.834100
1305032363.594144 -0.407400 -0.680100 0.822300
1305032363.626354 -0.408400 -0.680500 0.814700
1305032363.662136 -0.409400 -0.681500 0.808100
1305032363.694070 -0.410500 -0.683400 0.801900
1305032363.726086 -0.411500 -0.686000 0.799400
1305032363.762284 -0.413200 -0.689400 0.798900
1305032363.794030 -0.416200 -0.694000 0.799500
1305032363.826380 -0.418600 -0.698700 0.800800
1305032363.862068 -0.421400 -0.703700 0.802900
1305032363.894033 -0.424200 -0.710500 0.806300
1305032363.926407 -0.425500 -0.714800 0.808100
1305032363.962119 -0.426700 -0.718500 0.811300
1305032363.994050 -0.427900 -0.723200 0.815700
1305032364.026025 -0.428900 -0.726000 0.819500
1305032364.062120 -0.430500 -0.728400 0.824600
1305032364.094057 -0.432400 -0.731200 0.832100
1305032364.126909 -0.433800 -0.732900 0.838900
1305032364.162092 -0.435200 -0.734000 0.846400
1305032364.194217 -0.437200 -0.735900 0.856800
1305032364.226629 -0.438500 -0.737900 0.865600
1305032364.262242 -0.440000 -0.739500 0.875700
1305032364.294072 -0.442200 -0.742300 0.891500
1305032364.326102 -0.443900 -0.744800 0.903700
1305032364.362134 -0.445300 -0.748200 0.916800
1305032364.394077 -0.447100 -0.753700 0.935200
1305032364.426015 -0.448200 -0.757800 0.949500
1305032364.462091 -0.449100 -0.763100 0.965100
1305032364.494035 -0.450000 -0.771600 0.987400
1305032364.526202 -0.450500 -0.778300 1.005800
1305032364.562323 -0.450800 -0.788300 1.031600
1305032364.594171 -0.451000 -0.796400 1.051800
1305032364.626031 -0.451200 -0.805100 1.072200
1305032364.662222 -0.450700 -0.813800 1.092200
1305032364.694036 -0.449300 -0.825300 1.118000
1305032364.726019 -0.447200 -0.833800 1.136900
1305032364.762093 -0.443500 -0.845100 1.161100
1305032364.793964 -0.440000 -0.853800 1.180400
1305032364.826005 -0.435800 -0.861700 1.200300
1305032364.862289 -0.429300 -0.871200 1.227400
1305032364.894665 -0.423600 -0.878600 1.247000
1305032364.926087 -0.417200 -0.886200 1.265700
1305032364.962073 -0.408700 -0.896500 1.289800
1305032364.994009 -0.402000 -0.904400 1.307000
1305032365.026354 -0.394700 -0.913100 1.323100
1305032365.062031 -0.385200 -0.924700 1.342800
1305032365.094068 -0.378100 -0.933200 1.356300
1305032365.126212 -0.371000 -0.941900 1.368900
1305032365.162014 -0.361500 -0.953500 1.384600
1305032365.194029 -0.354100 -0.961900 1.395900
1305032365.226143 -0.347000 -0.969600 1.406800
1305032365.262990 -0.337700 -0.979600 1.420500
1305032365.294066 -0.331500 -0.986700 1.430100
1305032365.326046 -0.325100 -0.993600 1.439200
1305032365.362017 -0.317500 -1.002400 1.450800
1305032365.394019 -0.312600 -1.008700 1.458500
1305032365.426099 -0.307900 -1.014800 1.465900
1305032365.462022 -0.303100 -1.021600 1.475000
1305032365.494036 -0.300100 -1.025800 1.481100
1305032365.526240 -0.297300 -1.029900 1.487300
1305032365.562023 -0.294100 -1.034600 1.495100
1305032365.594024 -0.292100 -1.037500 1.500600
1305032365.626188 -0.289400 -1.040100 1.505800
1305032365.662032 -0.285700 -1.043100 1.511800
1305032365.694005 -0.282900 -1.045200 1.516100
1305032365.726094 -0.280600 -1.047100 1.520300
1305032365.762013 -0.276800 -1.049100 1.525400
1305032365.794129 -0.273600 -1.051100 1.528600
1305032365.826278 -0.270000 -1.053400 1.531200
1305032365.862061 -0.264600 -1.056600 1.534600
1305032365.894133 -0.260200 -1.059100 1.536200
1305032365.930067 -0.253300 -1.063200 1.538400
1305032365.962046 -0.247500 -1.066200 1.540700
1305032365.994060 -0.241200 -1.068600 1.543500
1305032366.030066 -0.232400 -1.071500 1.548700
1305032366.062122 -0.225000 -1.072800 1.554200
1305032366.094052 -0.217100 -1.073100 1.560100
1305032366.130072 -0.207400 -1.071500 1.569300
1305032366.162008 -0.200600 -1.069100 1.578100
1305032366.194013 -0.193700 -1.066000 1.586900
1305032366.230053 -0.184100 -1.061300 1.597300
1305032366.262058 -0.176700 -1.057500 1.604400
1305032366.294059 -0.169000 -1.053800 1.610800
1305032366.330143 -0.158500 -1.049700 1.618000
1305032366.362039 -0.150800 -1.046900 1.623100
1305032366.394005 -0.143600 -1.044200 1.627500
1305032366.430032 -0.134900 -1.041800 1.631800
1305032366.461993 -0.129100 -1.040200 1.634400
1305032366.494101 -0.123500 -1.038600 1.636500
1305032366.530048 -0.117300 -1.036600 1.637800
1305032366.561989 -0.113800 -1.035200 1.637900
1305032366.594003 -0.111000 -1.034000 1.637200
1305032366.630014 -0.108500 -1.032900 1.634500
1305032366.662972 -0.107400 -1.032800 1.633200
1305032366.694106 -0.105800 -1.033600 1.630800
1305032366.730115 -0.105100 -1.035500 1.629100
1305032366.762112 -0.105000 -1.037600 1.627600
1305032366.793956 -0.105200 -1.040300 1.626500
1305032366.830030 -0.105500 -1.044600 1.625600
1305032366.862172 -0.105800 -1.048800 1.624700
1305032366.894254 -0.106600 -1.053500 1.623200
1305032366.929969 -0.108800 -1.061100 1.621200
1305032366.962015 -0.110800 -1.067300 1.620300
1305032366.994018 -0.113600 -1.074500 1.619400
1305032367.030022 -0.118300 -1.085400 1.616900
1305032367.062114 -0.121900 -1.094400 1.614600
1305032367.094130 -0.125700 -1.104300 1.611600
1305032367.130285 -0.131200 -1.118700 1.606900
1305032367.162083 -0.135300 -1.130300 1.603000
1305032367.193961 -0.139400 -1.142300 1.598700
1305032367.230032 -0.144400 -1.158200 1.592500
1305032367.262270 -0.147800 -1.169900 1.587500
1305032367.293982 -0.150700 -1.181400 1.581600
1305032367.330063 -0.154700 -1.196600 1.573400
1305032367.362109 -0.157100 -1.207200 1.568500
1305032367.393996 -0.159100 -1.217200 1.563000
1305032367.430145 -0.162100 -1.229900 1.554600
1305032367.462005 -0.164100 -1.238500 1.548400
1305032367.494767 -0.165500 -1.246800 1.542000
1305032367.530124 -0.167100 -1.254700 1.534900
1305032367.562098 -0.167900 -1.264900 1.524700
1305032367.594518 -0.168200 -1.272700 1.516300
1305032367.629988 -0.168400 -1.283100 1.504900
1305032367.662173 -0.168400 -1.291300 1.496100
1305032367.694493 -0.167900 -1.299400 1.486700
1305032367.730004 -0.166900 -1.311200 1.473300
1305032367.762020 -0.165500 -1.320500 1.462800
1305032367.794824 -0.163500 -1.330300 1.451800
1305032367.829935 -0.160400 -1.344300 1.436700
1305032367.861953 -0.157600 -1.355200 1.425400
1305032367.894023 -0.153900 -1.366600 1.413700
1305032367.930098 -0.148300 -1.382100 1.398000
1305032367.962109 -0.144200 -1.393400 1.386200
1305032367.994871 -0.140500 -1.404300 1.374600
1305032368.030371 -0.136200 -1.418100 1.358900
1305032368.062044 -0.133400 -1.427800 1.347700
1305032368.094693 -0.130700 -1.437200 1.336900
1305032368.129978 -0.128100 -1.448500 1.321900
1305032368.162148 -0.126300 -1.456000 1.310300
1305032368.194071 -0.125200 -1.462400 1.298700
1305032368.230066 -0.123900 -1.470100 1.283200
1305032368.263367 -0.122800 -1.474900 1.271300
1305032368.294047 -0.121600 -1.478700 1.259400
1305032368.330048 -0.119800 -1.482300 1.243500
1305032368.362001 -0.118700 -1.484300 1.231700
1305032368.394058 -0.117000 -1.484900 1.219600
1305032368.430004 -0.114600 -1.484500 1.203700
1305032368.462392 -0.112200 -1.483600 1.192300
1305032368.494404 -0.109400 -1.482600 1.182000
1305032368.529995 -0.106300 -1.482800 1.166800
1305032368.561932 -0.102100 -1.483300 1.154300
1305032368.594184 -0.098400 -1.484000 1.141000
1305032368.629997 -0.093800 -1.485000 1.122400
1305032368.662766 -0.090500 -1.485500 1.107000
1305032368.693889 -0.087700 -1.485500 1.090700
1305032368.730133 -0.085400 -1.485600 1.068800
1305032368.762354 -0.083400 -1.485000 1.052100
1305032368.794467 -0.081300 -1.483900 1.035900
1305032368.830009 -0.079400 -1.482700 1.015300
1305032368.862362 -0.077700 -1.481600 1.001300
1305032368.894072 -0.075700 -1.481200 0.987800
1305032368.929945 -0.072100 -1.481100 0.971600
1305032368.961860 -0.069200 -1.481200 0.960100
1305032368.993887 -0.065600 -1.481300 0.949900
1305032369.030203 -0.060800 -1.482200 0.937800
1305032369.062500 -0.056200 -1.483500 0.929200
1305032369.093984 -0.051500 -1.484800 0.920500
1305032369.130062 -0.045700 -1.486400 0.910500
1305032369.162492 -0.041500 -1.487700 0.903600
1305032369.194412 -0.037300 -1.489100 0.897200
1305032369.230045 -0.032100 -1.491700 0.890300
1305032369.262268 -0.028600 -1.493700 0.885400
1305032369.294529 -0.026100 -1.496400 0.880900
1305032369.330151 -0.022300 -1.499100 0.876400
1305032369.361966 -0.020100 -1.501200 0.875700
1305032369.394056 -0.018600 -1.503200 0.877400
1305032369.430090 -0.016900 -1.504000 0.877400
1305032369.461995 -0.016100 -1.503700 0.876600
1305032369.493998 -0.015800 -1.503400 0.875600
1305032369.529992 -0.015600 -1.502600 0.874900
1305032369.562004 -0.016100 -1.502100 0.874700
1305032369.594020 -0.016700 -1.502000 0.874500
1305032369.630023 -0.018900 -1.504200 0.874500
1305032369.661969 -0.021000 -1.507400 0.876900
1305032369.694099 -0.023800 -1.511700 0.880200
1305032369.730198 -0.028900 -1.519700 0.886400
1305032369.762450 -0.033200 -1.526900 0.890600
1305032369.794261 -0.037200 -1.534900 0.894500
1305032369.830429 -0.043100 -1.545900 0.898000
1305032369.862627 -0.047600 -1.553800 0.899400
1305032369.894360 -0.051900 -1.561300 0.900500
1305032369.930423 -0.057600 -1.569600 0.901800
1305032369.962111 -0.061600 -1.574300 0.902300
1305032369.994395 -0.066000 -1.578500 0.903000
1305032370.029908 -0.072900 -1.583900 0.904500
1305032370.062358 -0.078500 -1.588100 0.905400
1305032370.094132 -0.084400 -1.592400 0.905600
1305032370.130815 -0.092900 -1.599000 0.905300
1305032370.164340 -0.099600 -1.604000 0.904700
1305032370.193920 -0.106200 -1.609100 0.904700
1305032370.230502 -0.114800 -1.616100 0.904900
1305032370.262034 -0.121100 -1.620900 0.905200
1305032370.293927 -0.126900 -1.625400 0.905400
1305032370.330168 -0.134400 -1.631000 0.906600
1305032370.362172 -0.139300 -1.634700 0.907100
1305032370.393973 -0.143600 -1.638600 0.907500
1305032370.430165 -0.148900 -1.643500 0.908100
1305032370.462710 -0.151800 -1.646400 0.907900
1305032370.494212 -0.154700 -1.649300 0.907500
1305032370.530368 -0.158300 -1.652300 0.906900
1305032370.562129 -0.160600 -1.654400 0.906200
1305032370.594668 -0.162400 -1.656100 0.904800
1305032370.630616 -0.164600 -1.658900 0.903200
1305032370.662501 -0.165400 -1.660800 0.902600
1305032370.694752 -0.166100 -1.663300 0.902500
1305032370.730453 -0.166900 -1.666600 0.904100
1305032370.762387 -0.167100 -1.668800 0.906800
1305032370.794212 -0.167300 -1.670900 0.910000
1305032370.830542 -0.167200 -1.672900 0.917500
1305032370.862583 -0.167000 -1.674200 0.925000
1305032370.898506 -0.165400 -1.677100 0.936400
1305032370.930659 -0.163000 -1.679800 0.946000
1305032370.962789 -0.160100 -1.682900 0.957000
1305032370.998556 -0.154400 -1.687500 0.973300
1305032371.030832 -0.149100 -1.691500 0.985900
1305032371.062995 -0.142800 -1.695400 1.000300
1305032371.098685 -0.133400 -1.700200 1.022500
1305032371.129946 -0.125700 -1.703700 1.040600
1305032371.163377 -0.117100 -1.706900 1.060000
1305032371.199209 -0.106000 -1.710100 1.088800
1305032371.231556 -0.097100 -1.711400 1.111700
1305032371.263086 -0.088000 -1.712200 1.134800
1305032371.298863 -0.075900 -1.712100 1.166100
1305032371.331299 -0.066900 -1.710800 1.189600
1305032371.362286 -0.057800 -1.708800 1.212900
1305032371.399014 -0.044600 -1.705500 1.242700
1305032371.429986 -0.034400 -1.702600 1.264100
1305032371.461990 -0.023800 -1.699200 1.284800
1305032371.500350 -0.009000 -1.694000 1.310900
1305032371.530042 0.002700 -1.689600 1.329300
1305032371.563010 0.014500 -1.684300 1.346600
1305032371.594822 0.027000 -1.678900 1.363000
1305032371.629962 0.044300 -1.670800 1.383000
1305032371.661896 0.058200 -1.664700 1.396400
1305032371.698063 0.077800 -1.656000 1.412900
1305032371.730032 0.093900 -1.649400 1.423800
1305032371.763070 0.110800 -1.643200 1.433900
1305032371.798758 0.134200 -1.634000 1.446700
1305032371.830599 0.152200 -1.626500 1.455900
1305032371.862968 0.169500 -1.618400 1.465400
1305032371.898642 0.192200 -1.607300 1.478200
1305032371.930870 0.209200 -1.598400 1.487600
1305032371.961821 0.225500 -1.588300 1.497200
1305032371.998991 0.246400 -1.573600 1.510600
1305032372.030846 0.261000 -1.560700 1.520700
1305032372.061897 0.274900 -1.547600 1.530800
1305032372.098230 0.291200 -1.529000 1.543800
1305032372.129933 0.301400 -1.513900 1.553300
1305032372.166136 0.311800 -1.493300 1.565800
1305032372.198088 0.317800 -1.477800 1.574200
1305032372.230035 0.322500 -1.462400 1.582300
1305032372.266118 0.327300 -1.442100 1.592000
1305032372.297778 0.329800 -1.427500 1.598700
1305032372.329863 0.331800 -1.413400 1.605100
1305032372.366255 0.333100 -1.394800 1.612900
1305032372.398316 0.332700 -1.381500 1.618500
1305032372.430828 0.330900 -1.368100 1.623700
1305032372.466062 0.327100 -1.350700 1.630400
1305032372.498126 0.323200 -1.337600 1.636200
1305032372.530471 0.318900 -1.323500 1.642200
1305032372.565932 0.313200 -1.305900 1.649700
1305032372.597830 0.309100 -1.293100 1.655400
1305032372.629940 0.305100 -1.280500 1.661200
1305032372.664099 0.300700 -1.268100 1.666900
1305032372.698677 0.294500 -1.252400 1.673700
1305032372.729773 0.290100 -1.241100 1.678700
1305032372.766495 0.284700 -1.226400 1.685600
1305032372.797977 0.281000 -1.215400 1.691000
1305032372.831419 0.277500 -1.204200 1.696500
1305032372.866951 0.273400 -1.190000 1.702600
1305032372.898820 0.270500 -1.179700 1.706300
1305032372.930434 0.267800 -1.169300 1.709400
1305032372.966593 0.263900 -1.156000 1.711500
1305032372.998908 0.260500 -1.146900 1.711600
1305032373.030602 0.258000 -1.137800 1.711000
1305032373.066888 0.255400 -1.126500 1.708700
1305032373.099756 0.254000 -1.118600 1.705900
1305032373.129982 0.252600 -1.110900 1.702200
1305032373.166370 0.250800 -1.101800 1.696600
1305032373.198396 0.249700 -1.095600 1.692200
1305032373.230473 0.248500 -1.089500 1.687100
1305032373.266720 0.246800 -1.082400 1.681200
1305032373.298826 0.245100 -1.077100 1.677500
1305032373.331205 0.243400 -1.071200 1.675000
1305032373.366852 0.241100 -1.063500 1.672500
1305032373.399036 0.239300 -1.057800 1.671600
1305032373.434600 0.237600 -1.051600 1.671000
1305032373.465600 0.236800 -1.044700 1.671100
1305032373.498931 0.236200 -1.039300 1.670500
1305032373.534642 0.236000 -1.033900 1.669700
1305032373.566765 0.236100 -1.026700 1.667900
1305032373.598768 0.236900 -1.021600 1.666600
1305032373.637020 0.238800 -1.015300 1.665500
1305032373.664564 0.239600 -1.012800 1.665700
1305032373.697902 0.241600 -1.009800 1.665800
1305032373.734487 0.243400 -1.009600 1.666300
1305032373.766407 0.245400 -1.010700 1.667000
1305032373.795810 0.248200 -1.013700 1.666400
1305032373.834900 0.252000 -1.018000 1.666700
1305032373.867214 0.258100 -1.024200 1.669200
1305032373.899236 0.263600 -1.030000 1.671100
1305032373.935042 0.271800 -1.039800 1.673200
1305032373.966997 0.278500 -1.048200 1.674800
1305032373.999161 0.285500 -1.057800 1.675900
1305032374.031130 0.293400 -1.068000 1.676500
1305032374.066694 0.304200 -1.082700 1.676200
1305032374.098892 0.312200 -1.095700 1.676500
1305032374.134638 0.321600 -1.107500 1.674000
1305032374.165244 0.334700 -1.125400 1.670300
1305032374.198898 0.345500 -1.139800 1.665800
1305032374.234560 0.356800 -1.154900 1.660400
1305032374.266147 0.372800 -1.175500 1.651400
1305032374.294938 0.386100 -1.191500 1.643100
1305032374.334742 0.400000 -1.207200 1.634500
1305032374.364901 0.414400 -1.223300 1.625700
1305032374.399115 0.435500 -1.245700 1.612800
1305032374.434908 0.453000 -1.262000 1.601600
1305032374.465685 0.477800 -1.283700 1.586500
1305032374.498699 0.497100 -1.299800 1.574500
1305032374.534396 0.517300 -1.315800 1.561300
1305032374.565590 0.544600 -1.335400 1.542300
1305032374.594126 0.572900 -1.354600 1.522300
1305032374.634435 0.586700 -1.363900 1.512200
1305032374.666012 0.613600 -1.381900 1.491800
1305032374.693998 0.633000 -1.394600 1.475900
1305032374.733801 0.651400 -1.406200 1.459600
1305032374.764270 0.669100 -1.417700 1.443600
1305032374.794088 0.690600 -1.431500 1.421300
1305032374.833035 0.705500 -1.441500 1.404000
1305032374.865378 0.724200 -1.453900 1.380800
1305032374.893927 0.737300 -1.461800 1.362500
1305032374.934044 0.749400 -1.470700 1.344900
1305032374.963025 0.760000 -1.478400 1.327000
1305032374.994296 0.772300 -1.488100 1.302900
1305032375.033877 0.780700 -1.494600 1.285100
1305032375.063183 0.787800 -1.501100 1.268100
1305032375.093980 0.795600 -1.509000 1.246200
1305032375.133595 0.800300 -1.514700 1.231100
1305032375.165413 0.805900 -1.521800 1.212500
1305032375.193974 0.809100 -1.526500 1.198900
1305032375.233686 0.811800 -1.531400 1.185600
1305032375.266159 0.814300 -1.537700 1.168400
1305032375.301758 0.815600 -1.542300 1.155700
1305032375.333721 0.816200 -1.546500 1.143100
1305032375.365860 0.816600 -1.552100 1.128500
1305032375.401985 0.816100 -1.556100 1.119100
1305032375.434217 0.815500 -1.559700 1.110200
1305032375.465834 0.814300 -1.563200 1.098800
1305032375.499837 0.813700 -1.565600 1.091500
1305032375.532916 0.813000 -1.567500 1.084500
1305032375.564725 0.812600 -1.569000 1.076800
1305032375.601458 0.812700 -1.569900 1.066100
1305032375.633354 0.813900 -1.570400 1.057400
1305032375.665617 0.816900 -1.571100 1.045400
1305032375.701017 0.819900 -1.570800 1.035200
1305032375.733414 0.823000 -1.570000 1.024500
1305032375.765442 0.827700 -1.569100 1.009500
1305032375.801321 0.831300 -1.568500 0.998100
1305032375.833190 0.835400 -1.567700 0.986300
1305032375.862014 0.841000 -1.567400 0.970900
1305032375.901630 0.844900 -1.568000 0.960200
1305032375.933396 0.849400 -1.569400 0.949300
1305032375.961907 0.855200 -1.570000 0.933500
1305032375.998887 0.860300 -1.571900 0.922300
1305032376.032860 0.865300 -1.573200 0.911300
1305032376.061932 0.872600 -1.574300 0.896600
1305032376.102161 0.877900 -1.575300 0.885800
1305032376.133711 0.883400 -1.576600 0.875700
1305032376.162024 0.889700 -1.577800 0.862600
1305032376.199867 0.895300 -1.579900 0.849600
1305032376.230456 0.897400 -1.580400 0.843600
1305032376.261897 0.900700 -1.582000 0.831000
1305032376.301905 0.902200 -1.583300 0.821400
1305032376.333850 0.903500 -1.584700 0.812500
1305032376.362196 0.903800 -1.586000 0.801200
1305032376.401623 0.903400 -1.586600 0.793900
1305032376.433420 0.903700 -1.587200 0.786700
1305032376.461966 0.903200 -1.587900 0.779000
1305032376.502252 0.902500 -1.588300 0.774000
1305032376.534217 0.901200 -1.589200 0.769000
1305032376.562020 0.899100 -1.591000 0.761900
1305032376.601916 0.897100 -1.592600 0.755900
1305032376.633870 0.894300 -1.593800 0.750200
1305032376.662225 0.890500 -1.595600 0.741200
1305032376.702073 0.887000 -1.596600 0.733800
1305032376.734273 0.883600 -1.597200 0.726300
1305032376.761981 0.878900 -1.597900 0.716000
1305032376.802316 0.875300 -1.597400 0.708800
1305032376.833971 0.872000 -1.596900 0.701300
1305032376.861992 0.867900 -1.595900 0.691800
1305032376.901902 0.864500 -1.593900 0.685200
1305032376.933566 0.861500 -1.592000 0.679000
1305032376.961961 0.858100 -1.589500 0.672000
1305032376.999109 0.856000 -1.587200 0.667000
1305032377.033968 0.854000 -1.584700 0.662200
1305032377.062278 0.850900 -1.581700 0.656500
1305032377.102624 0.849000 -1.579200 0.652400
1305032377.129944 0.845900 -1.576200 0.646300
1305032377.161952 0.843700 -1.574000 0.642600
1305032377.201774 0.841900 -1.572500 0.639400
1305032377.229977 0.839800 -1.570700 0.637200
1305032377.261926 0.838800 -1.570100 0.637200
1305032377.302313 0.837900 -1.568700 0.638300
1305032377.330085 0.837000 -1.567200 0.641100
1305032377.362122 0.837200 -1.566700 0.645700
1305032377.401791 0.838000 -1.565900 0.651700
1305032377.430000 0.839300 -1.564700 0.662100
1305032377.461954 0.841300 -1.564400 0.671900
1305032377.501541 0.844000 -1.563500 0.683200
1305032377.530127 0.848600 -1.562000 0.699100
1305032377.562030 0.852200 -1.560700 0.712700
1305032377.602337 0.856300 -1.558700 0.726800
1305032377.630198 0.862800 -1.555200 0.746400
1305032377.662079 0.867800 -1.552200 0.762200
1305032377.701676 0.873500 -1.549600 0.778100
1305032377.730022 0.881100 -1.543300 0.800200
1305032377.762107 0.887400 -1.539000 0.816900
1305032377.801528 0.893100 -1.533400 0.834400
1305032377.829990 0.897000 -1.529500 0.845800
1305032377.862016 0.906300 -1.518700 0.874300
1305032377.901222 0.911500 -1.512200 0.891500
1305032377.929945 0.918000 -1.502300 0.914400
1305032377.962041 0.922800 -1.494800 0.931000
1305032378.001490 0.926900 -1.487100 0.947700
1305032378.030011 0.932000 -1.477100 0.969600
1305032378.062184 0.935300 -1.469000 0.985500
1305032378.101402 0.938300 -1.460800 1.001400
1305032378.130166 0.942500 -1.449800 1.022800
1305032378.162063 0.944900 -1.441400 1.037800
1305032378.201701 0.946800 -1.432600 1.052300
1305032378.230090 0.948500 -1.419800 1.071200
1305032378.262060 0.949800 -1.410800 1.084700
1305032378.297958 0.951700 -1.398800 1.102700
1305032378.330021 0.953400 -1.389500 1.116000
1305032378.362038 0.955400 -1.379700 1.129200
1305032378.398026 0.958700 -1.366300 1.147400
1305032378.430058 0.960600 -1.356100 1.162300
1305032378.462047 0.962600 -1.346100 1.178600
1305032378.497867 0.964200 -1.336700 1.195800
1305032378.530157 0.964600 -1.325200 1.220900
1305032378.562081 0.963900 -1.316600 1.240300
1305032378.597959 0.961400 -1.305300 1.266300
1305032378.630158 0.958700 -1.297000 1.285600
1305032378.661960 0.954800 -1.289200 1.305000
1305032378.698231 0.948600 -1.280000 1.330800
1305032378.730042 0.942700 -1.273700 1.348800
1305032378.761985 0.937000 -1.268000 1.365900
1305032378.797887 0.928600 -1.261200 1.387100
1305032378.830168 0.921400 -1.256600 1.400700
1305032378.862028 0.914000 -1.252300 1.412600
1305032378.897945 0.904200 -1.247800 1.427100
1305032378.930160 0.897200 -1.244800 1.436300
1305032378.962166 0.890000 -1.241100 1.444200
1305032378.997991 0.880700 -1.234400 1.453900
1305032379.030183 0.873400 -1.228100 1.460300
1305032379.062055 0.866500 -1.220600 1.467100
1305032379.098076 0.856300 -1.209600 1.477600
1305032379.130109 0.848600 -1.201200 1.486200
1305032379.162033 0.840600 -1.193100 1.495500
1305032379.198104 0.830400 -1.182900 1.509200
1305032379.230194 0.822900 -1.176400 1.520700
1305032379.262091 0.814800 -1.170300 1.532200
1305032379.298124 0.804300 -1.163800 1.547500
1305032379.330184 0.795300 -1.159700 1.558600
1305032379.362135 0.786500 -1.155900 1.569300
1305032379.398082 0.774800 -1.151500 1.581500
1305032379.430183 0.766300 -1.148700 1.589500
1305032379.462019 0.757800 -1.146700 1.596600
1305032379.498116 0.747300 -1.145700 1.605100
1305032379.530134 0.741000 -1.145100 1.610200
1305032379.562170 0.734800 -1.143500 1.615000
1305032379.598236 0.732600 -1.141500 1.617800
1305032379.630200 0.733100 -1.138400 1.619700
1305032379.662215 0.737900 -1.133200 1.621300
1305032379.698218 0.743700 -1.128500 1.621600
1305032379.730243 0.751200 -1.122700 1.622200
1305032379.762529 0.761100 -1.113000 1.622200
1305032379.798231 0.769400 -1.105000 1.621600
1305032379.830305 0.777100 -1.097100 1.621000
1305032379.862243 0.786800 -1.087400 1.620400
1305032379.898138 0.791400 -1.082800 1.619900
1305032379.930293 0.800200 -1.074100 1.618600
1305032379.962343 0.809200 -1.066500 1.616400
1305032379.998300 0.815200 -1.061500 1.613700
1305032380.030360 0.821800 -1.057500 1.610000
1305032380.062398 0.829800 -1.053300 1.604300
1305032380.098304 0.835400 -1.051100 1.599300
1305032380.130311 0.841000 -1.049200 1.594100
1305032380.162318 0.847200 -1.047700 1.586800
1305032380.198396 0.851700 -1.046100 1.581200
1305032380.230356 0.856100 -1.044200 1.574700
1305032380.262393 0.862200 -1.041500 1.564300
1305032380.298557 0.866200 -1.038800 1.555100
1305032380.330519 0.869900 -1.036000 1.544600
1305032380.362378 0.875100 -1.032600 1.529400
1305032380.398355 0.879000 -1.030400 1.516600
1305032380.430475 0.883400 -1.028300 1.502800
1305032380.462299 0.888100 -1.026500 1.488700
1305032380.498445 0.894100 -1.023500 1.468100
1305032380.530597 0.898600 -1.020400 1.450500
1305032380.562412 0.903900 -1.015600 1.426800
1305032380.598350 0.907100 -1.011500 1.408900
1305032380.630332 0.910000 -1.007100 1.390300
1305032380.662349 0.914000 -1.001200 1.366200
1305032380.698289 0.916900 -0.996100 1.347600
1305032380.730370 0.919300 -0.991200 1.329400
1305032380.762372 0.923300 -0.983200 1.304500
1305032380.798301 0.925100 -0.978700 1.291500
1305032380.830371 0.929900 -0.969600 1.267700
1305032380.862334 0.935700 -0.960500 1.245700
1305032380.898284 0.941400 -0.952600 1.229300
1305032380.930298 0.947000 -0.945100 1.214000
1305032380.962305 0.956200 -0.935700 1.193700
1305032380.998378 0.964000 -0.929000 1.178900
1305032381.030403 0.971500 -0.923800 1.163800
1305032381.062315 0.979500 -0.920000 1.148700
1305032381.098290 0.989600 -0.916800 1.128400
1305032381.130313 0.997000 -0.915800 1.113500
1305032381.162419 1.006600 -0.916900 1.094800
1305032381.198441 1.014300 -0.919500 1.081800
1305032381.230357 1.022400 -0.923100 1.070500
1305032381.262413 1.034800 -0.928700 1.058100
1305032381.298382 1.044500 -0.932700 1.051000
1305032381.330288 1.054000 -0.936200 1.045100
1305032381.362293 1.064800 -0.938000 1.039500
1305032381.398352 1.080100 -0.938100 1.033800
1305032381.430337 1.092100 -0.936500 1.030900
1305032381.462322 1.104200 -0.934200 1.029700
1305032381.498437 1.120500 -0.931400 1.029300
1305032381.530570 1.135700 -0.930500 1.031200
1305032381.562344 1.146100 -0.930900 1.033300
1305032381.598331 1.155800 -0.932400 1.035300
1305032381.630276 1.164300 -0.933700 1.037700
1305032381.662406 1.175300 -0.935000 1.040500
1305032381.698379 1.182600 -0.935500 1.042400
1305032381.730349 1.189100 -0.934500 1.043900
1305032381.762321 1.196700 -0.930600 1.046700
1305032381.798267 1.201600 -0.926100 1.049700
1305032381.830339 1.206700 -0.920700 1.052600
1305032381.862314 1.212500 -0.912700 1.056500
1305032381.898313 1.217300 -0.907100 1.059600
1305032381.930344 1.221700 -0.901300 1.062900
1305032381.962306 1.227400 -0.893500 1.066700
1305032381.998299 1.232100 -0.886700 1.069200
1305032382.030594 1.237000 -0.879500 1.071700
1305032382.062333 1.243500 -0.869500 1.075600
1305032382.098407 1.248100 -0.861300 1.077700
1305032382.130332 1.252800 -0.852700 1.079800
1305032382.162337 1.256700 -0.843800 1.081200
1305032382.198300 1.260900 -0.830700 1.082900
1305032382.230395 1.262800 -0.819900 1.084200
1305032382.262337 1.263200 -0.807900 1.085800
1305032382.298388 1.261400 -0.790900 1.089000
1305032382.330338 1.258100 -0.777100 1.091800
1305032382.362344 1.250800 -0.757200 1.096400
1305032382.398302 1.242400 -0.741300 1.100600
1305032382.430306 1.233000 -0.724700 1.105000
1305032382.462307 1.216400 -0.702200 1.112400
1305032382.498305 1.201600 -0.685300 1.118000
1305032382.530313 1.185000 -0.668200 1.125000
1305032382.562286 1.160300 -0.646100 1.136900
1305032382.598353 1.139700 -0.630600 1.147000
1305032382.630346 1.118700 -0.617000 1.158200
1305032382.662292 1.090100 -0.599200 1.177200
1305032382.698317 1.068400 -0.587500 1.193400
1305032382.730327 1.046800 -0.578000 1.210500
1305032382.762183 1.019100 -0.567200 1.236200
1305032382.798300 0.998700 -0.561000 1.257500
1305032382.830351 0.979000 -0.556400 1.279000
1305032382.862516 0.960400 -0.553300 1.300700
1305032382.898275 0.936900 -0.551600 1.329700
1305032382.930284 0.921300 -0.551000 1.350100
1305032382.962382 0.901600 -0.550700 1.375300
1305032382.998323 0.887800 -0.551100 1.392200
1305032383.030405 0.875000 -0.551200 1.408100
1305032383.062301 0.859400 -0.551100 1.427000
1305032383.098297 0.849200 -0.551200 1.439200
1305032383.130529 0.840000 -0.551600 1.448700
1305032383.162552 0.829000 -0.552200 1.457200
1305032383.198294 0.822500 -0.551700 1.462600
1305032383.231449 0.815400 -0.552300 1.467400
1305032383.262330 0.808500 -0.552200 1.475000
1305032383.298309 0.803800 -0.552300 1.481300
1305032383.330305 0.799000 -0.552600 1.488500
1305032383.362334 0.793500 -0.552000 1.498000
1305032383.398286 0.789700 -0.551100 1.505500
1305032383.430324 0.787000 -0.549200 1.512800
1305032383.462332 0.784600 -0.545700 1.522300
1305032383.498344 0.783600 -0.542600 1.529500
1305032383.530359 0.783700 -0.539600 1.536200
1305032383.562471 0.785300 -0.536300 1.546500
1305032383.598345 0.787400 -0.534300 1.553500
1305032383.630389 0.789500 -0.533600 1.559400
1305032383.662347 0.792700 -0.534100 1.566500
1305032383.698408 0.795000 -0.535100 1.570800
1305032383.730311 0.797700 -0.535700 1.574200
1305032383.762295 0.800200 -0.537600 1.578000
1305032383.798245 0.801900 -0.538600 1.580300
1305032383.830511 0.803400 -0.539500 1.581500
1305032383.862397 0.804800 -0.539500 1.581600
1305032383.898295 0.804800 -0.538900 1.580800
1305032383.930382 0.803900 -0.537400 1.579100
1305032383.962464 0.801500 -0.534800 1.575500
1305032383.998360 0.799100 -0.532100 1.572400
1305032384.030384 0.796100 -0.529400 1.569200
1305032384.062390 0.792400 -0.526200 1.564600
1305032384.098318 0.789900 -0.523700 1.561400
1305032384.130400 0.787400 -0.521200 1.558800
1305032384.162395 0.784500 -0.518400 1.556100
1305032384.198333 0.783100 -0.516300 1.554700
1305032384.230364 0.781300 -0.514200 1.553100
1305032384.262262 0.779400 -0.510700 1.550900
1305032384.298317 0.778100 -0.507600 1.548800
1305032384.330331 0.776500 -0.503900 1.545100
1305032384.362345 0.773600 -0.498700 1.537800
1305032384.398303 0.771200 -0.494800 1.530700
1305032384.431342 0.769700 -0.490700 1.522400
1305032384.462609 0.767300 -0.485300 1.509500
1305032384.498266 0.765100 -0.480800 1.498300
1305032384.530361 0.763300 -0.475800 1.486700
1305032384.566265 0.760500 -0.468800 1.469500
1305032384.598309 0.758200 -0.463600 1.456500
1305032384.630376 0.755300 -0.455900 1.439300
1305032384.666270 0.753200 -0.449700 1.426000
1305032384.698533 0.751000 -0.443300 1.412400
1305032384.730303 0.747400 -0.434600 1.395300
1305032384.766314 0.745100 -0.427500 1.382700
1305032384.798284 0.743300 -0.419600 1.370000
1305032384.830384 0.740700 -0.408800 1.353400
1305032384.866305 0.738600 -0.400200 1.340500
1305032384.898278 0.736300 -0.390900 1.327400
1305032384.930358 0.733400 -0.377600 1.309300
1305032384.966321 0.730800 -0.367100 1.295600
1305032384.998291 0.728500 -0.356600 1.281900
1305032385.030348 0.725700 -0.342500 1.263400
1305032385.066236 0.723300 -0.332100 1.249300
1305032385.098221 0.721200 -0.321800 1.235300
1305032385.130368 0.718000 -0.308400 1.217200
1305032385.166295 0.714600 -0.298400 1.203000
1305032385.198298 0.711400 -0.289200 1.189000
1305032385.230529 0.706900 -0.277100 1.170800
1305032385.266354 0.703200 -0.268900 1.157200
1305032385.298337 0.699900 -0.260900 1.143100
1305032385.330400 0.694800 -0.252200 1.124200
1305032385.366405 0.691400 -0.246400 1.110700
1305032385.398286 0.688200 -0.241400 1.097500
1305032385.430290 0.683200 -0.236300 1.079400
1305032385.466253 0.679800 -0.233300 1.066200
1305032385.498209 0.676600 -0.230900 1.053300
1305032385.530304 0.672300 -0.228700 1.035100
1305032385.566282 0.668500 -0.227800 1.020600
1305032385.598292 0.664300 -0.227700 1.005800
1305032385.630323 0.659300 -0.228200 0.986700
1305032385.666392 0.656200 -0.228400 0.972400
1305032385.698221 0.652700 -0.229300 0.958500
1305032385.730305 0.649400 -0.230000 0.944200
1305032385.766216 0.645000 -0.229800 0.926900
1305032385.830307 0.639700 -0.229700 0.910800
1305032385.866318 0.631500 -0.228800 0.890100
1305032385.898326 0.625400 -0.229000 0.876500
1305032385.930288 0.621900 -0.229400 0.870200
1305032385.966310 0.615300 -0.230700 0.858800
1305032386.030330 0.609900 -0.231600 0.850800
1305032386.066256 0.596400 -0.235200 0.832900
1305032386.130381 0.589200 -0.238400 0.824000
1305032386.166258 0.578200 -0.244000 0.810400
1305032386.198223 0.570800 -0.247400 0.802000
1305032386.230319 0.567100 -0.249000 0.798400
1305032386.266337 0.560200 -0.251600 0.791400
1305032386.330294 0.553300 -0.253000 0.786300
1305032386.366261 0.543300 -0.253500 0.782500
1305032386.430384 0.536700 -0.251800 0.784300
1305032386.466238 0.526200 -0.248200 0.794100
1305032386.530449 0.521000 -0.245500 0.801200
1305032386.566270 0.507500 -0.237500 0.821300
1305032386.598281 0.501100 -0.233500 0.830700
1305032386.630302 0.492300 -0.227700 0.844500
1305032386.666363 0.484700 -0.223200 0.854500
1305032386.698268 0.477300 -0.219100 0.864100
1305032386.730306 0.467500 -0.214000 0.876400
1305032386.766239 0.460100 -0.210400 0.885500
1305032386.798231 0.452500 -0.207200 0.894400
1305032386.830304 0.442700 -0.202700 0.906200
1305032386.866257 0.435400 -0.199600 0.914800
1305032386.930353 0.428200 -0.197000 0.924200
1305032386.966319 0.411800 -0.191100 0.949000
1305032387.030343 0.402300 -0.188400 0.966400
1305032387.066271 0.395400 -0.186500 0.981000
1305032387.098286 0.388700 -0.185000 0.996700
1305032387.130350 0.379900 -0.183200 1.018100
1305032387.166222 0.365400 -0.180900 1.051200
1305032387.198268 0.357600 -0.179900 1.068800
1305032387.230283 0.349200 -0.179500 1.086700
1305032387.298368 0.338900 -0.178900 1.109900
1305032387.330577 0.328600 -0.179200 1.132100
1305032387.366220 0.321100 -0.179600 1.147500
1305032387.398271 0.314000 -0.179800 1.162700
1305032387.430273 0.301600 -0.182300 1.193000
1305032387.466265 0.293800 -0.184900 1.212500
1305032387.498285 0.288600 -0.187100 1.227000
1305032387.530295 0.284200 -0.189400 1.241400
1305032387.598263 0.278700 -0.193000 1.259500
1305032387.630372 0.274000 -0.196300 1.272500
1305032387.666258 0.268300 -0.200800 1.288800
1305032387.698277 0.264000 -0.204600 1.300600
1305032387.730288 0.259500 -0.208300 1.311600
1305032387.766251 0.252800 -0.213900 1.325100
1305032387.798282 0.247700 -0.219000 1.334600
1305032387.830291 0.240300 -0.224700 1.346100
1305032387.866424 0.234700 -0.229800 1.355100
1305032387.898274 0.228600 -0.235100 1.364200
1305032387.930296 0.221900 -0.240300 1.372900
1305032387.966264 0.212500 -0.247000 1.384800
1305032387.998271 0.205200 -0.251400 1.394100
1305032388.030284 0.195300 -0.257600 1.407400
1305032388.066278 0.187800 -0.261600 1.417600
1305032388.098203 0.180600 -0.265500 1.428300
1305032388.130279 0.171400 -0.270700 1.442900
1305032388.166206 0.157800 -0.278900 1.464500
1305032388.198299 0.150900 -0.283000 1.474300
1305032388.266264 0.142600 -0.289000 1.487700
1305032388.298267 0.136600 -0.293300 1.496600
1305032388.330289 0.129100 -0.299800 1.508800
1305032388.366200 0.124100 -0.304800 1.517700
1305032388.398324 0.119400 -0.310200 1.526600
1305032388.430353 0.115000 -0.316000 1.535400
1305032388.466360 0.110100 -0.324400 1.546900
1305032388.498314 0.107700 -0.331000 1.555400
1305032388.530317 0.105800 -0.339900 1.566500
1305032388.566433 0.105600 -0.354400 1.581400
1305032388.630638 0.106300 -0.362700 1.589300
1305032388.666463 0.107700 -0.373700 1.598300
1305032388.698276 0.109300 -0.382200 1.603900
1305032388.730300 0.110700 -0.390900 1.608500
1305032388.766466 0.112800 -0.402200 1.613900
1305032388.798291 0.114600 -0.410800 1.617400
1305032388.830274 0.116000 -0.418900 1.621100
1305032388.866265 0.118200 -0.429300 1.625600
1305032388.898315 0.119800 -0.437200 1.628800
1305032388.930350 0.121300 -0.444900 1.632000
1305032388.966222 0.122600 -0.455700 1.636000
1305032388.998435 0.123100 -0.463700 1.638400
1305032389.030354 0.123100 -0.473500 1.641000
1305032389.066283 0.122500 -0.480600 1.642400
1305032389.098475 0.121500 -0.487300 1.643600
1305032389.130339 0.119700 -0.493600 1.644400
1305032389.166249 0.115700 -0.501000 1.644500
1305032389.198192 0.112200 -0.505900 1.644600
1305032389.230352 0.106800 -0.511400 1.644400
1305032389.266261 0.101900 -0.514400 1.643300
1305032389.298468 0.096200 -0.516800 1.641800
1305032389.330364 0.087300 -0.519300 1.639400
1305032389.366289 0.079400 -0.520800 1.637100
1305032389.398221 0.070500 -0.521600 1.634900
1305032389.430273 0.058300 -0.522200 1.631900
1305032389.466345 0.048700 -0.521900 1.630000
1305032389.498274 0.038600 -0.521100 1.627700
1305032389.530390 0.024600 -0.519200 1.624700
1305032389.566312 0.014300 -0.517400 1.622500
1305032389.598318 0.004100 -0.515300 1.620200
1305032389.630446 -0.009500 -0.511800 1.616300
1305032389.666311 -0.019900 -0.509200 1.613600
1305032389.698354 -0.029400 -0.506900 1.610900
1305032389.730325 -0.042400 -0.503300 1.606500
1305032389.766305 -0.051500 -0.500500 1.602600
1305032389.798350 -0.060500 -0.498100 1.598400
1305032389.830333 -0.071100 -0.495100 1.592600
1305032389.866297 -0.078800 -0.493200 1.587400
1305032389.898298 -0.085400 -0.491300 1.581900
1305032389.930390 -0.092800 -0.488000 1.574100
1305032389.966584 -0.097700 -0.485300 1.568000
1305032389.998160 -0.101700 -0.482400 1.561200
1305032390.030360 -0.106100 -0.477900 1.551100
1305032390.066362 -0.109300 -0.474900 1.542800
1305032390.098296 -0.112700 -0.472100 1.533800
1305032390.130365 -0.116900 -0.469000 1.521300
1305032390.166283 -0.119900 -0.467400 1.511700
1305032390.198282 -0.122800 -0.465800 1.502000
1305032390.230411 -0.126700 -0.463600 1.489200
1305032390.266217 -0.129400 -0.462400 1.480200
1305032390.298276 -0.132200 -0.461100 1.471300
1305032390.330278 -0.134500 -0.459900 1.462500
1305032390.366126 -0.137100 -0.459400 1.450900
1305032390.398300 -0.139300 -0.458600 1.442700
1305032390.430297 -0.141900 -0.457800 1.431900
1305032390.466247 -0.146700 -0.457200 1.416000
1305032390.530298 -0.149600 -0.457100 1.408000
1305032390.566260 -0.154200 -0.457500 1.397800
1305032390.598269 -0.158200 -0.457900 1.390000
1305032390.630354 -0.163800 -0.459400 1.379300
1305032390.666360 -0.168700 -0.460700 1.371300
1305032390.698339 -0.173800 -0.462200 1.363000
1305032390.730324 -0.181100 -0.464200 1.351000
1305032390.766286 -0.187100 -0.466500 1.341900
1305032390.798308 -0.195600 -0.470100 1.328800
1305032390.830359 -0.202500 -0.473400 1.318700
1305032390.866336 -0.209600 -0.476800 1.308600
1305032390.898311 -0.219200 -0.482500 1.294500
1305032390.930353 -0.227200 -0.485900 1.283400
1305032390.966292 -0.235100 -0.490600 1.272700
1305032390.998365 -0.244800 -0.496000 1.257600
1305032391.030566 -0.252100 -0.500900 1.245900
1305032391.066281 -0.259600 -0.504800 1.233300
1305032391.098310 -0.268700 -0.511000 1.217000
1305032391.130361 -0.274500 -0.515100 1.204700
1305032391.166263 -0.279800 -0.519100 1.192900
1305032391.198275 -0.286500 -0.524300 1.176500
1305032391.230301 -0.291300 -0.527900 1.164400
1305032391.266335 -0.295400 -0.531200 1.152500
1305032391.298278 -0.300200 -0.535100 1.136600
1305032391.330276 -0.301900 -0.537500 1.128800
1305032391.366253 -0.306600 -0.540200 1.110400
1305032391.398298 -0.309200 -0.542700 1.099900
1305032391.430307 -0.311400 -0.545300 1.089900
1305032391.466196 -0.313300 -0.547800 1.080600
1305032391.498122 -0.315100 -0.550500 1.071500
1305032391.530302 -0.316800 -0.553600 1.060600
1305032391.566367 -0.317300 -0.554900 1.053000
1305032391.598147 -0.316600 -0.556000 1.045500
1305032391.630273 -0.315000 -0.557300 1.036100
1305032391.666362 -0.312500 -0.557900 1.028700
1305032391.698346 -0.309500 -0.557900 1.021500
1305032391.730278 -0.304700 -0.558000 1.011500
1305032391.766303 -0.300900 -0.557800 1.004400
1305032391.798157 -0.296900 -0.557500 0.997500
1305032391.830252 -0.291700 -0.556600 0.989000
1305032391.866276 -0.288100 -0.555800 0.983500
1305032391.898229 -0.284200 -0.554500 0.979200
1305032391.930429 -0.279300 -0.553100 0.973500
1305032391.966414 -0.275600 -0.552800 0.969500
1305032391.998270 -0.272300 -0.553300 0.966100
