0	0.000000	0.000000	0.000000	
1	0.000000	0.000000	0.000000	
2	0.000000	0.000000	0.000000	
3	0.000000	0.000000	0.000000	
4	0.001033	0.001994	0.001808	
5	0.000743	0.002380	0.002030	
6	0.000563	0.002986	0.001903	
7	0.001010	0.002802	0.001735	
8	0.000572	0.005662	0.002296	
9	0.000982	0.004794	0.001706	
10	0.001118	0.006223	0.002114	
11	0.001196	0.005010	0.001749	
12	0.001083	0.004826	0.002067	
13	0.001369	0.005112	0.002168	
14	0.000864	0.003869	0.001663	
15	0.000894	0.003366	0.001558	
16	0.001085	0.002661	0.001223	
17	0.000955	0.000992	0.000474	
18	0.001665	0.001578	0.000734	
19	0.001434	0.001213	0.000102	
20	0.001166	0.001833	0.000285	
21	0.001625	0.001501	0.000160	
22	0.003131	0.002297	0.000177	
23	0.003459	0.002382	-0.000191	
24	0.003332	0.001760	-0.000818	
25	0.004234	0.002037	-0.001124	
26	0.004601	0.001935	-0.001817	
27	0.004696	0.001272	-0.002738	
28	0.006385	0.001711	-0.002981	
29	0.006060	0.001999	-0.003381	
30	0.005541	0.001171	-0.004297	
31	0.006782	0.001390	-0.004451	
32	0.007121	0.002604	-0.004289	
33	0.006574	0.003289	-0.004873	
34	0.007139	0.003854	-0.005030	
35	0.007455	0.003951	-0.005149	
36	0.007227	0.004277	-0.005371	
37	0.007997	0.005280	-0.005064	
38	0.008993	0.006718	-0.004988	
39	0.008046	0.006632	-0.005681	
40	0.008466	0.007195	-0.005414	
41	0.009160	0.007292	-0.005647	
42	0.009376	0.006259	-0.006459	
43	0.009605	0.005230	-0.007020	
44	0.010118	0.005057	-0.007095	
45	0.010403	0.005593	-0.007379	
46	0.010555	0.005643	-0.007793	
47	0.010967	0.006081	-0.007978	
48	0.011051	0.006799	-0.008321	
49	0.010625	0.006297	-0.008651	
50	0.011652	0.006598	-0.008791	
51	0.011950	0.005820	-0.009531	
52	0.011070	0.005668	-0.009758	
53	0.011733	0.006676	-0.009826	
54	0.011292	0.006268	-0.010203	
55	0.011456	0.006130	-0.010640	
56	0.011666	0.006484	-0.010603	
57	0.011419	0.006550	-0.010915	
58	0.011310	0.006579	-0.011058	
59	0.012152	0.008065	-0.010309	
60	0.011794	0.008305	-0.010099	
61	0.010637	0.008959	-0.009756	
62	0.011602	0.009936	-0.009076	
63	0.011879	0.010859	-0.008390	
64	0.010915	0.012099	-0.007730	
65	0.010556	0.012234	-0.007456	
66	0.010494	0.012228	-0.007122	
67	0.010309	0.013615	-0.006280	
68	0.009281	0.013776	-0.006176	
69	0.007319	0.014456	-0.006213	
70	0.005842	0.014444	-0.006410	
71	0.003551	0.013463	-0.007543	
72	0.000712	0.013403	-0.008903	
73	-0.002260	0.011182	-0.011775	
74	-0.007839	0.009716	-0.015466	
75	-0.014490	0.008860	-0.019166	
76	-0.019749	0.008348	-0.023425	
77	-0.032798	0.005673	-0.033128	
78	-0.041394	0.004875	-0.037977	
79	-0.050449	0.005156	-0.042199	
80	-0.059245	0.004842	-0.046880	
81	-0.068401	0.004607	-0.051218	
82	-0.079640	0.005263	-0.055778	
83	-0.090563	0.007315	-0.059620	
84	-0.101311	0.008896	-0.063146	
85	-0.112736	0.011334	-0.066328	
86	-0.125114	0.013180	-0.069283	
87	-0.138319	0.015988	-0.071747	
88	-0.151331	0.018980	-0.074006	
89	-0.163074	0.021245	-0.076304	
90	-0.176718	0.023275	-0.078907	
91	-0.188989	0.027194	-0.080340	
92	-0.200239	0.030498	-0.082019	
93	-0.212818	0.032832	-0.083977	
94	-0.224422	0.034656	-0.085309	
95	-0.235259	0.036381	-0.087251	
96	-0.245389	0.038557	-0.088836	
97	-0.255632	0.038683	-0.090573	
98	-0.265606	0.038281	-0.092171	
99	-0.275904	0.038275	-0.092875	
100	-0.284366	0.038229	-0.093446	
101	-0.295011	0.036671	-0.093941	
102	-0.304980	0.036050	-0.093815	
103	-0.314039	0.034843	-0.093603	
104	-0.322577	0.032961	-0.093765	
105	-0.331791	0.030643	-0.094014	
106	-0.341693	0.029545	-0.093214	
107	-0.349561	0.029270	-0.092101	
108	-0.368632	0.025607	-0.090584	
109	-0.378046	0.024868	-0.088841	
110	-0.387111	0.024041	-0.087114	
111	-0.396757	0.022503	-0.084751	
112	-0.408226	0.021405	-0.082092	
113	-0.419473	0.020609	-0.079298	
114	-0.429593	0.018421	-0.076667	
115	-0.440162	0.014867	-0.073573	
116	-0.452296	0.010765	-0.070438	
117	-0.462714	0.008012	-0.066216	
118	-0.470144	0.005994	-0.060417	
119	-0.494120	-0.000103	-0.048429	
120	-0.502032	-0.000858	-0.040787	
121	-0.506945	-0.005164	-0.033746	
122	-0.516418	-0.008698	-0.026732	
123	-0.524036	-0.009974	-0.019764	
124	-0.531946	-0.014386	-0.014280	
125	-0.539370	-0.018153	-0.008290	
126	-0.546721	-0.020574	-0.002491	
127	-0.554975	-0.025290	0.001847	
128	-0.562061	-0.029249	0.006654	
129	-0.567998	-0.033267	0.011355	
130	-0.576518	-0.037323	0.015673	
131	-0.582661	-0.040038	0.020875	
132	-0.588604	-0.044140	0.026156	
133	-0.594871	-0.048017	0.031282	
134	-0.609905	-0.053039	0.042364	
135	-0.617269	-0.055758	0.048141	
136	-0.625343	-0.057522	0.053746	
137	-0.633451	-0.060393	0.059133	
138	-0.647429	-0.065123	0.070154	
139	-0.656759	-0.065919	0.076027	
140	-0.674215	-0.070000	0.087194	
141	-0.682718	-0.072099	0.092826	
142	-0.691975	-0.072395	0.099019	
143	-0.701000	-0.073897	0.104733	
144	-0.709981	-0.076225	0.110395	
145	-0.717881	-0.079228	0.115496	
146	-0.727592	-0.083131	0.120316	
147	-0.737085	-0.084301	0.126033	
148	-0.745413	-0.087892	0.130948	
149	-0.754373	-0.090263	0.136010	
150	-0.763575	-0.091803	0.141786	
151	-0.778118	-0.098156	0.152782	
152	-0.786125	-0.100134	0.158177	
153	-0.792398	-0.103903	0.163196	
154	-0.797192	-0.108148	0.168085	
155	-0.803639	-0.109405	0.173364	
156	-0.810090	-0.110760	0.179013	
157	-0.814548	-0.113224	0.184604	
158	-0.819393	-0.117276	0.190143	
159	-0.826286	-0.119196	0.196193	
160	-0.831223	-0.121633	0.202059	
161	-0.835466	-0.124678	0.207415	
162	-0.841357	-0.126214	0.212627	
163	-0.847986	-0.127383	0.217894	
164	-0.852614	-0.129540	0.222906	
165	-0.857365	-0.132936	0.227392	
166	-0.864163	-0.134403	0.232244	
167	-0.868798	-0.136742	0.237302	
168	-0.872478	-0.139946	0.241693	
169	-0.878511	-0.141769	0.247070	
170	-0.885161	-0.143526	0.252694	
171	-0.889341	-0.149247	0.257743	
172	-0.894531	-0.154224	0.262758	
173	-0.901558	-0.157557	0.268254	
174	-0.911389	-0.163893	0.279941	
175	-0.917506	-0.168169	0.286025	
176	-0.923442	-0.170170	0.292626	
177	-0.927782	-0.174298	0.299333	
178	-0.932584	-0.177779	0.306086	
179	-0.937803	-0.181763	0.312947	
180	-0.942762	-0.185583	0.319455	
181	-0.947605	-0.188539	0.325794	
182	-0.951993	-0.192018	0.331623	
183	-0.958181	-0.196777	0.337818	
184	-0.962624	-0.198330	0.343971	
185	-0.965096	-0.202423	0.348827	
186	-0.971299	-0.204087	0.354559	
187	-0.978283	-0.206532	0.360191	
188	-0.982924	-0.208617	0.365558	
189	-0.987443	-0.210359	0.370780	
190	-0.995346	-0.210766	0.376859	
191	-1.002582	-0.211587	0.383148	
192	-1.007653	-0.212478	0.389432	
193	-1.013079	-0.213889	0.395408	
194	-1.022004	-0.214258	0.402094	
195	-1.032118	-0.213987	0.409057	
196	-1.040751	-0.215493	0.414913	
197	-1.050763	-0.215859	0.420328	
198	-1.063268	-0.217178	0.426299	
199	-1.074092	-0.217062	0.431370	
200	-1.083618	-0.218035	0.435593	
201	-1.094836	-0.218059	0.440368	
202	-1.107341	-0.218561	0.445539	
203	-1.116281	-0.217953	0.449469	
204	-1.127025	-0.219883	0.453902	
205	-1.147738	-0.223157	0.462385	
206	-1.155855	-0.224321	0.465962	
207	-1.165942	-0.227299	0.470472	
208	-1.174944	-0.229707	0.474699	
209	-1.180814	-0.230524	0.478527	
210	-1.188745	-0.234046	0.482397	
211	-1.198423	-0.236768	0.487567	
212	-1.203788	-0.238414	0.492029	
213	-1.209725	-0.241201	0.496216	
214	-1.218662	-0.245155	0.501544	
215	-1.223840	-0.246262	0.506807	
216	-1.228132	-0.249238	0.511333	
217	-1.236014	-0.252762	0.517291	
218	-1.240232	-0.255440	0.523030	
219	-1.244779	-0.257541	0.528769	
220	-1.250427	-0.261126	0.534797	
221	-1.255339	-0.263697	0.541029	
222	-1.259429	-0.266968	0.546808	
223	-1.264349	-0.271399	0.552846	
224	-1.268832	-0.275225	0.559043	
225	-1.272373	-0.279191	0.565123	
226	-1.276792	-0.283203	0.571847	
227	-1.279347	-0.287415	0.578084	
228	-1.281754	-0.292953	0.584049	
229	-1.285852	-0.299053	0.590304	
230	-1.288947	-0.303539	0.596196	
231	-1.292390	-0.307668	0.601840	
232	-1.296376	-0.312743	0.607934	
233	-1.298646	-0.317837	0.613415	
234	-1.302391	-0.322937	0.619415	
235	-1.307961	-0.326602	0.626495	
236	-1.311603	-0.330755	0.632410	
237	-1.315212	-0.334938	0.638139	
238	-1.319601	-0.338867	0.644122	
239	-1.323577	-0.341852	0.650461	
240	-1.328028	-0.345519	0.656446	
241	-1.333441	-0.349964	0.662776	
242	-1.338479	-0.351950	0.668974	
243	-1.343242	-0.355243	0.674104	
244	-1.349702	-0.360069	0.679778	
245	-1.355292	-0.362976	0.685122	
246	-1.359423	-0.367564	0.689618	
247	-1.365017	-0.372824	0.693862	
248	-1.370731	-0.376590	0.697860	
249	-1.375917	-0.380524	0.701117	
250	-1.381402	-0.385125	0.704005	
251	-1.389147	-0.388201	0.707032	
252	-1.395841	-0.390608	0.710229	
253	-1.402813	-0.394731	0.712464	
254	-1.412483	-0.396089	0.715429	
255	-1.421013	-0.397390	0.717457	
256	-1.439790	-0.401251	0.720451	
257	-1.451031	-0.400301	0.722048	
258	-1.470570	-0.400923	0.723281	
259	-1.482551	-0.400839	0.724551	
260	-1.493644	-0.400124	0.725785	
261	-1.504093	-0.398860	0.726803	
262	-1.513902	-0.398370	0.727740	
263	-1.524635	-0.399484	0.729050	
264	-1.534531	-0.397593	0.730962	
265	-1.544664	-0.397331	0.732164	
266	-1.555550	-0.397798	0.733516	
267	-1.565440	-0.398291	0.735482	
268	-1.573872	-0.398809	0.736645	
269	-1.585590	-0.398987	0.739295	
270	-1.595405	-0.397568	0.741829	
271	-1.605134	-0.397952	0.744270	
272	-1.615270	-0.399197	0.747388	
273	-1.623638	-0.399524	0.750243	
274	-1.632200	-0.400473	0.752957	
275	-1.641788	-0.398085	0.757378	
276	-1.650011	-0.396233	0.762285	
277	-1.658767	-0.393996	0.767597	
278	-1.666705	-0.389485	0.774432	
279	-1.674296	-0.385493	0.781224	
280	-1.680797	-0.380595	0.789058	
281	-1.687147	-0.375246	0.797050	
282	-1.691376	-0.370928	0.804904	
283	-1.695109	-0.367028	0.812930	
284	-1.698782	-0.363163	0.821066	
285	-1.701346	-0.360064	0.828432	
286	-1.704153	-0.359118	0.836472	
287	-1.707009	-0.356528	0.846095	
288	-1.706424	-0.353347	0.854094	
289	-1.707724	-0.353306	0.861851	
290	-1.708807	-0.350559	0.871029	
291	-1.708200	-0.348753	0.879319	
292	-1.708977	-0.346936	0.888781	
293	-1.709510	-0.345551	0.897524	
294	-1.710244	-0.343218	0.906921	
295	-1.711307	-0.340713	0.916537	
296	-1.712017	-0.340972	0.925281	
297	-1.713249	-0.340986	0.934104	
298	-1.714172	-0.340874	0.943201	
299	-1.715320	-0.342053	0.950445	
300	-1.717503	-0.343424	0.958374	
301	-1.719579	-0.345479	0.965790	
302	-1.721618	-0.345664	0.973840	
303	-1.724033	-0.347261	0.981507	
304	-1.726265	-0.349864	0.988509	
305	-1.728355	-0.354638	0.994630	
306	-1.732143	-0.356568	1.001880	
307	-1.735929	-0.357815	1.008957	
308	-1.740118	-0.361841	1.015319	
309	-1.743691	-0.365854	1.021196	
310	-1.747332	-0.368091	1.027286	
311	-1.750974	-0.370694	1.033201	
312	-1.754597	-0.373816	1.038683	
313	-1.758620	-0.376740	1.044317	
314	-1.762341	-0.379230	1.050390	
315	-1.766749	-0.382118	1.056398	
316	-1.771345	-0.386559	1.061406	
317	-1.776206	-0.390806	1.066515	
318	-1.781642	-0.394892	1.071950	
319	-1.787124	-0.399075	1.077356	
320	-1.792962	-0.403454	1.082456	
321	-1.798898	-0.408854	1.087811	
322	-1.803811	-0.413218	1.091856	
323	-1.809550	-0.418594	1.096113	
324	-1.815095	-0.423653	1.100675	
325	-1.820577	-0.427401	1.104599	
326	-1.825365	-0.432598	1.107587	
327	-1.829880	-0.438605	1.110991	
328	-1.834625	-0.442361	1.114115	
329	-1.839260	-0.447626	1.117797	
330	-1.843824	-0.452938	1.122463	
331	-1.848250	-0.459741	1.126831	
332	-1.852407	-0.464227	1.131164	
333	-1.856690	-0.469048	1.136846	
334	-1.859994	-0.477142	1.141443	
335	-1.864151	-0.481516	1.147216	
336	-1.868361	-0.487717	1.153665	
337	-1.871428	-0.493693	1.157807	
338	-1.875019	-0.499486	1.164276	
339	-1.877500	-0.506734	1.170023	
340	-1.879640	-0.513285	1.174737	
341	-1.882241	-0.518513	1.180946	
342	-1.884215	-0.524778	1.188447	
343	-1.885496	-0.531285	1.192721	
344	-1.887181	-0.535996	1.199240	
345	-1.888371	-0.543069	1.206306	
346	-1.889271	-0.548014	1.211885	
347	-1.891043	-0.551224	1.219207	
348	-1.890917	-0.557236	1.226131	
349	-1.890476	-0.563711	1.229766	
350	-1.891083	-0.568439	1.236315	
351	-1.891129	-0.573373	1.243593	
352	-1.890642	-0.579140	1.248431	
353	-1.890849	-0.584801	1.255361	
354	-1.890050	-0.595660	1.267494	
355	-1.889833	-0.601075	1.274507	
356	-1.889246	-0.606524	1.281241	
357	-1.888738	-0.611834	1.287777	
358	-1.888879	-0.617496	1.295399	
359	-1.888044	-0.624501	1.303285	
360	-1.886915	-0.635062	1.317452	
361	-1.886192	-0.641842	1.325013	
362	-1.885958	-0.648104	1.332616	
363	-1.885337	-0.654008	1.339741	
364	-1.885434	-0.659186	1.347206	
365	-1.885035	-0.663965	1.353925	
366	-1.885403	-0.668136	1.362232	
367	-1.884891	-0.670900	1.367398	
368	-1.884962	-0.674550	1.373525	
369	-1.884559	-0.678977	1.380257	
370	-1.884101	-0.682121	1.386600	
371	-1.883741	-0.684749	1.391318	
372	-1.882985	-0.687747	1.397081	
373	-1.882722	-0.690447	1.401397	
374	-1.883133	-0.693060	1.404922	
375	-1.883379	-0.695478	1.409667	
376	-1.884022	-0.697912	1.414796	
377	-1.884979	-0.699537	1.418490	
378	-1.886551	-0.700804	1.423164	
379	-1.887953	-0.702632	1.428470	
380	-1.889729	-0.704535	1.434099	
381	-1.891498	-0.707116	1.439157	
382	-1.893666	-0.709554	1.445297	
383	-1.896247	-0.712642	1.450342	
384	-1.898791	-0.716553	1.456020	
385	-1.902037	-0.719955	1.461871	
386	-1.905168	-0.724918	1.466649	
387	-1.909464	-0.728206	1.472802	
388	-1.913391	-0.733683	1.478184	
389	-1.917420	-0.739764	1.483410	
390	-1.922164	-0.743715	1.488753	
391	-1.926239	-0.750803	1.493607	
392	-1.931136	-0.756886	1.498699	
393	-1.936360	-0.762898	1.505549	
394	-1.941746	-0.768131	1.510503	
395	-1.947395	-0.773506	1.515978	
396	-1.952889	-0.780874	1.523326	
397	-1.958294	-0.788074	1.529204	
398	-1.968631	-0.799463	1.539428	
399	-1.972508	-0.807291	1.545285	
400	-1.976701	-0.815647	1.550194	
401	-1.980240	-0.824854	1.557817	
402	-1.983323	-0.831122	1.561663	
403	-1.986951	-0.837760	1.566979	
404	-1.990652	-0.844928	1.575459	
405	-1.993430	-0.851133	1.582934	
406	-1.996289	-0.858289	1.589021	
407	-1.999468	-0.864624	1.596931	
408	-2.001560	-0.869360	1.604807	
409	-2.003767	-0.872417	1.610056	
410	-2.005974	-0.876742	1.616323	
411	-2.007698	-0.881380	1.624918	
412	-2.009306	-0.883250	1.631432	
413	-2.010795	-0.885390	1.637354	
414	-2.012126	-0.888451	1.645380	
415	-2.012833	-0.893214	1.655411	
416	-2.014235	-0.893467	1.661727	
417	-2.015642	-0.894847	1.669074	
418	-2.016978	-0.897346	1.678866	
419	-2.018530	-0.898849	1.685473	
420	-2.019831	-0.901150	1.693830	
421	-2.021595	-0.901949	1.701224	
422	-2.022896	-0.903341	1.708373	
423	-2.024350	-0.903615	1.714317	
424	-2.025572	-0.906457	1.722009	
425	-2.026645	-0.908105	1.728999	
426	-2.029087	-0.909889	1.739275	
427	-2.030400	-0.910870	1.744265	
428	-2.031224	-0.913212	1.750398	
429	-2.032524	-0.915097	1.755715	
430	-2.034472	-0.920059	1.761531	
431	-2.035585	-0.924963	1.769669	
432	-2.037086	-0.935215	1.780088	
433	-2.037802	-0.940799	1.785276	
434	-2.038281	-0.946886	1.790187	
435	-2.039640	-0.952316	1.792966	
436	-2.040590	-0.958388	1.798108	
437	-2.041848	-0.964175	1.803392	
438	-2.043586	-0.969443	1.807472	
439	-2.044919	-0.976512	1.814367	
440	-2.045963	-0.982472	1.818923	
441	-2.047375	-0.988129	1.822682	
442	-2.048635	-0.994624	1.829895	
443	-2.049967	-1.000035	1.835242	
444	-2.051095	-1.006655	1.840858	
445	-2.052612	-1.011988	1.846408	
446	-2.053329	-1.018324	1.852632	
447	-2.054772	-1.024147	1.856687	
448	-2.055924	-1.031487	1.862634	
449	-2.057175	-1.037158	1.868517	
450	-2.058466	-1.043890	1.873470	
451	-2.060098	-1.049922	1.879097	
452	-2.061450	-1.055544	1.885389	
453	-2.064245	-1.060979	1.889612	
454	-2.065751	-1.068223	1.896857	
455	-2.067731	-1.074405	1.902836	
456	-2.070782	-1.081173	1.909024	
457	-2.074517	-1.087062	1.916184	
458	-2.078452	-1.093761	1.923183	
459	-2.081917	-1.103419	1.933137	
460	-2.088093	-1.108042	1.940208	
461	-2.093012	-1.115946	1.950506	
462	-2.098264	-1.123724	1.961594	
463	-2.103165	-1.130735	1.972406	
464	-2.107558	-1.137441	1.982651	
465	-2.111964	-1.144836	1.995241	
466	-2.115300	-1.151851	2.007062	
467	-2.118303	-1.158498	2.018954	
468	-2.121504	-1.165811	2.029671	
469	-2.125096	-1.173003	2.040267	
470	-2.127851	-1.178551	2.051707	
471	-2.131198	-1.185208	2.061443	
472	-2.134615	-1.192100	2.073043	
473	-2.137206	-1.197869	2.083349	
474	-2.140293	-1.203031	2.093996	
475	-2.142807	-1.208737	2.103486	
476	-2.144269	-1.214265	2.113982	
477	-2.146408	-1.218230	2.123082	
478	-2.147342	-1.221392	2.132502	
479	-2.148072	-1.223744	2.140740	
480	-2.148225	-1.227221	2.148465	
481	-2.147769	-1.228838	2.157315	
482	-2.145437	-1.230304	2.167235	
483	-2.145203	-1.231813	2.173681	
484	-2.144599	-1.232924	2.182043	
485	-2.140786	-1.233624	2.191922	
486	-2.138242	-1.234209	2.199448	
487	-2.136471	-1.234869	2.206329	
488	-2.128870	-1.238012	2.225605	
489	-2.126207	-1.238971	2.233117	
490	-2.122530	-1.241244	2.244061	
491	-2.119321	-1.243923	2.250229	
492	-2.115125	-1.247867	2.257839	
493	-2.111018	-1.251571	2.266742	
494	-2.107310	-1.255896	2.273082	
495	-2.103858	-1.260395	2.279163	
496	-2.099153	-1.264943	2.289753	
497	-2.091752	-1.275658	2.302625	
498	-2.087435	-1.279958	2.311084	
499	-2.082693	-1.283484	2.319281	
500	-2.078880	-1.289313	2.322882	
501	-2.075523	-1.292630	2.328577	
502	-2.069921	-1.297530	2.335521	
503	-2.067250	-1.301668	2.338951	
504	-2.063167	-1.304866	2.344373	
505	-2.059038	-1.307294	2.351239	
506	-2.056115	-1.311235	2.355631	
507	-2.052574	-1.316053	2.358054	
508	-2.047456	-1.320041	2.363715	
509	-2.044527	-1.323176	2.366199	
510	-2.041618	-1.325962	2.369025	
511	-2.036435	-1.328790	2.374671	
512	-2.032331	-1.334041	2.376323	
513	-2.027874	-1.339225	2.378457	
514	-2.021802	-1.343810	2.384549	
515	-2.018500	-1.346965	2.388096	
516	-2.013596	-1.351519	2.392624	
517	-2.007322	-1.356137	2.399555	
518	-2.002822	-1.361077	2.405071	
519	-1.998115	-1.365025	2.413290	
520	-1.991569	-1.370058	2.423079	
521	-1.987726	-1.374529	2.431082	
522	-1.982877	-1.379101	2.440313	
523	-1.977733	-1.384484	2.450145	
524	-1.972421	-1.389708	2.459724	
525	-1.966666	-1.396187	2.469253	
526	-1.963200	-1.403405	2.476193	
527	-1.957662	-1.408702	2.486004	
528	-1.951589	-1.413934	2.495206	
529	-1.947426	-1.419428	2.503299	
530	-1.943291	-1.424532	2.511504	
531	-1.938152	-1.428816	2.520627	
532	-1.933715	-1.433938	2.528331	
533	-1.929698	-1.436925	2.537386	
534	-1.924883	-1.439641	2.545305	
535	-1.919442	-1.443802	2.552979	
536	-1.915003	-1.447450	2.559853	
537	-1.909480	-1.450156	2.567248	
538	-1.903156	-1.454496	2.573093	
539	-1.900682	-1.456718	2.579205	
540	-1.894726	-1.460142	2.585337	
541	-1.887194	-1.464626	2.591676	
542	-1.883085	-1.467579	2.597034	
543	-1.877237	-1.470384	2.603243	
544	-1.869888	-1.473547	2.609050	
545	-1.863921	-1.475881	2.614514	
546	-1.859035	-1.477627	2.619582	
547	-1.851952	-1.478845	2.625761	
548	-1.843709	-1.480583	2.629915	
549	-1.836787	-1.482088	2.633988	
550	-1.828980	-1.483437	2.637797	
551	-1.821141	-1.483206	2.643279	
552	-1.812408	-1.484250	2.646396	
553	-1.806117	-1.484336	2.649910	
554	-1.796085	-1.483220	2.654599	
555	-1.782604	-1.484381	2.658876	
556	-1.776252	-1.483631	2.662677	
557	-1.766358	-1.482206	2.667843	
558	-1.753726	-1.481794	2.672963	
559	-1.745699	-1.480618	2.677264	
560	-1.737307	-1.478405	2.681717	
561	-1.724706	-1.477716	2.686385	
562	-1.714998	-1.477542	2.689745	
563	-1.696430	-1.475351	2.696497	
564	-1.685560	-1.475005	2.699430	
565	-1.677140	-1.474791	2.700936	
566	-1.667535	-1.474031	2.703020	
567	-1.657248	-1.474326	2.705504	
568	-1.648331	-1.475200	2.705858	
569	-1.640884	-1.475437	2.706671	
570	-1.631949	-1.475479	2.708993	
571	-1.623932	-1.476391	2.709825	
572	-1.616302	-1.478345	2.709099	
573	-1.608468	-1.479819	2.709149	
574	-1.600430	-1.481399	2.709999	
575	-1.594258	-1.482008	2.710061	
576	-1.588020	-1.482533	2.710818	
577	-1.579750	-1.483671	2.712713	
578	-1.568453	-1.486543	2.713067	
579	-1.561477	-1.487188	2.714839	
580	-1.553916	-1.488150	2.716304	
581	-1.548732	-1.489808	2.716022	
582	-1.542315	-1.489942	2.718117	
583	-1.534303	-1.491928	2.719455	
584	-1.529247	-1.493711	2.720685	
585	-1.516548	-1.495708	2.725149	
586	-1.511092	-1.496593	2.727977	
587	-1.505702	-1.497376	2.730006	
588	-1.499392	-1.498050	2.732414	
589	-1.492738	-1.499397	2.733180	
590	-1.479988	-1.500453	2.738493	
591	-1.473869	-1.501203	2.741020	
592	-1.466380	-1.502293	2.743497	
593	-1.460833	-1.502788	2.747038	
594	-1.455493	-1.503860	2.749499	
595	-1.448585	-1.504712	2.752115	
596	-1.441514	-1.505118	2.755771	
597	-1.437502	-1.505018	2.758635	
598	-1.430301	-1.504773	2.761616	
599	-1.422911	-1.504443	2.765057	
600	-1.417792	-1.504175	2.766435	
601	-1.412892	-1.503772	2.766967	
602	-1.403891	-1.502561	2.771527	
603	-1.396502	-1.500688	2.775865	
604	-1.392011	-1.500639	2.775088	
605	-1.383137	-1.499390	2.778148	
606	-1.374084	-1.497627	2.781696	
607	-1.368705	-1.496596	2.782485	
608	-1.359791	-1.495032	2.785983	
609	-1.351467	-1.494141	2.786839	
610	-1.342948	-1.492678	2.789635	
611	-1.334879	-1.491616	2.791419	
612	-1.327825	-1.490600	2.791498	
613	-1.318154	-1.489668	2.791960	
614	-1.310615	-1.488465	2.791514	
615	-1.303822	-1.486881	2.790467	
616	-1.295429	-1.485307	2.789773	
617	-1.287353	-1.484216	2.788928	
618	-1.280638	-1.483510	2.787004	
619	-1.271343	-1.483527	2.784845	
620	-1.264573	-1.483416	2.783121	
621	-1.259161	-1.483342	2.780739	
622	-1.251010	-1.483410	2.779491	
623	-1.243716	-1.483598	2.777637	
624	-1.238670	-1.484202	2.773695	
625	-1.231253	-1.484320	2.772252	
626	-1.223908	-1.484676	2.770314	
627	-1.211273	-1.485010	2.766309	
628	-1.203385	-1.485831	2.764275	
629	-1.198081	-1.486953	2.761438	
630	-1.191104	-1.487813	2.760219	
631	-1.185051	-1.489007	2.758079	
632	-1.178933	-1.490378	2.756156	
633	-1.172154	-1.491746	2.754086	
634	-1.166870	-1.492567	2.752069	
635	-1.161540	-1.493441	2.750571	
636	-1.156430	-1.493874	2.749428	
637	-1.147674	-1.493842	2.744908	
638	-1.143514	-1.493565	2.742518	
639	-1.138616	-1.492348	2.741147	
640	-1.132201	-1.491454	2.738765	
641	-1.125721	-1.490986	2.736626	
642	-1.123502	-1.489513	2.734732	
643	-1.119987	-1.487925	2.733530	
644	-1.113311	-1.487365	2.731190	
645	-1.110423	-1.485543	2.730415	
646	-1.107099	-1.484095	2.729263	
647	-1.100436	-1.482156	2.728483	
648	-1.094575	-1.480481	2.726678	
649	-1.090991	-1.478459	2.725137	
650	-1.086590	-1.475835	2.723746	
651	-1.080781	-1.473562	2.721373	
652	-1.075358	-1.470093	2.720155	
653	-1.070884	-1.466631	2.718382	
654	-1.064288	-1.462983	2.716725	
655	-1.058362	-1.459086	2.714782	
656	-1.053247	-1.454892	2.712920	
657	-1.045376	-1.450894	2.710591	
658	-1.042388	-1.446236	2.709104	
659	-1.037643	-1.441575	2.707786	
660	-1.027885	-1.438783	2.704947	
661	-1.023000	-1.434767	2.703340	
662	-1.019341	-1.430492	2.701678	
663	-1.013000	-1.426958	2.698456	
664	-1.008002	-1.423066	2.695574	
665	-1.005237	-1.418254	2.692582	
666	-1.001579	-1.413825	2.688572	
667	-0.998671	-1.409022	2.684928	
668	-0.992749	-1.404821	2.679780	
669	-0.988120	-1.399665	2.675298	
670	-0.984307	-1.393907	2.672068	
671	-0.977893	-1.389223	2.666581	
672	-0.971906	-1.384026	2.661410	
673	-0.960188	-1.375059	2.649819	
674	-0.952817	-1.371101	2.643701	
675	-0.938951	-1.363689	2.632541	
676	-0.928542	-1.362152	2.625331	
677	-0.926480	-1.357199	2.622403	
678	-0.923123	-1.352659	2.619082	
679	-0.916841	-1.349581	2.613792	
680	-0.910607	-1.345575	2.609514	
681	-0.907564	-1.340457	2.607224	
682	-0.902132	-1.337219	2.603565	
683	-0.896358	-1.333776	2.600762	
684	-0.888082	-1.325450	2.597487	
685	-0.882538	-1.322860	2.594890	
686	-0.881345	-1.316942	2.595405	
687	-0.878219	-1.313059	2.594291	
688	-0.871462	-1.310966	2.592063	
689	-0.869452	-1.304398	2.594454	
690	-0.866282	-1.299563	2.594647	
691	-0.861507	-1.296119	2.593856	
692	-0.858853	-1.290975	2.595189	
693	-0.858097	-1.285152	2.597346	
694	-0.853691	-1.282918	2.596660	
695	-0.851350	-1.278853	2.598219	
696	-0.850220	-1.274383	2.599818	
697	-0.844886	-1.273873	2.598193	
698	-0.843719	-1.269579	2.600685	
699	-0.842644	-1.266562	2.602266	
700	-0.837668	-1.266283	2.601592	
701	-0.836617	-1.262758	2.604228	
702	-0.834937	-1.260643	2.605362	
703	-0.831280	-1.258751	2.606836	
704	-0.829568	-1.256041	2.609610	
705	-0.827127	-1.254045	2.611548	
706	-0.824247	-1.251603	2.614216	
707	-0.821632	-1.249056	2.616717	
708	-0.819418	-1.246262	2.619717	
709	-0.816655	-1.244941	2.621420	
710	-0.814288	-1.242010	2.624208	
711	-0.812291	-1.239017	2.627038	
712	-0.803843	-1.232469	2.635372	
713	-0.798284	-1.232543	2.635456	
714	-0.792591	-1.233227	2.636266	
715	-0.791287	-1.230050	2.640363	
716	-0.785357	-1.231026	2.641107	
717	-0.781694	-1.230604	2.643532	
718	-0.779953	-1.228202	2.647090	
719	-0.775052	-1.228312	2.648827	
720	-0.771016	-1.227841	2.651103	
721	-0.768611	-1.225788	2.654648	
722	-0.762739	-1.227190	2.655038	
723	-0.758159	-1.227518	2.657438	
724	-0.755860	-1.226276	2.660995	
725	-0.752601	-1.226390	2.662991	
726	-0.746643	-1.228678	2.663965	
727	-0.743989	-1.227705	2.668247	
728	-0.741115	-1.226728	2.671291	
729	-0.735224	-1.229124	2.671967	
730	-0.732068	-1.228052	2.676612	
731	-0.729416	-1.227488	2.679192	
732	-0.723687	-1.229407	2.680219	
733	-0.721148	-1.228685	2.684211	
734	-0.717463	-1.229044	2.686595	
735	-0.712320	-1.231122	2.687878	
736	-0.710052	-1.230223	2.691401	
737	-0.706206	-1.231568	2.693258	
738	-0.702143	-1.232553	2.695545	
739	-0.699116	-1.233787	2.698472	
740	-0.694808	-1.236967	2.698433	
741	-0.692559	-1.238825	2.701126	
742	-0.691331	-1.239109	2.704413	
743	-0.690001	-1.240320	2.706470	
744	-0.689190	-1.240650	2.710340	
745	-0.687375	-1.241561	2.712410	
746	-0.685859	-1.242711	2.715630	
747	-0.684476	-1.243827	2.718653	
748	-0.681725	-1.245290	2.721094	
749	-0.679321	-1.246753	2.723685	
750	-0.679646	-1.245659	2.728168	
751	-0.676564	-1.247693	2.730342	
752	-0.674195	-1.249456	2.734527	
753	-0.673110	-1.250077	2.739720	
754	-0.670681	-1.252329	2.743554	
755	-0.667447	-1.255674	2.746884	
756	-0.665967	-1.258085	2.751920	
757	-0.663739	-1.261407	2.756438	
758	-0.659543	-1.266673	2.760192	
759	-0.658567	-1.269180	2.766896	
760	-0.655625	-1.273659	2.771315	
761	-0.652937	-1.277834	2.777137	
762	-0.651346	-1.281373	2.784061	
763	-0.649386	-1.284654	2.789687	
764	-0.646670	-1.288368	2.795190	
765	-0.643822	-1.292569	2.800670	
766	-0.640751	-1.296849	2.806405	
767	-0.638905	-1.300075	2.813260	
768	-0.635221	-1.305043	2.817526	
769	-0.633070	-1.308312	2.823851	
770	-0.632735	-1.309792	2.830818	
771	-0.628367	-1.314508	2.834393	
772	-0.625674	-1.317441	2.840262	
773	-0.623278	-1.319798	2.845398	
774	-0.618363	-1.323690	2.847257	
775	-0.617249	-1.324385	2.853509	
776	-0.615606	-1.324834	2.858605	
777	-0.610375	-1.327044	2.861357	
778	-0.606740	-1.328066	2.865344	
779	-0.602873	-1.328549	2.869377	
780	-0.596659	-1.331653	2.869372	
781	-0.592077	-1.333400	2.871127	
782	-0.587928	-1.335060	2.872355	
783	-0.581977	-1.337626	2.871945	
784	-0.575667	-1.340264	2.872838	
785	-0.570679	-1.341938	2.874508	
786	-0.563411	-1.344030	2.875179	
787	-0.557695	-1.345871	2.876345	
788	-0.546103	-1.349100	2.880239	
789	-0.538500	-1.351160	2.882449	
790	-0.532228	-1.353309	2.884966	
791	-0.524234	-1.355905	2.885880	
792	-0.516475	-1.357946	2.886886	
793	-0.507234	-1.361669	2.887315	
794	-0.500481	-1.363671	2.889566	
795	-0.491807	-1.366151	2.890315	
796	-0.482078	-1.369296	2.890451	
797	-0.475105	-1.370435	2.893158	
798	-0.467184	-1.372467	2.894678	
799	-0.457736	-1.375563	2.895111	
800	-0.451073	-1.376673	2.897906	
801	-0.433836	-1.382257	2.897600	
802	-0.421467	-1.384878	2.899576	
803	-0.409257	-1.387734	2.900083	
804	-0.403740	-1.388690	2.900433	
805	-0.396940	-1.390321	2.899748	
806	-0.393120	-1.389756	2.901287	
807	-0.386412	-1.390248	2.900774	
808	-0.379611	-1.391145	2.899969	
809	-0.373518	-1.390533	2.900880	
810	-0.366209	-1.391376	2.899921	
811	-0.357775	-1.392888	2.898945	
812	-0.351140	-1.392150	2.900250	
813	-0.344892	-1.393003	2.899973	
814	-0.336479	-1.394707	2.899050	
815	-0.330557	-1.394074	2.900090	
816	-0.323593	-1.394974	2.899662	
817	-0.316061	-1.395626	2.897892	
818	-0.311340	-1.394695	2.898383	
819	-0.304806	-1.395602	2.895767	
820	-0.298318	-1.396224	2.893671	
821	-0.293877	-1.395945	2.892749	
822	-0.288126	-1.395772	2.890923	
823	-0.283159	-1.395188	2.889387	
824	-0.277532	-1.393708	2.888041	
825	-0.272086	-1.393274	2.885990	
826	-0.266820	-1.391405	2.884472	
827	-0.261955	-1.388708	2.883185	
828	-0.257584	-1.386572	2.880946	
829	-0.246116	-1.380500	2.877009	
830	-0.239951	-1.377613	2.873726	
831	-0.234430	-1.374335	2.870195	
832	-0.227825	-1.369684	2.866988	
833	-0.221522	-1.365594	2.862654	
834	-0.214086	-1.361894	2.857304	
835	-0.206313	-1.356904	2.852843	
836	-0.197453	-1.351670	2.848211	
837	-0.188634	-1.348534	2.841503	
838	-0.179164	-1.344589	2.835454	
839	-0.171310	-1.340114	2.829582	
840	-0.162260	-1.336469	2.822941	
841	-0.144933	-1.329364	2.808928	
842	-0.137615	-1.325786	2.802380	
843	-0.129927	-1.322773	2.794908	
844	-0.122038	-1.318798	2.788751	
845	-0.116097	-1.316585	2.781511	
846	-0.108860	-1.312968	2.776135	
847	-0.101587	-1.309986	2.769318	
848	-0.096344	-1.308258	2.762971	
849	-0.088413	-1.304933	2.757195	
850	-0.081953	-1.305760	2.747654	
851	-0.075317	-1.305248	2.740747	
852	-0.067127	-1.301788	2.736535	
853	-0.063580	-1.302964	2.728067	
854	-0.056427	-1.304085	2.720639	
855	-0.048233	-1.303194	2.714344	
856	-0.043913	-1.302681	2.707631	
857	-0.039716	-1.301922	2.700725	
858	-0.033669	-1.300802	2.693209	
859	-0.026608	-1.299120	2.686656	
860	-0.020657	-1.297105	2.680631	
861	-0.015149	-1.296854	2.673109	
862	-0.008523	-1.296588	2.666581	
863	-0.000569	-1.297034	2.660062	
864	0.005809	-1.298280	2.653263	
865	0.013833	-1.298970	2.648046	
866	0.020081	-1.301043	2.641093	
867	0.027438	-1.302758	2.635202	
868	0.034315	-1.304476	2.629841	
869	0.039083	-1.306919	2.622512	
870	0.045580	-1.309580	2.615451	
871	0.053069	-1.311293	2.609465	
872	0.058866	-1.313589	2.602794	
873	0.063818	-1.315778	2.594926	
874	0.068812	-1.318266	2.587039	
875	0.079926	-1.320153	2.573193	
876	0.082821	-1.322039	2.564016	
877	0.086996	-1.322864	2.556434	
878	0.089334	-1.324262	2.546845	
879	0.097782	-1.323711	2.532508	
880	0.098439	-1.323321	2.523375	
881	0.101176	-1.322756	2.515031	
882	0.105330	-1.320654	2.508718	
883	0.106772	-1.319567	2.501342	
884	0.107427	-1.319433	2.491901	
885	0.107598	-1.317777	2.483589	
886	0.110692	-1.316365	2.474236	
887	0.111575	-1.314961	2.465831	
888	0.115144	-1.313019	2.457078	
889	0.117546	-1.311204	2.448748	
890	0.119578	-1.309951	2.438972	
891	0.122348	-1.309629	2.428643	
892	0.125812	-1.308566	2.419582	
893	0.128257	-1.307665	2.409709	
894	0.129284	-1.307323	2.398751	
895	0.133124	-1.307462	2.388620	
896	0.135767	-1.308057	2.378940	
897	0.138854	-1.309222	2.370242	
898	0.144318	-1.309452	2.363122	
899	0.148829	-1.308934	2.356100	
900	0.151118	-1.308191	2.347942	
901	0.152422	-1.307161	2.339564	
902	0.156203	-1.305417	2.333584	
903	0.158449	-1.303536	2.326457	
904	0.161996	-1.301739	2.319953	
905	0.163397	-1.299567	2.313101	
906	0.167259	-1.297168	2.307754	
907	0.168452	-1.295843	2.299507	
908	0.174407	-1.293309	2.295505	
909	0.177675	-1.291349	2.287959	
910	0.181386	-1.290058	2.283230	
911	0.188304	-1.287869	2.281478	
912	0.191424	-1.286588	2.276837	
913	0.195779	-1.286201	2.273537	
914	0.199392	-1.284271	2.270398	
915	0.202976	-1.282054	2.266508	
916	0.207541	-1.280104	2.263625	
917	0.210802	-1.277668	2.262138	
918	0.216448	-1.275290	2.258980	
919	0.219329	-1.274117	2.256523	
920	0.223316	-1.271775	2.255132	
921	0.225197	-1.270444	2.253677	
922	0.230331	-1.269169	2.251222	
923	0.233226	-1.267531	2.250390	
924	0.238663	-1.266283	2.248104	
925	0.241010	-1.265631	2.247936	
926	0.245418	-1.264378	2.248003	
927	0.250812	-1.263973	2.246497	
928	0.253984	-1.264033	2.247471	
929	0.257357	-1.263156	2.248746	
930	0.261015	-1.263146	2.249072	
931	0.266771	-1.263709	2.249815	
932	0.267395	-1.263871	2.254020	
933	0.272367	-1.264758	2.254725	
934	0.274361	-1.265474	2.257689	
935	0.276585	-1.266003	2.260425	
936	0.280450	-1.266829	2.261372	
937	0.284163	-1.267829	2.263078	
938	0.287802	-1.268220	2.267147	
939	0.290082	-1.269077	2.271732	
940	0.292515	-1.269729	2.275378	
941	0.295625	-1.270165	2.277590	
942	0.298914	-1.270682	2.279891	
943	0.301555	-1.271344	2.283372	
944	0.303210	-1.271297	2.288022	
945	0.306158	-1.271533	2.291268	
946	0.309436	-1.272088	2.294325	
947	0.310532	-1.272227	2.298191	
948	0.314124	-1.273456	2.300256	
949	0.316765	-1.274107	2.303541	
950	0.323515	-1.275653	2.306813	
951	0.325572	-1.276336	2.310363	
952	0.328110	-1.276855	2.312898	
953	0.330328	-1.276851	2.316083	
954	0.332294	-1.276126	2.320801	
955	0.334836	-1.275421	2.323723	
956	0.337776	-1.274440	2.325643	
957	0.340129	-1.272928	2.330481	
958	0.341582	-1.271660	2.336627	
959	0.341569	-1.269429	2.340434	
960	0.344103	-1.269037	2.344180	
961	0.346386	-1.268781	2.349686	
962	0.346422	-1.267289	2.354582	
963	0.350919	-1.267818	2.356179	
964	0.351788	-1.267623	2.361462	
965	0.352365	-1.267186	2.367329	
966	0.358098	-1.268091	2.369362	
967	0.359807	-1.268347	2.375537	
968	0.362925	-1.268984	2.380760	
969	0.368792	-1.271656	2.384037	
970	0.372590	-1.273129	2.390703	
971	0.374257	-1.273697	2.397015	
972	0.379562	-1.277071	2.402241	
973	0.382298	-1.278612	2.411298	
974	0.383346	-1.277817	2.418357	
975	0.387445	-1.280501	2.423849	
976	0.388512	-1.281268	2.433741	
977	0.392334	-1.282256	2.437627	
978	0.397624	-1.285718	2.445601	
979	0.396135	-1.284329	2.453087	
980	0.397930	-1.284265	2.453934	
981	0.403615	-1.286191	2.460130	
982	0.404913	-1.285664	2.468205	
983	0.407165	-1.286464	2.470218	
984	0.410142	-1.287297	2.475674	
985	0.410236	-1.287107	2.481947	
986	0.411386	-1.287619	2.484726	
987	0.413722	-1.288343	2.490345	
988	0.416298	-1.289449	2.494914	
989	0.418458	-1.290740	2.497146	
990	0.421612	-1.290946	2.503777	
991	0.421984	-1.290825	2.508070	
992	0.423540	-1.291670	2.511735	
993	0.425563	-1.290424	2.518593	
994	0.427433	-1.290119	2.521752	
995	0.430089	-1.290551	2.524421	
996	0.432211	-1.288703	2.530094	
997	0.432062	-1.285733	2.537956	
998	0.434714	-1.285230	2.541239	
999	0.437134	-1.283424	2.547413	
1000	0.440355	-1.281396	2.559412	
1001	0.441670	-1.278820	2.569456	
1002	0.442052	-1.278047	2.577274	
1003	0.442673	-1.278731	2.582513	
1004	0.441959	-1.276973	2.589135	
1005	0.440622	-1.276271	2.593182	
1006	0.440472	-1.274901	2.598647	
1007	0.440897	-1.274257	2.601720	
1008	0.441584	-1.274178	2.605148	
1009	0.441650	-1.273621	2.608099	
1010	0.442226	-1.274079	2.609928	
1011	0.443308	-1.274336	2.612040	
1012	0.443338	-1.273861	2.615671	
1013	0.443257	-1.273318	2.619089	
1014	0.444891	-1.274082	2.620184	
1015	0.447210	-1.276247	2.623670	
1016	0.446015	-1.275102	2.627298	
1017	0.447257	-1.275113	2.628347	
1018	0.449416	-1.276490	2.630619	
1019	0.451487	-1.274870	2.632851	
1020	0.453658	-1.275193	2.632573	
1021	0.451986	-1.271428	2.633690	
1022	0.454559	-1.271187	2.633330	
1023	0.455058	-1.265558	2.632415	
1024	0.457955	-1.260155	2.630187	
1025	0.457387	-1.255348	2.629558	
1026	0.457929	-1.251150	2.628221	
1027	0.461054	-1.249236	2.626667	
1028	0.461986	-1.245407	2.626406	
1029	0.463987	-1.241489	2.626196	
1030	0.466477	-1.238865	2.626602	
1031	0.466029	-1.233007	2.626461	
1032	0.468200	-1.229486	2.626978	
1033	0.471625	-1.227848	2.627534	
1034	0.471874	-1.222702	2.627498	
1035	0.474323	-1.218970	2.626368	
1036	0.478298	-1.218263	2.627880	
1037	0.480167	-1.214389	2.627062	
1038	0.481486	-1.211269	2.628332	
1039	0.485120	-1.209160	2.627087	
1040	0.487293	-1.207030	2.626644	
1041	0.489096	-1.204032	2.625171	
1042	0.490620	-1.201264	2.623557	
1043	0.493183	-1.199709	2.620905	
1044	0.494527	-1.197128	2.618559	
1045	0.495860	-1.195575	2.617601	
1046	0.497878	-1.193884	2.616134	
1047	0.499127	-1.190555	2.616042	
1048	0.501470	-1.189201	2.614581	
1049	0.502645	-1.187767	2.613827	
1050	0.503206	-1.187530	2.615512	
1051	0.504394	-1.185405	2.614045	
1052	0.505251	-1.183796	2.613725	
1053	0.505437	-1.182946	2.615210	
1054	0.506371	-1.181225	2.614871	
1055	0.506876	-1.179666	2.615517	
1056	0.506685	-1.178873	2.618105	
1057	0.506939	-1.176247	2.618453	
1058	0.507005	-1.174644	2.620462	
1059	0.506168	-1.174059	2.624368	
1060	0.506894	-1.174113	2.627518	
1061	0.506195	-1.176817	2.634552	
1062	0.504247	-1.175817	2.638661	
1063	0.504545	-1.176665	2.642447	
1064	0.505380	-1.174455	2.642125	
1065	0.504436	-1.171348	2.642375	
1066	0.506809	-1.172777	2.644774	
1067	0.506706	-1.173097	2.648395	
1068	0.505828	-1.169777	2.648916	
1069	0.507423	-1.171252	2.652681	
1070	0.507460	-1.173526	2.659005	
1071	0.504771	-1.170144	2.662348	
1072	0.504787	-1.168894	2.665038	
1073	0.503686	-1.170190	2.672356	
1074	0.500775	-1.166878	2.676392	
1075	0.500862	-1.165777	2.679891	
1076	0.499808	-1.164900	2.684571	
1077	0.497773	-1.164193	2.691003	
1078	0.496625	-1.163711	2.696516	
1079	0.495837	-1.164181	2.702330	
1080	0.495197	-1.164839	2.707821	
1081	0.492635	-1.164264	2.714662	
1082	0.494155	-1.164996	2.717681	
1083	0.494890	-1.162459	2.717061	
1084	0.492555	-1.157893	2.717402	
1085	0.495382	-1.159550	2.717901	
1086	0.496145	-1.152806	2.709439	
1087	0.493895	-1.148653	2.708673	
1088	0.495959	-1.145732	2.702284	
1089	0.493630	-1.142347	2.701063	
1090	0.490119	-1.142965	2.705638	
1091	0.491037	-1.145676	2.705513	
1092	0.487979	-1.145395	2.706915	
1093	0.485110	-1.144784	2.707434	
1094	0.485517	-1.146181	2.704167	
1095	0.480626	-1.148156	2.710263	
1096	0.480044	-1.148944	2.707844	
1097	0.478776	-1.150780	2.707519	
1098	0.474000	-1.152493	2.713058	
1099	0.473874	-1.154212	2.710632	
1100	0.470451	-1.157072	2.714427	
1101	0.464517	-1.163497	2.722036	
1102	0.460790	-1.164084	2.723707	
1103	0.457372	-1.163268	2.723161	
1104	0.453448	-1.164874	2.726923	
1105	0.448893	-1.165941	2.730608	
1106	0.444907	-1.167921	2.734568	
1107	0.441519	-1.169707	2.737496	
1108	0.437211	-1.174746	2.747269	
1109	0.433319	-1.176862	2.751297	
1110	0.429086	-1.177583	2.752761	
1111	0.424893	-1.182238	2.760483	
1112	0.420581	-1.185639	2.765077	
1113	0.416784	-1.189849	2.769692	
1114	0.411533	-1.191564	2.772208	
1115	0.407544	-1.194847	2.775303	
1116	0.395638	-1.200625	2.784986	
1117	0.391141	-1.204862	2.789606	
1118	0.385723	-1.207082	2.791887	
1119	0.378988	-1.207515	2.793270	
1120	0.374476	-1.214096	2.801697	
1121	0.368402	-1.217958	2.809169	
1122	0.362021	-1.216419	2.806612	
1123	0.357476	-1.220479	2.810442	
1124	0.351943	-1.226459	2.822940	
1125	0.345795	-1.225204	2.822628	
1126	0.341650	-1.228442	2.827111	
1127	0.336636	-1.229133	2.830366	
1128	0.332652	-1.231104	2.834083	
1129	0.329200	-1.233805	2.838331	
1130	0.324849	-1.233669	2.839318	
1131	0.323212	-1.237416	2.843132	
1132	0.320927	-1.239772	2.846610	
1133	0.318178	-1.240186	2.846978	
1134	0.317229	-1.241995	2.845624	
1135	0.316157	-1.244899	2.848839	
1136	0.314777	-1.246015	2.848670	
1137	0.313855	-1.247474	2.848907	
1138	0.313416	-1.249485	2.848909	
1139	0.312077	-1.249908	2.849776	
1140	0.311067	-1.249845	2.848661	
1141	0.310802	-1.251416	2.849160	
1142	0.308562	-1.250424	2.849727	
1143	0.307859	-1.251457	2.851038	
1144	0.306855	-1.252262	2.852017	
1145	0.304804	-1.252175	2.854529	
1146	0.303318	-1.252582	2.856869	
1147	0.301566	-1.253722	2.862512	
1148	0.298467	-1.252776	2.864509	
1149	0.296652	-1.253634	2.868052	
1150	0.295620	-1.256074	2.872590	
1151	0.291933	-1.256638	2.878618	
1152	0.290880	-1.259380	2.882478	
1153	0.288791	-1.261203	2.885387	
1154	0.285808	-1.263890	2.891242	
1155	0.283985	-1.265846	2.891972	
1156	0.281571	-1.268912	2.895707	
1157	0.279098	-1.271269	2.897286	
1158	0.276821	-1.274613	2.900265	
1159	0.274716	-1.277732	2.903577	
1160	0.272885	-1.281258	2.905564	
1161	0.270386	-1.284650	2.908324	
1162	0.267510	-1.287270	2.911314	
1163	0.265916	-1.291254	2.912230	
1164	0.262818	-1.293617	2.915849	
1165	0.260539	-1.296991	2.916437	
1166	0.259052	-1.300972	2.919296	
1167	0.257101	-1.304119	2.922101	
1168	0.255938	-1.307929	2.923280	
1169	0.254205	-1.311188	2.927475	
1170	0.252539	-1.313956	2.930648	
1171	0.251694	-1.317648	2.933614	
1172	0.250534	-1.320621	2.936796	
1173	0.248358	-1.322789	2.939674	
1174	0.246005	-1.324836	2.941866	
1175	0.245081	-1.328482	2.944603	
1176	0.242353	-1.329908	2.949228	
1177	0.239682	-1.331418	2.951594	
1178	0.237965	-1.333768	2.956347	
1179	0.234851	-1.334794	2.959947	
1180	0.232859	-1.337130	2.963896	
1181	0.230591	-1.339971	2.968752	
1182	0.228693	-1.343731	2.973823	
1183	0.226386	-1.347149	2.978217	
1184	0.223708	-1.350719	2.982966	
1185	0.219691	-1.354011	2.987699	
1186	0.215786	-1.357729	2.992030	
1187	0.212232	-1.362524	2.998110	
1188	0.207520	-1.366359	3.004149	
1189	0.204095	-1.371086	3.007253	
1190	0.200213	-1.376069	3.012785	
1191	0.194766	-1.379915	3.018768	
1192	0.190889	-1.384930	3.023060	
1193	0.185376	-1.390016	3.029225	
1194	0.178630	-1.394124	3.035876	
1195	0.174222	-1.400150	3.041221	
1196	0.169013	-1.405537	3.047499	
1197	0.164316	-1.410586	3.053473	
1198	0.159805	-1.415833	3.060720	
1199	0.155266	-1.420807	3.066923	
1200	0.151067	-1.426495	3.073411	
1201	0.146516	-1.431572	3.079820	
1202	0.138747	-1.442178	3.094827	
1203	0.135278	-1.447577	3.102355	
1204	0.131857	-1.452892	3.109708	
1205	0.128796	-1.457989	3.116800	
1206	0.126983	-1.463492	3.124775	
1207	0.124016	-1.467741	3.133658	
1208	0.122951	-1.472862	3.141225	
1209	0.120759	-1.477329	3.149043	
1210	0.119100	-1.482279	3.157516	
1211	0.117165	-1.486517	3.163062	
1212	0.115178	-1.490746	3.170667	
1213	0.112273	-1.497951	3.182856	
1214	0.111680	-1.501528	3.189131	
1215	0.111743	-1.505274	3.193817	
1216	0.112456	-1.509271	3.199805	
1217	0.114258	-1.512937	3.205737	
1218	0.116020	-1.516382	3.212360	
1219	0.119344	-1.520183	3.217529	
1220	0.122264	-1.523376	3.223382	
1221	0.126077	-1.526660	3.229827	
1222	0.130528	-1.529328	3.235659	
1223	0.136377	-1.532661	3.241919	
1224	0.141739	-1.534824	3.249312	
1225	0.148315	-1.537221	3.255703	
1226	0.155269	-1.539263	3.262822	
1227	0.162985	-1.541441	3.271146	
1228	0.170793	-1.543383	3.278335	
1229	0.179016	-1.546146	3.284813	
1230	0.188126	-1.549092	3.294562	
1231	0.196398	-1.551839	3.301317	
1232	0.205455	-1.555578	3.308444	
1233	0.213536	-1.558701	3.314620	
1234	0.222341	-1.562709	3.320307	
1235	0.230830	-1.566584	3.326817	
1236	0.238737	-1.569893	3.331655	
1237	0.247272	-1.573898	3.336658	
1238	0.255062	-1.576655	3.342123	
1239	0.261755	-1.579248	3.347687	
1240	0.268870	-1.583122	3.353541	
1241	0.274513	-1.587269	3.358394	
1242	0.281503	-1.591345	3.365134	
1243	0.286798	-1.595201	3.369203	
1244	0.292543	-1.599048	3.374313	
1245	0.298426	-1.602849	3.380088	
1246	0.303768	-1.607133	3.384266	
1247	0.310313	-1.611288	3.391013	
1248	0.316080	-1.615865	3.396246	
1249	0.322185	-1.621160	3.401114	
1250	0.333461	-1.629010	3.408878	
1251	0.339643	-1.634161	3.413933	
1252	0.345812	-1.639331	3.419619	
1253	0.353680	-1.644631	3.425753	
1254	0.367841	-1.656065	3.439448	
1255	0.375766	-1.662254	3.446099	
1256	0.382152	-1.667392	3.452968	
1257	0.388999	-1.672345	3.459605	
1258	0.395964	-1.676785	3.466817	
1259	0.401986	-1.680000	3.474222	
1260	0.408694	-1.684605	3.479075	
1261	0.416221	-1.689107	3.484035	
1262	0.422204	-1.693059	3.489846	
1263	0.429159	-1.696851	3.494279	
1264	0.435499	-1.699989	3.498473	
1265	0.442533	-1.702591	3.503106	
1266	0.449610	-1.704957	3.507300	
1267	0.458721	-1.708297	3.510087	
1268	0.468477	-1.710588	3.514870	
1269	0.477097	-1.712835	3.518598	
1270	0.487461	-1.715151	3.521987	
1271	0.497315	-1.716875	3.525437	
1272	0.507538	-1.718290	3.528808	
1273	0.519646	-1.720027	3.531652	
1274	0.531274	-1.721320	3.534667	
1275	0.542283	-1.721768	3.537903	
1276	0.554680	-1.723645	3.539313	
1277	0.567209	-1.724349	3.542182	
1278	0.579530	-1.725137	3.543909	
1279	0.591395	-1.724867	3.547017	
1280	0.603814	-1.725287	3.549043	
1281	0.615877	-1.725756	3.550871	
1282	0.627666	-1.726145	3.552325	
1283	0.638890	-1.726845	3.553326	
1284	0.651192	-1.728682	3.553392	
1285	0.664180	-1.729790	3.554560	
1286	0.677428	-1.731024	3.556135	
1287	0.689471	-1.732584	3.556661	
1288	0.701142	-1.733762	3.557483	
1289	0.713933	-1.734378	3.558905	
1290	0.727725	-1.735677	3.559277	
1291	0.740824	-1.735605	3.560471	
1292	0.752645	-1.736717	3.560194	
1293	0.765562	-1.737696	3.560562	
1294	0.777861	-1.738709	3.560899	
1295	0.789368	-1.740196	3.561147	
1296	0.802402	-1.741523	3.560962	
1297	0.813821	-1.741596	3.562162	
1298	0.825012	-1.741617	3.563251	
1299	0.838851	-1.743080	3.563110	
1300	0.850254	-1.744194	3.564785	
1301	0.862192	-1.745703	3.565866	
1302	0.875929	-1.747570	3.567334	
1303	0.887177	-1.748372	3.570584	
1304	0.899497	-1.750079	3.572664	
1305	0.914010	-1.750727	3.576967	
1306	0.926048	-1.752429	3.579827	
1307	0.938897	-1.754768	3.583858	
1308	0.950790	-1.757180	3.588045	
1309	0.960989	-1.759213	3.594129	
1310	0.973232	-1.762069	3.599142	
1311	0.987338	-1.763789	3.605270	
1312	0.998429	-1.765748	3.611362	
1313	1.009546	-1.769938	3.615676	
1314	1.021334	-1.772706	3.620844	
1315	1.031028	-1.774761	3.625855	
1316	1.040488	-1.778080	3.629493	
1317	1.049258	-1.779768	3.634390	
1318	1.066058	-1.783171	3.643705	
1319	1.074892	-1.784843	3.647446	
1320	1.084404	-1.785747	3.651884	
1321	1.092376	-1.787294	3.655075	
1322	1.102868	-1.788968	3.657349	
1323	1.117431	-1.788381	3.660717	
1324	1.127101	-1.789308	3.662776	
1325	1.137267	-1.791296	3.663926	
1326	1.148250	-1.790820	3.666618	
1327	1.157930	-1.791538	3.667919	
1328	1.168729	-1.792600	3.668322	
1329	1.179706	-1.791773	3.669153	
1330	1.190981	-1.792358	3.668579	
1331	1.202240	-1.791728	3.667614	
1332	1.213549	-1.790788	3.666831	
1333	1.226807	-1.788432	3.666879	
1334	1.250773	-1.785301	3.663465	
1335	1.264346	-1.781786	3.662907	
1336	1.276192	-1.778485	3.662117	
1337	1.306877	-1.774049	3.657965	
1338	1.333497	-1.770272	3.653059	
1339	1.348411	-1.766066	3.650615	
1340	1.358601	-1.762978	3.648249	
1341	1.371300	-1.761562	3.643418	
1342	1.382172	-1.759841	3.639540	
1343	1.394128	-1.758495	3.634978	
1344	1.404328	-1.759043	3.629330	
1345	1.421799	-1.754512	3.625389	
1346	1.424408	-1.755796	3.621227	
1347	1.441063	-1.752721	3.615870	
1348	1.445190	-1.751685	3.613175	
1349	1.451811	-1.751738	3.607558	
1350	1.462026	-1.750154	3.602818	
1351	1.471535	-1.746681	3.599656	
1352	1.477813	-1.747626	3.593956	
1353	1.487046	-1.745843	3.589195	
1354	1.496409	-1.743121	3.585763	
1355	1.504975	-1.742548	3.579628	
1356	1.515698	-1.739911	3.574951	
1357	1.525338	-1.737562	3.570553	
1358	1.536971	-1.735354	3.565109	
1359	1.548300	-1.732291	3.561121	
1360	1.558116	-1.730091	3.557311	
1361	1.569948	-1.727785	3.554491	
1362	1.584049	-1.724759	3.550117	
1363	1.594049	-1.721402	3.548111	
1364	1.605880	-1.719425	3.545183	
1365	1.619892	-1.717153	3.540964	
1366	1.631806	-1.714432	3.538234	
1367	1.642240	-1.712989	3.534636	
1368	1.654952	-1.709753	3.530818	
1369	1.663862	-1.707757	3.527576	
1370	1.675401	-1.704924	3.523382	
1371	1.686380	-1.701037	3.521023	
1372	1.695554	-1.698801	3.517694	
1373	1.705646	-1.696051	3.514045	
1374	1.714436	-1.692686	3.510387	
1375	1.722865	-1.690154	3.506760	
1376	1.730833	-1.687504	3.502630	
1377	1.739626	-1.684334	3.497627	
1378	1.748087	-1.681331	3.492541	
1379	1.755305	-1.678239	3.487718	
1380	1.763883	-1.674505	3.482065	
1381	1.773329	-1.668121	3.477669	
1382	1.778290	-1.664870	3.473446	
1383	1.785157	-1.661228	3.466550	
1384	1.794536	-1.654418	3.460127	
1385	1.799461	-1.650471	3.453915	
1386	1.807584	-1.645526	3.445089	
1387	1.815676	-1.639187	3.436662	
1388	1.821431	-1.635204	3.427338	
1389	1.828867	-1.629388	3.418398	
1390	1.834506	-1.623613	3.411975	
1391	1.842316	-1.618562	3.402827	
1392	1.851969	-1.613347	3.392327	
1393	1.858829	-1.607171	3.385585	
1394	1.864370	-1.603242	3.378537	
1395	1.877595	-1.595136	3.364681	
1396	1.889997	-1.585258	3.349354	
1397	1.896636	-1.580348	3.342241	
1398	1.903429	-1.575432	3.334293	
1399	1.909244	-1.572823	3.325408	
1400	1.915745	-1.568684	3.317997	
1401	1.922365	-1.564882	3.310352	
1402	1.928524	-1.561962	3.301864	
1403	1.934142	-1.558875	3.293347	
1404	1.939897	-1.555718	3.284134	
1405	1.945038	-1.551329	3.277547	
1406	1.950917	-1.546377	3.272280	
1407	1.957363	-1.542358	3.263951	
1408	1.964041	-1.537462	3.256212	
1409	1.971259	-1.531353	3.250107	
1410	1.978431	-1.525946	3.242374	
1411	1.986374	-1.519828	3.234172	
1412	1.993693	-1.514234	3.225947	
1413	2.002326	-1.509504	3.216509	
1414	2.012476	-1.502460	3.209130	
1415	2.020222	-1.496436	3.202576	
1416	2.029989	-1.490936	3.195915	
1417	2.040456	-1.484488	3.189611	
1418	2.050528	-1.477574	3.184975	
1419	2.059527	-1.471735	3.178832	
1420	2.070500	-1.465591	3.171574	
1421	2.080879	-1.459019	3.164886	
1422	2.091064	-1.453153	3.158040	
1423	2.099219	-1.447639	3.152713	
1424	2.114691	-1.438522	3.139076	
1425	2.120712	-1.433951	3.134660	
1426	2.126915	-1.430365	3.128965	
1427	2.133012	-1.427562	3.121346	
1428	2.139697	-1.423231	3.114099	
1429	2.144750	-1.419186	3.108705	
1430	2.149382	-1.414867	3.104671	
1431	2.153620	-1.411171	3.100385	
1432	2.158601	-1.407955	3.092291	
1433	2.163780	-1.403193	3.085728	
1434	2.167662	-1.397792	3.081596	
1435	2.171358	-1.392925	3.076715	
1436	2.175837	-1.387076	3.071238	
1437	2.178648	-1.383698	3.062554	
1438	2.181324	-1.379814	3.055778	
1439	2.184059	-1.374386	3.051365	
1440	2.187253	-1.368984	3.044561	
1441	2.191439	-1.363313	3.035209	
1442	2.194200	-1.358092	3.027752	
1443	2.196564	-1.353693	3.020320	
1444	2.200715	-1.347324	3.009417	
1445	2.204415	-1.342229	2.997662	
1446	2.206594	-1.338274	2.991152	
1447	2.208733	-1.334796	2.979905	
1448	2.212852	-1.328861	2.966049	
1449	2.214354	-1.324275	2.962030	
1450	2.215255	-1.320883	2.954383	
1451	2.219774	-1.312612	2.943154	
1452	2.221683	-1.306052	2.935275	
1453	2.220309	-1.303802	2.925999	
1454	2.222014	-1.297282	2.914738	
1455	2.224198	-1.289272	2.906538	
1456	2.224792	-1.283862	2.899228	
1457	2.226599	-1.278284	2.888783	
1458	2.228308	-1.271989	2.879426	
1459	2.229932	-1.265765	2.870896	
1460	2.232301	-1.258805	2.865852	
1461	2.234283	-1.253670	2.854400	
1462	2.236505	-1.248796	2.844109	
1463	2.239700	-1.241959	2.840001	
1464	2.241442	-1.237635	2.828096	
1465	2.245924	-1.230363	2.818826	
1466	2.248754	-1.224018	2.813580	
1467	2.250037	-1.220453	2.801592	
1468	2.254660	-1.213775	2.790474	
1469	2.257528	-1.209631	2.779364	
1470	2.260301	-1.206541	2.768028	
1471	2.269319	-1.196014	2.752239	
1472	2.273013	-1.192515	2.743065	
1473	2.278199	-1.188058	2.736781	
1474	2.283206	-1.184277	2.726043	
1475	2.288763	-1.180625	2.717257	
1476	2.294447	-1.177092	2.707841	
1477	2.299908	-1.173280	2.697060	
1478	2.306107	-1.166698	2.687474	
1479	2.312017	-1.161098	2.680497	
1480	2.316370	-1.156792	2.670832	
1481	2.322016	-1.150361	2.662051	
1482	2.325689	-1.146451	2.654832	
1483	2.329381	-1.141771	2.646794	
1484	2.333525	-1.136231	2.637108	
1485	2.337241	-1.129965	2.631731	
1486	2.339918	-1.125857	2.623172	
1487	2.342543	-1.120606	2.614318	
1488	2.345863	-1.115138	2.608769	
1489	2.346921	-1.111473	2.599474	
1490	2.349029	-1.105673	2.588967	
1491	2.349945	-1.100513	2.580246	
1492	2.350555	-1.095528	2.570199	
1493	2.352589	-1.084505	2.552412	
1494	2.352708	-1.080361	2.541913	
1495	2.353017	-1.074193	2.532640	
1496	2.353653	-1.067824	2.527657	
1497	2.353578	-1.061842	2.519764	
1498	2.351104	-1.058756	2.505617	
1499	2.350571	-1.050889	2.498767	
1500	2.350350	-1.043290	2.492358	
1501	2.349651	-1.034671	2.483039	
1502	2.349325	-1.026449	2.474985	
1503	2.348329	-1.019673	2.465179	
1504	2.347075	-1.013455	2.453351	
1505	2.345767	-1.008504	2.441387	
1506	2.343821	-1.004583	2.428383	
1507	2.342830	-0.998700	2.416482	
1508	2.341868	-0.992790	2.405567	
1509	2.341469	-0.986656	2.395854	
1510	2.340241	-0.980881	2.383110	
1511	2.339592	-0.974550	2.373227	
1512	2.338570	-0.968546	2.363622	
1513	2.335892	-0.965847	2.354279	
1514	2.335595	-0.959148	2.345404	
1515	2.334717	-0.953334	2.337595	
1516	2.332181	-0.951117	2.328137	
1517	2.330393	-0.946403	2.320751	
1518	2.328366	-0.943021	2.313556	
1519	2.326906	-0.938961	2.306641	
1520	2.325920	-0.933734	2.300612	
1521	2.324841	-0.930037	2.294386	
1522	2.324422	-0.927261	2.289209	
1523	2.324763	-0.922783	2.283940	
1524	2.325233	-0.918731	2.279276	
1525	2.325177	-0.916545	2.272564	
1526	2.324569	-0.914351	2.263720	
1527	2.325818	-0.910992	2.257531	
1528	2.326186	-0.908576	2.249408	
1529	2.327675	-0.904244	2.241802	
1530	2.330166	-0.899192	2.233709	
1531	2.333537	-0.893195	2.225888	
1532	2.337138	-0.887088	2.216679	
1533	2.340845	-0.881159	2.207927	
1534	2.343489	-0.876772	2.198220	
1535	2.346917	-0.871942	2.188729	
1536	2.351161	-0.864881	2.179024	
1537	2.354701	-0.860540	2.169571	
1538	2.358635	-0.855511	2.160206	
1539	2.362468	-0.850803	2.151478	
1540	2.366155	-0.846102	2.142821	
1541	2.369872	-0.841352	2.133138	
1542	2.374596	-0.836129	2.126235	
1543	2.378175	-0.832193	2.118268	
1544	2.381378	-0.829818	2.109814	
1545	2.385681	-0.823535	2.102661	
1546	2.388705	-0.819065	2.095336	
1547	2.390990	-0.815948	2.086328	
1548	2.394151	-0.810573	2.078373	
1549	2.397792	-0.804887	2.071524	
1550	2.400632	-0.800024	2.062826	
1551	2.403039	-0.794534	2.053830	
1552	2.404607	-0.790200	2.044947	
1553	2.406569	-0.786006	2.036689	
1554	2.408355	-0.780794	2.028639	
1555	2.409698	-0.775980	2.019997	
1556	2.410920	-0.770927	2.011714	
1557	2.410947	-0.767184	2.002706	
1558	2.411717	-0.763148	1.994824	
1559	2.412435	-0.757576	1.986331	
1560	2.413845	-0.750860	1.978014	
1561	2.414227	-0.746301	1.969436	
1562	2.414681	-0.739875	1.958557	
1563	2.414243	-0.735075	1.948946	
1564	2.414244	-0.723649	1.928221	
1565	2.415173	-0.717501	1.919255	
1566	2.415872	-0.711779	1.909138	
1567	2.417746	-0.704295	1.898658	
1568	2.420023	-0.699207	1.889007	
1569	2.423167	-0.690497	1.879164	
1570	2.425314	-0.685358	1.870636	
1571	2.427033	-0.682492	1.860854	
1572	2.429771	-0.677034	1.851330	
1573	2.431079	-0.673283	1.843161	
1574	2.432000	-0.670796	1.834028	
1575	2.435254	-0.665637	1.827034	
1576	2.436050	-0.664006	1.817203	
1577	2.438624	-0.660312	1.808883	
1578	2.440742	-0.658239	1.801304	
1579	2.445600	-0.652837	1.784072	
1580	2.448479	-0.649556	1.776058	
1581	2.450401	-0.647518	1.767292	
1582	2.453969	-0.644021	1.759026	
1583	2.457850	-0.639960	1.749241	
1584	2.460593	-0.636874	1.738586	
1585	2.464369	-0.633674	1.729258	
1586	2.468286	-0.628558	1.719046	
1587	2.471851	-0.624536	1.708039	
1588	2.475354	-0.620447	1.697301	
1589	2.480495	-0.614127	1.687593	
1590	2.485240	-0.609312	1.677348	
1591	2.488287	-0.607274	1.665842	
1592	2.492219	-0.603219	1.654593	
1593	2.496755	-0.599782	1.645503	
1594	2.501237	-0.594918	1.635715	
1595	2.506603	-0.588793	1.625378	
1596	2.510941	-0.582215	1.616551	
1597	2.514785	-0.578103	1.606336	
1598	2.520338	-0.570602	1.598773	
1599	2.523864	-0.564250	1.589308	
1600	2.528311	-0.557851	1.581797	
1601	2.531572	-0.552096	1.573715	
1602	2.534106	-0.545793	1.566083	
1603	2.537097	-0.538778	1.557719	
1604	2.538914	-0.532880	1.550984	
1605	2.541503	-0.528012	1.546654	
1606	2.543031	-0.520048	1.539699	
1607	2.543172	-0.515463	1.533445	
1608	2.544481	-0.510697	1.528103	
1609	2.544873	-0.504777	1.521472	
1610	2.544137	-0.500466	1.514802	
1611	2.544566	-0.495235	1.509024	
1612	2.543201	-0.491462	1.502603	
1613	2.541373	-0.486046	1.495793	
1614	2.538016	-0.473773	1.480616	
1615	2.534675	-0.467928	1.470397	
1616	2.531562	-0.462739	1.462659	
1617	2.528409	-0.456359	1.453618	
1618	2.525832	-0.450011	1.445731	
1619	2.521065	-0.444201	1.436079	
1620	2.517870	-0.437041	1.427931	
1621	2.513958	-0.431407	1.419233	
1622	2.509402	-0.427190	1.411518	
1623	2.504936	-0.422736	1.403080	
1624	2.499923	-0.417961	1.394041	
1625	2.496281	-0.411672	1.386503	
1626	2.491701	-0.408197	1.379150	
1627	2.484683	-0.406466	1.369846	
1628	2.480248	-0.403381	1.363663	
1629	2.473557	-0.401451	1.354939	
1630	2.469562	-0.398557	1.349326	
1631	2.464351	-0.397009	1.341597	
1632	2.460114	-0.394175	1.332967	
1633	2.455490	-0.392851	1.324128	
1634	2.452276	-0.389665	1.316628	
1635	2.449517	-0.386858	1.309739	
1636	2.445470	-0.385688	1.302466	
1637	2.441065	-0.383246	1.295974	
1638	2.438027	-0.381093	1.290652	
1639	2.433903	-0.378474	1.285302	
1640	2.429965	-0.376132	1.280114	
1641	2.423942	-0.375832	1.273954	
1642	2.420425	-0.372267	1.270052	
1643	2.417376	-0.370305	1.266795	
1644	2.412042	-0.369260	1.262597	
1645	2.408506	-0.367626	1.259613	
1646	2.404698	-0.367127	1.257882	
1647	2.399694	-0.364976	1.254434	
1648	2.397129	-0.361748	1.254249	
1649	2.393913	-0.357350	1.253852	
1650	2.389702	-0.356169	1.252774	
1651	2.385334	-0.354007	1.250918	
1652	2.378849	-0.351940	1.247075	
1653	2.373981	-0.349612	1.244975	
1654	2.369736	-0.347123	1.243761	
1655	2.363874	-0.345530	1.241601	
1656	2.357730	-0.343801	1.238858	
1657	2.351863	-0.339979	1.237778	
1658	2.345157	-0.339073	1.236201	
1659	2.338070	-0.337044	1.234095	
1660	2.331049	-0.335589	1.232492	
1661	2.322017	-0.334271	1.229538	
1662	2.313006	-0.333393	1.226969	
1663	2.305030	-0.331529	1.225405	
1664	2.294218	-0.330857	1.222025	
1665	2.285178	-0.329992	1.219804	
1666	2.277448	-0.328641	1.218325	
1667	2.267918	-0.329123	1.216125	
1668	2.255999	-0.329533	1.211147	
1669	2.247891	-0.329197	1.209150	
1670	2.238323	-0.328823	1.206927	
1671	2.225814	-0.327771	1.203047	
1672	2.215653	-0.327296	1.201235	
1673	2.205187	-0.327746	1.200455	
1674	2.192258	-0.327703	1.198685	
1675	2.180527	-0.326710	1.196693	
1676	2.169981	-0.326020	1.195820	
1677	2.157818	-0.325482	1.194385	
1678	2.146561	-0.323574	1.193028	
1679	2.137295	-0.322733	1.193681	
1680	2.127410	-0.322084	1.193767	
1681	2.117379	-0.320534	1.192898	
1682	2.108406	-0.320505	1.192985	
1683	2.100146	-0.318803	1.192923	
1684	2.092249	-0.316435	1.192549	
1685	2.084322	-0.315926	1.192260	
1686	2.076783	-0.314795	1.190701	
1687	2.070230	-0.312753	1.190014	
1688	2.055682	-0.310823	1.187736	
1689	2.049567	-0.308427	1.187470	
1690	2.042632	-0.306954	1.185697	
1691	2.035941	-0.305005	1.184072	
1692	2.029031	-0.301904	1.182122	
1693	2.023432	-0.298263	1.180769	
1694	2.016105	-0.294314	1.177986	
1695	2.009074	-0.289759	1.175333	
1696	2.002441	-0.286372	1.172359	
1697	1.996221	-0.282001	1.169437	
1698	1.989991	-0.277775	1.165565	
1699	1.984135	-0.273575	1.161872	
1700	1.978640	-0.268623	1.158504	
1701	1.973895	-0.264375	1.155326	
1702	1.967785	-0.260466	1.151034	
1703	1.962906	-0.255672	1.147548	
1704	1.957213	-0.251975	1.142307	
1705	1.951021	-0.248476	1.136813	
1706	1.947273	-0.244161	1.133068	
1707	1.941406	-0.241092	1.127683	
1708	1.935775	-0.237258	1.122628	
1709	1.931355	-0.233732	1.118721	
1710	1.924186	-0.230718	1.113572	
1711	1.917900	-0.226778	1.109002	
1712	1.912902	-0.223244	1.105819	
1713	1.906474	-0.221224	1.101751	
1714	1.898960	-0.216933	1.096754	
1715	1.892033	-0.214227	1.092852	
1716	1.884245	-0.211978	1.088229	
1717	1.876775	-0.208542	1.084110	
1718	1.868346	-0.205833	1.079121	
1719	1.859747	-0.203326	1.074604	
1720	1.851039	-0.199853	1.070293	
1721	1.842030	-0.197705	1.065871	
1722	1.832938	-0.195096	1.062093	
1723	1.822411	-0.192325	1.057539	
1724	1.812219	-0.190139	1.053218	
1725	1.800802	-0.188588	1.049271	
1726	1.790029	-0.186254	1.045700	
1727	1.781031	-0.184740	1.042278	
1728	1.771467	-0.182810	1.039466	
1729	1.753394	-0.178638	1.033960	
1730	1.744595	-0.177027	1.031839	
1731	1.736256	-0.175169	1.030307	
1732	1.728187	-0.173635	1.028275	
1733	1.720663	-0.172703	1.027359	
1734	1.712722	-0.171416	1.025494	
1735	1.706350	-0.168900	1.024437	
1736	1.699993	-0.167741	1.023611	
1737	1.692857	-0.167218	1.021464	
1738	1.686718	-0.165978	1.019575	
1739	1.680265	-0.165299	1.017896	
1740	1.675402	-0.164708	1.017163	
1741	1.668919	-0.163427	1.015996	
1742	1.664734	-0.162119	1.015251	
1743	1.658381	-0.160118	1.013348	
1744	1.653964	-0.158899	1.012416	
1745	1.648499	-0.157885	1.010273	
1746	1.643300	-0.157034	1.007970	
1747	1.637443	-0.155445	1.005861	
1748	1.632454	-0.155364	1.002999	
1749	1.626581	-0.154218	0.999718	
1750	1.620788	-0.151587	0.996356	
1751	1.615949	-0.149700	0.993608	
1752	1.610071	-0.148090	0.989797	
1753	1.603364	-0.144875	0.985531	
1754	1.597063	-0.141047	0.981242	
1755	1.590827	-0.139125	0.976327	
1756	1.584717	-0.134209	0.971512	
1757	1.579063	-0.130666	0.966652	
1758	1.565443	-0.123482	0.954453	
1759	1.559834	-0.120399	0.948907	
1760	1.554154	-0.117251	0.943408	
1761	1.546753	-0.113328	0.936322	
1762	1.541512	-0.110147	0.930505	
1763	1.534765	-0.107084	0.923946	
1764	1.529480	-0.102387	0.918560	
1765	1.525211	-0.098765	0.913262	
1766	1.511664	-0.092390	0.901073	
1767	1.505218	-0.088932	0.894991	
1768	1.499325	-0.084167	0.889502	
1769	1.493124	-0.079575	0.884489	
1770	1.488001	-0.077746	0.878560	
1771	1.483269	-0.073939	0.874015	
1772	1.479115	-0.071031	0.869420	
1773	1.474283	-0.069046	0.864859	
1774	1.469770	-0.067929	0.860845	
1775	1.464981	-0.066580	0.857211	
1776	1.454023	-0.070889	0.847620	
1777	1.448483	-0.070254	0.843096	
1778	1.442847	-0.073537	0.838470	
1779	1.436419	-0.076451	0.833372	
1780	1.429758	-0.079486	0.828472	
1781	1.415680	-0.087035	0.817882	
1782	1.409647	-0.088596	0.813673	
1783	1.401436	-0.090063	0.809200	
1784	1.393506	-0.090470	0.805203	
1785	1.386454	-0.090895	0.801653	
1786	1.378953	-0.092008	0.797822	
1787	1.371482	-0.093023	0.793914	
1788	1.364518	-0.092601	0.790625	
1789	1.352120	-0.092241	0.785540	
1790	1.345332	-0.092800	0.782664	
1791	1.339298	-0.093138	0.780148	
1792	1.333478	-0.092453	0.778023	
1793	1.327703	-0.093489	0.774831	
1794	1.320613	-0.092478	0.771918	
1795	1.317122	-0.092457	0.769643	
1796	1.309820	-0.092692	0.766517	
1797	1.304584	-0.091974	0.764264	
1798	1.298665	-0.091205	0.761492	
1799	1.292479	-0.090972	0.758821	
1800	1.287251	-0.088726	0.756526	
1801	1.282343	-0.087531	0.753164	
1802	1.277568	-0.086316	0.749877	
1803	1.271847	-0.085405	0.746531	
1804	1.268552	-0.084906	0.743581	
1805	1.264399	-0.082133	0.741633	
1806	1.259874	-0.080283	0.740042	
1807	1.256324	-0.079509	0.737427	
1808	1.251819	-0.077255	0.734949	
1809	1.248419	-0.074584	0.732952	
1810	1.244505	-0.073547	0.729340	
1811	1.241511	-0.069691	0.726140	
1812	1.237936	-0.065798	0.723039	
1813	1.233902	-0.063538	0.717862	
1814	1.228387	-0.061030	0.712219	
1815	1.224967	-0.055970	0.707654	
1816	1.222505	-0.053324	0.701571	
1817	1.218335	-0.049578	0.695426	
1818	1.215851	-0.046193	0.689995	
1819	1.213984	-0.041196	0.684872	
1820	1.210468	-0.037603	0.679065	
1821	1.206025	-0.035256	0.673659	
1822	1.203445	-0.031383	0.668679	
1823	1.200155	-0.028235	0.663703	
1824	1.196721	-0.025959	0.658782	
1825	1.192910	-0.024361	0.653412	
1826	1.188251	-0.023166	0.648364	
1827	1.185224	-0.019112	0.644560	
1828	1.180262	-0.018767	0.639141	
1829	1.175954	-0.017238	0.635248	
1830	1.171781	-0.017158	0.630569	
1831	1.164814	-0.015604	0.626497	
1832	1.158595	-0.016408	0.621972	
1833	1.151777	-0.015037	0.618326	
1834	1.143889	-0.015088	0.613719	
1835	1.135271	-0.015322	0.609359	
1836	1.127285	-0.015495	0.605186	
1837	1.121382	-0.016327	0.601226	
1838	1.111588	-0.017511	0.597237	
1839	1.101798	-0.020757	0.593299	
1840	1.093851	-0.024438	0.590014	
1841	1.084213	-0.030212	0.586492	
1842	1.073341	-0.034408	0.584086	
1843	1.064106	-0.038719	0.582778	
1844	1.054293	-0.041070	0.582629	
1845	1.043305	-0.042179	0.583235	
1846	1.032277	-0.046932	0.582886	
1847	1.021237	-0.052368	0.583056	
1848	1.010522	-0.054707	0.584287	
1849	1.001359	-0.057286	0.585341	
1850	0.990997	-0.061181	0.586769	
1851	0.979095	-0.064193	0.588734	
1852	0.969005	-0.068575	0.590101	
1853	0.957853	-0.069794	0.591552	
1854	0.947148	-0.073568	0.592700	
1855	0.937388	-0.078916	0.593379	
1856	0.926638	-0.080615	0.595687	
1857	0.917058	-0.083354	0.597839	
1858	0.908378	-0.085235	0.599804	
1859	0.899094	-0.088303	0.601659	
1860	0.889982	-0.091979	0.603844	
1861	0.883166	-0.093790	0.606147	
1862	0.874882	-0.092692	0.609584	
1863	0.868041	-0.096801	0.611853	
1864	0.860936	-0.097688	0.614434	
1865	0.853204	-0.099529	0.617752	
1866	0.846037	-0.101342	0.620884	
1867	0.839500	-0.103126	0.623804	
1868	0.830953	-0.101671	0.627815	
1869	0.825696	-0.102070	0.631605	
1870	0.821053	-0.107320	0.633332	
1871	0.813885	-0.107231	0.636203	
1872	0.805250	-0.108634	0.640328	
1873	0.801200	-0.114407	0.641703	
1874	0.796189	-0.116088	0.643494	
1875	0.788291	-0.116533	0.646981	
1876	0.784280	-0.120916	0.648822	
1877	0.779299	-0.120838	0.651326	
1878	0.772463	-0.120985	0.654753	
1879	0.767565	-0.120816	0.657133	
1880	0.763316	-0.125134	0.659618	
1881	0.757655	-0.124747	0.663048	
1882	0.752676	-0.123453	0.666640	
1883	0.749194	-0.125122	0.670010	
1884	0.741253	-0.126097	0.677428	
1885	0.736218	-0.125539	0.681005	
1886	0.731695	-0.127787	0.685432	
1887	0.726978	-0.125381	0.689550	
1888	0.723588	-0.126935	0.693101	
1889	0.719116	-0.125591	0.697770	
1890	0.717465	-0.126097	0.702697	
1891	0.714508	-0.126257	0.707569	
1892	0.711193	-0.126461	0.713426	
1893	0.708385	-0.123760	0.720161	
1894	0.705044	-0.125407	0.727296	
1895	0.702160	-0.123383	0.735706	
1896	0.700159	-0.122720	0.744077	
1897	0.697385	-0.123976	0.752455	
1898	0.695031	-0.122526	0.761358	
1899	0.692894	-0.121637	0.769904	
1900	0.689979	-0.122779	0.777578	
1901	0.687019	-0.122851	0.785156	
1902	0.685311	-0.125579	0.792860	
1903	0.682902	-0.127679	0.800325	
1904	0.678993	-0.128297	0.807841	
1905	0.676563	-0.130181	0.816306	
1906	0.672870	-0.132680	0.824192	
1907	0.668921	-0.135193	0.831339	
1908	0.665466	-0.137243	0.839890	
1909	0.662984	-0.141516	0.847620	
1910	0.660062	-0.145640	0.854677	
1911	0.657611	-0.148579	0.863504	
1912	0.654691	-0.151932	0.871253	
1913	0.651279	-0.155509	0.877612	
1914	0.649550	-0.157071	0.886297	
1915	0.649009	-0.160522	0.893797	
1916	0.647719	-0.163776	0.900440	
1917	0.646413	-0.165670	0.907801	
1918	0.646287	-0.167991	0.914960	
1919	0.645886	-0.170355	0.920715	
1920	0.645617	-0.173144	0.927028	
1921	0.645686	-0.174379	0.933288	
1922	0.646661	-0.177372	0.938814	
1923	0.648536	-0.178680	0.944962	
1924	0.649912	-0.181068	0.950587	
1925	0.651499	-0.185389	0.955478	
1926	0.652336	-0.187838	0.960362	
1927	0.653454	-0.189620	0.965767	
1928	0.655243	-0.191640	0.971198	
1929	0.655949	-0.194434	0.976077	
1930	0.657270	-0.194941	0.982645	
1931	0.657528	-0.198034	0.987999	
1932	0.658743	-0.199998	0.993249	
1933	0.661070	-0.200808	0.999658	
1934	0.662210	-0.202811	1.004416	
1935	0.662768	-0.203111	1.009031	
1936	0.664213	-0.203343	1.014677	
1937	0.665212	-0.205375	1.019041	
1938	0.666882	-0.204131	1.029713	
1939	0.667334	-0.204080	1.033933	
1940	0.667991	-0.203269	1.038263	
1941	0.669437	-0.200371	1.048909	
1942	0.669600	-0.198706	1.053582	
1943	0.670012	-0.196112	1.059510	
1944	0.671825	-0.194460	1.064879	
1945	0.671909	-0.191568	1.070718	
1946	0.671950	-0.188922	1.076648	
1947	0.672248	-0.186597	1.082349	
1948	0.670330	-0.179311	1.100382	
1949	0.670197	-0.177282	1.107101	
1950	0.670230	-0.175563	1.113993	
1951	0.670494	-0.173821	1.128252	
1952	0.670125	-0.173244	1.135429	
1953	0.669257	-0.172846	1.142627	
1954	0.669045	-0.172912	1.149187	
1955	0.668761	-0.172974	1.155549	
1956	0.669201	-0.172543	1.162177	
1957	0.668742	-0.174067	1.173176	
1958	0.668554	-0.174554	1.178758	
1959	0.668383	-0.175493	1.183844	
1960	0.669138	-0.175322	1.189492	
1961	0.669714	-0.175775	1.195152	
1962	0.670003	-0.176170	1.200231	
1963	0.670233	-0.176771	1.205153	
1964	0.671355	-0.176435	1.210280	
1965	0.672261	-0.176604	1.215179	
1966	0.672923	-0.177294	1.219532	
1967	0.673271	-0.176833	1.224173	
1968	0.672829	-0.176760	1.228148	
1969	0.673316	-0.176433	1.231828	
1970	0.672939	-0.175092	1.236146	
1971	0.673741	-0.173851	1.239896	
1972	0.674139	-0.172583	1.243058	
1973	0.673712	-0.170780	1.246276	
1974	0.675392	-0.170018	1.249325	
1975	0.675422	-0.168634	1.251669	
1976	0.673975	-0.167640	1.253812	
1977	0.673372	-0.166824	1.255530	
1978	0.673069	-0.166089	1.257702	
1979	0.672520	-0.165848	1.259267	
1980	0.671020	-0.164606	1.260733	
1981	0.669615	-0.163284	1.262546	
1982	0.668377	-0.162560	1.264265	
1983	0.664569	-0.161426	1.267039	
1984	0.662401	-0.159131	1.269135	
1985	0.660336	-0.156414	1.270996	
1986	0.657367	-0.153833	1.272970	
1987	0.654084	-0.151768	1.274041	
1988	0.650168	-0.148551	1.275275	
1989	0.646742	-0.146474	1.276422	
1990	0.643322	-0.145280	1.277165	
1991	0.639985	-0.144460	1.277907	
1992	0.637527	-0.143432	1.278867	
1993	0.634830	-0.143938	1.279655	
1994	0.631859	-0.143247	1.280639	
1995	0.630054	-0.142741	1.282048	
1996	0.627774	-0.142352	1.283548	
1997	0.624644	-0.141381	1.285058	
1998	0.621467	-0.140649	1.286579	
1999	0.617435	-0.140099	1.287418	
2000	0.613072	-0.139460	1.288348	
2001	0.608695	-0.140210	1.288488	
2002	0.604224	-0.139471	1.288958	
2003	0.599743	-0.139095	1.289541	
2004	0.595953	-0.139031	1.290014	
2005	0.591674	-0.138721	1.290514	
2006	0.587751	-0.138379	1.291265	
2007	0.583733	-0.139063	1.291277	
2008	0.579035	-0.139290	1.291138	
2009	0.573684	-0.139290	1.290470	
2010	0.568902	-0.138655	1.289999	
2011	0.563522	-0.137959	1.289567	
2012	0.557889	-0.137434	1.288799	
2013	0.552452	-0.138487	1.287207	
2014	0.547224	-0.137200	1.286169	
2015	0.542297	-0.136168	1.285326	
2016	0.538345	-0.135172	1.284598	
2017	0.534621	-0.132853	1.284531	
2018	0.530330	-0.133493	1.283113	
2019	0.527518	-0.132101	1.282849	
2020	0.524129	-0.131851	1.282501	
2021	0.521264	-0.131492	1.281825	
2022	0.518330	-0.130498	1.281256	
2023	0.513063	-0.130546	1.280015	
2024	0.510874	-0.129870	1.279551	
2025	0.508348	-0.130053	1.279016	
2026	0.505332	-0.130317	1.277757	
2027	0.502958	-0.128430	1.277746	
2028	0.500423	-0.128949	1.277081	
2029	0.498062	-0.127598	1.276221	
2030	0.495826	-0.127343	1.275899	
2031	0.493028	-0.126743	1.274924	
2032	0.490205	-0.125863	1.274095	
2033	0.487166	-0.125836	1.273069	
2034	0.483387	-0.125096	1.271406	
2035	0.480384	-0.124422	1.270478	
2036	0.476449	-0.123729	1.268599	
2037	0.472914	-0.123185	1.267117	
2038	0.468935	-0.122721	1.264810	
2039	0.465561	-0.122709	1.263419	
2040	0.461750	-0.121583	1.261122	
2041	0.458718	-0.121303	1.259381	
2042	0.455711	-0.121068	1.257553	
2043	0.452938	-0.120173	1.255972	
2044	0.445778	-0.118341	1.249816	
2045	0.439003	-0.115207	1.244036	
2046	0.434748	-0.113991	1.240112	
2047	0.432253	-0.112526	1.237551	
2048	0.428622	-0.111429	1.233727	
2049	0.425430	-0.108884	1.230659	
2050	0.421944	-0.108453	1.227192	
2051	0.418614	-0.107076	1.224103	
2052	0.416225	-0.105454	1.222045	
2053	0.412905	-0.104879	1.218680	
2054	0.410570	-0.103060	1.216584	
2055	0.407048	-0.102153	1.213331	
2056	0.403539	-0.101285	1.210126	
2057	0.397833	-0.098026	1.204786	
2058	0.394329	-0.097507	1.201412	
2059	0.391885	-0.095829	1.199321	
2060	0.388915	-0.094143	1.196371	
2061	0.386077	-0.092000	1.193699	
2062	0.380616	-0.087723	1.188811	
2063	0.377931	-0.085556	1.186261	
2064	0.373537	-0.079931	1.181791	
2065	0.371588	-0.077927	1.180017	
2066	0.369958	-0.076058	1.177888	
2067	0.368918	-0.073757	1.176627	
2068	0.366681	-0.073014	1.173916	
2069	0.364733	-0.071942	1.171392	
2070	0.361160	-0.070740	1.167002	
2071	0.359828	-0.070630	1.164900	
2072	0.357862	-0.069696	1.162251	
2073	0.355797	-0.070452	1.159050	
2074	0.354274	-0.070621	1.155903	
2075	0.353341	-0.069698	1.153337	
2076	0.351424	-0.069941	1.149415	
2077	0.350346	-0.068702	1.145892	
2078	0.349630	-0.068157	1.142673	
2079	0.348500	-0.068624	1.138596	
2080	0.347803	-0.067672	1.134774	
2081	0.347559	-0.066203	1.131157	
2082	0.346278	-0.065650	1.126380	
2083	0.345691	-0.064523	1.121957	
2084	0.345232	-0.063079	1.116967	
2085	0.344714	-0.061439	1.111486	
2086	0.344790	-0.059887	1.106571	
2087	0.344534	-0.059786	1.101084	
2088	0.344931	-0.058209	1.095027	
2089	0.345644	-0.056404	1.089162	
2090	0.346746	-0.055238	1.083441	
2091	0.348134	-0.052510	1.077915	
2092	0.351652	-0.048742	1.072852	
2093	0.350504	-0.047875	1.066230	
2094	0.351563	-0.044353	1.061035	
2095	0.355551	-0.042688	1.054767	
2096	0.353237	-0.042347	1.048324	
2097	0.354717	-0.038613	1.042712	
2098	0.355022	-0.038166	1.034801	
2099	0.354825	-0.035421	1.027382	
2100	0.355111	-0.032975	1.019670	
2101	0.354750	-0.032298	1.011292	
2102	0.354591	-0.029987	1.003905	
2103	0.354540	-0.027460	0.997203	
2104	0.354159	-0.026619	0.990583	
2105	0.352319	-0.026732	0.983364	
2106	0.350923	-0.026573	0.976721	
2107	0.349561	-0.027142	0.970754	
2108	0.346778	-0.028447	0.964492	
2109	0.345250	-0.028491	0.960053	
2110	0.342055	-0.029589	0.954273	
2111	0.339266	-0.029454	0.948998	
2112	0.336112	-0.029248	0.944057	
2113	0.332154	-0.030051	0.938511	
2114	0.329078	-0.028897	0.934021	
2115	0.324786	-0.027398	0.929330	
2116	0.323338	-0.027908	0.925791	
2117	0.318913	-0.026508	0.921009	
2118	0.316630	-0.024678	0.917484	
2119	0.313213	-0.024842	0.912373	
2120	0.310197	-0.024037	0.907501	
2121	0.309219	-0.021839	0.903286	
2122	0.304104	-0.024317	0.891169	
2123	0.303948	-0.021980	0.885950	
2124	0.299894	-0.025096	0.871502	
2125	0.301306	-0.021976	0.865873	
2126	0.299313	-0.024947	0.857923	
2127	0.298633	-0.023205	0.850606	
2128	0.299996	-0.020960	0.845062	
2129	0.299304	-0.022649	0.836565	
2130	0.299127	-0.024802	0.828471	
2131	0.298315	-0.021811	0.820787	
2132	0.298519	-0.021286	0.812798	
2133	0.298662	-0.021574	0.798148	
2134	0.298203	-0.021694	0.782368	
2135	0.297845	-0.019373	0.776331	
2136	0.298551	-0.018490	0.770282	
2137	0.299209	-0.021544	0.763568	
2138	0.299553	-0.019159	0.758251	
2139	0.300292	-0.017506	0.752561	
2140	0.300539	-0.017172	0.746357	
2141	0.300526	-0.017011	0.740045	
2142	0.302708	-0.016252	0.734257	
2143	0.303630	-0.013499	0.728498	
2144	0.304790	-0.013068	0.721911	
2145	0.305197	-0.011911	0.715805	
2146	0.306927	-0.009231	0.709859	
2147	0.308467	-0.009288	0.703741	
2148	0.310816	-0.008337	0.697091	
2149	0.316430	-0.002646	0.686295	
2150	0.319000	-0.002852	0.679233	
2151	0.318537	-0.002075	0.671437	
2152	0.324503	0.001142	0.656325	
2153	0.325782	0.002986	0.647912	
2154	0.327138	0.007094	0.641027	
2155	0.328638	0.010204	0.632298	
2156	0.328957	0.010728	0.622746	
2157	0.330988	0.012284	0.614060	
2158	0.332360	0.015041	0.604721	
2159	0.332951	0.015938	0.593029	
2160	0.334129	0.019442	0.583183	
2161	0.339496	0.023286	0.561404	
2162	0.339278	0.025834	0.551068	
2163	0.340117	0.029459	0.541074	
2164	0.340313	0.031082	0.529093	
2165	0.339413	0.031419	0.515887	
2166	0.339724	0.033998	0.505468	
2167	0.340328	0.039084	0.495522	
2168	0.340608	0.040104	0.483027	
2169	0.338506	0.039830	0.470109	
2170	0.338162	0.042134	0.460364	
2171	0.337017	0.044255	0.449766	
2172	0.335688	0.044052	0.438731	
2173	0.335774	0.046850	0.429959	
2174	0.334336	0.050560	0.421917	
2175	0.333463	0.051414	0.412667	
2176	0.331507	0.052892	0.404317	
2177	0.330812	0.055338	0.397531	
2178	0.330872	0.057424	0.390492	
2179	0.331145	0.057247	0.382544	
2180	0.327298	0.060217	0.370524	
2181	0.324021	0.061547	0.364319	
2182	0.320271	0.062197	0.358721	
2183	0.311559	0.063830	0.353072	
2184	0.309494	0.065157	0.347193	
2185	0.303963	0.065379	0.340634	
2186	0.297299	0.066383	0.335962	
2187	0.291689	0.067447	0.330730	
2188	0.285479	0.067613	0.324814	
2189	0.277255	0.069696	0.319555	
2190	0.269486	0.071375	0.314575	
2191	0.262030	0.072434	0.308072	
2192	0.253548	0.072727	0.300690	
2193	0.243374	0.074567	0.294999	
2194	0.233772	0.076879	0.289204	
2195	0.225687	0.077268	0.282523	
2196	0.215791	0.077157	0.275831	
2197	0.206254	0.079198	0.269859	
2198	0.198473	0.080487	0.263563	
2199	0.189865	0.080253	0.256797	
2200	0.181026	0.081376	0.251056	
2201	0.174312	0.082616	0.245277	
2202	0.167102	0.083389	0.239166	
2203	0.157660	0.083503	0.233113	
2204	0.150659	0.083891	0.228160	
2205	0.142475	0.085092	0.223339	
2206	0.134149	0.085402	0.217752	
2207	0.126523	0.085753	0.212291	
2208	0.119327	0.085730	0.206656	
2209	0.112363	0.086522	0.200870	
2210	0.105574	0.086476	0.194849	
2211	0.098344	0.086240	0.189370	
2212	0.091304	0.087008	0.184390	
2213	0.084677	0.087803	0.179142	
2214	0.067694	0.089783	0.169643	
2215	0.059585	0.090519	0.163931	
2216	0.051201	0.091545	0.158324	
2217	0.043385	0.092284	0.152477	
2218	0.035126	0.092451	0.145457	
2219	0.026010	0.093127	0.139159	
2220	0.019022	0.093757	0.132608	
2221	0.011044	0.094296	0.125076	
2222	0.000623	0.096164	0.117961	
2223	-0.007754	0.098561	0.111650	
2224	-0.015752	0.101149	0.104193	
2225	-0.026302	0.102822	0.096418	
2226	-0.034543	0.104868	0.090155	
2227	-0.042950	0.108876	0.083950	
2228	-0.052447	0.111180	0.077150	
2229	-0.061967	0.114202	0.071458	
2230	-0.068537	0.118743	0.065921	
2231	-0.077207	0.121978	0.059747	
2232	-0.086977	0.125866	0.054335	
2233	-0.094121	0.129624	0.049019	
2234	-0.101548	0.134906	0.043591	
2235	-0.119843	0.144284	0.033928	
2236	-0.124257	0.149786	0.029804	
2237	-0.133869	0.153132	0.023936	
2238	-0.141602	0.157168	0.020146	
2239	-0.147357	0.159828	0.016718	
2240	-0.153073	0.161818	0.013364	
2241	-0.160154	0.163043	0.009873	
2242	-0.165164	0.163794	0.006634	
2243	-0.171849	0.164664	0.003213	
2244	-0.179124	0.165530	0.000581	
2245	-0.184262	0.165939	-0.002173	
2246	-0.193270	0.166461	-0.005296	
2247	-0.201690	0.166716	-0.007944	
2248	-0.207752	0.167615	-0.009566	
2249	-0.212740	0.168397	-0.012413	
2250	-0.221199	0.169186	-0.015056	
2251	-0.229021	0.170956	-0.016569	
2252	-0.236308	0.171898	-0.018475	
2253	-0.243416	0.171967	-0.020096	
2254	-0.251482	0.172143	-0.021390	
2255	-0.258837	0.171917	-0.022584	
2256	-0.279092	0.169906	-0.024373	
2257	-0.294246	0.168099	-0.026993	
2258	-0.301608	0.168716	-0.027783	
2259	-0.308192	0.169285	-0.028634	
2260	-0.315335	0.168972	-0.029542	
2261	-0.322202	0.170282	-0.029605	
2262	-0.328166	0.172492	-0.029410	
2263	-0.335196	0.173229	-0.029544	
2264	-0.344498	0.173742	-0.030043	
2265	-0.352196	0.175678	-0.029780	
2266	-0.358018	0.177051	-0.030589	
2267	-0.365253	0.177223	-0.032095	
2268	-0.372898	0.177090	-0.033973	
2269	-0.380665	0.177378	-0.035629	
2270	-0.388360	0.176024	-0.037966	
2271	-0.396482	0.174988	-0.040400	
2272	-0.402941	0.173407	-0.042756	
2273	-0.410190	0.172385	-0.045214	
2274	-0.417147	0.169305	-0.048458	
2275	-0.426349	0.167861	-0.051082	
2276	-0.433229	0.166885	-0.053437	
2277	-0.439338	0.165861	-0.055910	
2278	-0.447645	0.165639	-0.057777	
2279	-0.454610	0.164765	-0.059575	
2280	-0.458966	0.164935	-0.061070	
2281	-0.467886	0.163798	-0.062777	
2282	-0.475829	0.165580	-0.063679	
2283	-0.481879	0.165318	-0.065436	
2284	-0.490088	0.163023	-0.067101	
2285	-0.494878	0.161995	-0.068473	
2286	-0.499036	0.161597	-0.070407	
2287	-0.505095	0.161201	-0.072927	
2288	-0.511776	0.160083	-0.075799	
2289	-0.517560	0.158677	-0.079579	
2290	-0.524220	0.158147	-0.083410	
2291	-0.530798	0.158453	-0.087787	
2292	-0.537443	0.158976	-0.092047	
2293	-0.543378	0.160094	-0.096879	
2294	-0.548688	0.160962	-0.102005	
2295	-0.557263	0.164802	-0.106967	
2296	-0.563990	0.168162	-0.112217	
2297	-0.569612	0.171316	-0.117637	
2298	-0.578280	0.174078	-0.122984	
2299	-0.585657	0.178711	-0.127810	
2300	-0.592106	0.183192	-0.132411	
2301	-0.597591	0.188776	-0.136922	
2302	-0.605111	0.191275	-0.141565	
2303	-0.611903	0.195257	-0.145790	
2304	-0.618543	0.201380	-0.149431	
2305	-0.624015	0.205460	-0.153734	
2306	-0.631789	0.210035	-0.156712	
2307	-0.637782	0.213366	-0.160475	
2308	-0.643548	0.218413	-0.163945	
2309	-0.650191	0.220737	-0.167700	
2310	-0.654293	0.224894	-0.171001	
2311	-0.660947	0.228511	-0.173731	
2312	-0.665569	0.231485	-0.176523	
2313	-0.671746	0.233555	-0.178865	
2314	-0.677113	0.233655	-0.181662	
2315	-0.682161	0.235189	-0.183978	
2316	-0.686904	0.236055	-0.186029	
2317	-0.691535	0.237901	-0.187934	
2318	-0.700104	0.238506	-0.189905	
2319	-0.705540	0.239271	-0.191744	
2320	-0.709714	0.240170	-0.194017	
2321	-0.715415	0.240623	-0.196796	
2322	-0.721379	0.241366	-0.199126	
2323	-0.727617	0.241263	-0.201776	
2324	-0.732773	0.240695	-0.205021	
2325	-0.739457	0.239196	-0.207968	
2326	-0.746124	0.239518	-0.210690	
2327	-0.751476	0.239515	-0.214113	
2328	-0.757540	0.236502	-0.217267	
2329	-0.764470	0.233315	-0.220500	
2330	-0.786269	0.231540	-0.220351	
2331	-0.793659	0.230778	-0.222992	
2332	-0.799181	0.228409	-0.225679	
2333	-0.808476	0.227826	-0.227857	
2334	-0.815807	0.227715	-0.230088	
2335	-0.823342	0.225189	-0.232320	
2336	-0.834206	0.225850	-0.233852	
2337	-0.839705	0.226075	-0.236466	
2338	-0.846483	0.224881	-0.239269	
2339	-0.859236	0.226542	-0.241394	
2340	-0.872852	0.229284	-0.243416	
2341	-0.877207	0.230245	-0.246923	
2342	-0.884143	0.231322	-0.250123	
2343	-0.895373	0.233052	-0.252455	
2344	-0.901381	0.231721	-0.255869	
2345	-0.909779	0.230924	-0.258852	
2346	-0.913521	0.231506	-0.262108	
2347	-0.920247	0.229111	-0.265988	
2348	-0.930197	0.228374	-0.268550	
2349	-0.937866	0.228724	-0.271273	
2350	-0.944691	0.227479	-0.274670	
2351	-0.951881	0.228435	-0.278137	
2352	-0.956067	0.225738	-0.282764	
2353	-0.962548	0.223681	-0.286872	
2354	-0.969925	0.221561	-0.290698	
2355	-0.975428	0.219557	-0.294977	
2356	-0.978863	0.220244	-0.299478	
2357	-0.988101	0.220938	-0.302879	
2358	-0.994644	0.222777	-0.306087	
2359	-1.000911	0.224019	-0.310149	
2360	-1.015715	0.225993	-0.318310	
2361	-1.027598	0.229706	-0.328701	
2362	-1.037657	0.235134	-0.333082	
2363	-1.044863	0.238830	-0.338231	
2364	-1.058121	0.245854	-0.348025	
2365	-1.075790	0.254328	-0.356640	
2366	-1.092187	0.260016	-0.365468	
2367	-1.102446	0.265862	-0.369363	
2368	-1.106907	0.269041	-0.374125	
2369	-1.115029	0.272577	-0.377246	
2370	-1.123574	0.279232	-0.379316	
2371	-1.132246	0.284774	-0.380985	
2372	-1.135972	0.287514	-0.383446	
2373	-1.140585	0.289085	-0.384382	
2374	-1.151258	0.293405	-0.382114	
2375	-1.157856	0.297689	-0.379959	
2376	-1.156530	0.298204	-0.379255	
2377	-1.160554	0.300037	-0.377347	
2378	-1.169065	0.301383	-0.373554	
2379	-1.178663	0.300414	-0.367191	
2380	-1.182541	0.302506	-0.363024	
2381	-1.188879	0.300428	-0.359127	
2382	-1.196841	0.297394	-0.353527	
2383	-1.199893	0.296244	-0.348983	
2384	-1.205793	0.296328	-0.342804	
2385	-1.212151	0.293215	-0.336496	
2386	-1.219548	0.290815	-0.329454	
2387	-1.225816	0.288639	-0.322762	
2388	-1.231911	0.281692	-0.315797	
2389	-1.240440	0.279125	-0.307506	
2390	-1.247419	0.276957	-0.299899	
2391	-1.252010	0.273064	-0.292495	
2392	-1.255322	0.266721	-0.285776	
2393	-1.264299	0.261423	-0.277562	
2394	-1.271683	0.256951	-0.270195	
2395	-1.277579	0.255282	-0.263234	
2396	-1.283592	0.249885	-0.256646	
2397	-1.288116	0.242640	-0.250586	
2398	-1.295060	0.237206	-0.243707	
2399	-1.306332	0.228042	-0.234540	
2400	-1.311521	0.221920	-0.228802	
2401	-1.314444	0.215158	-0.223225	
2402	-1.316069	0.208345	-0.218447	
2403	-1.321340	0.203259	-0.212855	
2404	-1.325745	0.197769	-0.207837	
2405	-1.327012	0.191521	-0.203714	
2406	-1.331303	0.188999	-0.198616	
2407	-1.335546	0.183896	-0.193646	
2408	-1.340528	0.179296	-0.188546	
2409	-1.344569	0.174858	-0.183340	
2410	-1.351562	0.168789	-0.173348	
2411	-1.354401	0.160409	-0.165094	
2412	-1.359046	0.158327	-0.160162	
2413	-1.361126	0.155413	-0.155671	
2414	-1.358886	0.150516	-0.152886	
2415	-1.363122	0.147766	-0.147334	
2416	-1.364402	0.144251	-0.143245	
2417	-1.363569	0.140652	-0.139275	
2418	-1.363781	0.137609	-0.135428	
2419	-1.368154	0.135311	-0.129927	
2420	-1.367729	0.131204	-0.126647	
2421	-1.370844	0.128345	-0.121611	
2422	-1.373653	0.126063	-0.116962	
2423	-1.374348	0.121843	-0.113342	
2424	-1.378643	0.120754	-0.108145	
2425	-1.379781	0.120463	-0.103467	
2426	-1.380036	0.118092	-0.099081	
2427	-1.385034	0.115230	-0.092831	
2428	-1.387104	0.113846	-0.086972	
2429	-1.388839	0.114002	-0.081506	
2430	-1.385868	0.112431	-0.077591	
2431	-1.388146	0.111536	-0.071653	
2432	-1.390307	0.111966	-0.065960	
2433	-1.392043	0.109632	-0.060336	
2434	-1.393105	0.107923	-0.054213	
2435	-1.391270	0.106894	-0.049617	
2436	-1.391563	0.105917	-0.043389	
2437	-1.390102	0.103460	-0.037527	
2438	-1.384611	0.101148	-0.032292	
2439	-1.382328	0.097349	-0.025381	
2440	-1.380270	0.091827	-0.017864	
2441	-1.376297	0.087372	-0.010091	
2442	-1.368807	0.084258	-0.003294	
2443	-1.363847	0.079059	0.004787	
2444	-1.363734	0.073022	0.014974	
2445	-1.356338	0.069483	0.023510	
2446	-1.345303	0.063007	0.029946	
2447	-1.344010	0.054901	0.039577	
2448	-1.336931	0.050791	0.048220	
2449	-1.322574	0.044722	0.053305	
2450	-1.320377	0.034545	0.061749	
2451	-1.318326	0.028610	0.071492	
2452	-1.303055	0.023803	0.077490	
2453	-1.293819	0.016723	0.084077	
2454	-1.292570	0.011490	0.093449	
2455	-1.284932	0.006842	0.100357	
2456	-1.274654	0.003558	0.105548	
2457	-1.272362	-0.001009	0.112593	
2458	-1.268432	-0.003081	0.118928	
2459	-1.258706	-0.006372	0.122944	
2460	-1.250682	-0.009758	0.126222	
2461	-1.247832	-0.010642	0.131366	
2462	-1.245344	-0.010732	0.136255	
2463	-1.236663	-0.011889	0.138997	
2464	-1.228766	-0.012125	0.142579	
2465	-1.225517	-0.011969	0.147759	
2466	-1.222371	-0.012571	0.152815	
2467	-1.215068	-0.014471	0.157397	
2468	-1.209099	-0.012155	0.163426	
2469	-1.205244	-0.010254	0.168455	
2470	-1.200646	-0.011081	0.172868	
2471	-1.197065	-0.009284	0.178192	
2472	-1.195163	-0.006498	0.184355	
2473	-1.189228	-0.005974	0.187814	
2474	-1.185753	-0.006395	0.192186	
2475	-1.182841	-0.004410	0.196814	
2476	-1.176950	-0.004558	0.199460	
2477	-1.174451	-0.005604	0.202762	
2478	-1.170493	-0.005409	0.205712	
2479	-1.166704	-0.003765	0.208606	
2480	-1.165210	-0.003737	0.211643	
2481	-1.160437	-0.003732	0.214704	
2482	-1.156543	-0.002576	0.218494	
2483	-1.150309	-0.005661	0.221217	
2484	-1.150217	-0.003417	0.228013	
2485	-1.148035	-0.000681	0.233896	
2486	-1.140271	-0.002589	0.237374	
2487	-1.136954	-0.004226	0.241824	
2488	-1.139115	-0.001425	0.247360	
2489	-1.135040	-0.002574	0.251391	
2490	-1.130364	-0.001848	0.255346	
2491	-1.128087	-0.001476	0.259558	
2492	-1.127022	-0.002431	0.264387	
2493	-1.122785	0.003390	0.269092	
2494	-1.116018	0.002740	0.271125	
2495	-1.116911	0.003748	0.275378	
2496	-1.117024	0.008422	0.280296	
2497	-1.111431	0.008710	0.281921	
2498	-1.111716	0.009143	0.284924	
2499	-1.114640	0.014621	0.289853	
2500	-1.110770	0.014931	0.290998	
2501	-1.110895	0.014862	0.293015	
2502	-1.112574	0.017458	0.296214	
2503	-1.110719	0.017210	0.297436	
2504	-1.112103	0.016745	0.298939	
2505	-1.114590	0.017892	0.301142	
2506	-1.113266	0.018515	0.302325	
2507	-1.113042	0.018224	0.303229	
2508	-1.114447	0.019332	0.304850	
2509	-1.113831	0.020056	0.306104	
2510	-1.111423	0.021014	0.306588	
2511	-1.112810	0.021650	0.307820	
2512	-1.114779	0.024630	0.310147	
2513	-1.113804	0.026286	0.311669	
2514	-1.114284	0.026579	0.312967	
2515	-1.117999	0.029401	0.316223	
2516	-1.115444	0.031438	0.317688	
2517	-1.113513	0.031773	0.318547	
2518	-1.118728	0.034473	0.322312	
2519	-1.117603	0.037129	0.324522	
2520	-1.115552	0.037008	0.325894	
2521	-1.118242	0.039203	0.329170	
2522	-1.117289	0.041135	0.331484	
2523	-1.114947	0.042603	0.333631	
2524	-1.113070	0.044315	0.335427	
2525	-1.114756	0.045879	0.338327	
2526	-1.110993	0.047254	0.340046	
2527	-1.108489	0.048848	0.341538	
2528	-1.110226	0.050794	0.344238	
2529	-1.109325	0.052592	0.346298	
2530	-1.104591	0.053733	0.346291	
2531	-1.104170	0.054115	0.347129	
2532	-1.105653	0.056090	0.348826	
2533	-1.102478	0.056927	0.348904	
2534	-1.100997	0.056514	0.348629	
2535	-1.103315	0.057240	0.350426	
2536	-1.100548	0.057971	0.351021	
2537	-1.099491	0.057274	0.351105	
2538	-1.099642	0.056834	0.351814	
2539	-1.098992	0.056463	0.352659	
2540	-1.097178	0.056385	0.352759	
2541	-1.095862	0.055315	0.353223	
2542	-1.093081	0.054876	0.352623	
2543	-1.092729	0.054342	0.352580	
2544	-1.091713	0.053915	0.352714	
2545	-1.089884	0.053400	0.352518	
2546	-1.090751	0.052091	0.352588	
2547	-1.090178	0.052764	0.353051	
2548	-1.087486	0.053877	0.352647	
2549	-1.087997	0.053970	0.352962	
2550	-1.088133	0.055025	0.353468	
2551	-1.085424	0.056995	0.353377	
2552	-1.084452	0.057201	0.353109	
2553	-1.084141	0.059289	0.353893	
2554	-1.080700	0.061147	0.353270	
2555	-1.080268	0.061690	0.353173	
2556	-1.079865	0.063251	0.353637	
2557	-1.076815	0.065604	0.352917	
2558	-1.075868	0.066124	0.352440	
2559	-1.076541	0.067440	0.352861	
2560	-1.073106	0.069560	0.352203	
2561	-1.072797	0.070091	0.351774	
2562	-1.073218	0.071527	0.352151	
2563	-1.069070	0.074076	0.351326	
2564	-1.068753	0.075315	0.351226	
2565	-1.067626	0.077434	0.351246	
2566	-1.063526	0.081015	0.349965	
2567	-1.063845	0.082448	0.349909	
2568	-1.060623	0.084432	0.348454	
2569	-1.060147	0.085773	0.347341	
2570	-1.058185	0.086727	0.346349	
2571	-1.058303	0.086981	0.345313	
2572	-1.057754	0.087527	0.344569	
2573	-1.055470	0.088061	0.343319	
2574	-1.055243	0.088617	0.341964	
2575	-1.052861	0.088370	0.340469	
2576	-1.053884	0.088488	0.340149	
2577	-1.051558	0.088508	0.339177	
2578	-1.049772	0.088757	0.337250	
2579	-1.048700	0.089413	0.336676	
2580	-1.045835	0.090187	0.335574	
2581	-1.045513	0.090781	0.335023	
2582	-1.045864	0.091262	0.334972	
2583	-1.043905	0.091976	0.334186	
