0	0.000000	0.000000	0.000000	
1	0.000000	0.000000	0.000000	
2	0.000000	0.000000	0.000000	
3	0.000000	0.000000	0.000000	
4	0.000968	0.000336	0.000707	
5	0.001431	0.001411	0.000506	
6	0.001715	0.001635	0.000539	
7	0.001607	0.000425	0.001184	
8	0.002007	0.000421	0.001314	
9	0.002208	0.001219	0.001245	
10	0.002195	0.000715	0.001564	
11	0.002305	-0.000234	0.001828	
12	0.002344	-0.000608	0.002284	
13	0.002648	-0.000733	0.002384	
14	0.002633	-0.000750	0.002561	
15	0.002940	-0.000666	0.002576	
16	0.002872	-0.000484	0.002672	
17	0.003033	0.000204	0.002454	
18	0.003106	0.000106	0.002439	
19	0.002946	0.000371	0.002359	
20	0.003009	0.000464	0.002265	
21	0.003019	0.000368	0.002450	
22	0.002741	0.000483	0.002393	
23	0.002883	0.000374	0.002439	
24	0.002546	0.000345	0.002473	
25	0.002686	0.000150	0.002589	
26	0.002512	0.000236	0.002578	
27	0.002423	0.000351	0.002661	
28	0.002097	0.000018	0.002798	
29	0.002339	-0.000345	0.002791	
30	0.002215	-0.000076	0.002795	
31	0.002040	0.000278	0.002748	
32	0.001816	0.000163	0.002954	
33	0.001453	0.000479	0.003013	
34	0.001193	0.001299	0.002801	
35	0.000865	0.001459	0.002785	
36	0.000755	0.000977	0.003059	
37	0.000400	0.001664	0.003166	
38	0.000019	0.003185	0.002813	
39	-0.000323	0.002778	0.003286	
40	-0.000657	0.001557	0.004038	
41	-0.001259	0.001887	0.004403	
42	-0.001137	0.001917	0.004891	
43	-0.001531	0.001575	0.005557	
44	-0.001894	0.002074	0.006135	
45	-0.002375	0.003273	0.006749	
46	-0.002149	0.003582	0.007585	
47	-0.002485	0.003704	0.009085	
48	-0.002512	0.005191	0.010155	
49	-0.002356	0.005719	0.011652	
50	-0.002245	0.005550	0.013571	
51	-0.001622	0.005724	0.015532	
52	-0.001288	0.006995	0.017220	
53	-0.000367	0.007806	0.019040	
54	-0.000082	0.007638	0.021583	
55	0.000527	0.007485	0.024118	
56	0.001539	0.007539	0.026563	
57	0.002162	0.006578	0.029450	
58	0.003709	0.006777	0.032054	
59	0.004756	0.007981	0.034435	
60	0.005975	0.007981	0.037379	
61	0.007262	0.008117	0.040316	
62	0.008512	0.008845	0.043052	
63	0.010108	0.008497	0.046217	
64	0.011392	0.008867	0.049070	
65	0.012742	0.009968	0.051647	
66	0.015191	0.008420	0.054964	
67	0.015254	0.008351	0.057854	
68	0.017175	0.009127	0.060523	
69	0.018889	0.009819	0.063008	
70	0.020208	0.009080	0.066070	
71	0.021405	0.009496	0.068779	
72	0.023050	0.009915	0.071245	
73	0.024198	0.009206	0.074191	
74	0.025831	0.008773	0.076890	
75	0.027071	0.010068	0.079110	
76	0.028501	0.011076	0.081183	
77	0.029804	0.010514	0.084086	
78	0.030715	0.010253	0.086810	
79	0.031607	0.011382	0.089070	
80	0.032892	0.011636	0.091626	
81	0.033279	0.011990	0.094217	
82	0.034425	0.012869	0.096588	
83	0.035067	0.013148	0.099190	
84	0.035563	0.012843	0.102035	
85	0.036343	0.013018	0.104615	
86	0.037284	0.012894	0.107401	
87	0.038014	0.013235	0.110183	
88	0.038733	0.013341	0.113235	
89	0.039083	0.013276	0.116191	
90	0.040275	0.013925	0.119245	
91	0.040775	0.014097	0.122386	
92	0.041189	0.014675	0.125360	
93	0.041985	0.014379	0.128475	
94	0.042862	0.014620	0.131565	
95	0.043571	0.014659	0.134975	
96	0.044108	0.013249	0.138640	
97	0.044637	0.013431	0.141793	
98	0.045707	0.013285	0.144906	
99	0.045904	0.011680	0.148546	
100	0.046495	0.011225	0.152055	
101	0.047132	0.011565	0.155025	
102	0.047545	0.010214	0.158404	
103	0.048347	0.010142	0.161453	
104	0.048874	0.010091	0.164305	
105	0.048941	0.009255	0.167036	
106	0.049629	0.009962	0.169698	
107	0.049682	0.008876	0.172257	
108	0.049925	0.007996	0.175028	
109	0.050287	0.007728	0.177587	
110	0.050775	0.007358	0.180063	
111	0.051323	0.007024	0.182584	
112	0.050993	0.006153	0.184930	
113	0.051362	0.006302	0.187356	
114	0.051901	0.006486	0.189979	
115	0.051685	0.005693	0.192459	
116	0.051986	0.005986	0.195035	
117	0.052045	0.005703	0.197731	
118	0.052384	0.005479	0.200509	
119	0.052484	0.005647	0.203211	
120	0.052800	0.005476	0.206463	
121	0.052823	0.005439	0.209565	
122	0.052902	0.005197	0.212725	
123	0.052853	0.004838	0.215687	
124	0.053025	0.004492	0.218837	
125	0.053374	0.004546	0.222139	
126	0.053947	0.004418	0.225555	
127	0.054146	0.003899	0.228426	
128	0.054879	0.003850	0.231839	
129	0.055371	0.004540	0.234379	
130	0.055912	0.004293	0.237122	
131	0.056157	0.003766	0.240021	
132	0.056714	0.004284	0.242430	
133	0.057235	0.003607	0.245447	
134	0.057928	0.003913	0.248023	
135	0.058639	0.004586	0.250289	
136	0.059128	0.004836	0.252471	
137	0.059768	0.004670	0.255067	
138	0.059906	0.004875	0.257051	
139	0.060224	0.005324	0.259432	
140	0.060049	0.005763	0.263322	
141	0.060025	0.006309	0.265526	
142	0.059830	0.006792	0.267427	
143	0.059276	0.006703	0.269336	
144	0.058675	0.006666	0.271195	
145	0.057879	0.006534	0.272871	
146	0.057232	0.007554	0.274508	
147	0.056255	0.008265	0.275761	
148	0.055323	0.008357	0.277649	
149	0.054437	0.008556	0.279757	
150	0.053163	0.008823	0.281286	
151	0.052075	0.009143	0.283266	
152	0.050984	0.009448	0.285593	
153	0.049694	0.009973	0.287534	
154	0.048275	0.010145	0.289622	
155	0.045393	0.011280	0.293844	
156	0.043904	0.011644	0.296058	
157	0.042439	0.012124	0.298112	
158	0.040779	0.012330	0.300091	
159	0.039196	0.012454	0.302212	
160	0.037485	0.012500	0.304060	
161	0.035684	0.012958	0.305988	
162	0.034097	0.013128	0.307727	
163	0.032531	0.013344	0.309577	
164	0.030930	0.013371	0.311814	
165	0.029468	0.013549	0.313660	
166	0.027932	0.013355	0.315923	
167	0.026448	0.014236	0.317371	
168	0.024959	0.014475	0.318811	
169	0.023832	0.014827	0.320790	
170	0.022778	0.015697	0.322247	
171	0.021586	0.016182	0.323374	
172	0.020593	0.016986	0.324141	
173	0.019751	0.017686	0.325405	
174	0.018858	0.018367	0.326481	
175	0.017994	0.019076	0.327197	
176	0.017370	0.019529	0.328037	
177	0.016764	0.020413	0.328775	
178	0.016255	0.021050	0.329617	
179	0.015809	0.021698	0.330483	
180	0.015257	0.022349	0.330898	
181	0.014755	0.022692	0.331322	
182	0.014327	0.023008	0.331434	
183	0.013547	0.023934	0.331828	
184	0.013217	0.024564	0.331738	
185	0.012665	0.024951	0.332423	
186	0.012282	0.025083	0.333554	
187	0.012025	0.025674	0.334811	
188	0.011799	0.026223	0.336294	
189	0.011759	0.026094	0.337484	
190	0.011996	0.026558	0.339746	
191	0.012049	0.026906	0.341203	
192	0.012025	0.027034	0.342912	
193	0.012130	0.027460	0.344679	
194	0.012318	0.027570	0.346121	
195	0.012447	0.027922	0.346690	
196	0.012619	0.028386	0.348180	
197	0.012815	0.028678	0.349339	
198	0.013068	0.028913	0.349183	
199	0.013263	0.029424	0.350290	
200	0.013360	0.029793	0.351422	
201	0.013617	0.030105	0.351733	
202	0.013697	0.029957	0.352029	
203	0.013789	0.030096	0.352833	
204	0.013844	0.030176	0.352943	
205	0.013821	0.029950	0.353309	
206	0.013900	0.029733	0.353536	
207	0.013870	0.029585	0.353879	
208	0.013831	0.029828	0.353874	
209	0.013696	0.029756	0.354121	
210	0.013676	0.029624	0.354132	
211	0.013638	0.029425	0.353622	
212	0.013655	0.029434	0.353259	
213	0.013653	0.029268	0.352614	
214	0.013533	0.028710	0.352468	
215	0.013422	0.028088	0.352100	
216	0.013264	0.027707	0.351372	
217	0.013155	0.027224	0.350761	
218	0.013033	0.026762	0.350248	
219	0.012916	0.026210	0.349590	
220	0.012823	0.025854	0.349177	
221	0.012637	0.025131	0.348624	
222	0.012334	0.024477	0.347887	
223	0.012042	0.024114	0.347208	
224	0.011687	0.023388	0.346216	
225	0.011386	0.022896	0.345284	
226	0.010987	0.022283	0.344537	
227	0.010617	0.021757	0.343533	
228	0.010204	0.021443	0.342515	
229	0.009742	0.020966	0.341497	
230	0.009184	0.020270	0.340388	
231	0.008662	0.019607	0.339341	
232	0.008076	0.018983	0.338598	
233	0.007454	0.018387	0.337279	
234	0.006834	0.018013	0.336247	
235	0.006127	0.017365	0.335159	
236	0.005351	0.016890	0.334078	
237	0.003572	0.014970	0.331700	
238	0.002617	0.014083	0.330498	
239	0.001558	0.012815	0.329130	
240	0.000519	0.012008	0.328109	
241	-0.000536	0.011177	0.327074	
242	-0.001574	0.010305	0.325518	
243	-0.002698	0.009380	0.324282	
244	-0.003703	0.008800	0.322873	
245	-0.004851	0.007784	0.321459	
246	-0.005923	0.006764	0.319986	
247	-0.007019	0.005936	0.318249	
248	-0.007990	0.004922	0.316664	
249	-0.009015	0.004184	0.315174	
250	-0.010094	0.002948	0.313611	
251	-0.011098	0.001852	0.311994	
252	-0.011979	0.000768	0.310185	
253	-0.012957	-0.000367	0.308611	
254	-0.013992	-0.001286	0.307106	
255	-0.014882	-0.002141	0.305560	
256	-0.015851	-0.003206	0.304044	
257	-0.016662	-0.003979	0.302404	
258	-0.017565	-0.004881	0.300808	
259	-0.018574	-0.006067	0.299304	
260	-0.019392	-0.006766	0.297734	
261	-0.020236	-0.007385	0.296107	
262	-0.021149	-0.008232	0.294519	
263	-0.022103	-0.009059	0.292868	
264	-0.022989	-0.009214	0.291503	
265	-0.023746	-0.009622	0.289854	
266	-0.024650	-0.010356	0.288182	
267	-0.025494	-0.010771	0.286391	
268	-0.026384	-0.010978	0.284961	
269	-0.027236	-0.011256	0.283365	
270	-0.027920	-0.011892	0.281228	
271	-0.028842	-0.012471	0.279531	
272	-0.029669	-0.012940	0.277587	
273	-0.030579	-0.013110	0.276000	
274	-0.031136	-0.013090	0.274029	
275	-0.031874	-0.013214	0.272288	
276	-0.032802	-0.013239	0.270776	
277	-0.033537	-0.013338	0.269184	
278	-0.034184	-0.013323	0.267437	
279	-0.034954	-0.013706	0.265635	
280	-0.035746	-0.014017	0.264146	
281	-0.036564	-0.014315	0.262421	
282	-0.037549	-0.014539	0.260891	
283	-0.038301	-0.014712	0.259322	
284	-0.039330	-0.014908	0.257542	
285	-0.040222	-0.014894	0.255596	
286	-0.041294	-0.014766	0.253950	
287	-0.042344	-0.014650	0.251939	
288	-0.044103	-0.014345	0.250636	
289	-0.045496	-0.014118	0.248661	
290	-0.046998	-0.013820	0.246952	
291	-0.048660	-0.013116	0.245375	
292	-0.050297	-0.012502	0.243783	
293	-0.052271	-0.012474	0.241815	
294	-0.054379	-0.012349	0.240239	
295	-0.056522	-0.012109	0.238737	
296	-0.058699	-0.011907	0.237268	
297	-0.060821	-0.011684	0.235640	
298	-0.063294	-0.011829	0.234215	
299	-0.065677	-0.011554	0.232688	
300	-0.068132	-0.011709	0.231071	
301	-0.070688	-0.012023	0.229583	
302	-0.073130	-0.011935	0.227982	
303	-0.075627	-0.011741	0.226583	
304	-0.078202	-0.012081	0.224939	
305	-0.080855	-0.012434	0.223421	
306	-0.083350	-0.012552	0.221820	
307	-0.085763	-0.011880	0.220634	
308	-0.088251	-0.011591	0.219274	
309	-0.090846	-0.011797	0.217822	
310	-0.093710	-0.011764	0.216785	
311	-0.096159	-0.011287	0.215603	
312	-0.098608	-0.011045	0.214428	
313	-0.101334	-0.010647	0.213596	
314	-0.103692	-0.009645	0.212709	
315	-0.106204	-0.008881	0.211941	
316	-0.108358	-0.007928	0.210996	
317	-0.110486	-0.007193	0.210184	
318	-0.112432	-0.006930	0.208937	
319	-0.114464	-0.006759	0.207740	
320	-0.116162	-0.005985	0.206402	
321	-0.117783	-0.004812	0.205379	
322	-0.119545	-0.004460	0.204065	
323	-0.121247	-0.004040	0.202545	
324	-0.122834	-0.003157	0.201130	
325	-0.124241	-0.002198	0.199588	
326	-0.125990	-0.001734	0.197940	
327	-0.127484	-0.001128	0.196539	
328	-0.128956	-0.000494	0.194788	
329	-0.130420	0.000248	0.193027	
330	-0.131813	0.000732	0.191042	
331	-0.133185	0.001547	0.189116	
332	-0.134532	0.001738	0.186621	
333	-0.135968	0.001907	0.184321	
334	-0.137247	0.003603	0.182385	
335	-0.138425	0.003643	0.179782	
336	-0.139712	0.003124	0.176373	
337	-0.141085	0.003572	0.173958	
338	-0.142447	0.003016	0.171235	
339	-0.143836	0.002571	0.168430	
340	-0.145131	0.002472	0.165924	
341	-0.146494	0.002715	0.163240	
342	-0.147626	0.003221	0.160669	
343	-0.148571	0.003177	0.157384	
344	-0.149719	0.002867	0.154224	
345	-0.150692	0.002837	0.151439	
346	-0.151781	0.003129	0.148513	
347	-0.152625	0.003562	0.146024	
348	-0.153626	0.004025	0.143131	
349	-0.154385	0.004308	0.139894	
350	-0.155098	0.004918	0.137127	
351	-0.155818	0.005297	0.134087	
352	-0.156566	0.005573	0.131248	
353	-0.157706	0.005451	0.128314	
354	-0.158418	0.005619	0.125906	
355	-0.159133	0.005802	0.123230	
356	-0.159980	0.005580	0.120521	
357	-0.160914	0.005409	0.118422	
358	-0.161477	0.006530	0.115864	
359	-0.161491	0.007495	0.113595	
360	-0.162091	0.007634	0.111325	
361	-0.162635	0.007643	0.108471	
362	-0.163069	0.008403	0.106434	
363	-0.163294	0.008787	0.103999	
364	-0.164088	0.008349	0.101481	
365	-0.164663	0.008348	0.098994	
366	-0.164623	0.009636	0.096690	
367	-0.164878	0.010146	0.094267	
368	-0.165485	0.010286	0.091983	
369	-0.166000	0.010008	0.089753	
370	-0.166689	0.009516	0.086975	
371	-0.167006	0.009547	0.084059	
372	-0.167509	0.009174	0.081256	
373	-0.168392	0.008825	0.078897	
374	-0.168924	0.009952	0.077011	
375	-0.169441	0.010520	0.074651	
376	-0.170501	0.009383	0.072203	
377	-0.170733	0.009816	0.069479	
378	-0.171255	0.010890	0.067100	
379	-0.172007	0.010707	0.064176	
380	-0.172938	0.010703	0.062044	
381	-0.173423	0.011075	0.059062	
382	-0.174312	0.011022	0.056839	
383	-0.175478	0.010684	0.054224	
384	-0.176859	0.010411	0.051888	
385	-0.177486	0.010325	0.049002	
386	-0.178590	0.009760	0.046297	
387	-0.180112	0.009094	0.044229	
388	-0.181087	0.008713	0.041406	
389	-0.182559	0.008361	0.039163	
390	-0.184277	0.007401	0.036710	
391	-0.185573	0.006763	0.034225	
392	-0.186615	0.006508	0.031779	
393	-0.187894	0.005921	0.029441	
394	-0.189872	0.005033	0.026788	
395	-0.190748	0.004152	0.023890	
396	-0.192057	0.003533	0.021884	
397	-0.193374	0.004045	0.019326	
398	-0.194431	0.004184	0.017130	
399	-0.195861	0.002941	0.014528	
400	-0.196698	0.002803	0.012261	
401	-0.197936	0.002459	0.010049	
402	-0.199136	0.001797	0.007766	
403	-0.199424	0.001275	0.005153	
404	-0.200503	0.001649	0.003413	
405	-0.201189	0.000080	0.000940	
406	-0.202051	-0.000071	-0.000813	
407	-0.202487	-0.000124	-0.002947	
408	-0.203143	-0.000210	-0.004978	
409	-0.203526	-0.001383	-0.007174	
410	-0.203895	-0.001917	-0.009215	
411	-0.204347	-0.002533	-0.011410	
412	-0.205132	-0.002674	-0.013444	
413	-0.205360	-0.002894	-0.015610	
414	-0.205648	-0.003892	-0.018113	
415	-0.206028	-0.003969	-0.020266	
416	-0.206817	-0.004626	-0.022682	
417	-0.207785	-0.005663	-0.025117	
418	-0.208254	-0.006928	-0.027872	
419	-0.208216	-0.006735	-0.030370	
420	-0.208802	-0.007381	-0.033160	
421	-0.208277	-0.008142	-0.035943	
422	-0.209168	-0.008684	-0.038547	
423	-0.209352	-0.009795	-0.041605	
424	-0.209104	-0.010039	-0.044631	
425	-0.208879	-0.010125	-0.047537	
426	-0.208879	-0.009764	-0.050321	
427	-0.207278	-0.010409	-0.053706	
428	-0.206819	-0.010511	-0.056901	
429	-0.207193	-0.010857	-0.059835	
430	-0.206810	-0.011655	-0.063357	
431	-0.206722	-0.012099	-0.066310	
432	-0.206846	-0.012274	-0.069644	
433	-0.206521	-0.012772	-0.072662	
434	-0.206646	-0.014101	-0.076125	
435	-0.205822	-0.014408	-0.079313	
436	-0.205164	-0.014693	-0.082077	
437	-0.204051	-0.014973	-0.085344	
438	-0.201756	-0.015413	-0.088406	
439	-0.201063	-0.015637	-0.091049	
440	-0.200431	-0.016183	-0.093701	
441	-0.200231	-0.015833	-0.096383	
442	-0.200009	-0.015229	-0.098749	
443	-0.199750	-0.015155	-0.101368	
444	-0.199840	-0.015946	-0.104118	
445	-0.199916	-0.016062	-0.106861	
446	-0.199921	-0.016599	-0.109355	
447	-0.199615	-0.016650	-0.111911	
448	-0.199014	-0.015613	-0.114102	
449	-0.199389	-0.016622	-0.119206	
450	-0.199250	-0.016275	-0.121696	
451	-0.199577	-0.015035	-0.123796	
452	-0.199770	-0.014409	-0.126098	
453	-0.200159	-0.014921	-0.128903	
454	-0.200727	-0.016042	-0.131944	
455	-0.201220	-0.017094	-0.134691	
456	-0.201671	-0.016771	-0.137151	
457	-0.202439	-0.017470	-0.139951	
458	-0.203523	-0.017621	-0.142522	
459	-0.203713	-0.017734	-0.145440	
460	-0.204571	-0.017978	-0.148230	
461	-0.204782	-0.017210	-0.150695	
462	-0.205307	-0.017316	-0.153636	
463	-0.206237	-0.016601	-0.156194	
464	-0.206904	-0.017044	-0.159235	
465	-0.208295	-0.018326	-0.162513	
466	-0.209550	-0.019482	-0.165653	
467	-0.210776	-0.020603	-0.168828	
468	-0.211546	-0.021010	-0.171712	
469	-0.213152	-0.023690	-0.175168	
470	-0.213637	-0.023363	-0.177772	
471	-0.214517	-0.024500	-0.180783	
472	-0.215431	-0.024079	-0.183751	
473	-0.217246	-0.024511	-0.186506	
474	-0.218564	-0.025869	-0.189299	
475	-0.219717	-0.027498	-0.192201	
476	-0.220464	-0.029449	-0.195221	
477	-0.221557	-0.031635	-0.197823	
478	-0.223013	-0.032504	-0.200428	
479	-0.223774	-0.033483	-0.203001	
480	-0.224895	-0.034122	-0.205429	
481	-0.225931	-0.035213	-0.208014	
482	-0.226692	-0.034532	-0.210097	
483	-0.227236	-0.034866	-0.212118	
484	-0.227483	-0.035145	-0.213915	
485	-0.227737	-0.035743	-0.215958	
486	-0.228247	-0.036845	-0.217971	
487	-0.228586	-0.037547	-0.220136	
488	-0.228820	-0.037136	-0.222030	
489	-0.228959	-0.037819	-0.224044	
490	-0.229949	-0.038107	-0.226017	
491	-0.229531	-0.039014	-0.227995	
492	-0.229827	-0.039160	-0.229948	
493	-0.229321	-0.040140	-0.231905	
494	-0.230452	-0.039702	-0.234043	
495	-0.231850	-0.039775	-0.236474	
496	-0.232069	-0.039203	-0.238366	
497	-0.230793	-0.037394	-0.239670	
498	-0.230182	-0.037538	-0.241862	
499	-0.229252	-0.038095	-0.244155	
500	-0.230119	-0.036016	-0.246585	
501	-0.231081	-0.035178	-0.249404	
502	-0.230414	-0.036309	-0.252203	
503	-0.229779	-0.036932	-0.254457	
504	-0.229515	-0.038057	-0.257192	
505	-0.229805	-0.039070	-0.259645	
506	-0.230489	-0.037907	-0.262219	
507	-0.230107	-0.037820	-0.264987	
508	-0.229125	-0.037270	-0.267066	
509	-0.228823	-0.038287	-0.269445	
510	-0.228838	-0.038876	-0.272096	
511	-0.228618	-0.039472	-0.274956	
512	-0.225879	-0.040854	-0.277820	
513	-0.225311	-0.040839	-0.280970	
514	-0.223801	-0.040219	-0.283700	
515	-0.221216	-0.039660	-0.286327	
516	-0.219142	-0.039968	-0.288764	
517	-0.217299	-0.040713	-0.291303	
518	-0.216018	-0.041356	-0.293955	
519	-0.215213	-0.041007	-0.296381	
520	-0.214221	-0.042174	-0.298542	
521	-0.213673	-0.044178	-0.300975	
522	-0.212911	-0.044642	-0.303264	
523	-0.212645	-0.044651	-0.305725	
524	-0.212076	-0.044816	-0.308064	
525	-0.211572	-0.045413	-0.310275	
526	-0.211040	-0.045591	-0.312174	
527	-0.209989	-0.045836	-0.314013	
528	-0.209373	-0.044934	-0.315922	
529	-0.209609	-0.044867	-0.317817	
530	-0.209065	-0.045116	-0.319703	
531	-0.208248	-0.043671	-0.321329	
532	-0.207870	-0.043319	-0.322974	
533	-0.207293	-0.042449	-0.324398	
534	-0.207142	-0.041443	-0.325812	
535	-0.207006	-0.041641	-0.327419	
536	-0.207026	-0.040653	-0.328705	
537	-0.206543	-0.040497	-0.329895	
538	-0.206319	-0.039494	-0.331225	
539	-0.206157	-0.039251	-0.332480	
540	-0.206490	-0.038959	-0.333846	
541	-0.206476	-0.037578	-0.335069	
542	-0.207151	-0.036640	-0.336252	
543	-0.207695	-0.035548	-0.337518	
544	-0.207788	-0.034194	-0.338534	
545	-0.208198	-0.033283	-0.339562	
546	-0.207964	-0.031816	-0.340601	
547	-0.208333	-0.030796	-0.341817	
548	-0.208789	-0.027321	-0.342848	
549	-0.209481	-0.026546	-0.343961	
550	-0.210107	-0.026752	-0.345150	
551	-0.210713	-0.025806	-0.346079	
552	-0.211553	-0.023882	-0.346993	
553	-0.211979	-0.023706	-0.347849	
554	-0.212369	-0.025052	-0.349008	
555	-0.212434	-0.024775	-0.349967	
556	-0.212580	-0.023140	-0.350713	
557	-0.212305	-0.022714	-0.351334	
558	-0.212631	-0.022374	-0.352292	
559	-0.212935	-0.022527	-0.353066	
560	-0.212838	-0.021872	-0.353838	
561	-0.213393	-0.021207	-0.354582	
562	-0.213311	-0.020788	-0.355216	
563	-0.213489	-0.020683	-0.355832	
564	-0.214200	-0.019808	-0.356626	
565	-0.214073	-0.019553	-0.357155	
566	-0.214298	-0.019210	-0.358024	
567	-0.214639	-0.018534	-0.358412	
568	-0.214765	-0.018242	-0.359004	
569	-0.215157	-0.017858	-0.359609	
570	-0.215350	-0.016837	-0.360367	
571	-0.215408	-0.017092	-0.361126	
572	-0.215658	-0.016596	-0.361979	
573	-0.215304	-0.015740	-0.362988	
574	-0.215187	-0.015030	-0.363829	
575	-0.215434	-0.014110	-0.364895	
576	-0.214987	-0.013123	-0.365691	
577	-0.214834	-0.012026	-0.366486	
578	-0.214680	-0.011041	-0.367332	
579	-0.214917	-0.010506	-0.368128	
580	-0.214849	-0.009332	-0.368647	
581	-0.214115	-0.008858	-0.369228	
582	-0.213236	-0.008928	-0.369901	
583	-0.213716	-0.007487	-0.370541	
584	-0.212953	-0.007009	-0.370684	
585	-0.212730	-0.007207	-0.371238	
586	-0.212622	-0.006668	-0.371722	
587	-0.212007	-0.006144	-0.371621	
588	-0.211954	-0.006010	-0.372067	
589	-0.211812	-0.005580	-0.372397	
590	-0.211915	-0.004229	-0.372419	
591	-0.211977	-0.003535	-0.372732	
592	-0.211985	-0.003249	-0.372866	
593	-0.211946	-0.002707	-0.373410	
594	-0.211864	-0.001693	-0.373533	
595	-0.212461	-0.001212	-0.373776	
596	-0.212312	-0.001189	-0.373626	
597	-0.212404	-0.000480	-0.373826	
598	-0.212349	0.000680	-0.373739	
599	-0.212114	0.001745	-0.373849	
600	-0.212153	0.002584	-0.373901	
601	-0.211965	0.003677	-0.373811	
602	-0.211795	0.004344	-0.373588	
603	-0.211631	0.004934	-0.373342	
604	-0.211861	0.005169	-0.373463	
605	-0.211635	0.005735	-0.373410	
606	-0.211208	0.006170	-0.373337	
607	-0.210719	0.006668	-0.373267	
608	-0.211382	0.007932	-0.373288	
609	-0.211116	0.008055	-0.373540	
610	-0.210797	0.009164	-0.373365	
611	-0.210649	0.009373	-0.373737	
612	-0.209728	0.008134	-0.373498	
613	-0.209559	0.008464	-0.373557	
614	-0.210089	0.009957	-0.373775	
615	-0.210261	0.011813	-0.374153	
616	-0.209807	0.011977	-0.373982	
617	-0.209141	0.012764	-0.374115	
618	-0.208515	0.012947	-0.374403	
619	-0.208272	0.012307	-0.375357	
620	-0.207399	0.012496	-0.375546	
621	-0.206222	0.013067	-0.375489	
622	-0.205232	0.013590	-0.375407	
623	-0.204669	0.014409	-0.375768	
624	-0.203209	0.014153	-0.375463	
625	-0.201855	0.013891	-0.375438	
626	-0.200674	0.014778	-0.375481	
627	-0.199185	0.014329	-0.375435	
628	-0.197407	0.012911	-0.375814	
629	-0.196226	0.013350	-0.375637	
630	-0.194436	0.013950	-0.375176	
631	-0.192700	0.013967	-0.375140	
632	-0.191118	0.012806	-0.375116	
633	-0.189183	0.012928	-0.374421	
634	-0.186932	0.013385	-0.373593	
635	-0.185197	0.013147	-0.373790	
636	-0.182917	0.012826	-0.373300	
637	-0.181108	0.013938	-0.372693	
638	-0.178732	0.013879	-0.372545	
639	-0.176226	0.013485	-0.371867	
640	-0.173387	0.012973	-0.371157	
641	-0.171261	0.013529	-0.371018	
642	-0.168561	0.012928	-0.370695	
643	-0.166049	0.013155	-0.369846	
644	-0.163355	0.013868	-0.369092	
645	-0.160931	0.013322	-0.368721	
646	-0.158185	0.012830	-0.367851	
647	-0.155944	0.013519	-0.366991	
648	-0.153331	0.013866	-0.366583	
649	-0.150582	0.013434	-0.365839	
650	-0.148006	0.012995	-0.365312	
651	-0.145585	0.012806	-0.365356	
652	-0.143342	0.013006	-0.365188	
653	-0.137630	0.012249	-0.363198	
654	-0.135388	0.012846	-0.362807	
655	-0.132513	0.012386	-0.361788	
656	-0.129718	0.012495	-0.360578	
657	-0.127243	0.012559	-0.360075	
658	-0.124618	0.012145	-0.359860	
659	-0.121980	0.012705	-0.358995	
660	-0.119013	0.012988	-0.357659	
661	-0.116423	0.012576	-0.357079	
662	-0.113892	0.013221	-0.356516	
663	-0.111387	0.014524	-0.355605	
664	-0.109342	0.016023	-0.355437	
665	-0.106654	0.016830	-0.354894	
666	-0.104268	0.017467	-0.354787	
667	-0.101866	0.018104	-0.354317	
668	-0.099568	0.019279	-0.354336	
669	-0.097251	0.019510	-0.354541	
670	-0.094583	0.019358	-0.354905	
671	-0.092362	0.020585	-0.355116	
672	-0.089756	0.021503	-0.355276	
673	-0.086966	0.020872	-0.355628	
674	-0.084429	0.020991	-0.356712	
675	-0.081997	0.022084	-0.356729	
676	-0.079211	0.022347	-0.357837	
677	-0.076579	0.022468	-0.358532	
678	-0.074188	0.023067	-0.359668	
679	-0.071338	0.022727	-0.360940	
680	-0.068669	0.022912	-0.362115	
681	-0.066097	0.023228	-0.363730	
682	-0.063162	0.023278	-0.364880	
683	-0.060320	0.023495	-0.366556	
684	-0.057743	0.025100	-0.367644	
685	-0.055012	0.026127	-0.369248	
686	-0.051955	0.026011	-0.371203	
687	-0.048881	0.025980	-0.373150	
688	-0.046059	0.026432	-0.375282	
689	-0.042830	0.025520	-0.377603	
690	-0.039397	0.024858	-0.379933	
691	-0.036338	0.024690	-0.382444	
692	-0.033440	0.025315	-0.384347	
693	-0.030404	0.025677	-0.386586	
694	-0.027337	0.026302	-0.388511	
695	-0.024456	0.026737	-0.390133	
696	-0.018721	0.025679	-0.394981	
697	-0.016282	0.026695	-0.396643	
698	-0.011655	0.027063	-0.400737	
699	-0.009622	0.027599	-0.402769	
700	-0.007389	0.028770	-0.404049	
701	-0.005429	0.029696	-0.405587	
702	-0.003243	0.029454	-0.407587	
703	-0.000782	0.029469	-0.409071	
704	0.001215	0.030445	-0.410418	
705	0.003322	0.030965	-0.411814	
706	0.005728	0.030185	-0.413473	
707	0.008262	0.030027	-0.415015	
708	0.010415	0.031004	-0.415818	
709	0.012834	0.031430	-0.416476	
710	0.015373	0.030642	-0.417827	
711	0.017777	0.031564	-0.418150	
712	0.020191	0.032615	-0.418452	
713	0.022713	0.031960	-0.419318	
714	0.025737	0.031011	-0.419932	
715	0.028675	0.030785	-0.420115	
716	0.031414	0.030903	-0.420307	
717	0.034111	0.030958	-0.420284	
718	0.037123	0.031626	-0.419824	
719	0.040277	0.031800	-0.419171	
720	0.043573	0.030598	-0.419218	
721	0.047174	0.030409	-0.418536	
722	0.050490	0.030066	-0.417904	
723	0.053973	0.030025	-0.416952	
724	0.057518	0.029883	-0.415920	
725	0.060809	0.030131	-0.415103	
726	0.064709	0.029081	-0.414017	
727	0.068644	0.028541	-0.412867	
728	0.072097	0.029122	-0.411413	
729	0.075280	0.029098	-0.410367	
730	0.079278	0.028757	-0.408766	
731	0.082582	0.028344	-0.407728	
732	0.085980	0.028037	-0.406950	
733	0.089630	0.027940	-0.405582	
734	0.092687	0.028111	-0.404566	
735	0.095649	0.028521	-0.403322	
736	0.098509	0.028621	-0.402347	
737	0.101382	0.028248	-0.401466	
738	0.103948	0.028868	-0.400340	
739	0.106508	0.029859	-0.398966	
740	0.108809	0.030153	-0.397932	
741	0.111383	0.029888	-0.397120	
742	0.113866	0.030057	-0.396188	
743	0.115941	0.030357	-0.395408	
744	0.118089	0.029599	-0.394937	
745	0.120126	0.029034	-0.394601	
746	0.121868	0.030160	-0.393520	
747	0.125549	0.029920	-0.391926	
748	0.127890	0.029650	-0.391022	
749	0.129595	0.029691	-0.390366	
750	0.131505	0.029168	-0.389884	
751	0.133526	0.028693	-0.389340	
752	0.135000	0.028848	-0.388954	
753	0.137282	0.028691	-0.388267	
754	0.139039	0.028664	-0.387762	
755	0.140412	0.029548	-0.387093	
756	0.142195	0.030394	-0.386272	
757	0.144177	0.030403	-0.386017	
758	0.146508	0.030176	-0.385689	
759	0.148717	0.030575	-0.384999	
760	0.150622	0.030877	-0.384807	
761	0.153048	0.030973	-0.384149	
762	0.155662	0.030685	-0.383899	
763	0.157897	0.031115	-0.383589	
764	0.160299	0.031229	-0.383213	
765	0.162887	0.030759	-0.383157	
766	0.165733	0.030175	-0.383021	
767	0.167818	0.030532	-0.382885	
768	0.169920	0.030123	-0.383170	
769	0.172089	0.029569	-0.383439	
770	0.174075	0.030432	-0.383440	
771	0.175403	0.030540	-0.383860	
772	0.177627	0.030109	-0.384058	
773	0.179611	0.029873	-0.384180	
774	0.181386	0.029644	-0.384471	
775	0.183125	0.029517	-0.384638	
776	0.184564	0.029870	-0.384775	
777	0.186051	0.028697	-0.385552	
778	0.187401	0.027936	-0.386208	
779	0.188505	0.027380	-0.386467	
780	0.189507	0.027038	-0.386842	
781	0.190377	0.026720	-0.387228	
782	0.191113	0.026590	-0.387624	
783	0.191502	0.026943	-0.387974	
784	0.192420	0.026965	-0.387983	
785	0.193384	0.026149	-0.388415	
786	0.194213	0.025580	-0.388719	
787	0.195175	0.024967	-0.388793	
788	0.196191	0.023950	-0.389095	
789	0.196936	0.022906	-0.389259	
790	0.197939	0.022432	-0.389256	
791	0.198958	0.021832	-0.389147	
792	0.199636	0.020819	-0.389272	
793	0.200541	0.019710	-0.389243	
794	0.201436	0.018814	-0.388760	
795	0.201830	0.017745	-0.388696	
796	0.202815	0.016461	-0.388227	
797	0.202822	0.015980	-0.388176	
798	0.203536	0.015453	-0.387714	
799	0.203897	0.015166	-0.387584	
800	0.204645	0.014907	-0.387047	
801	0.205611	0.014627	-0.386481	
802	0.206169	0.014154	-0.386208	
803	0.206947	0.013856	-0.385480	
804	0.207596	0.013562	-0.384995	
805	0.208230	0.013571	-0.384345	
806	0.209005	0.013348	-0.383863	
807	0.209722	0.013182	-0.383174	
808	0.210315	0.012916	-0.382679	
809	0.210905	0.013073	-0.381874	
810	0.211820	0.013167	-0.380976	
811	0.212534	0.013305	-0.380161	
812	0.213473	0.013185	-0.379449	
813	0.214383	0.013365	-0.378338	
814	0.215160	0.013434	-0.377396	
815	0.216068	0.013272	-0.376564	
816	0.216761	0.013379	-0.375640	
817	0.217410	0.013422	-0.374752	
818	0.217960	0.013480	-0.373729	
819	0.218258	0.013713	-0.372771	
820	0.218512	0.013841	-0.372054	
821	0.218456	0.014353	-0.371137	
822	0.218846	0.014769	-0.369882	
823	0.218790	0.015283	-0.368954	
824	0.218655	0.015660	-0.368169	
825	0.218475	0.015798	-0.367575	
826	0.218505	0.016392	-0.366575	
827	0.218160	0.017060	-0.365866	
828	0.217603	0.017030	-0.365478	
829	0.217327	0.017118	-0.364369	
830	0.215902	0.017109	-0.363283	
831	0.215855	0.017583	-0.361958	
832	0.214924	0.017711	-0.361304	
833	0.214450	0.017752	-0.360202	
834	0.213885	0.017639	-0.359202	
835	0.212800	0.017916	-0.358426	
836	0.211981	0.018326	-0.357421	
837	0.211011	0.018437	-0.356775	
838	0.209748	0.018447	-0.356533	
839	0.209001	0.019680	-0.355247	
840	0.207477	0.020456	-0.354269	
841	0.206363	0.021062	-0.353479	
842	0.205081	0.021041	-0.352974	
843	0.204060	0.021968	-0.351665	
844	0.202812	0.022323	-0.351325	
845	0.201491	0.022005	-0.350949	
846	0.200434	0.022054	-0.349971	
847	0.199309	0.022182	-0.349183	
848	0.198002	0.021820	-0.348917	
849	0.196994	0.022068	-0.347468	
850	0.195484	0.022052	-0.347616	
851	0.193654	0.022085	-0.348134	
852	0.192539	0.022702	-0.347383	
853	0.191239	0.023191	-0.346584	
854	0.190119	0.024659	-0.345009	
855	0.189015	0.025752	-0.343321	
856	0.187976	0.025656	-0.342383	
857	0.186732	0.026465	-0.341079	
858	0.185375	0.027089	-0.339452	
859	0.184178	0.027043	-0.337888	
860	0.182617	0.027268	-0.336688	
861	0.181366	0.027527	-0.334569	
862	0.179848	0.027309	-0.333097	
863	0.178056	0.027122	-0.330959	
864	0.176190	0.027493	-0.328772	
865	0.174135	0.027869	-0.326420	
866	0.172056	0.027277	-0.324591	
867	0.169645	0.026744	-0.322806	
868	0.167523	0.026079	-0.320418	
869	0.164847	0.025519	-0.318152	
870	0.162174	0.026048	-0.315548	
871	0.159256	0.026507	-0.312733	
872	0.156598	0.025152	-0.310443	
873	0.153884	0.024033	-0.308219	
874	0.150811	0.023319	-0.306160	
875	0.147799	0.022858	-0.303918	
876	0.144925	0.021984	-0.301414	
877	0.141780	0.021955	-0.298987	
878	0.138619	0.021118	-0.297277	
879	0.135701	0.020050	-0.294753	
880	0.132605	0.019991	-0.292717	
881	0.129702	0.019903	-0.290062	
882	0.126557	0.019651	-0.287795	
883	0.123862	0.018760	-0.285800	
884	0.120863	0.018148	-0.284057	
885	0.117932	0.018203	-0.281756	
886	0.115028	0.018126	-0.279898	
887	0.112294	0.018147	-0.277836	
888	0.109666	0.017647	-0.276102	
889	0.107107	0.017085	-0.274380	
890	0.104581	0.016302	-0.272614	
891	0.102076	0.015862	-0.270982	
892	0.099518	0.015259	-0.269377	
893	0.097125	0.014834	-0.267735	
894	0.094670	0.014412	-0.266325	
895	0.092276	0.014274	-0.264813	
896	0.090001	0.013750	-0.263619	
897	0.087504	0.012959	-0.262294	
898	0.084966	0.012753	-0.261382	
899	0.082458	0.012937	-0.260596	
900	0.080231	0.012896	-0.260297	
901	0.077926	0.012659	-0.259976	
902	0.075421	0.012855	-0.259424	
903	0.072989	0.012779	-0.258936	
904	0.070553	0.012394	-0.258298	
905	0.067945	0.012365	-0.257960	
906	0.065306	0.012565	-0.258095	
907	0.062667	0.012743	-0.258290	
908	0.060178	0.012891	-0.258406	
909	0.057523	0.012720	-0.258105	
910	0.054958	0.013056	-0.258491	
911	0.052535	0.012864	-0.258404	
912	0.049927	0.012487	-0.258030	
913	0.047289	0.012580	-0.257995	
914	0.044994	0.012918	-0.258442	
915	0.042673	0.013182	-0.258322	
916	0.040170	0.013673	-0.258410	
917	0.037989	0.013801	-0.258074	
918	0.035841	0.013414	-0.257781	
919	0.033948	0.013858	-0.257750	
920	0.032051	0.013487	-0.257512	
921	0.030532	0.013127	-0.256942	
922	0.028930	0.012857	-0.256687	
923	0.027399	0.012998	-0.256666	
924	0.025942	0.013326	-0.256527	
925	0.024569	0.012919	-0.256241	
926	0.023418	0.012756	-0.256111	
927	0.022359	0.011882	-0.255248	
928	0.021417	0.011830	-0.255004	
929	0.020511	0.011547	-0.254499	
930	0.019674	0.011137	-0.254065	
931	0.019062	0.011056	-0.253887	
932	0.018323	0.010578	-0.253330	
933	0.017870	0.010049	-0.252872	
934	0.017441	0.009594	-0.252813	
935	0.016994	0.009449	-0.252626	
936	0.016720	0.009425	-0.252678	
937	0.016482	0.009524	-0.252494	
938	0.016348	0.009194	-0.252618	
939	0.016366	0.008877	-0.252798	
940	0.016417	0.008477	-0.252570	
941	0.016390	0.007884	-0.252588	
942	0.016485	0.007702	-0.252768	
943	0.016621	0.007193	-0.252950	
944	0.016814	0.006919	-0.253147	
945	0.016840	0.006775	-0.253144	
946	0.016956	0.006537	-0.253059	
947	0.017011	0.006225	-0.253134	
948	0.017202	0.005943	-0.253332	
949	0.017522	0.005637	-0.253584	
950	0.017642	0.005304	-0.253560	
951	0.017832	0.005041	-0.253496	
952	0.018168	0.004823	-0.253847	
953	0.018394	0.004399	-0.253949	
954	0.018567	0.004477	-0.253918	
955	0.018885	0.004064	-0.254156	
956	0.019011	0.004200	-0.254420	
957	0.019227	0.004033	-0.254441	
958	0.019467	0.004028	-0.254627	
959	0.019615	0.003888	-0.254524	
960	0.019937	0.003757	-0.254709	
961	0.020170	0.003637	-0.254868	
962	0.020508	0.003816	-0.255098	
963	0.020780	0.003565	-0.255109	
964	0.021073	0.003469	-0.255209	
965	0.021355	0.003523	-0.255399	
966	0.021677	0.003586	-0.255605	
