0	0.000000	0.000000	0.000000	
1	0.000000	0.000000	0.000000	
2	0.000000	0.000000	0.000000	
3	0.000000	0.000000	0.000000	
4	-0.003751	-0.000948	0.001444	
5	-0.002751	-0.000289	0.000705	
6	-0.002837	-0.000152	0.001116	
7	-0.004243	-0.000297	0.001066	
8	-0.006139	0.000362	0.001212	
9	-0.006157	-0.000896	0.001828	
10	-0.007114	-0.000117	0.002561	
11	-0.007086	0.000291	0.001809	
12	-0.009521	0.000496	0.002462	
13	-0.009419	-0.000527	0.001913	
14	-0.012634	-0.001647	0.002706	
15	-0.011641	0.000225	0.001707	
16	-0.013690	0.001493	0.000290	
17	-0.015261	0.001396	0.001354	
18	-0.016768	0.001069	0.000958	
19	-0.019685	0.002174	0.000607	
20	-0.022676	0.001425	0.001016	
21	-0.028334	0.002237	0.000592	
22	-0.027644	0.003207	-0.001062	
23	-0.036161	0.001554	-0.001699	
24	-0.037175	0.000276	-0.002442	
25	-0.043386	0.001813	-0.001578	
26	-0.049059	0.002651	-0.003791	
27	-0.053949	0.000799	-0.003989	
28	-0.059963	0.000717	-0.006713	
29	-0.069453	0.001414	-0.004758	
30	-0.075874	0.000661	-0.006555	
31	-0.082772	0.000399	-0.008830	
32	-0.088190	0.000778	-0.009070	
33	-0.116541	0.001294	-0.009460	
34	-0.119877	0.000509	-0.012079	
35	-0.125499	-0.000351	-0.013814	
36	-0.136448	0.001714	-0.012634	
37	-0.148230	0.002275	-0.011822	
38	-0.151352	0.002810	-0.015216	
39	-0.161376	0.004514	-0.014523	
40	-0.171566	0.005587	-0.012725	
41	-0.185154	0.004351	-0.010566	
42	-0.191757	0.003818	-0.007113	
43	-0.198010	0.004453	-0.009210	
44	-0.206453	0.002485	-0.005486	
45	-0.212435	0.001820	-0.005376	
46	-0.215535	0.003881	-0.005742	
47	-0.219953	0.004019	-0.004572	
48	-0.227294	0.002953	-0.003767	
49	-0.241472	0.003200	0.001171	
50	-0.239880	0.003273	-0.001836	
51	-0.243815	0.002907	-0.002558	
52	-0.245799	0.005250	-0.005793	
53	-0.258846	0.006865	0.000010	
54	-0.261128	0.005993	-0.000286	
55	-0.281132	0.005610	0.008849	
56	-0.285960	0.008286	0.009468	
57	-0.295347	0.008894	0.012232	
58	-0.309415	0.006683	0.017967	
59	-0.312435	0.008405	0.016033	
60	-0.319258	0.009740	0.015811	
61	-0.342986	0.009225	0.026122	
62	-0.351562	0.010357	0.027308	
63	-0.364053	0.009099	0.031847	
64	-0.377799	0.009436	0.035598	
65	-0.388433	0.007975	0.037576	
66	-0.398661	0.005603	0.039853	
67	-0.409720	0.005882	0.039157	
68	-0.419133	0.005628	0.043629	
69	-0.428068	0.003805	0.043308	
70	-0.435323	0.003255	0.040226	
71	-0.451169	-0.001855	0.043142	
72	-0.461123	-0.003170	0.044801	
73	-0.463137	-0.004985	0.041680	
74	-0.464550	-0.008546	0.038895	
75	-0.462327	-0.011762	0.030794	
76	-0.462774	-0.012190	0.024010	
77	-0.460865	-0.013622	0.016816	
78	-0.467779	-0.016653	0.014658	
79	-0.471110	-0.019461	0.010936	
80	-0.483259	-0.018785	0.013895	
81	-0.491456	-0.018791	0.013441	
82	-0.499326	-0.020914	0.010294	
83	-0.511922	-0.019725	0.010558	
84	-0.525535	-0.020767	0.010920	
85	-0.540211	-0.021483	0.014918	
86	-0.550062	-0.020290	0.014625	
87	-0.563204	-0.020482	0.014922	
88	-0.572503	-0.020737	0.015072	
89	-0.580005	-0.018908	0.013830	
90	-0.594507	-0.017709	0.016845	
91	-0.609671	-0.019785	0.022037	
92	-0.614379	-0.018758	0.018634	
93	-0.621629	-0.016490	0.018227	
94	-0.634716	-0.017787	0.024783	
95	-0.644906	-0.017104	0.024341	
96	-0.650373	-0.014401	0.026245	
97	-0.664952	-0.013707	0.030312	
98	-0.670508	-0.015151	0.033444	
99	-0.678738	-0.014760	0.037522	
100	-0.687425	-0.013005	0.043497	
101	-0.690805	-0.011434	0.045172	
102	-0.701574	-0.010925	0.051798	
103	-0.714305	-0.009251	0.064566	
104	-0.717194	-0.009127	0.066363	
105	-0.723376	-0.009677	0.071436	
106	-0.723789	-0.006360	0.067752	
107	-0.733310	-0.005253	0.076212	
108	-0.735240	-0.005445	0.077280	
109	-0.743159	-0.004857	0.085661	
110	-0.749215	-0.003315	0.092398	
111	-0.757274	-0.003884	0.100233	
112	-0.761329	-0.003619	0.104454	
113	-0.771997	-0.003484	0.116781	
114	-0.772706	-0.003282	0.118619	
115	-0.782910	-0.005683	0.130669	
116	-0.790291	-0.008435	0.141092	
117	-0.795642	-0.006785	0.145262	
118	-0.801848	-0.006454	0.152265	
119	-0.808601	-0.007761	0.160513	
120	-0.818007	-0.007020	0.178308	
121	-0.819515	-0.008612	0.179046	
122	-0.825122	-0.012510	0.185435	
123	-0.834237	-0.013303	0.201331	
124	-0.838523	-0.013053	0.206294	
125	-0.843063	-0.014319	0.213591	
126	-0.852537	-0.015115	0.230537	
127	-0.857969	-0.015208	0.236271	
128	-0.861785	-0.015405	0.242940	
129	-0.870575	-0.015173	0.261061	
130	-0.874122	-0.015710	0.265123	
131	-0.874740	-0.015390	0.262855	
132	-0.884812	-0.015603	0.281894	
133	-0.893537	-0.018007	0.298239	
134	-0.896762	-0.018397	0.302155	
135	-0.903768	-0.018427	0.314211	
136	-0.909046	-0.018670	0.323432	
137	-0.914586	-0.017857	0.328151	
138	-0.920450	-0.015760	0.333249	
139	-0.929916	-0.016478	0.347565	
140	-0.935254	-0.017607	0.353011	
141	-0.944658	-0.017621	0.367722	
142	-0.949691	-0.019722	0.377721	
143	-0.956103	-0.021421	0.385556	
144	-0.961755	-0.020431	0.392338	
145	-0.967241	-0.020598	0.401703	
146	-0.977880	-0.019887	0.422700	
147	-0.978999	-0.019813	0.425955	
148	-0.983422	-0.020246	0.437074	
149	-0.986792	-0.020085	0.445821	
150	-0.990383	-0.020733	0.455653	
151	-0.993584	-0.021771	0.466516	
152	-0.996881	-0.020768	0.474828	
153	-1.001323	-0.020117	0.487220	
154	-1.003151	-0.019387	0.494874	
155	-1.007649	-0.020410	0.509735	
156	-1.010029	-0.020847	0.520617	
157	-1.012930	-0.021049	0.536979	
158	-1.013195	-0.020154	0.544646	
159	-1.014675	-0.021549	0.560066	
160	-1.014306	-0.021936	0.570753	
161	-1.014328	-0.020216	0.581667	
162	-1.014978	-0.021425	0.594622	
163	-1.015154	-0.022866	0.606476	
164	-1.016186	-0.024201	0.624387	
165	-1.015283	-0.024703	0.635800	
166	-1.013911	-0.026426	0.645878	
167	-1.013660	-0.026672	0.658473	
168	-1.013312	-0.024776	0.672621	
169	-1.015231	-0.026626	0.689844	
170	-1.014095	-0.029327	0.698930	
171	-1.013638	-0.030381	0.711875	
172	-1.014100	-0.032254	0.725740	
173	-1.015046	-0.033764	0.738443	
174	-1.014602	-0.034907	0.750349	
175	-1.015832	-0.035156	0.764889	
176	-1.014798	-0.032885	0.771883	
177	-1.013503	-0.032317	0.779135	
178	-1.013274	-0.034859	0.792727	
179	-1.012556	-0.037360	0.805736	
180	-1.010212	-0.038058	0.816485	
181	-1.010556	-0.037908	0.830445	
182	-1.012354	-0.038487	0.846711	
183	-1.010140	-0.038000	0.857306	
184	-1.008523	-0.038239	0.872686	
185	-1.008711	-0.038154	0.890958	
186	-1.005762	-0.038071	0.899541	
187	-1.003333	-0.041462	0.914844	
188	-1.001174	-0.044080	0.932571	
189	-0.998750	-0.042917	0.947138	
190	-0.997549	-0.045442	0.963350	
191	-0.993932	-0.051287	0.978508	
192	-0.993905	-0.051788	0.996678	
193	-0.994164	-0.047771	1.012948	
194	-0.992987	-0.047465	1.025640	
195	-0.991040	-0.051153	1.042486	
196	-0.989221	-0.054157	1.054198	
197	-0.988198	-0.058174	1.070844	
198	-0.986099	-0.058867	1.086398	
199	-0.986040	-0.057667	1.100261	
200	-0.985418	-0.058205	1.118902	
201	-0.982538	-0.058659	1.129178	
202	-0.980303	-0.060646	1.146465	
203	-0.978393	-0.060077	1.158969	
204	-0.975447	-0.058985	1.170788	
205	-0.972138	-0.059069	1.184419	
206	-0.967748	-0.061942	1.197846	
207	-0.963456	-0.063958	1.210649	
208	-0.958896	-0.065810	1.223629	
209	-0.953321	-0.066805	1.234683	
210	-0.948380	-0.064817	1.248344	
211	-0.941072	-0.067838	1.260018	
212	-0.934824	-0.071725	1.274449	
213	-0.927828	-0.072108	1.286846	
214	-0.920034	-0.071632	1.297323	
215	-0.910696	-0.075722	1.309155	
216	-0.901832	-0.078974	1.325951	
217	-0.893387	-0.078660	1.335244	
218	-0.883279	-0.081423	1.345798	
219	-0.872813	-0.086419	1.357409	
220	-0.863108	-0.087568	1.369430	
221	-0.853982	-0.089561	1.384104	
222	-0.843389	-0.092758	1.393578	
223	-0.832713	-0.095917	1.404312	
224	-0.822239	-0.098587	1.412458	
225	-0.811924	-0.102587	1.423792	
226	-0.799967	-0.108796	1.432474	
227	-0.788542	-0.114882	1.446074	
228	-0.777950	-0.119084	1.453758	
229	-0.767179	-0.123386	1.460588	
230	-0.757973	-0.124600	1.468132	
231	-0.748536	-0.127685	1.476523	
232	-0.739000	-0.130662	1.483803	
233	-0.729070	-0.134443	1.490858	
234	-0.719059	-0.137867	1.498059	
235	-0.709638	-0.140629	1.506594	
236	-0.699654	-0.144781	1.513069	
237	-0.688698	-0.150684	1.520964	
238	-0.677959	-0.155859	1.528396	
239	-0.667757	-0.160573	1.537145	
240	-0.658335	-0.161242	1.545954	
241	-0.648631	-0.163878	1.554508	
242	-0.637511	-0.169589	1.562401	
243	-0.626398	-0.176102	1.570492	
244	-0.615929	-0.178313	1.578770	
245	-0.605859	-0.181289	1.587603	
246	-0.596219	-0.181276	1.597657	
247	-0.586964	-0.183033	1.606194	
248	-0.577041	-0.185440	1.613881	
249	-0.567354	-0.187555	1.622890	
250	-0.557405	-0.190643	1.631605	
251	-0.548940	-0.189759	1.642165	
252	-0.541393	-0.186606	1.652053	
253	-0.531760	-0.190576	1.661171	
254	-0.520923	-0.197395	1.670154	
255	-0.509746	-0.202180	1.678583	
256	-0.500411	-0.201808	1.687279	
257	-0.490132	-0.206888	1.696092	
258	-0.479710	-0.210769	1.702547	
259	-0.469799	-0.212393	1.710953	
260	-0.460255	-0.212041	1.718170	
261	-0.450795	-0.212227	1.725235	
262	-0.440051	-0.213688	1.730963	
263	-0.429751	-0.213371	1.737117	
264	-0.418525	-0.215214	1.743465	
265	-0.406549	-0.217530	1.747727	
266	-0.395293	-0.216647	1.752010	
267	-0.384003	-0.216098	1.758158	
268	-0.372105	-0.215958	1.760619	
269	-0.346782	-0.220671	1.771071	
270	-0.332452	-0.224432	1.774550	
271	-0.320556	-0.222558	1.778126	
272	-0.307938	-0.223269	1.782993	
273	-0.294690	-0.224452	1.786662	
274	-0.281807	-0.224415	1.789558	
275	-0.268345	-0.226262	1.793429	
276	-0.254794	-0.227684	1.796863	
277	-0.241214	-0.229407	1.800469	
278	-0.227289	-0.231140	1.804408	
279	-0.213280	-0.233618	1.807800	
280	-0.200126	-0.234416	1.810587	
281	-0.188267	-0.233419	1.815402	
282	-0.175962	-0.234703	1.817980	
283	-0.163420	-0.236841	1.823355	
284	-0.151807	-0.237925	1.827762	
285	-0.141279	-0.237861	1.831887	
286	-0.131737	-0.237462	1.836058	
287	-0.122871	-0.237459	1.839936	
288	-0.114327	-0.237259	1.846537	
289	-0.106010	-0.237650	1.852511	
290	-0.098446	-0.236747	1.859518	
291	-0.090407	-0.237707	1.865442	
292	-0.083429	-0.237883	1.872316	
293	-0.077323	-0.237201	1.879545	
294	-0.071630	-0.237149	1.886606	
295	-0.065775	-0.237366	1.893063	
296	-0.060889	-0.236870	1.900668	
297	-0.055990	-0.236283	1.908725	
298	-0.050927	-0.236279	1.917138	
299	-0.045928	-0.237087	1.925519	
300	-0.041291	-0.237408	1.934712	
301	-0.037313	-0.237296	1.944725	
302	-0.033095	-0.237603	1.954572	
303	-0.029191	-0.237826	1.964984	
304	-0.025529	-0.237778	1.976196	
305	-0.021918	-0.237736	1.987828	
306	-0.018648	-0.238491	1.999333	
307	-0.016031	-0.238688	2.010842	
308	-0.014098	-0.238351	2.021749	
309	-0.012440	-0.237575	2.034018	
310	-0.010239	-0.238516	2.044569	
311	-0.007930	-0.238386	2.068391	
312	-0.007317	-0.238020	2.079076	
313	-0.007323	-0.236926	2.091492	
314	-0.006870	-0.237068	2.103007	
315	-0.006654	-0.237263	2.115216	
316	-0.007007	-0.236596	2.126519	
317	-0.007621	-0.235968	2.138117	
318	-0.008363	-0.236113	2.148101	
319	-0.009527	-0.236227	2.158135	
320	-0.011645	-0.234978	2.168698	
321	-0.013231	-0.235360	2.177897	
322	-0.015167	-0.234263	2.186236	
323	-0.017043	-0.233302	2.195419	
324	-0.018364	-0.234427	2.204285	
325	-0.020345	-0.233922	2.211039	
326	-0.022230	-0.234073	2.220595	
327	-0.022726	-0.236719	2.226740	
328	-0.024209	-0.237776	2.235851	
329	-0.026150	-0.237822	2.243269	
330	-0.027760	-0.238869	2.252807	
331	-0.029539	-0.239320	2.261161	
332	-0.031620	-0.239530	2.270347	
333	-0.033751	-0.239192	2.278402	
334	-0.035729	-0.240358	2.286940	
335	-0.037106	-0.242153	2.294945	
336	-0.038749	-0.244265	2.302369	
337	-0.040519	-0.246014	2.308234	
338	-0.042906	-0.245813	2.313772	
339	-0.045352	-0.245519	2.318739	
340	-0.047335	-0.246196	2.323842	
341	-0.049384	-0.246686	2.329323	
342	-0.051332	-0.246836	2.333874	
343	-0.052212	-0.248403	2.339609	
344	-0.054138	-0.248357	2.344686	
345	-0.055622	-0.247941	2.350013	
346	-0.057878	-0.246234	2.354698	
347	-0.058353	-0.248432	2.360520	
348	-0.059875	-0.248562	2.366186	
349	-0.061898	-0.246628	2.374907	
350	-0.061873	-0.247680	2.379556	
351	-0.062553	-0.246924	2.384115	
352	-0.062740	-0.245974	2.388651	
353	-0.062419	-0.246723	2.393284	
354	-0.062846	-0.245049	2.398255	
355	-0.062644	-0.244726	2.402637	
356	-0.062083	-0.246089	2.408255	
357	-0.062342	-0.244724	2.413767	
358	-0.063103	-0.242938	2.419095	
359	-0.063321	-0.240849	2.425412	
360	-0.063303	-0.241416	2.431752	
361	-0.063202	-0.241578	2.438402	
362	-0.062940	-0.241917	2.445761	
363	-0.063407	-0.241603	2.452714	
364	-0.063898	-0.240772	2.459784	
365	-0.063963	-0.241475	2.467680	
366	-0.064051	-0.242301	2.474868	
367	-0.064182	-0.242599	2.482630	
368	-0.064917	-0.243378	2.489722	
369	-0.065037	-0.243434	2.497798	
370	-0.065266	-0.243144	2.504966	
371	-0.065386	-0.243138	2.511921	
372	-0.065555	-0.242147	2.519526	
373	-0.065859	-0.242223	2.526605	
374	-0.065559	-0.241445	2.533757	
375	-0.064636	-0.243228	2.541010	
376	-0.062282	-0.244413	2.554256	
377	-0.060646	-0.245715	2.560702	
378	-0.058684	-0.246058	2.566682	
379	-0.056163	-0.246987	2.571994	
380	-0.053963	-0.248124	2.577009	
381	-0.051809	-0.248410	2.581881	
382	-0.049146	-0.249139	2.586627	
383	-0.046505	-0.249736	2.590408	
384	-0.043981	-0.249466	2.593088	
385	-0.040962	-0.250083	2.595419	
386	-0.037454	-0.252173	2.597549	
387	-0.034515	-0.253173	2.598664	
388	-0.031883	-0.253658	2.599756	
389	-0.028161	-0.256415	2.601088	
390	-0.024932	-0.256912	2.602684	
391	-0.022358	-0.256548	2.603152	
392	-0.020255	-0.255225	2.603988	
393	-0.018218	-0.253397	2.605229	
394	-0.015039	-0.253736	2.605927	
395	-0.011276	-0.254056	2.606375	
396	-0.008449	-0.253261	2.606570	
397	-0.005576	-0.251482	2.606236	
398	-0.001065	-0.252959	2.605149	
399	0.003369	-0.254124	2.606015	
400	0.007722	-0.254546	2.607527	
401	0.013262	-0.255193	2.608111	
402	0.017818	-0.254620	2.610477	
403	0.022665	-0.255083	2.609149	
404	0.028209	-0.255740	2.611067	
405	0.034121	-0.257380	2.613809	
406	0.039271	-0.258295	2.616540	
407	0.044478	-0.258875	2.619055	
408	0.051089	-0.262404	2.620382	
409	0.057369	-0.265514	2.625714	
410	0.061162	-0.264282	2.628885	
411	0.066212	-0.264035	2.635144	
412	0.072615	-0.265602	2.640520	
413	0.077416	-0.263569	2.643591	
414	0.080500	-0.257674	2.649058	
415	0.087033	-0.257801	2.655177	
416	0.093103	-0.259415	2.656148	
417	0.095832	-0.256114	2.658345	
418	0.103468	-0.259228	2.663796	
419	0.109626	-0.262296	2.659961	
420	0.114179	-0.257737	2.663618	
421	0.122236	-0.251163	2.663872	
422	0.129546	-0.250302	2.664693	
423	0.134859	-0.247421	2.662361	
424	0.143384	-0.248203	2.661219	
425	0.152294	-0.248363	2.660670	
426	0.156936	-0.244629	2.653424	
427	0.166832	-0.242736	2.650454	
428	0.177325	-0.241801	2.648391	
429	0.185924	-0.238006	2.642420	
430	0.195710	-0.233554	2.639805	
431	0.207290	-0.232169	2.634478	
432	0.219785	-0.230958	2.631430	
433	0.229574	-0.226206	2.622477	
434	0.242720	-0.225521	2.617541	
435	0.257846	-0.229611	2.608414	
436	0.275679	-0.234706	2.601102	
437	0.289562	-0.235850	2.594267	
438	0.296511	-0.230185	2.582303	
439	0.302084	-0.222116	2.572895	
440	0.310784	-0.214773	2.567189	
441	0.324292	-0.215792	2.557887	
442	0.349469	-0.220188	2.539819	
443	0.360006	-0.219306	2.529590	
444	0.369844	-0.216549	2.521963	
445	0.380159	-0.216606	2.512849	
446	0.387600	-0.213596	2.504298	
447	0.395709	-0.211766	2.497474	
448	0.403598	-0.209618	2.489609	
449	0.410629	-0.205330	2.483659	
450	0.420310	-0.205421	2.477811	
451	0.430509	-0.205042	2.471608	
452	0.438221	-0.201846	2.464639	
453	0.448242	-0.201014	2.459388	
454	0.458683	-0.200041	2.454115	
455	0.467319	-0.197305	2.447443	
456	0.476747	-0.194368	2.442620	
457	0.488882	-0.195454	2.440007	
458	0.501883	-0.198079	2.433700	
459	0.510208	-0.194106	2.429769	
460	0.521815	-0.192306	2.427083	
461	0.533257	-0.193081	2.421436	
462	0.542434	-0.191213	2.415220	
463	0.550366	-0.187732	2.412297	
464	0.558152	-0.183688	2.409100	
465	0.571349	-0.184617	2.406505	
466	0.582810	-0.183054	2.403913	
467	0.592801	-0.179793	2.403231	
468	0.602202	-0.178125	2.401982	
469	0.611849	-0.174798	2.401926	
470	0.622703	-0.173398	2.399811	
471	0.633004	-0.173951	2.396721	
472	0.643035	-0.173934	2.392820	
473	0.648813	-0.172487	2.385406	
474	0.657110	-0.170669	2.383139	
475	0.667193	-0.170395	2.380568	
476	0.675538	-0.170452	2.372641	
477	0.688305	-0.169510	2.375841	
478	0.695354	-0.167002	2.374654	
479	0.705956	-0.164945	2.376644	
480	0.714074	-0.166742	2.370867	
481	0.724086	-0.166239	2.372219	
482	0.732687	-0.164198	2.370953	
483	0.737601	-0.163574	2.366417	
484	0.746823	-0.166587	2.362049	
485	0.755864	-0.169533	2.359637	
486	0.761657	-0.166455	2.356826	
487	0.760816	-0.163941	2.349157	
488	0.765802	-0.163280	2.344917	
489	0.769575	-0.162449	2.336628	
490	0.775103	-0.161506	2.332205	
491	0.775323	-0.162113	2.320715	
492	0.777354	-0.161061	2.309658	
493	0.778749	-0.156393	2.302478	
494	0.778736	-0.153306	2.291918	
495	0.777675	-0.153334	2.284754	
496	0.780878	-0.150167	2.278429	
497	0.779434	-0.148953	2.267499	
498	0.780403	-0.147765	2.261030	
499	0.780428	-0.146348	2.250734	
500	0.781356	-0.144524	2.240150	
501	0.784782	-0.142314	2.234143	
502	0.786875	-0.142292	2.221307	
503	0.785631	-0.138968	2.210795	
504	0.781853	-0.137154	2.197899	
505	0.781620	-0.139727	2.188992	
506	0.781865	-0.140628	2.177693	
507	0.774392	-0.138231	2.168094	
508	0.777996	-0.136866	2.158494	
509	0.782476	-0.137928	2.143652	
510	0.785325	-0.141647	2.131319	
511	0.782051	-0.142262	2.118416	
512	0.786994	-0.140800	2.107268	
513	0.788534	-0.142197	2.095675	
514	0.793842	-0.144388	2.083304	
515	0.796863	-0.143512	2.069812	
516	0.792488	-0.141115	2.070953	
517	0.806902	-0.141545	2.050146	
518	0.797784	-0.144127	2.054281	
519	0.790703	-0.145843	2.054496	
520	0.788257	-0.143761	2.046903	
521	0.790211	-0.140213	2.040383	
522	0.779776	-0.139007	2.046118	
523	0.796580	-0.139266	2.024568	
524	0.796205	-0.138556	2.019571	
525	0.803957	-0.135030	2.006564	
526	0.805153	-0.135477	1.997468	
527	0.807820	-0.134900	1.992699	
528	0.820990	-0.132882	1.972142	
529	0.817602	-0.133252	1.970416	
530	0.825736	-0.131980	1.955245	
531	0.826209	-0.130623	1.947188	
532	0.824703	-0.129535	1.942103	
533	0.832132	-0.127934	1.926821	
534	0.837573	-0.129926	1.911946	
535	0.835110	-0.129058	1.908088	
536	0.842971	-0.127571	1.891044	
537	0.843027	-0.127346	1.882763	
538	0.841207	-0.126902	1.874962	
539	0.844145	-0.128035	1.860521	
540	0.844959	-0.129889	1.851142	
541	0.847446	-0.127820	1.838134	
542	0.848398	-0.125177	1.832834	
543	0.848957	-0.125963	1.822732	
544	0.851590	-0.124473	1.810864	
545	0.852955	-0.125199	1.804325	
546	0.855033	-0.126840	1.792489	
547	0.851867	-0.127034	1.788941	
548	0.853032	-0.126248	1.782527	
549	0.852502	-0.128588	1.775895	
550	0.852924	-0.128515	1.767951	
551	0.855908	-0.129932	1.759886	
552	0.854576	-0.129809	1.757468	
553	0.855174	-0.128154	1.750438	
554	0.855644	-0.130844	1.742587	
555	0.855479	-0.133475	1.733995	
556	0.854841	-0.130779	1.729922	
557	0.852859	-0.128174	1.723991	
558	0.852305	-0.130730	1.718785	
559	0.850972	-0.130732	1.715610	
560	0.854116	-0.129771	1.707435	
561	0.852579	-0.131081	1.704479	
562	0.854539	-0.131168	1.695192	
563	0.854891	-0.129139	1.689424	
564	0.858156	-0.126519	1.678109	
565	0.858876	-0.125599	1.671610	
566	0.860274	-0.125177	1.665164	
567	0.862567	-0.122985	1.656442	
568	0.864551	-0.121284	1.646118	
569	0.863397	-0.123699	1.636240	
570	0.862140	-0.124997	1.627839	
571	0.862113	-0.120841	1.619245	
572	0.861545	-0.120154	1.609904	
573	0.858847	-0.121492	1.602994	
574	0.857612	-0.118335	1.593499	
575	0.856786	-0.114751	1.586239	
576	0.855307	-0.116405	1.576630	
577	0.854432	-0.115752	1.567150	
578	0.853904	-0.112962	1.557981	
579	0.853354	-0.111915	1.547776	
580	0.851833	-0.111923	1.538474	
581	0.850462	-0.109755	1.527414	
582	0.850286	-0.106467	1.517954	
583	0.848287	-0.106877	1.506631	
584	0.846991	-0.106098	1.495272	
585	0.846594	-0.102773	1.484280	
586	0.845217	-0.102091	1.474660	
587	0.842516	-0.104101	1.447279	
588	0.840625	-0.105426	1.437450	
589	0.838305	-0.107069	1.425928	
590	0.837109	-0.104764	1.414588	
591	0.835973	-0.102291	1.400738	
592	0.834160	-0.102240	1.388244	
593	0.832666	-0.102066	1.376339	
594	0.830077	-0.101028	1.367311	
595	0.828279	-0.102436	1.354329	
596	0.825526	-0.104192	1.343867	
597	0.823846	-0.104001	1.330193	
598	0.820796	-0.106004	1.320073	
599	0.818738	-0.106124	1.308717	
600	0.815743	-0.106246	1.298454	
601	0.813747	-0.106225	1.285881	
602	0.810321	-0.106524	1.276900	
603	0.807019	-0.107147	1.268690	
604	0.804168	-0.106197	1.259981	
605	0.801713	-0.103722	1.252302	
606	0.799542	-0.103084	1.239615	
607	0.796470	-0.104582	1.230826	
608	0.794851	-0.101738	1.221795	
609	0.792821	-0.097892	1.213549	
610	0.791442	-0.097010	1.199903	
611	0.788533	-0.097373	1.190728	
612	0.786377	-0.095378	1.183286	
613	0.784518	-0.092978	1.170267	
614	0.783150	-0.091623	1.161870	
615	0.781658	-0.088815	1.150819	
616	0.779742	-0.087173	1.139972	
617	0.778632	-0.085304	1.127063	
618	0.777461	-0.084442	1.111779	
619	0.774570	-0.085275	1.102839	
620	0.772896	-0.084745	1.092457	
621	0.770970	-0.082668	1.081689	
622	0.768665	-0.083266	1.070994	
623	0.765712	-0.084091	1.059803	
624	0.762934	-0.082451	1.049835	
625	0.761004	-0.080376	1.040487	
626	0.758209	-0.080150	1.030379	
627	0.754424	-0.081991	1.020691	
628	0.751840	-0.081268	1.014517	
629	0.747967	-0.081059	1.004946	
630	0.743994	-0.082176	0.996584	
631	0.740257	-0.081000	0.990844	
632	0.736248	-0.081967	0.980386	
633	0.731070	-0.083486	0.972560	
634	0.727045	-0.083389	0.967153	
635	0.723629	-0.081795	0.958096	
636	0.719170	-0.082163	0.950957	
637	0.715855	-0.080528	0.943254	
638	0.710755	-0.078418	0.937244	
639	0.706652	-0.077091	0.931177	
640	0.701604	-0.076010	0.924819	
641	0.696235	-0.074796	0.919735	
642	0.691567	-0.073092	0.913321	
643	0.685891	-0.072100	0.908350	
644	0.680929	-0.070046	0.902075	
645	0.674513	-0.068545	0.898264	
646	0.667187	-0.068922	0.892570	
647	0.660471	-0.068261	0.888203	
648	0.653338	-0.065461	0.883520	
649	0.639323	-0.058492	0.874865	
650	0.621889	-0.058477	0.864574	
651	0.612516	-0.059186	0.858792	
652	0.602250	-0.062353	0.854453	
653	0.591974	-0.061982	0.850825	
654	0.582520	-0.059739	0.844745	
655	0.571718	-0.060236	0.841238	
656	0.561154	-0.060469	0.837585	
657	0.549930	-0.061790	0.832814	
658	0.538165	-0.064543	0.829705	
659	0.527362	-0.065651	0.826194	
660	0.515322	-0.068087	0.821902	
661	0.503493	-0.071373	0.820080	
662	0.492823	-0.070895	0.816974	
663	0.482665	-0.067948	0.811152	
664	0.472112	-0.068462	0.808335	
665	0.461015	-0.070569	0.804832	
666	0.450366	-0.073477	0.803240	
667	0.439333	-0.077584	0.800061	
668	0.428387	-0.078907	0.797127	
669	0.418762	-0.078556	0.794316	
670	0.409250	-0.078753	0.790422	
671	0.399652	-0.081379	0.786383	
672	0.390718	-0.081910	0.783029	
673	0.381932	-0.082942	0.779071	
674	0.373252	-0.084880	0.776554	
675	0.364146	-0.089118	0.772717	
676	0.355460	-0.092104	0.770756	
677	0.347281	-0.094100	0.767367	
678	0.338406	-0.096136	0.763728	
679	0.330619	-0.096025	0.758718	
680	0.322599	-0.097336	0.755249	
681	0.314393	-0.100911	0.751331	
682	0.306471	-0.103679	0.747284	
683	0.298187	-0.104816	0.743227	
684	0.290499	-0.105546	0.737842	
685	0.281971	-0.109118	0.732472	
686	0.273860	-0.112591	0.727103	
687	0.265581	-0.114255	0.721683	
688	0.257293	-0.115913	0.716264	
689	0.249463	-0.117313	0.709714	
690	0.240665	-0.121598	0.703700	
691	0.232043	-0.125289	0.697402	
692	0.224284	-0.125764	0.690247	
693	0.216908	-0.125014	0.682184	
694	0.209925	-0.124209	0.675045	
695	0.202305	-0.126491	0.667784	
696	0.194355	-0.129764	0.660716	
697	0.185514	-0.134129	0.654410	
698	0.177291	-0.138114	0.648321	
699	0.168719	-0.141215	0.641428	
700	0.160636	-0.143515	0.635140	
701	0.152740	-0.144731	0.628609	
702	0.145658	-0.145792	0.623545	
703	0.136892	-0.152026	0.618881	
704	0.128558	-0.156284	0.614218	
705	0.121379	-0.156271	0.609957	
706	0.113641	-0.159789	0.606048	
707	0.105447	-0.164240	0.602702	
708	0.099227	-0.161571	0.599328	
709	0.092481	-0.162821	0.595647	
710	0.083991	-0.170786	0.593600	
711	0.076127	-0.173254	0.591057	
712	0.071162	-0.169847	0.590167	
713	0.062845	-0.177315	0.589518	
714	0.054097	-0.184142	0.588999	
715	0.047373	-0.185938	0.591064	
716	0.040930	-0.187536	0.593693	
717	0.033584	-0.192240	0.596582	
718	0.025863	-0.195457	0.598500	
719	0.018417	-0.197809	0.602183	
720	0.011541	-0.198729	0.606784	
721	0.003725	-0.201136	0.610955	
722	-0.003922	-0.202419	0.616340	
723	-0.012159	-0.204766	0.621555	
724	-0.020767	-0.207438	0.627064	
725	-0.028840	-0.208769	0.633024	
726	-0.038009	-0.210889	0.638816	
727	-0.046781	-0.213292	0.645392	
728	-0.055511	-0.215952	0.652431	
729	-0.064161	-0.217157	0.659078	
730	-0.073424	-0.219754	0.665289	
731	-0.083441	-0.224032	0.671856	
732	-0.093073	-0.227374	0.679815	
733	-0.102219	-0.231070	0.688738	
734	-0.111101	-0.234577	0.697090	
735	-0.119731	-0.238920	0.705858	
736	-0.128025	-0.242292	0.714302	
737	-0.136517	-0.245907	0.722757	
738	-0.144325	-0.248896	0.731415	
739	-0.151386	-0.251589	0.739870	
740	-0.158566	-0.255849	0.748307	
741	-0.164770	-0.259554	0.757285	
742	-0.169620	-0.260594	0.765466	
743	-0.174594	-0.262577	0.772384	
744	-0.179786	-0.265281	0.778778	
745	-0.184601	-0.267134	0.785034	
746	-0.189857	-0.270195	0.790737	
747	-0.194862	-0.273784	0.796645	
748	-0.199144	-0.276685	0.802303	
749	-0.203224	-0.279488	0.807523	
750	-0.207020	-0.281608	0.812186	
751	-0.210590	-0.284280	0.816481	
752	-0.214294	-0.286230	0.820168	
753	-0.217890	-0.288334	0.823732	
754	-0.221957	-0.289739	0.827019	
755	-0.226211	-0.292505	0.830664	
756	-0.231027	-0.295555	0.833669	
757	-0.235921	-0.297307	0.837240	
758	-0.241442	-0.300333	0.840721	
759	-0.247800	-0.305173	0.843886	
760	-0.254157	-0.308621	0.846600	
761	-0.260955	-0.312269	0.848782	
762	-0.268270	-0.316246	0.851012	
763	-0.276015	-0.320076	0.853201	
764	-0.283726	-0.324090	0.855423	
765	-0.291505	-0.327617	0.857699	
766	-0.300001	-0.331612	0.859521	
767	-0.308308	-0.335239	0.861582	
768	-0.316660	-0.339478	0.863723	
769	-0.325096	-0.343738	0.865805	
770	-0.333563	-0.347506	0.867447	
771	-0.341898	-0.350028	0.869205	
772	-0.350383	-0.353089	0.870998	
773	-0.358443	-0.355492	0.873082	
774	-0.366827	-0.356999	0.874437	
775	-0.375394	-0.358924	0.875939	
776	-0.383865	-0.362116	0.877274	
777	-0.392167	-0.365442	0.878342	
778	-0.400049	-0.367669	0.879885	
779	-0.407752	-0.370248	0.881349	
780	-0.415521	-0.372612	0.882240	
781	-0.422744	-0.373938	0.883384	
782	-0.429942	-0.375618	0.884702	
783	-0.436629	-0.376851	0.885992	
784	-0.442980	-0.377452	0.887142	
785	-0.449372	-0.378357	0.888355	
786	-0.455176	-0.380305	0.889410	
787	-0.460316	-0.381197	0.891030	
788	-0.465634	-0.381241	0.892066	
789	-0.470717	-0.381414	0.893452	
790	-0.475537	-0.381681	0.894546	
791	-0.479755	-0.381318	0.895829	
792	-0.483598	-0.380506	0.897059	
793	-0.486901	-0.379408	0.898370	
794	-0.490146	-0.378399	0.899576	
795	-0.493243	-0.377310	0.901149	
796	-0.495615	-0.376204	0.902722	
797	-0.498468	-0.374688	0.903912	
798	-0.501071	-0.372912	0.905152	
799	-0.503378	-0.370931	0.906570	
800	-0.505381	-0.369228	0.908531	
801	-0.507414	-0.367164	0.910310	
802	-0.508247	-0.366852	0.912827	
803	-0.509332	-0.366088	0.914800	
804	-0.510335	-0.364400	0.916958	
805	-0.511580	-0.362847	0.918619	
806	-0.512161	-0.359771	0.920552	
807	-0.513302	-0.357372	0.922730	
808	-0.513526	-0.353692	0.925065	
809	-0.514287	-0.351315	0.927159	
810	-0.515323	-0.347515	0.929161	
811	-0.516055	-0.344040	0.931323	
812	-0.516265	-0.341485	0.934290	
813	-0.516835	-0.338643	0.937145	
814	-0.517639	-0.335638	0.939809	
815	-0.517838	-0.331386	0.943131	
816	-0.518610	-0.327969	0.945940	
817	-0.519168	-0.324355	0.949613	
818	-0.519369	-0.322419	0.953869	
819	-0.519949	-0.320019	0.958116	
820	-0.519399	-0.318026	0.963664	
821	-0.519624	-0.315493	0.968560	
822	-0.520204	-0.313477	0.973560	
823	-0.520594	-0.312601	0.979362	
824	-0.520958	-0.310224	0.985263	
825	-0.521441	-0.308956	0.991325	
826	-0.522065	-0.305794	0.997109	
827	-0.522376	-0.302024	1.002643	
828	-0.523147	-0.298893	1.008738	
829	-0.523759	-0.295537	1.014534	
830	-0.523639	-0.290600	1.021241	
831	-0.524345	-0.286533	1.027603	
832	-0.525313	-0.283261	1.034330	
833	-0.526107	-0.278202	1.040790	
834	-0.527448	-0.275552	1.046921	
835	-0.528248	-0.272047	1.053494	
836	-0.529424	-0.269510	1.059814	
837	-0.529830	-0.264750	1.065740	
838	-0.530338	-0.262273	1.072133	
839	-0.532597	-0.259795	1.076620	
840	-0.534068	-0.257867	1.081886	
841	-0.535539	-0.255717	1.086868	
842	-0.536612	-0.252317	1.092049	
843	-0.537399	-0.247549	1.096820	
844	-0.537560	-0.244314	1.101949	
845	-0.538806	-0.242117	1.106373	
846	-0.539770	-0.237530	1.109864	
847	-0.540730	-0.234069	1.113826	
848	-0.541552	-0.228739	1.117307	
849	-0.542486	-0.225209	1.120801	
850	-0.543453	-0.222349	1.124692	
851	-0.543205	-0.217258	1.128521	
852	-0.544210	-0.213517	1.131416	
853	-0.544618	-0.211060	1.134799	
854	-0.544465	-0.207968	1.138168	
855	-0.544982	-0.205103	1.140946	
856	-0.546086	-0.204115	1.143754	
857	-0.547360	-0.202043	1.146011	
858	-0.547075	-0.196044	1.147974	
859	-0.547751	-0.191339	1.149376	
860	-0.548120	-0.188163	1.151798	
861	-0.548298	-0.184281	1.153702	
862	-0.548365	-0.178214	1.154876	
863	-0.548205	-0.174996	1.156622	
864	-0.549224	-0.174023	1.158261	
865	-0.550497	-0.172667	1.159325	
866	-0.550334	-0.170097	1.160935	
867	-0.550962	-0.166416	1.161673	
868	-0.550400	-0.163099	1.162726	
869	-0.551381	-0.160596	1.163157	
870	-0.552400	-0.158883	1.163852	
871	-0.553541	-0.155806	1.164427	
872	-0.553948	-0.153829	1.165859	
873	-0.554666	-0.152565	1.167011	
874	-0.556167	-0.152751	1.168517	
875	-0.556968	-0.151964	1.169825	
876	-0.557797	-0.151609	1.171267	
877	-0.558874	-0.151921	1.172366	
878	-0.559654	-0.150892	1.173531	
879	-0.560343	-0.151828	1.174827	
880	-0.561357	-0.151636	1.176172	
881	-0.560830	-0.147702	1.176800	
