0	0.000000	0.000000	0.000000	
1	0.000000	0.000000	0.000000	
2	0.000000	0.000000	0.000000	
3	0.000000	0.000000	0.000000	
4	-0.003751	-0.000948	0.001444	
5	-0.002754	-0.000289	0.000706	
6	-0.002833	-0.000063	0.001136	
7	-0.004240	-0.000201	0.001073	
8	-0.006124	0.000285	0.001208	
9	-0.006175	-0.000878	0.001859	
10	-0.007109	0.000021	0.002602	
11	-0.007063	0.000329	0.001862	
12	-0.009501	0.000407	0.002502	
13	-0.009413	-0.000659	0.001903	
14	-0.012580	-0.001718	0.002725	
15	-0.011635	0.000155	0.001715	
16	-0.013698	0.001408	0.000319	
17	-0.015262	0.001197	0.001346	
18	-0.016750	0.001188	0.000978	
19	-0.019701	0.002142	0.000605	
20	-0.022709	0.001460	0.001034	
21	-0.028335	0.002155	0.000599	
22	-0.027662	0.002991	-0.001070	
23	-0.036134	0.001677	-0.001678	
24	-0.037158	0.000300	-0.002435	
25	-0.043391	0.001971	-0.001508	
26	-0.049085	0.002771	-0.003727	
27	-0.053928	0.000953	-0.003957	
28	-0.059974	0.000531	-0.006752	
29	-0.069463	0.001337	-0.004754	
30	-0.075885	0.000587	-0.006508	
31	-0.082748	0.000327	-0.008814	
32	-0.088180	0.000696	-0.009056	
33	-0.116520	0.001324	-0.009447	
34	-0.119934	0.000637	-0.012079	
35	-0.125515	-0.000310	-0.013809	
36	-0.136332	0.001661	-0.012541	
37	-0.148287	0.002282	-0.011820	
38	-0.151333	0.002923	-0.015197	
39	-0.161265	0.004509	-0.014450	
40	-0.171569	0.005712	-0.012701	
41	-0.185097	0.004147	-0.010499	
42	-0.191754	0.003716	-0.007109	
43	-0.198014	0.004575	-0.009191	
44	-0.206591	0.002500	-0.005525	
45	-0.212591	0.001841	-0.005427	
46	-0.215438	0.003826	-0.005666	
47	-0.219940	0.004125	-0.004541	
48	-0.227355	0.002848	-0.003773	
49	-0.241495	0.003152	0.001168	
50	-0.239980	0.003420	-0.001852	
51	-0.243899	0.002903	-0.002584	
52	-0.245883	0.005404	-0.005805	
53	-0.258899	0.006720	0.000015	
54	-0.261246	0.006169	-0.000291	
55	-0.281113	0.005576	0.008883	
56	-0.285929	0.008308	0.009497	
57	-0.295352	0.008977	0.012247	
58	-0.309455	0.006635	0.017954	
59	-0.312473	0.008260	0.016026	
60	-0.319272	0.009765	0.015819	
61	-0.342978	0.009268	0.026130	
62	-0.351545	0.010365	0.027305	
63	-0.364094	0.009095	0.031879	
64	-0.377821	0.009337	0.035616	
65	-0.388454	0.008015	0.037590	
66	-0.398660	0.005569	0.039864	
67	-0.409747	0.005843	0.039177	
68	-0.419209	0.005666	0.043672	
69	-0.428051	0.003669	0.043287	
70	-0.435363	0.003157	0.040244	
71	-0.451188	-0.001980	0.043139	
72	-0.461125	-0.003242	0.044840	
73	-0.463154	-0.004938	0.041693	
74	-0.464578	-0.008625	0.038932	
75	-0.462317	-0.011897	0.030801	
76	-0.462815	-0.012123	0.024025	
77	-0.460890	-0.013524	0.016846	
78	-0.467834	-0.016665	0.014667	
79	-0.471194	-0.019621	0.010951	
80	-0.483315	-0.018702	0.013906	
81	-0.491567	-0.018733	0.013429	
82	-0.499274	-0.020884	0.010329	
83	-0.511994	-0.019737	0.010555	
84	-0.525494	-0.020778	0.010942	
85	-0.540147	-0.021437	0.014962	
86	-0.550085	-0.020322	0.014656	
87	-0.563168	-0.020541	0.014940	
88	-0.572508	-0.020754	0.015089	
89	-0.580071	-0.018907	0.013857	
90	-0.594508	-0.017784	0.016855	
91	-0.609623	-0.019723	0.022071	
92	-0.614362	-0.018676	0.018688	
93	-0.621677	-0.016366	0.018231	
94	-0.634800	-0.017777	0.024764	
95	-0.644956	-0.017289	0.024339	
96	-0.650352	-0.014551	0.026248	
97	-0.664996	-0.013783	0.030323	
98	-0.670483	-0.015059	0.033493	
99	-0.678747	-0.014767	0.037524	
100	-0.687394	-0.012928	0.043552	
101	-0.690873	-0.011484	0.045180	
102	-0.701554	-0.010944	0.051805	
103	-0.714241	-0.009160	0.064595	
104	-0.717169	-0.009048	0.066396	
105	-0.723483	-0.009627	0.071435	
106	-0.723856	-0.006454	0.067758	
107	-0.733419	-0.005345	0.076216	
108	-0.735100	-0.005328	0.077321	
109	-0.743021	-0.004685	0.085709	
110	-0.749216	-0.003327	0.092416	
111	-0.757227	-0.003775	0.100275	
112	-0.761292	-0.003764	0.104484	
113	-0.772115	-0.003334	0.116787	
114	-0.772676	-0.003205	0.118634	
115	-0.782924	-0.005684	0.130676	
116	-0.790309	-0.008525	0.141091	
117	-0.795649	-0.006918	0.145250	
118	-0.801844	-0.006499	0.152283	
119	-0.808554	-0.007653	0.160554	
120	-0.817749	-0.007257	0.178289	
121	-0.819402	-0.008511	0.179076	
122	-0.825252	-0.012552	0.185452	
123	-0.834296	-0.013359	0.201340	
124	-0.838640	-0.013100	0.206331	
125	-0.843153	-0.014400	0.213627	
126	-0.852683	-0.015293	0.230542	
127	-0.858020	-0.015042	0.236345	
128	-0.861829	-0.015511	0.242943	
129	-0.870691	-0.015260	0.261074	
130	-0.874210	-0.015801	0.265128	
131	-0.874607	-0.015315	0.262844	
132	-0.884884	-0.015666	0.281927	
133	-0.893607	-0.017841	0.298304	
134	-0.896949	-0.018258	0.302200	
135	-0.904030	-0.018389	0.314311	
136	-0.908959	-0.018681	0.323412	
137	-0.914459	-0.017923	0.328146	
138	-0.920606	-0.015768	0.333350	
139	-0.929899	-0.016468	0.347566	
140	-0.935409	-0.017693	0.353012	
141	-0.944308	-0.017523	0.367719	
142	-0.949515	-0.019816	0.377638	
143	-0.956101	-0.021478	0.385575	
144	-0.961600	-0.020339	0.392338	
145	-0.967631	-0.020571	0.401788	
146	-0.977595	-0.019866	0.422656	
147	-0.978953	-0.019642	0.426074	
148	-0.983424	-0.020343	0.436990	
149	-0.986968	-0.020159	0.445887	
150	-0.990231	-0.020654	0.455629	
151	-0.993537	-0.021860	0.466448	
152	-0.997069	-0.021017	0.474938	
153	-1.001181	-0.020058	0.487126	
154	-1.002998	-0.019370	0.494841	
155	-1.007870	-0.020436	0.509816	
156	-1.010240	-0.020921	0.520717	
157	-1.013236	-0.021203	0.537060	
158	-1.013243	-0.020296	0.544590	
159	-1.014436	-0.021576	0.560069	
160	-1.014532	-0.022224	0.570699	
161	-1.014544	-0.020182	0.581841	
162	-1.015498	-0.021513	0.594870	
163	-1.015470	-0.022868	0.606760	
164	-1.016412	-0.024085	0.624625	
165	-1.015544	-0.024552	0.635877	
166	-1.014387	-0.026587	0.646076	
167	-1.013909	-0.026753	0.658678	
168	-1.013768	-0.024511	0.672968	
169	-1.015697	-0.026749	0.689973	
170	-1.014324	-0.029246	0.699050	
171	-1.013953	-0.030505	0.712076	
172	-1.014273	-0.032310	0.725939	
173	-1.015316	-0.033951	0.738604	
174	-1.014580	-0.034919	0.750362	
175	-1.016038	-0.035499	0.764925	
176	-1.014965	-0.032716	0.772070	
177	-1.013549	-0.032514	0.779196	
178	-1.013528	-0.035012	0.792801	
179	-1.012424	-0.037285	0.805777	
180	-1.010342	-0.037857	0.816618	
181	-1.010726	-0.037928	0.830564	
182	-1.012426	-0.038849	0.846781	
183	-1.010100	-0.038282	0.857328	
184	-1.008588	-0.038449	0.872717	
185	-1.008724	-0.037880	0.891019	
186	-1.005840	-0.038110	0.899597	
187	-1.003388	-0.041630	0.914852	
188	-1.001309	-0.044295	0.932662	
189	-0.998848	-0.043015	0.947200	
190	-0.997748	-0.045500	0.963556	
191	-0.994106	-0.051485	0.978646	
192	-0.993983	-0.051633	0.996772	
193	-0.994403	-0.048126	1.012868	
194	-0.993006	-0.047523	1.025768	
195	-0.991199	-0.050863	1.042546	
196	-0.989361	-0.054598	1.054240	
197	-0.988239	-0.058173	1.070940	
198	-0.986214	-0.059011	1.086473	
199	-0.986010	-0.057489	1.100366	
200	-0.985391	-0.058208	1.119053	
201	-0.982617	-0.058672	1.129276	
202	-0.980275	-0.060539	1.146566	
203	-0.978419	-0.059910	1.159142	
204	-0.975552	-0.058756	1.170686	
205	-0.972183	-0.058897	1.184218	
206	-0.967729	-0.061898	1.197858	
207	-0.963565	-0.064041	1.210454	
208	-0.958987	-0.065877	1.223757	
209	-0.953437	-0.066525	1.234727	
210	-0.948506	-0.065117	1.248406	
211	-0.941182	-0.067907	1.260112	
212	-0.934871	-0.071837	1.274650	
213	-0.927919	-0.071959	1.286946	
214	-0.920070	-0.071354	1.297404	
215	-0.910764	-0.075941	1.309273	
216	-0.901833	-0.078749	1.326033	
217	-0.893502	-0.078810	1.335415	
218	-0.883377	-0.081555	1.345848	
219	-0.872851	-0.086455	1.357608	
220	-0.863179	-0.087629	1.369575	
221	-0.854095	-0.089630	1.383982	
222	-0.843425	-0.092644	1.393606	
223	-0.832774	-0.095931	1.404347	
224	-0.822309	-0.098561	1.412516	
225	-0.812022	-0.102784	1.424092	
226	-0.800023	-0.108792	1.432513	
227	-0.788600	-0.114926	1.446203	
228	-0.778035	-0.119111	1.453722	
229	-0.767226	-0.123456	1.460758	
230	-0.758042	-0.124682	1.468241	
231	-0.748599	-0.127760	1.476625	
232	-0.739042	-0.130695	1.483950	
233	-0.729118	-0.134451	1.490930	
234	-0.719135	-0.137888	1.498103	
235	-0.709731	-0.140637	1.506652	
236	-0.699737	-0.144825	1.513091	
237	-0.688773	-0.150691	1.520992	
238	-0.677971	-0.155858	1.528559	
239	-0.667721	-0.160507	1.537315	
240	-0.658505	-0.161392	1.545968	
241	-0.648752	-0.163941	1.554492	
242	-0.637808	-0.169859	1.562333	
243	-0.626267	-0.175963	1.570731	
244	-0.616031	-0.178389	1.578817	
245	-0.605804	-0.181193	1.587742	
246	-0.596405	-0.181442	1.597666	
247	-0.587018	-0.183049	1.606266	
248	-0.577132	-0.185500	1.613954	
249	-0.567461	-0.187626	1.622939	
250	-0.557459	-0.190675	1.631696	
251	-0.549057	-0.189889	1.642295	
252	-0.541539	-0.186815	1.652273	
253	-0.531785	-0.190508	1.661127	
254	-0.520954	-0.197390	1.670092	
255	-0.509827	-0.202282	1.678784	
256	-0.500473	-0.201842	1.687348	
257	-0.490209	-0.206984	1.696344	
258	-0.479776	-0.210822	1.702630	
259	-0.469858	-0.212429	1.710985	
260	-0.460328	-0.212014	1.718033	
261	-0.450847	-0.212298	1.725472	
262	-0.440106	-0.213736	1.731070	
263	-0.429804	-0.213422	1.737186	
264	-0.418595	-0.215235	1.743381	
265	-0.406595	-0.217589	1.747891	
266	-0.395386	-0.216655	1.751886	
267	-0.384066	-0.216128	1.758216	
268	-0.372179	-0.215984	1.760632	
269	-0.346842	-0.220712	1.771089	
270	-0.332516	-0.224447	1.774576	
271	-0.320614	-0.222572	1.778178	
272	-0.308008	-0.223300	1.782885	
273	-0.294748	-0.224475	1.786685	
274	-0.281866	-0.224428	1.789612	
275	-0.268408	-0.226293	1.793344	
276	-0.254844	-0.227722	1.796977	
277	-0.241273	-0.229477	1.800524	
278	-0.227336	-0.231175	1.804541	
279	-0.213320	-0.233651	1.807968	
280	-0.200176	-0.234439	1.810694	
281	-0.188333	-0.233441	1.815384	
282	-0.176041	-0.234783	1.817850	
283	-0.163449	-0.236865	1.823502	
284	-0.151857	-0.237951	1.827783	
285	-0.141359	-0.237947	1.831747	
286	-0.131807	-0.237534	1.836017	
287	-0.122907	-0.237438	1.840057	
288	-0.114390	-0.237277	1.846545	
289	-0.106069	-0.237742	1.852479	
290	-0.098480	-0.236755	1.859666	
291	-0.090454	-0.237749	1.865502	
292	-0.083484	-0.237966	1.872265	
293	-0.077368	-0.237281	1.879503	
294	-0.071680	-0.237206	1.886524	
295	-0.065817	-0.237390	1.893080	
296	-0.060935	-0.236888	1.900817	
297	-0.056031	-0.236334	1.908815	
298	-0.050973	-0.236352	1.917065	
299	-0.045977	-0.237153	1.925442	
300	-0.041335	-0.237496	1.934677	
301	-0.037359	-0.237374	1.944674	
302	-0.033144	-0.237721	1.954484	
303	-0.029245	-0.237795	1.965066	
304	-0.025572	-0.237687	1.976411	
305	-0.021948	-0.237941	1.987654	
306	-0.018692	-0.238482	1.999407	
307	-0.016072	-0.238773	2.010843	
308	-0.014141	-0.238392	2.021764	
309	-0.012481	-0.237633	2.034036	
310	-0.010278	-0.238583	2.044618	
311	-0.007948	-0.238230	2.068643	
312	-0.007351	-0.238046	2.079230	
313	-0.007314	-0.236850	2.091767	
314	-0.006882	-0.237038	2.103070	
315	-0.006731	-0.237409	2.115125	
316	-0.007038	-0.236621	2.126685	
317	-0.007688	-0.236060	2.138066	
318	-0.008382	-0.236058	2.148130	
319	-0.009582	-0.236226	2.158146	
320	-0.011693	-0.234945	2.168732	
321	-0.013237	-0.235203	2.178090	
322	-0.015191	-0.234097	2.186355	
323	-0.017139	-0.233554	2.195211	
324	-0.018461	-0.234458	2.204157	
325	-0.020384	-0.233731	2.211157	
326	-0.022280	-0.234149	2.220557	
327	-0.022743	-0.236659	2.226885	
328	-0.024230	-0.237948	2.235884	
329	-0.026135	-0.237823	2.243483	
330	-0.027838	-0.238527	2.252806	
331	-0.029541	-0.239308	2.261364	
332	-0.031550	-0.239579	2.270831	
333	-0.033828	-0.239377	2.278205	
334	-0.035796	-0.240456	2.286848	
335	-0.037230	-0.242309	2.294429	
336	-0.038901	-0.244112	2.301906	
337	-0.040598	-0.245246	2.308534	
338	-0.042936	-0.245888	2.313814	
339	-0.045309	-0.245587	2.319137	
340	-0.047446	-0.246028	2.323650	
341	-0.049416	-0.246296	2.329654	
342	-0.051335	-0.246939	2.333963	
343	-0.052321	-0.247728	2.339780	
344	-0.054111	-0.248398	2.344869	
345	-0.055700	-0.248203	2.349868	
346	-0.057909	-0.246402	2.354652	
347	-0.058358	-0.248905	2.360414	
348	-0.059942	-0.248234	2.366294	
349	-0.061839	-0.247135	2.374893	
350	-0.062043	-0.247753	2.379289	
351	-0.062551	-0.247384	2.384092	
352	-0.062882	-0.246157	2.388414	
353	-0.062425	-0.246730	2.393420	
354	-0.062999	-0.245621	2.397961	
355	-0.062645	-0.245366	2.402577	
356	-0.062100	-0.245895	2.408369	
357	-0.062524	-0.244810	2.413614	
358	-0.063085	-0.242248	2.419337	
359	-0.063192	-0.241204	2.425470	
360	-0.063386	-0.240731	2.431914	
361	-0.063169	-0.241975	2.438374	
362	-0.063128	-0.242747	2.445424	
363	-0.063570	-0.241145	2.452801	
364	-0.063943	-0.241296	2.459650	
365	-0.064132	-0.242225	2.467456	
366	-0.063935	-0.242222	2.475041	
367	-0.064120	-0.242701	2.482674	
368	-0.064887	-0.243367	2.489793	
369	-0.065230	-0.243097	2.497851	
370	-0.065315	-0.243360	2.504923	
371	-0.065409	-0.242651	2.512123	
372	-0.065517	-0.242563	2.519467	
373	-0.065783	-0.242248	2.526687	
374	-0.065553	-0.241533	2.533791	
375	-0.064627	-0.243370	2.541021	
376	-0.062501	-0.244519	2.554137	
377	-0.060664	-0.245715	2.560755	
378	-0.058783	-0.246057	2.566646	
379	-0.056222	-0.247147	2.571948	
380	-0.053808	-0.248030	2.577255	
381	-0.051825	-0.248441	2.581914	
382	-0.049225	-0.249323	2.586535	
383	-0.046375	-0.249812	2.590613	
384	-0.044058	-0.249635	2.593017	
385	-0.041034	-0.250021	2.595431	
386	-0.037443	-0.252282	2.597610	
387	-0.034534	-0.253361	2.598668	
388	-0.032023	-0.253509	2.599698	
389	-0.028221	-0.256413	2.601089	
390	-0.025077	-0.257041	2.602565	
391	-0.022321	-0.256808	2.603197	
392	-0.020260	-0.255311	2.604042	
393	-0.018224	-0.253521	2.605276	
394	-0.014925	-0.253953	2.606120	
395	-0.011305	-0.254081	2.606434	
396	-0.008471	-0.253324	2.606625	
397	-0.005452	-0.251520	2.606507	
398	-0.001107	-0.253078	2.605157	
399	0.003387	-0.254244	2.606146	
400	0.007779	-0.254661	2.607689	
401	0.013118	-0.255166	2.607878	
402	0.017857	-0.254814	2.609983	
403	0.022750	-0.255247	2.609689	
404	0.028155	-0.255715	2.610557	
405	0.033990	-0.257451	2.613713	
406	0.039139	-0.258337	2.615972	
407	0.044665	-0.259033	2.618953	
408	0.051203	-0.262470	2.621985	
409	0.057388	-0.265558	2.626380	
410	0.061054	-0.264332	2.628290	
411	0.066089	-0.264186	2.632921	
412	0.072455	-0.265622	2.640205	
413	0.077452	-0.263598	2.644291	
414	0.080502	-0.257733	2.649230	
415	0.087208	-0.257857	2.656819	
416	0.092882	-0.259605	2.655701	
417	0.095587	-0.256307	2.658182	
418	0.102696	-0.259423	2.661127	
419	0.109919	-0.262334	2.661316	
420	0.113188	-0.257856	2.660509	
421	0.122487	-0.251268	2.664553	
422	0.129143	-0.250515	2.663833	
423	0.134114	-0.247483	2.660781	
424	0.142156	-0.248245	2.658543	
425	0.152381	-0.248161	2.660827	
426	0.157938	-0.244481	2.655647	
427	0.166376	-0.243094	2.649450	
428	0.177748	-0.241681	2.649549	
429	0.186580	-0.237938	2.644080	
430	0.195914	-0.233687	2.640451	
431	0.208130	-0.232233	2.635856	
432	0.218556	-0.231335	2.628355	
433	0.229940	-0.226406	2.623231	
434	0.242399	-0.225655	2.616342	
435	0.258366	-0.229573	2.610101	
436	0.275986	-0.234846	2.601916	
437	0.288504	-0.236156	2.591859	
438	0.296179	-0.230433	2.581556	
439	0.301911	-0.222130	2.572488	
440	0.310418	-0.215100	2.566575	
441	0.324504	-0.215736	2.558539	
442	0.349726	-0.220115	2.540732	
443	0.359524	-0.219340	2.528620	
444	0.369442	-0.216925	2.520789	
445	0.379987	-0.216640	2.512531	
446	0.387750	-0.213791	2.504391	
447	0.395601	-0.211751	2.497578	
448	0.403622	-0.210064	2.488835	
449	0.410396	-0.205890	2.483040	
450	0.420207	-0.205166	2.477912	
451	0.430243	-0.205409	2.470948	
452	0.438265	-0.201932	2.465124	
453	0.448072	-0.201602	2.459090	
454	0.458594	-0.200191	2.454221	
455	0.467215	-0.197089	2.447496	
456	0.476666	-0.194421	2.442787	
457	0.488770	-0.195614	2.440030	
458	0.501746	-0.198085	2.433475	
459	0.510408	-0.194061	2.429882	
460	0.521282	-0.192118	2.426761	
461	0.532993	-0.193090	2.421267	
462	0.542412	-0.191358	2.415039	
463	0.550370	-0.187638	2.412118	
464	0.557874	-0.183856	2.408948	
465	0.571192	-0.184662	2.406364	
466	0.582534	-0.183219	2.403741	
467	0.592619	-0.179797	2.403074	
468	0.602117	-0.178480	2.401863	
469	0.611751	-0.174837	2.401776	
470	0.622709	-0.173446	2.399707	
471	0.632979	-0.173889	2.396593	
472	0.642997	-0.173914	2.392715	
473	0.648649	-0.172660	2.385243	
474	0.657089	-0.170484	2.383003	
475	0.667031	-0.170291	2.380433	
476	0.675443	-0.170444	2.372519	
477	0.688229	-0.169553	2.375686	
478	0.695261	-0.166982	2.374518	
479	0.705784	-0.164997	2.376488	
480	0.713910	-0.166756	2.370712	
481	0.723995	-0.166284	2.372074	
482	0.732418	-0.164200	2.370789	
483	0.737358	-0.163630	2.366261	
484	0.746768	-0.166522	2.361903	
485	0.755664	-0.169570	2.359478	
486	0.761687	-0.166502	2.356678	
487	0.760804	-0.164015	2.349007	
488	0.765653	-0.163416	2.344764	
489	0.769480	-0.162486	2.336470	
490	0.775021	-0.161570	2.332045	
491	0.775252	-0.162101	2.320556	
492	0.777299	-0.161123	2.309501	
493	0.778677	-0.156301	2.302327	
494	0.778683	-0.153329	2.291764	
495	0.777601	-0.153419	2.284592	
496	0.780793	-0.150295	2.278268	
497	0.779372	-0.149171	2.267337	
498	0.780344	-0.147832	2.260876	
499	0.780347	-0.146269	2.250577	
500	0.781276	-0.144638	2.239993	
501	0.784722	-0.142375	2.233989	
502	0.786783	-0.142344	2.221144	
503	0.785555	-0.139086	2.210625	
504	0.781778	-0.137269	2.197731	
505	0.781577	-0.139786	2.188844	
506	0.781804	-0.140770	2.177524	
507	0.774304	-0.138194	2.167941	
508	0.777925	-0.136815	2.158346	
509	0.782403	-0.137956	2.143496	
510	0.785252	-0.141735	2.131162	
511	0.781997	-0.142390	2.118244	
512	0.786924	-0.140907	2.107096	
513	0.788456	-0.142260	2.095512	
514	0.793787	-0.144376	2.083164	
515	0.796780	-0.143672	2.069618	
516	0.792423	-0.141178	2.070793	
517	0.806825	-0.141586	2.049987	
518	0.797713	-0.144186	2.054114	
519	0.790641	-0.145933	2.054331	
520	0.788179	-0.143830	2.046739	
521	0.790137	-0.140308	2.040214	
522	0.779705	-0.139037	2.045963	
523	0.796501	-0.139313	2.024410	
524	0.796139	-0.138661	2.019406	
525	0.803878	-0.135107	2.006400	
526	0.805073	-0.135535	1.997310	
527	0.807752	-0.134929	1.992549	
528	0.820916	-0.132950	1.971984	
529	0.817520	-0.133240	1.970264	
530	0.825642	-0.132015	1.955089	
531	0.826120	-0.130682	1.947029	
532	0.824610	-0.129566	1.941952	
533	0.832040	-0.127980	1.926670	
534	0.837480	-0.129960	1.911802	
535	0.835018	-0.129091	1.907938	
536	0.842885	-0.127617	1.890901	
537	0.842934	-0.127387	1.882624	
538	0.841118	-0.126945	1.874806	
539	0.844050	-0.128078	1.860374	
540	0.844866	-0.129937	1.850991	
541	0.847346	-0.127852	1.837986	
542	0.848304	-0.125210	1.832688	
543	0.848861	-0.125993	1.822583	
544	0.851495	-0.124511	1.810714	
545	0.852854	-0.125235	1.804176	
546	0.854936	-0.126868	1.792333	
547	0.851775	-0.127066	1.788791	
548	0.852933	-0.126285	1.782377	
549	0.852409	-0.128619	1.775749	
550	0.852830	-0.128556	1.767804	
551	0.855813	-0.129968	1.759741	
552	0.854481	-0.129830	1.757327	
553	0.855084	-0.128200	1.750285	
554	0.855542	-0.130892	1.742430	
555	0.855383	-0.133511	1.733847	
556	0.854742	-0.130825	1.729761	
557	0.852758	-0.128208	1.723843	
558	0.852213	-0.130756	1.718621	
559	0.850875	-0.130747	1.715457	
560	0.854017	-0.129812	1.707278	
561	0.852479	-0.131124	1.704328	
562	0.854445	-0.131201	1.695031	
563	0.854795	-0.129176	1.689266	
564	0.858056	-0.126558	1.677954	
565	0.858777	-0.125618	1.671458	
566	0.860173	-0.125196	1.665022	
567	0.862468	-0.123008	1.656297	
568	0.864456	-0.121312	1.645958	
569	0.863301	-0.123732	1.636091	
570	0.862044	-0.125015	1.627681	
571	0.862014	-0.120878	1.619093	
572	0.861445	-0.120167	1.609760	
573	0.858748	-0.121532	1.602843	
574	0.857510	-0.118376	1.593363	
575	0.856682	-0.114779	1.586097	
576	0.855203	-0.116444	1.576483	
577	0.854327	-0.115772	1.567021	
578	0.853800	-0.113007	1.557843	
579	0.853249	-0.111962	1.547639	
580	0.851727	-0.111975	1.538343	
581	0.850359	-0.109794	1.527284	
582	0.850181	-0.106503	1.517802	
583	0.848182	-0.106919	1.506501	
584	0.846887	-0.106117	1.495131	
585	0.846490	-0.102800	1.484143	
586	0.845112	-0.102127	1.474520	
587	0.842411	-0.104134	1.447144	
588	0.840517	-0.105469	1.437310	
589	0.838200	-0.107099	1.425789	
590	0.837003	-0.104804	1.414452	
591	0.835867	-0.102317	1.400611	
592	0.834055	-0.102261	1.388107	
593	0.832561	-0.102115	1.376204	
594	0.829972	-0.101061	1.367173	
595	0.828174	-0.102469	1.354195	
596	0.825424	-0.104220	1.343736	
597	0.823742	-0.104044	1.330053	
598	0.820693	-0.106044	1.319937	
599	0.818633	-0.106168	1.308578	
600	0.815640	-0.106266	1.298318	
601	0.813642	-0.106264	1.285739	
602	0.810217	-0.106569	1.276768	
603	0.806917	-0.107198	1.268554	
604	0.804065	-0.106245	1.259846	
605	0.801607	-0.103778	1.252169	
606	0.799438	-0.103147	1.239484	
607	0.796366	-0.104620	1.230695	
608	0.794747	-0.101779	1.221662	
609	0.792717	-0.097927	1.213426	
610	0.791338	-0.097063	1.199769	
611	0.788427	-0.097398	1.190605	
612	0.786271	-0.095417	1.183167	
613	0.784412	-0.093019	1.170139	
614	0.783046	-0.091656	1.161744	
615	0.781553	-0.088837	1.150691	
616	0.779637	-0.087209	1.139848	
617	0.778527	-0.085330	1.126941	
618	0.777356	-0.084465	1.111662	
619	0.774465	-0.085300	1.102722	
620	0.772790	-0.084772	1.092333	
621	0.770864	-0.082721	1.081574	
622	0.768559	-0.083313	1.070885	
623	0.765605	-0.084140	1.059683	
624	0.762828	-0.082501	1.049711	
625	0.760898	-0.080411	1.040359	
626	0.758101	-0.080197	1.030256	
627	0.754317	-0.082051	1.020578	
628	0.751732	-0.081309	1.014399	
629	0.747860	-0.081103	1.004838	
630	0.743887	-0.082208	0.996482	
631	0.740147	-0.081037	0.990736	
632	0.736137	-0.082019	0.980304	
633	0.730961	-0.083543	0.972476	
634	0.726935	-0.083465	0.967084	
635	0.723518	-0.081841	0.958032	
636	0.719061	-0.082204	0.950883	
637	0.715746	-0.080575	0.943166	
638	0.710646	-0.078472	0.937150	
639	0.706541	-0.077148	0.931114	
640	0.701494	-0.076057	0.924736	
641	0.696127	-0.074852	0.919651	
642	0.691456	-0.073149	0.913272	
643	0.685781	-0.072141	0.908270	
644	0.680819	-0.070084	0.901994	
645	0.674402	-0.068589	0.898211	
646	0.667079	-0.068954	0.892482	
647	0.660362	-0.068303	0.888154	
648	0.653227	-0.065517	0.883496	
649	0.639216	-0.058532	0.874795	
650	0.621780	-0.058535	0.864530	
651	0.612407	-0.059226	0.858735	
652	0.602140	-0.062413	0.854401	
653	0.591867	-0.062037	0.850749	
654	0.582413	-0.059772	0.844730	
655	0.571610	-0.060259	0.841202	
656	0.561046	-0.060533	0.837512	
657	0.549821	-0.061841	0.832828	
658	0.538059	-0.064600	0.829618	
659	0.527256	-0.065705	0.826116	
660	0.515216	-0.068125	0.821833	
661	0.503386	-0.071434	0.820051	
662	0.492717	-0.070932	0.816919	
663	0.482559	-0.067990	0.811097	
664	0.472006	-0.068502	0.808302	
665	0.460912	-0.070619	0.804687	
666	0.450264	-0.073534	0.803137	
667	0.439230	-0.077621	0.799970	
668	0.428285	-0.078953	0.797054	
669	0.418659	-0.078594	0.794230	
670	0.409148	-0.078800	0.790357	
671	0.399550	-0.081442	0.786323	
672	0.390617	-0.081954	0.782905	
673	0.381829	-0.082999	0.779009	
674	0.373147	-0.084924	0.776525	
675	0.364043	-0.089164	0.772682	
676	0.355360	-0.092158	0.770632	
677	0.347174	-0.094156	0.767519	
678	0.338308	-0.096176	0.763596	
679	0.330516	-0.096082	0.758728	
680	0.322499	-0.097373	0.755213	
681	0.314299	-0.100954	0.751143	
682	0.306371	-0.103724	0.747197	
683	0.298089	-0.104869	0.743156	
684	0.290401	-0.105603	0.737693	
685	0.281869	-0.109183	0.732493	
686	0.273763	-0.112641	0.727045	
687	0.265475	-0.114344	0.721571	
688	0.257197	-0.115958	0.716179	
689	0.249375	-0.117363	0.709661	
690	0.240567	-0.121651	0.703627	
691	0.231942	-0.125340	0.697283	
692	0.224182	-0.125825	0.690190	
693	0.216797	-0.125077	0.682087	
694	0.209831	-0.124242	0.675018	
695	0.202213	-0.126537	0.667609	
696	0.194252	-0.129826	0.660669	
697	0.185411	-0.134200	0.654243	
698	0.177186	-0.138188	0.648131	
699	0.168612	-0.141284	0.641258	
700	0.160527	-0.143578	0.634985	
701	0.152629	-0.144805	0.628561	
702	0.145549	-0.145866	0.623439	
703	0.136782	-0.152095	0.618795	
704	0.128448	-0.156355	0.614142	
705	0.121269	-0.156332	0.609890	
706	0.113528	-0.159853	0.605975	
707	0.105340	-0.164322	0.602581	
708	0.099116	-0.161640	0.599251	
709	0.092371	-0.162883	0.595582	
710	0.083877	-0.170831	0.593532	
711	0.076016	-0.173314	0.591018	
712	0.071051	-0.169905	0.590092	
713	0.062728	-0.177366	0.589488	
714	0.053985	-0.184201	0.588993	
715	0.047262	-0.185999	0.590986	
716	0.040817	-0.187592	0.593638	
717	0.033473	-0.192301	0.596505	
718	0.025750	-0.195518	0.598460	
719	0.018306	-0.197896	0.602131	
720	0.011431	-0.198776	0.606709	
721	0.003615	-0.201199	0.610904	
722	-0.004034	-0.202487	0.616292	
723	-0.012270	-0.204844	0.621483	
724	-0.020875	-0.207500	0.626969	
725	-0.028946	-0.208843	0.632961	
726	-0.038120	-0.210972	0.638779	
727	-0.046888	-0.213353	0.645322	
728	-0.055625	-0.216021	0.652361	
729	-0.064274	-0.217238	0.659076	
730	-0.073537	-0.219855	0.665312	
731	-0.083555	-0.224129	0.671854	
732	-0.093188	-0.227471	0.679761	
733	-0.102333	-0.231155	0.688670	
734	-0.111216	-0.234684	0.697067	
735	-0.119846	-0.239034	0.705831	
736	-0.128142	-0.242343	0.714234	
737	-0.136633	-0.246014	0.722726	
738	-0.144439	-0.248950	0.731362	
739	-0.151505	-0.251630	0.739791	
740	-0.158679	-0.255986	0.748308	
741	-0.164886	-0.259603	0.757217	
742	-0.169739	-0.260688	0.765426	
743	-0.174705	-0.262687	0.772365	
744	-0.179900	-0.265375	0.778748	
745	-0.184716	-0.267238	0.785001	
746	-0.189973	-0.270304	0.790712	
747	-0.194975	-0.273865	0.796607	
748	-0.199259	-0.276778	0.802273	
749	-0.203339	-0.279575	0.807491	
750	-0.207136	-0.281719	0.812168	
751	-0.210704	-0.284366	0.816447	
752	-0.214406	-0.286327	0.820136	
753	-0.218007	-0.288426	0.823699	
754	-0.222066	-0.289824	0.826974	
755	-0.226326	-0.292596	0.830640	
756	-0.231141	-0.295651	0.833656	
757	-0.236025	-0.297402	0.837211	
758	-0.241551	-0.300431	0.840740	
759	-0.247910	-0.305251	0.843828	
760	-0.254267	-0.308702	0.846519	
761	-0.261062	-0.312381	0.848806	
762	-0.268375	-0.316351	0.851028	
763	-0.276127	-0.320174	0.853200	
764	-0.283839	-0.324185	0.855343	
765	-0.291619	-0.327710	0.857654	
766	-0.300106	-0.331712	0.859466	
767	-0.308412	-0.335342	0.861571	
768	-0.316757	-0.339584	0.863694	
769	-0.325204	-0.343836	0.865766	
770	-0.333667	-0.347612	0.867435	
771	-0.342006	-0.350131	0.869153	
772	-0.350482	-0.353203	0.870944	
773	-0.358545	-0.355605	0.873016	
774	-0.366932	-0.357106	0.874407	
775	-0.375502	-0.359029	0.875898	
776	-0.383979	-0.362221	0.877197	
777	-0.392270	-0.365548	0.878303	
778	-0.400154	-0.367777	0.879873	
779	-0.407851	-0.370366	0.881307	
780	-0.415622	-0.372725	0.882202	
781	-0.422857	-0.374046	0.883359	
782	-0.430048	-0.375734	0.884672	
783	-0.436723	-0.376967	0.885951	
784	-0.443085	-0.377565	0.887108	
785	-0.449471	-0.378473	0.888297	
786	-0.455274	-0.380424	0.889387	
787	-0.460422	-0.381309	0.890993	
788	-0.465738	-0.381355	0.892035	
789	-0.470823	-0.381532	0.893414	
790	-0.475635	-0.381797	0.894472	
791	-0.479864	-0.381432	0.895812	
792	-0.483707	-0.380625	0.897001	
793	-0.487008	-0.379522	0.898344	
794	-0.490254	-0.378517	0.899563	
795	-0.493347	-0.377427	0.901096	
796	-0.495722	-0.376322	0.902691	
797	-0.498573	-0.374810	0.903860	
798	-0.501179	-0.373025	0.905104	
799	-0.503488	-0.371051	0.906523	
800	-0.505483	-0.369350	0.908486	
801	-0.507517	-0.367280	0.910241	
802	-0.508349	-0.366968	0.912761	
803	-0.509435	-0.366210	0.914764	
804	-0.510444	-0.364513	0.916912	
805	-0.511678	-0.362959	0.918557	
806	-0.512269	-0.359891	0.920508	
807	-0.513407	-0.357494	0.922702	
808	-0.513633	-0.353810	0.925035	
809	-0.514391	-0.351441	0.927129	
810	-0.515425	-0.347646	0.929116	
811	-0.516171	-0.344157	0.931295	
812	-0.516376	-0.341599	0.934258	
813	-0.516943	-0.338771	0.937098	
814	-0.517748	-0.335763	0.939775	
815	-0.517948	-0.331512	0.943095	
816	-0.518714	-0.328094	0.945899	
817	-0.519281	-0.324480	0.949576	
818	-0.519480	-0.322534	0.953848	
819	-0.520061	-0.320136	0.958092	
820	-0.519511	-0.318150	0.963625	
821	-0.519745	-0.315596	0.968548	
822	-0.520324	-0.313591	0.973536	
823	-0.520700	-0.312720	0.979324	
824	-0.521053	-0.310346	0.985261	
825	-0.521573	-0.309068	0.991277	
826	-0.522164	-0.305910	0.997100	
827	-0.522483	-0.302154	1.002610	
828	-0.523245	-0.299015	1.008737	
829	-0.523864	-0.295636	1.014502	
830	-0.523738	-0.290701	1.021224	
831	-0.524467	-0.286676	1.027573	
832	-0.525421	-0.283344	1.034299	
833	-0.526210	-0.278264	1.040777	
834	-0.527566	-0.275644	1.046897	
835	-0.528359	-0.272109	1.053486	
836	-0.529540	-0.269567	1.059818	
837	-0.529940	-0.264809	1.065745	
838	-0.530468	-0.262384	1.072114	
839	-0.532715	-0.259915	1.076609	
840	-0.534186	-0.257914	1.081892	
841	-0.535688	-0.255838	1.086828	
842	-0.536741	-0.252410	1.092027	
843	-0.537510	-0.247570	1.096829	
844	-0.537672	-0.244464	1.101922	
845	-0.538924	-0.242241	1.106348	
846	-0.539891	-0.237512	1.109850	
847	-0.540855	-0.234132	1.113824	
848	-0.541683	-0.228788	1.117300	
849	-0.542582	-0.225249	1.120826	
850	-0.543593	-0.222532	1.124658	
851	-0.543375	-0.217448	1.128442	
852	-0.544371	-0.213661	1.131363	
853	-0.544709	-0.211063	1.134842	
854	-0.544563	-0.207994	1.138184	
855	-0.545090	-0.205166	1.140960	
856	-0.546220	-0.204256	1.143741	
857	-0.547452	-0.202080	1.146038	
858	-0.547186	-0.196075	1.147978	
859	-0.547859	-0.191390	1.149399	
860	-0.548265	-0.188232	1.151772	
861	-0.548439	-0.184352	1.153673	
862	-0.548527	-0.178342	1.154824	
863	-0.548362	-0.175102	1.156583	
864	-0.549371	-0.174172	1.158221	
865	-0.550638	-0.172774	1.159301	
866	-0.550502	-0.170183	1.160875	
867	-0.551109	-0.166459	1.161637	
868	-0.550556	-0.163195	1.162685	
869	-0.551489	-0.160617	1.163185	
870	-0.552538	-0.158903	1.163845	
871	-0.553637	-0.155838	1.164450	
872	-0.554093	-0.153888	1.165822	
873	-0.554816	-0.152665	1.166974	
874	-0.556287	-0.152849	1.168511	
875	-0.557055	-0.151949	1.169849	
876	-0.557950	-0.151756	1.171233	
877	-0.558957	-0.151952	1.172401	
878	-0.559777	-0.150952	1.173533	
879	-0.560444	-0.151874	1.174855	
880	-0.561518	-0.151719	1.176113	
881	-0.560978	-0.147741	1.176764	
